34.322,31.206,23.874,22.588,27.218,28.465,24.583,26.995,23.207,40.667,37.019,23.143,23.525,30.450,31.736,28.147,20.997,15.047,16.847,19.024,25.853,27.846,32.233,36.136
40.179,35.533,30.350,29.293,33.567,34.723,32.983,37.871,37.878,52.103,47.729,37.901,37.313,42.096,42.416,40.804,35.653,31.864,31.516,33.464,38.374,38.498,41.326,41.647
41.135,36.964,32.465,32.015,33.673,35.218,36.513,41.077,41.275,53.289,48.746,40.539,40.004,44.598,44.845,43.261,37.881,33.965,33.718,35.680,40.552,40.887,43.435,42.522
44.028,40.111,34.302,33.329,37.189,38.277,40.110,45.626,46.627,56.420,52.290,45.726,44.983,48.511,48.680,47.600,43.426,40.743,40.290,41.762,45.353,45.088,46.927,44.116
44.908,40.235,35.001,34.183,37.558,38.880,40.737,48.652,51.420,61.248,57.217,50.954,49.559,51.838,51.873,51.668,49.321,48.676,47.427,48.275,50.122,47.653,48.248,45.617
45.095,40.397,35.792,35.085,37.888,39.257,40.759,49.288,53.457,62.023,57.494,52.192,50.227,52.259,52.169,52.301,49.810,49.736,48.031,48.808,50.266,48.328,48.509,46.306
46.775,42.766,37.671,36.902,40.118,41.211,41.699,51.386,53.810,62.365,58.466,52.700,51.554,53.782,53.986,53.516,51.166,50.426,49.701,50.398,52.148,49.995,49.410,46.854
46.807,43.195,38.270,37.450,40.706,41.708,41.704,51.586,53.989,62.767,58.923,53.578,52.369,54.154,54.255,54.159,52.196,51.702,50.632,51.332,52.859,50.755,49.765,47.533
46.933,43.398,39.501,38.905,41.225,42.393,44.528,52.128,57.622,64.331,59.983,55.782,53.404,54.287,54.323,54.830,54.141,54.698,53.727,54.007,53.761,51.009,51.425,48.307
47.076,43.451,40.368,39.974,41.750,42.870,45.396,53.366,57.874,65.053,60.357,56.408,54.397,54.946,55.134,55.573,54.207,56.146,54.454,54.302,54.649,51.289,51.715,48.626
47.510,43.697,41.139,40.797,42.098,43.206,45.591,54.607,58.412,65.301,60.584,57.448,55.313,55.486,55.521,56.948,55.241,57.184,55.887,55.602,54.907,51.632,51.808,49.222
49.595,45.294,41.670,40.962,43.414,44.827,46.426,55.310,59.966,65.834,62.047,57.858,56.171,56.857,56.847,57.346,56.926,58.216,56.736,56.784,56.643,51.912,52.192,49.234
49.777,46.195,42.083,41.382,44.167,45.134,46.855,55.804,61.566,66.162,62.245,58.433,56.591,56.864,57.030,57.623,57.060,58.451,57.237,57.164,56.931,53.925,53.639,50.970
49.797,46.459,42.111,41.455,44.195,45.167,47.208,56.324,61.992,67.093,62.373,60.828,57.728,57.387,57.528,57.839,58.742,59.323,58.260,58.500,57.669,54.061,54.000,51.049
49.883,46.496,42.775,42.225,44.460,45.503,47.277,57.146,62.114,67.095,63.367,60.869,58.772,58.100,58.240,59.461,59.567,61.689,60.295,59.954,58.946,55.310,54.000,51.219
49.914,46.503,42.974,42.385,44.563,45.532,47.579,57.185,62.196,67.100,63.422,60.921,58.818,58.452,58.583,59.463,59.994,61.806,60.299,60.388,58.980,55.402,54.001,51.285
50.025,46.589,43.024,42.571,44.584,45.635,48.262,57.239,62.656,67.123,63.531,60.985,58.951,58.550,58.594,59.644,60.134,62.165,60.732,60.474,59.083,55.491,54.599,51.388
50.121,46.643,43.193,42.727,44.683,45.795,48.384,57.655,62.818,67.180,63.731,61.024,59.020,58.687,58.600,59.745,60.154,62.665,61.047,60.560,59.094,55.549,54.816,51.598
50.325,46.741,43.345,42.877,44.772,45.818,48.445,57.662,62.999,67.289,64.140,61.203,59.079,59.058,58.882,59.768,60.292,62.778,61.085,60.587,59.436,55.674,55.004,51.628
50.944,47.099,44.039,43.621,45.571,46.563,49.192,57.939,63.122,67.634,64.161,61.284,59.307,59.167,59.101,60.390,60.307,62.853,61.328,60.913,59.584,55.689,55.059,51.949
51.109,47.424,44.284,43.796,45.619,46.788,49.375,58.039,63.472,68.228,64.271,61.422,59.496,59.859,59.479,60.509,60.408,63.388,61.873,61.253,59.905,56.145,55.294,51.994
51.157,47.642,44.574,44.088,45.960,47.038,49.956,58.381,63.814,68.473,64.652,62.297,59.797,60.043,60.069,60.608,60.807,63.448,61.983,61.448,60.168,56.561,56.001,52.364
51.390,48.042,44.873,44.381,46.301,47.408,49.956,59.002,63.828,68.548,64.794,62.366,60.154,60.068,60.155,60.705,60.977,63.918,62.756,62.361,60.214,56.697,56.322,52.411
51.641,48.059,45.444,45.066,46.568,47.600,50.771,59.022,63.962,68.626,65.083,62.433,60.298,60.121,60.430,60.892,61.721,64.187,62.870,62.363,60.272,57.078,56.456,52.443
51.900,48.541,45.737,45.326,46.942,47.996,50.771,59.026,64.101,68.710,65.394,62.485,60.550,60.336,60.437,60.935,62.003,64.274,63.113,62.498,60.464,57.223,56.616,53.124
52.733,49.327,46.401,45.866,47.812,48.871,50.978,59.603,64.197,68.717,65.444,62.685,60.613,60.646,60.780,61.428,62.064,64.364,63.223,62.623,61.231,57.353,56.926,53.619
52.818,49.643,46.540,45.983,47.952,48.937,51.000,59.885,64.223,68.836,65.755,62.713,60.908,60.732,60.890,61.753,62.216,64.695,63.618,62.712,61.521,57.666,56.994,53.778
53.117,49.939,46.645,46.149,47.962,48.973,51.022,59.935,64.320,69.124,65.885,63.053,60.947,60.820,60.964,61.763,62.269,64.728,63.628,63.085,61.521,57.979,57.077,53.920
53.174,49.998,46.700,46.245,48.021,49.122,51.712,60.041,64.745,69.171,65.949,63.186,61.168,61.059,61.114,61.773,62.410,65.663,64.169,63.125,61.554,58.211,57.525,54.644
53.579,50.035,46.764,46.292,48.385,49.437,51.844,60.041,64.827,69.290,66.270,63.312,61.255,61.074,61.287,61.981,62.480,65.672,64.200,63.307,61.575,58.214,57.655,54.674
53.706,50.367,46.981,46.512,48.469,49.606,51.952,60.162,65.010,69.363,66.277,63.583,61.408,61.092,61.310,62.025,62.503,65.687,64.562,63.782,61.671,58.471,57.817,54.774
53.945,50.789,47.656,47.187,48.981,49.955,52.030,60.179,65.123,69.493,66.299,63.778,61.685,61.284,61.412,62.185,62.611,65.845,64.695,63.899,61.843,58.533,57.867,55.479
53.998,50.960,47.756,47.276,49.118,50.108,52.195,60.211,65.164,69.505,66.438,63.986,61.707,61.383,61.500,62.243,63.036,65.894,64.703,63.935,61.892,58.641,58.138,55.715
54.048,51.059,47.894,47.421,49.232,50.215,52.302,60.382,65.220,69.628,66.536,64.000,61.761,61.546,61.643,62.412,63.101,65.898,64.728,63.945,62.012,58.731,58.191,55.790
54.049,51.103,48.005,47.544,49.314,50.293,52.466,60.545,65.238,69.680,66.597,64.013,61.934,61.726,61.770,62.464,63.366,65.917,64.794,64.032,62.306,58.798,58.316,55.809
54.429,51.451,48.266,47.789,49.619,50.607,52.700,61.169,65.270,69.757,66.731,64.047,62.224,62.049,62.030,63.044,63.420,65.960,64.807,64.168,62.739,58.961,58.618,56.183
55.004,51.989,48.789,48.311,50.144,51.148,53.319,61.276,65.420,69.797,67.579,64.094,62.423,62.313,62.541,63.149,63.580,66.006,64.856,64.256,62.832,59.693,59.307,56.786
55.165,52.144,48.934,48.455,50.292,51.299,53.483,61.358,65.447,69.981,67.804,64.197,62.441,62.505,62.736,63.242,63.591,66.016,64.884,64.270,63.040,59.885,59.496,56.971
55.220,52.200,48.986,48.503,50.345,51.355,53.528,61.404,65.453,70.149,67.854,64.248,62.445,62.542,62.782,63.272,63.651,66.044,64.908,64.344,63.068,59.922,59.543,57.030
55.225,52.206,48.990,48.510,50.346,51.356,53.549,61.445,65.483,70.171,67.898,64.252,62.504,62.580,62.816,63.321,63.659,66.096,64.921,64.360,63.128,59.961,59.567,57.035
55.314,52.295,49.067,48.583,50.430,51.443,53.610,61.493,65.515,70.286,67.950,64.267,62.506,62.624,62.870,63.350,63.671,66.096,64.978,64.461,63.147,60.002,59.629,57.121
55.430,52.396,49.163,48.680,50.537,51.547,53.721,61.619,65.527,70.484,68.072,64.338,62.513,62.714,62.999,63.350,63.757,66.116,65.045,64.472,63.282,60.135,59.756,57.218
55.438,52.432,49.190,48.703,50.553,51.570,53.733,61.620,65.549,70.512,68.121,64.338,62.617,62.720,63.014,63.402,63.782,66.174,65.102,64.492,63.284,60.136,59.771,57.290
55.447,52.443,49.215,48.727,50.562,51.586,53.767,61.657,65.574,70.713,68.147,64.435,62.646,62.735,63.035,63.461,63.813,66.186,65.165,64.533,63.330,60.162,59.785,57.291
55.468,52.457,49.226,48.742,50.587,51.600,53.774,61.691,65.621,70.736,68.170,64.439,62.684,62.751,63.039,63.485,63.828,66.212,65.166,64.553,63.336,60.182,59.808,57.311
55.623,52.630,49.390,48.902,50.749,51.768,53.919,61.793,65.638,70.783,68.272,64.476,62.686,62.787,63.150,63.519,63.850,66.228,65.199,64.583,63.383,60.298,59.941,57.474
55.876,53.218,50.069,49.565,51.290,52.354,54.409,61.826,65.680,70.791,68.280,64.497,62.760,62.791,63.163,63.519,63.853,66.271,65.308,64.641,63.435,60.425,60.130,57.736
56.170,53.502,50.135,49.603,51.528,52.589,54.499,62.186,65.683,70.829,68.285,64.511,62.767,62.889,63.271,63.558,63.920,66.274,65.417,64.807,63.501,60.483,60.287,57.910
56.368,53.567,50.312,49.822,51.595,52.617,54.711,62.216,65.695,70.845,68.297,64.517,62.882,62.890,63.565,63.609,63.993,66.311,65.448,64.815,63.623,60.966,60.749,58.289
56.526,53.658,50.798,50.229,52.079,53.081,55.132,62.372,65.701,70.861,68.408,64.577,62.979,62.934,63.590,63.788,64.053,66.331,65.548,64.891,64.116,61.172,60.826,58.611
56.722,53.938,50.807,50.317,52.137,53.159,55.273,62.437,65.746,70.890,68.446,64.627,63.066,63.235,63.742,63.810,64.220,66.424,65.557,64.971,64.137,61.237,60.923,58.615
56.859,54.230,51.084,50.608,52.316,53.308,55.317,62.545,65.751,70.891,68.482,64.658,63.130,63.241,63.914,64.037,64.222,66.434,65.566,65.078,64.153,61.259,60.927,58.662
56.884,54.386,51.327,50.859,52.387,53.351,55.331,62.718,65.757,70.945,68.854,64.682,63.158,63.285,63.987,64.092,64.318,66.590,65.685,65.105,64.262,61.364,61.028,58.887
56.919,54.453,51.374,50.902,52.646,53.591,55.474,62.729,65.770,70.974,68.863,64.818,63.264,63.539,64.039,64.095,64.374,66.690,65.737,65.162,64.295,61.440,61.071,58.925
56.983,54.531,51.382,51.001,52.659,53.723,55.689,62.779,65.770,71.041,68.885,64.858,63.273,63.590,64.051,64.133,64.457,66.732,65.798,65.203,64.333,61.629,61.277,59.165
57.035,54.701,51.644,51.075,52.698,53.727,55.721,62.799,65.770,71.045,68.909,64.901,63.326,63.620,64.084,64.229,64.487,66.953,65.976,65.475,64.344,61.721,61.308,59.525
57.065,54.707,51.654,51.076,52.887,53.863,55.741,62.921,65.770,71.068,68.982,64.990,63.362,63.674,64.156,64.310,64.634,66.982,66.128,65.501,64.461,61.759,61.569,59.710
57.112,54.813,51.678,51.091,52.983,53.926,55.742,62.941,65.851,71.078,69.022,65.018,63.416,63.712,64.215,64.373,64.654,67.185,66.205,65.549,64.515,61.766,61.587,59.771
57.134,54.860,51.733,51.156,53.027,53.991,55.805,62.957,66.040,71.081,69.051,65.045,63.420,63.712,64.327,64.381,64.656,67.225,66.270,65.567,64.676,61.814,61.659,60.022
57.308,55.299,51.800,51.360,53.129,54.159,55.964,62.963,66.182,71.138,69.314,65.060,63.439,63.868,64.447,64.396,64.664,67.289,66.454,65.758,64.894,61.888,61.816,60.130
57.314,55.312,51.878,51.370,53.155,54.170,56.169,63.205,66.262,71.148,69.340,65.178,63.464,63.874,64.488,64.519,64.869,67.610,66.974,66.403,64.900,61.912,61.904,60.357
57.532,55.347,51.984,51.410,53.244,54.213,56.397,63.354,66.294,71.194,69.342,65.196,63.491,63.923,64.640,64.574,64.992,67.610,67.333,66.433,64.921,61.945,62.000,60.430
58.030,55.439,52.005,51.414,53.262,54.294,56.405,63.412,66.365,71.401,69.427,65.235,63.540,63.938,64.642,64.592,65.488,67.671,67.397,66.662,64.921,62.151,62.070,60.488
58.099,55.720,52.008,51.617,53.333,54.571,56.443,63.457,66.379,71.514,69.602,65.257,63.697,63.940,64.679,64.681,65.493,67.885,67.413,66.687,64.960,62.224,62.080,60.519
58.116,55.755,52.314,51.969,53.404,54.593,56.467,63.646,66.537,71.520,69.849,65.494,63.911,64.037,64.688,64.711,65.585,67.916,67.448,66.763,64.982,62.372,62.089,60.614
58.209,55.784,52.736,52.165,54.135,55.088,56.608,63.842,66.555,71.660,69.957,65.629,63.982,64.081,64.727,64.945,65.592,68.170,67.463,66.801,65.271,62.426,62.395,60.765
58.223,56.098,52.970,52.410,54.162,55.192,56.638,64.025,66.622,71.754,69.987,65.648,64.247,64.140,64.850,64.998,65.673,68.267,67.792,66.871,65.508,62.513,62.578,60.889
58.375,56.296,53.058,52.566,54.274,55.211,56.856,64.149,66.715,71.867,70.117,65.831,64.309,64.258,64.961,65.067,65.753,68.279,67.888,67.262,65.634,62.675,62.693,61.095
58.434,56.473,53.100,52.575,54.376,55.425,57.084,64.425,66.820,71.964,70.169,65.945,64.364,64.289,65.000,65.168,65.856,68.374,68.174,67.495,65.869,62.908,62.696,61.100
58.440,56.484,53.226,52.700,54.394,55.444,57.162,64.447,66.829,72.014,70.183,66.083,64.379,64.534,65.175,65.211,65.966,68.399,68.246,67.517,66.000,62.924,62.718,61.137
58.480,56.493,53.696,53.332,54.457,55.453,57.334,64.519,66.973,72.099,70.227,66.315,64.636,64.555,65.378,65.280,66.010,68.695,68.665,67.538,66.000,63.089,62.725,61.242
58.696,56.706,54.117,53.715,55.048,55.789,57.899,64.656,67.042,72.200,70.255,66.318,64.703,64.604,65.391,65.280,66.102,68.764,68.762,67.683,66.000,63.092,62.864,61.387
58.749,56.815,54.672,54.316,55.112,55.938,58.193,64.778,67.320,72.340,70.472,66.334,64.750,64.621,65.437,65.350,66.292,68.834,68.878,67.728,66.047,63.103,62.951,61.412
58.916,56.926,54.681,54.404,55.275,56.158,58.461,64.874,67.345,72.504,70.490,66.351,64.888,64.647,65.525,65.385,66.305,69.024,69.358,67.820,66.105,63.198,62.995,61.415
58.920,57.013,54.755,54.423,55.322,56.237,58.483,64.885,67.411,72.569,70.768,66.391,64.931,64.824,65.575,65.484,66.424,69.314,69.591,68.143,66.146,63.220,62.998,61.462
59.235,57.654,55.508,55.126,56.318,57.190,58.854,64.974,67.466,72.776,70.963,66.434,64.969,64.852,65.636,65.552,66.561,69.599,69.905,68.446,66.268,63.371,63.173,61.830
59.258,57.847,55.942,55.575,56.324,57.317,59.007,65.065,67.483,72.796,71.011,66.514,65.104,64.995,65.643,65.618,66.899,69.637,69.907,68.543,66.403,63.713,63.217,62.030
59.704,58.360,56.118,55.707,56.883,57.713,59.357,65.131,67.729,72.813,71.158,66.553,65.140,65.032,65.806,65.621,66.903,69.821,69.937,68.746,66.433,63.840,63.474,62.202
59.819,58.379,56.230,55.727,56.962,57.733,59.733,65.214,67.738,72.850,71.166,66.623,65.327,65.106,65.852,65.720,67.063,70.230,70.150,68.878,66.445,64.384,63.897,62.337
59.853,58.440,56.291,55.925,56.976,57.772,59.900,65.275,68.106,73.052,71.183,66.628,65.429,65.236,65.900,65.748,67.137,70.235,70.300,68.906,66.692,64.446,64.065,62.344
60.411,58.446,56.375,55.946,57.305,57.930,59.924,65.434,68.198,73.299,71.414,66.651,65.528,65.425,66.024,66.033,67.371,70.286,70.326,68.929,67.242,64.666,64.190,62.401
60.559,58.698,56.401,56.095,57.453,58.184,60.059,65.501,68.670,73.318,71.489,67.180,66.263,65.521,66.097,66.326,67.965,70.573,70.417,68.992,67.348,64.767,64.228,62.677
60.659,59.025,56.675,56.373,57.456,58.483,60.099,66.026,68.703,73.713,71.856,67.737,66.313,65.741,66.402,66.607,68.108,71.045,70.502,69.584,67.530,64.799,64.275,62.687
60.839,59.202,57.037,56.834,57.552,58.635,60.666,66.033,68.791,74.202,71.888,68.188,66.778,66.430,66.695,67.147,68.484,71.222,71.092,69.834,67.932,64.843,64.573,62.796
60.991,59.427,57.771,57.581,58.225,58.879,61.099,66.213,69.144,74.407,72.162,68.521,67.010,66.767,67.109,67.533,68.800,71.867,71.158,70.324,68.075,65.104,64.674,63.095
61.431,59.618,57.943,57.708,58.315,58.946,61.195,66.236,69.316,74.418,72.166,68.692,67.137,66.886,67.168,67.708,69.319,71.873,71.741,70.464,68.334,65.724,65.070,63.200
61.714,60.298,58.511,58.320,58.983,59.445,61.321,66.977,70.579,74.677,72.267,68.765,67.601,67.372,67.615,68.028,69.391,73.518,72.718,71.604,68.476,66.065,65.435,63.272
61.799,60.304,58.559,58.353,59.176,59.702,61.353,67.383,70.905,74.708,72.696,70.032,68.508,67.633,67.816,68.412,70.240,74.399,74.648,72.397,69.088,66.077,65.555,64.244
62.380,60.313,58.754,58.520,59.272,59.809,61.564,70.221,74.237,75.694,73.148,72.829,70.859,70.256,70.735,71.127,71.907,75.020,74.759,73.559,71.147,68.099,66.832,64.265
62.787,60.460,59.298,59.017,59.450,60.674,64.404,71.701,75.859,78.096,76.332,72.897,71.086,70.635,71.342,71.636,72.841,76.360,75.793,74.550,72.257,68.437,67.893,65.285
63.567,61.777,59.472,59.095,60.506,61.526,64.721,72.462,77.122,79.565,77.704,75.552,73.607,71.938,72.233,73.293,75.656,79.950,79.009,77.507,74.093,70.280,68.279,65.372
63.676,61.785,59.792,59.377,60.828,61.626,64.776,73.000,77.356,80.248,77.737,76.550,74.697,73.079,73.372,74.487,76.702,81.017,79.886,78.536,75.177,70.395,68.764,65.400
65.066,62.216,60.487,60.303,61.016,61.907,64.868,73.701,78.743,80.818,78.049,77.481,74.889,73.159,73.781,74.617,76.930,81.577,80.265,79.031,75.377,71.670,70.390,67.509
65.091,62.897,60.782,60.535,61.080,62.213,65.804,75.282,81.463,82.876,80.391,77.587,75.388,74.336,74.613,75.635,77.539,82.024,81.551,79.474,76.184,72.023,70.926,67.664
66.537,63.113,61.426,61.223,61.969,62.716,65.974,76.335,82.703,86.903,83.569,81.289,78.691,77.470,77.482,78.938,80.809,85.111,83.121,82.019,79.085,74.343,72.989,68.803
74.935,70.950,67.910,67.541,69.169,70.410,75.387,87.762,96.020,99.284,95.502,94.321,91.108,88.915,88.725,90.932,93.875,99.638,96.913,95.425,91.241,85.276,83.169,77.598
75.150,72.328,70.327,70.094,70.691,71.928,77.689,89.942,97.314,99.304,97.484,95.590,92.392,88.990,89.641,91.550,96.804,104.955,102.961,100.509,93.836,87.147,84.478,79.352
79.687,75.645,72.602,72.190,73.737,75.123,80.282,93.370,101.588,104.838,101.043,99.290,95.960,93.757,93.912,95.833,98.913,105.185,103.513,101.088,96.432,90.190,88.000,82.283
86.552,81.401,77.059,76.453,78.904,80.499,85.430,99.698,108.424,114.149,109.173,106.113,102.575,101.229,101.230,103.083,105.054,110.483,107.807,106.491,102.922,96.627,94.886,89.047
