35.438,33.647,32.566,33.201,32.252,33.037,35.259,39.742,43.079,43.388,44.710,44.376,44.783,44.201,42.687,41.963,41.756,41.545,41.692,32.092,36.127,34.600,33.905,30.305
38.773,36.609,34.676,34.909,33.178,34.730,37.980,47.562,52.102,56.124,58.218,56.519,55.880,51.375,52.576,53.938,51.095,48.796,49.096,32.775,36.928,38.032,38.164,30.310
39.276,36.848,36.820,39.140,37.541,38.562,41.700,47.980,53.870,56.922,58.464,57.055,57.740,53.175,54.105,54.338,52.402,49.608,49.976,37.929,38.262,38.438,39.354,30.310
40.840,37.429,37.300,39.804,38.347,39.604,42.166,48.841,55.232,59.493,58.970,57.079,61.806,54.191,55.517,54.567,53.515,52.942,53.307,44.104,44.923,38.920,39.489,30.310
42.524,39.446,37.413,40.359,39.084,40.079,43.199,50.449,56.559,59.494,59.166,57.974,62.118,56.179,55.596,54.718,54.786,53.302,53.652,45.765,45.428,41.299,40.925,32.902
42.816,39.545,37.540,42.060,41.292,40.455,43.861,50.777,56.921,59.870,61.019,60.298,62.140,56.526,55.966,55.825,54.886,54.221,54.460,46.200,46.765,41.495,40.931,33.016
42.978,40.014,37.755,42.538,41.330,40.962,44.277,51.960,57.253,59.885,61.269,60.793,62.333,59.109,56.709,56.349,54.950,54.421,54.577,46.882,47.959,42.137,41.597,33.482
43.900,41.248,40.408,42.706,41.349,41.345,44.615,51.996,57.443,60.050,61.396,61.165,62.461,59.421,56.810,56.548,55.387,55.244,55.485,47.644,48.221,42.410,43.584,35.489
45.772,42.963,41.602,42.739,41.373,42.211,45.199,52.011,57.470,60.230,61.483,61.215,62.475,59.631,57.278,56.600,55.707,55.482,55.644,48.418,48.624,44.395,44.107,37.785
45.942,43.153,41.655,42.771,41.551,42.584,45.227,52.029,57.470,60.358,61.512,61.247,62.598,59.819,57.333,56.600,55.756,55.563,55.764,48.842,48.801,44.884,44.115,38.168
46.197,43.317,41.752,42.778,41.552,42.649,45.397,52.075,57.470,60.568,61.558,61.259,62.692,59.931,57.356,56.600,55.890,55.924,56.110,49.267,48.960,44.998,44.172,38.246
46.399,43.635,42.399,42.987,41.684,42.663,45.442,52.094,57.470,60.573,61.712,61.273,62.733,60.063,57.375,56.612,55.892,56.087,56.235,49.352,49.002,45.126,44.588,38.354
46.634,43.794,42.453,42.989,41.731,42.712,45.450,52.167,57.470,60.700,61.771,61.490,63.203,60.088,57.408,56.679,55.987,56.101,56.262,50.101,49.538,45.286,44.625,39.051
46.795,43.979,42.480,43.036,41.891,42.729,45.616,52.239,57.470,60.708,62.186,61.542,63.266,60.378,57.579,56.682,56.069,56.334,56.481,50.632,49.630,45.356,44.754,39.237
46.868,44.070,42.568,43.247,41.898,42.784,45.625,52.241,57.660,60.851,62.411,61.974,63.272,60.476,57.637,56.887,56.154,56.390,56.592,50.708,49.888,45.436,44.925,39.290
46.960,44.075,42.617,43.254,41.985,42.985,45.650,52.286,57.745,60.867,62.441,62.005,63.588,60.485,57.659,56.935,56.189,56.450,56.614,50.745,49.972,45.566,45.070,39.354
46.994,44.105,42.631,43.315,42.016,43.032,45.650,52.486,57.857,60.873,62.472,62.117,63.594,60.526,57.778,57.376,56.195,56.480,56.645,50.869,50.010,45.615,45.248,39.371
47.002,44.128,42.851,43.371,42.082,43.193,45.702,52.603,57.882,60.916,62.567,62.168,63.602,60.536,58.085,57.486,56.251,56.493,56.654,50.942,50.064,45.627,45.293,39.406
47.130,44.144,43.019,43.376,42.101,43.263,45.876,52.603,57.899,60.961,62.597,62.208,63.629,61.408,58.130,57.517,56.452,56.590,56.721,51.092,50.104,45.648,45.302,39.534
47.166,44.359,43.108,43.566,42.272,43.283,45.915,52.629,58.092,61.094,62.625,62.406,63.908,61.482,58.267,57.574,56.494,56.720,56.886,51.475,50.424,45.803,45.384,39.540
47.214,44.415,43.116,43.583,42.425,43.291,45.966,52.632,58.173,61.176,62.640,62.408,64.115,61.522,58.317,57.576,56.605,57.037,57.181,51.715,50.695,45.956,45.460,39.797
47.408,44.505,43.147,43.607,42.483,43.296,46.125,52.682,58.229,61.182,62.640,62.423,64.227,61.546,58.394,57.630,56.660,57.063,57.221,51.871,51.026,46.035,45.510,39.822
47.728,44.768,43.202,43.770,42.535,43.378,46.293,52.691,58.296,61.214,62.640,62.440,64.262,61.551,58.406,57.843,56.770,57.109,57.237,51.953,51.091,46.125,45.526,39.957
47.778,44.773,43.205,43.853,42.598,43.484,46.346,52.776,58.353,61.256,62.640,62.461,64.276,61.597,58.657,57.846,56.947,57.483,57.648,52.507,51.518,46.370,45.689,39.967
47.782,44.946,43.309,43.937,42.612,43.500,46.347,53.084,58.363,61.357,62.640,62.526,64.285,61.838,58.663,57.866,56.960,57.484,57.650,52.615,51.564,46.374,45.773,40.143
47.995,44.970,43.325,44.004,42.662,43.604,46.544,53.105,58.480,61.406,62.640,62.657,64.450,61.840,58.864,57.998,57.001,57.714,57.839,52.648,51.751,46.579,45.901,40.161
48.005,44.983,43.698,44.032,42.721,43.772,46.554,53.120,58.652,61.430,62.640,62.706,64.461,62.431,58.927,58.086,57.157,57.749,57.915,52.911,51.960,46.590,45.925,40.494
48.476,45.396,43.960,44.181,42.728,43.867,46.871,53.125,58.717,61.439,62.640,62.707,64.553,62.527,58.928,58.224,57.162,57.750,57.915,52.913,51.965,46.987,46.574,40.499
48.611,45.686,44.233,44.202,42.741,43.924,46.896,53.170,58.726,61.452,62.686,62.708,64.692,62.671,59.055,58.366,57.268,57.911,58.013,52.995,51.995,47.037,46.580,41.000
48.664,45.695,44.250,44.270,42.778,43.989,46.933,53.323,58.738,61.453,62.777,62.746,64.729,62.752,59.079,58.450,57.312,57.918,58.037,53.149,52.179,47.080,46.583,41.011
48.717,45.748,44.327,44.279,42.808,44.001,46.977,53.381,58.889,61.503,62.883,62.751,64.774,62.959,59.247,58.500,57.353,58.083,58.235,53.151,52.181,47.115,46.590,41.070
48.729,45.772,44.332,44.348,42.849,44.041,47.002,53.460,58.896,61.520,62.895,62.938,64.895,62.976,59.277,58.616,57.416,58.139,58.248,53.270,52.184,47.123,46.603,41.114
48.729,45.819,44.338,44.378,42.909,44.119,47.091,53.488,58.898,61.520,62.938,62.963,64.919,62.979,59.284,58.647,57.416,58.256,58.337,53.327,52.229,47.169,46.678,41.174
48.767,45.840,44.480,44.410,42.910,44.141,47.106,53.558,58.988,61.520,62.939,63.005,65.010,63.163,59.287,58.656,57.521,58.326,58.460,53.389,52.367,47.185,46.761,41.267
48.978,45.943,44.536,44.421,42.926,44.176,47.120,53.564,59.029,61.520,63.036,63.047,65.010,63.315,59.472,58.712,57.606,58.383,58.485,53.442,52.405,47.332,46.830,41.299
49.033,45.944,44.554,44.503,42.970,44.192,47.182,53.584,59.121,61.520,63.114,63.055,65.010,63.408,59.485,58.715,57.624,58.385,58.553,53.600,52.504,47.432,46.854,41.339
49.135,46.129,44.564,44.590,43.031,44.264,47.276,53.648,59.143,61.520,63.142,63.175,65.010,63.511,59.566,58.731,57.774,58.427,58.576,53.740,52.524,47.451,46.944,41.352
49.261,46.236,44.745,44.633,43.039,44.278,47.356,53.660,59.150,61.520,63.149,63.176,65.013,63.557,59.612,58.735,57.802,58.500,58.649,53.775,52.564,47.527,47.058,41.575
49.315,46.282,44.760,44.661,43.192,44.335,47.388,53.661,59.154,61.522,63.349,63.371,65.026,63.567,59.620,58.751,57.845,58.532,58.651,53.820,52.674,47.756,47.119,41.635
49.416,46.306,44.868,44.747,43.203,44.684,47.389,53.691,59.184,61.533,63.360,63.416,65.036,63.586,59.622,58.768,57.848,58.535,58.681,53.900,52.761,47.780,47.225,41.676
49.460,46.458,45.059,44.773,43.221,44.710,47.541,53.748,59.270,61.546,63.579,63.519,65.040,63.610,59.624,58.804,57.865,58.684,58.827,54.175,52.807,47.808,47.345,42.027
49.480,46.740,45.714,45.329,43.667,44.768,47.562,53.751,59.292,61.576,63.632,63.602,65.076,63.681,59.680,58.810,57.872,58.722,58.853,54.205,52.897,47.935,47.833,42.671
49.510,46.880,45.789,45.406,44.086,45.143,47.590,53.790,59.355,61.648,63.638,63.625,65.107,63.703,59.680,58.852,57.889,58.724,58.856,54.270,52.964,47.976,48.125,42.717
49.783,47.192,46.119,45.558,44.111,45.298,47.643,53.790,59.411,61.653,63.645,63.639,65.130,63.708,59.680,58.871,57.946,58.793,58.881,54.334,52.974,47.998,48.303,42.999
49.850,47.193,46.133,45.756,44.199,45.314,47.665,53.790,59.547,61.723,63.687,63.643,65.141,63.724,59.687,58.934,58.035,58.806,58.923,54.469,53.118,48.184,48.348,43.134
49.870,47.241,46.183,45.859,44.320,45.345,47.794,53.790,59.559,61.753,63.691,63.858,65.203,63.798,59.692,58.946,58.049,58.959,59.051,54.715,53.137,48.286,48.407,43.334
49.909,47.324,46.245,45.863,44.350,45.371,47.862,53.790,59.584,61.771,63.702,63.912,65.204,63.813,59.756,58.977,58.078,58.992,59.122,54.774,53.340,48.333,48.556,43.379
50.127,47.337,46.372,45.891,44.352,45.426,47.883,53.790,59.591,61.774,63.831,63.984,65.216,63.832,59.773,59.037,58.173,59.017,59.160,54.821,53.356,48.418,48.711,43.381
50.166,47.343,46.523,45.904,44.413,45.548,47.952,53.871,59.600,61.825,63.964,63.989,65.319,63.860,59.786,59.042,58.179,59.157,59.284,54.846,53.457,48.492,48.723,43.383
50.237,47.451,46.531,45.919,44.551,45.707,48.035,54.174,59.668,61.839,63.985,64.087,65.382,63.871,59.804,59.042,58.200,59.391,59.491,54.910,53.543,48.543,48.928,43.535
50.293,47.466,46.559,45.945,44.575,45.719,48.121,54.227,59.697,61.908,63.999,64.221,65.384,63.885,59.815,59.084,58.212,59.497,59.516,54.947,53.606,48.595,48.930,43.548
50.360,47.549,46.649,45.973,44.580,45.740,48.125,54.267,59.758,62.290,64.036,64.238,65.384,63.903,60.144,59.107,58.214,59.499,59.570,54.972,53.839,48.652,48.930,43.556
50.615,47.793,46.727,45.979,44.585,45.804,48.156,54.331,59.800,62.293,64.337,64.315,65.413,63.910,60.162,59.133,58.244,59.639,59.759,54.985,53.857,48.912,48.930,43.625
50.680,47.997,46.777,46.054,44.612,45.816,48.338,54.356,59.832,62.356,64.381,64.359,65.544,63.910,60.173,59.198,58.373,59.658,59.805,55.291,53.870,49.182,48.930,43.656
50.856,48.166,46.787,46.057,44.766,45.946,48.380,54.438,59.920,62.410,64.382,64.388,65.610,63.910,60.201,59.245,58.426,59.664,59.827,55.496,54.312,49.193,48.930,43.735
50.951,48.247,46.849,46.130,44.954,46.015,48.494,54.623,60.007,62.576,64.400,64.560,65.615,63.910,60.228,59.696,58.427,59.741,59.832,55.997,54.387,49.445,48.932,43.745
51.184,48.420,46.932,46.561,45.221,46.464,48.537,54.636,60.270,62.595,64.479,64.560,65.646,63.910,60.373,59.701,58.436,59.793,59.882,56.132,54.567,49.870,48.937,43.753
51.203,48.448,46.974,46.586,45.237,46.472,48.749,54.788,60.286,62.702,64.487,64.560,65.675,63.910,60.725,59.701,58.619,59.871,59.895,56.262,54.630,49.882,48.941,43.754
51.205,48.464,46.978,46.663,45.288,46.765,49.056,55.462,60.810,62.712,64.492,64.678,65.755,63.910,60.767,59.729,59.266,59.891,59.931,56.276,54.732,49.898,48.951,43.757
51.261,48.508,46.979,46.693,45.306,46.773,49.085,55.472,60.940,62.759,64.604,64.788,65.757,63.910,60.801,59.742,59.272,59.896,60.017,56.472,54.934,49.914,48.959,43.849
51.298,48.516,47.007,46.822,45.316,46.829,49.105,55.801,60.941,62.822,64.658,64.803,65.766,63.914,60.804,59.759,59.341,59.932,60.030,56.667,54.954,49.993,49.066,43.991
51.460,48.626,47.039,46.902,45.364,46.895,49.510,55.974,60.990,62.830,64.720,64.833,65.774,63.944,60.841,59.817,59.351,60.029,60.102,56.712,54.959,50.164,49.087,44.040
51.468,48.640,47.042,46.934,45.407,46.937,49.594,56.131,60.997,62.890,64.725,64.841,65.838,64.287,60.845,59.837,59.446,60.048,60.133,56.973,55.112,50.174,49.117,44.096
51.543,48.674,47.073,46.980,45.470,46.949,49.651,56.153,61.065,62.891,64.748,64.853,65.868,64.461,60.866,59.839,59.496,60.055,60.171,57.845,55.284,50.244,49.222,44.109
51.656,48.678,47.077,47.012,45.470,46.979,49.661,56.188,61.067,62.903,64.773,64.855,65.990,64.519,60.879,59.865,59.517,60.121,60.176,58.099,55.291,50.251,49.255,44.166
51.821,48.726,47.106,47.014,45.470,46.989,49.715,56.249,61.085,62.942,64.889,64.936,66.031,64.783,60.964,59.941,59.625,60.124,60.241,58.189,55.431,50.486,49.273,44.269
51.901,48.771,47.155,47.046,45.549,47.106,49.723,56.316,61.171,63.004,65.074,64.943,66.260,64.789,61.027,60.048,59.635,60.174,60.299,58.230,55.599,50.515,49.330,44.285
51.938,48.807,47.157,47.064,45.559,47.110,49.756,56.355,61.194,63.357,65.077,64.983,66.469,65.029,61.080,60.064,59.721,60.251,60.379,58.279,55.776,50.561,49.435,44.319
52.039,48.827,47.213,47.090,45.580,47.110,50.057,57.665,62.194,63.609,65.780,65.581,66.521,65.039,61.813,60.600,60.678,61.040,61.180,58.280,56.373,50.567,49.442,44.351
52.059,48.933,47.249,47.097,45.582,47.110,50.098,57.881,62.306,63.698,65.813,65.629,66.524,65.145,61.928,60.676,60.842,61.223,61.360,58.280,56.386,50.624,49.480,44.356
52.153,49.077,47.260,47.120,45.658,47.118,50.228,57.977,62.336,63.761,65.980,65.785,67.161,65.745,61.934,60.747,60.863,61.235,61.368,58.280,56.551,50.655,49.508,44.383
52.161,49.103,47.287,47.147,45.666,47.166,50.274,58.120,62.762,64.575,66.885,66.571,67.531,66.060,62.412,61.071,61.409,61.629,61.785,58.331,56.632,50.789,49.541,44.385
52.176,49.138,47.338,47.154,45.674,47.261,50.304,58.161,62.975,65.754,68.182,68.220,68.399,66.855,62.700,61.354,61.631,62.710,62.867,58.438,56.697,50.807,49.541,44.422
52.195,49.154,47.363,47.157,45.681,47.321,50.389,58.270,63.901,65.880,68.360,68.250,68.998,66.899,63.770,62.629,62.165,62.810,62.874,58.584,56.776,50.834,49.562,44.494
52.413,49.154,47.438,47.167,45.687,47.325,50.464,58.397,63.961,66.226,68.424,68.303,69.251,66.931,63.894,62.742,62.328,62.905,63.055,58.590,56.885,50.853,49.647,44.544
52.420,49.161,47.557,47.358,45.689,47.337,50.505,58.499,64.283,66.684,68.927,68.745,69.837,67.524,64.051,62.828,62.392,62.961,63.127,58.658,57.158,51.022,49.739,44.621
52.548,49.228,47.567,47.376,45.726,47.395,50.514,58.519,64.564,66.712,69.041,68.839,69.853,67.741,64.372,63.143,62.671,63.179,63.353,58.871,57.264,51.028,49.761,44.626
52.657,49.263,47.602,47.409,45.738,47.395,50.731,58.731,64.876,66.794,69.401,69.204,70.158,68.094,64.688,63.448,62.974,63.498,63.672,58.889,57.426,51.030,49.775,44.668
52.660,49.305,47.634,47.438,45.745,47.396,50.738,58.783,65.166,66.855,69.526,69.501,70.209,68.426,65.003,63.545,63.280,63.808,63.983,58.910,57.441,51.082,49.781,44.721
52.715,49.570,47.664,47.442,45.821,47.477,50.768,58.846,65.184,67.023,69.725,69.540,70.555,68.438,65.005,63.753,63.280,63.811,63.986,59.324,57.460,51.289,49.844,44.773
52.988,49.570,47.686,47.459,45.836,47.500,50.785,59.024,65.190,67.207,69.730,69.550,70.562,68.452,65.006,63.759,63.280,63.819,63.992,59.368,57.587,51.332,49.880,44.909
53.058,49.570,47.718,47.501,45.912,47.604,50.843,59.063,65.195,67.322,69.746,69.552,70.566,68.866,65.037,63.766,63.280,64.046,64.204,59.424,57.764,51.413,49.935,45.006
53.078,49.570,47.762,47.561,46.012,47.610,50.860,59.064,65.228,67.347,69.750,69.695,70.668,68.936,65.127,63.890,63.280,64.105,64.262,59.476,57.848,51.417,50.179,45.013
53.081,49.570,47.779,47.572,46.032,47.640,50.895,59.065,65.246,67.348,69.760,69.697,70.864,69.002,65.212,63.943,63.280,64.106,64.265,59.492,57.878,51.420,50.179,45.014
53.085,49.574,47.953,47.624,46.069,47.705,50.961,59.209,65.370,67.362,70.012,69.884,70.912,69.095,65.246,63.989,63.498,64.160,64.323,59.509,57.879,51.438,50.183,45.264
53.125,49.579,47.990,47.733,46.105,47.705,51.117,59.454,65.619,67.584,70.080,70.019,70.915,69.131,65.444,64.189,63.705,64.264,64.437,60.312,57.976,51.470,50.257,45.438
53.129,49.734,48.000,47.741,46.108,47.735,51.150,59.611,65.816,67.790,70.202,70.131,71.039,69.530,65.625,64.355,63.883,64.431,64.607,60.394,58.464,51.710,50.276,45.450
53.908,50.282,48.221,48.008,46.318,48.265,51.609,59.693,66.502,68.016,70.450,70.255,71.265,70.197,66.204,64.462,64.194,65.104,65.281,60.729,58.818,52.015,50.458,45.453
53.929,50.298,48.227,48.307,46.520,48.291,51.856,60.466,66.801,69.108,71.575,71.388,72.448,70.942,66.629,65.346,64.846,65.429,65.606,61.298,59.089,52.216,50.630,45.543
54.046,50.316,48.320,48.340,46.646,48.366,51.890,60.667,67.256,69.459,72.165,72.000,72.514,71.126,67.113,65.795,65.238,65.886,66.066,61.432,59.977,52.276,50.922,45.558
54.579,50.687,48.320,48.397,46.720,48.533,52.699,61.659,68.158,69.613,72.733,72.441,73.141,71.404,67.999,66.234,66.172,66.760,66.980,61.690,60.000,52.875,51.001,45.579
54.974,51.243,49.231,49.276,47.480,49.254,52.813,61.675,68.160,70.574,73.096,72.917,74.009,71.665,68.001,66.688,66.176,66.802,66.980,61.695,60.015,53.234,51.905,45.615
54.987,51.261,49.249,49.297,47.503,49.276,52.836,61.675,68.161,70.577,73.102,72.924,74.016,71.670,68.002,66.688,66.176,66.802,66.980,61.700,60.018,53.250,51.917,45.638
55.006,51.286,49.280,49.326,47.535,49.304,52.854,61.680,68.167,70.579,73.109,72.928,74.017,71.673,68.004,66.690,66.177,66.802,66.980,61.708,60.027,53.271,51.946,46.099
55.019,51.303,49.298,49.343,47.555,49.322,52.868,62.315,68.764,70.588,73.119,72.941,74.037,71.683,68.071,66.690,66.391,66.802,66.980,62.323,61.029,53.286,51.962,46.146
55.902,52.078,50.019,50.040,48.203,50.025,53.652,62.712,69.365,71.887,74.475,74.303,75.430,72.994,69.215,67.873,67.344,68.010,68.190,62.818,61.038,54.119,52.758,46.275
55.902,52.078,50.020,50.040,48.204,50.025,53.652,62.712,69.365,71.889,74.478,74.305,75.433,72.996,69.216,67.873,67.344,68.010,68.190,62.819,61.038,54.119,52.758,46.275
55.908,52.085,50.028,50.048,48.212,50.033,53.658,62.714,69.367,71.890,74.481,74.308,75.435,72.998,69.217,67.873,67.344,68.010,68.190,62.821,61.041,54.126,52.765,46.285
55.913,52.092,50.035,50.055,48.221,50.040,53.664,62.716,69.367,71.890,74.481,74.308,75.435,72.998,69.217,67.873,67.344,68.010,68.190,62.824,61.044,54.131,52.771,46.294
