-16.441,-20.002,-30.053,-29.606,-29.599,-22.554,-13.345,-4.806,0.936,4.291,1.325,1.987,1.280,5.158,3.611,6.067,13.226,25.057,35.540,45.238,35.293,18.119,12.407,3.127
2.147,-0.641,-7.862,-7.946,-7.816,-2.330,4.298,10.790,15.116,17.709,15.801,16.941,16.328,17.718,16.993,18.849,23.950,32.852,40.683,47.662,40.344,27.679,23.458,16.655
8.748,6.592,0.639,0.209,0.437,5.263,10.409,15.895,20.054,22.583,21.073,22.829,22.708,22.734,22.385,23.780,28.260,35.511,42.677,48.813,42.032,30.832,27.308,21.419
12.312,10.277,4.735,4.335,4.538,9.008,13.913,19.004,22.773,25.031,23.661,25.238,25.027,24.966,24.634,25.996,30.069,36.803,43.330,48.851,42.810,32.589,29.323,23.920
14.364,12.430,7.181,6.772,6.970,11.224,15.890,20.724,24.298,26.432,25.157,26.696,26.482,26.295,26.002,27.309,31.148,37.525,43.708,48.877,43.216,33.552,30.458,25.348
15.861,13.849,8.896,8.460,8.672,12.815,17.238,21.971,25.283,27.329,26.176,27.665,27.321,27.032,26.868,28.142,31.725,38.073,43.900,48.906,43.427,34.233,31.243,26.379
16.939,14.932,10.087,9.703,9.898,13.931,18.284,22.922,26.091,28.060,26.924,28.285,27.894,27.764,27.586,28.845,32.325,38.593,44.222,48.907,43.793,34.857,31.926,27.186
17.903,15.830,11.011,10.534,10.740,14.802,19.324,23.976,27.014,28.855,27.836,29.258,28.697,28.084,27.976,29.354,32.645,38.906,44.340,48.966,44.008,35.393,32.482,27.873
18.590,16.526,11.800,11.301,11.513,15.533,19.977,24.575,27.558,29.373,28.394,29.834,29.261,28.551,28.480,29.843,33.060,39.250,44.592,49.011,44.259,35.793,32.927,28.399
19.447,17.462,12.820,12.358,12.555,16.457,20.831,25.297,28.216,29.972,28.995,30.364,29.820,29.198,29.088,30.423,33.579,39.576,44.792,49.036,44.442,36.225,33.431,29.008
19.957,18.064,13.483,12.985,13.186,17.035,21.350,25.718,28.661,30.400,29.448,30.889,30.408,29.610,29.503,30.818,33.940,39.737,44.811,49.061,44.485,36.460,33.724,29.366
21.322,19.507,15.340,14.863,15.078,18.673,22.485,26.573,29.292,30.984,30.092,31.417,30.988,30.433,30.390,31.536,34.460,39.969,44.928,49.166,44.593,36.779,34.231,30.160
21.452,19.655,15.419,14.895,15.094,18.755,22.661,26.766,29.542,31.235,30.383,31.842,31.418,30.528,30.520,31.702,34.612,40.076,44.967,49.242,44.608,36.925,34.375,30.301
21.454,19.736,15.464,14.939,15.154,18.786,22.764,26.879,29.795,31.506,30.626,32.180,31.830,30.778,30.719,31.932,34.930,40.301,45.346,49.480,44.971,37.157,34.584,30.432
21.719,20.052,15.789,15.159,15.393,19.076,23.017,27.095,30.064,31.795,30.956,32.649,32.352,31.015,31.005,32.201,35.177,40.436,45.511,49.614,45.096,37.311,34.771,30.648
22.015,20.398,16.157,15.562,15.784,19.405,23.318,27.329,30.281,31.991,31.134,32.774,32.507,31.282,31.233,32.410,35.381,40.542,45.577,49.664,45.173,37.453,34.943,30.854
22.132,20.536,16.298,15.720,15.938,19.542,23.428,27.421,30.388,32.109,31.235,32.861,32.624,31.472,31.407,32.565,35.559,40.694,45.747,49.860,45.332,37.587,35.082,30.984
22.200,20.610,16.354,15.744,15.969,19.600,23.513,27.521,30.520,32.247,31.385,33.068,32.837,31.558,31.505,32.677,35.675,40.802,45.888,50.005,45.468,37.699,35.188,31.079
22.285,20.676,16.410,15.806,16.031,19.673,23.595,27.622,30.615,32.346,31.481,33.151,32.906,31.657,31.606,32.781,35.784,40.951,46.040,50.167,45.622,37.834,35.312,31.191
22.645,21.118,16.789,16.125,16.356,20.028,23.952,27.883,30.826,32.535,31.649,33.227,33.019,31.986,31.898,33.024,36.008,41.066,46.073,50.168,45.657,37.976,35.502,31.442
22.677,21.143,16.835,16.193,16.417,20.088,24.054,28.056,31.046,32.760,31.862,33.456,33.304,32.183,32.099,33.265,36.268,41.227,46.259,50.369,45.833,38.148,35.695,31.606
22.718,21.218,16.926,16.380,16.590,20.132,24.139,28.066,31.192,32.932,32.063,33.875,33.720,32.267,32.156,33.301,36.362,41.362,46.527,50.599,46.103,38.287,35.769,31.638
22.895,21.396,17.206,16.662,16.870,20.384,24.182,28.148,31.291,33.034,32.144,33.926,33.776,32.322,32.214,33.417,36.503,41.517,46.585,50.760,46.159,38.429,35.900,31.716
23.540,22.154,18.001,17.460,17.659,21.093,24.855,28.621,31.624,33.310,32.408,34.017,33.942,32.864,32.711,33.796,36.788,41.520,46.675,50.762,46.241,38.522,36.128,32.129
23.656,22.306,18.147,17.596,17.797,21.225,24.983,28.730,31.769,33.463,32.557,34.197,34.159,33.036,32.874,33.953,36.962,41.636,46.758,50.889,46.337,38.641,36.255,32.250
23.824,22.520,18.366,17.818,18.015,21.419,25.161,28.868,31.933,33.628,32.713,34.363,34.365,33.242,33.061,34.126,37.147,41.742,46.794,50.963,46.354,38.760,36.391,32.393
23.918,22.642,18.475,17.924,18.121,21.521,25.270,28.963,32.054,33.752,32.830,34.496,34.524,33.380,33.188,34.250,37.286,41.839,46.915,51.024,46.471,38.862,36.497,32.493
24.029,22.776,18.587,18.028,18.224,21.627,25.407,29.094,32.209,33.902,32.963,34.572,34.614,33.514,33.309,34.380,37.426,41.943,47.039,51.154,46.600,38.982,36.618,32.608
24.081,22.816,18.628,18.116,18.303,21.683,25.437,29.122,32.215,33.915,32.978,34.664,34.706,33.624,33.395,34.447,37.513,42.067,47.149,51.225,46.714,39.073,36.703,32.681
24.372,23.102,18.937,18.421,18.606,21.967,25.738,29.403,32.449,34.111,33.180,34.775,34.784,33.744,33.520,34.590,37.606,42.133,47.152,51.293,46.736,39.200,36.846,32.871
24.529,23.279,19.112,18.599,18.780,22.127,25.910,29.555,32.602,34.253,33.320,34.910,34.928,33.883,33.646,34.718,37.731,42.218,47.226,51.296,46.821,39.307,36.962,32.997
24.689,23.449,19.320,18.806,18.989,22.316,26.046,29.667,32.705,34.358,33.431,35.024,35.054,34.015,33.787,34.840,37.840,42.299,47.287,51.339,46.872,39.389,37.061,33.117
24.790,23.563,19.438,18.943,19.121,22.427,26.145,29.748,32.781,34.432,33.493,35.057,35.099,34.134,33.889,34.932,37.939,42.379,47.360,51.418,46.946,39.468,37.146,33.205
24.933,23.723,19.619,19.130,19.307,22.593,26.277,29.856,32.887,34.539,33.598,35.158,35.217,34.273,34.026,35.054,38.058,42.464,47.435,51.487,47.014,39.556,37.247,33.319
25.075,23.898,19.782,19.318,19.485,22.739,26.441,29.987,33.018,34.652,33.693,35.216,35.293,34.422,34.138,35.165,38.177,42.525,47.485,51.539,47.079,39.643,37.345,33.425
25.144,23.967,19.855,19.412,19.575,22.816,26.499,30.039,33.062,34.700,33.728,35.218,35.301,34.521,34.225,35.240,38.262,42.618,47.573,51.641,47.166,39.721,37.423,33.500
25.234,24.069,19.954,19.506,19.670,22.910,26.594,30.128,33.162,34.803,33.831,35.334,35.427,34.625,34.328,35.342,38.368,42.704,47.670,51.741,47.260,39.810,37.515,33.591
25.394,24.246,20.140,19.704,19.863,23.081,26.756,30.266,33.293,34.924,33.947,35.431,35.533,34.765,34.455,35.463,38.485,42.786,47.734,51.796,47.329,39.908,37.624,33.714
25.487,24.356,20.259,19.837,19.994,23.191,26.842,30.332,33.360,34.993,34.006,35.472,35.593,34.884,34.561,35.555,38.585,42.860,47.806,51.876,47.397,39.978,37.701,33.795
25.595,24.476,20.388,19.948,20.108,23.310,26.950,30.433,33.477,35.115,34.137,35.639,35.772,34.991,34.678,35.670,38.697,42.945,47.903,51.967,47.485,40.068,37.798,33.896
25.677,24.566,20.469,20.033,20.191,23.390,27.041,30.520,33.569,35.205,34.223,35.721,35.859,35.087,34.766,35.759,38.792,43.029,47.991,52.062,47.576,40.155,37.885,33.980
25.782,24.677,20.581,20.147,20.304,23.496,27.152,30.622,33.668,35.297,34.314,35.806,35.945,35.174,34.848,35.843,38.871,43.094,48.048,52.111,47.638,40.232,37.966,34.068
25.872,24.782,20.709,20.278,20.436,23.614,27.221,30.673,33.727,35.369,34.382,35.879,36.041,35.299,34.974,35.948,38.983,43.183,48.143,52.215,47.716,40.304,38.048,34.154
25.956,24.880,20.805,20.380,20.537,23.705,27.307,30.747,33.811,35.456,34.462,35.955,36.134,35.411,35.077,36.044,39.089,43.266,48.235,52.316,47.805,40.386,38.134,34.237
26.067,24.996,20.925,20.515,20.667,23.820,27.418,30.847,33.899,35.537,34.535,36.002,36.182,35.515,35.169,36.132,39.176,43.344,48.298,52.377,47.874,40.469,38.222,34.331
26.146,25.057,21.005,20.603,20.755,23.904,27.475,30.907,33.937,35.577,34.578,36.027,36.194,35.569,35.233,36.188,39.223,43.418,48.351,52.423,47.925,40.532,38.285,34.401
26.229,25.137,21.081,20.669,20.824,23.985,27.559,31.001,34.040,35.686,34.691,36.148,36.323,35.664,35.335,36.294,39.331,43.535,48.480,52.556,48.050,40.643,38.391,34.502
26.315,25.226,21.179,20.794,20.944,24.083,27.630,31.060,34.087,35.735,34.724,36.158,36.325,35.780,35.435,36.378,39.424,43.629,48.565,52.654,48.133,40.723,38.475,34.585
26.384,25.303,21.259,20.868,21.019,24.157,27.701,31.124,34.158,35.807,34.799,36.237,36.420,35.847,35.505,36.446,39.491,43.680,48.619,52.705,48.184,40.777,38.533,34.647
26.507,25.429,21.399,21.023,21.170,24.290,27.814,31.224,34.243,35.888,34.875,36.285,36.469,35.960,35.610,36.542,39.584,43.766,48.687,52.769,48.253,40.864,38.626,34.749
26.606,25.510,21.482,21.124,21.268,24.381,27.905,31.321,34.315,35.954,34.935,36.309,36.476,36.037,35.683,36.615,39.652,43.863,48.762,52.840,48.336,40.958,38.717,34.842
26.720,25.645,21.640,21.272,21.420,24.526,28.001,31.399,34.415,36.071,35.054,36.457,36.655,36.193,35.848,36.759,39.804,43.981,48.898,52.986,48.450,41.059,38.829,34.957
26.820,25.739,21.745,21.396,21.540,24.631,28.089,31.481,34.477,36.131,35.106,36.475,36.669,36.287,35.935,36.838,39.881,44.070,48.968,53.056,48.522,41.142,38.914,35.046
26.898,25.808,21.841,21.507,21.651,24.730,28.135,31.523,34.505,36.170,35.139,36.484,36.682,36.385,36.037,36.919,39.964,44.171,49.058,53.155,48.601,41.216,38.991,35.127
26.979,25.874,21.920,21.592,21.736,24.814,28.198,31.591,34.560,36.230,35.200,36.534,36.724,36.458,36.120,36.994,40.035,44.268,49.145,53.241,48.684,41.299,39.073,35.210
27.079,25.981,22.022,21.720,21.857,24.917,28.298,31.680,34.641,36.308,35.261,36.553,36.750,36.586,36.225,37.092,40.144,44.372,49.243,53.351,48.787,41.399,39.174,35.309
27.178,26.114,22.149,21.862,21.994,25.032,28.406,31.761,34.741,36.410,35.346,36.625,36.854,36.743,36.357,37.212,40.284,44.462,49.347,53.474,48.888,41.490,39.273,35.404
27.244,26.144,22.180,21.882,22.018,25.079,28.465,31.850,34.811,36.478,35.428,36.713,36.909,36.760,36.396,37.264,40.319,44.554,49.427,53.539,48.972,41.579,39.351,35.481
27.392,26.305,22.345,22.041,22.177,25.231,28.620,31.993,34.956,36.617,35.571,36.866,37.067,36.886,36.521,37.391,40.440,44.646,49.513,53.615,49.061,41.686,39.466,35.606
27.493,26.420,22.456,22.175,22.305,25.340,28.721,32.078,35.042,36.702,35.639,36.901,37.117,37.026,36.638,37.498,40.561,44.749,49.617,53.734,49.167,41.785,39.568,35.705
27.590,26.521,22.562,22.267,22.401,25.441,28.819,32.175,35.145,36.807,35.753,37.039,37.257,37.110,36.732,37.593,40.651,44.829,49.701,53.810,49.246,41.870,39.656,35.797
27.702,26.648,22.698,22.404,22.537,25.566,28.929,32.269,35.245,36.908,35.852,37.142,37.375,37.228,36.847,37.700,40.759,44.909,49.781,53.889,49.322,41.953,39.747,35.894
27.795,26.753,22.819,22.535,22.667,25.680,29.007,32.331,35.308,36.979,35.916,37.196,37.447,37.351,36.965,37.801,40.867,44.999,49.871,53.989,49.402,42.030,39.832,35.982
27.875,26.830,22.906,22.638,22.767,25.767,29.076,32.393,35.356,37.027,35.957,37.209,37.459,37.431,37.040,37.867,40.933,45.071,49.930,54.049,49.461,42.096,39.900,36.054
27.941,26.881,22.949,22.680,22.809,25.819,29.145,32.477,35.432,37.098,36.031,37.279,37.513,37.479,37.091,37.927,40.988,45.153,50.006,54.121,49.544,42.179,39.976,36.127
28.022,26.963,23.026,22.768,22.894,25.899,29.227,32.558,35.512,37.178,36.103,37.335,37.571,37.578,37.181,38.015,41.083,45.249,50.104,54.227,49.644,42.272,40.067,36.214
28.131,27.101,23.169,22.912,23.037,26.026,29.338,32.644,35.614,37.283,36.203,37.443,37.706,37.713,37.306,38.130,41.206,45.323,50.187,54.316,49.720,42.350,40.156,36.308
28.289,27.272,23.357,23.099,23.225,26.204,29.485,32.775,35.752,37.427,36.347,37.594,37.875,37.885,37.480,38.290,41.368,45.461,50.327,54.458,49.851,42.483,40.298,36.455
28.434,27.397,23.523,23.276,23.403,26.369,29.591,32.878,35.823,37.504,36.427,37.649,37.920,38.000,37.610,38.401,41.464,45.586,50.421,54.541,49.934,42.588,40.409,36.581
28.545,27.536,23.670,23.424,23.550,26.502,29.699,32.963,35.929,37.619,36.536,37.771,38.073,38.155,37.758,38.534,41.610,45.686,50.537,54.669,50.039,42.683,40.515,36.687
28.728,27.760,23.912,23.648,23.778,26.715,29.887,33.116,36.106,37.798,36.722,37.996,38.334,38.339,37.943,38.708,41.782,45.778,50.639,54.762,50.129,42.794,40.646,36.833
28.835,27.889,24.051,23.779,23.911,26.840,29.994,33.205,36.211,37.907,36.833,38.129,38.488,38.459,38.064,38.821,41.897,45.852,50.722,54.846,50.204,42.872,40.734,36.928
29.005,28.103,24.279,24.060,24.179,27.051,30.147,33.306,36.317,38.021,36.907,38.135,38.546,38.733,38.292,39.009,42.118,46.013,50.884,55.045,50.357,43.012,40.891,37.084
29.097,28.199,24.352,24.145,24.260,27.134,30.251,33.416,36.435,38.140,37.013,38.227,38.642,38.868,38.411,39.131,42.257,46.157,51.043,55.223,50.520,43.151,41.023,37.201
29.224,28.351,24.489,24.283,24.396,27.266,30.392,33.545,36.591,38.301,37.164,38.388,38.829,39.053,38.581,39.298,42.443,46.307,51.220,55.420,50.694,43.301,41.175,37.342
29.329,28.463,24.616,24.404,24.520,27.386,30.486,33.631,36.682,38.398,37.265,38.500,38.952,39.165,38.699,39.407,42.551,46.402,51.318,55.517,50.782,43.390,41.270,37.441
29.445,28.603,24.751,24.536,24.651,27.511,30.612,33.742,36.812,38.531,37.393,38.642,39.115,39.309,38.834,39.539,42.693,46.504,51.435,55.642,50.896,43.498,41.384,37.554
29.577,28.786,24.904,24.718,24.823,27.656,30.769,33.866,36.974,38.696,37.524,38.747,39.271,39.564,39.040,39.732,42.929,46.673,51.641,55.892,51.102,43.664,41.555,37.706
29.722,28.943,25.082,24.903,25.008,27.825,30.897,33.976,37.082,38.811,37.635,38.853,39.393,39.722,39.198,39.872,43.070,46.794,51.757,56.011,51.207,43.776,41.677,37.836
29.852,29.105,25.226,25.067,25.165,27.963,31.040,34.098,37.228,38.960,37.762,38.960,39.534,39.933,39.378,40.042,43.269,46.950,51.936,56.220,51.386,43.928,41.832,37.978
30.020,29.282,25.413,25.241,25.344,28.146,31.200,34.255,37.401,39.145,37.952,39.180,39.769,40.126,39.582,40.237,43.469,47.136,52.139,56.429,51.575,44.104,42.012,38.156
30.155,29.395,25.525,25.329,25.438,28.265,31.339,34.416,37.557,39.298,38.124,39.382,39.946,40.210,39.688,40.360,43.574,47.271,52.270,56.541,51.709,44.246,42.148,38.294
30.311,29.601,25.722,25.550,25.652,28.448,31.502,34.541,37.714,39.464,38.262,39.502,40.119,40.473,39.915,40.564,43.813,47.440,52.468,56.776,51.898,44.407,42.320,38.456
30.538,29.821,25.919,25.758,25.853,28.644,31.759,34.799,37.947,39.666,38.464,39.670,40.258,40.623,40.047,40.722,43.955,47.584,52.580,56.862,52.041,44.592,42.501,38.648
30.782,30.066,26.108,25.983,26.062,28.841,32.056,35.097,38.223,39.903,38.680,39.815,40.375,40.831,40.206,40.913,44.149,47.780,52.751,57.028,52.258,44.832,42.731,38.874
31.101,30.355,26.333,26.249,26.310,29.079,32.442,35.497,38.555,40.165,38.932,39.962,40.444,40.990,40.316,41.082,44.288,47.956,52.850,57.079,52.434,45.091,42.973,39.132
31.354,30.473,26.465,26.335,26.411,29.257,32.672,35.831,38.803,40.392,39.219,40.269,40.612,40.996,40.406,41.227,44.353,48.221,53.043,57.192,52.652,45.365,43.212,39.388
31.632,30.747,26.696,26.540,26.619,29.495,32.995,36.177,39.164,40.737,39.577,40.662,40.985,41.237,40.648,41.506,44.626,48.497,53.333,57.470,52.962,45.675,43.510,39.677
31.957,31.061,27.056,26.813,26.915,29.835,33.304,36.501,39.504,41.088,39.989,41.212,41.523,41.445,40.933,41.802,44.874,48.731,53.572,57.652,53.175,45.928,43.775,39.969
32.290,31.293,27.268,26.969,27.082,30.074,33.669,36.950,39.882,41.417,40.381,41.639,41.817,41.486,41.035,41.986,44.972,48.960,53.729,57.708,53.381,46.226,44.044,40.265
32.740,31.686,27.660,27.322,27.443,30.473,34.136,37.460,40.344,41.844,40.853,42.139,42.236,41.727,41.317,42.316,45.239,49.291,54.004,57.907,53.687,46.610,44.417,40.666
33.111,31.914,27.863,27.474,27.607,30.727,34.528,37.969,40.757,42.209,41.283,42.584,42.511,41.782,41.444,42.534,45.364,49.623,54.249,58.050,53.987,46.994,44.757,41.024
33.404,32.215,28.132,27.713,27.849,30.994,34.861,38.314,41.123,42.563,41.652,42.999,42.918,42.043,41.709,42.829,45.652,49.893,54.537,58.323,54.287,47.297,45.055,41.319
33.751,32.545,28.487,28.007,28.163,31.354,35.183,38.665,41.506,42.977,42.100,43.552,43.474,42.398,42.123,43.240,46.055,50.319,55.002,58.786,54.718,47.696,45.450,41.706
34.406,33.255,29.080,28.595,28.738,31.937,35.970,39.441,42.323,43.736,42.847,44.304,44.223,43.024,42.680,43.868,46.695,50.864,55.571,59.344,55.350,48.348,46.094,42.338
35.046,33.810,29.589,29.124,29.263,32.506,36.614,40.165,43.003,44.408,43.515,44.915,44.755,43.639,43.301,44.523,47.348,51.678,56.370,60.153,56.177,49.139,46.840,43.053
36.165,34.582,30.139,29.574,29.729,33.245,37.884,41.787,44.455,45.736,44.956,46.362,45.783,44.186,43.953,45.454,48.131,53.020,57.602,61.225,57.583,50.603,48.139,44.304
37.093,35.451,30.836,30.302,30.441,34.031,38.916,42.924,45.605,46.857,46.040,47.379,46.725,45.203,44.911,46.497,49.225,54.263,58.898,62.582,58.946,51.852,49.312,45.390
39.026,36.769,31.775,31.057,31.229,35.311,41.092,45.728,48.128,49.185,48.569,49.943,48.565,46.187,46.100,48.159,50.639,56.680,61.147,64.571,61.479,54.448,51.614,47.594
