-3.964,-10.586,-16.470,-18.515,-15.768,-12.019,7.986,18.375,21.951,15.479,12.621,11.825,8.942,10.464,11.896,11.999,10.752,24.046,33.138,41.347,40.355,29.583,19.652,15.323
12.672,7.973,3.703,2.029,3.720,7.233,20.955,28.410,31.525,26.919,24.957,24.675,22.211,23.098,23.997,24.014,23.210,32.919,39.543,45.687,44.878,36.869,29.930,26.800
17.554,13.130,9.216,7.702,9.275,12.907,24.860,31.055,33.835,29.817,28.079,28.073,25.817,26.570,27.252,27.228,26.552,35.190,41.130,46.604,46.056,38.829,32.683,30.028
20.913,17.166,13.599,12.209,13.536,16.948,27.280,33.079,35.736,32.115,30.702,30.948,28.746,29.443,29.956,29.896,29.370,37.195,42.317,47.180,46.480,39.961,34.622,32.516
21.831,18.162,14.671,13.299,14.578,18.012,28.007,33.620,36.252,32.734,31.365,31.651,29.469,30.130,30.609,30.542,30.040,37.680,42.681,47.439,46.764,40.381,35.194,33.156
23.489,19.985,16.721,15.433,16.646,19.852,29.337,34.551,37.000,33.698,32.373,32.576,30.561,31.169,31.644,31.591,31.099,38.264,43.026,47.522,46.940,40.942,36.026,34.025
24.123,20.664,17.511,16.198,17.312,20.501,29.880,35.014,37.522,34.276,32.928,33.014,31.013,31.536,32.049,32.010,31.504,38.555,43.361,47.887,47.337,41.402,36.541,34.378
24.903,21.521,18.465,17.172,18.233,21.396,30.485,35.433,37.903,34.760,33.440,33.518,31.559,32.041,32.540,32.501,32.008,38.858,43.563,47.989,47.475,41.690,36.968,34.827
25.368,22.073,19.043,17.768,18.810,21.948,30.842,35.765,38.217,35.113,33.842,33.974,32.014,32.502,32.973,32.927,32.457,39.225,43.815,48.160,47.614,41.907,37.282,35.240
25.876,22.665,19.696,18.443,19.456,22.506,31.252,36.133,38.551,35.494,34.248,34.364,32.436,32.917,33.387,33.344,32.881,39.534,44.037,48.307,47.750,42.149,37.607,35.594
26.153,22.982,20.034,18.787,19.782,22.831,31.466,36.318,38.734,35.704,34.479,34.616,32.686,33.161,33.618,33.572,33.120,39.724,44.177,48.411,47.845,42.284,37.796,35.818
26.462,23.363,20.432,19.198,20.179,23.193,31.706,36.569,38.973,35.963,34.774,34.945,33.014,33.499,33.938,33.888,33.451,40.006,44.376,48.553,47.953,42.446,38.022,36.116
26.718,23.659,20.735,19.511,20.487,23.497,31.907,36.756,39.148,36.158,34.995,35.205,33.272,33.763,34.184,34.128,33.705,40.224,44.530,48.664,48.046,42.575,38.201,36.358
26.966,23.917,21.002,19.775,20.735,23.793,32.104,36.899,39.303,36.338,35.188,35.425,33.480,33.957,34.362,34.302,33.888,40.374,44.659,48.779,48.170,42.715,38.379,36.555
27.247,24.299,21.405,20.169,21.074,24.176,32.265,37.084,39.542,36.605,35.509,35.814,33.821,34.284,34.656,34.585,34.200,40.645,44.841,48.923,48.256,42.835,38.602,36.855
27.519,24.680,21.811,20.585,21.456,24.532,32.425,37.270,39.736,36.828,35.786,36.147,34.135,34.602,34.947,34.869,34.509,40.893,44.972,48.986,48.262,42.907,38.773,37.124
27.747,24.837,21.968,20.754,21.657,24.762,32.665,37.374,39.789,36.907,35.843,36.197,34.223,34.685,35.028,34.950,34.583,40.927,45.030,49.030,48.376,43.037,38.889,37.225
27.854,24.931,22.049,20.824,21.723,24.873,32.778,37.492,39.932,37.044,35.979,36.347,34.353,34.809,35.147,35.067,34.702,41.071,45.192,49.213,48.559,43.192,39.036,37.368
27.929,25.050,22.172,20.933,21.802,24.951,32.840,37.638,40.125,37.222,36.170,36.539,34.515,34.966,35.306,35.225,34.865,41.261,45.376,49.416,48.717,43.335,39.190,37.518
28.027,25.101,22.215,20.974,21.857,25.025,32.962,37.735,40.213,37.306,36.234,36.587,34.573,35.020,35.367,35.288,34.919,41.326,45.483,49.542,48.875,43.474,39.298,37.592
28.105,25.335,22.464,21.198,21.999,25.162,32.972,37.922,40.510,37.586,36.572,36.970,34.874,35.313,35.645,35.559,35.217,41.656,45.704,49.616,48.876,43.596,39.500,37.849
28.482,25.749,22.943,21.730,22.554,25.551,33.283,38.124,40.585,37.717,36.707,37.055,35.057,35.512,35.856,35.779,35.430,41.713,45.734,49.654,48.898,43.638,39.595,37.972
28.689,25.965,23.168,21.986,22.842,25.777,33.466,38.245,40.630,37.787,36.789,37.149,35.195,35.673,36.007,35.930,35.584,41.804,45.735,49.715,48.933,43.679,39.663,38.101
28.855,26.202,23.423,22.228,23.034,26.014,33.546,38.348,40.788,37.964,37.001,37.403,35.406,35.865,36.179,36.095,35.768,41.966,45.846,49.750,48.961,43.751,39.806,38.281
28.969,26.346,23.588,22.401,23.200,26.126,33.644,38.455,40.879,38.062,37.103,37.485,35.504,35.965,36.286,36.206,35.877,42.045,45.902,49.786,49.002,43.812,39.883,38.356
29.139,26.513,23.773,22.602,23.411,26.286,33.811,38.583,40.967,38.164,37.198,37.554,35.607,36.071,36.401,36.325,35.990,42.117,45.963,49.797,49.017,43.905,39.979,38.445
29.309,26.689,23.953,22.791,23.607,26.489,33.949,38.672,41.034,38.251,37.297,37.677,35.738,36.205,36.522,36.443,36.115,42.207,46.020,49.810,49.050,43.966,40.067,38.571
29.445,26.843,24.104,22.945,23.761,26.626,34.083,38.834,41.196,38.408,37.461,37.848,35.906,36.381,36.696,36.616,36.291,42.388,46.184,49.968,49.191,44.110,40.216,38.737
29.539,26.954,24.228,23.068,23.872,26.733,34.154,38.900,41.267,38.488,37.546,37.932,35.989,36.458,36.772,36.692,36.369,42.448,46.232,50.007,49.226,44.160,40.285,38.807
29.672,27.113,24.404,23.252,24.049,26.873,34.266,39.010,41.365,38.595,37.659,38.034,36.103,36.572,36.889,36.811,36.489,42.537,46.298,50.054,49.267,44.231,40.375,38.901
29.792,27.259,24.556,23.399,24.179,27.020,34.354,39.105,41.479,38.717,37.795,38.188,36.241,36.705,37.013,36.932,36.617,42.658,46.398,50.146,49.344,44.314,40.484,39.029
29.888,27.381,24.698,23.548,24.323,27.092,34.456,39.243,41.604,38.837,37.912,38.267,36.339,36.806,37.130,37.056,36.734,42.761,46.494,50.235,49.421,44.414,40.582,39.106
30.014,27.503,24.829,23.682,24.455,27.215,34.580,39.347,41.700,38.940,38.009,38.351,36.432,36.895,37.224,37.151,36.827,42.838,46.576,50.314,49.511,44.514,40.683,39.193
30.147,27.671,25.016,23.875,24.640,27.354,34.689,39.470,41.813,39.061,38.139,38.471,36.561,37.027,37.358,37.288,36.965,42.948,46.657,50.373,49.556,44.590,40.781,39.301
30.212,27.745,25.097,23.949,24.698,27.420,34.747,39.540,41.904,39.151,38.229,38.553,36.634,37.089,37.425,37.354,37.031,43.018,46.734,50.463,49.639,44.669,40.863,39.366
30.319,27.856,25.206,24.061,24.812,27.545,34.840,39.616,41.975,39.230,38.314,38.657,36.736,37.194,37.520,37.448,37.129,43.106,46.806,50.522,49.699,44.736,40.944,39.468
30.451,27.985,25.327,24.190,24.952,27.707,34.950,39.688,42.030,39.297,38.393,38.769,36.850,37.315,37.625,37.548,37.237,43.196,46.869,50.560,49.744,44.793,41.020,39.588
30.541,28.090,25.448,24.314,25.069,27.798,35.025,39.759,42.095,39.370,38.468,38.829,36.919,37.380,37.695,37.619,37.308,43.245,46.907,50.588,49.772,44.841,41.080,39.641
30.665,28.189,25.545,24.417,25.186,27.920,35.157,39.844,42.158,39.441,38.530,38.888,36.994,37.456,37.771,37.696,37.381,43.304,46.974,50.649,49.857,44.933,41.165,39.722
30.755,28.299,25.664,24.531,25.284,28.018,35.231,39.935,42.266,39.551,38.645,39.001,37.097,37.552,37.868,37.793,37.480,43.400,47.065,50.743,49.939,45.018,41.262,39.814
30.859,28.408,25.783,24.661,25.422,28.120,35.330,40.017,42.321,39.613,38.708,39.055,37.171,37.632,37.950,37.878,37.563,43.458,47.106,50.761,49.963,45.068,41.319,39.879
30.942,28.513,25.886,24.765,25.521,28.221,35.396,40.099,42.409,39.702,38.810,39.175,37.282,37.746,38.057,37.981,37.673,43.567,47.192,50.838,50.024,45.133,41.400,39.986
31.010,28.605,25.982,24.858,25.602,28.303,35.443,40.165,42.488,39.784,38.902,39.277,37.373,37.836,38.142,38.065,37.762,43.652,47.261,50.901,50.070,45.185,41.470,40.069
31.089,28.696,26.076,24.948,25.682,28.382,35.517,40.261,42.597,39.889,39.010,39.383,37.471,37.931,38.239,38.162,37.859,43.756,47.364,51.010,50.168,45.279,41.568,40.162
31.168,28.771,26.146,25.030,25.784,28.454,35.608,40.345,42.650,39.942,39.063,39.438,37.543,38.017,38.324,38.248,37.944,43.834,47.428,51.055,50.218,45.341,41.625,40.239
31.265,28.872,26.245,25.140,25.906,28.550,35.706,40.439,42.721,40.014,39.139,39.518,37.635,38.121,38.426,38.350,38.047,43.926,47.502,51.109,50.272,45.410,41.696,40.332
31.437,29.023,26.394,25.309,26.107,28.724,35.881,40.556,42.781,40.087,39.210,39.595,37.746,38.247,38.548,38.472,38.168,44.015,47.569,51.140,50.328,45.497,41.783,40.449
31.520,29.099,26.474,25.392,26.194,28.795,35.974,40.641,42.856,40.163,39.279,39.648,37.810,38.312,38.619,38.545,38.236,44.078,47.640,51.211,50.407,45.581,41.859,40.511
31.590,29.179,26.561,25.481,26.281,28.854,36.049,40.735,42.946,40.249,39.364,39.719,37.886,38.390,38.704,38.633,38.321,44.161,47.722,51.292,50.482,45.662,41.937,40.581
31.720,29.314,26.713,25.638,26.436,28.981,36.171,40.838,43.034,40.347,39.458,39.792,37.976,38.477,38.797,38.729,38.414,44.227,47.784,51.343,50.542,45.745,42.026,40.657
31.834,29.430,26.833,25.762,26.562,29.098,36.279,40.934,43.121,40.439,39.551,39.884,38.075,38.576,38.896,38.828,38.513,44.314,47.863,51.413,50.616,45.829,42.116,40.751
31.940,29.511,26.897,25.830,26.648,29.206,36.398,41.028,43.201,40.518,39.628,39.979,38.172,38.680,38.993,38.923,38.609,44.418,47.971,51.518,50.735,45.939,42.215,40.866
32.009,29.584,26.973,25.903,26.716,29.279,36.460,41.092,43.272,40.590,39.702,40.054,38.243,38.749,39.061,38.990,38.677,44.485,48.037,51.585,50.799,46.003,42.284,40.935
32.114,29.703,27.096,26.032,26.844,29.393,36.551,41.183,43.355,40.678,39.797,40.154,38.347,38.856,39.165,39.094,38.784,44.579,48.110,51.644,50.852,46.071,42.365,41.032
32.206,29.787,27.175,26.117,26.941,29.492,36.643,41.249,43.403,40.732,39.851,40.218,38.419,38.933,39.238,39.166,38.856,44.641,48.165,51.686,50.904,46.130,42.426,41.108
32.259,29.857,27.248,26.191,27.013,29.523,36.710,41.366,43.522,40.837,39.956,40.306,38.509,39.031,39.344,39.275,38.963,44.761,48.283,51.807,51.006,46.232,42.519,41.195
32.357,29.950,27.327,26.271,27.102,29.636,36.804,41.452,43.606,40.922,40.049,40.427,38.622,39.149,39.451,39.378,39.071,44.877,48.388,51.905,51.103,46.322,42.614,41.319
32.435,30.015,27.388,26.338,27.181,29.706,36.894,41.532,43.668,40.983,40.105,40.480,38.686,39.220,39.523,39.451,39.142,44.946,48.459,51.971,51.178,46.400,42.682,41.389
32.549,30.126,27.497,26.456,27.314,29.804,37.025,41.669,43.782,41.092,40.211,40.578,38.799,39.345,39.653,39.582,39.269,45.072,48.580,52.082,51.290,46.520,42.792,41.505
32.674,30.230,27.583,26.539,27.405,29.956,37.140,41.745,43.861,41.178,40.304,40.709,38.917,39.462,39.753,39.676,39.371,45.179,48.684,52.184,51.404,46.620,42.899,41.640
32.741,30.291,27.637,26.594,27.468,30.020,37.214,41.824,43.936,41.249,40.375,40.787,38.995,39.545,39.833,39.756,39.451,45.268,48.772,52.271,51.491,46.701,42.975,41.725
32.836,30.376,27.716,26.676,27.557,30.111,37.318,41.921,44.027,41.338,40.462,40.875,39.086,39.640,39.928,39.850,39.544,45.365,48.873,52.372,51.597,46.805,43.071,41.823
32.952,30.505,27.851,26.822,27.713,30.226,37.430,42.032,44.111,41.426,40.554,40.964,39.192,39.757,40.045,39.969,39.663,45.465,48.949,52.423,51.645,46.877,43.151,41.922
33.045,30.587,27.922,26.897,27.799,30.322,37.529,42.120,44.189,41.503,40.632,41.057,39.286,39.857,40.140,40.062,39.758,45.564,49.044,52.513,51.740,46.968,43.238,42.026
33.163,30.709,28.050,27.026,27.925,30.448,37.635,42.213,44.280,41.601,40.732,41.157,39.388,39.956,40.238,40.160,39.857,45.650,49.125,52.587,51.817,47.055,43.334,42.123
33.275,30.830,28.176,27.161,28.066,30.564,37.739,42.309,44.356,41.683,40.819,41.244,39.487,40.063,40.343,40.266,39.963,45.738,49.193,52.635,51.865,47.122,43.410,42.216
33.421,30.981,28.329,27.316,28.219,30.735,37.861,42.403,44.447,41.786,40.930,41.372,39.614,40.186,40.457,40.377,40.080,45.837,49.275,52.704,51.938,47.206,43.514,42.338
33.565,31.120,28.464,27.452,28.359,30.896,37.993,42.509,44.549,41.895,41.044,41.505,39.745,40.318,40.580,40.497,40.204,45.953,49.380,52.800,52.040,47.312,43.630,42.473
33.666,31.223,28.559,27.552,28.466,31.012,38.084,42.591,44.624,41.974,41.131,41.615,39.852,40.432,40.684,40.598,40.310,46.056,49.466,52.872,52.109,47.385,43.713,42.585
33.762,31.330,28.667,27.665,28.580,31.124,38.164,42.660,44.684,42.041,41.207,41.703,39.943,40.525,40.772,40.684,40.400,46.132,49.520,52.909,52.144,47.433,43.777,42.672
33.832,31.422,28.747,27.736,28.641,31.202,38.230,42.782,44.836,42.179,41.358,41.877,40.090,40.676,40.915,40.824,40.547,46.310,49.689,53.088,52.292,47.560,43.909,42.824
33.946,31.544,28.868,27.860,28.766,31.313,38.347,42.917,44.968,42.307,41.488,42.007,40.220,40.812,41.052,40.961,40.684,46.451,49.823,53.219,52.415,47.685,44.033,42.954
34.048,31.688,29.017,28.013,28.911,31.420,38.434,43.055,45.108,42.443,41.638,42.163,40.372,40.973,41.212,41.120,40.849,46.614,49.953,53.332,52.496,47.781,44.147,43.094
34.155,31.789,29.124,28.121,29.020,31.514,38.550,43.163,45.211,42.546,41.733,42.238,40.457,41.054,41.301,41.213,40.936,46.695,50.046,53.430,52.603,47.891,44.249,43.175
34.221,31.851,29.180,28.167,29.060,31.559,38.640,43.298,45.369,42.686,41.867,42.362,40.567,41.162,41.417,41.330,41.049,46.843,50.220,53.631,52.793,48.054,44.390,43.292
34.377,32.019,29.372,28.359,29.239,31.711,38.783,43.429,45.498,42.826,42.001,42.466,40.683,41.268,41.533,41.450,41.165,46.931,50.310,53.719,52.886,48.169,44.514,43.388
34.489,32.141,29.497,28.470,29.325,31.833,38.880,43.545,45.653,42.980,42.158,42.626,40.819,41.389,41.653,41.568,41.286,47.065,50.456,53.888,53.044,48.309,44.661,43.518
34.643,32.296,29.639,28.622,29.495,31.999,39.032,43.689,45.776,43.103,42.291,42.786,40.984,41.569,41.822,41.734,41.457,47.234,50.598,54.006,53.159,48.432,44.792,43.692
34.738,32.406,29.744,28.712,29.567,32.093,39.128,43.837,45.964,43.278,42.470,42.970,41.140,41.719,41.972,41.883,41.609,47.417,50.793,54.226,53.355,48.602,44.959,43.850
34.839,32.510,29.833,28.795,29.650,32.193,39.240,43.986,46.130,43.430,42.627,43.143,41.295,41.879,42.128,42.037,41.766,47.605,50.984,54.429,53.542,48.766,45.116,44.018
34.988,32.643,29.973,28.938,29.795,32.337,39.390,44.100,46.233,43.542,42.729,43.230,41.396,41.973,42.227,42.138,41.862,47.684,51.075,54.520,53.654,48.886,45.232,44.114
35.068,32.757,30.081,29.046,29.901,32.385,39.497,44.312,46.455,43.735,42.927,43.415,41.573,42.167,42.431,42.345,42.067,47.927,51.311,54.764,53.855,49.075,45.406,44.292
35.254,32.973,30.333,29.296,30.126,32.539,39.685,44.540,46.691,43.969,43.149,43.573,41.745,42.327,42.618,42.541,42.252,48.094,51.493,54.958,54.039,49.280,45.606,44.431
35.450,33.185,30.568,29.547,30.389,32.672,39.921,44.824,46.933,44.198,43.361,43.714,41.930,42.526,42.849,42.784,42.478,48.307,51.710,55.165,54.241,49.513,45.812,44.598
35.659,33.423,30.827,29.806,30.630,32.873,40.121,45.052,47.168,44.433,43.597,43.923,42.143,42.734,43.068,43.007,42.698,48.515,51.913,55.367,54.429,49.717,46.024,44.790
35.762,33.526,30.927,29.899,30.719,32.955,40.245,45.215,47.346,44.596,43.754,44.067,42.280,42.870,43.213,43.153,42.841,48.682,52.099,55.574,54.626,49.896,46.185,44.930
35.972,33.682,31.074,30.039,30.870,33.141,40.491,45.423,47.555,44.801,43.935,44.231,42.449,43.030,43.380,43.322,43.001,48.860,52.329,55.834,54.920,50.162,46.416,45.118
36.215,33.909,31.317,30.278,31.101,33.367,40.742,45.651,47.785,45.036,44.154,44.415,42.644,43.211,43.574,43.521,43.191,49.039,52.538,56.058,55.164,50.408,46.651,45.304
36.535,34.187,31.595,30.538,31.349,33.710,41.049,45.881,48.045,45.313,44.419,44.688,42.901,43.439,43.796,43.740,43.410,49.254,52.794,56.344,55.486,50.707,46.950,45.568
36.860,34.465,31.864,30.794,31.602,34.036,41.385,46.169,48.355,45.625,44.717,44.988,43.190,43.710,44.065,44.007,43.675,49.534,53.119,56.701,55.873,51.062,47.288,45.873
37.154,34.810,32.240,31.141,31.884,34.367,41.618,46.432,48.700,45.982,45.085,45.350,43.509,43.990,44.345,44.286,43.961,49.812,53.403,57.016,56.159,51.342,47.610,46.156
37.572,35.151,32.584,31.483,32.242,34.745,42.082,46.812,49.061,46.348,45.413,45.631,43.818,44.283,44.655,44.603,44.260,50.107,53.769,57.413,56.619,51.786,48.008,46.478
37.931,35.511,32.984,31.846,32.541,35.089,42.431,47.168,49.500,46.792,45.830,45.981,44.142,44.551,44.950,44.905,44.550,50.401,54.142,57.860,57.076,52.216,48.431,46.771
38.312,35.877,33.348,32.175,32.828,35.513,42.775,47.484,49.899,47.200,46.241,46.421,44.529,44.898,45.282,45.230,44.885,50.757,54.536,58.304,57.524,52.617,48.850,47.160
38.680,36.281,33.714,32.537,33.192,35.891,43.151,47.969,50.413,47.683,46.750,46.986,45.053,45.446,45.814,45.755,45.423,51.359,55.106,58.877,58.038,53.095,49.330,47.707
39.227,36.871,34.328,33.088,33.641,36.453,43.662,48.579,51.189,48.444,47.509,47.723,45.699,46.027,46.407,46.346,46.018,52.013,55.833,59.710,58.824,53.807,50.056,48.326
40.441,37.930,35.448,34.162,34.690,37.408,45.099,50.045,52.699,49.898,48.807,48.714,46.754,47.009,47.523,47.506,47.092,53.162,57.298,61.381,60.600,55.490,51.525,49.375
41.705,39.078,36.670,35.384,35.920,38.495,46.496,51.356,53.955,51.151,49.946,49.611,47.760,47.972,48.586,48.603,48.123,54.154,58.474,62.639,61.975,56.878,52.784,50.352
44.026,40.867,38.559,37.243,37.865,40.351,49.265,53.699,56.171,53.354,51.798,50.898,49.303,49.383,50.228,50.324,49.665,55.689,60.643,65.112,64.884,59.681,55.150,51.940
