5.250,1.571,0.578,-0.893,2.501,7.303,28.128,41.929,50.550,42.166,32.960,32.854,24.928,20.838,15.662,11.255,7.872,18.272,29.935,35.764,25.941,8.838,1.585,-6.759
19.264,17.400,15.458,15.210,17.698,20.870,36.511,45.982,52.388,46.257,39.713,40.933,34.759,32.375,28.379,24.949,23.679,28.876,37.209,41.740,34.821,22.163,17.438,11.596
22.470,20.503,19.306,18.339,20.506,23.811,37.589,47.129,52.406,47.474,42.354,41.158,35.307,33.868,29.709,26.938,25.121,31.584,39.347,42.912,36.091,25.068,20.753,15.122
24.927,23.200,21.988,21.190,23.176,26.169,38.851,47.530,52.475,47.855,43.169,42.214,36.821,35.545,31.715,29.153,27.609,33.295,40.389,43.684,37.471,27.345,23.439,18.302
26.352,24.704,23.607,22.811,24.674,27.513,39.414,47.629,52.481,47.938,43.568,42.544,37.465,36.292,32.667,30.277,28.778,34.239,40.922,43.990,38.120,28.621,24.940,20.089
27.387,25.761,24.820,23.923,25.688,28.473,39.750,47.753,52.484,48.062,44.023,42.654,37.768,36.763,33.223,30.999,29.439,34.969,41.386,44.226,38.520,29.534,26.010,21.327
28.204,26.581,25.722,24.823,26.544,29.255,40.197,47.972,52.528,48.260,44.283,42.973,38.262,37.211,33.815,31.652,30.077,35.538,41.780,44.457,39.004,30.261,26.799,22.249
28.624,26.982,26.254,25.404,27.021,29.672,40.365,48.017,52.571,48.326,44.604,42.974,38.419,37.456,34.005,31.983,30.510,35.956,41.958,44.553,39.257,30.841,27.474,22.959
29.156,27.532,26.857,25.973,27.544,30.177,40.631,48.217,52.575,48.535,44.984,43.158,38.664,37.809,34.356,32.411,30.936,36.402,42.293,44.675,39.552,31.353,28.063,23.604
29.695,28.122,27.426,26.614,28.153,30.704,40.969,48.338,52.652,48.645,45.126,43.469,39.086,38.209,34.853,32.930,31.538,36.775,42.524,44.881,39.913,31.862,28.645,24.296
29.990,28.473,27.737,26.996,28.503,30.999,41.170,48.419,52.658,48.734,45.300,43.675,39.337,38.513,35.158,33.266,31.982,37.027,42.671,44.969,40.135,32.198,29.057,24.761
30.370,28.892,28.181,27.372,28.847,31.340,41.246,48.446,52.749,48.768,45.508,43.695,39.383,38.704,35.357,33.529,32.210,37.285,42.851,45.072,40.223,32.494,29.439,25.211
30.755,29.373,28.545,27.834,29.300,31.726,41.576,48.619,52.806,48.943,45.702,44.098,39.804,39.160,35.851,34.011,32.823,37.588,43.078,45.323,40.552,32.872,29.898,25.748
31.029,29.683,28.818,28.155,29.615,31.998,41.790,48.724,52.841,49.040,45.785,44.327,40.073,39.406,36.151,34.305,33.168,37.783,43.220,45.483,40.769,33.125,30.183,26.088
31.253,30.005,29.032,28.421,29.860,32.220,41.964,48.857,52.873,49.196,46.072,44.574,40.273,39.772,36.450,34.625,33.607,38.020,43.407,45.630,40.944,33.381,30.540,26.474
31.367,30.101,29.157,28.552,29.988,32.332,42.044,48.891,52.893,49.221,46.078,44.623,40.367,39.809,36.530,34.706,33.677,38.091,43.453,45.677,41.031,33.484,30.631,26.584
31.474,30.228,29.243,28.667,30.108,32.447,42.210,49.056,53.085,49.389,46.224,44.827,40.550,39.997,36.706,34.867,33.874,38.222,43.595,45.838,41.191,33.608,30.760,26.708
31.590,30.348,29.344,28.780,30.230,32.569,42.375,49.224,53.276,49.556,46.352,45.015,40.725,40.157,36.867,35.012,34.029,38.351,43.741,46.008,41.350,33.728,30.872,26.814
31.902,30.657,29.674,29.085,30.543,32.859,42.540,49.294,53.295,49.603,46.362,45.147,40.918,40.278,37.102,35.237,34.197,38.506,43.873,46.173,41.510,33.926,31.068,27.078
31.973,30.756,29.750,29.207,30.646,32.935,42.592,49.296,53.302,49.613,46.413,45.206,40.994,40.389,37.194,35.346,34.377,38.584,43.896,46.191,41.575,34.044,31.224,27.250
32.153,30.950,29.932,29.412,30.846,33.115,42.745,49.401,53.392,49.716,46.515,45.361,41.170,40.555,37.382,35.534,34.590,38.733,44.018,46.295,41.732,34.222,31.417,27.465
32.312,31.115,30.085,29.593,31.029,33.276,42.899,49.496,53.492,49.803,46.559,45.520,41.357,40.694,37.563,35.703,34.776,38.850,44.117,46.419,41.887,34.368,31.562,27.635
32.519,31.363,30.288,29.842,31.273,33.482,43.058,49.561,53.548,49.864,46.617,45.702,41.566,40.899,37.806,35.940,35.069,38.995,44.215,46.531,42.048,34.562,31.791,27.912
32.634,31.490,30.399,29.964,31.394,33.598,43.179,49.678,53.669,49.984,46.751,45.836,41.692,41.043,37.939,36.074,35.222,39.118,44.334,46.646,42.169,34.686,31.927,28.049
32.739,31.611,30.494,30.078,31.508,33.707,43.306,49.796,53.799,50.106,46.874,45.984,41.830,41.193,38.081,36.211,35.386,39.233,44.447,46.764,42.294,34.803,32.053,28.177
32.843,31.739,30.587,30.210,31.638,33.816,43.423,49.870,53.883,50.180,46.946,46.126,41.976,41.340,38.233,36.356,35.581,39.329,44.522,46.846,42.412,34.921,32.190,28.329
32.951,31.859,30.676,30.341,31.773,33.933,43.581,49.993,54.031,50.300,47.023,46.312,42.168,41.496,38.406,36.510,35.774,39.436,44.625,46.974,42.568,35.043,32.310,28.457
33.014,31.937,30.733,30.417,31.845,34.001,43.669,50.083,54.130,50.397,47.142,46.416,42.259,41.615,38.499,36.607,35.903,39.527,44.709,47.046,42.658,35.135,32.416,28.556
33.126,32.037,30.860,30.557,31.973,34.113,43.748,50.124,54.154,50.435,47.185,46.464,42.347,41.677,38.578,36.699,36.004,39.620,44.765,47.076,42.749,35.261,32.544,28.697
33.300,32.204,31.047,30.720,32.138,34.278,43.857,50.214,54.221,50.518,47.257,46.552,42.455,41.767,38.703,36.826,36.095,39.741,44.881,47.203,42.858,35.391,32.670,28.843
33.407,32.321,31.153,30.854,32.269,34.387,43.952,50.259,54.264,50.559,47.286,46.650,42.577,41.867,38.826,36.946,36.244,39.821,44.935,47.260,42.957,35.502,32.791,28.984
33.540,32.456,31.308,30.986,32.390,34.509,44.000,50.297,54.266,50.598,47.370,46.671,42.612,41.932,38.896,37.036,36.316,39.922,45.013,47.312,43.010,35.614,32.920,29.129
33.658,32.586,31.403,31.142,32.553,34.638,44.152,50.393,54.350,50.692,47.392,46.827,42.789,42.089,39.094,37.207,36.538,40.018,45.094,47.432,43.165,35.745,33.045,29.273
33.739,32.674,31.510,31.208,32.607,34.704,44.174,50.400,54.401,50.693,47.469,46.874,42.840,42.108,39.096,37.238,36.542,40.077,45.137,47.438,43.184,35.800,33.127,29.365
33.840,32.778,31.601,31.328,32.733,34.810,44.270,50.462,54.431,50.752,47.476,46.955,42.939,42.203,39.231,37.356,36.677,40.147,45.198,47.530,43.282,35.893,33.213,29.469
33.927,32.858,31.699,31.412,32.815,34.891,44.313,50.493,54.445,50.780,47.505,46.977,42.979,42.234,39.280,37.410,36.711,40.206,45.247,47.575,43.328,35.961,33.279,29.546
34.029,32.964,31.805,31.520,32.920,34.991,44.396,50.563,54.507,50.850,47.584,47.057,43.065,42.325,39.375,37.509,36.815,40.297,45.327,47.650,43.412,36.061,33.387,29.661
34.117,33.061,31.889,31.623,33.023,35.081,44.485,50.621,54.570,50.906,47.625,47.154,43.173,42.417,39.483,37.611,36.935,40.369,45.388,47.720,43.502,36.148,33.479,29.766
34.244,33.193,32.009,31.745,33.151,35.206,44.609,50.733,54.685,51.014,47.713,47.288,43.306,42.538,39.621,37.740,37.060,40.475,45.501,47.855,43.621,36.254,33.583,29.879
34.327,33.284,32.088,31.840,33.247,35.292,44.702,50.805,54.763,51.085,47.773,47.390,43.413,42.635,39.726,37.840,37.178,40.552,45.571,47.932,43.713,36.342,33.674,29.978
34.415,33.384,32.172,31.933,33.341,35.380,44.784,50.872,54.831,51.151,47.838,47.483,43.505,42.731,39.828,37.938,37.287,40.628,45.643,48.013,43.793,36.423,33.764,30.076
34.481,33.458,32.232,32.017,33.421,35.451,44.871,50.945,54.913,51.226,47.913,47.582,43.606,42.831,39.922,38.030,37.409,40.706,45.710,48.075,43.884,36.511,33.858,30.171
34.608,33.598,32.352,32.135,33.548,35.573,44.980,51.031,55.000,51.307,47.970,47.706,43.728,42.943,40.062,38.157,37.528,40.794,45.805,48.204,43.984,36.600,33.950,30.281
34.691,33.688,32.432,32.223,33.637,35.657,45.065,51.107,55.078,51.383,48.044,47.798,43.820,43.036,40.157,38.249,37.630,40.874,45.882,48.285,44.068,36.684,34.037,30.373
34.787,33.783,32.530,32.316,33.733,35.750,45.142,51.170,55.136,51.441,48.086,47.872,43.903,43.101,40.244,38.332,37.701,40.943,45.952,48.369,44.144,36.758,34.109,30.456
34.898,33.885,32.644,32.411,33.834,35.855,45.232,51.261,55.221,51.527,48.155,47.953,43.988,43.171,40.333,38.417,37.757,41.030,46.048,48.480,44.230,36.840,34.181,30.533
34.989,33.973,32.741,32.485,33.909,35.942,45.303,51.352,55.303,51.620,48.262,48.016,44.043,43.243,40.400,38.488,37.806,41.120,46.148,48.576,44.298,36.917,34.257,30.606
35.101,34.100,32.843,32.610,34.035,36.057,45.427,51.453,55.413,51.719,48.350,48.161,44.187,43.383,40.547,38.627,37.970,41.224,46.246,48.688,44.421,37.031,34.379,30.737
35.183,34.177,32.923,32.682,34.113,36.137,45.514,51.542,55.506,51.806,48.417,48.247,44.273,43.453,40.628,38.702,38.030,41.298,46.331,48.788,44.504,37.099,34.438,30.796
35.294,34.290,33.039,32.798,34.229,36.244,45.586,51.583,55.535,51.841,48.442,48.311,44.355,43.519,40.723,38.795,38.118,41.369,46.390,48.855,44.576,37.186,34.528,30.906
35.393,34.387,33.150,32.894,34.320,36.335,45.629,51.615,55.545,51.872,48.491,48.337,44.394,43.566,40.781,38.863,38.169,41.439,46.447,48.903,44.622,37.265,34.614,31.005
35.542,34.543,33.289,33.031,34.467,36.483,45.795,51.783,55.725,52.037,48.631,48.521,44.565,43.729,40.954,39.022,38.322,41.580,46.607,49.091,44.779,37.395,34.738,31.131
35.662,34.654,33.415,33.144,34.584,36.598,45.883,51.855,55.786,52.103,48.676,48.594,44.655,43.792,41.047,39.112,38.389,41.664,46.690,49.188,44.866,37.486,34.822,31.227
35.773,34.768,33.527,33.235,34.682,36.701,45.959,51.931,55.853,52.174,48.737,48.672,44.729,43.865,41.141,39.200,38.448,41.741,46.779,49.299,44.935,37.554,34.889,31.306
35.888,34.874,33.652,33.333,34.781,36.810,46.041,52.026,55.934,52.267,48.835,48.738,44.796,43.936,41.218,39.282,38.498,41.841,46.886,49.406,45.016,37.646,34.975,31.394
35.974,34.966,33.728,33.431,34.884,36.898,46.142,52.093,56.012,52.329,48.863,48.851,44.921,44.028,41.335,39.385,38.617,41.907,46.948,49.490,45.114,37.726,35.053,31.484
36.093,35.091,33.842,33.555,35.013,37.019,46.264,52.191,56.116,52.423,48.929,48.981,45.058,44.142,41.472,39.512,38.748,42.004,47.045,49.609,45.233,37.833,35.157,31.599
36.173,35.162,33.928,33.620,35.077,37.095,46.331,52.283,56.201,52.517,49.039,49.039,45.109,44.207,41.526,39.572,38.788,42.092,47.140,49.695,45.301,37.908,35.229,31.663
36.278,35.266,34.039,33.746,35.195,37.202,46.424,52.352,56.262,52.585,49.114,49.119,45.209,44.299,41.622,39.676,38.907,42.191,47.216,49.755,45.400,38.027,35.354,31.795
36.399,35.389,34.155,33.860,35.316,37.321,46.546,52.467,56.381,52.696,49.202,49.249,45.338,44.413,41.753,39.797,39.020,42.295,47.330,49.890,45.517,38.129,35.451,31.898
36.494,35.489,34.253,33.960,35.415,37.414,46.614,52.513,56.420,52.741,49.246,49.314,45.414,44.485,41.840,39.884,39.108,42.366,47.390,49.953,45.586,38.211,35.539,32.000
36.575,35.583,34.328,34.055,35.507,37.499,46.717,52.611,56.526,52.843,49.363,49.432,45.524,44.613,41.950,39.996,39.251,42.467,47.483,50.037,45.691,38.317,35.656,32.115
36.685,35.695,34.438,34.154,35.612,37.604,46.802,52.685,56.595,52.912,49.415,49.517,45.613,44.690,42.051,40.090,39.327,42.545,47.567,50.142,45.771,38.394,35.731,32.202
36.781,35.790,34.536,34.250,35.708,37.697,46.880,52.750,56.654,52.973,49.466,49.592,45.695,44.761,42.138,40.175,39.404,42.619,47.638,50.222,45.848,38.475,35.810,32.290
36.861,35.868,34.612,34.323,35.787,37.776,46.963,52.830,56.738,53.051,49.523,49.678,45.782,44.832,42.222,40.251,39.471,42.688,47.716,50.315,45.928,38.540,35.869,32.352
36.944,35.937,34.707,34.405,35.863,37.858,47.031,52.910,56.807,53.132,49.618,49.724,45.837,44.888,42.271,40.312,39.518,42.778,47.800,50.379,46.001,38.631,35.955,32.431
37.032,36.038,34.788,34.501,35.961,37.947,47.122,52.981,56.884,53.202,49.683,49.830,45.943,44.994,42.384,40.418,39.643,42.856,47.873,50.463,46.091,38.717,36.049,32.535
37.199,36.230,34.945,34.670,36.134,38.113,47.286,53.128,57.036,53.349,49.831,50.022,46.121,45.189,42.584,40.610,39.854,43.009,48.026,50.634,46.248,38.870,36.218,32.717
37.346,36.369,35.102,34.799,36.266,38.252,47.390,53.234,57.126,53.451,49.929,50.109,46.215,45.277,42.691,40.718,39.925,43.125,48.149,50.765,46.349,38.982,36.324,32.831
37.478,36.515,35.226,34.931,36.403,38.381,47.513,53.334,57.229,53.548,50.011,50.249,46.353,45.411,42.843,40.860,40.074,43.230,48.255,50.895,46.467,39.093,36.441,32.963
37.584,36.647,35.329,35.060,36.525,38.490,47.615,53.413,57.309,53.633,50.126,50.369,46.469,45.559,42.976,40.999,40.256,43.342,48.345,50.971,46.571,39.218,36.593,33.124
37.692,36.765,35.438,35.168,36.632,38.595,47.702,53.490,57.380,53.710,50.213,50.461,46.560,45.663,43.084,41.107,40.367,43.436,48.435,51.063,46.657,39.315,36.700,33.241
37.870,36.954,35.604,35.344,36.821,38.771,47.872,53.619,57.517,53.829,50.278,50.650,46.758,45.820,43.289,41.289,40.547,43.562,48.566,51.244,46.819,39.451,36.831,33.397
38.000,37.083,35.723,35.473,36.956,38.904,48.036,53.780,57.694,53.988,50.408,50.827,46.931,45.972,43.448,41.436,40.698,43.695,48.711,51.408,46.978,39.581,36.952,33.516
38.141,37.232,35.847,35.618,37.111,39.050,48.216,53.941,57.876,54.144,50.517,51.031,47.133,46.141,43.637,41.604,40.879,43.827,48.854,51.587,47.151,39.714,37.077,33.647
38.260,37.362,35.959,35.740,37.236,39.170,48.344,54.059,58.001,54.263,50.632,51.174,47.271,46.281,43.779,41.741,41.030,43.943,48.971,51.713,47.277,39.833,37.201,33.775
38.330,37.438,36.029,35.820,37.313,39.242,48.418,54.126,58.069,54.331,50.706,51.251,47.349,46.365,43.859,41.822,41.125,44.018,49.038,51.775,47.353,39.913,37.288,33.863
38.487,37.597,36.164,35.967,37.474,39.406,48.642,54.360,58.334,54.562,50.891,51.505,47.583,46.575,44.072,42.012,41.320,44.190,49.240,52.015,47.567,40.068,37.427,33.993
38.659,37.791,36.324,36.161,37.672,39.578,48.806,54.460,58.440,54.656,50.949,51.691,47.787,46.748,44.285,42.209,41.548,44.316,49.348,52.155,47.728,40.223,37.591,34.188
38.802,37.951,36.446,36.307,37.826,39.728,49.006,54.658,58.667,54.856,51.126,51.929,48.004,46.963,44.494,42.400,41.767,44.477,49.524,52.357,47.921,40.375,37.744,34.338
38.963,38.116,36.609,36.458,37.976,39.885,49.150,54.815,58.817,55.014,51.302,52.074,48.139,47.121,44.644,42.554,41.912,44.637,49.689,52.519,48.063,40.526,37.901,34.494
39.105,38.263,36.747,36.594,38.114,40.028,49.306,54.985,58.994,55.187,51.482,52.241,48.291,47.288,44.799,42.707,42.068,44.793,49.854,52.686,48.216,40.672,38.049,34.636
39.238,38.400,36.868,36.734,38.257,40.169,49.490,55.173,59.202,55.377,51.657,52.442,48.483,47.473,44.973,42.872,42.255,44.952,50.021,52.859,48.399,40.827,38.200,34.777
39.430,38.579,37.060,36.936,38.463,40.362,49.680,55.328,59.358,55.523,51.757,52.619,48.690,47.622,45.161,43.051,42.427,45.112,50.172,53.028,48.590,41.007,38.365,34.954
39.592,38.693,37.235,37.128,38.650,40.533,49.862,55.474,59.502,55.656,51.824,52.749,48.885,47.708,45.291,43.181,42.544,45.261,50.297,53.145,48.788,41.194,38.512,35.101
39.800,38.856,37.480,37.403,38.897,40.745,50.015,55.549,59.541,55.724,51.885,52.817,49.055,47.792,45.415,43.336,42.712,45.440,50.391,53.175,48.974,41.451,38.758,35.363
40.016,39.013,37.758,37.605,39.064,40.952,50.139,55.770,59.695,55.960,52.261,52.833,49.088,47.903,45.447,43.443,42.755,45.723,50.646,53.292,49.126,41.720,39.027,35.587
40.208,39.212,37.964,37.800,39.239,41.145,50.324,56.012,59.923,56.221,52.629,53.010,49.235,48.151,45.614,43.644,42.979,45.987,50.898,53.471,49.321,41.968,39.304,35.834
40.471,39.456,38.245,38.093,39.516,41.413,50.577,56.255,60.152,56.466,52.900,53.227,49.485,48.390,45.841,43.894,43.243,46.270,51.144,53.668,49.593,42.277,39.613,36.137
40.685,39.645,38.497,38.319,39.707,41.627,50.756,56.504,60.363,56.736,53.303,53.348,49.605,48.603,45.961,44.074,43.426,46.571,51.410,53.812,49.797,42.573,39.929,36.412
40.998,39.918,38.868,38.644,39.993,41.933,50.969,56.770,60.564,57.016,53.722,53.466,49.752,48.825,46.116,44.301,43.625,46.933,51.719,53.987,50.041,42.946,40.318,36.773
41.290,40.157,39.220,38.953,40.259,42.223,51.193,57.065,60.799,57.328,54.172,53.586,49.902,49.042,46.252,44.512,43.812,47.305,52.040,54.159,50.300,43.325,40.704,37.116
41.545,40.410,39.464,39.242,40.542,42.493,51.520,57.380,61.138,57.647,54.482,53.922,50.245,49.367,46.557,44.816,44.166,47.606,52.325,54.427,50.635,43.642,41.018,37.416
41.893,40.775,39.800,39.565,40.868,42.844,51.919,57.851,61.627,58.131,55.012,54.355,50.618,49.816,46.941,45.202,44.561,48.022,52.777,54.870,51.026,44.012,41.399,37.765
42.429,41.301,40.316,40.111,41.419,43.394,52.555,58.503,62.316,58.784,55.628,55.009,51.262,50.429,47.538,45.784,45.170,48.611,53.381,55.483,51.662,44.593,41.960,38.301
43.036,41.834,40.968,40.752,42.023,44.014,53.181,59.192,62.978,59.486,56.403,55.534,51.833,50.995,48.034,46.339,45.715,49.325,54.051,56.020,52.326,45.322,42.665,38.947
43.937,42.576,41.942,41.677,42.888,44.942,54.194,60.413,64.174,60.736,57.793,56.368,52.705,51.883,48.741,47.151,46.485,50.499,55.194,56.915,53.404,46.471,43.744,39.870
45.033,43.494,43.112,42.711,43.907,46.036,55.290,61.683,65.395,62.000,59.055,57.269,53.666,52.747,49.572,48.040,47.179,51.689,56.419,58.030,54.531,47.615,44.768,40.793
46.831,44.724,45.277,44.331,45.359,47.804,56.821,63.990,67.382,64.368,61.994,58.039,54.568,53.815,50.203,49.070,47.624,54.022,58.729,59.578,56.232,49.771,46.696,42.309
