-9.586,-11.529,-12.310,-17.118,-14.005,-5.269,11.043,26.385,29.359,28.499,20.894,20.741,19.518,22.732,28.165,30.890,33.867,45.173,43.794,34.066,26.057,18.568,16.097,8.738
10.374,8.953,8.067,5.574,7.750,12.787,23.780,34.147,36.721,35.390,31.610,31.301,30.782,33.288,37.197,39.460,41.556,48.612,47.222,40.441,34.800,29.305,28.042,22.988
14.975,13.658,12.757,10.755,12.711,16.968,26.840,36.089,38.543,37.113,34.178,33.828,33.416,35.724,39.254,41.416,43.359,49.442,48.095,42.013,36.897,31.862,30.838,26.283
16.913,15.639,14.728,12.937,14.802,18.728,28.133,36.912,39.321,37.845,35.275,34.904,34.537,36.763,40.132,42.255,44.136,49.755,48.477,42.688,37.790,32.944,32.021,27.673
18.201,16.974,16.097,14.406,16.209,19.923,28.912,37.377,39.728,38.284,35.828,35.487,35.200,37.394,40.706,42.747,44.524,49.805,48.650,43.023,38.307,33.624,32.781,28.616
19.029,17.857,16.999,15.295,17.062,20.775,29.576,37.853,40.124,38.774,36.292,35.951,35.621,37.732,40.907,42.888,44.608,49.917,48.752,43.280,38.680,34.122,33.251,29.166
19.735,18.619,17.734,16.061,17.808,21.497,30.163,38.285,40.532,39.223,36.811,36.436,36.055,38.100,41.128,43.097,44.772,50.001,48.798,43.572,39.048,34.560,33.669,29.626
20.592,19.519,18.633,16.963,18.663,22.359,30.909,38.804,40.963,39.718,37.368,36.961,36.473,38.387,41.205,43.142,44.817,50.004,48.910,43.830,39.416,35.054,34.113,30.128
20.981,19.888,19.034,17.372,19.049,22.705,31.213,39.053,41.181,39.928,37.591,37.205,36.736,38.639,41.461,43.378,45.050,50.048,48.944,44.057,39.672,35.349,34.426,30.479
21.331,20.288,19.401,17.726,19.399,23.112,31.595,39.355,41.445,40.256,37.938,37.508,36.948,38.778,41.477,43.393,45.085,50.051,49.141,44.100,39.864,35.580,34.602,30.648
21.968,20.879,20.085,18.388,20.003,23.671,32.070,39.367,41.459,40.259,38.165,37.794,37.260,39.044,41.760,43.607,45.156,50.143,49.187,44.212,40.098,36.010,35.051,31.187
22.617,21.499,20.773,19.065,20.636,24.261,32.225,39.707,41.707,40.526,38.288,37.889,37.542,39.368,41.952,43.750,45.324,50.251,49.349,44.453,40.183,36.083,35.310,31.716
23.007,21.893,21.142,19.523,21.089,24.590,32.573,40.106,42.030,40.866,38.480,38.153,37.644,39.397,42.137,43.927,45.667,50.538,49.595,44.769,40.565,36.479,35.540,31.751
23.068,22.147,21.264,19.881,21.455,24.647,32.799,40.236,42.199,40.985,38.764,38.428,37.970,39.751,42.506,44.314,46.006,50.600,49.603,44.910,40.822,36.732,35.848,32.094
23.752,22.707,21.939,20.461,21.987,25.255,33.053,40.269,42.233,41.013,38.918,38.580,38.202,39.975,42.653,44.418,46.030,50.818,49.802,45.007,40.882,36.907,36.109,32.509
23.886,22.832,22.061,20.593,22.121,25.378,33.193,40.392,42.367,41.134,39.085,38.747,38.379,40.164,42.861,44.635,46.231,50.825,49.831,45.100,41.059,37.069,36.280,32.673
23.995,22.898,22.166,20.659,22.171,25.467,33.372,40.587,42.519,41.281,39.194,38.874,38.483,40.242,42.962,44.726,46.391,50.982,49.956,45.263,41.211,37.236,36.430,32.815
24.062,22.944,22.237,20.690,22.195,25.538,33.511,40.750,42.652,41.423,39.286,38.977,38.566,40.307,43.036,44.792,46.495,51.106,50.087,45.396,41.333,37.365,36.539,32.913
24.147,23.024,22.316,20.766,22.274,25.624,33.618,40.872,42.776,41.544,39.403,39.094,38.680,40.424,43.159,44.919,46.626,51.185,50.204,45.526,41.454,37.478,36.650,33.016
24.393,23.253,22.588,20.968,22.462,25.885,33.825,40.998,42.872,41.658,39.538,39.224,38.789,40.494,43.174,44.919,46.629,51.247,50.226,45.574,41.543,37.613,36.777,33.171
24.415,23.303,22.602,20.991,22.501,25.890,33.942,41.204,43.049,41.859,39.615,39.327,38.879,40.585,43.315,45.044,46.791,51.441,50.449,45.771,41.706,37.764,36.900,33.265
24.468,23.322,22.628,21.056,22.545,25.996,34.184,41.415,43.194,42.006,39.750,39.490,39.039,40.707,43.447,45.143,46.939,51.536,50.533,45.910,41.881,37.985,37.083,33.384
24.727,23.550,22.939,21.302,22.759,26.175,34.219,41.512,43.376,42.171,39.940,39.621,39.115,40.807,43.501,45.269,47.057,51.715,50.717,46.090,41.973,38.000,37.137,33.543
25.003,23.823,23.219,21.584,23.033,26.441,34.472,41.642,43.409,42.222,39.975,39.717,39.262,40.917,43.647,45.338,47.142,51.718,50.773,46.116,42.099,38.234,37.372,33.788
25.099,23.918,23.320,21.671,23.116,26.543,34.584,41.746,43.498,42.323,40.060,39.802,39.331,40.972,43.686,45.371,47.182,51.753,50.777,46.189,42.177,38.323,37.449,33.866
25.266,24.082,23.507,21.839,23.275,26.710,34.731,41.879,43.606,42.451,40.146,39.905,39.440,41.074,43.799,45.462,47.272,51.854,50.868,46.290,42.295,38.466,37.590,34.024
25.394,24.226,23.644,21.986,23.424,26.845,34.818,41.947,43.678,42.533,40.233,39.990,39.533,41.169,43.882,45.540,47.323,51.902,50.921,46.350,42.370,38.548,37.677,34.123
25.474,24.330,23.717,22.085,23.538,26.940,34.879,42.018,43.787,42.637,40.367,40.108,39.662,41.321,44.025,45.699,47.444,52.031,51.051,46.461,42.474,38.628,37.767,34.205
25.670,24.482,23.931,22.259,23.685,27.100,35.070,42.197,43.906,42.763,40.429,40.210,39.773,41.413,44.167,45.805,47.603,52.194,51.178,46.598,42.626,38.821,37.960,34.424
25.802,24.624,24.067,22.411,23.837,27.227,35.153,42.256,43.971,42.828,40.515,40.294,39.867,41.510,44.256,45.893,47.671,52.246,51.229,46.658,42.699,38.900,38.049,34.526
25.937,24.785,24.212,22.578,24.006,27.370,35.225,42.294,44.021,42.888,40.597,40.368,39.950,41.597,44.319,45.954,47.694,52.254,51.246,46.689,42.751,38.961,38.118,34.612
26.022,24.852,24.296,22.639,24.062,27.453,35.356,42.442,44.150,43.018,40.699,40.478,40.049,41.685,44.418,46.048,47.817,52.388,51.381,46.823,42.875,39.089,38.235,34.721
26.103,24.929,24.382,22.705,24.124,27.541,35.467,42.550,44.240,43.120,40.780,40.560,40.110,41.729,44.447,46.071,47.855,52.424,51.438,46.896,42.951,39.176,38.307,34.789
26.199,25.024,24.473,22.807,24.226,27.630,35.550,42.629,44.326,43.197,40.875,40.653,40.209,41.832,44.552,46.181,47.964,52.525,51.532,46.989,43.043,39.263,38.401,34.884
26.322,25.158,24.601,22.953,24.372,27.748,35.622,42.683,44.388,43.259,40.953,40.731,40.304,41.936,44.658,46.285,48.046,52.599,51.595,47.053,43.118,39.343,38.493,34.990
26.441,25.277,24.724,23.086,24.501,27.856,35.698,42.744,44.449,43.318,41.019,40.803,40.390,42.029,44.760,46.380,48.132,52.678,51.660,47.118,43.194,39.426,38.588,35.099
26.510,25.339,24.794,23.137,24.549,27.931,35.808,42.861,44.552,43.426,41.109,40.894,40.463,42.088,44.812,46.431,48.202,52.751,51.747,47.213,43.284,39.520,38.668,35.171
26.647,25.468,24.943,23.282,24.684,28.053,35.901,42.933,44.606,43.487,41.153,40.953,40.538,42.160,44.901,46.503,48.274,52.819,51.798,47.271,43.359,39.616,38.773,35.298
26.776,25.613,25.073,23.440,24.848,28.179,35.970,42.987,44.681,43.557,41.254,41.049,40.656,42.296,45.039,46.643,48.382,52.921,51.886,47.352,43.449,39.701,38.876,35.412
26.857,25.696,25.152,23.525,24.935,28.257,36.041,43.058,44.758,43.630,41.336,41.130,40.742,42.387,45.131,46.739,48.474,53.010,51.970,47.433,43.529,39.778,38.957,35.494
26.981,25.806,25.278,23.644,25.045,28.367,36.161,43.173,44.858,43.726,41.424,41.228,40.842,42.481,45.240,46.840,48.593,53.122,52.072,47.539,43.639,39.899,39.079,35.623
27.115,25.924,25.414,23.775,25.168,28.484,36.283,43.290,44.962,43.826,41.515,41.331,40.953,42.591,45.370,46.962,48.730,53.257,52.188,47.655,43.758,40.028,39.214,35.767
27.222,26.004,25.526,23.863,25.243,28.573,36.408,43.419,45.059,43.922,41.579,41.415,41.036,42.662,45.467,47.044,48.850,53.378,52.294,47.765,43.868,40.154,39.336,35.896
27.352,26.123,25.658,23.995,25.368,28.688,36.516,43.521,45.152,44.012,41.664,41.510,41.142,42.771,45.595,47.164,48.977,53.503,52.400,47.869,43.978,40.272,39.462,36.032
27.489,26.256,25.793,24.147,25.515,28.804,36.608,43.591,45.222,44.069,41.751,41.599,41.244,42.874,45.704,47.273,49.088,53.588,52.470,47.948,44.065,40.366,39.570,36.153
27.574,26.326,25.877,24.215,25.577,28.884,36.723,43.713,45.328,44.175,41.839,41.693,41.329,42.950,45.788,47.353,49.192,53.694,52.577,48.057,44.170,40.475,39.672,36.251
27.669,26.413,25.976,24.307,25.663,28.971,36.814,43.795,45.396,44.244,41.901,41.762,41.396,43.009,45.851,47.409,49.260,53.755,52.635,48.125,44.243,40.559,39.755,36.340
27.796,26.527,26.109,24.438,25.784,29.079,36.908,43.876,45.462,44.308,41.957,41.832,41.480,43.092,45.954,47.501,49.360,53.849,52.708,48.201,44.329,40.661,39.865,36.467
27.841,26.564,26.152,24.474,25.817,29.121,36.972,43.944,45.523,44.366,42.011,41.888,41.529,43.136,46.001,47.547,49.421,53.908,52.769,48.264,44.388,40.721,39.921,36.520
27.937,26.666,26.245,24.584,25.928,29.211,37.036,43.994,45.582,44.420,42.089,41.961,41.610,43.221,46.081,47.630,49.493,53.967,52.825,48.323,44.453,40.786,39.994,36.599
27.983,26.704,26.290,24.620,25.961,29.255,37.104,44.068,45.647,44.484,42.145,42.019,41.661,43.266,46.128,47.677,49.555,54.029,52.889,48.390,44.515,40.849,40.052,36.653
28.134,26.858,26.446,24.794,26.134,29.393,37.193,44.144,45.732,44.564,42.236,42.118,41.789,43.412,46.296,47.839,49.698,54.171,53.001,48.491,44.627,40.963,40.188,36.806
28.275,26.987,26.590,24.936,26.269,29.516,37.310,44.254,45.830,44.658,42.324,42.218,41.901,43.524,46.429,47.962,49.830,54.299,53.110,48.600,44.742,41.089,40.321,36.952
28.417,27.130,26.736,25.095,26.426,29.647,37.408,44.340,45.920,44.743,42.420,42.320,42.022,43.655,46.574,48.104,49.961,54.424,53.215,48.700,44.851,41.202,40.448,37.092
28.520,27.231,26.839,25.208,26.534,29.738,37.477,44.389,45.966,44.785,42.477,42.379,42.087,43.718,46.636,48.163,50.019,54.464,53.250,48.746,44.906,41.266,40.520,37.175
28.643,27.330,26.962,25.310,26.628,29.848,37.629,44.554,46.109,44.925,42.591,42.507,42.213,43.837,46.779,48.298,50.187,54.639,53.412,48.904,45.058,41.424,40.673,37.328
28.729,27.416,27.042,25.392,26.713,29.936,37.733,44.668,46.230,45.039,42.713,42.624,42.326,43.951,46.892,48.418,50.311,54.764,53.539,49.027,45.173,41.530,40.778,37.423
28.835,27.546,27.153,25.523,26.850,30.053,37.793,44.710,46.290,45.108,42.799,42.701,42.413,44.048,46.971,48.498,50.354,54.804,53.585,49.075,45.233,41.589,40.844,37.498
28.952,27.654,27.272,25.640,26.960,30.157,37.897,44.801,46.370,45.183,42.879,42.786,42.498,44.127,47.054,48.577,50.444,54.880,53.656,49.156,45.320,41.687,40.945,37.606
28.997,27.721,27.313,25.692,27.024,30.224,37.953,44.861,46.452,45.270,42.982,42.872,42.575,44.207,47.107,48.642,50.486,54.925,53.724,49.223,45.383,41.735,40.987,37.637
29.098,27.800,27.421,25.777,27.098,30.312,38.067,44.979,46.542,45.363,43.040,42.948,42.651,44.275,47.197,48.718,50.589,55.035,53.821,49.322,45.483,41.851,41.100,37.756
29.192,27.904,27.509,25.884,27.212,30.407,38.141,45.054,46.638,45.452,43.152,43.053,42.766,44.403,47.325,48.854,50.707,55.153,53.932,49.423,45.582,41.938,41.196,37.852
29.301,28.038,27.615,26.018,27.359,30.528,38.215,45.130,46.749,45.559,43.289,43.177,42.909,44.569,47.486,49.027,50.838,55.290,54.064,49.537,45.695,42.032,41.303,37.958
29.500,28.239,27.818,26.253,27.585,30.696,38.315,45.180,46.800,45.597,43.373,43.265,43.021,44.686,47.606,49.141,50.940,55.349,54.102,49.594,45.776,42.131,41.427,38.113
29.616,28.332,27.935,26.360,27.679,30.790,38.426,45.283,46.879,45.670,43.436,43.342,43.100,44.754,47.694,49.218,51.046,55.444,54.182,49.683,45.870,42.241,41.539,38.234
29.659,28.372,27.975,26.381,27.704,30.848,38.528,45.410,47.003,45.800,43.544,43.447,43.188,44.836,47.771,49.300,51.140,55.556,54.309,49.803,45.976,42.338,41.621,38.298
29.766,28.483,28.085,26.496,27.817,30.954,38.618,45.488,47.080,45.879,43.629,43.531,43.272,44.919,47.848,49.375,51.209,55.617,54.373,49.874,46.054,42.422,41.706,38.389
29.862,28.577,28.168,26.593,27.917,31.043,38.719,45.593,47.198,45.982,43.761,43.655,43.395,45.046,47.973,49.512,51.352,55.747,54.501,50.000,46.172,42.526,41.815,38.490
29.970,28.687,28.276,26.712,28.033,31.143,38.799,45.654,47.259,46.038,43.839,43.731,43.473,45.121,48.041,49.581,51.418,55.793,54.548,50.059,46.238,42.599,41.892,38.575
30.082,28.786,28.388,26.815,28.130,31.244,38.918,45.773,47.365,46.141,43.932,43.832,43.574,45.216,48.148,49.682,51.538,55.911,54.658,50.171,46.350,42.718,42.011,38.696
30.172,28.903,28.477,26.928,28.253,31.351,38.981,45.828,47.447,46.226,44.044,43.928,43.673,45.327,48.233,49.778,51.596,55.967,54.727,50.239,46.422,42.779,42.076,38.760
30.285,28.999,28.600,27.021,28.341,31.462,39.119,45.981,47.577,46.367,44.134,44.036,43.784,45.433,48.366,49.895,51.731,56.127,54.875,50.378,46.559,42.926,42.218,38.905
30.382,29.080,28.694,27.094,28.412,31.559,39.265,46.154,47.738,46.527,44.266,44.176,43.916,45.562,48.513,50.040,51.902,56.316,55.058,50.550,46.718,43.081,42.364,39.040
30.584,29.272,28.903,27.304,28.616,31.743,39.425,46.309,47.885,46.672,44.401,44.326,44.091,45.747,48.729,50.244,52.105,56.523,55.234,50.716,46.892,43.264,42.562,39.255
30.733,29.414,29.059,27.456,28.764,31.883,39.554,46.435,48.002,46.790,44.504,44.442,44.221,45.882,48.885,50.390,52.252,56.677,55.368,50.844,47.025,43.406,42.711,39.416
30.855,29.524,29.188,27.573,28.873,31.995,39.669,46.546,48.095,46.887,44.580,44.530,44.314,45.970,48.988,50.481,52.355,56.783,55.463,50.941,47.129,43.523,42.829,39.543
31.027,29.683,29.356,27.748,29.046,32.148,39.820,46.704,48.255,47.033,44.730,44.691,44.496,46.165,49.217,50.708,52.589,57.019,55.667,51.128,47.312,43.703,43.024,39.745
31.245,29.893,29.570,27.988,29.280,32.337,39.975,46.840,48.398,47.156,44.886,44.854,44.686,46.368,49.444,50.934,52.813,57.222,55.836,51.293,47.485,43.879,43.224,39.962
31.348,30.005,29.680,28.086,29.382,32.457,40.096,46.971,48.527,47.300,45.007,44.974,44.800,46.481,49.550,51.037,52.906,57.334,55.959,51.413,47.604,43.997,43.333,40.067
31.499,30.145,29.825,28.242,29.537,32.589,40.223,47.105,48.669,47.425,45.144,45.118,44.966,46.663,49.763,51.251,53.125,57.553,56.146,51.581,47.768,44.154,43.507,40.246
31.629,30.285,29.966,28.366,29.661,32.739,40.373,47.246,48.797,47.575,45.269,45.240,45.069,46.750,49.823,51.304,53.173,57.606,56.228,51.681,47.877,44.275,43.611,40.349
31.925,30.567,30.286,28.666,29.947,33.020,40.622,47.481,49.000,47.794,45.437,45.438,45.292,46.973,50.083,51.533,53.404,57.853,56.444,51.895,48.111,44.539,43.885,40.653
32.057,30.709,30.420,28.804,30.094,33.162,40.743,47.619,49.154,47.952,45.585,45.587,45.457,47.156,50.280,51.731,53.577,58.053,56.630,52.057,48.269,44.687,44.040,40.807
32.230,30.890,30.608,28.993,30.283,33.337,40.873,47.742,49.277,48.087,45.701,45.713,45.605,47.316,50.455,51.894,53.716,58.207,56.768,52.184,48.409,44.834,44.198,40.981
32.368,31.019,30.756,29.106,30.395,33.489,41.059,47.953,49.469,48.298,45.851,45.876,45.759,47.465,50.616,52.042,53.876,58.403,56.967,52.373,48.592,45.023,44.372,41.149
32.565,31.194,30.967,29.265,30.542,33.692,41.322,48.226,49.694,48.547,46.028,46.071,45.928,47.605,50.761,52.166,54.040,58.587,57.166,52.586,48.806,45.261,44.584,41.358
32.821,31.510,31.227,29.584,30.883,33.973,41.475,48.351,49.880,48.736,46.282,46.298,46.184,47.896,51.016,52.437,54.218,58.758,57.344,52.755,48.992,45.427,44.775,41.561
33.023,31.706,31.425,29.740,31.056,34.213,41.799,48.760,50.296,49.166,46.638,46.657,46.531,48.255,51.400,52.826,54.615,59.235,57.823,53.183,49.382,45.785,45.110,41.858
33.263,31.975,31.671,30.003,31.327,34.472,42.005,48.952,50.508,49.390,46.876,46.882,46.760,48.492,51.610,53.040,54.788,59.409,58.013,53.376,49.585,45.985,45.313,42.065
33.611,32.322,32.032,30.374,31.687,34.800,42.280,49.189,50.732,49.617,47.108,47.126,47.025,48.756,51.884,53.298,55.038,59.639,58.225,53.602,49.835,46.259,45.602,42.383
33.842,32.524,32.247,30.548,31.855,35.036,42.643,49.582,51.096,49.976,47.446,47.459,47.302,48.996,52.104,53.528,55.337,59.931,58.556,53.954,50.160,46.581,45.887,42.633
34.178,32.887,32.550,30.900,32.223,35.384,42.996,49.924,51.487,50.340,47.915,47.881,47.693,49.385,52.425,53.894,55.688,60.231,58.904,54.322,50.514,46.900,46.201,42.918
34.547,33.385,32.909,31.358,32.730,35.839,43.282,50.155,51.835,50.706,48.424,48.300,48.091,49.804,52.687,54.210,55.848,60.352,59.131,54.579,50.789,47.129,46.430,43.127
34.781,33.716,33.128,31.642,33.060,36.153,43.508,50.377,52.156,51.039,48.853,48.656,48.424,50.160,52.927,54.503,56.025,60.525,59.390,54.839,51.041,47.325,46.617,43.279
35.082,33.962,33.424,31.839,33.258,36.477,44.034,51.025,52.760,51.656,49.329,49.159,48.892,50.615,53.443,55.010,56.621,61.219,60.077,55.473,51.617,47.881,47.129,43.738
35.757,34.580,34.062,32.481,33.893,37.099,44.760,51.797,53.531,52.369,50.074,49.917,49.661,51.396,54.290,55.875,57.560,62.145,60.948,56.312,52.418,48.654,47.917,44.507
36.444,35.229,34.734,33.026,34.478,37.871,45.804,53.089,54.826,53.691,51.183,51.046,50.761,52.528,55.516,57.114,58.855,63.658,62.448,57.664,53.655,49.803,49.007,45.491
37.302,36.212,35.576,33.882,35.421,38.901,46.834,54.242,56.117,55.030,52.517,52.292,51.961,53.778,56.652,58.319,59.913,64.843,63.750,58.887,54.815,50.846,50.003,46.385
38.916,38.068,37.049,35.416,37.217,40.903,49.071,57.014,59.330,58.238,55.766,55.319,54.923,56.966,59.716,61.639,62.944,68.278,67.348,62.106,57.734,53.315,52.393,48.422
