-21.404,-25.994,-29.953,-31.369,-27.423,-15.079,9.948,25.068,27.666,17.900,9.221,-0.491,-10.881,-16.114,-21.846,-14.981,-8.316,7.359,23.846,36.581,22.177,5.514,-5.460,-21.811
0.000,-3.331,-6.191,-7.242,-4.659,3.798,22.345,33.885,35.859,29.244,22.440,15.091,7.241,3.806,0.327,4.708,9.751,20.897,33.102,42.101,31.793,19.844,11.648,-0.222
6.338,3.477,0.921,0.102,2.333,9.564,26.170,36.482,38.527,32.670,26.483,19.818,12.748,9.866,7.382,10.776,15.433,25.045,35.829,43.638,34.758,24.121,16.683,5.961
10.229,7.583,5.267,4.493,6.456,12.976,28.285,37.918,39.788,34.566,28.749,22.586,16.027,13.428,11.251,14.259,18.556,27.348,37.346,44.418,36.308,26.621,19.729,9.947
12.648,10.126,7.977,7.219,8.984,15.025,29.517,38.771,40.512,35.747,30.127,24.280,18.030,15.614,13.636,16.388,20.450,28.723,38.255,44.829,37.215,28.166,21.607,12.457
14.201,11.839,9.712,9.020,10.768,16.566,30.458,39.186,40.893,36.220,30.926,25.286,19.321,17.106,15.304,17.894,21.828,29.695,38.684,45.093,37.769,29.008,22.795,13.910
15.367,13.056,10.954,10.218,11.947,17.672,31.078,39.465,40.931,36.411,31.380,25.940,20.208,18.103,16.108,18.837,22.577,30.305,38.960,45.347,38.054,29.560,23.699,15.153
16.179,13.902,11.830,11.081,12.742,18.312,31.507,39.806,41.194,36.842,31.856,26.480,20.822,18.829,16.897,19.551,23.228,30.808,39.322,45.606,38.408,30.100,24.366,16.006
16.863,14.631,12.568,11.815,13.446,18.910,31.890,40.038,41.353,37.099,32.211,26.902,21.338,19.451,17.551,20.168,23.784,31.230,39.563,45.800,38.669,30.498,24.916,16.698
17.653,15.463,13.440,12.682,14.264,19.603,32.292,40.274,41.507,37.389,32.606,27.411,21.968,20.153,18.260,20.846,24.368,31.663,39.812,45.935,38.921,30.952,25.526,17.522
18.133,15.956,14.016,13.301,14.846,20.103,32.649,40.601,41.931,37.847,33.056,27.951,22.555,20.637,18.824,21.314,24.807,32.004,40.149,46.051,39.254,31.400,25.905,17.998
18.746,16.577,14.660,13.894,15.360,20.488,32.860,40.783,41.958,38.086,33.316,28.261,22.919,21.123,19.284,21.772,25.185,32.299,40.351,46.200,39.413,31.749,26.400,18.709
19.392,17.283,15.399,14.667,16.105,21.105,33.240,40.991,42.186,38.375,33.697,28.729,23.489,21.748,20.022,22.400,25.769,32.701,40.571,46.289,39.673,32.148,26.892,19.321
19.832,17.746,15.878,15.142,16.508,21.354,33.427,41.199,42.376,38.711,33.992,29.016,23.775,22.145,20.560,22.805,26.173,32.986,40.804,46.431,39.895,32.485,27.263,19.782
20.260,18.205,16.363,15.637,16.957,21.683,33.635,41.360,42.538,38.967,34.259,29.317,24.114,22.543,21.059,23.205,26.551,33.244,40.981,46.503,40.077,32.779,27.600,20.214
20.380,18.317,16.472,15.729,17.025,21.720,33.708,41.490,42.641,39.124,34.374,29.405,24.175,22.644,21.180,23.307,26.662,33.356,41.118,46.646,40.197,32.913,27.732,20.359
20.450,18.377,16.531,15.777,17.063,21.758,33.773,41.591,42.725,39.229,34.457,29.474,24.228,22.703,21.229,23.363,26.720,33.432,41.222,46.759,40.286,33.003,27.816,20.447
20.559,18.475,16.631,15.874,17.169,21.893,33.925,41.756,42.889,39.374,34.599,29.620,24.368,22.814,21.303,23.468,26.822,33.566,41.382,46.929,40.440,33.141,27.940,20.562
20.678,18.583,16.736,15.962,17.256,22.001,34.038,41.883,42.979,39.477,34.702,29.722,24.469,22.915,21.353,23.560,26.903,33.677,41.507,47.014,40.552,33.254,28.068,20.705
21.177,19.130,17.342,16.610,17.873,22.496,34.292,41.990,43.136,39.689,34.986,30.114,24.960,23.398,21.936,24.036,27.328,33.934,41.626,47.081,40.697,33.550,28.409,21.179
21.342,19.283,17.499,16.741,17.985,22.602,34.374,42.088,43.171,39.779,35.074,30.211,25.062,23.520,22.006,24.144,27.410,34.031,41.726,47.125,40.774,33.665,28.561,21.387
21.559,19.505,17.733,16.976,18.202,22.782,34.519,42.228,43.308,39.953,35.244,30.393,25.254,23.724,22.233,24.344,27.602,34.192,41.872,47.233,40.915,33.847,28.750,21.613
21.735,19.653,17.924,17.149,18.343,22.916,34.632,42.408,43.469,40.173,35.421,30.601,25.456,23.863,22.318,24.456,27.684,34.302,42.057,47.345,41.055,34.045,28.911,21.849
21.987,19.912,18.195,17.414,18.583,23.104,34.768,42.535,43.572,40.336,35.585,30.779,25.649,24.088,22.566,24.676,27.889,34.466,42.191,47.443,41.182,34.230,29.124,22.119
22.089,20.017,18.292,17.499,18.652,23.144,34.798,42.569,43.573,40.378,35.624,30.809,25.679,24.167,22.655,24.756,27.964,34.524,42.230,47.493,41.215,34.287,29.215,22.235
22.267,20.184,18.484,17.682,18.809,23.277,34.913,42.721,43.714,40.570,35.787,30.986,25.852,24.322,22.805,24.899,28.093,34.651,42.388,47.600,41.349,34.466,29.376,22.446
22.455,20.366,18.666,17.836,18.932,23.361,34.968,42.795,43.715,40.656,35.864,31.064,25.933,24.458,22.918,25.025,28.195,34.745,42.470,47.688,41.407,34.580,29.541,22.681
22.562,20.465,18.774,17.934,19.032,23.479,35.056,42.872,43.767,40.714,35.938,31.159,26.043,24.549,22.957,25.103,28.253,34.819,42.544,47.762,41.472,34.660,29.637,22.805
22.677,20.578,18.891,18.051,19.150,23.602,35.170,42.982,43.876,40.820,36.049,31.278,26.167,24.661,23.057,25.212,28.356,34.926,42.653,47.866,41.579,34.771,29.748,22.923
22.787,20.687,18.997,18.149,19.255,23.724,35.262,43.047,43.911,40.854,36.110,31.355,26.262,24.757,23.107,25.301,28.426,35.007,42.713,47.947,41.639,34.839,29.848,23.043
22.952,20.854,19.176,18.327,19.422,23.873,35.374,43.149,44.005,40.972,36.233,31.496,26.417,24.908,23.256,25.446,28.557,35.122,42.818,48.024,41.738,34.971,29.989,23.219
23.154,21.064,19.399,18.553,19.641,24.069,35.503,43.237,44.085,41.072,36.358,31.651,26.601,25.095,23.444,25.627,28.718,35.250,42.908,48.081,41.830,35.105,30.150,23.425
23.233,21.139,19.473,18.618,19.691,24.103,35.554,43.320,44.154,41.172,36.434,31.715,26.651,25.163,23.520,25.694,28.787,35.321,42.995,48.167,41.906,35.191,30.234,23.520
23.386,21.303,19.650,18.809,19.877,24.261,35.668,43.406,44.264,41.286,36.560,31.860,26.813,25.320,23.713,25.853,28.942,35.436,43.084,48.211,42.004,35.315,30.357,23.659
23.457,21.370,19.717,18.872,19.951,24.361,35.760,43.484,44.331,41.337,36.627,31.937,26.900,25.389,23.742,25.916,28.995,35.509,43.157,48.299,42.076,35.380,30.430,23.735
23.603,21.521,19.892,19.058,20.128,24.516,35.862,43.565,44.434,41.450,36.747,32.089,27.072,25.533,23.902,26.055,29.120,35.604,43.241,48.322,42.160,35.501,30.541,23.879
23.739,21.664,20.042,19.215,20.282,24.659,35.971,43.653,44.529,41.548,36.857,32.214,27.212,25.669,24.045,26.188,29.247,35.710,43.329,48.387,42.253,35.611,30.657,24.011
23.827,21.748,20.134,19.303,20.362,24.730,36.034,43.726,44.596,41.632,36.934,32.297,27.295,25.747,24.119,26.262,29.314,35.777,43.404,48.446,42.319,35.694,30.738,24.110
23.940,21.861,20.258,19.430,20.482,24.839,36.130,43.826,44.706,41.751,37.047,32.419,27.419,25.859,24.240,26.371,29.420,35.873,43.506,48.520,42.418,35.808,30.840,24.227
23.983,21.890,20.288,19.458,20.513,24.894,36.233,43.970,44.861,41.892,37.161,32.519,27.497,25.911,24.277,26.421,29.481,35.969,43.649,48.671,42.551,35.916,30.913,24.275
24.148,22.054,20.472,19.639,20.669,25.011,36.322,44.077,44.965,42.044,37.293,32.664,27.644,26.058,24.443,26.561,29.611,36.075,43.763,48.733,42.651,36.062,31.053,24.460
24.263,22.166,20.592,19.752,20.769,25.095,36.379,44.136,45.003,42.113,37.362,32.745,27.733,26.152,24.526,26.648,29.684,36.141,43.824,48.779,42.703,36.144,31.150,24.593
24.363,22.262,20.691,19.846,20.853,25.170,36.462,44.241,45.102,42.232,37.465,32.843,27.822,26.245,24.623,26.740,29.776,36.234,43.932,48.879,42.802,36.253,31.252,24.704
24.452,22.355,20.778,19.927,20.936,25.253,36.529,44.288,45.128,42.263,37.513,32.894,27.884,26.325,24.691,26.820,29.848,36.303,43.978,48.943,42.851,36.307,31.334,24.796
24.561,22.466,20.896,20.043,21.045,25.347,36.593,44.343,45.173,42.327,37.583,32.976,27.976,26.423,24.787,26.913,29.931,36.372,44.034,48.983,42.904,36.384,31.424,24.913
24.635,22.534,20.975,20.119,21.111,25.407,36.650,44.418,45.248,42.419,37.661,33.060,28.057,26.489,24.849,26.974,29.987,36.431,44.112,49.038,42.971,36.467,31.494,25.000
24.796,22.704,21.154,20.308,21.286,25.544,36.763,44.524,45.371,42.562,37.799,33.204,28.207,26.650,25.057,27.139,30.153,36.559,44.223,49.110,43.086,36.608,31.632,25.154
24.869,22.786,21.233,20.402,21.393,25.656,36.880,44.622,45.503,42.660,37.906,33.310,28.314,26.747,25.180,27.243,30.270,36.664,44.319,49.202,43.198,36.699,31.709,25.200
24.924,22.844,21.291,20.469,21.466,25.733,36.967,44.705,45.609,42.746,37.991,33.392,28.394,26.817,25.266,27.318,30.353,36.745,44.401,49.280,43.287,36.775,31.770,25.242
25.076,23.011,21.464,20.660,21.666,25.928,37.111,44.795,45.725,42.838,38.117,33.543,28.572,26.982,25.449,27.485,30.514,36.873,44.489,49.341,43.393,36.890,31.893,25.369
25.176,23.109,21.572,20.772,21.773,26.030,37.212,44.906,45.850,42.966,38.234,33.665,28.692,27.085,25.560,27.586,30.615,36.972,44.601,49.429,43.502,37.006,31.990,25.471
25.275,23.204,21.677,20.879,21.885,26.154,37.321,45.008,45.960,43.064,38.339,33.785,28.821,27.185,25.641,27.680,30.702,37.065,44.701,49.515,43.600,37.107,32.084,25.571
25.391,23.322,21.805,21.013,22.008,26.256,37.417,45.115,46.082,43.201,38.461,33.911,28.944,27.302,25.783,27.797,30.820,37.168,44.812,49.592,43.708,37.231,32.191,25.689
25.474,23.417,21.902,21.127,22.130,26.372,37.519,45.188,46.189,43.282,38.556,34.013,29.055,27.405,25.921,27.907,30.939,37.261,44.884,49.647,43.796,37.313,32.265,25.745
25.611,23.563,22.056,21.295,22.292,26.508,37.650,45.319,46.357,43.449,38.713,34.170,29.210,27.557,26.124,28.065,31.107,37.400,45.019,49.744,43.939,37.463,32.392,25.866
25.762,23.721,22.225,21.473,22.466,26.666,37.765,45.407,46.454,43.551,38.829,34.308,29.368,27.706,26.284,28.211,31.243,37.510,45.107,49.800,44.032,37.581,32.516,26.012
25.831,23.789,22.289,21.535,22.540,26.763,37.864,45.495,46.539,43.616,38.906,34.388,29.451,27.779,26.334,28.284,31.313,37.595,45.191,49.902,44.119,37.653,32.592,26.078
25.923,23.879,22.383,21.633,22.639,26.864,37.967,45.602,46.657,43.728,39.015,34.498,29.560,27.875,26.433,28.380,31.411,37.694,45.298,49.999,44.226,37.757,32.685,26.167
25.988,23.934,22.437,21.686,22.690,26.926,38.080,45.759,46.827,43.892,39.147,34.611,29.647,27.950,26.512,28.456,31.502,37.809,45.456,50.162,44.376,37.885,32.778,26.236
26.094,24.044,22.540,21.786,22.794,27.032,38.179,45.843,46.899,43.963,39.231,34.694,29.737,28.053,26.609,28.560,31.604,37.909,45.539,50.260,44.463,37.970,32.882,26.340
26.183,24.134,22.635,21.891,22.910,27.164,38.300,45.944,47.020,44.055,39.337,34.813,29.865,28.154,26.702,28.660,31.702,38.009,45.636,50.350,44.567,38.066,32.968,26.417
26.266,24.211,22.715,21.967,22.978,27.226,38.379,46.052,47.127,44.177,39.438,34.906,29.946,28.233,26.786,28.738,31.784,38.097,45.747,50.453,44.669,38.170,33.058,26.509
26.362,24.304,22.820,22.075,23.074,27.305,38.460,46.153,47.242,44.307,39.548,35.018,30.051,28.328,26.900,28.832,31.880,38.185,45.852,50.526,44.767,38.282,33.150,26.610
26.465,24.408,22.934,22.197,23.196,27.426,38.573,46.266,47.376,44.433,39.671,35.151,30.187,28.440,27.020,28.941,31.990,38.289,45.964,50.611,44.880,38.400,33.247,26.708
26.572,24.523,23.050,22.320,23.317,27.529,38.665,46.346,47.468,44.527,39.768,35.249,30.289,28.552,27.160,29.058,32.109,38.387,46.046,50.680,44.969,38.495,33.344,26.805
26.685,24.646,23.175,22.454,23.449,27.644,38.764,46.427,47.566,44.623,39.871,35.355,30.402,28.672,27.314,29.184,32.239,38.490,46.129,50.746,45.061,38.595,33.445,26.905
26.755,24.708,23.226,22.490,23.487,27.699,38.835,46.508,47.613,44.678,39.927,35.402,30.444,28.728,27.331,29.236,32.286,38.563,46.209,50.864,45.133,38.658,33.528,26.990
26.877,24.826,23.359,22.621,23.598,27.784,38.917,46.621,47.730,44.828,40.050,35.528,30.561,28.841,27.462,29.344,32.393,38.660,46.327,50.944,45.238,38.790,33.641,27.128
27.056,25.008,23.556,22.824,23.791,27.954,39.058,46.757,47.878,44.992,40.212,35.704,30.746,29.017,27.658,29.518,32.561,38.805,46.466,51.043,45.376,38.955,33.799,27.309
27.197,25.159,23.711,22.992,23.963,28.119,39.194,46.862,48.005,45.105,40.341,35.848,30.905,29.167,27.827,29.670,32.712,38.932,46.571,51.125,45.492,39.078,33.922,27.432
27.402,25.375,23.941,23.241,24.199,28.313,39.387,47.064,48.258,45.364,40.578,36.082,31.132,29.391,28.130,29.903,32.961,39.139,46.779,51.277,45.708,39.307,34.116,27.619
27.507,25.477,24.052,23.354,24.301,28.398,39.475,47.173,48.376,45.498,40.694,36.197,31.240,29.494,28.252,30.006,33.066,39.236,46.891,51.363,45.814,39.425,34.217,27.728
27.598,25.565,24.136,23.435,24.380,28.478,39.575,47.291,48.491,45.617,40.801,36.294,31.327,29.585,28.344,30.097,33.164,39.342,47.010,51.489,45.929,39.533,34.319,27.822
27.726,25.683,24.266,23.561,24.483,28.558,39.691,47.470,48.681,45.840,40.974,36.452,31.457,29.709,28.496,30.220,33.297,39.479,47.196,51.643,46.097,39.712,34.459,27.969
27.892,25.853,24.444,23.746,24.667,28.732,39.849,47.618,48.845,46.002,41.138,36.625,31.637,29.880,28.683,30.391,33.468,39.633,47.344,51.767,46.249,39.874,34.613,28.127
27.984,25.931,24.535,23.837,24.763,28.858,39.982,47.768,49.005,46.145,41.273,36.772,31.781,29.975,28.739,30.476,33.547,39.743,47.491,51.902,46.386,40.003,34.714,28.228
28.088,26.027,24.640,23.939,24.859,28.955,40.085,47.894,49.130,46.280,41.393,36.896,31.899,30.073,28.826,30.569,33.636,39.844,47.617,52.013,46.501,40.126,34.821,28.346
28.241,26.168,24.789,24.071,24.963,29.032,40.180,48.046,49.255,46.463,41.536,37.027,32.010,30.201,28.954,30.689,33.754,39.968,47.776,52.156,46.635,40.289,34.976,28.534
28.394,26.330,24.951,24.243,25.139,29.198,40.336,48.183,49.413,46.609,41.690,37.183,32.172,30.366,29.149,30.861,33.931,40.124,47.914,52.283,46.784,40.436,35.122,28.669
28.533,26.461,25.094,24.380,25.259,29.303,40.446,48.328,49.553,46.780,41.835,37.328,32.306,30.493,29.277,30.982,34.049,40.245,48.063,52.406,46.917,40.589,35.259,28.828
28.675,26.579,25.224,24.491,25.352,29.401,40.581,48.535,49.738,47.001,42.010,37.495,32.447,30.614,29.365,31.091,34.155,40.389,48.273,52.607,47.096,40.779,35.420,29.009
28.820,26.722,25.368,24.635,25.485,29.518,40.721,48.703,49.912,47.190,42.176,37.646,32.583,30.760,29.535,31.240,34.314,40.545,48.445,52.770,47.263,40.946,35.573,29.157
28.950,26.850,25.489,24.743,25.607,29.671,40.840,48.784,49.952,47.222,42.247,37.736,32.696,30.873,29.580,31.344,34.394,40.646,48.520,52.883,47.338,41.024,35.694,29.299
29.133,27.041,25.687,24.960,25.816,29.849,41.042,49.005,50.227,47.492,42.488,37.964,32.908,31.081,29.866,31.564,34.639,40.860,48.746,53.067,47.572,41.253,35.880,29.458
29.358,27.260,25.916,25.179,26.038,30.088,41.222,49.153,50.338,47.613,42.642,38.152,33.126,31.280,29.998,31.747,34.789,41.021,48.890,53.211,47.708,41.418,36.079,29.705
29.640,27.522,26.176,25.390,26.224,30.272,41.369,49.319,50.381,47.745,42.781,38.303,33.288,31.487,30.100,31.930,34.926,41.192,49.058,53.421,47.837,41.605,36.344,30.062
29.802,27.681,26.314,25.512,26.379,30.496,41.565,49.453,50.458,47.783,42.883,38.422,33.438,31.635,30.140,32.069,35.038,41.351,49.180,53.625,47.965,41.708,36.510,30.230
30.070,27.972,26.557,25.751,26.655,30.801,41.854,49.650,50.614,47.895,43.070,38.597,33.639,31.909,30.392,32.359,35.327,41.634,49.368,53.922,48.189,41.890,36.782,30.465
30.376,28.281,26.829,26.000,26.912,31.069,42.129,49.901,50.792,48.088,43.293,38.797,33.843,32.191,30.635,32.645,35.607,41.928,49.616,54.265,48.442,42.129,37.098,30.781
30.593,28.485,27.037,26.195,27.128,31.343,42.366,50.104,50.957,48.229,43.475,39.012,34.086,32.391,30.728,32.827,35.756,42.123,49.809,54.487,48.627,42.313,37.310,31.018
31.010,28.926,27.449,26.597,27.535,31.728,42.688,50.344,51.136,48.429,43.738,39.279,34.387,32.784,31.120,33.227,36.140,42.467,50.049,54.784,48.887,42.593,37.694,31.427
31.458,29.394,27.866,26.975,27.936,32.151,43.009,50.528,51.173,48.490,43.920,39.478,34.653,33.172,31.399,33.612,36.472,42.794,50.225,55.104,49.082,42.809,38.101,31.892
31.660,29.593,28.020,27.120,28.128,32.424,43.343,50.837,51.454,48.695,44.163,39.690,34.858,33.394,31.555,33.843,36.716,43.101,50.519,55.524,49.395,43.035,38.358,32.073
32.008,29.948,28.360,27.469,28.486,32.786,43.731,51.218,51.852,49.069,44.539,40.049,35.208,33.760,31.949,34.220,37.111,43.491,50.900,55.926,49.789,43.400,38.721,32.398
32.387,30.259,28.638,27.642,28.631,32.992,44.058,51.705,52.129,49.465,44.869,40.317,35.412,34.033,32.015,34.461,37.322,43.864,51.387,56.578,50.190,43.797,39.183,32.917
32.939,30.786,29.147,28.148,29.174,33.629,44.811,52.512,52.957,50.210,45.590,41.004,36.058,34.620,32.540,35.051,37.938,44.577,52.182,57.445,50.982,44.490,39.817,33.460
33.854,31.673,29.888,28.805,29.995,34.782,46.005,53.517,53.697,50.749,46.364,41.763,36.881,35.499,32.959,35.913,38.736,45.637,53.128,58.878,51.960,45.256,40.847,34.388
34.807,32.600,30.750,29.623,30.886,35.840,47.127,54.600,54.663,51.622,47.314,42.692,37.816,36.439,33.678,36.844,39.647,46.697,54.184,60.160,53.018,46.201,41.879,35.358
36.312,34.028,31.909,30.647,32.196,37.756,49.368,56.702,56.407,52.963,48.919,44.161,39.271,37.953,34.489,38.358,41.146,48.726,56.188,63.032,55.065,47.754,43.720,36.861
