-0.253,-5.272,-4.560,-8.558,-7.039,-1.680,19.441,35.566,32.724,20.718,8.208,0.427,-8.095,-13.157,-12.268,-8.831,-1.738,10.496,23.029,34.710,37.753,27.341,13.497,2.811
15.805,12.113,12.803,10.405,11.162,14.808,29.641,41.036,39.147,30.915,22.171,16.153,10.345,6.559,6.717,9.574,14.670,23.550,32.336,40.828,42.210,34.982,25.189,18.174
20.371,17.150,17.739,15.875,16.267,19.488,32.686,42.653,41.144,33.860,26.113,20.580,15.498,12.107,12.202,14.914,19.307,27.085,34.852,42.480,43.626,37.225,28.344,22.386
22.538,19.476,19.981,18.304,18.584,21.585,33.975,43.213,41.908,35.100,27.869,22.652,17.916,14.805,14.915,17.488,21.530,28.708,35.926,43.148,44.150,38.183,29.731,24.306
23.465,20.505,21.009,19.514,19.658,22.556,34.599,43.529,42.325,35.740,28.724,23.535,18.978,15.915,15.959,18.564,22.457,29.426,36.429,43.495,44.376,38.591,30.318,25.182
24.572,21.754,22.228,20.790,20.924,23.715,35.280,43.843,42.688,36.351,29.610,24.645,20.263,17.325,17.391,19.881,23.604,30.276,37.005,43.772,44.669,39.106,31.159,26.209
25.227,22.409,22.901,21.459,21.634,24.369,35.739,44.211,43.046,36.831,30.202,25.306,20.996,18.095,18.117,20.569,24.281,30.904,37.525,44.200,45.003,39.540,31.758,26.880
25.820,23.047,23.549,22.132,22.320,24.989,36.106,44.424,43.264,37.196,30.711,25.905,21.692,18.835,18.826,21.235,24.895,31.416,37.900,44.436,45.178,39.836,32.251,27.473
26.316,23.567,24.103,22.741,22.915,25.527,36.455,44.680,43.521,37.578,31.198,26.404,22.276,19.418,19.334,21.753,25.397,31.889,38.280,44.731,45.364,40.115,32.684,28.008
26.842,24.138,24.691,23.375,23.540,26.091,36.789,44.876,43.726,37.921,31.672,26.934,22.901,20.069,19.939,22.340,25.938,32.347,38.617,44.948,45.508,40.370,33.113,28.545
27.284,24.589,25.134,23.789,24.004,26.513,37.047,45.033,43.880,38.165,32.014,27.380,23.398,20.626,20.503,22.837,26.404,32.730,38.899,45.135,45.671,40.615,33.491,28.964
27.670,24.982,25.501,24.167,24.373,26.855,37.293,45.169,44.057,38.399,32.316,27.742,23.800,21.091,20.991,23.292,26.802,33.021,39.109,45.301,45.825,40.828,33.736,29.286
28.020,25.332,25.836,24.500,24.719,27.168,37.493,45.275,44.184,38.595,32.588,28.078,24.178,21.525,21.433,23.695,27.166,33.303,39.308,45.447,45.939,41.007,33.982,29.596
28.325,25.635,26.135,24.851,25.027,27.448,37.713,45.422,44.373,38.835,32.877,28.355,24.497,21.864,21.751,24.033,27.468,33.553,39.504,45.638,46.067,41.178,34.160,29.873
28.611,25.943,26.429,25.233,25.325,27.718,37.913,45.511,44.530,39.049,33.146,28.601,24.799,22.188,22.060,24.377,27.745,33.745,39.630,45.756,46.134,41.295,34.266,30.110
28.812,26.129,26.610,25.431,25.504,27.892,38.092,45.676,44.716,39.241,33.344,28.784,24.988,22.387,22.254,24.584,27.943,33.929,39.803,45.950,46.297,41.466,34.411,30.292
29.019,26.311,26.761,25.578,25.643,28.028,38.240,45.780,44.860,39.385,33.499,28.960,25.164,22.611,22.511,24.825,28.152,34.079,39.925,46.095,46.436,41.616,34.510,30.433
29.172,26.449,26.895,25.718,25.779,28.154,38.354,45.876,44.970,39.510,33.639,29.100,25.314,22.776,22.672,24.988,28.307,34.216,40.043,46.222,46.533,41.727,34.615,30.570
29.419,26.715,27.178,25.997,26.086,28.428,38.489,45.952,45.028,39.646,33.849,29.363,25.624,23.100,22.970,25.256,28.568,34.448,40.210,46.307,46.583,41.839,34.857,30.840
29.710,27.042,27.475,26.332,26.383,28.702,38.670,46.011,45.135,39.804,34.071,29.631,25.935,23.462,23.358,25.626,28.864,34.630,40.317,46.362,46.653,41.961,35.002,31.067
29.866,27.142,27.560,26.388,26.459,28.780,38.797,46.153,45.294,39.947,34.201,29.764,26.050,23.609,23.520,25.777,29.024,34.784,40.471,46.568,46.826,42.128,35.112,31.186
30.120,27.388,27.789,26.609,26.693,28.989,38.926,46.206,45.369,40.073,34.385,30.002,26.319,23.930,23.853,26.076,29.290,34.979,40.599,46.662,46.893,42.245,35.269,31.398
30.316,27.566,27.948,26.750,26.848,29.136,39.054,46.299,45.479,40.196,34.529,30.183,26.504,24.157,24.104,26.299,29.494,35.137,40.725,46.785,47.011,42.383,35.402,31.552
30.548,27.780,28.151,26.941,27.058,29.323,39.171,46.357,45.554,40.316,34.701,30.401,26.747,24.446,24.398,26.564,29.738,35.326,40.856,46.891,47.080,42.497,35.554,31.751
30.701,27.922,28.277,27.055,27.179,29.439,39.279,46.437,45.650,40.418,34.816,30.542,26.890,24.620,24.593,26.739,29.896,35.447,40.955,46.990,47.182,42.610,35.656,31.869
30.840,28.066,28.436,27.231,27.348,29.600,39.416,46.576,45.783,40.569,34.977,30.685,27.047,24.760,24.706,26.867,30.033,35.602,41.107,47.134,47.297,42.734,35.808,32.034
30.969,28.222,28.595,27.390,27.512,29.759,39.533,46.673,45.869,40.671,35.096,30.827,27.200,24.911,24.860,27.009,30.166,35.721,41.213,47.201,47.387,42.837,35.954,32.172
31.108,28.385,28.750,27.572,27.671,29.905,39.621,46.701,45.917,40.751,35.211,30.960,27.359,25.086,25.036,27.182,30.306,35.813,41.267,47.223,47.410,42.889,36.032,32.292
31.260,28.528,28.882,27.701,27.799,30.030,39.743,46.803,46.033,40.871,35.340,31.100,27.502,25.249,25.212,27.349,30.460,35.941,41.381,47.341,47.525,43.012,36.141,32.419
31.403,28.675,29.028,27.853,27.951,30.171,39.849,46.885,46.120,40.980,35.470,31.241,27.658,25.413,25.371,27.504,30.606,36.070,41.488,47.432,47.603,43.107,36.260,32.558
31.535,28.817,29.177,27.995,28.110,30.318,39.936,46.950,46.173,41.063,35.583,31.383,27.817,25.579,25.530,27.645,30.745,36.197,41.589,47.494,47.659,43.188,36.400,32.701
31.708,28.988,29.333,28.147,28.268,30.460,40.030,46.990,46.232,41.151,35.708,31.544,27.997,25.795,25.761,27.852,30.926,36.324,41.673,47.556,47.712,43.273,36.503,32.839
31.850,29.161,29.513,28.330,28.459,30.636,40.119,47.035,46.266,41.228,35.827,31.700,28.181,25.985,25.944,28.017,31.075,36.447,41.759,47.581,47.744,43.338,36.647,32.993
31.954,29.264,29.606,28.421,28.551,30.723,40.193,47.087,46.328,41.297,35.909,31.798,28.283,26.105,26.075,28.136,31.182,36.529,41.825,47.641,47.806,43.410,36.719,33.078
32.060,29.375,29.715,28.525,28.664,30.828,40.260,47.129,46.371,41.359,35.992,31.906,28.402,26.238,26.211,28.257,31.294,36.619,41.893,47.686,47.850,43.473,36.810,33.178
32.143,29.490,29.831,28.644,28.783,30.945,40.341,47.191,46.424,41.422,36.068,32.002,28.507,26.338,26.317,28.352,31.378,36.690,41.957,47.710,47.907,43.537,36.913,33.269
32.244,29.611,29.949,28.792,28.903,31.058,40.427,47.242,46.492,41.506,36.169,32.096,28.619,26.451,26.427,28.473,31.476,36.762,42.011,47.752,47.949,43.592,36.971,33.361
32.365,29.746,30.081,28.931,29.036,31.186,40.528,47.317,46.572,41.599,36.277,32.218,28.751,26.589,26.569,28.610,31.599,36.863,42.097,47.818,48.023,43.678,37.074,33.475
32.465,29.858,30.194,29.064,29.154,31.297,40.615,47.385,46.645,41.688,36.380,32.316,28.863,26.699,26.670,28.719,31.697,36.951,42.173,47.882,48.080,43.746,37.155,33.576
32.556,29.953,30.291,29.160,29.254,31.393,40.689,47.449,46.707,41.761,36.464,32.409,28.963,26.801,26.770,28.814,31.790,37.038,42.250,47.946,48.141,43.816,37.245,33.669
32.691,30.057,30.385,29.238,29.346,31.478,40.772,47.518,46.789,41.852,36.567,32.529,29.084,26.952,26.929,28.958,31.931,37.157,42.348,48.059,48.226,43.914,37.331,33.777
32.795,30.161,30.472,29.325,29.427,31.557,40.846,47.562,46.852,41.917,36.641,32.621,29.179,27.072,27.070,29.087,32.037,37.225,42.399,48.108,48.288,43.984,37.383,33.847
32.890,30.257,30.573,29.419,29.532,31.658,40.928,47.643,46.925,42.000,36.732,32.722,29.284,27.176,27.169,29.179,32.135,37.326,42.495,48.191,48.365,44.068,37.492,33.952
32.965,30.349,30.665,29.529,29.627,31.747,40.991,47.682,46.971,42.060,36.807,32.796,29.371,27.263,27.253,29.268,32.209,37.384,42.539,48.219,48.395,44.110,37.546,34.025
33.036,30.431,30.741,29.602,29.698,31.826,41.081,47.773,47.061,42.136,36.874,32.871,29.438,27.329,27.334,29.343,32.279,37.448,42.612,48.288,48.495,44.200,37.629,34.090
33.145,30.579,30.890,29.735,29.849,31.981,41.202,47.887,47.152,42.227,36.972,33.004,29.571,27.457,27.478,29.462,32.393,37.555,42.720,48.345,48.613,44.317,37.794,34.214
33.288,30.702,31.003,29.828,29.962,32.086,41.294,47.962,47.234,42.320,37.081,33.139,29.709,27.623,27.655,29.618,32.544,37.683,42.826,48.451,48.704,44.423,37.903,34.335
33.368,30.786,31.087,29.919,30.049,32.166,41.349,47.997,47.274,42.376,37.152,33.217,29.798,27.718,27.746,29.708,32.625,37.750,42.877,48.490,48.735,44.468,37.963,34.411
33.474,30.914,31.221,30.056,30.185,32.306,41.478,48.131,47.396,42.496,37.269,33.336,29.917,27.822,27.849,29.811,32.730,37.863,42.998,48.592,48.861,44.590,38.105,34.534
33.564,31.024,31.328,30.163,30.292,32.413,41.566,48.205,47.466,42.569,37.350,33.433,30.018,27.925,27.962,29.913,32.822,37.941,43.071,48.641,48.938,44.669,38.202,34.623
33.684,31.142,31.431,30.261,30.391,32.507,41.642,48.245,47.523,42.636,37.434,33.542,30.133,28.068,28.123,30.058,32.946,38.024,43.130,48.692,48.995,44.741,38.271,34.711
33.763,31.235,31.527,30.358,30.490,32.604,41.715,48.311,47.582,42.704,37.511,33.629,30.226,28.158,28.211,30.141,33.026,38.101,43.202,48.744,49.056,44.808,38.362,34.798
33.857,31.322,31.607,30.452,30.568,32.677,41.791,48.367,47.658,42.784,37.597,33.709,30.311,28.254,28.310,30.247,33.118,38.174,43.263,48.817,49.115,44.873,38.407,34.872
33.936,31.424,31.706,30.543,30.665,32.782,41.891,48.470,47.749,42.866,37.674,33.801,30.398,28.336,28.406,30.331,33.199,38.253,43.350,48.883,49.223,44.974,38.521,34.957
34.028,31.506,31.780,30.604,30.733,32.854,41.983,48.565,47.848,42.953,37.753,33.889,30.476,28.425,28.509,30.426,33.292,38.338,43.440,48.982,49.333,45.078,38.605,35.033
34.122,31.609,31.880,30.703,30.833,32.954,42.072,48.645,47.928,43.035,37.840,33.985,30.574,28.526,28.616,30.527,33.388,38.424,43.521,49.052,49.415,45.163,38.697,35.124
34.199,31.687,31.959,30.783,30.908,33.036,42.178,48.766,48.047,43.139,37.929,34.064,30.644,28.588,28.680,30.597,33.462,38.510,43.622,49.163,49.538,45.272,38.790,35.204
34.269,31.778,32.054,30.894,31.005,33.134,42.267,48.851,48.130,43.224,38.014,34.140,30.725,28.655,28.742,30.668,33.528,38.578,43.695,49.224,49.612,45.345,38.871,35.285
34.387,31.900,32.163,31.015,31.106,33.239,42.388,48.956,48.254,43.338,38.124,34.247,30.830,28.769,28.871,30.801,33.643,38.671,43.786,49.326,49.727,45.456,38.950,35.379
34.471,31.985,32.251,31.101,31.196,33.327,42.465,49.030,48.325,43.415,38.206,34.333,30.919,28.859,28.958,30.885,33.728,38.756,43.866,49.399,49.799,45.532,39.039,35.466
34.537,32.086,32.358,31.232,31.306,33.439,42.563,49.122,48.413,43.504,38.294,34.410,31.004,28.921,29.014,30.955,33.790,38.821,43.939,49.451,49.874,45.604,39.127,35.551
34.633,32.181,32.448,31.318,31.395,33.527,42.645,49.196,48.489,43.582,38.378,34.504,31.098,29.024,29.124,31.057,33.887,38.907,44.019,49.527,49.955,45.688,39.212,35.637
34.747,32.319,32.575,31.438,31.516,33.653,42.762,49.293,48.587,43.674,38.472,34.624,31.216,29.151,29.277,31.192,34.004,38.997,44.105,49.589,50.067,45.798,39.327,35.737
34.882,32.435,32.676,31.535,31.613,33.744,42.852,49.358,48.674,43.766,38.575,34.741,31.335,29.300,29.440,31.345,34.142,39.102,44.189,49.685,50.149,45.892,39.399,35.837
34.991,32.593,32.849,31.732,31.799,33.922,42.963,49.446,48.745,43.865,38.699,34.872,31.490,29.431,29.553,31.461,34.250,39.210,44.285,49.724,50.208,45.968,39.546,35.980
35.098,32.700,32.951,31.848,31.901,34.017,43.043,49.501,48.816,43.949,38.796,34.969,31.598,29.549,29.672,31.583,34.357,39.294,44.352,49.791,50.262,46.034,39.607,36.071
35.217,32.808,33.045,31.945,31.990,34.103,43.131,49.565,48.901,44.036,38.891,35.072,31.703,29.678,29.814,31.720,34.477,39.383,44.425,49.875,50.340,46.119,39.669,36.158
35.307,32.912,33.149,32.079,32.094,34.205,43.228,49.645,48.995,44.136,38.994,35.155,31.797,29.763,29.892,31.818,34.561,39.458,44.497,49.948,50.408,46.191,39.731,36.246
35.407,33.008,33.245,32.185,32.192,34.295,43.300,49.697,49.058,44.215,39.088,35.248,31.901,29.875,29.996,31.926,34.661,39.545,44.568,50.018,50.456,46.252,39.797,36.339
35.503,33.104,33.341,32.284,32.289,34.391,43.395,49.792,49.153,44.311,39.184,35.342,31.997,29.970,30.090,32.021,34.756,39.640,44.662,50.112,50.549,46.346,39.890,36.434
35.698,33.271,33.491,32.397,32.431,34.536,43.559,49.956,49.322,44.469,39.340,35.529,32.169,30.175,30.322,32.225,34.960,39.824,44.840,50.304,50.746,46.541,40.064,36.598
35.846,33.409,33.628,32.524,32.571,34.669,43.673,50.059,49.425,44.585,39.470,35.675,32.320,30.340,30.487,32.377,35.112,39.967,44.967,50.424,50.853,46.661,40.199,36.740
35.968,33.535,33.759,32.649,32.709,34.799,43.767,50.143,49.501,44.680,39.582,35.803,32.459,30.482,30.623,32.503,35.239,40.089,45.074,50.510,50.931,46.754,40.328,36.871
36.119,33.679,33.900,32.776,32.850,34.938,43.902,50.276,49.631,44.813,39.720,35.955,32.609,30.642,30.788,32.656,35.394,40.241,45.220,50.652,51.072,46.899,40.480,37.018
36.258,33.776,33.993,32.848,32.937,35.030,44.041,50.445,49.804,44.967,39.856,36.081,32.718,30.761,30.910,32.778,35.533,40.395,45.387,50.862,51.255,47.070,40.609,37.144
36.363,33.890,34.116,32.964,33.066,35.158,44.149,50.560,49.902,45.074,39.967,36.199,32.839,30.873,31.014,32.877,35.641,40.517,45.509,50.966,51.361,47.180,40.751,37.270
36.510,34.015,34.242,33.082,33.195,35.280,44.269,50.681,50.026,45.206,40.105,36.339,32.981,31.025,31.159,33.020,35.791,40.668,45.651,51.119,51.484,47.310,40.882,37.413
36.624,34.132,34.369,33.219,33.328,35.407,44.376,50.787,50.127,45.321,40.230,36.456,33.108,31.142,31.259,33.128,35.903,40.790,45.768,51.227,51.574,47.408,41.001,37.542
36.785,34.305,34.541,33.373,33.499,35.582,44.544,50.959,50.286,45.475,40.383,36.630,33.276,31.311,31.440,33.291,36.069,40.956,45.937,51.378,51.754,47.585,41.196,37.709
36.957,34.441,34.678,33.494,33.634,35.721,44.726,51.175,50.500,45.674,40.563,36.794,33.425,31.462,31.585,33.442,36.241,41.153,46.150,51.630,51.976,47.795,41.374,37.881
37.192,34.594,34.810,33.556,33.751,35.850,44.936,51.429,50.758,45.895,40.754,37.008,33.599,31.681,31.836,33.660,36.485,41.405,46.415,51.961,52.283,48.083,41.591,38.073
37.371,34.774,34.980,33.706,33.918,36.015,45.083,51.559,50.888,46.031,40.901,37.188,33.779,31.883,32.056,33.856,36.671,41.566,46.560,52.090,52.430,48.238,41.759,38.235
37.559,34.956,35.161,33.862,34.096,36.202,45.293,51.794,51.109,46.233,41.087,37.385,33.959,32.062,32.246,34.033,36.862,41.771,46.783,52.316,52.677,48.471,41.988,38.428
37.764,35.173,35.382,34.056,34.318,36.430,45.513,52.031,51.322,46.438,41.288,37.609,34.174,32.272,32.465,34.232,37.072,41.994,47.016,52.526,52.920,48.707,42.253,38.650
37.958,35.349,35.569,34.241,34.510,36.619,45.709,52.247,51.530,46.651,41.498,37.803,34.368,32.456,32.630,34.406,37.265,42.214,47.240,52.764,53.125,48.912,42.461,38.860
38.076,35.511,35.770,34.472,34.727,36.840,45.918,52.503,51.746,46.867,41.697,37.956,34.527,32.543,32.669,34.483,37.374,42.397,47.462,52.961,53.327,49.098,42.701,39.063
38.322,35.748,36.029,34.766,35.005,37.090,46.104,52.662,51.911,47.088,41.958,38.194,34.803,32.812,32.887,34.725,37.619,42.647,47.676,53.165,53.445,49.254,42.906,39.331
38.529,36.040,36.349,35.104,35.335,37.434,46.418,53.004,52.203,47.370,42.225,38.453,35.063,33.003,33.064,34.914,37.820,42.895,47.964,53.385,53.749,49.537,43.264,39.616
38.718,36.315,36.696,35.532,35.722,37.801,46.673,53.272,52.417,47.646,42.530,38.693,35.356,33.189,33.147,35.061,37.996,43.156,48.234,53.572,53.902,49.712,43.590,39.942
38.865,36.507,36.936,35.811,35.987,38.058,46.880,53.510,52.613,47.868,42.757,38.877,35.562,33.322,33.216,35.169,38.135,43.367,48.464,53.761,54.071,49.884,43.848,40.184
39.135,36.767,37.245,36.151,36.321,38.376,47.173,53.847,52.922,48.210,43.104,39.160,35.868,33.571,33.383,35.385,38.398,43.713,48.823,54.126,54.343,50.165,44.184,40.536
39.488,37.030,37.490,36.354,36.551,38.614,47.503,54.218,53.313,48.569,43.433,39.479,36.154,33.895,33.721,35.717,38.753,44.080,49.201,54.595,54.753,50.558,44.482,40.843
39.865,37.367,37.823,36.693,36.885,38.938,47.840,54.550,53.666,48.933,43.803,39.832,36.513,34.271,34.085,36.092,39.130,44.452,49.559,54.990,55.087,50.902,44.796,41.201
40.182,37.645,38.112,37.013,37.172,39.228,48.193,54.939,54.074,49.326,44.170,40.126,36.801,34.538,34.319,36.377,39.433,44.796,49.926,55.428,55.457,51.255,45.082,41.524
40.702,38.120,38.625,37.472,37.702,39.757,48.739,55.579,54.654,49.905,44.728,40.674,37.331,35.036,34.773,36.827,39.961,45.425,50.589,56.105,56.075,51.862,45.740,42.119
41.409,38.770,39.270,38.062,38.337,40.407,49.465,56.369,55.430,50.644,45.430,41.377,37.996,35.714,35.463,37.501,40.673,46.176,51.370,56.940,56.895,52.654,46.483,42.820
42.398,39.759,40.371,39.049,39.476,41.577,50.680,57.851,56.715,51.881,46.579,42.492,39.050,36.615,36.267,38.305,41.670,47.464,52.802,58.339,58.301,53.983,47.983,44.061
43.539,40.905,41.622,40.158,40.771,42.890,51.972,59.375,58.033,53.183,47.828,43.767,40.278,37.720,37.289,39.285,42.833,48.882,54.328,59.785,59.762,55.399,49.627,45.442
44.820,42.688,43.808,42.438,43.136,45.286,54.020,61.863,59.972,55.189,49.759,45.513,42.080,38.860,38.027,40.187,44.080,50.834,56.598,61.554,61.765,57.300,52.386,47.621
