2.768,1.136,0.991,1.588,5.462,10.265,30.307,47.892,53.529,45.723,42.548,37.809,33.571,30.746,29.167,28.288,27.573,38.619,44.830,54.327,48.207,31.394,19.760,11.636
15.862,14.928,14.708,15.053,17.985,21.469,36.673,50.166,53.849,48.544,45.650,42.429,39.273,37.624,35.944,35.215,34.597,43.033,47.788,54.681,50.213,37.788,28.958,22.713
21.382,20.762,20.525,20.783,23.319,26.177,39.012,50.484,53.864,49.320,46.551,44.023,41.358,40.217,38.401,37.775,37.258,44.502,48.585,54.710,50.321,40.290,32.708,27.351
24.676,24.178,23.937,24.134,26.364,28.933,40.394,50.485,53.880,49.343,46.905,44.762,42.409,41.424,39.753,39.194,38.738,45.216,48.688,54.752,50.451,41.338,34.674,30.050
25.618,25.161,24.929,25.122,27.282,29.709,40.672,50.541,53.883,49.407,46.978,44.929,42.668,41.778,40.107,39.568,39.128,45.345,48.758,54.769,50.470,41.739,35.292,30.780
26.609,26.134,25.934,26.135,28.204,30.484,40.938,50.556,53.914,49.489,47.120,45.073,42.907,42.071,40.551,40.021,39.568,45.450,48.886,54.777,50.511,42.126,35.913,31.438
27.397,26.958,26.751,26.929,28.927,31.132,41.342,50.607,53.961,49.592,47.158,45.352,43.253,42.495,41.019,40.485,40.014,45.726,49.004,54.870,50.583,42.484,36.455,32.073
27.969,27.560,27.353,27.520,29.467,31.590,41.541,50.734,53.991,49.665,47.317,45.475,43.434,42.749,41.290,40.758,40.278,45.833,49.089,54.895,50.586,42.730,36.837,32.505
28.978,28.741,28.492,28.603,30.456,32.404,41.802,50.788,53.995,49.733,47.382,45.554,43.646,43.207,41.545,41.028,40.570,45.887,49.172,55.016,50.594,43.045,37.463,33.389
29.162,28.789,28.580,28.724,30.565,32.601,42.112,50.830,54.015,49.817,47.596,45.816,43.879,43.234,41.841,41.329,40.870,46.172,49.287,55.027,50.661,43.147,37.571,33.500
29.591,29.236,29.018,29.145,30.938,32.969,42.380,50.847,54.037,49.837,47.689,45.969,44.069,43.428,42.069,41.562,41.106,46.340,49.326,55.051,50.707,43.262,37.819,33.881
29.928,29.597,29.370,29.482,31.245,33.261,42.596,50.916,54.108,49.910,47.784,46.117,44.245,43.628,42.272,41.765,41.308,46.495,49.407,55.179,50.782,43.406,38.048,34.186
30.176,29.874,29.639,29.739,31.480,33.467,42.713,50.933,54.117,49.938,47.805,46.191,44.344,43.771,42.392,41.885,41.427,46.569,49.435,55.190,50.792,43.511,38.217,34.405
30.522,30.250,29.994,30.071,31.784,33.796,43.078,51.109,54.155,50.116,48.022,46.474,44.643,44.079,42.694,42.183,41.723,46.877,49.622,55.294,51.012,43.702,38.483,34.778
30.722,30.460,30.201,30.275,31.976,33.990,43.208,51.120,54.188,50.128,48.073,46.560,44.742,44.168,42.768,42.268,41.827,46.965,49.631,55.323,51.039,43.774,38.606,34.985
30.876,30.622,30.356,30.423,32.124,34.156,43.384,51.299,54.258,50.314,48.246,46.760,44.945,44.368,42.957,42.456,42.015,47.120,49.816,55.352,51.173,43.937,38.769,35.171
30.955,30.705,30.452,30.537,32.269,34.249,43.413,51.308,54.312,50.377,48.265,46.767,44.981,44.478,42.998,42.505,42.076,47.182,49.864,55.451,51.245,44.142,38.926,35.238
31.200,30.959,30.703,30.779,32.472,34.437,43.426,51.325,54.382,50.383,48.308,46.832,45.017,44.493,43.046,42.557,42.123,47.219,49.873,55.472,51.250,44.160,39.017,35.419
31.277,31.038,30.793,30.877,32.568,34.469,43.489,51.438,54.413,50.492,48.359,46.844,45.038,44.501,43.058,42.570,42.144,47.224,49.966,55.546,51.348,44.203,39.082,35.425
31.602,31.351,31.096,31.167,32.830,34.807,43.805,51.455,54.429,50.513,48.525,47.065,45.289,44.715,43.329,42.849,42.431,47.464,50.021,55.609,51.418,44.321,39.285,35.793
31.818,31.569,31.310,31.378,33.035,35.031,44.035,51.589,54.481,50.655,48.698,47.262,45.489,44.892,43.506,43.032,42.626,47.671,50.163,55.731,51.588,44.472,39.462,36.032
31.946,31.697,31.435,31.495,33.135,35.140,44.093,51.639,54.515,50.690,48.706,47.290,45.555,44.970,43.616,43.138,42.726,47.694,50.211,55.835,51.588,44.511,39.540,36.144
32.069,31.855,31.586,31.631,33.247,35.174,44.151,51.697,54.582,50.721,48.772,47.337,45.572,45.071,43.713,43.211,42.754,47.756,50.253,55.932,51.642,44.594,39.651,36.159
32.128,31.892,31.620,31.669,33.292,35.304,44.326,51.732,54.659,50.775,48.874,47.470,45.715,45.121,43.772,43.291,42.874,47.901,50.303,55.965,51.744,44.605,39.676,36.326
32.380,32.158,31.877,31.913,33.510,35.526,44.531,51.815,54.705,50.850,48.982,47.614,45.876,45.289,43.958,43.474,43.053,48.058,50.390,56.009,51.839,44.711,39.846,36.563
32.526,32.299,32.018,32.052,33.639,35.664,44.666,51.896,54.710,50.927,49.088,47.722,45.989,45.388,44.078,43.595,43.175,48.172,50.474,56.046,51.932,44.793,39.954,36.701
32.655,32.418,32.143,32.180,33.762,35.781,44.743,51.950,54.784,50.983,49.165,47.788,46.060,45.447,44.162,43.682,43.265,48.235,50.535,56.071,51.987,44.871,40.049,36.803
32.792,32.534,32.267,32.309,33.879,35.895,44.832,52.028,54.836,51.048,49.262,47.859,46.136,45.503,44.274,43.794,43.371,48.306,50.615,56.077,52.058,44.942,40.143,36.894
32.902,32.656,32.381,32.413,33.969,35.987,44.936,52.089,54.844,51.097,49.315,47.933,46.218,45.600,44.379,43.893,43.461,48.389,50.671,56.159,52.114,44.994,40.224,36.996
33.031,32.776,32.506,32.540,34.087,36.100,44.999,52.096,54.914,51.109,49.357,47.973,46.267,45.634,44.437,43.956,43.529,48.427,50.689,56.245,52.130,45.038,40.299,37.099
33.131,32.875,32.605,32.638,34.182,36.199,45.098,52.175,55.004,51.187,49.446,48.063,46.358,45.719,44.529,44.049,43.623,48.520,50.769,56.334,52.215,45.117,40.387,37.198
33.254,32.993,32.722,32.752,34.284,36.306,45.213,52.263,55.065,51.260,49.540,48.154,46.453,45.808,44.651,44.167,43.734,48.617,50.853,56.483,52.300,45.187,40.479,37.301
33.369,33.101,32.832,32.863,34.391,36.411,45.313,52.367,55.111,51.357,49.645,48.249,46.550,45.901,44.765,44.280,43.842,48.712,50.956,56.504,52.397,45.282,40.581,37.397
33.462,33.181,32.916,32.952,34.483,36.516,45.439,52.496,55.248,51.485,49.791,48.377,46.672,45.999,44.879,44.396,43.962,48.843,51.086,56.539,52.538,45.392,40.681,37.498
33.567,33.281,33.018,33.053,34.575,36.609,45.510,52.515,55.258,51.503,49.835,48.423,46.724,46.040,44.942,44.460,44.028,48.892,51.110,56.573,52.565,45.427,40.744,37.587
33.631,33.356,33.089,33.120,34.640,36.666,45.556,52.563,55.301,51.552,49.867,48.470,46.775,46.110,44.996,44.513,44.078,48.937,51.157,56.592,52.604,45.486,40.808,37.649
33.731,33.462,33.198,33.234,34.761,36.778,45.617,52.590,55.307,51.607,49.921,48.537,46.844,46.178,45.027,44.554,44.137,48.997,51.198,56.628,52.651,45.579,40.901,37.766
33.828,33.558,33.293,33.328,34.850,36.873,45.702,52.630,55.341,51.649,49.984,48.605,46.915,46.238,45.096,44.626,44.213,49.067,51.243,56.630,52.704,45.631,40.970,37.862
33.917,33.645,33.380,33.417,34.941,36.969,45.804,52.724,55.434,51.746,50.087,48.707,47.015,46.330,45.185,44.717,44.308,49.170,51.339,56.737,52.806,45.726,41.062,37.961
34.002,33.731,33.467,33.503,35.026,37.048,45.870,52.798,55.507,51.820,50.155,48.775,47.085,46.406,45.263,44.794,44.383,49.236,51.413,56.794,52.873,45.805,41.144,38.036
34.081,33.810,33.546,33.582,35.107,37.133,45.963,52.892,55.602,51.915,50.250,48.871,47.179,46.498,45.349,44.881,44.471,49.333,51.506,56.899,52.971,45.897,41.230,38.124
34.194,33.922,33.657,33.692,35.209,37.237,46.051,52.928,55.630,51.951,50.309,48.935,47.248,46.559,45.425,44.959,44.551,49.400,51.547,56.942,53.017,45.947,41.306,38.227
34.281,34.006,33.739,33.770,35.280,37.322,46.164,53.003,55.709,52.017,50.398,49.026,47.340,46.638,45.523,45.055,44.645,49.500,51.620,57.046,53.102,46.000,41.374,38.318
34.391,34.120,33.850,33.876,35.377,37.421,46.260,53.062,55.764,52.071,50.464,49.102,47.421,46.722,45.615,45.146,44.733,49.580,51.679,57.111,53.164,46.063,41.457,38.421
34.459,34.191,33.921,33.950,35.457,37.503,46.331,53.120,55.815,52.144,50.536,49.180,47.497,46.793,45.664,45.200,44.798,49.656,51.743,57.186,53.236,46.145,41.532,38.509
34.541,34.271,34.002,34.033,35.540,37.584,46.401,53.181,55.873,52.208,50.604,49.248,47.566,46.859,45.731,45.269,44.869,49.723,51.807,57.245,53.300,46.216,41.607,38.588
34.635,34.364,34.097,34.132,35.642,37.683,46.475,53.241,55.924,52.279,50.681,49.324,47.643,46.929,45.793,45.336,44.945,49.795,51.874,57.306,53.369,46.303,41.694,38.685
34.732,34.456,34.194,34.236,35.755,37.797,46.566,53.328,56.002,52.385,50.790,49.429,47.744,47.016,45.863,45.414,45.037,49.894,51.970,57.403,53.473,46.420,41.799,38.797
34.830,34.526,34.278,34.335,35.862,37.908,46.638,53.397,56.066,52.468,50.907,49.511,47.820,47.050,45.922,45.484,45.122,49.968,52.052,57.467,53.561,46.514,41.884,38.883
34.913,34.616,34.363,34.415,35.941,37.988,46.745,53.522,56.198,52.582,51.009,49.619,47.927,47.169,46.039,45.596,45.226,50.080,52.169,57.593,53.675,46.613,41.980,38.969
35.018,34.724,34.471,34.523,36.047,38.093,46.827,53.562,56.227,52.632,51.070,49.690,48.001,47.239,46.103,45.664,45.301,50.150,52.216,57.643,53.728,46.683,42.064,39.078
35.135,34.824,34.581,34.642,36.165,38.199,46.894,53.661,56.325,52.731,51.173,49.767,48.080,47.309,46.199,45.762,45.398,50.219,52.319,57.695,53.814,46.793,42.172,39.160
35.209,34.890,34.649,34.713,36.236,38.279,46.974,53.713,56.375,52.785,51.251,49.838,48.150,47.359,46.260,45.827,45.469,50.293,52.375,57.767,53.882,46.848,42.232,39.238
35.287,34.974,34.732,34.797,36.328,38.375,47.071,53.806,56.463,52.891,51.350,49.946,48.253,47.461,46.334,45.906,45.557,50.398,52.472,57.881,53.987,46.956,42.327,39.342
35.377,35.070,34.825,34.887,36.420,38.468,47.180,53.918,56.578,53.003,51.454,50.057,48.363,47.579,46.439,46.009,45.659,50.511,52.581,58.005,54.100,47.062,42.428,39.444
35.483,35.172,34.926,34.987,36.515,38.575,47.294,53.986,56.644,53.070,51.547,50.152,48.459,47.658,46.532,46.104,45.757,50.611,52.652,58.099,54.184,47.129,42.511,39.554
35.587,35.265,35.024,35.091,36.619,38.681,47.381,54.056,56.709,53.146,51.641,50.235,48.542,47.723,46.610,46.187,45.847,50.693,52.728,58.170,54.264,47.212,42.599,39.651
35.674,35.350,35.108,35.173,36.700,38.771,47.494,54.164,56.824,53.247,51.752,50.343,48.648,47.820,46.718,46.293,45.951,50.805,52.833,58.294,54.376,47.300,42.687,39.743
35.751,35.432,35.189,35.255,36.793,38.863,47.603,54.313,56.977,53.401,51.884,50.475,48.774,47.954,46.826,46.401,46.061,50.934,52.979,58.448,54.523,47.442,42.803,39.841
35.856,35.549,35.300,35.361,36.896,38.966,47.705,54.384,57.042,53.476,51.955,50.567,48.869,48.061,46.915,46.490,46.151,51.029,53.052,58.534,54.599,47.527,42.899,39.957
35.957,35.639,35.401,35.477,37.027,39.087,47.773,54.483,57.129,53.601,52.075,50.668,48.964,48.140,46.976,46.563,46.241,51.115,53.163,58.613,54.707,47.673,43.019,40.062
36.044,35.725,35.486,35.561,37.111,39.177,47.870,54.562,57.208,53.681,52.163,50.759,49.055,48.225,47.061,46.648,46.329,51.208,53.243,58.708,54.794,47.752,43.101,40.155
36.129,35.808,35.569,35.646,37.199,39.277,47.983,54.652,57.297,53.777,52.273,50.870,49.162,48.317,47.146,46.738,46.426,51.322,53.337,58.831,54.903,47.843,43.188,40.262
36.215,35.890,35.652,35.729,37.285,39.372,48.093,54.755,57.402,53.880,52.386,50.979,49.268,48.411,47.242,46.835,46.527,51.433,53.439,58.955,55.016,47.937,43.278,40.359
36.301,35.970,35.736,35.818,37.376,39.458,48.149,54.805,57.446,53.939,52.453,51.038,49.327,48.461,47.297,46.895,46.592,51.488,53.496,58.994,55.071,48.010,43.353,40.436
36.404,36.079,35.844,35.924,37.474,39.550,48.213,54.833,57.462,53.971,52.488,51.087,49.384,48.526,47.358,46.956,46.655,51.537,53.529,59.015,55.100,48.065,43.429,40.530
36.510,36.180,35.948,36.032,37.586,39.658,48.303,54.930,57.556,54.072,52.593,51.184,49.480,48.615,47.450,47.051,46.754,51.629,53.629,59.101,55.198,48.174,43.534,40.631
36.630,36.307,36.073,36.157,37.711,39.783,48.412,55.006,57.621,54.160,52.682,51.287,49.585,48.722,47.538,47.143,46.854,51.732,53.711,59.192,55.286,48.278,43.645,40.764
36.734,36.417,36.183,36.268,37.821,39.883,48.471,55.041,57.643,54.208,52.727,51.344,49.647,48.790,47.591,47.201,46.918,51.784,53.755,59.216,55.325,48.355,43.732,40.864
36.896,36.579,36.342,36.422,37.971,40.050,48.665,55.183,57.784,54.347,52.890,51.516,49.819,48.949,47.754,47.365,47.084,51.966,53.896,59.403,55.487,48.486,43.877,41.043
37.006,36.695,36.456,36.537,38.089,40.167,48.774,55.287,57.883,54.459,52.996,51.630,49.933,49.066,47.853,47.466,47.191,52.078,54.003,59.513,55.596,48.606,43.993,41.165
37.135,36.820,36.578,36.656,38.201,40.300,48.936,55.378,57.975,54.547,53.122,51.762,50.064,49.173,47.978,47.593,47.321,52.221,54.096,59.658,55.714,48.684,44.092,41.309
37.233,36.916,36.674,36.753,38.300,40.408,49.052,55.478,58.074,54.651,53.236,51.876,50.176,49.275,48.076,47.693,47.427,52.337,54.198,59.781,55.827,48.784,44.191,41.420
37.373,37.040,36.803,36.885,38.431,40.552,49.213,55.626,58.228,54.791,53.406,52.028,50.324,49.395,48.227,47.846,47.581,52.493,54.346,59.945,55.985,48.910,44.319,41.556
37.487,37.158,36.918,36.994,38.534,40.655,49.338,55.765,58.376,54.916,53.523,52.147,50.445,49.528,48.371,47.983,47.707,52.616,54.476,60.075,56.109,49.021,44.435,41.661
37.588,37.255,37.015,37.092,38.637,40.765,49.473,55.911,58.530,55.060,53.670,52.287,50.580,49.654,48.500,48.112,47.836,52.758,54.621,60.237,56.261,49.149,44.551,41.773
37.719,37.399,37.151,37.221,38.761,40.894,49.625,56.038,58.657,55.184,53.789,52.427,50.722,49.809,48.640,48.249,47.970,52.904,54.743,60.387,56.390,49.268,44.679,41.919
37.836,37.508,37.262,37.335,38.880,41.027,49.778,56.186,58.809,55.334,53.954,52.582,50.871,49.938,48.773,48.385,48.111,53.061,54.892,60.563,56.553,49.403,44.805,42.051
38.021,37.699,37.448,37.515,39.051,41.208,49.964,56.306,58.923,55.452,54.094,52.739,51.033,50.095,48.935,48.547,48.275,53.226,55.014,60.714,56.689,49.529,44.957,42.244
38.157,37.837,37.581,37.641,39.169,41.339,50.136,56.449,59.074,55.582,54.237,52.890,51.185,50.244,49.098,48.705,48.427,53.388,55.152,60.886,56.837,49.640,45.082,42.385
38.320,37.974,37.724,37.790,39.319,41.513,50.356,56.673,59.316,55.791,54.487,53.104,51.389,50.405,49.309,48.917,48.637,53.608,55.371,61.139,57.073,49.810,45.244,42.546
38.451,38.115,37.859,37.919,39.447,41.645,50.519,56.841,59.489,55.953,54.636,53.266,51.550,50.580,49.470,49.073,48.789,53.775,55.532,61.321,57.237,49.959,45.390,42.691
38.596,38.271,38.009,38.062,39.588,41.788,50.689,57.014,59.667,56.119,54.788,53.433,51.718,50.763,49.642,49.240,48.949,53.946,55.699,61.504,57.404,50.114,45.546,42.847
38.786,38.456,38.194,38.247,39.771,41.976,50.893,57.225,59.886,56.321,54.997,53.633,51.916,50.956,49.853,49.449,49.153,54.149,55.906,61.715,57.612,50.303,45.735,43.030
38.988,38.618,38.371,38.435,39.952,42.160,51.080,57.461,60.141,56.532,55.243,53.820,52.100,51.103,50.086,49.678,49.371,54.335,56.137,61.906,57.830,50.488,45.919,43.175
39.273,38.875,38.632,38.687,40.161,42.382,51.307,57.591,60.280,56.611,55.408,53.960,52.258,51.228,50.347,49.928,49.596,54.495,56.260,62.013,57.949,50.562,46.079,43.370
39.452,39.034,38.799,38.859,40.331,42.544,51.475,57.834,60.540,56.834,55.626,54.141,52.437,51.405,50.569,50.143,49.796,54.673,56.494,62.202,58.162,50.763,46.269,43.507
39.625,39.210,38.983,39.055,40.550,42.723,51.605,58.127,60.837,57.141,55.855,54.348,52.638,51.644,50.766,50.340,49.990,54.854,56.786,62.397,58.408,51.080,46.524,43.663
39.918,39.558,39.311,39.361,40.847,42.981,51.850,58.410,61.112,57.418,56.039,54.598,52.904,52.012,51.064,50.622,50.249,55.102,57.055,62.622,58.638,51.384,46.839,43.951
40.217,39.869,39.619,39.661,41.138,43.250,52.111,58.720,61.427,57.711,56.295,54.861,53.176,52.326,51.382,50.928,50.535,55.364,57.354,62.872,58.906,51.679,47.142,44.215
40.545,40.201,39.951,39.986,41.444,43.521,52.357,59.037,61.753,57.994,56.542,55.102,53.432,52.629,51.726,51.256,50.830,55.601,57.657,63.078,59.155,51.970,47.453,44.465
40.863,40.528,40.287,40.334,41.813,43.839,52.585,59.410,62.115,58.393,56.856,55.406,53.735,52.980,52.021,51.553,51.129,55.875,58.035,63.338,59.482,52.406,47.838,44.761
41.212,40.917,40.660,40.680,42.131,44.097,52.850,59.824,62.552,58.747,57.097,55.674,54.027,53.401,52.455,51.949,51.461,56.142,58.411,63.585,59.769,52.753,48.205,45.014
41.552,41.262,41.002,41.017,42.471,44.440,53.243,60.270,63.016,59.179,57.504,56.080,54.428,53.818,52.868,52.354,51.853,56.551,58.844,64.030,60.197,53.152,48.584,45.362
42.059,41.787,41.510,41.514,42.971,44.987,53.888,60.810,63.559,59.725,58.079,56.696,55.035,54.404,53.415,52.904,52.416,57.188,59.382,64.715,60.794,53.663,49.099,45.959
42.701,42.441,42.150,42.127,43.558,45.570,54.603,61.649,64.454,60.480,58.784,57.395,55.739,55.173,54.252,53.701,53.148,57.907,60.172,65.489,61.542,54.330,49.773,46.542
43.782,43.477,43.218,43.220,44.680,46.587,55.625,63.305,66.203,62.056,60.156,58.610,56.936,56.473,55.637,55.042,54.403,59.071,61.769,66.757,62.963,55.803,51.082,47.439
44.869,44.508,44.285,44.319,45.801,47.632,56.606,64.706,67.654,63.416,61.411,59.726,58.039,57.611,56.862,56.249,55.566,60.143,63.144,67.865,64.216,57.122,52.293,48.373
46.506,46.038,45.917,46.053,47.661,49.196,57.912,67.493,70.571,66.151,63.638,61.586,59.849,59.637,58.932,58.269,57.472,61.829,65.859,69.704,66.516,59.774,54.497,49.634
