-15.179,-22.327,-27.898,-34.835,-35.512,-34.936,-39.130,-35.931,-31.016,-28.615,-30.740,-27.648,-32.564,-37.013,-38.493,-47.613,-30.095,-12.730,-6.006,7.285,9.917,6.417,-2.253,-7.544
6.089,0.302,-4.041,-8.322,-9.213,-9.049,-11.542,-10.008,-5.613,-4.160,-5.745,-3.276,-6.522,-10.553,-12.796,-14.388,-5.137,6.301,12.432,21.934,23.817,21.393,15.851,11.539
10.988,5.160,0.937,-2.426,-3.548,-3.626,-5.492,-4.739,0.034,1.195,-0.311,2.225,-0.576,-4.884,-7.654,-6.057,0.275,10.159,16.707,25.397,26.949,24.843,20.375,16.093
15.525,10.419,6.525,3.347,2.312,2.628,0.474,1.324,5.370,6.644,5.228,7.539,5.269,1.383,-1.298,0.140,5.978,14.684,20.866,28.313,30.159,28.242,23.861,19.693
16.639,11.591,7.689,4.670,3.566,4.015,1.771,2.487,6.529,7.871,6.439,8.820,6.776,2.833,0.015,1.880,7.262,15.569,21.971,29.017,30.940,29.115,24.850,20.553
17.562,12.506,8.618,5.740,4.599,5.017,2.861,3.455,7.557,8.860,7.438,9.836,7.865,3.876,0.975,3.319,8.261,16.330,22.807,29.721,31.596,29.822,25.719,21.419
18.437,13.511,9.722,6.876,5.778,6.184,4.069,4.685,8.666,9.939,8.553,10.879,8.928,5.058,2.260,4.407,9.350,17.289,23.564,30.355,32.188,30.442,26.400,22.222
19.238,14.357,10.639,7.843,6.773,7.072,5.122,5.746,9.677,10.831,9.490,11.703,9.716,5.893,3.065,5.684,10.264,18.041,24.165,30.998,32.790,31.030,27.076,23.020
19.989,15.156,11.481,8.754,7.686,7.956,6.080,6.679,10.572,11.671,10.355,12.514,10.563,6.760,3.886,6.875,11.134,18.712,24.790,31.542,33.331,31.586,27.710,23.699
20.576,15.754,12.127,9.463,8.406,8.580,6.849,7.421,11.315,12.319,11.036,13.128,11.150,7.363,4.463,7.837,11.787,19.243,25.230,32.017,33.747,32.001,28.225,24.304
21.268,16.533,12.963,10.351,9.306,9.492,7.781,8.343,12.160,13.147,11.884,13.935,12.013,8.279,5.387,8.857,12.641,19.914,25.830,32.472,34.204,32.487,28.770,24.895
21.632,16.943,13.398,10.796,9.759,9.960,8.245,8.819,12.585,13.568,12.315,14.339,12.443,8.739,5.847,9.353,13.081,20.275,26.154,32.734,34.484,32.774,29.063,25.204
22.116,17.504,13.994,11.432,10.397,10.649,8.895,9.453,13.158,14.167,12.919,14.943,13.120,9.457,6.590,10.005,13.698,20.757,26.615,33.022,34.786,33.114,29.437,25.583
22.613,18.017,14.501,12.016,10.949,11.246,9.469,9.960,13.677,14.707,13.454,15.509,13.778,10.084,7.152,10.788,14.260,21.147,27.103,33.350,35.136,33.504,29.890,25.984
23.047,18.481,14.966,12.512,11.431,11.779,9.957,10.426,14.121,15.180,13.922,15.992,14.328,10.630,7.669,11.367,14.753,21.533,27.540,33.663,35.485,33.876,30.276,26.333
23.447,18.900,15.392,12.995,11.897,12.265,10.443,10.870,14.563,15.625,14.368,16.447,14.842,11.132,8.132,12.004,15.215,21.862,27.912,33.928,35.758,34.176,30.627,26.666
23.636,19.108,15.604,13.229,12.124,12.525,10.669,11.070,14.761,15.853,14.591,16.698,15.132,11.427,8.446,12.196,15.441,22.053,28.127,34.055,35.881,34.324,30.797,26.819
23.851,19.311,15.780,13.421,12.293,12.735,10.837,11.218,14.923,16.040,14.765,16.898,15.378,11.636,8.595,12.489,15.644,22.201,28.369,34.239,36.109,34.560,31.025,26.985
24.226,19.721,16.229,13.900,12.785,13.189,11.358,11.740,15.409,16.476,15.224,17.303,15.782,12.068,9.013,13.126,16.096,22.547,28.645,34.500,36.359,34.810,31.318,27.333
24.431,19.946,16.463,14.171,13.047,13.472,11.628,11.975,15.646,16.730,15.477,17.578,16.097,12.386,9.344,13.400,16.349,22.741,28.855,34.621,36.428,34.929,31.495,27.504
24.678,20.244,16.873,14.642,13.569,13.840,12.198,12.516,16.176,17.154,15.951,17.981,16.408,12.802,9.925,13.756,16.718,23.116,28.948,34.780,36.465,34.945,31.640,27.866
25.070,20.678,17.232,14.988,13.863,14.361,12.456,12.783,16.379,17.505,16.255,18.362,16.979,13.314,10.297,14.209,17.147,23.376,29.478,35.024,36.892,35.419,32.005,28.009
25.139,20.754,17.308,15.047,13.926,14.438,12.510,12.849,16.435,17.575,16.323,18.435,17.050,13.394,10.399,14.229,17.214,23.475,29.569,35.113,36.985,35.511,32.077,28.079
25.422,21.096,17.684,15.436,14.327,14.865,12.903,13.257,16.791,17.947,16.701,18.806,17.453,13.843,10.896,14.460,17.591,23.795,29.836,35.283,37.151,35.699,32.282,28.309
25.616,21.301,17.837,15.474,14.369,15.018,12.915,13.350,16.811,18.042,16.771,18.879,17.548,13.932,10.942,14.537,17.727,24.015,30.063,35.483,37.388,35.925,32.451,28.433
25.669,21.411,18.029,15.736,14.657,15.224,13.235,13.645,17.084,18.249,17.013,19.074,17.721,14.176,11.273,14.737,17.912,24.114,30.133,35.586,37.607,36.114,32.509,28.509
25.919,21.772,18.326,15.938,14.816,15.534,13.335,13.806,17.246,18.514,17.226,19.344,17.990,14.410,11.331,14.760,18.236,24.476,30.293,35.712,37.635,36.153,32.590,28.736
26.147,21.829,18.452,16.071,15.054,15.643,13.608,14.135,17.427,18.603,17.386,19.378,18.061,14.571,11.804,15.040,18.272,24.550,30.615,35.888,37.815,36.380,32.929,28.886
26.262,22.082,18.737,16.476,15.403,16.011,13.995,14.404,17.771,18.949,17.723,19.765,18.475,14.974,12.084,15.227,18.636,24.702,30.702,36.016,37.907,36.485,33.034,29.001
26.436,22.268,18.943,16.708,15.639,16.227,14.243,14.631,18.002,19.166,17.948,19.986,18.697,15.209,12.342,15.525,18.845,24.883,30.763,36.109,38.235,36.729,33.050,29.082
26.540,22.574,19.269,16.802,15.805,16.641,14.306,14.947,18.012,19.349,18.111,20.110,18.882,15.562,12.845,15.762,19.091,25.266,31.021,36.111,38.235,36.778,33.078,29.180
26.930,22.828,19.555,17.334,16.288,16.867,14.907,15.309,18.617,19.764,18.564,20.564,19.281,15.855,13.044,16.359,19.447,25.423,31.195,36.391,38.259,36.849,33.473,29.641
27.167,23.113,19.867,17.655,16.620,17.212,15.247,15.660,18.918,20.064,18.874,20.851,19.590,16.199,13.404,16.690,19.760,25.674,31.399,36.533,38.410,37.009,33.641,29.831
27.299,23.257,20.019,17.819,16.784,17.377,15.418,15.824,19.075,20.218,19.030,21.003,19.753,16.367,13.572,16.885,19.917,25.797,31.515,36.624,38.498,37.104,33.750,29.947
27.476,23.467,20.256,18.073,17.047,17.636,15.690,16.093,19.318,20.454,19.276,21.235,19.993,16.637,13.870,17.130,20.154,25.992,31.662,36.730,38.586,37.204,33.877,30.106
27.557,23.556,20.361,18.175,17.160,17.729,15.805,16.213,19.432,20.557,19.385,21.335,20.073,16.737,14.007,17.170,20.246,26.110,31.730,36.817,38.645,37.264,33.948,30.210
27.690,23.693,20.505,18.352,17.330,17.894,15.987,16.366,19.596,20.717,19.547,21.503,20.259,16.919,14.185,17.398,20.404,26.220,31.848,36.896,38.707,37.340,34.065,30.331
27.834,23.846,20.654,18.512,17.483,18.072,16.140,16.509,19.734,20.871,19.698,21.666,20.450,17.105,14.360,17.580,20.566,26.346,32.003,37.000,38.826,37.470,34.197,30.442
28.001,24.010,20.821,18.708,17.671,18.250,16.343,16.690,19.925,21.046,19.876,21.839,20.637,17.281,14.503,17.893,20.748,26.466,32.139,37.117,38.941,37.591,34.349,30.593
28.068,24.085,20.897,18.785,17.748,18.339,16.415,16.759,19.991,21.126,19.954,21.928,20.735,17.384,14.624,17.920,20.824,26.548,32.223,37.177,38.996,37.654,34.414,30.655
28.166,24.229,21.070,18.927,17.915,18.510,16.576,16.964,20.137,21.272,20.109,22.053,20.845,17.546,14.843,17.945,20.972,26.720,32.305,37.258,39.079,37.730,34.462,30.744
28.329,24.423,21.272,19.119,18.113,18.738,16.770,17.177,20.310,21.461,20.299,22.235,21.048,17.769,15.071,18.119,21.174,26.894,32.469,37.375,39.223,37.877,34.588,30.865
28.461,24.539,21.379,19.251,18.232,18.858,16.894,17.270,20.433,21.587,20.420,22.376,21.205,17.904,15.189,18.297,21.296,26.994,32.609,37.493,39.333,37.998,34.735,30.995
28.525,24.612,21.469,19.335,18.329,18.926,16.995,17.384,20.536,21.669,20.512,22.446,21.246,17.967,15.279,18.349,21.371,27.090,32.646,37.568,39.383,38.042,34.786,31.086
28.625,24.723,21.583,19.456,18.448,19.061,17.114,17.495,20.641,21.788,20.629,22.573,21.390,18.116,15.439,18.445,21.490,27.195,32.756,37.640,39.455,38.124,34.874,31.169
28.724,24.833,21.709,19.588,18.587,19.186,17.258,17.638,20.777,21.914,20.761,22.695,21.505,18.247,15.593,18.556,21.610,27.312,32.837,37.720,39.514,38.187,34.954,31.275
28.836,24.974,21.872,19.744,18.757,19.355,17.428,17.822,20.932,22.068,20.922,22.844,21.648,18.423,15.811,18.638,21.762,27.469,32.938,37.807,39.588,38.265,35.033,31.384
28.921,25.064,21.958,19.824,18.835,19.451,17.500,17.899,21.002,22.152,21.002,22.930,21.744,18.520,15.910,18.692,21.848,27.559,33.038,37.891,39.684,38.363,35.117,31.456
29.074,25.248,22.161,20.026,19.049,19.666,17.717,18.130,21.199,22.345,21.202,23.111,21.928,18.732,16.142,18.879,22.046,27.734,33.169,37.998,39.792,38.472,35.228,31.590
29.194,25.370,22.287,20.171,19.190,19.804,17.865,18.259,21.337,22.481,21.339,23.255,22.082,18.884,16.295,19.036,22.180,27.843,33.282,38.088,39.869,38.559,35.340,31.705
29.254,25.440,22.370,20.255,19.280,19.892,17.952,18.343,21.418,22.569,21.428,23.350,22.172,18.992,16.446,19.047,22.255,27.943,33.350,38.147,39.901,38.600,35.393,31.778
29.379,25.570,22.498,20.395,19.414,20.037,18.091,18.473,21.546,22.699,21.558,23.483,22.323,19.136,16.573,19.228,22.393,28.043,33.470,38.237,40.002,38.707,35.506,31.879
29.491,25.684,22.619,20.521,19.543,20.151,18.226,18.611,21.679,22.817,21.681,23.592,22.425,19.243,16.673,19.395,22.514,28.148,33.559,38.337,40.098,38.799,35.607,31.994
29.534,25.720,22.656,20.564,19.585,20.185,18.270,18.642,21.725,22.862,21.726,23.644,22.473,19.288,16.730,19.415,22.550,28.197,33.606,38.388,40.131,38.837,35.660,32.052
29.642,25.831,22.762,20.672,19.689,20.307,18.369,18.737,21.819,22.973,21.832,23.763,22.606,19.419,16.862,19.496,22.661,28.304,33.732,38.488,40.238,38.950,35.769,32.146
29.714,25.928,22.882,20.761,19.802,20.402,18.478,18.885,21.930,23.070,21.939,23.839,22.648,19.501,16.991,19.503,22.754,28.442,33.785,38.582,40.321,39.020,35.817,32.240
29.805,26.034,22.988,20.862,19.903,20.529,18.571,18.981,22.013,23.176,22.041,23.954,22.778,19.641,17.153,19.525,22.859,28.555,33.901,38.661,40.406,39.113,35.900,32.314
29.914,26.138,23.095,20.988,20.025,20.641,18.700,19.091,22.138,23.295,22.161,24.079,22.906,19.764,17.276,19.676,22.973,28.653,34.001,38.753,40.481,39.196,36.009,32.428
30.012,26.250,23.214,21.111,20.149,20.777,18.823,19.211,22.248,23.415,22.281,24.205,23.044,19.912,17.440,19.765,23.093,28.763,34.105,38.824,40.549,39.273,36.091,32.511
30.165,26.389,23.338,21.264,20.283,20.928,18.962,19.316,22.378,23.559,22.418,24.366,23.239,20.078,17.571,19.996,23.241,28.863,34.272,38.944,40.677,39.415,36.255,32.640
30.315,26.533,23.502,21.473,20.491,21.090,19.191,19.503,22.597,23.746,22.615,24.562,23.424,20.265,17.775,20.250,23.411,29.004,34.381,39.055,40.725,39.479,36.394,32.821
30.478,26.705,23.677,21.665,20.679,21.283,19.386,19.689,22.777,23.925,22.796,24.741,23.619,20.459,17.956,20.495,23.596,29.146,34.531,39.174,40.849,39.609,36.538,32.962
30.547,26.773,23.742,21.723,20.737,21.347,19.442,19.751,22.835,23.985,22.855,24.797,23.677,20.515,18.003,20.564,23.661,29.210,34.602,39.247,40.935,39.691,36.608,33.024
30.678,26.901,23.867,21.865,20.871,21.484,19.582,19.874,22.968,24.118,22.986,24.936,23.831,20.657,18.126,20.761,23.797,29.313,34.729,39.351,41.041,39.804,36.737,33.143
30.817,27.072,24.049,22.037,21.051,21.690,19.757,20.066,23.123,24.289,23.158,25.103,24.015,20.865,18.355,20.883,23.976,29.476,34.872,39.449,41.156,39.924,36.840,33.247
30.925,27.204,24.196,22.175,21.200,21.839,19.906,20.235,23.262,24.425,23.300,25.226,24.133,21.008,18.521,20.984,24.114,29.614,34.965,39.538,41.245,40.011,36.919,33.348
31.072,27.365,24.357,22.347,21.366,22.032,20.071,20.389,23.408,24.591,23.462,25.403,24.339,21.215,18.727,21.154,24.285,29.752,35.125,39.640,41.358,40.137,37.049,33.461
31.167,27.442,24.428,22.439,21.449,22.105,20.161,20.453,23.500,24.677,23.547,25.498,24.440,21.297,18.791,21.301,24.367,29.817,35.218,39.730,41.435,40.220,37.159,33.563
31.331,27.610,24.608,22.633,21.646,22.279,20.369,20.657,23.703,24.857,23.735,25.671,24.603,21.467,18.960,21.542,24.547,29.974,35.348,39.871,41.559,40.344,37.306,33.735
31.476,27.768,24.778,22.812,21.828,22.458,20.556,20.838,23.876,25.029,23.910,25.842,24.780,21.654,19.163,21.712,24.717,30.127,35.481,39.984,41.661,40.454,37.431,33.873
31.653,27.966,24.994,23.042,22.064,22.687,20.802,21.082,24.102,25.243,24.132,26.050,24.993,21.885,19.402,21.971,24.935,30.305,35.628,40.106,41.774,40.572,37.570,34.035
31.818,28.133,25.158,23.221,22.236,22.870,20.976,21.240,24.267,25.416,24.302,26.232,25.193,22.078,19.585,22.175,25.110,30.452,35.798,40.244,41.913,40.721,37.732,34.184
31.944,28.255,25.273,23.336,22.346,22.991,21.085,21.349,24.376,25.530,24.413,26.345,25.318,22.192,19.677,22.331,25.231,30.556,35.928,40.363,42.051,40.858,37.860,34.294
32.032,28.315,25.319,23.414,22.406,23.040,21.156,21.383,24.451,25.597,24.477,26.426,25.409,22.250,19.700,22.504,25.296,30.591,36.013,40.445,42.122,40.936,37.973,34.389
32.184,28.484,25.488,23.567,22.563,23.223,21.304,21.549,24.592,25.756,24.633,26.582,25.578,22.429,19.885,22.620,25.463,30.757,36.180,40.585,42.287,41.100,38.110,34.514
32.275,28.539,25.527,23.625,22.607,23.249,21.353,21.569,24.658,25.814,24.687,26.652,25.643,22.462,19.892,22.734,25.512,30.812,36.278,40.709,42.395,41.210,38.243,34.633
32.395,28.676,25.666,23.747,22.734,23.397,21.473,21.708,24.772,25.942,24.813,26.776,25.773,22.606,20.047,22.809,25.646,30.953,36.410,40.824,42.528,41.341,38.349,34.735
32.571,28.856,25.845,23.934,22.918,23.587,21.660,21.890,24.951,26.121,24.993,26.955,25.966,22.794,20.218,23.045,25.833,31.108,36.579,40.973,42.687,41.503,38.516,34.892
32.770,29.074,26.088,24.183,23.180,23.820,21.936,22.178,25.215,26.352,25.238,27.163,26.159,23.010,20.439,23.349,26.069,31.310,36.721,41.130,42.832,41.642,38.671,35.091
32.974,29.292,26.298,24.396,23.385,24.068,22.133,22.369,25.396,26.566,25.443,27.390,26.423,23.271,20.695,23.541,26.290,31.507,36.957,41.299,43.028,41.850,38.867,35.253
33.181,29.451,26.441,24.607,23.567,24.214,22.342,22.505,25.607,26.749,25.625,27.593,26.641,23.432,20.788,23.970,26.469,31.608,37.136,41.473,43.170,42.008,39.106,35.473
33.331,29.551,26.514,24.692,23.635,24.263,22.412,22.550,25.707,26.839,25.709,27.694,26.731,23.478,20.791,24.131,26.553,31.709,37.298,41.683,43.374,42.206,39.315,35.657
33.535,29.816,26.812,24.921,23.904,24.543,22.666,22.893,25.953,27.082,25.965,27.894,26.901,23.720,21.093,24.213,26.810,32.014,37.480,41.893,43.615,42.421,39.455,35.846
33.683,29.939,26.938,25.063,24.046,24.636,22.820,23.031,26.122,27.217,26.106,28.025,27.001,23.810,21.176,24.411,26.933,32.147,37.595,42.068,43.753,42.554,39.622,36.040
33.898,30.166,27.155,25.260,24.241,24.873,23.003,23.230,26.300,27.425,26.306,28.235,27.234,24.043,21.402,24.573,27.152,32.367,37.844,42.281,44.005,42.806,39.835,36.220
34.144,30.398,27.386,25.490,24.472,25.079,23.239,23.470,26.550,27.652,26.537,28.453,27.432,24.234,21.579,24.851,27.379,32.601,38.068,42.550,44.268,43.058,40.090,36.488
34.329,30.560,27.564,25.652,24.654,25.178,23.432,23.684,26.777,27.816,26.718,28.588,27.488,24.302,21.662,25.029,27.529,32.814,38.194,42.818,44.490,43.250,40.294,36.760
34.505,30.702,27.730,25.821,24.844,25.246,23.647,23.908,27.030,27.973,26.900,28.707,27.512,24.333,21.693,25.301,27.669,32.994,38.269,43.067,44.669,43.397,40.485,37.044
34.756,30.957,27.987,26.050,25.083,25.477,23.885,24.185,27.279,28.202,27.136,28.908,27.694,24.522,21.859,25.581,27.914,33.241,38.492,43.336,44.969,43.674,40.724,37.291
34.982,31.153,28.174,26.222,25.259,25.613,24.064,24.378,27.490,28.379,27.317,29.066,27.814,24.626,21.931,25.829,28.092,33.447,38.693,43.628,45.262,43.942,40.982,37.559
35.152,31.279,28.282,26.352,25.373,25.701,24.186,24.467,27.634,28.508,27.442,29.207,27.944,24.718,21.990,26.038,28.212,33.572,38.864,43.838,45.452,44.131,41.199,37.764
35.595,31.725,28.715,26.828,25.825,26.192,24.647,24.888,28.065,28.961,27.887,29.679,28.479,25.224,22.444,26.642,28.681,33.939,39.315,44.187,45.828,44.530,41.625,38.140
35.899,32.016,29.023,27.099,26.122,26.416,24.950,25.241,28.405,29.237,28.181,29.909,28.629,25.395,22.618,26.943,28.955,34.272,39.552,44.574,46.198,44.860,41.934,38.514
36.360,32.444,29.428,27.518,26.525,26.807,25.363,25.640,28.833,29.645,28.587,30.311,29.038,25.759,22.901,27.552,29.379,34.649,39.995,45.042,46.692,45.343,42.421,38.969
37.034,33.043,29.994,28.100,27.088,27.299,25.955,26.229,29.472,30.199,29.149,30.823,29.517,26.161,23.132,28.572,29.966,35.157,40.577,45.760,47.455,46.059,43.141,39.667
37.675,33.736,30.780,28.843,27.907,27.969,26.799,27.160,30.324,30.927,29.929,31.465,30.015,26.774,23.860,29.230,30.675,35.942,41.049,46.432,48.031,46.589,43.691,40.422
38.372,34.274,31.297,29.286,28.380,28.204,27.283,27.699,30.982,31.414,30.442,31.885,30.188,26.900,23.947,29.779,31.117,36.655,41.645,47.538,49.038,47.487,44.573,41.422
39.499,35.180,32.107,30.161,29.191,28.872,28.128,28.439,31.959,32.285,31.303,32.774,30.999,27.521,24.349,31.156,31.970,37.535,42.738,48.900,50.356,48.763,45.930,42.715
41.048,36.425,33.501,31.513,30.700,29.473,29.797,30.212,33.974,33.594,32.789,33.807,31.271,27.825,24.665,33.128,33.140,39.160,43.599,51.175,52.121,50.258,47.682,45.140
