-7.032,-12.708,-13.469,-12.816,-13.616,-11.603,-0.061,12.338,12.145,-1.453,-9.198,-4.925,-7.957,-8.969,-11.257,-12.555,-12.772,-10.270,1.427,15.758,18.941,14.499,10.326,1.401
11.514,8.331,7.891,7.544,7.379,9.304,19.522,29.203,28.727,17.234,12.197,11.823,10.128,8.019,5.692,5.600,6.247,11.879,19.861,29.954,33.011,28.564,25.595,19.446
15.433,12.411,11.886,11.441,11.416,13.268,22.313,31.600,31.548,20.659,15.592,16.045,13.784,12.025,10.060,9.926,10.399,14.882,22.571,32.736,35.315,31.404,28.418,22.336
17.931,15.068,14.502,14.030,14.056,15.841,24.436,33.400,33.401,22.982,18.075,18.519,16.203,14.526,12.702,12.600,13.074,17.298,24.654,34.566,36.963,33.186,30.259,24.380
19.760,17.038,16.520,16.029,16.072,17.807,26.040,34.653,34.699,24.612,19.900,20.338,18.088,16.461,14.694,14.610,15.057,19.147,26.215,35.729,38.041,34.453,31.653,26.007
20.553,17.904,17.375,16.831,16.920,18.656,26.675,35.213,35.348,25.343,20.649,21.161,18.800,17.207,15.498,15.435,15.866,19.824,26.803,36.312,38.541,35.042,32.246,26.630
21.613,18.971,18.396,17.879,17.970,19.668,27.586,36.059,36.174,26.363,21.689,22.210,19.831,18.282,16.634,16.563,17.003,20.834,27.739,37.232,39.393,35.887,33.078,27.497
22.237,19.641,19.088,18.579,18.660,20.341,28.256,36.622,36.691,26.972,22.394,22.778,20.506,18.931,17.266,17.213,17.672,21.601,28.403,37.710,39.891,36.381,33.627,28.145
23.051,20.535,19.993,19.465,19.558,21.226,29.092,37.341,37.382,27.777,23.305,23.525,21.324,19.718,18.055,18.037,18.525,22.550,29.211,38.340,40.515,37.005,34.301,28.930
23.620,21.159,20.609,20.072,20.175,21.829,29.672,37.847,37.856,28.354,23.955,24.035,21.881,20.253,18.598,18.607,19.127,23.221,29.778,38.799,40.964,37.427,34.746,29.451
24.237,21.820,21.245,20.700,20.822,22.456,30.166,38.263,38.289,28.930,24.564,24.646,22.456,20.856,19.251,19.270,19.794,23.797,30.262,39.243,41.345,37.836,35.158,29.909
24.651,22.259,21.687,21.135,21.263,22.890,30.550,38.598,38.628,29.322,24.987,25.051,22.868,21.271,19.677,19.703,20.228,24.221,30.637,39.564,41.651,38.161,35.498,30.285
25.046,22.661,22.068,21.524,21.657,23.268,30.838,38.846,38.889,29.679,25.347,25.459,23.242,21.680,20.124,20.144,20.662,24.551,30.932,39.860,41.901,38.434,35.765,30.564
25.403,23.034,22.438,21.893,22.030,23.632,31.147,39.115,39.164,30.012,25.699,25.815,23.594,22.043,20.504,20.526,21.043,24.897,31.239,40.134,42.154,38.704,36.044,30.867
25.722,23.375,22.768,22.218,22.365,23.956,31.413,39.265,39.398,30.313,26.018,26.128,23.893,22.353,20.836,20.864,21.385,25.202,31.499,40.373,42.305,38.925,36.266,31.114
26.100,23.762,23.156,22.613,22.763,24.334,31.615,39.343,39.507,30.590,26.304,26.558,24.279,22.802,21.332,21.339,21.823,25.453,31.705,40.537,42.363,39.126,36.483,31.358
26.382,24.066,23.481,22.943,23.088,24.646,31.747,39.456,39.558,30.812,26.572,26.847,24.597,23.137,21.673,21.676,22.144,25.736,31.899,40.566,42.468,39.291,36.687,31.615
26.875,24.500,23.912,23.453,23.570,25.053,31.847,39.599,39.711,30.959,26.688,27.549,25.166,23.944,22.626,22.518,22.842,25.744,31.933,40.657,42.576,39.323,36.748,31.701
27.156,24.919,24.295,23.740,23.927,25.436,32.192,39.730,39.951,31.393,27.198,27.691,25.294,23.961,22.639,22.633,23.056,26.247,32.260,40.912,42.647,39.538,36.948,31.963
27.546,25.280,24.673,24.150,24.309,25.816,32.621,40.178,40.354,31.787,27.569,27.975,25.765,24.412,22.995,23.014,23.470,26.641,32.717,41.205,43.058,39.915,37.437,32.443
27.567,25.356,24.772,24.274,24.421,25.916,32.654,40.199,40.384,31.800,27.654,28.129,25.835,24.444,23.102,23.068,23.470,26.694,32.775,41.372,43.137,40.037,37.452,32.482
27.717,25.405,24.810,24.275,24.428,25.924,32.819,40.241,40.412,31.898,27.764,28.309,25.907,24.633,23.329,23.273,23.660,26.855,32.889,41.473,43.195,40.112,37.508,32.601
27.842,25.528,24.895,24.397,24.549,26.040,32.828,40.380,40.578,32.046,27.805,28.417,26.032,24.743,23.428,23.377,23.775,26.955,32.941,41.641,43.377,40.268,37.663,32.635
27.974,25.644,24.994,24.502,24.654,26.144,32.934,40.527,40.724,32.190,27.922,28.557,26.145,24.865,23.560,23.504,23.903,26.977,33.065,41.823,43.549,40.424,37.797,32.742
28.068,25.720,25.067,24.586,24.731,26.220,33.039,40.652,40.839,32.291,28.010,28.654,26.247,24.968,23.659,23.596,23.994,27.046,33.180,41.959,43.693,40.555,37.921,32.851
28.260,25.901,25.219,24.738,24.889,26.381,33.241,40.808,40.985,32.515,28.215,28.834,26.398,25.113,23.813,23.755,24.170,27.231,33.387,42.105,43.824,40.697,38.079,33.016
28.316,25.989,25.335,24.858,25.003,26.479,33.252,40.909,41.085,32.526,28.270,28.887,26.502,25.228,23.932,23.873,24.275,27.314,33.393,42.249,43.975,40.788,38.120,33.052
28.612,26.307,25.649,25.164,25.317,26.790,33.539,41.070,41.247,32.810,28.587,29.168,26.785,25.508,24.219,24.170,24.580,27.630,33.671,42.356,44.065,40.937,38.325,33.320
28.738,26.439,25.775,25.287,25.444,26.915,33.641,41.166,41.349,32.931,28.707,29.298,26.900,25.629,24.350,24.302,24.712,27.739,33.772,42.463,44.159,41.036,38.420,33.417
28.927,26.640,25.961,25.470,25.634,27.100,33.826,41.348,41.520,33.135,28.920,29.466,27.066,25.789,24.520,24.482,24.906,27.947,33.955,42.648,44.333,41.186,38.564,33.570
29.086,26.819,26.151,25.652,25.818,27.286,34.014,41.512,41.679,33.296,29.107,29.610,27.233,25.942,24.664,24.635,25.066,28.151,34.132,42.776,44.471,41.326,38.721,33.752
29.224,26.961,26.302,25.807,25.969,27.433,34.157,41.632,41.793,33.423,29.252,29.743,27.390,26.098,24.814,24.785,25.214,28.309,34.276,42.880,44.581,41.444,38.852,33.902
29.404,27.143,26.481,25.991,26.150,27.610,34.334,41.797,41.948,33.602,29.439,29.915,27.573,26.281,24.999,24.971,25.403,28.501,34.456,43.044,44.743,41.600,39.011,34.071
29.536,27.284,26.625,26.134,26.295,27.750,34.436,41.872,42.032,33.713,29.561,30.053,27.707,26.423,25.150,25.121,25.548,28.620,34.555,43.119,44.808,41.686,39.105,34.179
29.665,27.422,26.767,26.272,26.436,27.890,34.538,41.953,42.125,33.823,29.679,30.189,27.837,26.561,25.293,25.264,25.685,28.733,34.652,43.199,44.877,41.778,39.204,34.289
29.777,27.530,26.864,26.373,26.537,27.988,34.632,42.053,42.222,33.937,29.785,30.302,27.939,26.670,25.412,25.380,25.803,28.830,34.751,43.319,44.987,41.880,39.296,34.374
29.928,27.678,27.014,26.537,26.693,28.133,34.755,42.143,42.304,34.063,29.926,30.454,28.110,26.853,25.600,25.561,25.979,28.979,34.884,43.413,45.077,41.982,39.409,34.506
30.083,27.841,27.184,26.708,26.862,28.299,34.914,42.279,42.434,34.210,30.091,30.602,28.278,27.018,25.762,25.725,26.143,29.156,35.042,43.532,45.199,42.110,39.550,34.666
30.222,28.006,27.367,26.874,27.036,28.476,35.048,42.375,42.550,34.328,30.233,30.744,28.423,27.160,25.902,25.872,26.284,29.302,35.158,43.597,45.262,42.208,39.669,34.812
30.364,28.154,27.516,27.021,27.185,28.623,35.160,42.468,42.655,34.452,30.362,30.893,28.563,27.309,26.059,26.028,26.434,29.424,35.267,43.695,45.349,42.314,39.779,34.930
30.456,28.244,27.601,27.106,27.272,28.709,35.235,42.546,42.738,34.541,30.444,30.991,28.648,27.400,26.156,26.124,26.528,29.497,35.343,43.786,45.432,42.399,39.860,35.004
30.556,28.329,27.677,27.190,27.354,28.787,35.297,42.619,42.816,34.631,30.515,31.107,28.743,27.512,26.280,26.238,26.635,29.553,35.415,43.892,45.525,42.497,39.946,35.073
30.668,28.445,27.788,27.302,27.468,28.897,35.386,42.697,42.897,34.735,30.621,31.220,28.849,27.625,26.402,26.359,26.756,29.653,35.504,43.978,45.601,42.578,40.026,35.158
30.791,28.561,27.900,27.425,27.584,29.009,35.533,42.849,43.026,34.871,30.763,31.329,28.981,27.750,26.520,26.478,26.882,29.808,35.660,44.127,45.759,42.713,40.160,35.295
30.981,28.768,28.116,27.643,27.798,29.219,35.760,43.044,43.198,35.067,30.995,31.492,29.190,27.942,26.701,26.668,27.084,30.068,35.884,44.283,45.929,42.871,40.338,35.509
31.085,28.876,28.224,27.755,27.907,29.325,35.875,43.148,43.289,35.174,31.115,31.583,29.301,28.047,26.804,26.773,27.195,30.198,36.001,44.376,46.027,42.959,40.432,35.616
31.205,28.996,28.350,27.880,28.031,29.449,35.992,43.258,43.403,35.285,31.228,31.709,29.429,28.177,26.932,26.899,27.316,30.314,36.117,44.483,46.135,43.078,40.556,35.743
31.328,29.123,28.485,28.017,28.165,29.581,36.108,43.352,43.498,35.393,31.348,31.833,29.565,28.316,27.070,27.035,27.448,30.442,36.232,44.566,46.219,43.177,40.667,35.868
31.444,29.248,28.620,28.147,28.297,29.713,36.203,43.422,43.585,35.485,31.449,31.962,29.690,28.449,27.205,27.168,27.571,30.541,36.321,44.630,46.277,43.267,40.768,35.980
31.549,29.358,28.735,28.258,28.409,29.827,36.331,43.549,43.708,35.598,31.570,32.057,29.797,28.546,27.294,27.262,27.670,30.670,36.445,44.740,46.396,43.379,40.885,36.104
31.634,29.445,28.822,28.347,28.497,29.912,36.405,43.612,43.769,35.675,31.652,32.142,29.885,28.637,27.389,27.356,27.762,30.753,36.520,44.804,46.456,43.444,40.953,36.178
31.750,29.565,28.945,28.471,28.620,30.034,36.520,43.716,43.873,35.787,31.771,32.257,30.007,28.760,27.511,27.478,27.884,30.876,36.635,44.902,46.555,43.548,41.062,36.296
31.858,29.668,29.041,28.567,28.719,30.131,36.605,43.809,43.972,35.891,31.864,32.373,30.104,28.865,27.624,27.589,27.992,30.957,36.722,45.014,46.657,43.652,41.158,36.381
31.974,29.782,29.144,28.674,28.827,30.234,36.690,43.893,44.057,36.003,31.970,32.492,30.208,28.980,27.752,27.715,28.118,31.050,36.811,45.121,46.748,43.741,41.238,36.457
32.095,29.911,29.276,28.801,28.957,30.365,36.796,43.984,44.159,36.111,32.083,32.619,30.329,29.105,27.880,27.843,28.242,31.160,36.912,45.208,46.830,43.840,41.343,36.569
32.189,30.011,29.386,28.910,29.064,30.473,36.914,44.091,44.260,36.206,32.193,32.705,30.437,29.203,27.969,27.935,28.335,31.284,37.027,45.292,46.925,43.937,41.451,36.691
32.315,30.137,29.515,29.045,29.194,30.598,37.030,44.189,44.353,36.320,32.316,32.831,30.574,29.345,28.112,28.075,28.473,31.413,37.146,45.389,47.021,44.038,41.560,36.811
32.407,30.225,29.592,29.118,29.273,30.680,37.101,44.280,44.456,36.417,32.394,32.932,30.644,29.422,28.199,28.161,28.558,31.471,37.217,45.503,47.123,44.139,41.645,36.876
32.575,30.403,29.767,29.297,29.451,30.850,37.268,44.423,44.583,36.585,32.583,33.082,30.815,29.589,28.370,28.337,28.742,31.670,37.386,45.637,47.255,44.260,41.773,37.028
32.670,30.501,29.873,29.400,29.553,30.956,37.389,44.545,44.705,36.683,32.686,33.175,30.919,29.685,28.455,28.424,28.829,31.783,37.502,45.740,47.370,44.377,41.897,37.155
32.774,30.615,29.992,29.514,29.668,31.073,37.528,44.681,44.829,36.801,32.819,33.261,31.026,29.776,28.536,28.513,28.928,31.929,37.636,45.851,47.492,44.486,42.013,37.283
32.871,30.717,30.100,29.620,29.772,31.181,37.668,44.822,44.957,36.914,32.944,33.342,31.131,29.865,28.611,28.595,29.018,32.071,37.773,45.966,47.624,44.602,42.136,37.416
32.987,30.835,30.214,29.733,29.885,31.296,37.829,45.001,45.118,37.060,33.093,33.438,31.243,29.959,28.696,28.687,29.124,32.230,37.934,46.131,47.802,44.749,42.278,37.557
33.122,30.973,30.346,29.863,30.018,31.429,37.954,45.127,45.246,37.197,33.229,33.570,31.365,30.082,28.825,28.819,29.259,32.359,38.057,46.264,47.927,44.870,42.394,37.672
33.220,31.068,30.432,29.948,30.106,31.517,38.050,45.240,45.358,37.306,33.328,33.667,31.450,30.166,28.914,28.909,29.352,32.450,38.155,46.389,48.048,44.978,42.493,37.760
33.355,31.198,30.565,30.086,30.240,31.650,38.184,45.371,45.488,37.435,33.456,33.807,31.595,30.315,29.060,29.051,29.490,32.582,38.292,46.521,48.183,45.119,42.636,37.903
33.529,31.384,30.761,30.284,30.433,31.841,38.396,45.558,45.654,37.614,33.665,33.959,31.790,30.494,29.226,29.223,29.672,32.817,38.502,46.672,48.350,45.276,42.811,38.107
33.680,31.544,30.927,30.451,30.598,32.003,38.564,45.706,45.790,37.764,33.837,34.096,31.952,30.649,29.375,29.376,29.830,33.004,38.668,46.798,48.483,45.406,42.953,38.270
33.844,31.708,31.079,30.606,30.756,32.155,38.703,45.843,45.925,37.928,33.998,34.257,32.102,30.806,29.544,29.546,30.002,33.155,38.811,46.953,48.625,45.541,43.080,38.396
33.992,31.874,31.248,30.769,30.922,32.320,38.850,45.967,46.050,38.072,34.160,34.396,32.249,30.948,29.688,29.696,30.157,33.321,38.951,47.061,48.729,45.651,43.199,38.536
34.160,32.062,31.440,30.952,31.111,32.508,39.024,46.118,46.200,38.238,34.349,34.551,32.414,31.105,29.844,29.862,30.328,33.516,39.115,47.190,48.857,45.782,43.341,38.700
34.296,32.206,31.580,31.088,31.250,32.648,39.174,46.270,46.345,38.388,34.505,34.675,32.542,31.224,29.963,29.988,30.463,33.673,39.262,47.335,49.003,45.913,43.470,38.834
34.433,32.335,31.708,31.222,31.380,32.777,39.308,46.406,46.479,38.522,34.634,34.815,32.684,31.370,30.109,30.129,30.601,33.804,39.400,47.477,49.146,46.056,43.613,38.972
34.549,32.443,31.812,31.328,31.484,32.885,39.475,46.608,46.663,38.671,34.776,34.917,32.799,31.468,30.194,30.218,30.701,33.955,39.572,47.671,49.358,46.234,43.781,39.127
34.661,32.553,31.922,31.434,31.591,32.997,39.615,46.767,46.818,38.801,34.899,35.023,32.905,31.564,30.283,30.310,30.799,34.081,39.709,47.823,49.520,46.381,43.924,39.261
34.841,32.732,32.091,31.602,31.761,33.170,39.816,46.990,47.031,39.006,35.098,35.190,33.070,31.720,30.437,30.470,30.971,34.278,39.911,48.049,49.748,46.582,44.113,39.442
35.002,32.888,32.245,31.760,31.916,33.324,39.983,47.163,47.198,39.171,35.261,35.349,33.233,31.881,30.598,30.629,31.131,34.443,40.081,48.225,49.927,46.753,44.282,39.607
35.225,33.136,32.486,31.986,32.156,33.563,40.177,47.336,47.385,39.389,35.491,35.568,33.430,32.080,30.811,30.853,31.360,34.657,40.262,48.397,50.078,46.914,44.444,39.784
35.474,33.404,32.757,32.250,32.427,33.829,40.383,47.503,47.567,39.611,35.731,35.820,33.674,32.334,31.078,31.123,31.624,34.890,40.460,48.561,50.224,47.088,44.629,39.992
35.636,33.557,32.893,32.388,32.570,33.969,40.492,47.626,47.705,39.766,35.862,35.999,33.811,32.490,31.255,31.294,31.790,34.992,40.573,48.727,50.366,47.234,44.755,40.097
35.807,33.745,33.082,32.561,32.752,34.158,40.692,47.833,47.916,39.955,36.057,36.159,33.967,32.631,31.391,31.442,31.946,35.187,40.760,48.915,50.557,47.417,44.939,40.284
36.058,34.019,33.350,32.817,33.016,34.426,40.998,48.145,48.208,40.245,36.367,36.372,34.198,32.833,31.585,31.656,32.185,35.509,41.054,49.195,50.847,47.667,45.188,40.549
36.322,34.293,33.624,33.088,33.287,34.699,41.331,48.486,48.520,40.545,36.687,36.600,34.463,33.069,31.804,31.889,32.439,35.852,41.383,49.500,51.174,47.954,45.479,40.855
36.535,34.512,33.835,33.300,33.500,34.910,41.550,48.705,48.726,40.770,36.919,36.799,34.667,33.268,32.005,32.095,32.655,36.085,41.604,49.717,51.389,48.151,45.673,41.055
36.811,34.792,34.096,33.555,33.763,35.176,41.853,49.039,49.048,41.085,37.226,37.053,34.911,33.496,32.236,32.338,32.917,36.385,41.904,50.057,51.728,48.446,45.949,41.320
37.071,35.039,34.317,33.776,33.988,35.406,42.145,49.397,49.390,41.397,37.507,37.299,35.134,33.706,32.448,32.556,33.154,36.651,42.201,50.439,52.112,48.774,46.243,41.577
37.336,35.327,34.590,34.024,34.255,35.685,42.479,49.774,49.757,41.726,37.836,37.526,35.350,33.886,32.621,32.755,33.383,36.975,42.517,50.793,52.473,49.081,46.532,41.858
37.617,35.614,34.847,34.269,34.517,35.948,42.715,50.037,50.036,42.023,38.108,37.809,35.573,34.118,32.880,33.021,33.657,37.207,42.747,51.099,52.747,49.338,46.758,42.060
37.904,35.912,35.138,34.547,34.803,36.243,43.074,50.433,50.413,42.363,38.449,38.066,35.837,34.351,33.100,33.258,33.918,37.555,43.097,51.470,53.135,49.677,47.087,42.383
38.312,36.324,35.517,34.917,35.185,36.631,43.544,50.970,50.922,42.847,38.918,38.432,36.191,34.673,33.421,33.600,34.295,38.014,43.565,52.012,53.682,50.141,47.517,42.788
38.634,36.633,35.803,35.194,35.470,36.930,43.929,51.442,51.381,43.240,39.272,38.737,36.467,34.925,33.667,33.857,34.575,38.353,43.949,52.500,54.181,50.573,47.910,43.133
38.945,36.956,36.106,35.477,35.766,37.243,44.382,51.978,51.878,43.659,39.685,38.986,36.731,35.128,33.843,34.065,34.831,38.779,44.389,52.997,54.713,51.001,48.311,43.514
39.295,37.305,36.441,35.804,36.099,37.586,44.788,52.435,52.322,44.061,40.071,39.315,37.051,35.425,34.133,34.366,35.152,39.162,44.790,53.451,55.178,51.417,48.706,43.887
39.951,37.978,37.108,36.452,36.753,38.259,45.627,53.348,53.181,44.830,40.853,39.898,37.683,35.982,34.648,34.916,35.752,39.980,45.615,54.294,56.075,52.206,49.482,44.658
40.668,38.709,37.788,37.106,37.436,38.954,46.376,54.185,54.013,45.635,41.622,40.580,38.297,36.570,35.254,35.550,36.426,40.705,46.350,55.163,56.924,52.969,50.189,45.320
41.449,39.499,38.537,37.825,38.178,39.723,47.345,55.302,55.079,46.582,42.537,41.281,38.989,37.180,35.836,36.176,37.120,41.620,47.302,56.251,58.051,53.937,51.100,46.178
42.570,40.648,39.659,38.910,39.286,40.858,48.657,56.725,56.457,47.852,43.802,42.317,40.034,38.140,36.763,37.152,38.162,42.895,48.588,57.617,59.460,55.208,52.334,47.386
43.894,41.896,40.771,39.996,40.419,42.026,49.998,58.406,58.150,49.380,45.114,43.645,41.122,39.217,37.890,38.293,39.357,44.059,49.943,59.501,61.295,56.843,53.775,48.590
46.049,43.704,42.334,41.654,42.083,43.691,51.671,60.645,60.516,51.599,46.772,46.086,42.993,41.326,40.188,40.443,41.426,45.347,51.773,62.436,64.031,59.476,56.034,50.289
