-10.560,-15.590,-17.610,-18.950,-19.237,-18.932,-14.842,-9.560,-8.561,-7.437,-11.892,-15.154,-19.295,-22.586,-24.884,-20.341,-11.314,5.938,17.550,24.738,17.747,6.204,3.805,-3.220
5.696,1.943,0.225,-0.781,-1.097,-0.512,2.560,6.583,7.562,7.952,4.849,2.534,-0.749,-3.552,-5.161,-1.760,5.026,18.091,26.839,32.688,27.070,18.469,16.439,10.910
13.015,9.919,8.336,7.558,7.228,8.021,10.552,13.897,14.843,14.774,12.529,10.729,7.876,5.333,4.044,6.863,12.456,23.477,30.788,36.102,31.020,23.920,21.981,17.174
17.102,14.389,13.012,12.335,11.976,12.664,14.903,17.872,18.656,18.500,16.460,14.951,12.445,10.196,9.007,11.536,16.479,26.319,32.761,37.533,33.056,26.659,24.936,20.766
18.303,15.673,14.316,13.658,13.340,14.038,16.199,19.063,19.864,19.731,17.812,16.320,13.879,11.685,10.571,12.993,17.766,27.224,33.459,38.061,33.700,27.593,25.917,21.828
19.754,17.235,15.949,15.339,15.058,15.713,17.770,20.486,21.228,21.137,19.346,17.902,15.583,13.525,12.446,14.755,19.299,28.343,34.311,38.701,34.511,28.688,27.077,23.167
20.729,18.199,16.893,16.188,15.985,16.611,18.676,21.407,22.287,22.385,20.476,18.907,16.573,14.469,13.540,15.767,20.339,29.018,34.915,38.998,35.026,29.451,27.981,24.026
21.583,19.105,17.811,17.107,16.943,17.569,19.583,22.246,23.154,23.297,21.450,19.874,17.583,15.512,14.650,16.796,21.260,29.642,35.395,39.323,35.457,30.104,28.685,24.778
22.447,20.064,18.808,18.138,17.940,18.570,20.517,23.100,23.965,24.015,22.237,20.766,18.544,16.519,15.665,17.758,22.071,30.247,35.806,39.690,35.914,30.681,29.277,25.514
23.065,20.742,19.514,18.848,18.623,19.240,21.152,23.696,24.541,24.548,22.761,21.353,19.176,17.172,16.331,18.394,22.627,30.650,36.079,39.901,36.228,31.064,29.695,26.039
23.489,21.235,20.033,19.392,19.101,19.725,21.602,24.112,24.910,24.787,23.011,21.719,19.583,17.589,16.727,18.783,22.933,30.908,36.217,40.080,36.454,31.281,29.906,26.371
23.858,21.641,20.447,19.816,19.500,20.138,21.993,24.480,25.270,25.087,23.330,22.089,19.972,17.977,17.119,19.161,23.260,31.176,36.415,40.285,36.682,31.540,30.164,26.679
24.397,22.258,21.093,20.516,20.139,20.829,22.646,25.029,25.778,25.527,23.817,22.697,20.601,18.578,17.724,19.750,23.760,31.564,36.641,40.464,36.888,31.920,30.536,27.143
24.471,22.326,21.133,20.523,20.214,20.867,22.646,25.101,25.880,25.555,23.848,22.773,20.724,18.716,17.835,19.876,23.840,31.607,36.721,40.665,37.073,31.960,30.557,27.157
24.690,22.598,21.411,20.821,20.357,21.079,22.877,25.325,26.073,25.556,23.957,22.848,20.766,18.805,17.957,19.931,23.863,31.724,36.766,40.816,37.219,32.044,30.610,27.293
24.865,22.799,21.632,21.071,20.590,21.309,23.086,25.505,26.208,25.648,23.983,23.027,20.972,18.956,18.045,20.086,24.002,31.895,36.900,40.984,37.375,32.187,30.735,27.469
24.975,22.906,21.719,21.155,20.666,21.417,23.198,25.627,26.354,25.756,24.107,23.158,21.084,19.034,18.133,20.177,24.102,32.015,37.031,41.158,37.513,32.325,30.851,27.556
25.106,23.000,21.800,21.219,20.807,21.543,23.332,25.756,26.527,25.962,24.261,23.303,21.214,19.145,18.243,20.303,24.268,32.194,37.250,41.266,37.632,32.533,31.069,27.731
25.170,23.085,21.893,21.312,20.816,21.559,23.359,25.815,26.552,26.071,24.442,23.388,21.301,19.268,18.411,20.424,24.371,32.224,37.270,41.400,37.764,32.548,31.104,27.760
25.787,23.792,22.654,22.110,21.622,22.335,24.060,26.412,27.096,26.505,24.886,23.987,21.988,20.013,19.126,21.113,24.910,32.587,37.433,41.433,37.922,32.869,31.448,28.288
25.961,23.992,22.870,22.345,21.834,22.546,24.254,26.586,27.238,26.599,25.000,24.146,22.169,20.213,19.306,21.293,25.051,32.726,37.530,41.554,38.048,32.984,31.554,28.445
26.145,24.189,23.073,22.545,22.018,22.727,24.431,26.763,27.410,26.749,25.131,24.300,22.330,20.370,19.463,21.450,25.198,32.856,37.634,41.653,38.174,33.106,31.684,28.603
26.286,24.342,23.229,22.699,22.150,22.859,24.563,26.899,27.540,26.846,25.206,24.401,22.435,20.465,19.554,21.547,25.293,32.957,37.717,41.750,38.288,33.197,31.778,28.722
26.462,24.552,23.453,22.934,22.334,23.049,24.741,27.071,27.683,26.897,25.244,24.514,22.564,20.588,19.655,21.659,25.375,33.055,37.763,41.846,38.400,33.266,31.838,28.850
26.618,24.709,23.609,23.086,22.495,23.210,24.899,27.225,27.847,27.076,25.425,24.685,22.736,20.762,19.840,21.834,25.546,33.193,37.893,41.952,38.518,33.412,31.992,28.999
26.801,24.894,23.807,23.279,22.700,23.389,25.076,27.396,28.010,27.278,25.607,24.855,22.919,20.965,20.046,22.033,25.738,33.344,38.028,42.035,38.643,33.555,32.160,29.187
26.971,25.071,23.993,23.468,22.895,23.574,25.253,27.560,28.167,27.450,25.784,25.030,23.107,21.170,20.254,22.231,25.919,33.486,38.148,42.126,38.757,33.693,32.310,29.354
27.132,25.238,24.169,23.636,23.054,23.718,25.397,27.708,28.310,27.595,25.893,25.148,23.232,21.297,20.380,22.359,26.049,33.600,38.246,42.202,38.871,33.798,32.433,29.503
27.258,25.376,24.319,23.793,23.212,23.865,25.534,27.830,28.416,27.707,26.014,25.276,23.376,21.462,20.541,22.512,26.179,33.700,38.321,42.256,38.945,33.888,32.530,29.626
27.403,25.531,24.475,23.942,23.338,23.992,25.664,27.969,28.556,27.813,26.088,25.376,23.476,21.545,20.623,22.601,26.272,33.798,38.402,42.349,39.058,33.979,32.626,29.744
27.554,25.693,24.637,24.097,23.487,24.143,25.811,28.114,28.710,27.957,26.220,25.518,23.620,21.681,20.772,22.742,26.403,33.889,38.467,42.397,39.133,34.073,32.732,29.863
27.628,25.756,24.706,24.168,23.573,24.215,25.885,28.187,28.775,28.058,26.323,25.599,23.705,21.783,20.868,22.839,26.507,33.999,38.594,42.506,39.240,34.181,32.844,29.968
27.738,25.874,24.823,24.286,23.672,24.321,25.991,28.296,28.881,28.130,26.386,25.686,23.791,21.858,20.938,22.915,26.581,34.090,38.676,42.612,39.346,34.265,32.923,30.061
27.868,26.019,24.991,24.466,23.838,24.464,26.126,28.418,28.965,28.202,26.451,25.777,23.906,22.003,21.058,23.041,26.686,34.202,38.763,42.697,39.454,34.348,33.011,30.200
27.920,26.071,25.042,24.516,23.878,24.506,26.171,28.471,29.015,28.238,26.475,25.810,23.936,22.026,21.075,23.066,26.719,34.261,38.828,42.781,39.533,34.402,33.061,30.252
28.020,26.169,25.140,24.612,23.984,24.609,26.273,28.569,29.119,28.360,26.600,25.924,24.050,22.144,21.201,23.186,26.835,34.352,38.916,42.847,39.608,34.499,33.166,30.352
28.139,26.302,25.269,24.749,24.112,24.756,26.410,28.696,29.246,28.451,26.720,26.065,24.194,22.282,21.341,23.319,26.947,34.451,38.993,42.948,39.694,34.601,33.253,30.446
28.241,26.413,25.385,24.868,24.227,24.870,26.517,28.796,29.341,28.536,26.810,26.166,24.302,22.395,21.454,23.428,27.041,34.525,39.048,42.998,39.755,34.671,33.326,30.535
28.317,26.484,25.462,24.953,24.330,24.960,26.604,28.872,29.407,28.637,26.927,26.265,24.409,22.526,21.581,23.550,27.156,34.631,39.161,43.090,39.844,34.775,33.432,30.639
28.405,26.577,25.550,25.044,24.415,25.058,26.699,28.965,29.504,28.712,27.016,26.364,24.505,22.614,21.670,23.638,27.237,34.714,39.237,43.185,39.927,34.861,33.509,30.713
28.519,26.694,25.677,25.170,24.543,25.171,26.810,29.072,29.601,28.824,27.116,26.464,24.614,22.736,21.790,23.756,27.350,34.811,39.324,43.249,40.014,34.950,33.610,30.832
28.620,26.803,25.786,25.280,24.643,25.276,26.912,29.172,29.701,28.903,27.194,26.556,24.709,22.826,21.880,23.845,27.433,34.889,39.389,43.322,40.091,35.026,33.684,30.917
28.718,26.918,25.906,25.406,24.747,25.386,27.015,29.271,29.788,28.947,27.238,26.635,24.794,22.908,21.954,23.922,27.492,34.952,39.426,43.383,40.157,35.078,33.730,30.991
28.790,26.989,25.983,25.483,24.820,25.451,27.082,29.339,29.847,29.006,27.287,26.687,24.850,22.969,22.007,23.981,27.554,35.026,39.502,43.459,40.239,35.144,33.799,31.070
28.858,27.063,26.058,25.564,24.889,25.524,27.153,29.410,29.909,29.043,27.328,26.746,24.910,23.028,22.056,24.035,27.604,35.101,39.575,43.559,40.327,35.211,33.856,31.137
28.899,27.099,26.092,25.602,24.934,25.571,27.201,29.456,29.953,29.094,27.393,26.803,24.966,23.088,22.113,24.093,27.663,35.172,39.658,43.649,40.400,35.284,33.922,31.192
29.002,27.204,26.209,25.739,25.095,25.720,27.336,29.564,30.039,29.214,27.562,26.958,25.139,23.303,22.318,24.286,27.826,35.310,39.789,43.759,40.499,35.417,34.051,31.326
29.095,27.296,26.320,25.864,25.238,25.837,27.444,29.653,30.099,29.314,27.681,27.064,25.266,23.474,22.474,24.437,27.958,35.430,39.905,43.845,40.594,35.522,34.162,31.456
29.188,27.392,26.423,25.964,25.329,25.918,27.528,29.740,30.177,29.391,27.735,27.126,25.332,23.543,22.536,24.505,28.030,35.513,39.985,43.922,40.686,35.594,34.242,31.552
29.294,27.493,26.520,26.054,25.428,26.016,27.629,29.844,30.293,29.526,27.864,27.239,25.441,23.648,22.652,24.616,28.149,35.613,40.089,44.006,40.779,35.703,34.359,31.657
29.389,27.593,26.623,26.172,25.551,26.145,27.748,29.948,30.385,29.607,27.986,27.368,25.577,23.799,22.794,24.754,28.265,35.731,40.201,44.136,40.884,35.818,34.459,31.759
29.483,27.676,26.706,26.247,25.636,26.220,27.829,30.036,30.479,29.733,28.093,27.454,25.660,23.884,22.884,24.844,28.370,35.832,40.316,44.225,40.987,35.923,34.575,31.866
29.535,27.727,26.766,26.316,25.712,26.284,27.891,30.089,30.514,29.783,28.156,27.513,25.728,23.973,22.961,24.923,28.441,35.914,40.402,44.309,41.064,35.995,34.645,31.943
29.622,27.828,26.867,26.427,25.808,26.393,27.991,30.181,30.598,29.826,28.218,27.603,25.823,24.066,23.047,25.009,28.508,35.984,40.451,44.388,41.132,36.059,34.696,32.010
29.702,27.907,26.956,26.518,25.903,26.472,28.069,30.256,30.661,29.907,28.291,27.672,25.899,24.159,23.132,25.096,28.594,36.071,40.540,44.461,41.217,36.137,34.782,32.107
29.768,27.968,27.013,26.583,25.983,26.558,28.152,30.330,30.735,29.996,28.403,27.780,26.007,24.276,23.250,25.208,28.699,36.176,40.655,44.579,41.310,36.249,34.883,32.190
29.877,28.092,27.151,26.722,26.086,26.651,28.245,30.430,30.811,30.024,28.414,27.813,26.050,24.316,23.269,25.244,28.733,36.245,40.705,44.655,41.409,36.291,34.928,32.283
29.953,28.166,27.219,26.790,26.160,26.731,28.325,30.510,30.897,30.113,28.502,27.907,26.139,24.402,23.360,25.332,28.821,36.329,40.792,44.744,41.488,36.382,35.015,32.358
30.027,28.232,27.288,26.857,26.225,26.786,28.388,30.581,30.963,30.188,28.559,27.958,26.189,24.454,23.403,25.384,28.890,36.426,40.907,44.861,41.606,36.473,35.109,32.451
30.138,28.344,27.395,26.974,26.355,26.931,28.525,30.703,31.089,30.315,28.733,28.126,26.356,24.627,23.581,25.551,29.039,36.560,41.039,45.002,41.718,36.617,35.238,32.564
30.202,28.412,27.464,27.055,26.434,27.017,28.604,30.774,31.149,30.359,28.804,28.207,26.441,24.720,23.665,25.636,29.110,36.642,41.119,45.102,41.798,36.696,35.303,32.632
30.276,28.488,27.544,27.136,26.508,27.085,28.674,30.845,31.212,30.416,28.851,28.261,26.499,24.781,23.718,25.694,29.169,36.716,41.191,45.180,41.881,36.761,35.369,32.710
30.339,28.554,27.611,27.209,26.586,27.164,28.748,30.912,31.274,30.479,28.932,28.342,26.584,24.873,23.808,25.781,29.246,36.788,41.261,45.252,41.944,36.834,35.437,32.777
30.433,28.650,27.715,27.323,26.700,27.273,28.852,31.007,31.352,30.556,29.022,28.439,26.689,24.994,23.917,25.892,29.346,36.899,41.369,45.368,42.052,36.935,35.532,32.884
30.543,28.765,27.836,27.444,26.820,27.385,28.962,31.113,31.452,30.661,29.121,28.540,26.797,25.110,24.031,26.004,29.453,36.995,41.455,45.441,42.140,37.024,35.629,32.994
30.626,28.850,27.923,27.541,26.923,27.491,29.061,31.201,31.533,30.744,29.231,28.649,26.911,25.237,24.155,26.123,29.557,37.092,41.548,45.537,42.223,37.121,35.719,33.084
30.723,28.961,28.042,27.671,27.036,27.605,29.168,31.300,31.612,30.788,29.284,28.732,27.004,25.337,24.239,26.212,29.628,37.177,41.615,45.630,42.313,37.192,35.780,33.173
30.841,29.081,28.157,27.790,27.159,27.739,29.298,31.424,31.741,30.909,29.429,28.878,27.148,25.478,24.385,26.352,29.759,37.302,41.738,45.762,42.429,37.324,35.902,33.286
31.035,29.301,28.387,28.034,27.390,27.972,29.513,31.617,31.917,31.054,29.596,29.078,27.367,25.712,24.615,26.571,29.937,37.437,41.823,45.846,42.529,37.447,36.025,33.450
31.115,29.380,28.469,28.118,27.481,28.060,29.598,31.697,31.995,31.143,29.693,29.169,27.462,25.814,24.718,26.671,30.031,37.521,41.905,45.920,42.603,37.532,36.111,33.535
31.235,29.522,28.613,28.274,27.593,28.189,29.722,31.823,32.100,31.160,29.710,29.247,27.543,25.881,24.762,26.731,30.077,37.618,41.981,46.068,42.735,37.609,36.165,33.626
31.299,29.586,28.681,28.342,27.650,28.243,29.779,31.886,32.154,31.198,29.736,29.285,27.581,25.917,24.787,26.766,30.118,37.692,42.061,46.167,42.830,37.674,36.226,33.696
31.425,29.713,28.816,28.478,27.783,28.363,29.900,32.006,32.262,31.311,29.836,29.388,27.691,26.038,24.899,26.882,30.235,37.815,42.181,46.280,42.956,37.786,36.344,33.829
31.540,29.841,28.952,28.621,27.903,28.484,30.017,32.121,32.358,31.368,29.887,29.472,27.783,26.131,24.977,26.968,30.310,37.914,42.265,46.393,43.070,37.869,36.420,33.935
31.621,29.916,29.015,28.681,27.958,28.551,30.091,32.207,32.455,31.450,29.966,29.552,27.849,26.178,25.026,27.024,30.382,38.013,42.380,46.533,43.191,37.974,36.516,34.012
31.722,30.001,29.096,28.753,28.057,28.641,30.186,32.306,32.569,31.619,30.131,29.676,27.968,26.302,25.164,27.155,30.527,38.137,42.526,46.638,43.302,38.112,36.667,34.135
31.824,30.107,29.207,28.870,28.156,28.741,30.287,32.408,32.657,31.677,30.186,29.753,28.047,26.382,25.227,27.229,30.601,38.250,42.639,46.783,43.437,38.211,36.756,34.239
31.976,30.266,29.367,29.032,28.308,28.896,30.440,32.560,32.806,31.805,30.312,29.895,28.192,26.521,25.365,27.368,30.733,38.381,42.758,46.914,43.570,38.339,36.882,34.377
32.117,30.428,29.536,29.215,28.460,29.057,30.592,32.705,32.927,31.861,30.378,30.011,28.317,26.647,25.471,27.483,30.825,38.501,42.852,47.057,43.703,38.440,36.965,34.498
32.292,30.591,29.689,29.340,28.580,29.174,30.726,32.869,33.119,32.066,30.520,30.138,28.426,26.724,25.565,27.584,30.967,38.644,43.012,47.195,43.873,38.594,37.141,34.658
32.394,30.694,29.805,29.462,28.690,29.267,30.822,32.966,33.190,32.130,30.567,30.199,28.497,26.809,25.627,27.660,31.046,38.765,43.137,47.335,44.016,38.692,37.238,34.780
32.502,30.799,29.909,29.566,28.784,29.363,30.923,33.076,33.296,32.219,30.647,30.288,28.581,26.886,25.695,27.739,31.135,38.892,43.277,47.500,44.169,38.814,37.353,34.893
32.666,30.975,30.089,29.744,28.941,29.520,31.078,33.235,33.448,32.342,30.748,30.414,28.711,27.009,25.813,27.862,31.255,39.014,43.379,47.612,44.300,38.926,37.469,35.035
32.925,31.221,30.335,29.963,29.158,29.717,31.293,33.476,33.706,32.633,30.965,30.611,28.899,27.180,25.996,28.053,31.486,39.241,43.621,47.812,44.548,39.154,37.729,35.292
33.150,31.407,30.539,30.143,29.391,29.884,31.480,33.675,33.906,32.985,31.251,30.809,29.102,27.424,26.247,28.302,31.781,39.508,43.934,48.000,44.801,39.420,38.052,35.595
33.454,31.731,30.869,30.456,29.682,30.166,31.761,33.961,34.200,33.258,31.471,31.054,29.355,27.661,26.498,28.548,32.022,39.694,44.075,48.109,44.975,39.601,38.261,35.845
33.619,31.887,31.022,30.595,29.813,30.293,31.899,34.120,34.367,33.427,31.599,31.178,29.469,27.758,26.596,28.658,32.159,39.856,44.253,48.288,45.167,39.763,38.432,36.010
33.838,32.059,31.172,30.728,30.024,30.498,32.119,34.343,34.641,33.840,32.037,31.504,29.771,28.066,26.947,28.984,32.523,40.164,44.626,48.573,45.435,40.120,38.807,36.285
34.136,32.366,31.456,31.003,30.280,30.796,32.416,34.650,34.983,34.121,32.326,31.817,30.064,28.310,27.214,29.247,32.785,40.413,44.860,48.845,45.690,40.392,39.063,36.523
34.493,32.724,31.788,31.318,30.582,31.135,32.762,35.014,35.392,34.490,32.687,32.184,30.406,28.598,27.532,29.560,33.115,40.728,45.173,49.182,46.016,40.735,39.399,36.827
34.877,33.081,32.116,31.606,30.919,31.479,33.120,35.390,35.845,35.035,33.206,32.623,30.816,28.973,27.974,29.973,33.565,41.071,45.536,49.445,46.316,41.134,39.836,37.189
35.292,33.471,32.484,31.956,31.326,31.895,33.540,35.808,36.319,35.598,33.794,33.134,31.308,29.456,28.507,30.476,34.082,41.497,45.983,49.815,46.688,41.609,40.329,37.608
35.801,33.948,32.913,32.313,31.696,32.289,33.972,36.303,36.927,36.250,34.342,33.619,31.735,29.782,28.916,30.874,34.569,41.913,46.434,50.196,47.123,42.092,40.858,38.049
36.086,34.217,33.173,32.563,31.958,32.553,34.246,36.589,37.230,36.575,34.658,33.912,32.014,30.049,29.192,31.152,34.870,42.226,46.773,50.528,47.447,42.417,41.184,38.345
36.522,34.690,33.644,33.064,32.380,33.020,34.701,37.044,37.649,36.818,34.929,34.297,32.400,30.406,29.505,31.495,35.183,42.651,47.168,51.083,47.939,42.810,41.517,38.732
37.163,35.295,34.209,33.560,32.893,33.546,35.265,37.669,38.375,37.602,35.606,34.907,32.957,30.875,30.048,32.032,35.810,43.222,47.780,51.622,48.533,43.439,42.194,39.326
38.517,36.471,35.308,34.507,34.024,34.618,36.450,38.981,39.903,39.567,37.362,36.308,34.238,32.072,31.401,33.363,37.408,44.715,49.521,53.039,50.044,45.080,43.976,40.804
39.781,37.604,36.405,35.501,35.192,35.711,37.610,40.207,41.270,41.335,39.003,37.651,35.519,33.344,32.791,34.715,38.925,46.077,51.046,54.245,51.353,46.548,45.571,42.190
41.912,39.265,37.892,36.691,37.081,37.433,39.531,42.281,43.873,45.352,42.868,40.418,38.052,35.869,35.757,37.488,42.200,48.767,54.338,56.498,53.752,49.681,49.045,44.790
