9.357,5.126,4.429,1.751,-1.416,4.064,21.893,32.898,32.187,23.350,20.511,19.330,15.758,13.476,15.825,17.779,19.674,25.558,22.084,16.591,8.068,1.035,-1.035,-12.773
23.314,20.625,19.662,17.752,16.222,19.482,32.962,41.124,42.146,35.336,31.826,29.912,27.844,26.890,27.916,30.192,32.109,35.913,31.920,26.890,22.210,17.111,15.322,6.967
26.479,24.105,23.163,21.442,20.189,22.990,35.305,42.748,43.948,37.673,34.218,32.264,30.521,29.795,30.641,32.860,34.694,38.002,34.087,29.339,25.373,20.757,19.092,11.516
27.823,25.590,24.652,23.023,21.890,24.486,36.282,43.459,44.723,38.657,35.225,33.226,31.676,31.049,31.837,34.001,35.776,38.833,34.942,30.352,26.700,22.274,20.637,13.384
28.653,26.475,25.605,24.043,22.913,25.398,36.771,43.755,44.913,38.993,35.699,33.733,32.319,31.712,32.577,34.622,36.303,39.148,35.373,30.995,27.430,23.148,21.570,14.489
29.285,27.182,26.315,24.801,23.701,26.169,37.166,43.936,45.021,39.339,36.205,34.358,32.944,32.313,33.108,35.043,36.643,39.498,35.927,31.736,28.241,24.069,22.511,15.700
29.782,27.752,26.857,25.388,24.339,26.778,37.510,44.186,45.257,39.720,36.656,34.839,33.487,32.852,33.579,35.426,36.959,39.797,36.324,32.273,28.882,24.760,23.170,16.555
30.418,28.478,27.537,26.096,25.139,27.533,38.043,44.528,45.690,40.343,37.286,35.515,34.131,33.528,34.091,35.954,37.491,40.380,36.968,32.939,29.721,25.691,24.105,17.747
30.677,28.750,27.815,26.383,25.436,27.806,38.255,44.701,45.865,40.544,37.495,35.724,34.357,33.765,34.325,36.184,37.716,40.575,37.170,33.157,29.970,25.967,24.391,18.069
30.985,29.108,28.128,26.707,25.809,28.195,38.540,44.910,46.111,40.908,37.882,36.159,34.751,34.151,34.594,36.439,37.960,40.912,37.576,33.593,30.475,26.492,24.892,18.721
31.443,29.576,28.631,27.204,26.317,28.666,38.926,45.113,46.339,41.231,38.225,36.569,35.071,34.496,34.903,36.812,38.379,41.336,38.037,34.004,30.924,27.042,25.532,19.450
31.711,29.852,28.937,27.523,26.631,28.946,39.102,45.214,46.414,41.347,38.377,36.739,35.257,34.692,35.123,37.019,38.573,41.474,38.204,34.207,31.144,27.315,25.841,19.800
31.954,30.092,29.190,27.766,26.878,29.181,39.343,45.335,46.440,41.517,38.591,36.970,35.444,34.893,35.311,37.249,38.834,41.588,38.394,34.423,31.371,27.572,26.136,20.105
32.438,30.591,29.714,28.321,27.434,29.671,39.458,45.398,46.621,41.571,38.670,37.019,35.753,35.247,35.796,37.573,39.027,41.742,38.465,34.630,31.721,27.970,26.536,20.511
32.502,30.715,29.891,28.565,27.692,29.820,39.712,45.761,46.953,41.892,38.926,37.256,35.848,35.320,35.808,37.699,39.245,42.007,38.712,34.746,31.738,28.083,26.692,20.839
32.715,30.904,30.042,28.672,27.810,29.992,39.865,45.799,46.996,42.018,39.078,37.423,36.042,35.538,36.012,37.892,39.426,42.126,38.862,34.939,32.007,28.314,26.912,20.992
32.936,31.130,30.290,28.927,28.070,30.209,40.031,45.918,47.120,42.149,39.206,37.540,36.183,35.701,36.197,38.088,39.627,42.263,38.983,35.061,32.160,28.505,27.132,21.224
33.053,31.241,30.394,29.016,28.166,30.313,40.200,46.071,47.315,42.341,39.365,37.706,36.295,35.822,36.285,38.227,39.804,42.483,39.181,35.191,32.295,28.641,27.282,21.367
33.162,31.343,30.492,29.101,28.255,30.408,40.353,46.215,47.490,42.509,39.506,37.851,36.398,35.932,36.373,38.356,39.963,42.676,39.353,35.308,32.412,28.758,27.411,21.484
33.246,31.468,30.580,29.208,28.402,30.548,40.408,46.264,47.562,42.631,39.631,37.967,36.552,36.087,36.472,38.421,40.001,42.726,39.423,35.427,32.596,28.941,27.550,21.711
33.469,31.676,30.825,29.438,28.613,30.759,40.606,46.351,47.639,42.757,39.786,38.187,36.680,36.217,36.598,38.594,40.208,42.961,39.696,35.655,32.799,29.201,27.885,22.067
33.658,31.852,31.013,29.611,28.782,30.928,40.823,46.534,47.844,42.960,39.972,38.388,36.828,36.374,36.745,38.789,40.440,43.214,39.935,35.835,32.970,29.388,28.105,22.272
33.783,31.974,31.135,29.727,28.899,31.047,40.962,46.664,47.986,43.101,40.105,38.526,36.946,36.495,36.857,38.919,40.582,43.370,40.085,35.963,33.097,29.518,28.242,22.407
33.883,32.053,31.231,29.813,28.951,31.143,41.066,46.755,48.019,43.155,40.217,38.697,37.061,36.576,36.951,38.993,40.646,43.489,40.270,36.168,33.227,29.644,28.386,22.542
34.023,32.218,31.378,29.963,29.142,31.299,41.206,46.855,48.190,43.347,40.360,38.816,37.182,36.729,37.053,39.137,40.817,43.652,40.393,36.248,33.387,29.828,28.571,22.775
34.162,32.357,31.527,30.109,29.287,31.438,41.331,46.938,48.277,43.453,40.472,38.946,37.287,36.838,37.158,39.258,40.949,43.786,40.537,36.378,33.520,29.983,28.750,22.969
34.242,32.440,31.613,30.209,29.376,31.531,41.371,46.997,48.292,43.475,40.529,39.004,37.385,36.923,37.268,39.317,40.973,43.787,40.566,36.471,33.599,30.056,28.806,23.032
34.370,32.562,31.749,30.344,29.499,31.655,41.480,47.095,48.367,43.553,40.626,39.113,37.492,37.025,37.390,39.431,41.080,43.882,40.678,36.596,33.706,30.170,28.934,23.153
34.522,32.702,31.906,30.497,29.638,31.795,41.622,47.215,48.471,43.659,40.747,39.251,37.609,37.140,37.521,39.569,41.225,44.026,40.832,36.743,33.831,30.309,29.096,23.304
34.642,32.832,32.041,30.638,29.789,31.922,41.713,47.279,48.548,43.748,40.828,39.324,37.697,37.242,37.621,39.676,41.335,44.106,40.903,36.814,33.932,30.431,29.227,23.456
34.716,32.913,32.122,30.727,29.876,32.014,41.754,47.309,48.552,43.778,40.892,39.404,37.786,37.319,37.699,39.722,41.359,44.132,40.965,36.919,34.033,30.536,29.327,23.584
34.802,33.003,32.202,30.811,29.963,32.107,41.844,47.420,48.660,43.883,40.998,39.505,37.901,37.429,37.806,39.814,41.439,44.216,41.053,37.023,34.137,30.628,29.401,23.661
34.923,33.112,32.307,30.880,30.047,32.204,42.060,47.562,48.880,44.110,41.186,39.719,37.987,37.534,37.835,39.960,41.672,44.480,41.300,37.176,34.300,30.814,29.637,23.897
34.995,33.191,32.393,30.988,30.146,32.289,42.066,47.606,48.887,44.127,41.201,39.728,38.065,37.604,37.956,40.014,41.675,44.528,41.354,37.211,34.332,30.838,29.637,23.901
35.084,33.282,32.490,31.090,30.243,32.382,42.133,47.670,48.927,44.161,41.267,39.787,38.147,37.684,38.050,40.091,41.740,44.550,41.359,37.292,34.411,30.921,29.720,23.985
35.187,33.385,32.602,31.207,30.356,32.483,42.211,47.743,48.989,44.221,41.333,39.848,38.227,37.767,38.151,40.184,41.827,44.586,41.416,37.363,34.484,31.002,29.808,24.069
35.273,33.475,32.688,31.290,30.448,32.573,42.305,47.820,49.085,44.327,41.430,39.948,38.310,37.856,38.220,40.270,41.925,44.698,41.524,37.452,34.586,31.112,29.922,24.197
35.389,33.587,32.816,31.418,30.569,32.684,42.395,47.876,49.132,44.385,41.500,40.031,38.383,37.932,38.309,40.365,42.025,44.783,41.618,37.544,34.674,31.222,30.056,24.336
35.501,33.697,32.936,31.547,30.687,32.796,42.474,47.974,49.197,44.439,41.574,40.096,38.488,38.032,38.445,40.467,42.102,44.821,41.665,37.634,34.752,31.297,30.125,24.392
35.576,33.776,33.017,31.633,30.774,32.874,42.532,48.027,49.248,44.493,41.630,40.147,38.553,38.100,38.518,40.535,42.165,44.867,41.710,37.689,34.816,31.367,30.195,24.469
35.667,33.862,33.106,31.715,30.856,32.956,42.639,48.126,49.360,44.601,41.726,40.245,38.631,38.183,38.596,40.634,42.280,44.990,41.823,37.774,34.901,31.455,30.293,24.559
35.805,33.990,33.242,31.837,30.977,33.076,42.804,48.263,49.519,44.757,41.864,40.395,38.735,38.296,38.698,40.780,42.457,45.188,42.006,37.903,35.024,31.591,30.457,24.710
35.926,34.104,33.363,31.949,31.090,33.184,42.943,48.371,49.650,44.890,41.980,40.518,38.822,38.392,38.783,40.904,42.611,45.355,42.158,38.008,35.132,31.715,30.605,24.854
36.045,34.218,33.485,32.065,31.204,33.294,43.068,48.478,49.767,45.005,42.087,40.630,38.914,38.491,38.882,41.024,42.746,45.492,42.286,38.110,35.234,31.827,30.734,24.976
36.159,34.332,33.604,32.182,31.325,33.401,43.179,48.575,49.878,45.112,42.180,40.715,38.999,38.588,38.981,41.140,42.873,45.602,42.379,38.186,35.323,31.926,30.845,25.084
36.276,34.444,33.721,32.289,31.432,33.509,43.315,48.680,50.000,45.242,42.300,40.851,39.093,38.686,39.064,41.257,43.016,45.769,42.542,38.307,35.442,32.058,31.000,25.240
36.335,34.508,33.778,32.348,31.500,33.572,43.375,48.744,50.076,45.318,42.366,40.909,39.158,38.756,39.125,41.320,43.079,45.830,42.595,38.359,35.508,32.123,31.058,25.305
36.456,34.620,33.905,32.468,31.613,33.679,43.496,48.834,50.170,45.413,42.459,41.013,39.235,38.839,39.214,41.435,43.213,45.963,42.723,38.458,35.599,32.233,31.195,25.433
36.516,34.680,33.967,32.526,31.674,33.738,43.561,48.879,50.228,45.479,42.519,41.079,39.282,38.891,39.255,41.493,43.283,46.043,42.801,38.516,35.663,32.306,31.279,25.524
36.601,34.768,34.057,32.621,31.769,33.825,43.630,48.951,50.294,45.544,42.586,41.139,39.361,38.972,39.345,41.574,43.357,46.097,42.853,38.581,35.735,32.380,31.351,25.597
36.648,34.816,34.100,32.661,31.815,33.872,43.690,49.009,50.366,45.617,42.648,41.200,39.412,39.027,39.387,41.627,43.417,46.169,42.917,38.631,35.793,32.437,31.407,25.657
36.755,34.916,34.213,32.777,31.918,33.972,43.777,49.103,50.437,45.676,42.721,41.271,39.501,39.112,39.502,41.728,43.508,46.233,42.986,38.719,35.864,32.509,31.484,25.716
36.877,35.038,34.345,32.913,32.052,34.089,43.878,49.193,50.522,45.758,42.804,41.347,39.591,39.209,39.617,41.842,43.622,46.316,43.062,38.799,35.950,32.607,31.593,25.821
37.000,35.161,34.476,33.047,32.182,34.211,43.980,49.290,50.608,45.843,42.897,41.438,39.694,39.315,39.738,41.957,43.730,46.402,43.150,38.899,36.049,32.714,31.706,25.932
37.121,35.277,34.608,33.178,32.307,34.324,44.081,49.361,50.676,45.916,42.974,41.522,39.771,39.398,39.833,42.063,43.844,46.498,43.247,38.987,36.137,32.822,31.836,26.062
37.223,35.378,34.707,33.270,32.405,34.421,44.205,49.469,50.808,46.050,43.089,41.640,39.862,39.497,39.915,42.173,43.976,46.647,43.382,39.086,36.244,32.935,31.960,26.186
37.351,35.498,34.827,33.381,32.515,34.534,44.362,49.632,50.986,46.213,43.234,41.782,39.985,39.623,40.037,42.319,44.139,46.824,43.540,39.211,36.363,33.050,32.081,26.287
37.442,35.595,34.924,33.486,32.619,34.636,44.428,49.705,51.041,46.274,43.312,41.858,40.086,39.719,40.143,42.399,44.199,46.868,43.598,39.304,36.457,33.142,32.163,26.380
37.523,35.679,35.004,33.571,32.704,34.723,44.502,49.793,51.120,46.352,43.396,41.938,40.183,39.812,40.240,42.479,44.267,46.930,43.666,39.391,36.544,33.222,32.232,26.451
37.592,35.751,35.072,33.641,32.775,34.799,44.567,49.857,51.179,46.420,43.472,42.019,40.264,39.889,40.312,42.542,44.324,46.994,43.742,39.479,36.631,33.307,32.312,26.540
37.673,35.831,35.156,33.721,32.857,34.877,44.653,49.928,51.262,46.505,43.549,42.099,40.330,39.960,40.376,42.623,44.418,47.091,43.832,39.549,36.707,33.391,32.407,26.637
37.793,35.947,35.282,33.851,32.977,34.993,44.752,50.025,51.339,46.580,43.638,42.189,40.432,40.060,40.498,42.733,44.519,47.171,43.920,39.654,36.800,33.490,32.512,26.734
37.874,36.029,35.358,33.932,33.057,35.078,44.830,50.136,51.435,46.664,43.731,42.271,40.542,40.162,40.611,42.820,44.586,47.230,43.982,39.747,36.886,33.558,32.560,26.774
37.996,36.158,35.496,34.083,33.207,35.207,44.904,50.207,51.489,46.720,43.798,42.325,40.641,40.266,40.740,42.924,44.671,47.264,44.018,39.820,36.974,33.657,32.657,26.879
38.111,36.273,35.621,34.205,33.333,35.315,45.010,50.281,51.579,46.814,43.880,42.406,40.711,40.350,40.824,43.033,44.797,47.375,44.114,39.891,37.060,33.764,32.786,27.012
38.220,36.377,35.722,34.299,33.428,35.415,45.148,50.426,51.738,46.962,44.012,42.535,40.823,40.465,40.931,43.159,44.938,47.531,44.256,40.004,37.170,33.869,32.892,27.104
38.303,36.466,35.808,34.390,33.522,35.507,45.216,50.487,51.796,47.031,44.089,42.615,40.910,40.550,41.013,43.231,45.002,47.593,44.328,40.091,37.264,33.966,32.986,27.214
38.403,36.566,35.901,34.478,33.617,35.601,45.342,50.623,51.954,47.178,44.213,42.729,41.017,40.663,41.114,43.351,45.134,47.735,44.448,40.186,37.368,34.063,33.079,27.298
38.478,36.647,35.982,34.567,33.706,35.686,45.394,50.680,51.998,47.226,44.273,42.784,41.097,40.741,41.202,43.416,45.183,47.765,44.487,40.254,37.440,34.136,33.144,27.372
38.599,36.771,36.105,34.690,33.839,35.804,45.516,50.794,52.134,47.359,44.386,42.885,41.201,40.858,41.310,43.543,45.322,47.892,44.594,40.341,37.549,34.252,33.265,27.496
38.683,36.859,36.191,34.784,33.929,35.898,45.579,50.875,52.191,47.418,44.464,42.960,41.305,40.953,41.420,43.618,45.373,47.930,44.648,40.436,37.638,34.333,33.330,27.565
38.819,36.982,36.331,34.914,34.046,36.020,45.716,50.978,52.286,47.521,44.578,43.100,41.402,41.049,41.521,43.741,45.513,48.085,44.814,40.577,37.757,34.468,33.497,27.724
38.954,37.108,36.452,35.021,34.154,36.140,45.904,51.170,52.507,47.727,44.757,43.281,41.544,41.194,41.646,43.904,45.703,48.312,45.020,40.731,37.903,34.605,33.640,27.847
39.104,37.247,36.603,35.163,34.287,36.277,46.064,51.311,52.646,47.865,44.897,43.436,41.667,41.317,41.774,44.052,45.867,48.487,45.197,40.882,38.036,34.748,33.805,27.999
39.294,37.427,36.808,35.370,34.477,36.453,46.219,51.439,52.751,47.968,45.017,43.563,41.797,41.451,41.943,44.221,46.037,48.619,45.335,41.026,38.165,34.899,33.984,28.164
39.431,37.556,36.947,35.499,34.603,36.579,46.366,51.554,52.876,48.100,45.144,43.707,41.903,41.560,42.046,44.354,46.191,48.789,45.504,41.161,38.293,35.042,34.153,28.330
39.613,37.726,37.134,35.686,34.776,36.741,46.538,51.737,53.044,48.242,45.285,43.836,42.049,41.710,42.233,44.541,46.378,48.940,45.639,41.295,38.412,35.164,34.286,28.428
39.807,37.917,37.338,35.885,34.977,36.922,46.728,51.893,53.220,48.416,45.442,43.991,42.188,41.867,42.391,44.733,46.593,49.138,45.816,41.436,38.567,35.342,34.491,28.629
39.939,38.049,37.470,36.025,35.108,37.060,46.842,52.045,53.338,48.522,45.570,44.111,42.348,42.013,42.564,44.863,46.693,49.218,45.911,41.581,38.694,35.451,34.580,28.706
40.086,38.186,37.616,36.170,35.244,37.191,46.991,52.205,53.492,48.656,45.698,44.230,42.474,42.142,42.716,45.019,46.852,49.357,46.036,41.698,38.801,35.557,34.691,28.790
40.208,38.314,37.742,36.293,35.372,37.326,47.109,52.286,53.579,48.775,45.828,44.385,42.597,42.263,42.810,45.121,46.961,49.496,46.198,41.855,38.962,35.732,34.876,29.008
40.469,38.559,38.014,36.557,35.615,37.574,47.353,52.482,53.752,48.964,46.045,44.638,42.806,42.467,43.030,45.355,47.206,49.749,46.478,42.122,39.197,35.992,35.177,29.304
40.647,38.725,38.201,36.751,35.782,37.743,47.493,52.639,53.852,49.052,46.171,44.769,42.966,42.613,43.229,45.516,47.340,49.846,46.598,42.291,39.326,36.119,35.309,29.409
40.804,38.875,38.366,36.917,35.934,37.898,47.626,52.758,53.943,49.150,46.296,44.911,43.105,42.744,43.380,45.652,47.467,49.964,46.741,42.454,39.467,36.269,35.471,29.569
40.988,39.050,38.549,37.088,36.100,38.072,47.827,52.929,54.121,49.337,46.482,45.120,43.267,42.905,43.533,45.833,47.669,50.194,46.975,42.654,39.652,36.467,35.692,29.787
41.168,39.228,38.725,37.257,36.266,38.262,48.018,53.092,54.278,49.527,46.692,45.369,43.466,43.091,43.691,45.996,47.838,50.418,47.236,42.908,39.889,36.708,35.943,30.063
41.384,39.456,38.962,37.529,36.518,38.506,48.130,53.257,54.350,49.598,46.834,45.492,43.710,43.312,43.984,46.172,47.928,50.418,47.285,43.109,40.073,36.878,36.072,30.199
41.671,39.718,39.222,37.765,36.740,38.765,48.497,53.638,54.743,49.969,47.191,45.871,44.016,43.607,44.265,46.492,48.281,50.841,47.702,43.462,40.380,37.164,36.370,30.454
41.944,39.996,39.503,38.068,37.025,39.058,48.709,53.900,54.930,50.155,47.434,46.109,44.331,43.896,44.603,46.740,48.464,50.980,47.886,43.758,40.648,37.412,36.583,30.667
42.219,40.273,39.797,38.371,37.319,39.343,48.927,54.089,55.085,50.334,47.649,46.339,44.576,44.137,44.866,46.977,48.681,51.168,48.107,44.021,40.905,37.690,36.875,30.978
42.517,40.575,40.064,38.614,37.598,39.628,49.341,54.501,55.604,50.838,48.065,46.739,44.904,44.489,45.134,47.339,49.111,51.679,48.549,44.336,41.264,38.035,37.217,31.319
42.825,40.914,40.355,38.914,37.944,39.961,49.687,54.897,56.067,51.289,48.456,47.076,45.287,44.890,45.481,47.691,49.463,51.984,48.855,44.630,41.633,38.375,37.501,31.631
43.116,41.269,40.663,39.298,38.342,40.364,49.813,55.152,56.194,51.459,48.742,47.318,45.771,45.322,45.955,47.918,49.509,52.036,48.910,44.999,42.033,38.715,37.695,31.923
43.350,41.536,40.892,39.566,38.619,40.659,49.985,55.429,56.403,51.678,49.018,47.564,46.150,45.666,46.315,48.137,49.624,52.067,49.048,45.307,42.350,38.977,37.857,32.127
43.810,41.960,41.304,39.929,38.975,41.068,50.616,56.064,57.108,52.348,49.623,48.199,46.632,46.147,46.736,48.673,50.249,52.832,49.770,45.863,42.857,39.457,38.366,32.570
44.534,42.666,42.009,40.614,39.670,41.742,51.423,56.900,58.019,53.187,50.370,48.895,47.312,46.861,47.449,49.470,51.106,53.676,50.511,46.489,43.504,40.093,39.016,33.147
45.544,43.596,42.933,41.474,40.472,42.660,52.674,58.273,59.393,54.451,51.595,50.156,48.415,47.919,48.507,50.606,52.308,55.054,51.860,47.692,44.542,41.034,39.958,33.914
46.538,44.609,43.893,42.484,41.454,43.724,53.620,59.455,60.408,55.440,52.709,51.241,49.693,49.103,49.756,51.601,53.123,55.857,52.779,48.900,45.667,42.025,40.778,34.727
48.813,46.850,45.998,44.648,43.526,46.012,56.066,62.675,63.343,58.062,55.429,53.772,52.643,51.864,52.721,54.117,55.327,58.050,55.011,51.572,48.079,44.004,42.341,35.987
