-39.797,-43.049,-44.383,-43.625,-39.936,-33.520,-32.760,-32.984,-25.632,-19.333,-19.892,-15.875,-18.519,-21.574,-19.898,-15.509,-5.299,2.580,15.094,23.784,11.794,0.926,0.634,-10.431
-12.208,-14.605,-15.654,-15.063,-12.331,-8.157,-7.135,-4.676,-1.346,0.713,0.178,3.188,1.181,-0.771,0.892,4.931,11.784,18.346,26.902,32.074,23.857,17.003,16.345,8.375
-5.269,-7.451,-8.417,-7.850,-5.363,-1.705,-0.752,1.930,4.558,5.891,5.379,8.158,6.388,4.741,6.312,10.066,16.122,22.204,29.832,34.222,26.942,21.004,20.330,13.173
-2.478,-4.547,-5.462,-4.933,-2.562,0.900,1.861,4.550,6.950,8.108,7.596,10.222,8.510,6.935,8.445,12.076,17.805,23.662,30.882,34.985,28.084,22.492,21.836,15.027
-0.602,-2.624,-3.534,-2.989,-0.719,2.610,3.443,5.996,8.336,9.449,9.033,11.626,10.037,8.561,10.048,13.503,19.064,24.586,31.592,35.664,28.975,23.521,22.862,16.296
1.393,-0.550,-1.434,-0.916,1.239,4.452,5.240,7.644,9.941,11.102,10.756,13.238,11.696,10.241,11.691,15.009,20.396,25.596,32.346,36.404,29.917,24.580,23.936,17.617
3.505,1.639,0.760,1.252,3.266,6.303,7.094,9.653,11.675,12.632,12.400,14.767,13.250,11.816,13.275,16.582,21.750,26.638,33.064,37.097,30.831,25.661,24.960,18.901
3.514,1.682,0.849,1.291,3.342,6.438,7.337,9.781,11.911,13.040,12.687,14.970,13.370,11.859,13.311,16.602,21.771,26.793,33.217,37.139,30.879,25.728,25.100,19.012
4.339,2.562,1.766,2.163,4.184,7.259,8.222,10.591,12.726,13.938,13.543,15.720,14.079,12.523,13.887,17.172,22.256,27.277,33.576,37.416,31.249,26.171,25.584,19.584
4.924,3.175,2.408,2.785,4.816,7.874,8.886,11.251,13.358,14.550,14.082,16.213,14.558,13.005,14.322,17.600,22.612,27.721,33.949,37.629,31.551,26.583,26.029,20.075
5.648,3.932,3.186,3.548,5.557,8.579,9.595,11.909,13.999,15.196,14.709,16.794,15.149,13.609,14.890,18.122,23.054,28.126,34.258,37.851,31.871,26.989,26.457,20.589
6.165,4.476,3.761,4.104,6.128,9.138,10.194,12.473,14.556,15.749,15.182,17.225,15.573,14.043,15.266,18.475,23.335,28.503,34.570,37.988,32.103,27.338,26.847,21.026
6.701,5.029,4.327,4.664,6.690,9.660,10.745,13.107,15.095,16.171,15.566,17.588,15.940,14.437,15.647,18.865,23.648,28.872,34.862,38.138,32.343,27.696,27.206,21.434
7.039,5.384,4.698,5.028,7.055,10.019,11.104,13.387,15.408,16.528,15.891,17.891,16.252,14.758,15.929,19.105,23.853,29.087,35.044,38.253,32.509,27.909,27.448,21.713
8.148,6.512,5.807,6.164,8.110,10.931,11.934,14.366,16.161,17.012,16.478,18.487,16.943,15.551,16.773,19.898,24.497,29.498,35.273,38.436,32.858,28.406,27.882,22.321
8.200,6.568,5.875,6.225,8.195,11.030,12.063,14.492,16.296,17.150,16.565,18.565,17.007,15.612,16.809,19.943,24.533,29.629,35.410,38.493,32.929,28.514,28.009,22.434
8.241,6.601,5.907,6.261,8.243,11.081,12.117,14.577,16.367,17.190,16.594,18.608,17.052,15.665,16.855,20.011,24.607,29.741,35.537,38.599,33.030,28.623,28.115,22.524
8.262,6.628,5.946,6.288,8.290,11.141,12.222,14.707,16.491,17.307,16.663,18.659,17.074,15.672,16.865,20.029,24.617,29.846,35.642,38.634,33.073,28.696,28.203,22.594
8.291,6.655,5.977,6.314,8.337,11.196,12.310,14.852,16.609,17.385,16.708,18.704,17.101,15.693,16.875,20.083,24.671,29.986,35.792,38.730,33.167,28.813,28.322,22.688
8.390,6.759,6.093,6.413,8.457,11.352,12.514,15.034,16.834,17.639,16.952,18.925,17.280,15.834,16.995,20.229,24.840,30.189,35.934,38.873,33.364,29.029,28.541,22.888
8.754,7.125,6.440,6.787,8.778,11.590,12.667,15.232,16.929,17.675,17.004,19.001,17.435,16.060,17.257,20.435,24.976,30.242,36.073,38.990,33.400,29.051,28.561,22.971
9.043,7.442,6.794,7.106,9.121,11.972,13.111,15.541,17.342,18.204,17.479,19.415,17.802,16.382,17.478,20.643,25.161,30.516,36.251,39.059,33.585,29.302,28.878,23.306
9.077,7.507,6.890,7.164,9.187,12.069,13.279,15.620,17.490,18.484,17.694,19.557,17.886,16.406,17.506,20.666,25.196,30.552,36.260,39.101,33.615,29.324,28.903,23.334
9.299,7.731,7.127,7.397,9.448,12.339,13.575,15.928,17.793,18.761,17.914,19.776,18.098,16.628,17.675,20.848,25.349,30.849,36.561,39.254,33.807,29.580,29.200,23.620
9.445,7.882,7.285,7.551,9.602,12.502,13.731,16.007,17.925,18.962,18.108,19.961,18.285,16.808,17.835,20.980,25.485,30.972,36.686,39.387,33.941,29.702,29.340,23.767
9.693,8.141,7.550,7.811,9.855,12.743,13.977,16.245,18.153,19.186,18.326,20.164,18.488,17.015,18.032,21.167,25.647,31.125,36.809,39.482,34.066,29.855,29.498,23.950
9.784,8.240,7.661,7.911,9.965,12.864,14.124,16.375,18.298,19.355,18.461,20.279,18.587,17.101,18.097,21.236,25.708,31.237,36.914,39.541,34.137,29.945,29.607,24.057
10.015,8.483,7.922,8.162,10.202,13.093,14.341,16.530,18.480,19.593,18.717,20.516,18.828,17.335,18.312,21.424,25.883,31.355,37.007,39.668,34.276,30.072,29.740,24.220
10.031,8.499,7.923,8.168,10.232,13.146,14.420,16.587,18.566,19.690,18.747,20.546,18.849,17.360,18.323,21.433,25.895,31.468,37.142,39.702,34.324,30.161,29.857,24.314
10.147,8.612,8.050,8.294,10.367,13.281,14.544,16.695,18.685,19.813,18.871,20.678,18.989,17.508,18.457,21.559,26.020,31.602,37.282,39.841,34.464,30.301,30.000,24.457
10.258,8.731,8.180,8.416,10.500,13.415,14.706,16.870,18.848,19.962,18.984,20.775,19.074,17.590,18.522,21.634,26.074,31.718,37.383,39.873,34.520,30.398,30.110,24.569
10.422,8.901,8.352,8.583,10.660,13.566,14.863,17.037,18.999,20.105,19.129,20.910,19.205,17.718,18.652,21.764,26.191,31.821,37.465,39.950,34.610,30.499,30.209,24.683
10.609,9.096,8.547,8.774,10.830,13.729,15.018,17.165,19.136,20.274,19.322,21.088,19.383,17.886,18.823,21.922,26.344,31.910,37.533,40.062,34.724,30.595,30.302,24.798
10.711,9.202,8.658,8.883,10.943,13.843,15.134,17.256,19.241,20.394,19.429,21.189,19.486,17.990,18.915,22.003,26.418,31.997,37.615,40.121,34.795,30.679,30.396,24.898
10.788,9.277,8.735,8.963,11.029,13.933,15.215,17.310,19.314,20.479,19.506,21.272,19.577,18.090,19.004,22.079,26.495,32.085,37.711,40.202,34.881,30.770,30.495,24.996
10.898,9.385,8.843,9.074,11.146,14.044,15.327,17.449,19.430,20.558,19.575,21.349,19.659,18.184,19.098,22.178,26.582,32.195,37.816,40.275,34.968,30.881,30.604,25.107
11.010,9.496,8.955,9.189,11.262,14.161,15.433,17.530,19.527,20.668,19.685,21.462,19.781,18.313,19.221,22.286,26.691,32.298,37.923,40.380,35.076,30.990,30.717,25.224
11.085,9.566,9.022,9.263,11.342,14.237,15.498,17.607,19.593,20.704,19.718,21.510,19.842,18.391,19.300,22.360,26.761,32.381,38.011,40.446,35.151,31.081,30.806,25.312
11.156,9.639,9.100,9.339,11.428,14.326,15.600,17.713,19.698,20.804,19.796,21.585,19.911,18.461,19.359,22.424,26.819,32.480,38.110,40.508,35.221,31.170,30.903,25.405
11.275,9.760,9.222,9.461,11.547,14.445,15.710,17.797,19.797,20.922,19.918,21.705,20.037,18.588,19.482,22.534,26.928,32.572,38.201,40.606,35.322,31.267,31.004,25.513
11.341,9.825,9.293,9.529,11.631,14.531,15.820,17.944,19.921,21.009,19.972,21.759,20.082,18.637,19.523,22.593,26.976,32.690,38.318,40.659,35.390,31.370,31.112,25.611
11.421,9.912,9.396,9.623,11.749,14.665,15.983,18.083,20.085,21.193,20.101,21.875,20.183,18.733,19.587,22.659,27.032,32.841,38.472,40.731,35.479,31.495,31.263,25.752
11.550,10.043,9.529,9.756,11.883,14.791,16.111,18.227,20.210,21.293,20.190,21.967,20.279,18.837,19.688,22.760,27.118,32.937,38.555,40.786,35.552,31.592,31.360,25.858
11.561,10.048,9.535,9.765,11.911,14.823,16.152,18.298,20.267,21.314,20.194,21.975,20.287,18.856,19.703,22.787,27.144,33.026,38.658,40.839,35.609,31.674,31.445,25.926
11.662,10.156,9.650,9.874,12.023,14.939,16.282,18.412,20.390,21.453,20.311,22.083,20.387,18.950,19.783,22.865,27.213,33.118,38.741,40.894,35.676,31.755,31.537,26.023
11.765,10.263,9.760,9.981,12.126,15.041,16.385,18.500,20.485,21.564,20.422,22.185,20.488,19.047,19.876,22.953,27.297,33.192,38.807,40.962,35.749,31.828,31.613,26.107
11.886,10.392,9.898,10.112,12.262,15.176,16.535,18.643,20.626,21.706,20.540,22.290,20.587,19.145,19.958,23.032,27.358,33.284,38.883,40.990,35.801,31.910,31.707,26.210
11.962,10.470,9.979,10.192,12.345,15.260,16.620,18.712,20.705,21.796,20.621,22.369,20.667,19.226,20.031,23.098,27.420,33.355,38.951,41.046,35.863,31.979,31.782,26.288
11.984,10.489,9.999,10.212,12.373,15.290,16.662,18.787,20.762,21.827,20.641,22.391,20.682,19.242,20.049,23.132,27.454,33.425,39.026,41.098,35.914,32.041,31.842,26.337
12.097,10.596,10.099,10.322,12.479,15.385,16.730,18.857,20.823,21.863,20.696,22.464,20.778,19.358,20.173,23.242,27.562,33.500,39.103,41.187,36.008,32.136,31.929,26.433
12.172,10.666,10.165,10.395,12.553,15.453,16.788,18.937,20.886,21.893,20.731,22.512,20.836,19.430,20.252,23.322,27.640,33.578,39.184,41.261,36.086,32.223,32.008,26.512
12.326,10.816,10.310,10.552,12.706,15.597,16.898,19.018,20.976,21.977,20.828,22.627,20.980,19.598,20.419,23.459,27.770,33.675,39.280,41.360,36.198,32.342,32.126,26.647
12.483,10.969,10.462,10.714,12.876,15.755,17.041,19.174,21.112,22.067,20.908,22.724,21.098,19.746,20.561,23.589,27.882,33.808,39.409,41.439,36.304,32.487,32.271,26.801
12.526,11.004,10.499,10.753,12.932,15.813,17.112,19.261,21.191,22.130,20.951,22.767,21.136,19.786,20.595,23.631,27.920,33.889,39.492,41.486,36.357,32.558,32.347,26.870
12.526,11.012,10.509,10.759,12.939,15.829,17.134,19.308,21.233,22.153,20.962,22.790,21.156,19.808,20.619,23.670,27.971,33.982,39.606,41.585,36.444,32.646,32.433,26.934
12.632,11.109,10.604,10.859,13.046,15.938,17.237,19.395,21.333,22.264,21.075,22.906,21.276,19.930,20.739,23.783,28.088,34.093,39.724,41.710,36.565,32.761,32.550,27.049
12.789,11.273,10.772,11.022,13.202,16.095,17.392,19.513,21.470,22.436,21.249,23.068,21.437,20.085,20.885,23.915,28.215,34.198,39.818,41.812,36.674,32.866,32.663,27.175
12.925,11.404,10.896,11.154,13.328,16.211,17.492,19.634,21.571,22.506,21.337,23.169,21.550,20.211,21.024,24.052,28.350,34.308,39.925,41.933,36.796,32.989,32.774,27.292
13.009,11.496,10.996,11.243,13.419,16.304,17.611,19.763,21.693,22.618,21.437,23.256,21.620,20.267,21.072,24.113,28.400,34.386,39.989,41.970,36.843,33.050,32.842,27.362
13.042,11.515,11.006,11.268,13.453,16.337,17.623,19.799,21.719,22.632,21.444,23.280,21.663,20.331,21.147,24.188,28.487,34.485,40.113,42.094,36.957,33.163,32.945,27.449
13.120,11.587,11.074,11.345,13.537,16.418,17.689,19.870,21.785,22.660,21.477,23.337,21.735,20.422,21.238,24.271,28.568,34.576,40.213,42.176,37.045,33.264,33.044,27.547
13.273,11.734,11.212,11.494,13.672,16.542,17.776,19.942,21.858,22.729,21.581,23.458,21.881,20.585,21.413,24.424,28.726,34.665,40.303,42.312,37.178,33.380,33.148,27.665
13.459,11.927,11.410,11.690,13.864,16.727,17.958,20.098,22.021,22.901,21.748,23.617,22.046,20.755,21.572,24.566,28.851,34.782,40.402,42.391,37.279,33.499,33.275,27.811
13.481,11.946,11.429,11.710,13.891,16.756,17.993,20.149,22.065,22.933,21.773,23.645,22.071,20.781,21.598,24.601,28.889,34.842,40.469,42.446,37.331,33.555,33.331,27.858
13.553,12.022,11.508,11.781,13.960,16.837,18.086,20.218,22.159,23.070,21.908,23.767,22.177,20.868,21.681,24.688,28.986,34.938,40.570,42.569,37.439,33.640,33.423,27.942
13.660,12.135,11.631,11.895,14.089,16.964,18.250,20.433,22.337,23.204,22.000,23.846,22.238,20.926,21.729,24.761,29.036,35.067,40.681,42.597,37.493,33.746,33.535,28.053
13.678,12.152,11.653,11.916,14.123,17.013,18.302,20.451,22.388,23.286,22.061,23.908,22.298,20.984,21.771,24.796,29.080,35.149,40.781,42.677,37.569,33.820,33.623,28.128
13.817,12.284,11.780,12.054,14.262,17.143,18.406,20.548,22.484,23.362,22.148,24.014,22.428,21.137,21.926,24.934,29.215,35.266,40.903,42.799,37.698,33.956,33.755,28.266
13.901,12.374,11.875,12.143,14.354,17.238,18.517,20.659,22.594,23.477,22.248,24.104,22.507,21.209,21.991,25.004,29.279,35.353,40.983,42.857,37.762,34.032,33.837,28.349
13.947,12.420,11.924,12.188,14.404,17.297,18.586,20.724,22.670,23.569,22.331,24.181,22.575,21.267,22.044,25.064,29.346,35.439,41.076,42.949,37.846,34.109,33.919,28.421
14.053,12.527,12.040,12.303,14.540,17.445,18.746,20.865,22.829,23.733,22.454,24.306,22.699,21.399,22.152,25.168,29.444,35.612,41.261,43.066,37.977,34.270,34.099,28.590
14.234,12.702,12.208,12.482,14.711,17.605,18.873,20.977,22.943,23.839,22.583,24.452,22.869,21.588,22.348,25.342,29.618,35.737,41.386,43.215,38.130,34.418,34.239,28.744
14.327,12.792,12.302,12.578,14.822,17.723,18.989,21.076,23.057,23.955,22.678,24.555,22.978,21.707,22.454,25.440,29.715,35.874,41.537,43.329,38.251,34.555,34.386,28.883
14.404,12.862,12.369,12.652,14.906,17.809,19.073,21.185,23.155,24.022,22.738,24.631,23.059,21.799,22.549,25.542,29.822,36.013,41.691,43.464,38.382,34.695,34.523,29.006
14.545,12.995,12.502,12.797,15.069,17.962,19.216,21.363,23.301,24.095,22.787,24.704,23.154,21.932,22.675,25.663,29.923,36.171,41.850,43.543,38.493,34.861,34.689,29.174
14.744,13.202,12.717,13.006,15.282,18.169,19.438,21.590,23.516,24.297,22.967,24.873,23.319,22.099,22.830,25.818,30.057,36.333,41.992,43.636,38.612,35.014,34.850,29.347
14.856,13.310,12.828,13.123,15.417,18.301,19.572,21.747,23.656,24.392,23.034,24.952,23.407,22.208,22.928,25.917,30.141,36.479,42.141,43.714,38.712,35.158,35.000,29.493
14.912,13.363,12.885,13.180,15.486,18.386,19.653,21.790,23.735,24.503,23.129,25.053,23.510,22.312,23.018,25.997,30.233,36.599,42.282,43.845,38.835,35.275,35.129,29.609
14.932,13.382,12.914,13.202,15.534,18.460,19.757,21.878,23.854,24.653,23.232,25.151,23.588,22.376,23.061,26.053,30.302,36.761,42.472,43.987,38.966,35.411,35.286,29.734
15.104,13.563,13.105,13.387,15.728,18.655,19.966,22.066,24.052,24.862,23.411,25.316,23.748,22.537,23.200,26.185,30.417,36.915,42.613,44.072,39.076,35.553,35.445,29.902
15.195,13.654,13.206,13.480,15.843,18.782,20.125,22.251,24.229,25.023,23.530,25.429,23.843,22.627,23.276,26.283,30.510,37.098,42.802,44.197,39.206,35.712,35.615,30.052
15.459,13.924,13.474,13.747,16.090,19.016,20.346,22.452,24.430,25.240,23.773,25.663,24.083,22.864,23.519,26.510,30.729,37.249,42.931,44.362,39.380,35.875,35.773,30.236
15.619,14.080,13.623,13.904,16.234,19.161,20.456,22.507,24.521,25.374,23.939,25.839,24.278,23.064,23.723,26.685,30.919,37.370,43.063,44.557,39.559,36.018,35.913,30.383
15.776,14.241,13.789,14.066,16.405,19.329,20.645,22.727,24.718,25.539,24.080,25.975,24.406,23.193,23.846,26.823,31.042,37.540,43.223,44.665,39.685,36.175,36.074,30.544
15.893,14.367,13.929,14.191,16.542,19.491,20.834,22.861,24.903,25.798,24.303,26.174,24.580,23.342,23.968,26.944,31.171,37.718,43.409,44.830,39.843,36.328,36.252,30.709
16.074,14.542,14.102,14.369,16.723,19.682,21.006,22.982,25.066,26.004,24.517,26.398,24.814,23.578,24.199,27.155,31.401,37.932,43.647,45.096,40.092,36.551,36.481,30.929
16.243,14.717,14.281,14.538,16.891,19.869,21.208,23.143,25.268,26.273,24.781,26.645,25.040,23.776,24.389,27.349,31.613,38.143,43.869,45.349,40.322,36.748,36.689,31.124
16.661,15.146,14.708,14.956,17.279,20.239,21.584,23.537,25.633,26.639,25.182,27.021,25.405,24.124,24.754,27.720,31.969,38.420,44.104,45.636,40.615,37.026,36.954,31.419
17.132,15.609,15.141,15.409,17.673,20.594,21.862,23.818,25.887,26.879,25.545,27.405,25.832,24.566,25.253,28.189,32.450,38.669,44.332,46.044,41.000,37.338,37.217,31.725
17.490,15.970,15.500,15.766,18.019,20.934,22.200,24.163,26.222,27.215,25.897,27.752,26.177,24.905,25.602,28.539,32.799,38.984,44.637,46.374,41.328,37.656,37.528,32.045
17.831,16.315,15.835,16.096,18.317,21.222,22.484,24.459,26.506,27.519,26.256,28.095,26.509,25.212,25.938,28.886,33.157,39.239,44.874,46.716,41.643,37.918,37.769,32.298
18.199,16.684,16.195,16.461,18.657,21.550,22.787,24.746,26.794,27.822,26.603,28.444,26.869,25.572,26.315,29.247,33.523,39.513,45.137,47.051,41.970,38.212,38.050,32.598
18.905,17.395,16.876,17.144,19.260,22.104,23.305,25.340,27.307,28.301,27.222,29.048,27.479,26.160,26.984,29.931,34.208,39.938,45.504,47.632,42.521,38.678,38.451,33.050
19.240,17.736,17.218,17.475,19.580,22.426,23.650,25.703,27.661,28.672,27.603,29.409,27.816,26.468,27.303,30.272,34.555,40.266,45.821,47.985,42.858,38.992,38.760,33.356
19.631,18.131,17.621,17.862,19.975,22.869,24.112,26.055,28.123,29.288,28.204,29.987,28.360,26.962,27.774,30.739,35.072,40.795,46.394,48.622,43.439,39.497,39.291,33.851
19.895,18.374,17.879,18.114,20.308,23.272,24.582,26.555,28.670,29.844,28.648,30.453,28.781,27.366,28.146,31.171,35.557,41.551,47.254,49.362,44.126,40.193,40.020,34.466
20.380,18.813,18.275,18.530,20.720,23.737,25.014,27.022,29.190,30.427,29.326,31.189,29.499,28.039,28.898,31.980,36.510,42.422,48.265,50.645,45.224,41.081,40.859,35.189
21.744,20.193,19.621,19.864,21.923,24.930,26.125,27.957,30.235,31.732,30.860,32.675,30.977,29.426,30.361,33.389,38.000,43.423,49.240,52.102,46.559,42.143,41.873,36.261
23.299,21.603,20.866,21.216,23.165,26.253,27.150,28.916,31.393,33.116,32.722,34.765,33.148,31.546,32.759,35.796,40.822,45.566,51.749,55.664,49.599,44.482,44.021,38.195
