13.214,11.587,9.556,7.636,7.577,10.346,21.007,37.805,43.434,39.811,39.093,37.908,35.454,36.622,35.454,34.488,35.544,42.039,33.804,24.907,17.063,11.537,8.270,1.085
25.229,23.997,22.761,22.186,22.107,24.293,31.497,42.952,47.879,45.288,44.205,43.757,42.517,43.128,42.617,41.788,42.179,45.534,39.387,33.350,27.893,23.742,21.127,16.072
27.927,26.799,25.670,25.278,25.236,27.287,33.746,44.017,48.669,46.330,45.210,44.902,43.913,44.452,44.024,43.260,43.499,46.305,40.676,35.236,30.356,26.563,24.101,19.593
29.139,28.028,27.047,26.818,26.727,28.661,34.708,44.395,48.911,46.665,45.584,45.317,44.406,44.848,44.511,43.745,43.982,46.466,41.138,36.055,31.396,27.777,25.441,21.109
29.880,28.800,27.821,27.568,27.495,29.379,35.261,44.675,49.039,46.860,45.818,45.557,44.675,45.121,44.771,44.038,44.259,46.712,41.552,36.597,32.086,28.586,26.310,22.129
30.542,29.525,28.575,28.302,28.227,30.059,35.837,45.047,49.290,47.178,46.151,45.882,44.993,45.436,45.103,44.393,44.625,47.041,41.952,37.109,32.691,29.249,27.051,22.940
31.237,30.293,29.397,29.132,29.039,30.813,36.476,45.459,49.585,47.557,46.532,46.258,45.362,45.786,45.493,44.800,45.049,47.383,42.349,37.642,33.312,29.915,27.807,23.748
31.951,31.116,30.163,29.838,29.823,31.578,37.045,45.610,49.597,47.686,46.609,46.386,45.583,46.058,45.740,45.117,45.267,47.516,42.609,38.051,33.989,30.724,28.659,24.875
32.190,31.342,30.461,30.185,30.117,31.837,37.294,45.881,49.862,47.942,46.899,46.651,45.806,46.237,45.960,45.311,45.520,47.736,42.832,38.312,34.189,30.904,28.880,25.008
32.645,31.883,30.989,30.660,30.617,32.318,37.732,46.086,49.877,48.033,47.038,46.809,46.023,46.491,46.155,45.557,45.712,47.952,43.108,38.647,34.619,31.362,29.387,25.595
32.962,32.130,31.190,30.844,30.837,32.524,37.798,46.163,50.053,48.209,47.136,46.892,46.052,46.510,46.234,45.621,45.810,48.014,43.274,38.858,34.939,31.822,29.826,26.194
33.204,32.425,31.514,31.174,31.154,32.827,38.103,46.345,50.131,48.316,47.292,47.059,46.259,46.721,46.416,45.822,45.988,48.183,43.450,39.069,35.156,32.011,30.052,26.397
33.392,32.590,31.716,31.411,31.366,33.017,38.252,46.471,50.250,48.422,47.428,47.187,46.378,46.813,46.525,45.918,46.108,48.276,43.589,39.244,35.318,32.188,30.248,26.573
33.580,32.739,31.865,31.585,31.539,33.194,38.403,46.623,50.419,48.571,47.593,47.361,46.569,46.993,46.699,46.083,46.267,48.423,43.781,39.438,35.511,32.400,30.439,26.776
33.742,32.923,32.065,31.809,31.762,33.413,38.583,46.724,50.500,48.693,47.696,47.478,46.705,47.122,46.848,46.234,46.404,48.475,43.849,39.548,35.654,32.544,30.595,26.953
33.949,33.112,32.270,32.047,31.995,33.634,38.738,46.757,50.526,48.701,47.724,47.519,46.779,47.169,46.903,46.291,46.455,48.495,43.962,39.706,35.842,32.766,30.821,27.211
34.087,33.248,32.419,32.205,32.151,33.767,38.795,46.803,50.596,48.773,47.781,47.573,46.821,47.221,46.954,46.336,46.501,48.546,43.970,39.771,35.956,32.927,31.005,27.443
34.200,33.365,32.532,32.331,32.282,33.912,38.949,46.917,50.695,48.888,47.893,47.700,46.974,47.366,47.105,46.491,46.640,48.633,44.099,39.892,36.076,33.031,31.093,27.530
34.308,33.470,32.627,32.412,32.367,34.001,39.054,47.045,50.819,49.009,48.018,47.822,47.090,47.489,47.220,46.607,46.757,48.775,44.237,40.014,36.191,33.145,31.203,27.639
34.416,33.589,32.730,32.502,32.469,34.114,39.182,47.179,50.935,49.156,48.148,47.957,47.233,47.644,47.368,46.762,46.898,48.922,44.361,40.124,36.310,33.257,31.305,27.752
34.629,33.826,32.917,32.690,32.702,34.325,39.333,47.223,50.959,49.162,48.173,47.976,47.247,47.652,47.383,46.787,46.933,48.942,44.436,40.260,36.492,33.477,31.567,28.050
34.734,33.842,32.984,32.749,32.712,34.382,39.405,47.299,50.998,49.211,48.250,48.051,47.326,47.727,47.447,46.848,46.997,49.019,44.565,40.391,36.627,33.637,31.654,28.206
34.763,33.930,33.086,32.854,32.817,34.426,39.411,47.379,51.177,49.354,48.354,48.199,47.544,47.975,47.647,47.047,47.121,49.159,44.694,40.428,36.671,33.678,31.720,28.219
34.974,34.162,33.283,33.031,33.022,34.651,39.638,47.496,51.199,49.432,48.438,48.257,47.559,47.983,47.689,47.104,47.217,49.236,44.765,40.580,36.856,33.869,31.934,28.480
35.079,34.265,33.383,33.135,33.129,34.761,39.738,47.582,51.288,49.523,48.525,48.350,47.661,48.085,47.790,47.206,47.311,49.321,44.856,40.676,36.961,33.981,32.040,28.599
35.195,34.384,33.472,33.191,33.204,34.843,39.831,47.680,51.363,49.604,48.610,48.434,47.748,48.192,47.875,47.301,47.395,49.446,44.990,40.790,37.093,34.125,32.176,28.764
35.335,34.507,33.578,33.280,33.301,34.942,39.932,47.796,51.463,49.696,48.721,48.541,47.857,48.308,47.972,47.402,47.493,49.581,45.154,40.938,37.244,34.294,32.336,28.939
35.431,34.598,33.686,33.404,33.414,35.048,40.023,47.877,51.546,49.777,48.807,48.626,47.938,48.379,48.052,47.477,47.577,49.646,45.229,41.028,37.329,34.379,32.429,29.022
35.543,34.722,33.819,33.540,33.547,35.172,40.132,47.954,51.610,49.850,48.880,48.698,48.009,48.445,48.126,47.553,47.656,49.711,45.298,41.118,37.430,34.484,32.548,29.145
35.636,34.799,33.869,33.570,33.593,35.227,40.192,48.031,51.678,49.912,48.952,48.772,48.092,48.542,48.199,47.630,47.722,49.812,45.423,41.220,37.541,34.612,32.657,29.280
35.738,34.895,33.977,33.687,33.702,35.326,40.272,48.095,51.731,49.963,49.017,48.833,48.149,48.590,48.253,47.681,47.782,49.865,45.498,41.311,37.633,34.713,32.768,29.389
35.838,35.009,34.086,33.788,33.810,35.435,40.377,48.174,51.803,50.047,49.091,48.911,48.232,48.679,48.341,47.775,47.868,49.946,45.573,41.393,37.732,34.815,32.872,29.510
35.933,35.102,34.163,33.866,33.905,35.540,40.474,48.265,51.901,50.144,49.185,49.008,48.332,48.775,48.442,47.873,47.965,50.029,45.658,41.484,37.823,34.905,32.963,29.598
35.975,35.115,34.184,33.897,33.915,35.548,40.479,48.285,51.928,50.159,49.207,49.040,48.388,48.844,48.483,47.918,47.986,50.075,45.737,41.536,37.890,34.993,33.016,29.690
36.068,35.227,34.281,33.974,34.010,35.647,40.586,48.386,52.015,50.257,49.300,49.128,48.465,48.922,48.567,48.005,48.081,50.174,45.819,41.623,37.977,35.073,33.111,29.776
36.178,35.326,34.388,34.087,34.116,35.746,40.679,48.484,52.109,50.343,49.401,49.224,48.555,49.006,48.652,48.086,48.171,50.267,45.929,41.737,38.082,35.184,33.226,29.883
36.279,35.433,34.507,34.209,34.233,35.853,40.767,48.541,52.150,50.392,49.455,49.276,48.603,49.049,48.701,48.136,48.227,50.312,45.987,41.817,38.170,35.280,33.336,29.997
36.352,35.495,34.580,34.299,34.316,35.929,40.823,48.583,52.192,50.429,49.501,49.323,48.652,49.088,48.746,48.176,48.271,50.341,46.037,41.881,38.235,35.353,33.412,30.073
36.426,35.556,34.634,34.350,34.371,35.986,40.873,48.634,52.238,50.470,49.552,49.374,48.708,49.145,48.794,48.225,48.317,50.398,46.115,41.955,38.314,35.443,33.496,30.168
36.466,35.580,34.653,34.382,34.407,36.029,40.903,48.660,52.280,50.504,49.585,49.416,48.766,49.201,48.847,48.274,48.355,50.423,46.156,41.995,38.359,35.496,33.533,30.218
36.580,35.697,34.753,34.461,34.495,36.121,41.011,48.784,52.393,50.619,49.702,49.530,48.878,49.324,48.957,48.390,48.468,50.565,46.295,42.117,38.484,35.623,33.655,30.349
36.644,35.759,34.816,34.532,34.567,36.195,41.072,48.829,52.443,50.670,49.750,49.583,48.938,49.383,49.018,48.450,48.523,50.605,46.341,42.171,38.545,35.688,33.718,30.420
36.728,35.829,34.875,34.585,34.625,36.256,41.132,48.898,52.508,50.728,49.818,49.651,49.010,49.459,49.082,48.515,48.584,50.684,46.441,42.261,38.637,35.791,33.812,30.525
36.805,35.903,34.926,34.623,34.678,36.322,41.205,48.977,52.590,50.811,49.894,49.734,49.106,49.567,49.176,48.614,48.667,50.781,46.538,42.341,38.730,35.889,33.892,30.628
36.879,35.965,34.982,34.678,34.737,36.383,41.261,49.036,52.648,50.863,49.954,49.796,49.173,49.634,49.236,48.674,48.723,50.845,46.618,42.417,38.808,35.976,33.972,30.717
36.952,36.032,35.038,34.730,34.797,36.447,41.318,49.087,52.696,50.911,50.003,49.849,49.236,49.702,49.296,48.736,48.775,50.902,46.690,42.485,38.888,36.065,34.053,30.816
37.025,36.100,35.098,34.787,34.859,36.513,41.384,49.155,52.765,50.978,50.071,49.920,49.311,49.780,49.368,48.809,48.844,50.977,46.771,42.560,38.966,36.149,34.129,30.900
37.084,36.144,35.130,34.819,34.898,36.559,41.424,49.199,52.812,51.019,50.116,49.970,49.372,49.845,49.422,48.864,48.889,51.029,46.841,42.621,39.034,36.227,34.193,30.981
37.153,36.203,35.184,34.872,34.953,36.616,41.480,49.262,52.877,51.078,50.181,50.035,49.440,49.914,49.486,48.927,48.949,51.097,46.920,42.695,39.108,36.306,34.265,31.058
37.233,36.296,35.281,34.967,35.048,36.707,41.564,49.324,52.930,51.141,50.239,50.093,49.498,49.972,49.548,48.992,49.015,51.153,46.972,42.759,39.181,36.380,34.348,31.145
37.297,36.353,35.346,35.044,35.121,36.777,41.619,49.365,52.974,51.182,50.284,50.140,49.548,50.015,49.595,49.037,49.060,51.185,47.018,42.815,39.239,36.443,34.414,31.212
37.375,36.417,35.422,35.142,35.209,36.863,41.695,49.446,53.069,51.267,50.374,50.232,49.641,50.097,49.684,49.117,49.146,51.253,47.095,42.899,39.312,36.515,34.483,31.269
37.468,36.502,35.515,35.239,35.301,36.949,41.775,49.525,53.144,51.338,50.455,50.310,49.715,50.165,49.754,49.184,49.220,51.328,47.184,42.993,39.401,36.609,34.581,31.362
37.557,36.583,35.609,35.349,35.403,37.044,41.852,49.589,53.208,51.398,50.523,50.377,49.783,50.223,49.819,49.244,49.286,51.378,47.250,43.074,39.481,36.694,34.671,31.448
37.636,36.656,35.690,35.443,35.491,37.131,41.936,49.675,53.304,51.490,50.615,50.470,49.876,50.309,49.911,49.332,49.377,51.456,47.328,43.156,39.556,36.766,34.742,31.511
37.723,36.745,35.779,35.533,35.582,37.224,42.033,49.778,53.414,51.599,50.720,50.576,49.983,50.416,50.019,49.440,49.483,51.559,47.423,43.248,39.645,36.851,34.824,31.589
37.831,36.844,35.882,35.643,35.687,37.330,42.143,49.902,53.547,51.724,50.849,50.704,50.108,50.538,50.142,49.559,49.606,51.682,47.546,43.367,39.754,36.955,34.926,31.681
37.919,36.928,35.950,35.696,35.750,37.399,42.217,49.985,53.622,51.799,50.927,50.782,50.191,50.630,50.221,49.642,49.682,51.780,47.651,43.459,39.852,37.061,35.023,31.792
38.012,37.015,36.036,35.787,35.842,37.492,42.304,50.068,53.710,51.883,51.012,50.871,50.284,50.722,50.312,49.732,49.769,51.862,47.742,43.551,39.946,37.159,35.117,31.891
38.089,37.085,36.109,35.869,35.922,37.574,42.386,50.157,53.811,51.980,51.107,50.968,50.384,50.818,50.411,49.827,49.863,51.948,47.826,43.634,40.023,37.233,35.186,31.954
38.210,37.217,36.233,35.971,36.028,37.678,42.500,50.273,53.905,52.080,51.212,51.066,50.474,50.917,50.502,49.925,49.964,52.075,47.951,43.753,40.147,37.359,35.320,32.093
38.296,37.306,36.333,36.084,36.135,37.783,42.601,50.367,54.010,52.186,51.311,51.168,50.576,51.012,50.608,50.027,50.068,52.158,48.026,43.837,40.227,37.433,35.397,32.161
38.409,37.402,36.435,36.195,36.240,37.883,42.694,50.471,54.114,52.279,51.420,51.273,50.678,51.107,50.702,50.115,50.165,52.258,48.146,43.958,40.338,37.550,35.513,32.270
38.497,37.483,36.525,36.304,36.345,37.989,42.787,50.553,54.211,52.372,51.510,51.368,50.780,51.201,50.803,50.212,50.259,52.329,48.220,44.042,40.421,37.633,35.592,32.347
38.581,37.562,36.612,36.402,36.437,38.079,42.873,50.640,54.305,52.462,51.601,51.459,50.872,51.286,50.894,50.299,50.349,52.408,48.301,44.127,40.502,37.711,35.671,32.419
38.697,37.679,36.749,36.554,36.577,38.211,42.994,50.750,54.418,52.575,51.716,51.571,50.978,51.381,51.002,50.402,50.462,52.500,48.394,44.237,40.604,37.809,35.781,32.513
38.805,37.795,36.852,36.639,36.670,38.307,43.103,50.866,54.524,52.686,51.824,51.679,51.083,51.496,51.109,50.515,50.572,52.629,48.515,44.347,40.719,37.924,35.895,32.634
38.898,37.894,36.954,36.743,36.773,38.408,43.200,50.952,54.608,52.775,51.910,51.764,51.169,51.581,51.197,50.604,50.661,52.712,48.594,44.433,40.808,38.013,35.988,32.727
38.980,37.969,37.014,36.799,36.839,38.485,43.285,51.051,54.719,52.881,52.010,51.871,51.286,51.705,51.312,50.720,50.765,52.822,48.703,44.525,40.903,38.108,36.066,32.817
39.059,38.055,37.094,36.874,36.920,38.567,43.360,51.108,54.770,52.940,52.063,51.928,51.349,51.773,51.377,50.789,50.826,52.880,48.763,44.590,40.983,38.192,36.150,32.916
39.150,38.140,37.172,36.945,36.993,38.646,43.457,51.233,54.901,53.064,52.189,52.052,51.470,51.898,51.496,50.907,50.945,53.017,48.892,44.702,41.083,38.288,36.238,32.997
39.258,38.239,37.249,37.011,37.072,38.736,43.556,51.349,55.022,53.180,52.304,52.172,51.599,52.037,51.621,51.035,51.060,53.151,49.030,44.819,41.206,38.415,36.348,33.124
39.407,38.365,37.379,37.151,37.206,38.869,43.685,51.497,55.175,53.318,52.459,52.324,51.750,52.181,51.761,51.169,51.201,53.298,49.200,44.984,41.357,38.573,36.499,33.267
39.501,38.438,37.446,37.223,37.281,38.947,43.749,51.561,55.241,53.374,52.527,52.395,51.830,52.259,51.831,51.237,51.264,53.365,49.296,45.078,41.455,38.685,36.600,33.381
39.632,38.547,37.555,37.338,37.393,39.059,43.861,51.696,55.381,53.498,52.667,52.533,51.967,52.392,51.959,51.359,51.390,53.504,49.454,45.227,41.592,38.828,36.734,33.509
39.734,38.645,37.658,37.445,37.496,39.159,43.959,51.798,55.483,53.597,52.771,52.635,52.066,52.487,52.056,51.454,51.490,53.602,49.557,45.331,41.691,38.927,36.836,33.604
39.900,38.798,37.816,37.608,37.653,39.316,44.126,51.994,55.689,53.790,52.973,52.833,52.258,52.674,52.243,51.635,51.679,53.799,49.753,45.518,41.859,39.090,36.995,33.745
40.026,38.915,37.930,37.725,37.770,39.437,44.250,52.130,55.831,53.926,53.112,52.972,52.399,52.814,52.381,51.770,51.814,53.937,49.895,45.653,41.989,39.220,37.118,33.867
40.158,39.043,38.056,37.849,37.895,39.559,44.363,52.233,55.924,54.020,53.212,53.072,52.501,52.917,52.479,51.870,51.913,54.041,50.015,45.778,42.120,39.361,37.260,34.019
40.290,39.166,38.192,38.003,38.041,39.702,44.494,52.359,56.061,54.151,53.346,53.207,52.637,53.043,52.614,51.999,52.046,54.155,50.137,45.909,42.246,39.487,37.387,34.137
40.456,39.315,38.342,38.152,38.188,39.842,44.624,52.494,56.182,54.263,53.480,53.336,52.762,53.164,52.728,52.111,52.166,54.291,50.304,46.077,42.411,39.666,37.567,34.319
40.636,39.470,38.469,38.254,38.303,39.963,44.754,52.657,56.328,54.395,53.638,53.489,52.916,53.331,52.867,52.253,52.304,54.484,50.532,46.276,42.610,39.887,37.770,34.542
40.756,39.585,38.568,38.340,38.397,40.064,44.866,52.785,56.453,54.517,53.763,53.614,53.044,53.467,52.991,52.380,52.425,54.628,50.679,46.406,42.742,40.022,37.896,34.677
40.908,39.720,38.706,38.479,38.531,40.196,45.002,52.947,56.615,54.666,53.928,53.774,53.196,53.616,53.136,52.520,52.575,54.793,50.857,46.576,42.896,40.179,38.050,34.820
41.119,39.944,38.910,38.652,38.715,40.389,45.230,53.208,56.869,54.924,54.180,54.020,53.435,53.871,53.379,52.772,52.823,55.078,51.114,46.805,43.121,40.394,38.261,35.029
41.374,40.218,39.182,38.906,38.970,40.637,45.484,53.452,57.089,55.156,54.413,54.246,53.650,54.093,53.600,52.998,53.055,55.326,51.356,47.051,43.373,40.646,38.528,35.298
41.644,40.497,39.483,39.210,39.259,40.913,45.769,53.749,57.381,55.447,54.710,54.532,53.915,54.348,53.869,53.263,53.342,55.611,51.625,47.329,43.630,40.891,38.792,35.529
41.952,40.798,39.743,39.430,39.499,41.174,46.078,54.125,57.757,55.815,55.079,54.898,54.280,54.737,54.229,53.631,53.698,56.033,52.030,47.678,43.971,41.227,39.102,35.847
42.156,40.985,39.924,39.609,39.681,41.351,46.237,54.275,57.890,55.942,55.226,55.044,54.429,54.886,54.367,53.769,53.837,56.186,52.223,47.875,44.176,41.453,39.326,36.088
42.435,41.247,40.197,39.890,39.954,41.615,46.484,54.519,58.124,56.167,55.473,55.285,54.665,55.113,54.595,53.992,54.071,56.422,52.490,48.151,44.448,41.738,39.616,36.374
42.750,41.599,40.521,40.180,40.266,41.937,46.821,54.829,58.418,56.488,55.765,55.585,54.974,55.446,54.917,54.332,54.388,56.752,52.791,48.444,44.773,42.061,39.939,36.732
43.083,41.970,40.898,40.578,40.669,42.353,47.231,55.191,58.817,56.913,56.133,55.974,55.385,55.858,55.352,54.770,54.802,57.095,53.075,48.748,45.099,42.361,40.237,37.038
43.589,42.536,41.486,41.140,41.219,42.882,47.785,55.729,59.318,57.444,56.652,56.473,55.847,56.324,55.839,55.266,55.324,57.622,53.545,49.238,45.583,42.819,40.744,37.511
44.112,43.112,42.156,41.855,41.880,43.489,48.349,56.201,59.762,57.918,57.125,56.926,56.257,56.691,56.274,55.691,55.803,58.012,53.909,49.700,46.033,43.246,41.256,37.958
44.591,43.601,42.618,42.287,42.323,43.953,48.884,56.823,60.407,58.556,57.745,57.542,56.862,57.315,56.885,56.305,56.414,58.670,54.504,50.238,46.540,43.720,41.711,38.387
45.383,44.267,43.209,42.837,42.891,44.572,49.631,57.869,61.514,59.557,58.815,58.593,57.898,58.374,57.868,57.268,57.383,59.822,55.676,51.235,47.425,44.596,42.487,39.110
46.446,45.315,44.208,43.835,43.909,45.663,50.871,59.325,63.116,61.117,60.303,60.100,59.417,59.918,59.400,58.788,58.869,61.336,57.029,52.455,48.559,45.632,43.438,39.990
47.808,46.706,45.616,45.213,45.264,47.015,52.338,60.937,64.745,62.732,61.914,61.676,60.929,61.432,60.929,60.310,60.439,62.967,58.545,53.914,49.927,46.928,44.755,41.194
50.799,49.944,49.064,48.673,48.576,50.252,55.833,64.621,68.483,66.528,65.601,65.262,64.287,64.733,64.421,63.775,64.091,66.542,61.639,57.039,52.806,49.513,47.547,43.562
