-9.728,-16.246,-18.756,-21.430,-23.925,-22.255,-22.044,-20.743,-19.608,-15.035,-15.820,-15.128,-16.804,-25.568,-30.127,-28.892,-21.842,-6.396,7.577,19.643,25.071,25.444,17.897,8.779
9.484,5.237,3.294,1.480,-0.303,0.650,0.985,2.152,3.304,6.280,5.938,6.257,4.054,-1.834,-4.923,-4.019,0.919,11.323,21.948,30.858,34.489,33.543,28.723,22.523
13.259,9.604,7.625,5.958,4.369,5.226,5.592,6.723,7.841,10.493,9.982,10.606,8.297,3.031,0.204,1.022,5.579,14.761,24.716,33.413,36.884,35.105,31.060,25.456
16.892,13.559,11.825,10.409,8.899,9.626,10.041,11.112,12.239,14.491,14.388,14.337,12.311,7.836,5.275,5.954,9.938,18.023,27.151,34.804,38.013,36.645,32.818,28.012
17.946,14.804,13.049,11.690,10.227,10.911,11.356,12.435,13.586,15.714,15.606,15.574,13.468,9.223,6.742,7.391,11.249,18.922,27.919,35.526,38.696,37.026,33.438,28.847
18.420,15.303,13.569,12.231,10.771,11.440,11.892,12.971,14.129,16.223,16.158,16.060,13.959,9.777,7.319,7.958,11.771,19.361,28.309,35.831,38.972,37.332,33.761,29.233
19.577,16.532,14.846,13.506,12.106,12.762,13.166,14.204,15.296,17.401,17.231,17.339,15.229,11.013,8.632,9.290,13.061,20.598,29.278,36.622,39.593,37.977,34.541,30.006
20.315,17.334,15.692,14.381,13.002,13.619,14.024,15.063,16.164,18.218,18.096,18.157,15.990,11.849,9.532,10.189,13.887,21.297,29.870,37.039,39.888,38.292,34.933,30.484
21.122,18.247,16.608,15.299,13.955,14.513,14.916,15.982,17.111,19.142,18.984,19.178,16.753,12.598,10.363,11.054,14.738,22.081,30.656,37.783,40.439,38.624,35.455,31.004
21.546,18.707,17.075,15.784,14.445,14.988,15.401,16.472,17.613,19.609,19.480,19.631,17.190,13.098,10.884,11.566,15.212,22.462,31.009,38.091,40.729,38.887,35.754,31.363
22.181,19.402,17.812,16.548,15.229,15.732,16.145,17.218,18.369,20.321,20.235,20.348,17.838,13.809,11.658,12.343,15.923,23.063,31.515,38.429,40.938,39.113,36.057,31.738
22.572,19.830,18.254,16.999,15.698,16.194,16.599,17.662,18.800,20.735,20.635,20.779,18.273,14.274,12.150,12.832,16.381,23.451,31.814,38.665,41.135,39.301,36.296,32.012
23.101,20.406,18.862,17.635,16.337,16.787,17.207,18.290,19.465,21.350,21.328,21.380,18.766,14.831,12.759,13.445,16.941,23.921,32.278,39.001,41.361,39.522,36.570,32.355
23.446,20.802,19.262,18.056,16.771,17.211,17.638,18.718,19.893,21.738,21.726,21.759,19.157,15.303,13.254,13.926,17.373,24.222,32.510,39.187,41.540,39.658,36.761,32.624
23.919,21.244,19.789,18.623,17.319,17.728,18.164,19.243,20.441,22.240,22.396,22.163,19.608,15.834,13.818,14.477,17.844,24.659,32.878,39.281,41.548,39.958,36.968,32.921
24.110,21.533,20.010,18.843,17.572,17.995,18.436,19.511,20.693,22.469,22.504,22.453,19.885,16.171,14.157,14.803,18.165,24.810,32.993,39.566,41.909,40.014,37.174,33.170
24.236,21.673,20.155,19.008,17.733,18.150,18.606,19.683,20.877,22.618,22.701,22.560,20.026,16.387,14.376,15.005,18.329,24.887,33.055,39.594,41.963,40.084,37.237,33.302
24.403,21.848,20.334,19.202,17.923,18.341,18.805,19.880,21.079,22.796,22.909,22.709,20.211,16.624,14.614,15.230,18.527,25.024,33.172,39.685,42.076,40.217,37.362,33.475
24.641,22.131,20.608,19.482,18.217,18.623,19.091,20.171,21.375,23.073,23.167,23.007,20.463,16.906,14.915,15.531,18.812,25.237,33.369,39.890,42.259,40.304,37.517,33.657
25.064,22.612,21.103,19.984,18.777,19.211,19.653,20.656,21.750,23.447,23.399,23.428,21.004,17.537,15.583,16.183,19.389,25.690,33.500,39.935,42.344,40.437,37.726,33.928
25.126,22.651,21.168,20.073,18.820,19.230,19.679,20.746,21.943,23.596,23.740,23.498,21.127,17.623,15.653,16.241,19.459,25.725,33.692,40.054,42.376,40.509,37.743,33.978
25.317,22.843,21.366,20.288,19.032,19.436,19.910,20.963,22.150,23.779,23.949,23.637,21.247,17.850,15.887,16.464,19.634,25.854,33.797,40.126,42.508,40.698,37.903,34.202
25.459,22.978,21.505,20.429,19.165,19.558,20.038,21.103,22.308,23.933,24.133,23.781,21.352,17.952,15.992,16.573,19.746,25.985,33.970,40.289,42.652,40.851,38.045,34.341
25.633,23.123,21.682,20.614,19.336,19.715,20.199,21.270,22.490,24.111,24.380,23.925,21.487,18.086,16.133,16.716,19.878,26.157,34.159,40.389,42.710,41.028,38.170,34.471
25.708,23.181,21.741,20.674,19.389,19.776,20.261,21.330,22.549,24.170,24.452,23.965,21.565,18.171,16.205,16.783,19.945,26.230,34.237,40.470,42.822,41.175,38.285,34.591
25.824,23.295,21.858,20.800,19.504,19.878,20.377,21.460,22.703,24.308,24.639,24.077,21.645,18.275,16.311,16.887,20.040,26.314,34.370,40.588,42.932,41.292,38.388,34.715
26.045,23.471,22.084,21.033,19.720,20.078,20.574,21.661,22.916,24.524,24.937,24.257,21.818,18.429,16.476,17.060,20.201,26.551,34.609,40.691,42.965,41.510,38.533,34.851
26.479,23.985,22.613,21.575,20.313,20.682,21.150,22.192,23.383,24.971,25.292,24.752,22.413,19.083,17.173,17.743,20.821,27.006,34.806,40.793,43.038,41.558,38.692,35.078
26.604,24.125,22.759,21.734,20.476,20.847,21.318,22.352,23.537,25.105,25.436,24.868,22.575,19.294,17.390,17.946,20.995,27.112,34.860,40.813,43.074,41.611,38.752,35.184
26.773,24.301,22.953,21.940,20.683,21.044,21.518,22.552,23.741,25.291,25.657,25.034,22.750,19.502,17.611,18.163,21.184,27.264,34.982,40.869,43.108,41.691,38.828,35.295
26.943,24.515,23.152,22.143,20.904,21.266,21.739,22.766,23.945,25.481,25.804,25.249,22.963,19.746,17.867,18.414,21.420,27.421,35.089,41.001,43.245,41.734,38.937,35.431
27.113,24.692,23.338,22.328,21.097,21.461,21.925,22.943,24.107,25.647,25.951,25.429,23.158,19.934,18.064,18.612,21.612,27.609,35.227,41.110,43.335,41.841,39.058,35.550
27.222,24.808,23.448,22.433,21.210,21.580,22.038,23.050,24.203,25.750,26.025,25.548,23.286,20.053,18.183,18.732,21.736,27.730,35.327,41.227,43.458,41.940,39.173,35.657
27.440,25.025,23.693,22.689,21.468,21.831,22.285,23.290,24.438,25.974,26.279,25.757,23.517,20.303,18.450,18.996,21.973,27.948,35.488,41.294,43.488,42.054,39.277,35.786
27.546,25.146,23.816,22.818,21.602,21.963,22.418,23.420,24.566,26.090,26.394,25.872,23.643,20.453,18.605,19.147,22.109,28.044,35.557,41.350,43.544,42.100,39.339,35.870
27.677,25.281,23.956,22.962,21.749,22.114,22.566,23.562,24.700,26.219,26.523,25.995,23.796,20.621,18.777,19.313,22.263,28.174,35.652,41.423,43.623,42.199,39.438,35.985
27.809,25.428,24.102,23.108,21.907,22.277,22.722,23.707,24.828,26.348,26.621,26.140,23.964,20.794,18.956,19.490,22.432,28.316,35.740,41.505,43.704,42.267,39.530,36.084
27.960,25.573,24.266,23.279,22.077,22.445,22.888,23.867,24.985,26.498,26.796,26.274,24.125,20.969,19.137,19.668,22.592,28.468,35.856,41.560,43.745,42.376,39.622,36.193
28.058,25.686,24.374,23.387,22.190,22.555,22.998,23.978,25.096,26.607,26.891,26.394,24.228,21.075,19.249,19.781,22.704,28.564,35.948,41.661,43.839,42.434,39.703,36.276
28.175,25.810,24.505,23.530,22.334,22.700,23.146,24.120,25.234,26.729,27.031,26.495,24.370,21.258,19.434,19.956,22.854,28.664,36.010,41.688,43.879,42.504,39.768,36.379
28.307,25.939,24.650,23.683,22.486,22.850,23.297,24.267,25.381,26.864,27.192,26.611,24.512,21.425,19.606,20.122,23.000,28.786,36.103,41.731,43.916,42.593,39.843,36.481
28.376,26.011,24.717,23.750,22.553,22.915,23.365,24.338,25.456,26.937,27.266,26.683,24.577,21.492,19.672,20.188,23.068,28.850,36.179,41.821,44.010,42.669,39.923,36.562
28.466,26.111,24.809,23.843,22.653,23.028,23.473,24.434,25.535,27.016,27.315,26.769,24.708,21.635,19.812,20.320,23.195,28.945,36.230,41.887,44.105,42.749,40.015,36.664
28.573,26.204,24.916,23.952,22.759,23.133,23.575,24.534,25.632,27.115,27.431,26.857,24.813,21.738,19.915,20.423,23.293,29.060,36.331,41.950,44.159,42.861,40.104,36.754
28.662,26.303,25.013,24.048,22.860,23.234,23.675,24.632,25.727,27.208,27.512,26.958,24.913,21.841,20.021,20.530,23.397,29.149,36.407,42.030,44.238,42.920,40.179,36.831
28.763,26.408,25.114,24.150,22.965,23.346,23.784,24.735,25.821,27.303,27.592,27.055,25.034,21.967,20.145,20.650,23.515,29.254,36.489,42.118,44.338,43.016,40.280,36.937
28.866,26.503,25.221,24.261,23.075,23.458,23.895,24.840,25.921,27.400,27.705,27.137,25.148,22.093,20.272,20.772,23.625,29.358,36.567,42.159,44.381,43.112,40.356,37.026
28.961,26.605,25.325,24.366,23.184,23.567,24.001,24.944,26.021,27.498,27.798,27.239,25.254,22.202,20.386,20.886,23.733,29.455,36.645,42.227,44.443,43.173,40.426,37.101
29.107,26.737,25.475,24.516,23.337,23.726,24.151,25.079,26.139,27.623,27.922,27.358,25.426,22.368,20.553,21.050,23.889,29.625,36.758,42.289,44.499,43.310,40.540,37.214
29.208,26.861,25.593,24.640,23.470,23.864,24.288,25.209,26.258,27.731,28.010,27.472,25.564,22.535,20.725,21.215,24.038,29.716,36.805,42.339,44.564,43.343,40.601,37.301
29.352,27.006,25.753,24.807,23.637,24.022,24.447,25.369,26.423,27.886,28.191,27.615,25.705,22.691,20.890,21.380,24.187,29.852,36.926,42.410,44.612,43.427,40.681,37.399
29.459,27.102,25.858,24.913,23.745,24.141,24.559,25.468,26.506,27.972,28.250,27.693,25.842,22.833,21.028,21.511,24.311,29.973,36.998,42.457,44.674,43.545,40.779,37.503
29.508,27.156,25.895,24.943,23.783,24.196,24.608,25.504,26.521,27.999,28.273,27.737,25.930,22.912,21.095,21.575,24.384,30.040,37.035,42.543,44.800,43.638,40.883,37.595
29.641,27.299,26.043,25.095,23.936,24.341,24.756,25.657,26.681,28.149,28.401,27.885,26.056,23.051,21.244,21.724,24.524,30.160,37.156,42.646,44.885,43.711,40.970,37.696
29.675,27.348,26.071,25.119,23.967,24.383,24.796,25.692,26.707,28.178,28.412,27.930,26.116,23.114,21.299,21.775,24.583,30.196,37.184,42.732,45.005,43.766,41.049,37.774
29.802,27.476,26.207,25.260,24.109,24.522,24.935,25.829,26.842,28.307,28.542,28.053,26.249,23.259,21.449,21.923,24.719,30.319,37.287,42.805,45.070,43.857,41.137,37.875
29.885,27.552,26.289,25.345,24.192,24.607,25.020,25.912,26.924,28.386,28.634,28.119,26.337,23.356,21.544,22.015,24.804,30.400,37.358,42.858,45.130,43.949,41.213,37.960
29.972,27.629,26.365,25.416,24.258,24.672,25.086,25.981,26.997,28.468,28.716,28.204,26.406,23.405,21.589,22.064,24.867,30.494,37.480,42.994,45.264,44.083,41.338,38.065
30.067,27.718,26.456,25.508,24.354,24.784,25.191,26.071,27.067,28.540,28.773,28.268,26.544,23.555,21.730,22.196,24.990,30.601,37.532,43.036,45.338,44.197,41.436,38.175
30.160,27.808,26.553,25.611,24.452,24.877,25.289,26.173,27.177,28.641,28.901,28.352,26.627,23.654,21.832,22.295,25.079,30.681,37.620,43.102,45.400,44.283,41.510,38.264
30.217,27.879,26.614,25.676,24.521,24.949,25.364,26.246,27.248,28.703,28.955,28.413,26.703,23.753,21.929,22.386,25.162,30.724,37.653,43.154,45.476,44.324,41.566,38.340
30.289,27.952,26.674,25.731,24.577,25.012,25.427,26.308,27.305,28.766,28.995,28.485,26.781,23.825,21.992,22.448,25.235,30.800,37.737,43.282,45.626,44.440,41.688,38.451
30.376,28.039,26.762,25.817,24.664,25.100,25.512,26.391,27.386,28.851,29.073,28.577,26.870,23.904,22.073,22.531,25.321,30.895,37.827,43.370,45.708,44.521,41.773,38.529
30.534,28.214,26.945,26.014,24.863,25.293,25.711,26.590,27.590,29.030,29.277,28.736,27.044,24.128,22.307,22.756,25.516,31.023,37.927,43.432,45.770,44.589,41.851,38.655
30.685,28.385,27.113,26.180,25.042,25.474,25.885,26.757,27.743,29.184,29.397,28.913,27.224,24.307,22.495,22.945,25.701,31.184,38.044,43.550,45.879,44.665,41.962,38.767
30.819,28.532,27.266,26.345,25.206,25.631,26.050,26.924,27.919,29.339,29.582,29.048,27.363,24.488,22.683,23.125,25.858,31.290,38.141,43.615,45.943,44.737,42.037,38.881
30.876,28.594,27.322,26.402,25.264,25.691,26.111,26.985,27.980,29.397,29.635,29.106,27.426,24.558,22.751,23.191,25.923,31.343,38.193,43.681,46.019,44.796,42.102,38.950
30.995,28.709,27.442,26.526,25.391,25.831,26.246,27.105,28.080,29.497,29.725,29.196,27.588,24.737,22.925,23.355,26.074,31.470,38.262,43.731,46.099,44.919,42.210,39.076
31.126,28.847,27.584,26.673,25.537,25.967,26.387,27.252,28.239,29.646,29.893,29.339,27.703,24.864,23.060,23.492,26.203,31.586,38.390,43.840,46.186,45.002,42.301,39.179
31.247,28.961,27.705,26.793,25.655,26.082,26.501,27.368,28.358,29.767,30.025,29.457,27.814,24.968,23.166,23.600,26.312,31.710,38.521,43.957,46.293,45.129,42.419,39.291
31.393,29.114,27.859,26.948,25.813,26.238,26.656,27.522,28.510,29.917,30.170,29.614,27.965,25.120,23.323,23.757,26.467,31.858,38.657,44.086,46.412,45.240,42.542,39.416
31.541,29.281,28.026,27.126,25.989,26.402,26.830,27.705,28.709,30.095,30.374,29.780,28.103,25.294,23.507,23.938,26.629,31.972,38.784,44.199,46.515,45.316,42.635,39.543
31.635,29.377,28.106,27.190,26.064,26.492,26.908,27.773,28.754,30.164,30.377,29.887,28.223,25.373,23.578,24.014,26.730,32.102,38.895,44.369,46.702,45.455,42.795,39.664
31.807,29.535,28.282,27.374,26.242,26.666,27.084,27.948,28.934,30.336,30.589,30.031,28.389,25.556,23.763,24.195,26.895,32.266,39.048,44.465,46.788,45.617,42.926,39.813
31.949,29.684,28.438,27.536,26.402,26.815,27.237,28.108,29.105,30.497,30.774,30.186,28.515,25.694,23.911,24.345,27.036,32.395,39.187,44.577,46.876,45.709,43.023,39.922
32.113,29.866,28.620,27.723,26.592,26.996,27.423,28.299,29.304,30.683,30.965,30.376,28.676,25.872,24.099,24.533,27.214,32.541,39.335,44.719,47.003,45.799,43.140,40.056
32.286,30.021,28.795,27.895,26.764,27.168,27.584,28.453,29.447,30.840,31.126,30.536,28.849,26.017,24.250,24.690,27.372,32.745,39.507,44.837,47.088,45.964,43.282,40.177
32.456,30.184,28.967,28.071,26.934,27.331,27.752,28.626,29.632,31.018,31.336,30.696,29.001,26.178,24.412,24.852,27.528,32.903,39.684,44.988,47.229,46.135,43.436,40.341
32.576,30.303,29.081,28.180,27.052,27.467,27.877,28.734,29.713,31.111,31.387,30.801,29.166,26.336,24.563,24.998,27.676,33.047,39.771,45.088,47.357,46.272,43.575,40.473
32.737,30.457,29.230,28.322,27.188,27.594,28.008,28.878,29.873,31.279,31.562,30.979,29.283,26.423,24.650,25.095,27.794,33.209,39.995,45.337,47.585,46.472,43.775,40.645
32.912,30.639,29.423,28.527,27.384,27.770,28.197,29.082,30.104,31.489,31.826,31.166,29.421,26.590,24.829,25.274,27.957,33.351,40.174,45.477,47.694,46.589,43.891,40.788
33.169,30.887,29.698,28.805,27.658,28.025,28.450,29.344,30.378,31.762,32.139,31.436,29.640,26.792,25.050,25.506,28.183,33.612,40.445,45.670,47.815,46.772,44.064,40.953
33.424,31.145,29.952,29.052,27.914,28.290,28.704,29.587,30.603,32.001,32.339,31.699,29.919,27.048,25.305,25.765,28.451,33.894,40.691,45.928,48.073,47.020,44.327,41.195
33.562,31.269,30.057,29.140,28.006,28.402,28.807,29.681,30.678,32.102,32.384,31.824,30.075,27.163,25.400,25.862,28.578,34.064,40.864,46.175,48.362,47.279,44.581,41.407
33.850,31.571,30.353,29.427,28.299,28.682,29.084,29.969,30.974,32.409,32.670,32.165,30.333,27.384,25.634,26.112,28.846,34.362,41.195,46.528,48.667,47.519,44.860,41.653
34.022,31.763,30.533,29.613,28.481,28.850,29.266,30.168,31.199,32.615,32.896,32.369,30.473,27.548,25.804,26.282,29.013,34.497,41.387,46.748,48.881,47.657,45.025,41.836
34.258,32.019,30.780,29.851,28.728,29.090,29.503,30.410,31.442,32.866,33.115,32.656,30.698,27.746,26.013,26.503,29.248,34.741,41.646,47.037,49.138,47.838,45.252,42.039
34.473,32.279,30.979,30.026,28.924,29.301,29.709,30.617,31.636,33.082,33.205,32.951,30.936,27.943,26.200,26.699,29.490,34.971,41.908,47.483,49.625,48.082,45.595,42.334
34.904,32.737,31.434,30.462,29.382,29.745,30.134,31.045,32.054,33.527,33.580,33.478,31.352,28.280,26.565,27.092,29.912,35.447,42.374,47.963,50.010,48.377,45.970,42.642
35.184,33.016,31.721,30.740,29.659,30.004,30.391,31.316,32.339,33.824,33.881,33.800,31.580,28.462,26.763,27.308,30.147,35.740,42.713,48.290,50.268,48.616,46.227,42.860
35.483,33.285,32.000,31.002,29.918,30.261,30.636,31.562,32.582,34.101,34.146,34.101,31.841,28.645,26.945,27.510,30.382,36.087,43.087,48.656,50.588,48.980,46.570,43.134
35.789,33.599,32.319,31.324,30.233,30.550,30.934,31.883,32.936,34.446,34.530,34.449,32.082,28.878,27.195,27.772,30.648,36.371,43.444,48.997,50.869,49.231,46.836,43.394
36.181,33.952,32.696,31.709,30.593,30.896,31.292,32.257,33.339,34.842,35.014,34.797,32.409,29.207,27.520,28.099,30.972,36.746,43.887,49.380,51.231,49.699,47.235,43.796
36.633,34.430,33.166,32.168,31.058,31.333,31.731,32.719,33.826,35.337,35.493,35.342,32.796,29.545,27.882,28.486,31.385,37.199,44.415,49.936,51.701,50.055,47.656,44.174
37.195,35.097,33.763,32.759,31.661,31.891,32.320,33.365,34.538,36.018,36.133,36.101,33.265,30.024,28.390,29.018,31.946,37.677,45.080,50.791,52.502,50.443,48.226,44.740
38.001,35.854,34.548,33.532,32.425,32.652,33.068,34.112,35.282,36.794,36.928,36.879,34.029,30.716,29.082,29.726,32.678,38.532,45.949,51.602,53.261,51.323,49.051,45.505
39.489,37.242,35.976,34.845,33.768,33.990,34.305,35.336,36.439,38.164,38.080,38.498,35.386,31.585,29.983,30.750,33.901,40.343,47.789,53.437,54.780,52.929,50.679,46.709
40.998,38.862,37.447,36.180,35.195,35.429,35.674,36.714,37.754,39.655,39.079,40.398,36.860,32.654,31.073,31.953,35.346,42.068,49.636,55.797,56.996,54.407,52.529,48.173
42.827,40.894,39.307,37.959,37.024,37.168,37.432,38.591,39.738,41.686,40.843,42.760,38.435,33.997,32.484,33.476,37.058,43.870,51.892,58.588,59.559,55.958,54.540,49.948
