-5.363,-9.630,-13.725,-19.181,-19.116,-14.257,5.089,19.330,17.016,3.866,-4.608,-9.700,-15.608,-17.334,-13.188,-8.932,-1.322,13.907,27.318,46.105,48.925,36.294,23.335,10.456
12.909,10.137,7.098,3.795,3.379,6.693,20.140,30.105,28.726,20.091,13.885,10.253,6.328,5.116,8.143,10.915,15.991,26.399,35.882,48.971,50.759,41.768,32.706,23.887
17.601,15.272,12.372,9.673,9.061,12.074,24.063,32.993,31.764,24.127,18.407,15.130,11.782,10.772,13.602,15.979,20.450,29.673,38.150,49.690,51.221,43.393,35.233,27.554
20.277,18.255,15.400,13.090,12.320,15.109,26.212,34.601,33.504,26.599,21.187,18.203,15.292,14.460,17.252,19.321,23.328,31.587,39.364,49.797,51.327,43.987,36.450,29.597
21.361,19.464,16.619,14.500,13.637,16.351,27.111,35.264,34.223,27.601,22.272,19.364,16.611,15.828,18.591,20.548,24.390,32.348,39.900,49.936,51.349,44.336,37.006,30.442
22.558,20.731,18.012,15.959,15.158,17.775,28.078,35.868,34.843,28.439,23.346,20.553,17.901,17.151,19.783,21.675,25.385,33.056,40.289,49.964,51.387,44.607,37.574,31.273
23.248,21.423,18.780,16.735,15.965,18.512,28.680,36.369,35.394,29.136,24.135,21.386,18.745,17.981,20.556,22.427,26.069,33.615,40.762,50.323,51.612,44.954,38.041,31.783
23.900,22.105,19.533,17.534,16.779,19.265,29.222,36.740,35.800,29.691,24.791,22.087,19.484,18.719,21.225,23.063,26.631,34.042,41.062,50.465,51.726,45.166,38.394,32.235
24.487,22.712,20.201,18.243,17.501,19.939,29.725,37.094,36.182,30.189,25.367,22.690,20.109,19.333,21.773,23.590,27.106,34.435,41.366,50.664,51.921,45.418,38.752,32.656
25.067,23.338,20.860,18.988,18.207,20.581,30.206,37.465,36.614,30.813,26.042,23.403,20.880,20.108,22.521,24.283,27.703,34.870,41.706,50.866,52.038,45.610,39.062,33.072
25.554,23.831,21.426,19.555,18.817,21.137,30.604,37.737,36.912,31.218,26.551,23.958,21.452,20.677,23.028,24.773,28.138,35.191,41.919,50.960,52.081,45.742,39.316,33.390
25.952,24.269,21.860,20.024,19.271,21.564,30.936,38.029,37.215,31.605,26.978,24.436,21.993,21.252,23.616,25.318,28.622,35.527,42.156,51.037,52.096,45.882,39.536,33.728
26.241,24.572,22.187,20.366,19.623,21.893,31.175,38.201,37.394,31.836,27.257,24.742,22.324,21.591,23.933,25.618,28.889,35.724,42.285,51.076,52.122,45.973,39.691,33.941
26.590,24.965,22.555,20.800,20.005,22.259,31.483,38.490,37.704,32.230,27.646,25.152,22.791,22.082,24.448,26.091,29.309,36.042,42.555,51.244,52.251,46.164,39.921,34.262
26.940,25.393,22.941,21.312,20.426,22.666,31.773,38.712,37.947,32.590,27.989,25.512,23.242,22.566,24.954,26.535,29.681,36.294,42.736,51.268,52.282,46.275,40.085,34.568
27.125,25.600,23.120,21.530,20.603,22.840,31.950,38.910,38.160,32.843,28.216,25.743,23.503,22.840,25.255,26.813,29.934,36.503,42.943,51.445,52.428,46.435,40.246,34.765
27.302,25.797,23.291,21.708,20.768,23.004,32.111,39.099,38.345,33.042,28.417,25.972,23.770,23.138,25.588,27.123,30.219,36.710,43.109,51.512,52.470,46.551,40.380,34.963
27.495,26.015,23.508,21.971,21.003,23.228,32.275,39.217,38.477,33.228,28.607,26.167,23.992,23.363,25.807,27.321,30.390,36.842,43.207,51.531,52.485,46.626,40.488,35.115
27.876,26.373,24.004,22.439,21.569,23.732,32.562,39.283,38.559,33.394,28.924,26.512,24.303,23.634,25.940,27.472,30.517,36.941,43.212,51.583,52.527,46.629,40.622,35.252
27.973,26.497,24.045,22.496,21.571,23.753,32.679,39.533,38.807,33.635,29.105,26.714,24.558,23.935,26.339,27.838,30.861,37.201,43.471,51.725,52.613,46.812,40.775,35.466
28.249,26.818,24.333,22.840,21.866,24.032,32.912,39.771,39.063,33.972,29.440,27.082,24.994,24.407,26.851,28.302,31.265,37.475,43.683,51.812,52.633,46.924,40.931,35.729
28.396,26.963,24.495,22.995,22.035,24.187,33.040,39.881,39.180,34.113,29.605,27.260,25.173,24.585,27.017,28.465,31.417,37.597,43.783,51.889,52.687,46.998,41.032,35.840
28.536,27.108,24.640,23.134,22.182,24.331,33.163,39.999,39.292,34.227,29.739,27.413,25.341,24.767,27.204,28.645,31.585,37.726,43.877,51.933,52.715,47.074,41.130,35.972
28.764,27.349,24.894,23.403,22.448,24.571,33.353,40.163,39.476,34.478,30.018,27.717,25.668,25.102,27.536,28.956,31.859,37.919,44.025,52.017,52.744,47.151,41.258,36.144
28.910,27.495,25.039,23.528,22.588,24.709,33.488,40.312,39.618,34.614,30.172,27.892,25.854,25.301,27.746,29.161,32.056,38.077,44.155,52.106,52.804,47.258,41.381,36.292
29.079,27.662,25.218,23.714,22.773,24.882,33.649,40.459,39.779,34.804,30.367,28.087,26.044,25.484,27.918,29.331,32.218,38.232,44.310,52.269,52.952,47.395,41.529,36.433
29.218,27.799,25.382,23.884,22.955,25.056,33.775,40.528,39.851,34.889,30.474,28.188,26.134,25.559,27.959,29.379,32.267,38.300,44.370,52.332,53.039,47.476,41.629,36.524
29.359,27.967,25.532,24.068,23.113,25.208,33.890,40.633,39.960,35.037,30.622,28.352,26.337,25.782,28.198,29.593,32.452,38.420,44.453,52.340,53.047,47.519,41.697,36.655
29.530,28.161,25.714,24.279,23.304,25.394,34.037,40.762,40.093,35.202,30.792,28.536,26.553,26.014,28.440,29.814,32.648,38.563,44.561,52.382,53.072,47.597,41.799,36.812
29.667,28.294,25.863,24.418,23.459,25.542,34.163,40.867,40.198,35.314,30.925,28.678,26.691,26.150,28.563,29.939,32.769,38.674,44.655,52.462,53.147,47.686,41.907,36.923
29.836,28.460,26.061,24.612,23.673,25.737,34.305,40.961,40.300,35.446,31.093,28.857,26.866,26.318,28.701,30.078,32.897,38.781,44.732,52.513,53.194,47.749,42.008,37.031
29.932,28.563,26.168,24.724,23.790,25.854,34.388,41.014,40.347,35.494,31.156,28.925,26.944,26.400,28.775,30.149,32.964,38.837,44.764,52.515,53.211,47.790,42.065,37.110
30.091,28.721,26.351,24.895,23.984,26.031,34.517,41.109,40.446,35.619,31.322,29.113,27.136,26.595,28.952,30.322,33.120,38.949,44.834,52.538,53.211,47.832,42.149,37.218
30.243,28.868,26.534,25.093,24.183,26.197,34.642,41.194,40.565,35.813,31.539,29.331,27.346,26.784,29.112,30.476,33.249,39.054,44.934,52.599,53.280,47.880,42.234,37.289
30.320,28.947,26.609,25.147,24.258,26.284,34.718,41.263,40.608,35.814,31.557,29.362,27.384,26.837,29.167,30.535,33.319,39.118,44.969,52.642,53.281,47.945,42.304,37.384
30.440,29.088,26.747,25.313,24.411,26.436,34.813,41.316,40.657,35.884,31.638,29.452,27.501,26.967,29.292,30.646,33.413,39.179,44.992,52.648,53.300,47.966,42.351,37.481
30.550,29.207,26.861,25.442,24.530,26.554,34.916,41.409,40.752,35.991,31.743,29.559,27.617,27.086,29.413,30.760,33.520,39.275,45.080,52.669,53.355,48.049,42.439,37.585
30.678,29.341,27.011,25.598,24.694,26.706,35.020,41.473,40.818,36.082,31.860,29.688,27.755,27.225,29.536,30.877,33.624,39.350,45.122,52.672,53.357,48.078,42.501,37.672
30.802,29.477,27.137,25.732,24.820,26.831,35.134,41.590,40.935,36.210,31.990,29.829,27.914,27.398,29.721,31.051,33.784,39.475,45.227,52.737,53.409,48.162,42.596,37.799
30.892,29.567,27.234,25.832,24.921,26.924,35.214,41.663,41.015,36.308,32.096,29.940,28.027,27.509,29.828,31.154,33.879,39.555,45.299,52.801,53.457,48.216,42.662,37.870
31.000,29.680,27.342,25.949,25.028,27.026,35.317,41.773,41.133,36.445,32.230,30.078,28.174,27.659,29.986,31.304,34.018,39.672,45.412,52.903,53.539,48.305,42.757,37.975
31.081,29.758,27.424,26.019,25.109,27.108,35.396,41.851,41.205,36.507,32.302,30.155,28.250,27.738,30.063,31.385,34.101,39.751,45.482,52.963,53.598,48.378,42.834,38.056
31.201,29.894,27.552,26.162,25.244,27.242,35.498,41.937,41.286,36.601,32.404,30.271,28.389,27.891,30.222,31.531,34.232,39.845,45.543,52.968,53.605,48.427,42.903,38.168
31.283,29.969,27.649,26.248,25.347,27.333,35.569,41.987,41.344,36.674,32.499,30.371,28.480,27.975,30.288,31.600,34.297,39.903,45.591,53.017,53.641,48.464,42.959,38.215
31.357,30.043,27.719,26.308,25.418,27.416,35.649,42.061,41.398,36.691,32.520,30.391,28.499,27.999,30.311,31.630,34.341,39.966,45.648,53.063,53.724,48.558,43.046,38.308
31.457,30.138,27.826,26.413,25.531,27.531,35.749,42.135,41.469,36.755,32.590,30.454,28.552,28.044,30.338,31.664,34.385,40.034,45.719,53.148,53.837,48.656,43.144,38.393
31.567,30.246,27.949,26.531,25.661,27.650,35.845,42.213,41.551,36.853,32.709,30.582,28.681,28.172,30.455,31.780,34.492,40.121,45.787,53.197,53.872,48.708,43.217,38.474
31.688,30.366,28.083,26.656,25.803,27.787,35.952,42.294,41.628,36.932,32.810,30.692,28.790,28.281,30.550,31.877,34.587,40.206,45.850,53.238,53.919,48.774,43.304,38.570
31.780,30.465,28.174,26.757,25.896,27.888,36.047,42.380,41.706,36.999,32.872,30.749,28.853,28.348,30.618,31.944,34.658,40.287,45.930,53.308,54.016,48.874,43.397,38.673
31.882,30.564,28.282,26.847,26.006,27.993,36.138,42.466,41.787,37.076,32.971,30.864,28.970,28.471,30.738,32.064,34.774,40.380,45.998,53.348,54.042,48.932,43.474,38.763
31.985,30.666,28.398,26.955,26.128,28.107,36.223,42.530,41.850,37.150,33.069,30.975,29.085,28.590,30.848,32.172,34.874,40.453,46.044,53.363,54.047,48.966,43.532,38.838
32.065,30.748,28.481,27.044,26.214,28.195,36.305,42.601,41.920,37.220,33.137,31.038,29.147,28.649,30.902,32.227,34.931,40.521,46.115,53.438,54.137,49.047,43.612,38.916
32.169,30.858,28.586,27.151,26.318,28.292,36.397,42.703,42.027,37.344,33.266,31.179,29.302,28.813,31.076,32.391,35.081,40.634,46.211,53.505,54.175,49.112,43.690,39.016
32.252,30.947,28.676,27.247,26.416,28.398,36.478,42.755,42.066,37.367,33.295,31.207,29.333,28.847,31.101,32.418,35.115,40.680,46.244,53.519,54.229,49.177,43.758,39.097
32.332,31.022,28.751,27.314,26.488,28.473,36.563,42.848,42.156,37.445,33.372,31.282,29.403,28.915,31.170,32.491,35.194,40.769,46.340,53.625,54.338,49.280,43.855,39.184
32.411,31.100,28.829,27.393,26.567,28.556,36.648,42.927,42.233,37.513,33.436,31.338,29.454,28.962,31.211,32.538,35.247,40.842,46.422,53.721,54.452,49.380,43.947,39.266
32.507,31.204,28.920,27.493,26.655,28.647,36.744,43.035,42.340,37.623,33.538,31.443,29.571,29.088,31.351,32.669,35.373,40.952,46.527,53.810,54.534,49.475,44.040,39.376
32.601,31.305,29.019,27.604,26.760,28.752,36.831,43.107,42.410,37.699,33.613,31.519,29.653,29.173,31.433,32.748,35.448,41.025,46.592,53.859,54.598,49.545,44.115,39.464
32.688,31.387,29.101,27.669,26.841,28.847,36.928,43.199,42.481,37.727,33.648,31.551,29.678,29.200,31.456,32.782,35.501,41.104,46.669,53.936,54.712,49.665,44.225,39.570
32.761,31.464,29.159,27.731,26.889,28.900,37.010,43.313,42.597,37.840,33.742,31.645,29.781,29.310,31.587,32.908,35.624,41.219,46.792,54.062,54.820,49.775,44.322,39.672
32.845,31.544,29.254,27.823,26.990,28.995,37.087,43.369,42.655,37.903,33.819,31.723,29.853,29.377,31.639,32.963,35.679,41.276,46.844,54.113,54.877,49.830,44.388,39.733
32.955,31.657,29.373,27.941,27.116,29.119,37.187,43.449,42.731,37.981,33.910,31.819,29.953,29.479,31.734,33.057,35.771,41.359,46.909,54.157,54.930,49.900,44.471,39.829
33.103,31.825,29.526,28.121,27.274,29.273,37.316,43.574,42.860,38.141,34.069,31.991,30.154,29.696,31.965,33.268,35.959,41.496,47.020,54.211,54.968,49.976,44.565,39.971
33.245,31.972,29.687,28.286,27.449,29.444,37.443,43.656,42.937,38.223,34.171,32.097,30.262,29.803,32.051,33.355,36.044,41.580,47.080,54.246,55.030,50.053,44.662,40.081
33.349,32.082,29.807,28.420,27.581,29.570,37.533,43.712,42.997,38.302,34.261,32.187,30.357,29.895,32.130,33.430,36.112,41.641,47.126,54.273,55.070,50.099,44.725,40.157
33.451,32.198,29.900,28.528,27.669,29.663,37.636,43.836,43.120,38.428,34.371,32.302,30.491,30.042,32.300,33.588,36.261,41.767,47.249,54.372,55.159,50.207,44.826,40.284
33.555,32.309,30.010,28.645,27.785,29.778,37.729,43.914,43.194,38.508,34.459,32.396,30.596,30.154,32.410,33.693,36.360,41.849,47.311,54.404,55.197,50.267,44.899,40.379
33.675,32.443,30.131,28.783,27.906,29.896,37.838,44.029,43.314,38.650,34.597,32.545,30.767,30.336,32.608,33.876,36.525,41.974,47.420,54.475,55.247,50.344,44.988,40.500
33.761,32.524,30.222,28.862,27.999,29.987,37.920,44.103,43.384,38.714,34.675,32.627,30.843,30.412,32.675,33.947,36.599,42.048,47.485,54.536,55.310,50.415,45.066,40.576
33.880,32.653,30.341,29.001,28.118,30.100,38.033,44.225,43.519,38.879,34.830,32.785,31.015,30.587,32.863,34.123,36.758,42.180,47.615,54.654,55.402,50.511,45.167,40.693
34.015,32.782,30.472,29.126,28.248,30.233,38.175,44.369,43.661,39.010,34.957,32.906,31.126,30.694,32.965,34.231,36.875,42.318,47.766,54.825,55.583,50.677,45.323,40.833
34.180,32.947,30.655,29.300,28.437,30.405,38.315,44.491,43.791,39.169,35.148,33.117,31.344,30.915,33.178,34.438,37.063,42.458,47.871,54.892,55.613,50.744,45.426,40.957
34.322,33.088,30.813,29.463,28.605,30.567,38.449,44.591,43.895,39.286,35.276,33.241,31.463,31.025,33.268,34.531,37.155,42.559,47.968,54.990,55.727,50.849,45.543,41.069
34.429,33.182,30.904,29.533,28.684,30.650,38.574,44.751,44.053,39.423,35.404,33.365,31.572,31.130,33.381,34.652,37.289,42.713,48.144,55.204,55.927,51.028,45.703,41.201
34.577,33.345,31.062,29.720,28.851,30.810,38.704,44.863,44.174,39.577,35.558,33.523,31.750,31.313,33.566,34.823,37.441,42.834,48.249,55.275,55.993,51.111,45.802,41.330
34.713,33.489,31.201,29.872,28.992,30.951,38.837,44.991,44.306,39.721,35.696,33.660,31.893,31.458,33.713,34.965,37.577,42.964,48.378,55.396,56.116,51.234,45.927,41.464
34.849,33.626,31.336,30.003,29.123,31.075,38.968,45.138,44.459,39.888,35.866,33.841,32.081,31.651,33.916,35.161,37.763,43.121,48.526,55.530,56.216,51.351,46.052,41.599
34.987,33.757,31.480,30.146,29.271,31.219,39.106,45.262,44.587,40.021,36.004,33.971,32.199,31.758,34.009,35.260,37.866,43.242,48.656,55.683,56.376,51.490,46.191,41.719
35.110,33.871,31.601,30.251,29.392,31.348,39.239,45.388,44.702,40.107,36.094,34.056,32.271,31.825,34.065,35.329,37.951,43.358,48.779,55.823,56.543,51.646,46.339,41.849
35.257,34.010,31.740,30.381,29.523,31.475,39.393,45.567,44.889,40.297,36.277,34.238,32.444,31.994,34.241,35.506,38.129,43.538,48.976,56.046,56.740,51.827,46.512,42.003
35.434,34.194,31.900,30.555,29.669,31.617,39.573,45.800,45.137,40.573,36.530,34.496,32.720,32.279,34.560,35.810,38.414,43.782,49.229,56.295,56.929,52.023,46.700,42.205
35.645,34.392,32.135,30.767,29.913,31.839,39.762,45.960,45.309,40.773,36.770,34.750,32.960,32.508,34.763,36.017,38.611,43.957,49.383,56.443,57.044,52.149,46.862,42.357
35.869,34.612,32.363,30.996,30.147,32.077,39.992,46.168,45.512,40.962,36.959,34.928,33.126,32.665,34.904,36.167,38.774,44.155,49.591,56.672,57.309,52.391,47.097,42.575
36.067,34.791,32.563,31.171,30.348,32.285,40.204,46.361,45.695,41.110,37.115,35.069,33.238,32.761,34.974,36.259,38.893,44.333,49.788,56.916,57.594,52.641,47.334,42.769
36.280,34.980,32.783,31.375,30.571,32.500,40.429,46.570,45.915,41.328,37.339,35.274,33.403,32.897,35.079,36.385,39.035,44.533,50.024,57.229,57.918,52.901,47.583,42.954
36.501,35.227,32.994,31.644,30.779,32.709,40.654,46.821,46.188,41.647,37.610,35.533,33.689,33.187,35.399,36.681,39.310,44.788,50.302,57.509,58.180,53.141,47.806,43.197
36.734,35.458,33.246,31.898,31.045,32.965,40.873,46.999,46.370,41.846,37.828,35.752,33.901,33.391,35.578,36.863,39.489,44.969,50.471,57.674,58.357,53.316,48.000,43.389
37.072,35.788,33.619,32.292,31.449,33.370,41.214,47.233,46.603,42.074,38.067,35.950,34.062,33.511,35.627,36.938,39.591,45.179,50.708,57.977,58.777,53.651,48.330,43.665
37.368,36.035,33.951,32.577,31.800,33.700,41.510,47.450,46.831,42.296,38.339,36.197,34.233,33.626,35.656,37.011,39.697,45.383,50.944,58.322,59.162,53.946,48.638,43.866
37.622,36.303,34.210,32.878,32.063,33.949,41.755,47.699,47.109,42.638,38.659,36.512,34.562,33.949,35.988,37.325,39.985,45.644,51.217,58.601,59.405,54.168,48.865,44.100
37.869,36.514,34.458,33.089,32.306,34.183,42.021,47.967,47.389,42.907,38.937,36.772,34.771,34.126,36.135,37.499,40.182,45.903,51.522,59.003,59.799,54.491,49.172,44.325
38.146,36.778,34.724,33.349,32.561,34.437,42.317,48.293,47.728,43.249,39.259,37.080,35.061,34.401,36.413,37.784,40.475,46.224,51.882,59.425,60.201,54.845,49.504,44.614
38.535,37.169,35.077,33.692,32.885,34.762,42.719,48.794,48.237,43.762,39.743,37.580,35.580,34.942,37.010,38.366,41.042,46.737,52.406,59.942,60.630,55.299,49.940,45.065
38.937,37.563,35.497,34.145,33.317,35.170,43.121,49.170,48.656,44.251,40.217,38.026,36.000,35.322,37.361,38.719,41.386,47.116,52.835,60.456,61.127,55.703,50.342,45.408
39.605,38.272,36.196,34.977,34.047,35.880,43.776,49.759,49.304,45.029,40.934,38.696,36.688,35.980,38.000,39.329,41.958,47.709,53.477,61.144,61.845,56.319,50.950,46.015
40.193,38.879,36.737,35.524,34.552,36.391,44.374,50.485,50.037,45.774,41.635,39.424,37.462,36.794,38.902,40.199,42.798,48.453,54.220,61.839,62.429,56.961,51.575,46.693
41.374,39.811,37.973,36.469,35.796,37.594,45.656,51.629,51.197,46.774,42.778,40.450,38.131,37.237,39.058,40.571,43.369,49.511,55.504,63.711,64.419,58.523,53.080,47.658
42.906,41.197,39.638,38.066,37.547,39.282,47.216,52.865,52.497,48.099,44.205,41.728,39.139,38.017,39.517,41.181,44.098,50.679,56.859,65.538,66.476,60.136,54.689,48.856
44.908,43.142,41.709,40.239,39.689,41.415,49.293,54.702,54.401,50.045,46.079,43.405,40.635,39.324,40.612,42.371,45.388,52.419,58.857,67.993,69.235,62.409,56.853,50.690
