17.276,12.911,11.835,10.509,9.815,9.216,7.938,17.788,23.785,29.431,28.645,24.062,21.675,20.491,21.473,24.597,26.896,31.924,32.004,26.180,21.794,18.272,18.431,12.788
21.576,18.103,16.719,15.430,14.803,14.021,13.495,22.121,27.244,31.946,30.950,27.886,25.772,24.733,25.611,28.470,30.665,35.185,35.296,30.848,26.658,23.379,23.081,17.630
23.409,20.656,18.595,17.419,17.182,15.725,15.986,24.076,28.360,32.524,31.188,29.109,27.248,26.629,27.512,30.222,32.407,36.696,36.536,33.212,29.690,26.036,25.177,19.856
24.773,22.206,20.134,19.014,18.797,17.302,17.722,25.422,29.450,33.420,32.085,30.197,28.409,27.922,28.804,31.389,33.515,37.644,37.341,34.263,30.960,27.329,26.406,21.362
25.536,23.101,20.970,19.890,19.685,18.114,18.715,26.178,30.027,33.894,32.531,30.781,29.025,28.682,29.590,32.098,34.212,38.268,37.780,34.879,31.748,28.042,27.032,22.192
26.595,24.155,22.245,21.186,20.870,19.503,20.011,27.177,31.003,34.787,33.540,31.738,29.992,29.627,30.515,32.928,34.969,38.895,38.393,35.437,32.299,28.796,27.903,23.306
27.460,25.040,23.259,22.212,21.847,20.606,21.040,28.011,31.802,35.499,34.319,32.532,30.812,30.402,31.259,33.613,35.597,39.421,38.974,36.027,32.879,29.541,28.721,24.235
28.108,25.779,24.001,22.964,22.586,21.353,21.863,28.651,32.342,35.935,34.752,33.102,31.408,31.029,31.880,34.186,36.149,39.902,39.425,36.606,33.495,30.197,29.344,24.944
28.715,26.433,24.695,23.688,23.312,22.098,22.617,29.242,32.845,36.373,35.218,33.579,31.916,31.578,32.423,34.669,36.592,40.267,39.746,36.976,33.962,30.706,29.868,25.611
29.088,26.806,25.116,24.118,23.721,22.546,23.049,29.601,33.191,36.702,35.573,33.915,32.256,31.922,32.766,34.986,36.891,40.535,39.996,37.214,34.215,30.997,30.185,25.999
29.427,27.191,25.496,24.511,24.123,22.939,23.474,29.937,33.465,36.927,35.799,34.188,32.549,32.241,33.082,35.274,37.163,40.767,40.205,37.484,34.537,31.329,30.503,26.374
29.850,27.615,25.974,25.005,24.608,23.464,23.963,30.346,33.850,37.290,36.195,34.548,32.922,32.619,33.452,35.612,37.472,41.031,40.464,37.728,34.821,31.661,30.871,26.826
30.131,27.922,26.288,25.333,24.938,23.792,24.311,30.620,34.080,37.491,36.402,34.770,33.156,32.881,33.714,35.848,37.695,41.223,40.623,37.918,35.058,31.904,31.111,27.131
30.327,28.139,26.474,25.525,25.162,23.982,24.509,30.825,34.256,37.653,36.552,34.938,33.340,33.071,33.900,36.033,37.876,41.396,40.808,38.137,35.313,32.147,31.339,27.347
30.475,28.351,26.592,25.653,25.369,24.095,24.665,30.997,34.351,37.705,36.559,35.030,33.469,33.217,34.034,36.171,38.010,41.516,40.960,38.400,35.650,32.447,31.586,27.541
30.708,28.518,26.849,25.913,25.581,24.384,24.884,31.209,34.622,38.021,36.925,35.274,33.692,33.427,34.250,36.377,38.205,41.713,41.137,38.459,35.685,32.520,31.725,27.746
31.056,28.823,27.261,26.323,25.932,24.839,25.265,31.532,34.989,38.394,37.352,35.633,34.037,33.739,34.555,36.663,38.470,41.953,41.391,38.632,35.810,32.731,32.004,28.087
31.258,29.034,27.485,26.552,26.157,25.073,25.502,31.729,35.169,38.547,37.495,35.809,34.219,33.928,34.744,36.838,38.638,42.103,41.530,38.780,35.975,32.907,32.184,28.300
31.386,29.230,27.644,26.719,26.365,25.249,25.701,31.867,35.232,38.559,37.525,35.882,34.330,34.033,34.827,36.907,38.688,42.107,41.585,38.946,36.178,33.140,32.390,28.488
31.657,29.428,27.941,27.010,26.590,25.567,25.951,32.114,35.556,38.922,37.920,36.193,34.608,34.291,35.094,37.169,38.946,42.376,41.832,39.066,36.243,33.248,32.563,28.717
31.890,29.688,28.236,27.309,26.855,25.870,26.277,32.334,35.749,39.072,38.085,36.401,34.819,34.511,35.313,37.360,39.126,42.520,41.952,39.216,36.390,33.432,32.749,28.969
32.056,29.870,28.426,27.494,27.033,26.064,26.471,32.499,35.906,39.203,38.216,36.574,34.997,34.671,35.465,37.509,39.270,42.649,42.110,39.401,36.551,33.624,32.942,29.148
32.180,30.016,28.539,27.615,27.170,26.162,26.613,32.627,36.001,39.291,38.289,36.665,35.094,34.805,35.608,37.645,39.410,42.790,42.205,39.529,36.724,33.755,33.045,29.278
32.290,30.141,28.655,27.734,27.299,26.284,26.737,32.739,36.096,39.370,38.364,36.762,35.199,34.908,35.705,37.739,39.499,42.868,42.298,39.646,36.851,33.890,33.176,29.402
32.488,30.297,28.892,27.973,27.514,26.571,26.938,32.922,36.314,39.547,38.500,36.955,35.391,35.064,35.850,37.873,39.610,42.958,42.424,39.696,36.882,33.992,33.341,29.602
32.568,30.379,28.975,28.052,27.584,26.619,27.023,33.001,36.363,39.587,38.510,37.049,35.481,35.152,35.938,37.963,39.704,43.055,42.518,39.796,36.965,34.077,33.421,29.678
32.624,30.570,29.018,28.092,27.680,26.646,27.161,33.088,36.397,39.599,38.576,37.076,35.541,35.256,36.042,38.068,39.830,43.167,42.620,40.124,37.333,34.376,33.595,29.784
32.711,30.696,29.090,28.165,27.770,26.659,27.267,33.185,36.423,39.658,38.639,37.154,35.623,35.367,36.160,38.187,39.961,43.303,42.728,40.297,37.527,34.526,33.699,29.878
32.760,30.737,29.120,28.196,27.810,26.685,27.293,33.236,36.479,39.680,38.643,37.202,35.670,35.421,36.217,38.249,40.027,43.380,42.796,40.355,37.597,34.576,33.747,29.920
32.849,30.837,29.189,28.268,27.904,26.748,27.370,33.333,36.561,39.739,38.717,37.283,35.757,35.516,36.313,38.350,40.132,43.490,42.908,40.440,37.680,34.707,33.860,30.014
33.156,31.072,29.590,28.678,28.220,27.210,27.743,33.596,36.878,40.084,39.076,37.568,36.016,35.770,36.573,38.567,40.319,43.641,43.004,40.489,37.750,34.726,33.980,30.301
33.275,31.208,29.724,28.818,28.362,27.348,27.893,33.713,36.974,40.162,39.154,37.663,36.118,35.882,36.684,38.668,40.414,43.722,43.076,40.533,37.791,34.841,34.090,30.434
33.361,31.312,29.821,28.917,28.466,27.445,28.007,33.800,37.039,40.209,39.197,37.732,36.193,35.965,36.767,38.743,40.486,43.783,43.130,40.614,37.886,34.936,34.176,30.531
33.496,31.424,29.976,29.075,28.600,27.616,28.152,33.923,37.180,40.361,39.373,37.861,36.316,36.087,36.891,38.857,40.593,43.884,43.215,40.656,37.924,34.994,34.261,30.659
33.618,31.534,30.118,29.219,28.726,27.770,28.289,34.037,37.302,40.487,39.516,37.977,36.427,36.198,37.004,38.960,40.690,43.972,43.293,40.708,37.972,35.060,34.347,30.778
33.689,31.634,30.184,29.287,28.820,27.831,28.373,34.116,37.349,40.512,39.523,38.029,36.493,36.270,37.071,39.027,40.756,44.031,43.363,40.828,38.115,35.192,34.456,30.868
33.769,31.729,30.250,29.359,28.913,27.892,28.455,34.202,37.412,40.571,39.549,38.086,36.557,36.353,37.156,39.111,40.841,44.116,43.434,40.923,38.243,35.295,34.541,30.956
33.847,31.820,30.327,29.436,28.994,27.962,28.541,34.283,37.483,40.632,39.569,38.164,36.638,36.437,37.240,39.195,40.927,44.201,43.519,41.030,38.352,35.397,34.632,31.039
33.938,31.904,30.423,29.532,29.087,28.066,28.629,34.373,37.579,40.730,39.622,38.257,36.731,36.521,37.321,39.277,41.006,44.277,43.606,41.105,38.421,35.479,34.724,31.130
34.012,32.025,30.495,29.603,29.179,28.117,28.734,34.456,37.619,40.734,39.703,38.317,36.804,36.608,37.407,39.361,41.095,44.359,43.687,41.264,38.596,35.634,34.837,31.223
34.119,32.129,30.623,29.730,29.289,28.251,28.861,34.558,37.727,40.772,39.727,38.429,36.913,36.710,37.507,39.455,41.185,44.441,43.771,41.341,38.657,35.717,34.931,31.332
34.184,32.223,30.685,29.794,29.365,28.298,28.947,34.629,37.767,40.835,39.815,38.478,36.969,36.785,37.584,39.530,41.264,44.516,43.830,41.445,38.782,35.820,35.007,31.407
34.264,32.307,30.765,29.877,29.454,28.308,29.033,34.708,37.838,40.858,39.821,38.545,37.040,36.861,37.660,39.603,41.335,44.583,43.893,41.516,38.865,35.900,35.085,31.492
34.374,32.398,30.778,29.889,29.558,28.381,29.137,34.813,37.846,40.924,39.886,38.620,37.157,36.962,37.760,39.702,41.429,44.677,43.998,41.589,38.918,35.976,35.183,31.596
34.397,32.494,30.885,29.995,29.636,28.513,29.165,34.891,37.964,41.060,40.037,38.668,37.217,37.047,37.814,39.788,41.520,44.767,44.076,41.703,39.044,36.083,35.266,31.675
34.448,32.590,30.955,30.065,29.697,28.568,29.225,34.936,38.020,41.102,40.060,38.734,37.227,37.054,37.847,39.807,41.564,44.804,44.133,41.812,39.179,36.200,35.356,31.752
34.512,32.668,31.015,30.129,29.721,28.619,29.309,34.963,38.058,41.117,40.064,38.777,37.282,37.116,37.915,39.854,41.587,44.827,44.194,41.868,39.236,36.267,35.430,31.757
34.592,32.675,31.102,30.218,29.807,28.713,29.396,35.041,38.135,41.192,40.142,38.852,37.358,37.189,37.986,39.922,41.652,44.886,44.260,41.955,39.365,36.356,35.497,31.839
34.676,32.768,31.172,30.295,29.901,28.772,29.487,35.129,38.199,41.257,40.191,38.909,37.418,37.282,38.088,40.019,41.753,44.990,44.267,42.183,39.637,36.597,35.648,31.927
34.813,32.968,31.304,30.432,30.078,28.884,29.667,35.280,38.281,41.291,40.193,39.007,37.539,37.429,38.231,40.157,41.894,45.116,44.382,42.248,39.679,36.650,35.685,32.096
34.932,33.056,31.430,30.555,30.172,29.003,29.773,35.390,38.425,41.447,40.330,39.146,37.663,37.547,38.355,40.281,42.018,45.248,44.501,42.315,39.779,36.687,35.762,32.195
34.967,33.129,31.442,30.572,30.221,29.014,29.818,35.438,38.430,41.459,40.335,39.158,37.686,37.600,38.412,40.340,42.086,45.319,44.550,42.361,39.832,36.755,35.824,32.243
35.043,33.245,31.510,30.642,30.312,29.050,29.918,35.523,38.475,41.468,40.378,39.216,37.754,37.690,38.506,40.431,42.183,45.415,44.629,42.504,40.001,36.893,35.923,32.333
35.135,33.324,31.612,30.747,30.407,29.162,30.015,35.609,38.568,41.567,40.443,39.299,37.834,37.773,38.590,40.510,42.257,45.484,44.687,42.538,40.040,36.940,35.984,32.422
35.204,33.396,31.677,30.813,30.483,29.231,30.080,35.681,38.635,41.634,40.507,39.363,37.902,37.839,38.654,40.574,42.320,45.545,44.758,42.613,40.123,37.023,36.067,32.497
35.340,33.514,31.832,30.973,30.629,29.406,30.227,35.807,38.771,41.776,40.670,39.485,38.022,37.957,38.772,40.682,42.417,45.632,44.837,42.658,40.172,37.093,36.163,32.632
35.428,33.598,31.903,31.042,30.707,29.473,30.290,35.900,38.871,41.885,40.773,39.584,38.121,38.051,38.864,40.783,42.523,45.747,44.964,42.783,40.293,37.206,36.273,32.716
35.520,33.668,32.003,31.139,30.789,29.585,30.371,35.985,38.981,42.005,40.909,39.691,38.222,38.134,38.944,40.864,42.599,45.824,45.057,42.841,40.328,37.266,36.356,32.799
35.600,33.770,32.075,31.212,30.879,29.647,30.457,36.073,39.048,42.059,40.946,39.764,38.303,38.221,39.030,40.953,42.691,45.916,45.152,42.973,40.472,37.395,36.464,32.890
35.706,33.855,32.171,31.306,30.961,29.739,30.541,36.176,39.173,42.206,41.099,39.886,38.413,38.333,39.148,41.075,42.819,46.057,45.278,43.067,40.555,37.470,36.547,32.978
35.773,33.920,32.225,31.360,31.024,29.789,30.593,36.246,39.243,42.283,41.171,39.953,38.481,38.405,39.221,41.152,42.899,46.144,45.363,43.151,40.646,37.547,36.620,33.042
35.885,34.007,32.339,31.474,31.125,29.913,30.690,36.352,39.374,42.435,41.338,40.072,38.592,38.511,39.330,41.261,43.005,46.255,45.468,43.211,40.700,37.609,36.703,33.142
35.961,34.082,32.394,31.533,31.199,29.962,30.748,36.432,39.448,42.522,41.417,40.138,38.658,38.593,39.417,41.351,43.100,46.359,45.556,43.297,40.810,37.690,36.775,33.215
36.010,34.140,32.431,31.571,31.253,29.995,30.791,36.486,39.491,42.561,41.446,40.181,38.706,38.645,39.468,41.405,43.155,46.416,45.618,43.378,40.903,37.770,36.844,33.269
36.153,34.252,32.581,31.725,31.391,30.162,30.924,36.620,39.649,42.743,41.651,40.320,38.837,38.775,39.602,41.534,43.278,46.540,45.727,43.431,40.958,37.837,36.940,33.400
36.236,34.343,32.642,31.789,31.478,30.216,30.992,36.710,39.725,42.822,41.716,40.390,38.913,38.864,39.692,41.628,43.376,46.644,45.827,43.546,41.099,37.950,37.038,33.486
36.342,34.458,32.758,31.909,31.596,30.334,31.118,36.815,39.817,42.905,41.801,40.482,39.007,38.967,39.796,41.725,43.470,46.730,45.900,43.630,41.194,38.046,37.131,33.598
36.441,34.542,32.861,32.012,31.693,30.447,31.209,36.910,39.927,43.025,41.931,40.584,39.107,39.058,39.886,41.814,43.556,46.815,45.992,43.695,41.254,38.118,37.220,33.693
36.575,34.645,32.999,32.150,31.806,30.590,31.332,37.034,40.079,43.202,42.126,40.727,39.236,39.190,40.024,41.950,43.692,46.959,46.112,43.764,41.312,38.179,37.304,33.807
36.693,34.749,33.119,32.268,31.916,30.717,31.440,37.150,40.211,43.344,42.277,40.856,39.360,39.304,40.138,42.066,43.807,47.076,46.236,43.863,41.398,38.277,37.415,33.919
36.818,34.835,33.250,32.398,32.031,30.870,31.539,37.266,40.365,43.524,42.482,40.994,39.490,39.413,40.245,42.174,43.907,47.179,46.354,43.917,41.434,38.340,37.517,34.032
36.958,34.975,33.396,32.545,32.179,31.024,31.683,37.406,40.503,43.657,42.619,41.129,39.629,39.546,40.373,42.301,44.030,47.295,46.483,44.045,41.562,38.480,37.663,34.177
37.026,35.056,33.438,32.589,32.248,31.054,31.733,37.483,40.566,43.721,42.664,41.191,39.696,39.624,40.454,42.388,44.123,47.398,46.584,44.171,41.710,38.598,37.758,34.248
37.200,35.211,33.616,32.770,32.414,31.235,31.908,37.650,40.743,43.917,42.873,41.358,39.855,39.796,40.633,42.561,44.296,47.574,46.727,44.279,41.825,38.707,37.881,34.410
37.301,35.340,33.707,32.865,32.520,31.304,32.028,37.756,40.820,43.982,42.918,41.442,39.942,39.914,40.759,42.684,44.427,47.708,46.824,44.419,41.993,38.836,37.977,34.515
37.400,35.461,33.810,32.969,32.624,31.391,32.153,37.857,40.898,44.046,42.970,41.531,40.032,40.024,40.875,42.794,44.542,47.820,46.909,44.538,42.123,38.947,38.067,34.618
37.498,35.597,33.890,33.049,32.736,31.454,32.256,37.969,40.974,44.098,42.993,41.620,40.135,40.135,40.983,42.909,44.662,47.940,47.041,44.737,42.341,39.140,38.221,34.734
37.638,35.744,34.031,33.187,32.863,31.578,32.408,38.107,41.111,44.232,43.122,41.767,40.276,40.289,41.143,43.068,44.829,48.113,47.189,44.894,42.493,39.277,38.345,34.867
37.723,35.829,34.097,33.256,32.955,31.649,32.469,38.199,41.197,44.324,43.207,41.845,40.360,40.370,41.221,43.153,44.913,48.200,47.293,45.002,42.618,39.392,38.457,34.957
37.873,35.963,34.234,33.400,33.095,31.781,32.610,38.345,41.348,44.501,43.387,41.981,40.487,40.526,41.390,43.317,45.081,48.380,47.422,45.101,42.743,39.485,38.552,35.091
38.021,36.085,34.389,33.558,33.242,31.954,32.749,38.485,41.507,44.677,43.584,42.123,40.625,40.660,41.524,43.446,45.204,48.500,47.537,45.170,42.814,39.571,38.665,35.232
38.194,36.243,34.550,33.727,33.414,32.117,32.911,38.656,41.680,44.874,43.786,42.275,40.773,40.832,41.707,43.624,45.382,48.686,47.683,45.285,42.964,39.692,38.792,35.396
38.393,36.406,34.752,33.923,33.584,32.326,33.084,38.847,41.913,45.133,44.064,42.506,40.989,41.029,41.905,43.827,45.586,48.900,47.905,45.451,43.092,39.841,38.970,35.574
38.552,36.616,34.929,34.104,33.770,32.483,33.308,39.009,42.022,45.200,44.111,42.635,41.128,41.198,42.078,43.987,45.748,49.045,48.016,45.639,43.307,40.037,39.126,35.754
38.804,36.860,35.217,34.390,34.022,32.782,33.593,39.248,42.274,45.445,44.376,42.893,41.379,41.440,42.320,44.217,45.971,49.255,48.221,45.824,43.465,40.231,39.340,36.003
39.005,37.061,35.426,34.598,34.214,32.982,33.808,39.446,42.474,45.646,44.579,43.098,41.577,41.648,42.534,44.426,46.185,49.470,48.412,46.012,43.647,40.408,39.515,36.197
39.197,37.327,35.605,34.776,34.413,33.108,34.049,39.653,42.614,45.740,44.622,43.277,41.766,41.881,42.775,44.668,46.445,49.732,48.631,46.354,44.015,40.714,39.741,36.405
39.376,37.529,35.798,34.966,34.594,33.285,34.263,39.832,42.775,45.880,44.754,43.456,41.945,42.071,42.969,44.855,46.637,49.919,48.800,46.558,44.214,40.907,39.916,36.589
39.599,37.725,36.025,35.194,34.814,33.530,34.470,40.048,43.014,46.136,45.028,43.682,42.166,42.279,43.175,45.061,46.836,50.118,49.009,46.723,44.372,41.085,40.121,36.805
39.826,37.947,36.231,35.398,35.026,33.728,34.669,40.280,43.255,46.389,45.273,43.922,42.403,42.516,43.413,45.309,47.091,50.386,49.280,46.989,44.636,41.333,40.363,37.024
40.124,38.239,36.533,35.700,35.333,34.044,34.960,40.578,43.559,46.692,45.583,44.220,42.705,42.803,43.694,45.591,47.366,50.656,49.576,47.276,44.919,41.634,40.677,37.328
40.606,38.627,37.058,36.218,35.747,34.587,35.435,41.024,44.103,47.302,46.260,44.753,43.190,43.276,44.185,46.069,47.844,51.147,50.007,47.542,45.111,41.873,40.997,37.749
40.942,38.895,37.380,36.550,36.076,34.948,35.713,41.349,44.476,47.736,46.731,45.075,43.502,43.584,44.497,46.380,48.142,51.456,50.307,47.725,45.317,42.087,41.269,38.063
41.368,39.255,37.807,36.969,36.470,35.406,36.078,41.764,44.963,48.267,47.297,45.545,43.957,43.989,44.893,46.789,48.543,51.868,50.769,48.086,45.624,42.446,41.688,38.464
41.644,39.607,38.040,37.196,36.762,35.597,36.349,42.072,45.209,48.462,47.428,45.824,44.263,44.299,45.193,47.110,48.881,52.213,51.159,48.616,46.170,42.944,42.106,38.772
42.270,40.199,38.694,37.840,37.318,36.219,37.003,42.674,45.860,49.145,48.134,46.498,44.893,44.955,45.878,47.784,49.574,52.926,51.772,49.162,46.660,43.424,42.598,39.346
43.052,41.053,39.372,38.502,38.036,36.786,37.729,43.496,46.638,49.916,48.805,47.333,45.727,45.836,46.778,48.729,50.575,53.991,52.801,50.332,47.833,44.451,43.495,40.111
44.725,42.507,41.120,40.184,39.410,38.484,39.334,45.091,48.540,51.978,50.987,49.305,47.541,47.577,48.571,50.542,52.438,55.950,54.645,51.814,48.962,45.679,44.865,41.581
47.309,44.302,43.928,42.904,41.564,41.619,41.516,47.464,51.785,55.711,55.236,52.401,50.370,49.951,50.926,52.929,54.743,58.345,57.269,53.141,49.586,46.940,46.879,43.804
