21.092,20.839,16.715,16.156,16.814,18.248,25.064,37.520,40.714,41.059,39.076,39.019,37.849,38.501,39.681,38.703,38.779,40.556,33.547,28.870,20.503,15.929,12.583,4.178
24.840,23.997,20.694,20.006,20.456,21.982,29.257,40.391,43.347,43.504,41.740,41.486,40.373,41.070,41.973,41.152,41.358,43.069,36.315,31.670,24.340,19.985,17.059,9.303
27.135,25.855,23.574,22.744,22.926,24.693,32.721,42.819,45.540,45.112,43.527,42.833,41.739,42.450,43.063,42.162,42.486,44.191,38.068,33.559,26.992,22.570,20.088,12.795
28.095,26.658,24.594,23.783,23.900,25.699,33.761,43.592,46.212,45.651,44.161,43.430,42.315,42.982,43.544,42.692,43.026,44.675,38.731,34.324,28.050,23.649,21.293,14.159
28.969,27.433,25.393,24.694,24.786,26.558,34.339,44.090,46.589,45.955,44.587,43.950,42.778,43.334,43.921,43.178,43.473,45.007,39.242,35.028,29.008,24.661,22.382,15.371
29.828,28.258,26.227,25.638,25.719,27.431,34.828,44.416,46.786,46.122,44.866,44.333,43.131,43.586,44.197,43.555,43.808,45.223,39.675,35.682,29.926,25.689,23.488,16.664
30.510,28.867,26.998,26.322,26.380,28.081,35.598,44.753,47.111,46.528,45.270,44.684,43.554,44.086,44.613,43.989,44.293,45.735,40.148,36.081,30.528,26.416,24.289,17.663
30.966,29.293,27.543,26.866,26.895,28.610,36.136,45.136,47.446,46.790,45.565,44.938,43.812,44.332,44.830,44.200,44.510,45.935,40.476,36.471,31.034,26.937,24.873,18.338
31.407,29.713,27.965,27.363,27.381,29.078,36.404,45.389,47.625,46.910,45.753,45.179,44.018,44.465,44.986,44.404,44.683,46.038,40.724,36.856,31.540,27.465,25.441,18.971
31.839,30.266,28.548,27.880,27.924,29.554,36.772,45.400,47.642,47.073,45.872,45.278,44.217,44.742,45.220,44.610,44.913,46.280,40.999,37.116,31.858,27.951,25.947,19.673
32.104,30.410,28.797,28.195,28.189,29.866,37.085,45.756,47.918,47.171,46.057,45.458,44.328,44.767,45.248,44.674,44.958,46.298,41.146,37.382,32.263,28.283,26.347,20.077
32.434,31.018,29.271,28.653,28.716,30.294,37.210,45.769,47.958,47.370,46.183,45.611,44.568,45.052,45.556,44.917,45.184,46.530,41.452,37.733,32.487,28.646,26.660,20.493
32.661,31.199,29.541,28.908,28.947,30.549,37.546,46.023,48.194,47.556,46.384,45.773,44.730,45.218,45.696,45.051,45.330,46.677,41.642,37.926,32.743,28.891,26.942,20.808
32.826,31.413,29.742,29.121,29.167,30.755,37.672,46.136,48.296,47.656,46.484,45.878,44.842,45.321,45.806,45.151,45.421,46.759,41.779,38.105,32.915,29.080,27.132,21.022
33.073,31.666,29.967,29.353,29.409,30.973,37.819,46.243,48.398,47.802,46.634,46.057,45.029,45.463,45.998,45.364,45.630,46.879,41.963,38.296,33.135,29.340,27.391,21.315
33.258,31.807,30.075,29.576,29.652,31.180,37.894,46.273,48.427,47.861,46.705,46.148,45.145,45.508,46.037,45.489,45.695,46.959,42.102,38.460,33.286,29.547,27.589,21.561
33.360,31.929,30.188,29.654,29.666,31.270,37.904,46.473,48.609,47.886,46.846,46.374,45.185,45.633,46.130,45.504,45.748,47.075,42.111,38.691,33.589,29.713,27.804,21.624
33.560,32.238,30.460,29.877,29.960,31.469,38.091,46.634,48.708,48.080,46.916,46.397,45.384,45.849,46.363,45.745,45.992,47.294,42.342,38.740,33.648,29.872,27.912,21.900
33.728,32.331,30.564,30.015,30.083,31.603,38.212,46.672,48.742,48.170,47.046,46.552,45.505,45.928,46.432,45.867,46.095,47.316,42.449,38.880,33.795,30.056,28.114,22.093
33.832,32.450,30.683,30.134,30.205,31.714,38.289,46.677,48.775,48.195,47.093,46.602,45.552,45.932,46.455,45.877,46.115,47.385,42.520,38.962,33.891,30.174,28.236,22.242
34.058,32.611,30.976,30.463,30.491,32.028,38.580,46.866,48.892,48.216,47.138,46.619,45.564,45.993,46.514,45.938,46.175,47.442,42.585,39.142,34.224,30.489,28.630,22.713
34.157,32.659,31.035,30.521,30.541,32.090,38.696,46.996,49.024,48.322,47.273,46.756,45.677,46.052,46.552,46.004,46.237,47.458,42.689,39.223,34.319,30.574,28.692,22.729
34.216,32.740,31.091,30.529,30.564,32.110,38.806,47.099,49.176,48.546,47.451,46.919,45.869,46.294,46.783,46.215,46.467,47.730,42.847,39.289,34.324,30.579,28.718,22.783
34.341,32.806,31.225,30.649,30.665,32.229,38.953,47.219,49.285,48.629,47.549,46.993,45.943,46.374,46.839,46.280,46.545,47.809,42.930,39.358,34.456,30.714,28.857,22.922
34.424,32.861,31.264,30.723,30.754,32.296,39.003,47.244,49.303,48.665,47.594,47.084,46.021,46.426,46.920,46.380,46.626,47.868,42.995,39.460,34.537,30.804,28.927,22.977
34.493,32.916,31.394,30.777,30.759,32.374,39.371,47.536,49.609,48.895,47.818,47.198,46.143,46.596,47.023,46.454,46.746,48.034,43.126,39.492,34.632,30.843,29.015,23.065
34.590,32.925,31.495,30.855,30.827,32.460,39.554,47.695,49.778,49.058,47.975,47.329,46.279,46.750,47.160,46.585,46.891,48.195,43.254,39.579,34.726,30.922,29.101,23.143
34.674,32.961,31.552,30.910,30.872,32.519,39.670,47.822,49.901,49.101,48.076,47.444,46.372,46.774,47.206,46.668,46.948,48.196,43.342,39.652,34.819,30.997,29.182,23.208
34.815,33.113,31.688,31.115,31.072,32.707,39.681,47.874,49.905,49.139,48.093,47.467,46.382,46.817,47.254,46.692,47.002,48.240,43.368,39.802,35.026,31.204,29.412,23.465
34.926,33.207,31.773,31.222,31.178,32.808,39.732,47.942,49.951,49.168,48.134,47.546,46.437,46.850,47.259,46.741,47.012,48.306,43.433,39.898,35.151,31.331,29.545,23.604
35.036,33.260,31.904,31.323,31.231,32.912,39.949,48.083,50.097,49.276,48.268,47.645,46.545,46.948,47.363,46.840,47.130,48.374,43.545,39.969,35.258,31.425,29.663,23.644
35.118,33.273,31.969,31.335,31.263,32.987,39.957,48.162,50.160,49.317,48.324,47.727,46.609,46.980,47.417,46.902,47.173,48.395,43.611,40.087,35.344,31.434,29.668,23.743
35.177,33.373,32.066,31.423,31.367,33.009,40.039,48.215,50.211,49.369,48.375,47.773,46.661,47.035,47.469,46.949,47.221,48.444,43.675,40.113,35.367,31.532,29.760,23.821
35.196,33.462,32.088,31.517,31.461,33.100,40.170,48.323,50.315,49.455,48.467,47.851,46.736,47.113,47.536,47.018,47.296,48.521,43.753,40.157,35.443,31.618,29.851,23.928
35.280,33.516,32.154,31.597,31.531,33.183,40.322,48.522,50.491,49.603,48.635,48.043,46.911,47.254,47.697,47.188,47.448,48.646,43.941,40.226,35.536,31.703,29.948,24.029
35.495,33.759,32.373,31.853,31.772,33.432,40.449,48.602,50.572,49.670,48.703,48.087,46.959,47.313,47.739,47.226,47.498,48.705,43.985,40.457,35.610,31.756,30.025,24.146
35.507,33.775,32.443,31.875,31.789,33.487,40.659,48.699,50.777,49.858,48.889,48.110,47.052,47.487,47.906,47.315,47.659,48.869,43.993,40.475,35.794,31.956,30.204,24.286
35.561,33.782,32.633,31.905,31.829,33.533,40.668,48.809,50.820,49.962,48.905,48.246,47.132,47.563,47.908,47.386,47.695,48.934,44.175,40.507,35.852,32.008,30.271,24.364
35.730,33.954,32.750,32.091,32.010,33.675,40.878,48.966,50.929,49.993,49.000,48.259,47.198,47.593,47.957,47.424,47.713,49.069,44.256,40.691,36.032,32.179,30.446,24.538
35.813,33.985,32.771,32.186,32.082,33.777,41.028,49.032,51.013,50.076,49.094,48.325,47.288,47.691,48.061,47.458,47.821,49.071,44.348,40.754,36.139,32.264,30.561,24.665
35.889,34.058,32.857,32.253,32.148,33.846,41.040,49.053,51.053,50.090,49.135,48.390,47.316,47.701,48.088,47.514,47.860,49.079,44.389,40.794,36.183,32.325,30.626,24.753
35.974,34.118,32.900,32.331,32.222,33.919,41.154,49.094,51.111,50.164,49.196,48.460,47.333,47.782,48.154,47.567,47.887,49.158,44.391,40.877,36.295,32.428,30.734,24.853
36.042,34.196,33.003,32.411,32.301,33.998,41.376,49.145,51.218,50.343,49.220,48.501,47.392,47.964,48.215,47.619,47.923,49.348,44.459,40.926,36.347,32.495,30.806,24.948
36.142,34.275,33.141,32.496,32.378,34.090,41.384,49.279,51.269,50.397,49.350,48.609,47.528,47.988,48.302,47.748,48.078,49.369,44.594,40.989,36.415,32.570,30.891,25.049
36.208,34.339,33.205,32.573,32.452,34.166,41.445,49.364,51.345,50.413,49.414,48.676,47.584,48.007,48.350,47.798,48.122,49.384,44.655,41.070,36.500,32.644,30.968,25.119
36.277,34.370,33.282,32.648,32.511,34.248,41.589,49.510,51.483,50.488,49.516,48.757,47.654,48.070,48.404,47.849,48.177,49.438,44.730,41.147,36.600,32.715,31.055,25.198
36.377,34.497,33.435,32.788,32.650,34.386,41.728,49.596,51.566,50.568,49.588,48.808,47.720,48.146,48.470,47.896,48.228,49.496,44.822,41.246,36.701,32.827,31.177,25.348
36.451,34.541,33.526,32.865,32.714,34.469,41.888,49.732,51.703,50.676,49.698,48.891,47.802,48.235,48.544,47.963,48.304,49.580,44.909,41.318,36.788,32.897,31.260,25.429
36.537,34.604,33.609,32.972,32.807,34.578,41.990,49.875,51.825,50.741,49.786,48.977,47.864,48.270,48.585,48.007,48.340,49.599,44.982,41.430,36.921,32.999,31.376,25.533
36.611,34.677,33.674,33.060,32.893,34.668,42.050,49.993,51.931,50.810,49.869,49.068,47.937,48.318,48.646,48.071,48.392,49.636,45.058,41.540,37.026,33.081,31.460,25.596
36.669,34.719,33.744,33.113,32.939,34.723,42.162,50.072,52.015,50.894,49.947,49.128,48.004,48.399,48.713,48.133,48.465,49.720,45.125,41.583,37.079,33.133,31.518,25.660
36.779,34.859,33.865,33.251,33.081,34.863,42.252,50.208,52.145,51.004,50.060,49.246,48.115,48.494,48.821,48.233,48.553,49.799,45.246,41.738,37.208,33.251,31.630,25.760
36.877,34.980,33.971,33.355,33.191,34.967,42.341,50.302,52.245,51.118,50.165,49.353,48.227,48.611,48.942,48.346,48.665,49.916,45.359,41.848,37.297,33.345,31.717,25.845
36.968,35.093,34.073,33.450,33.293,35.058,42.413,50.346,52.295,51.193,50.231,49.421,48.307,48.702,49.031,48.431,48.752,50.008,45.443,41.926,37.369,33.437,31.804,25.948
37.082,35.220,34.183,33.579,33.425,35.183,42.480,50.435,52.372,51.261,50.309,49.513,48.392,48.771,49.110,48.515,48.826,50.069,45.534,42.050,37.495,33.565,31.932,26.078
37.151,35.284,34.261,33.652,33.493,35.261,42.592,50.560,52.500,51.373,50.418,49.610,48.487,48.867,49.203,48.600,48.913,50.161,45.629,42.138,37.573,33.627,31.995,26.129
37.220,35.350,34.327,33.741,33.578,35.351,42.645,50.654,52.577,51.412,50.474,49.673,48.532,48.887,49.234,48.634,48.937,50.168,45.683,42.232,37.676,33.712,32.086,26.212
37.304,35.449,34.398,33.834,33.674,35.444,42.689,50.756,52.673,51.494,50.562,49.777,48.624,48.960,49.322,48.725,49.016,50.236,45.774,42.350,37.776,33.801,32.168,26.275
37.428,35.587,34.538,33.961,33.805,35.572,42.830,50.878,52.803,51.638,50.695,49.901,48.759,49.108,49.465,48.859,49.154,50.383,45.911,42.474,37.887,33.919,32.282,26.395
37.517,35.706,34.658,34.063,33.913,35.672,42.928,50.936,52.873,51.735,50.775,49.970,48.848,49.217,49.567,48.945,49.247,50.490,46.009,42.554,37.953,34.005,32.365,26.496
37.651,35.879,34.757,34.198,34.065,35.799,42.935,50.999,52.927,51.808,50.856,50.097,48.964,49.308,49.687,49.081,49.362,50.583,46.119,42.709,38.085,34.151,32.492,26.614
37.717,35.897,34.831,34.250,34.101,35.859,43.103,51.144,53.077,51.934,50.982,50.191,49.057,49.414,49.773,49.162,49.458,50.692,46.208,42.763,38.160,34.204,32.559,26.675
37.806,35.943,34.920,34.330,34.166,35.946,43.268,51.303,53.235,52.060,51.114,50.302,49.161,49.519,49.866,49.255,49.559,50.798,46.310,42.849,38.266,34.286,32.655,26.760
37.908,36.072,35.027,34.459,34.298,36.078,43.349,51.450,53.373,52.172,51.231,50.427,49.273,49.611,49.974,49.356,49.646,50.874,46.429,43.005,38.395,34.396,32.758,26.843
38.011,36.182,35.126,34.576,34.414,36.196,43.436,51.581,53.496,52.271,51.339,50.542,49.376,49.696,50.069,49.451,49.732,50.949,46.535,43.139,38.519,34.506,32.867,26.937
38.105,36.282,35.206,34.653,34.497,36.273,43.510,51.663,53.588,52.385,51.445,50.655,49.493,49.820,50.196,49.579,49.862,51.084,46.641,43.231,38.596,34.589,32.940,27.004
38.178,36.381,35.292,34.743,34.594,36.361,43.558,51.713,53.635,52.437,51.495,50.710,49.551,49.876,50.257,49.635,49.913,51.132,46.708,43.313,38.668,34.669,33.017,27.088
38.271,36.486,35.366,34.836,34.692,36.448,43.580,51.759,53.674,52.485,51.550,50.789,49.624,49.934,50.329,49.719,49.987,51.193,46.778,43.406,38.762,34.772,33.114,27.186
38.398,36.618,35.484,34.943,34.806,36.555,43.698,51.868,53.795,52.636,51.690,50.932,49.776,50.100,50.492,49.882,50.155,51.371,46.919,43.522,38.864,34.886,33.218,27.290
38.537,36.798,35.599,35.099,34.975,36.708,43.725,51.992,53.908,52.740,51.804,51.085,49.911,50.201,50.625,50.022,50.272,51.463,47.053,43.713,39.022,35.038,33.353,27.402
38.638,36.878,35.716,35.213,35.077,36.823,43.876,52.119,54.026,52.831,51.903,51.167,49.990,50.278,50.693,50.088,50.341,51.531,47.143,43.807,39.142,35.147,33.478,27.535
38.739,36.954,35.800,35.299,35.158,36.912,43.990,52.248,54.154,52.947,52.025,51.288,50.103,50.387,50.801,50.203,50.457,51.645,47.248,43.907,39.250,35.243,33.576,27.621
38.868,37.053,35.931,35.452,35.294,37.072,44.176,52.494,54.380,53.095,52.196,51.447,50.234,50.488,50.906,50.305,50.552,51.726,47.388,44.083,39.438,35.382,33.731,27.748
39.002,37.197,36.075,35.585,35.430,37.205,44.316,52.612,54.505,53.238,52.329,51.576,50.373,50.638,51.052,50.447,50.697,51.879,47.527,44.209,39.557,35.512,33.858,27.883
39.115,37.298,36.197,35.696,35.536,37.322,44.482,52.774,54.672,53.393,52.481,51.711,50.509,50.781,51.188,50.575,50.832,52.021,47.663,44.329,39.675,35.617,33.967,27.984
39.247,37.384,36.354,35.823,35.643,37.462,44.772,53.037,54.946,53.629,52.712,51.893,50.692,50.984,51.365,50.734,51.009,52.221,47.846,44.468,39.822,35.729,34.094,28.095
39.345,37.462,36.484,35.928,35.736,37.574,44.974,53.194,55.108,53.772,52.849,51.995,50.801,51.110,51.471,50.826,51.114,52.341,47.964,44.560,39.925,35.821,34.199,28.206
39.454,37.521,36.599,36.046,35.833,37.699,45.169,53.398,55.298,53.899,52.994,52.117,50.905,51.200,51.552,50.907,51.197,52.420,48.075,44.681,40.077,35.935,34.335,28.330
39.598,37.693,36.732,36.208,36.003,37.856,45.233,53.512,55.400,53.996,53.100,52.249,51.026,51.297,51.669,51.030,51.305,52.509,48.201,44.850,40.234,36.094,34.487,28.477
39.735,37.784,36.886,36.355,36.128,38.016,45.498,53.794,55.677,54.205,53.318,52.430,51.192,51.459,51.818,51.167,51.448,52.657,48.373,45.017,40.413,36.225,34.636,28.602
39.858,37.892,36.975,36.462,36.235,38.121,45.572,53.903,55.778,54.302,53.428,52.560,51.309,51.559,51.928,51.294,51.569,52.764,48.479,45.138,40.545,36.352,34.761,28.716
39.985,38.005,37.087,36.604,36.368,38.268,45.704,54.117,55.976,54.442,53.588,52.725,51.445,51.664,52.047,51.415,51.677,52.855,48.618,45.316,40.719,36.487,34.900,28.822
40.158,38.070,37.218,36.752,36.483,38.432,45.984,54.472,56.312,54.676,53.859,52.977,51.652,51.838,52.216,51.603,51.865,53.028,48.810,45.515,40.965,36.655,35.094,28.964
40.331,38.238,37.353,36.921,36.653,38.599,46.088,54.649,56.474,54.818,54.019,53.165,51.818,51.973,52.371,51.774,52.022,53.162,48.968,45.711,41.161,36.837,35.271,29.119
40.508,38.355,37.474,37.058,36.781,38.736,46.239,54.828,56.642,54.970,54.193,53.357,51.988,52.125,52.527,51.960,52.206,53.330,49.118,45.863,41.352,37.014,35.455,29.290
40.730,38.523,37.696,37.217,36.935,38.897,46.556,55.010,56.854,55.243,54.443,53.574,52.238,52.433,52.795,52.231,52.511,53.673,49.347,45.988,41.512,37.204,35.654,29.518
40.891,38.664,37.911,37.399,37.101,39.084,46.851,55.230,57.078,55.444,54.635,53.719,52.396,52.615,52.949,52.364,52.661,53.843,49.524,46.136,41.680,37.363,35.833,29.715
41.150,38.826,38.173,37.629,37.299,39.332,47.306,55.659,57.513,55.818,55.016,54.045,52.712,52.945,53.246,52.656,52.976,54.178,49.830,46.385,41.967,37.598,36.094,29.952
41.406,39.004,38.472,37.910,37.543,39.621,47.744,56.034,57.869,56.087,55.306,54.276,52.932,53.165,53.434,52.834,53.171,54.377,50.075,46.625,42.276,37.865,36.407,30.276
41.617,39.302,38.730,38.126,37.788,39.829,47.912,56.100,57.968,56.295,55.466,54.436,53.146,53.431,53.691,53.067,53.415,54.653,50.295,46.798,42.402,38.064,36.581,30.498
42.011,39.815,39.065,38.520,38.231,40.203,47.995,56.298,58.166,56.581,55.746,54.815,53.523,53.777,54.096,53.494,53.804,55.010,50.655,47.227,42.756,38.472,36.936,30.846
42.403,40.340,39.471,38.922,38.680,40.590,48.209,56.497,58.392,56.933,56.056,55.168,53.918,54.198,54.540,53.925,54.225,55.442,51.049,47.619,43.064,38.860,37.276,31.216
42.870,40.832,39.803,39.382,39.162,41.028,48.307,56.816,58.656,57.179,56.364,55.609,54.293,54.464,54.888,54.345,54.584,55.710,51.404,48.130,43.583,39.378,37.770,31.674
43.223,41.097,40.052,39.689,39.454,41.334,48.573,57.195,59.001,57.464,56.703,55.993,54.621,54.732,55.181,54.692,54.912,55.993,51.704,48.480,43.992,39.746,38.149,32.013
43.559,41.287,40.353,39.962,39.683,41.643,49.180,57.877,59.696,58.051,57.302,56.527,55.118,55.232,55.652,55.159,55.403,56.506,52.163,48.863,44.388,40.029,38.453,32.223
44.345,41.794,41.044,40.659,40.293,42.400,50.377,59.291,61.097,59.196,58.509,57.645,56.131,56.197,56.589,56.111,56.374,57.476,53.118,49.764,45.343,40.753,39.227,32.815
45.265,42.438,41.834,41.411,40.971,43.230,51.768,60.939,62.788,60.699,60.028,59.065,57.464,57.529,57.888,57.410,57.711,58.856,54.340,50.822,46.368,41.540,40.022,33.370
46.862,44.115,42.741,42.781,42.461,44.565,51.966,62.291,64.035,61.969,61.473,61.046,59.176,58.863,59.570,59.364,59.439,60.294,55.823,52.732,48.087,43.176,41.456,34.452
49.219,46.322,44.815,44.808,44.508,46.646,54.353,64.964,66.824,64.879,64.333,63.948,62.048,61.788,62.509,62.356,62.461,63.374,58.483,55.133,50.338,45.339,43.517,36.277
