-9.450,-13.948,-16.603,-15.261,-11.339,-4.647,12.070,21.269,25.013,21.723,16.333,10.373,3.388,-0.165,-0.897,3.057,7.837,15.509,25.737,33.444,20.050,8.043,1.484,-8.886
6.752,3.467,1.325,1.971,5.125,10.553,22.920,29.646,32.609,29.786,25.705,21.300,16.147,13.430,12.990,16.069,19.770,25.461,33.940,39.370,29.021,20.066,15.162,7.471
11.801,8.801,6.800,7.297,10.124,15.026,26.077,32.073,35.153,32.376,28.657,24.584,19.964,17.562,17.291,20.082,23.357,28.320,35.871,40.955,31.587,23.475,19.110,12.216
13.725,10.944,9.037,9.412,12.159,16.929,27.367,33.040,35.857,33.204,29.669,25.877,21.532,19.230,18.979,21.649,24.802,29.541,36.965,41.580,32.617,24.961,20.824,14.332
15.188,12.449,10.583,10.946,13.553,18.119,28.239,33.788,36.835,34.149,30.656,26.872,22.653,20.469,20.327,22.911,25.895,30.388,37.337,42.046,33.335,25.822,21.851,15.569
16.370,13.706,11.901,12.284,14.812,19.216,29.017,34.346,37.211,34.651,31.312,27.667,23.572,21.445,21.258,23.755,26.660,31.032,37.786,42.324,33.936,26.699,22.836,16.727
17.034,14.427,12.686,13.078,15.541,19.869,29.618,35.044,37.909,35.418,32.034,28.413,24.362,22.280,22.152,24.610,27.448,31.789,38.312,42.840,34.496,27.256,23.458,17.450
17.824,15.297,13.603,13.952,16.351,20.604,30.169,35.584,38.495,36.021,32.629,29.059,25.102,23.085,23.036,25.446,28.197,32.432,38.749,43.212,34.967,27.808,24.117,18.275
18.659,16.201,14.544,14.861,17.207,21.378,30.706,36.003,38.876,36.437,33.110,29.623,25.768,23.802,23.777,26.133,28.816,32.941,39.122,43.373,35.397,28.399,24.805,19.117
19.048,16.646,15.030,15.348,17.679,21.817,31.056,36.323,39.041,36.692,33.403,29.996,26.187,24.231,24.183,26.510,29.181,33.307,39.394,43.471,35.695,28.788,25.226,19.609
20.705,18.491,16.949,17.172,19.436,23.301,31.792,36.507,39.105,36.862,33.896,30.712,27.128,25.293,25.206,27.402,29.908,33.663,39.469,43.587,36.061,29.731,26.424,21.107
20.860,18.555,16.962,17.252,19.448,23.303,31.873,36.560,39.298,36.947,33.974,30.713,27.183,25.372,25.291,27.448,29.920,33.675,39.481,43.683,36.198,29.800,26.444,21.187
20.911,18.578,17.034,17.341,19.500,23.499,32.122,36.980,39.718,37.405,34.332,31.092,27.536,25.725,25.722,27.907,30.381,34.154,39.882,43.929,36.460,29.996,26.683,21.432
20.974,18.778,17.224,17.448,19.665,23.532,32.335,37.485,40.053,37.793,34.563,31.350,27.742,25.869,25.893,28.136,30.703,34.680,40.705,44.582,36.810,30.165,26.783,21.487
21.059,18.781,17.258,17.491,19.699,23.747,32.513,37.633,40.217,37.949,34.729,31.534,27.958,26.102,26.144,28.374,30.921,34.859,40.851,44.700,36.964,30.356,27.005,21.758
21.352,19.196,17.696,17.880,20.106,24.102,32.726,37.748,40.252,38.030,34.873,31.743,28.223,26.388,26.413,28.611,31.129,35.017,40.959,44.717,37.106,30.618,27.313,22.144
21.439,19.295,17.794,17.958,20.194,24.217,32.859,37.916,40.433,38.197,35.014,31.882,28.362,26.525,26.570,28.775,31.298,35.195,41.166,44.910,37.255,30.743,27.438,22.274
21.491,19.349,17.851,18.013,20.246,24.272,32.928,38.013,40.550,38.310,35.108,31.968,28.446,26.612,26.670,28.877,31.396,35.295,41.249,45.006,37.332,30.799,27.496,22.334
21.801,19.687,18.162,18.309,20.542,24.546,33.100,38.102,40.673,38.405,35.241,32.117,28.630,26.791,26.810,29.022,31.561,35.409,41.338,45.078,37.468,31.000,27.730,22.615
21.820,19.689,18.181,18.321,20.566,24.608,33.201,38.163,40.675,38.407,35.268,32.148,28.637,26.814,26.882,29.076,31.572,35.438,41.501,45.214,37.588,31.128,27.818,22.647
21.844,19.766,18.319,18.424,20.708,24.842,33.383,38.378,40.871,38.641,35.487,32.398,28.926,27.106,27.159,29.347,31.849,35.701,41.660,45.330,37.739,31.302,28.037,22.941
22.084,19.974,18.482,18.619,20.844,24.850,33.537,38.742,41.027,38.894,35.639,32.608,29.111,27.247,27.302,29.519,32.088,36.107,42.099,45.613,37.973,31.435,28.127,23.023
22.381,20.336,18.888,19.015,21.239,25.245,33.730,38.753,41.063,38.925,35.783,32.775,29.340,27.521,27.559,29.727,32.231,36.114,42.272,45.754,38.056,31.678,28.434,23.402
22.461,20.456,19.031,19.140,21.371,25.403,33.893,38.957,41.201,39.103,35.937,32.965,29.543,27.721,27.767,29.934,32.445,36.359,42.382,45.810,38.224,31.843,28.606,23.605
22.576,20.569,19.143,19.259,21.497,25.532,34.026,39.076,41.283,39.198,36.046,33.083,29.658,27.827,27.854,30.022,32.544,36.472,42.524,45.935,38.356,31.988,28.741,23.730
22.712,20.738,19.330,19.432,21.668,25.709,34.179,39.248,41.404,39.347,36.188,33.256,29.851,28.024,28.059,30.220,32.738,36.673,42.731,46.078,38.501,32.148,28.917,23.942
22.804,20.857,19.469,19.569,21.807,25.853,34.317,39.408,41.484,39.470,36.310,33.411,30.017,28.188,28.216,30.370,32.893,36.850,42.926,46.206,38.632,32.295,29.068,24.115
22.885,20.947,19.565,19.669,21.913,25.962,34.420,39.496,41.508,39.522,36.378,33.502,30.112,28.276,28.281,30.434,32.967,36.941,43.051,46.286,38.728,32.414,29.183,24.230
23.024,21.096,19.728,19.838,22.070,26.099,34.542,39.626,41.621,39.656,36.513,33.647,30.266,28.438,28.446,30.589,33.111,37.081,43.149,46.374,38.837,32.534,29.313,24.379
23.150,21.251,19.899,20.001,22.232,26.262,34.675,39.758,41.686,39.755,36.619,33.789,30.427,28.600,28.604,30.739,33.260,37.237,43.319,46.475,38.955,32.682,29.474,24.572
23.219,21.330,19.989,20.095,22.326,26.359,34.796,39.918,41.821,39.911,36.759,33.933,30.567,28.738,28.746,30.879,33.402,37.399,43.474,46.620,39.082,32.792,29.581,24.680
23.320,21.447,20.115,20.214,22.445,26.480,34.902,40.029,41.903,40.008,36.856,34.046,30.691,28.864,28.872,31.002,33.524,37.524,43.606,46.716,39.183,32.905,29.701,24.817
23.452,21.585,20.250,20.336,22.566,26.603,34.992,40.094,41.978,40.071,36.927,34.125,30.784,28.961,28.976,31.103,33.620,37.602,43.689,46.784,39.263,33.005,29.813,24.947
23.588,21.708,20.366,20.465,22.695,26.714,35.080,40.127,41.992,40.090,36.981,34.185,30.844,29.019,29.007,31.131,33.651,37.622,43.716,46.813,39.336,33.113,29.916,25.040
23.656,21.775,20.439,20.548,22.772,26.782,35.152,40.204,42.057,40.168,37.061,34.266,30.923,29.098,29.082,31.202,33.720,37.696,43.772,46.873,39.405,33.182,29.984,25.106
23.757,21.880,20.545,20.652,22.878,26.887,35.243,40.281,42.116,40.233,37.135,34.350,31.012,29.187,29.165,31.284,33.803,37.777,43.863,46.946,39.489,33.282,30.086,25.214
23.907,22.030,20.692,20.800,23.022,27.019,35.341,40.340,42.167,40.284,37.209,34.433,31.105,29.283,29.252,31.365,33.880,37.838,43.922,46.995,39.572,33.396,30.207,25.343
23.998,22.118,20.780,20.892,23.110,27.097,35.409,40.396,42.227,40.345,37.278,34.501,31.175,29.356,29.322,31.432,33.942,37.893,43.960,47.041,39.633,33.465,30.278,25.417
24.052,22.181,20.846,20.955,23.184,27.187,35.506,40.495,42.276,40.411,37.348,34.587,31.261,29.432,29.386,31.498,34.023,37.994,44.108,47.149,39.733,33.573,30.379,25.515
24.181,22.315,20.974,21.070,23.303,27.311,35.597,40.552,42.331,40.454,37.406,34.657,31.342,29.515,29.467,31.579,34.104,38.060,44.200,47.217,39.816,33.681,30.494,25.643
24.220,22.369,21.035,21.121,23.366,27.396,35.698,40.679,42.417,40.556,37.496,34.761,31.446,29.612,29.563,31.679,34.215,38.195,44.377,47.354,39.927,33.785,30.593,25.744
24.357,22.511,21.174,21.254,23.505,27.539,35.813,40.760,42.469,40.611,37.571,34.853,31.548,29.711,29.650,31.764,34.305,38.281,44.497,47.440,40.033,33.921,30.731,25.890
24.446,22.621,21.294,21.363,23.618,27.662,35.925,40.882,42.551,40.711,37.668,34.971,31.677,29.839,29.779,31.891,34.435,38.420,44.656,47.552,40.142,34.040,30.856,26.034
24.494,22.670,21.343,21.410,23.668,27.721,35.998,40.970,42.640,40.798,37.745,35.047,31.749,29.909,29.852,31.968,34.515,38.508,44.755,47.649,40.222,34.109,30.921,26.097
24.547,22.735,21.418,21.484,23.745,27.807,36.100,41.101,42.738,40.916,37.852,35.163,31.865,30.021,29.965,32.080,34.633,38.646,44.905,47.774,40.330,34.208,31.018,26.196
24.656,22.855,21.541,21.599,23.859,27.917,36.175,41.153,42.772,40.955,37.904,35.231,31.947,30.108,30.049,32.160,34.708,38.710,44.972,47.813,40.392,34.297,31.117,26.316
24.743,22.952,21.651,21.716,23.968,28.012,36.257,41.234,42.816,41.026,37.983,35.326,32.051,30.214,30.149,32.251,34.794,38.799,45.041,47.858,40.460,34.382,31.209,26.421
24.782,22.999,21.697,21.752,24.012,28.072,36.321,41.309,42.883,41.091,38.040,35.388,32.114,30.274,30.214,32.319,34.868,38.881,45.150,47.949,40.532,34.448,31.274,26.490
24.851,23.056,21.739,21.786,24.055,28.129,36.383,41.353,42.955,41.136,38.088,35.424,32.144,30.300,30.238,32.352,34.908,38.915,45.216,48.031,40.602,34.514,31.333,26.534
24.958,23.155,21.831,21.883,24.153,28.217,36.447,41.374,42.970,41.147,38.125,35.465,32.188,30.343,30.267,32.378,34.935,38.930,45.240,48.053,40.655,34.594,31.412,26.610
25.052,23.244,21.915,21.969,24.241,28.302,36.515,41.410,42.996,41.172,38.168,35.514,32.239,30.392,30.303,32.413,34.974,38.962,45.287,48.094,40.715,34.676,31.492,26.687
25.148,23.343,22.016,22.072,24.347,28.405,36.606,41.481,43.034,41.223,38.235,35.594,32.323,30.474,30.371,32.478,35.043,39.030,45.363,48.159,40.798,34.779,31.595,26.791
25.296,23.477,22.133,22.183,24.454,28.503,36.664,41.482,43.085,41.239,38.274,35.622,32.358,30.514,30.413,32.519,35.076,39.035,45.375,48.175,40.844,34.849,31.672,26.871
25.377,23.561,22.212,22.253,24.534,28.598,36.752,41.556,43.144,41.294,38.335,35.691,32.430,30.582,30.475,32.585,35.150,39.108,45.482,48.270,40.934,34.949,31.769,26.968
25.438,23.626,22.280,22.322,24.604,28.669,36.828,41.638,43.212,41.370,38.409,35.771,32.509,30.659,30.550,32.659,35.227,39.191,45.570,48.348,41.010,35.025,31.844,27.043
25.546,23.728,22.380,22.425,24.708,28.770,36.924,41.720,43.291,41.448,38.497,35.858,32.595,30.744,30.627,32.737,35.306,39.268,45.651,48.433,41.104,35.127,31.943,27.137
25.652,23.834,22.477,22.509,24.800,28.877,37.030,41.823,43.417,41.553,38.596,35.952,32.690,30.837,30.729,32.844,35.416,39.373,45.780,48.562,41.217,35.234,32.050,27.244
25.777,23.948,22.584,22.617,24.900,28.968,37.118,41.907,43.553,41.666,38.706,36.043,32.779,30.933,30.836,32.952,35.514,39.453,45.828,48.650,41.306,35.313,32.134,27.325
25.876,24.056,22.700,22.739,25.027,29.095,37.240,42.018,43.598,41.742,38.798,36.158,32.896,31.044,30.926,33.038,35.609,39.565,45.967,48.747,41.420,35.449,32.265,27.457
25.950,24.119,22.758,22.804,25.091,29.155,37.311,42.086,43.682,41.820,38.876,36.225,32.956,31.103,30.982,33.096,35.668,39.623,46.016,48.821,41.493,35.516,32.326,27.506
26.097,24.260,22.890,22.932,25.218,29.272,37.388,42.113,43.722,41.845,38.926,36.279,33.019,31.169,31.042,33.153,35.721,39.650,46.046,48.851,41.556,35.610,32.428,27.614
26.192,24.347,22.975,23.021,25.301,29.348,37.466,42.188,43.821,41.935,39.016,36.358,33.097,31.250,31.127,33.237,35.799,39.721,46.096,48.924,41.633,35.682,32.500,27.683
26.281,24.435,23.062,23.110,25.392,29.440,37.561,42.281,43.908,42.025,39.108,36.451,33.187,31.338,31.210,33.321,35.886,39.811,46.192,49.020,41.729,35.778,32.594,27.772
26.373,24.537,23.172,23.220,25.502,29.546,37.654,42.370,43.962,42.097,39.187,36.546,33.289,31.440,31.306,33.412,35.978,39.907,46.293,49.092,41.814,35.880,32.699,27.888
26.455,24.612,23.241,23.294,25.581,29.624,37.721,42.402,43.973,42.110,39.223,36.588,33.331,31.477,31.324,33.430,36.003,39.932,46.343,49.132,41.874,35.962,32.775,27.956
26.535,24.693,23.324,23.380,25.665,29.709,37.817,42.513,44.085,42.226,39.331,36.693,33.433,31.578,31.428,33.535,36.108,40.042,46.446,49.241,41.975,36.052,32.864,28.042
26.630,24.797,23.434,23.491,25.781,29.828,37.935,42.631,44.157,42.319,39.430,36.809,33.551,31.692,31.531,33.636,36.216,40.164,46.591,49.351,42.090,36.179,32.988,28.170
26.719,24.894,23.539,23.599,25.886,29.931,38.038,42.744,44.245,42.424,39.534,36.922,33.667,31.808,31.644,33.746,36.326,40.281,46.703,49.447,42.190,36.282,33.093,28.280
26.772,24.969,23.629,23.683,25.972,30.026,38.141,42.883,44.343,42.546,39.641,37.047,33.798,31.938,31.780,33.881,36.462,40.436,46.866,49.569,42.295,36.382,33.197,28.401
26.846,25.053,23.716,23.760,26.057,30.126,38.245,42.999,44.439,42.647,39.735,37.150,33.904,32.041,31.885,33.988,36.575,40.560,47.018,49.694,42.404,36.489,33.303,28.513
26.976,25.173,23.822,23.865,26.173,30.251,38.363,43.078,44.511,42.707,39.816,37.232,33.982,32.112,31.939,34.046,36.645,40.629,47.132,49.803,42.523,36.624,33.428,28.623
27.143,25.339,23.980,24.009,26.316,30.394,38.468,43.147,44.610,42.782,39.902,37.319,34.081,32.216,32.050,34.156,36.749,40.706,47.214,49.884,42.619,36.741,33.556,28.765
27.264,25.459,24.111,24.170,26.477,30.539,38.628,43.299,44.672,42.896,40.041,37.477,34.232,32.356,32.151,34.251,36.856,40.843,47.359,50.003,42.769,36.912,33.712,28.903
27.452,25.636,24.262,24.294,26.619,30.705,38.759,43.366,44.780,42.954,40.119,37.551,34.312,32.433,32.227,34.337,36.951,40.911,47.494,50.134,42.901,37.067,33.867,29.056
27.588,25.780,24.404,24.426,26.755,30.847,38.875,43.458,44.856,43.028,40.206,37.652,34.423,32.544,32.333,34.442,37.057,41.011,47.619,50.231,43.010,37.199,34.004,29.204
27.669,25.863,24.487,24.510,26.846,30.943,38.968,43.536,44.897,43.081,40.271,37.729,34.501,32.616,32.390,34.500,37.124,41.087,47.727,50.314,43.100,37.304,34.104,29.300
27.825,26.038,24.671,24.687,27.027,31.130,39.135,43.698,45.006,43.212,40.410,37.894,34.679,32.791,32.559,34.664,37.293,41.264,47.931,50.463,43.259,37.487,34.291,29.506
27.977,26.197,24.823,24.820,27.167,31.281,39.251,43.782,45.093,43.283,40.493,37.987,34.785,32.899,32.668,34.774,37.404,41.359,48.058,50.565,43.369,37.621,34.433,29.662
28.039,26.245,24.864,24.873,27.233,31.363,39.379,43.920,45.209,43.404,40.613,38.100,34.876,32.975,32.726,34.842,37.492,41.477,48.220,50.734,43.515,37.747,34.535,29.729
28.175,26.395,25.023,25.031,27.397,31.535,39.549,44.093,45.324,43.545,40.759,38.268,35.050,33.143,32.882,34.997,37.654,41.657,48.431,50.898,43.682,37.927,34.713,29.914
28.333,26.572,25.205,25.200,27.571,31.714,39.685,44.199,45.379,43.615,40.849,38.389,35.190,33.283,33.013,35.121,37.782,41.781,48.589,50.994,43.802,38.089,34.885,30.111
28.438,26.694,25.335,25.320,27.701,31.866,39.857,44.404,45.547,43.798,41.016,38.569,35.370,33.457,33.190,35.302,37.973,41.997,48.842,51.207,43.986,38.260,35.052,30.283
28.615,26.869,25.509,25.490,27.862,32.020,40.008,44.567,45.759,43.992,41.196,38.736,35.538,33.634,33.386,35.498,38.156,42.164,48.970,51.366,44.138,38.398,35.199,30.437
28.766,27.015,25.657,25.653,28.026,32.177,40.173,44.724,45.882,44.135,41.351,38.896,35.692,33.783,33.516,35.626,38.290,42.310,49.120,51.512,44.299,38.567,35.359,30.585
28.900,27.145,25.785,25.789,28.169,32.324,40.325,44.859,45.979,44.244,41.477,39.030,35.821,33.903,33.615,35.726,38.403,42.436,49.280,51.656,44.451,38.732,35.513,30.725
29.062,27.302,25.930,25.919,28.317,32.500,40.517,45.050,46.182,44.425,41.651,39.198,35.983,34.056,33.770,35.893,38.583,42.623,49.524,51.895,44.659,38.927,35.698,30.897
29.317,27.556,26.205,26.234,28.615,32.758,40.779,45.310,46.364,44.669,41.919,39.482,36.264,34.336,34.017,36.126,38.813,42.872,49.723,52.085,44.900,39.192,35.958,31.151
29.540,27.802,26.478,26.516,28.886,33.024,41.084,45.700,46.722,45.069,42.279,39.850,36.629,34.705,34.404,36.507,39.187,43.276,50.079,52.427,45.213,39.467,36.238,31.446
29.985,28.219,26.879,26.915,29.246,33.334,41.350,45.945,47.163,45.433,42.631,40.143,36.931,35.042,34.794,36.888,39.517,43.519,50.163,52.650,45.463,39.700,36.504,31.730
30.237,28.474,27.155,27.217,29.539,33.614,41.683,46.345,47.525,45.839,43.014,40.523,37.296,35.404,35.153,37.244,39.873,43.911,50.511,53.009,45.806,40.007,36.802,32.016
30.551,28.790,27.476,27.535,29.847,33.916,41.994,46.689,47.912,46.216,43.367,40.863,37.636,35.754,35.527,37.616,40.233,44.262,50.818,53.342,46.121,40.298,37.102,32.326
30.902,29.129,27.827,27.916,30.197,34.221,42.313,47.041,48.309,46.624,43.762,41.234,37.999,36.131,35.917,37.996,40.587,44.604,51.038,53.633,46.432,40.585,37.398,32.620
31.547,29.725,28.412,28.519,30.742,34.694,42.806,47.589,49.144,47.369,44.447,41.812,38.561,36.738,36.610,38.681,41.203,45.134,51.306,54.142,46.929,40.990,37.834,33.054
31.864,30.066,28.766,28.859,31.084,35.053,43.181,48.020,49.562,47.798,44.844,42.217,38.973,37.151,37.044,39.117,41.638,45.584,51.759,54.565,47.315,41.352,38.203,33.443
32.376,30.585,29.316,29.450,31.655,35.590,43.758,48.655,50.127,48.433,45.470,42.852,39.597,37.776,37.654,39.714,42.229,46.212,52.314,55.121,47.886,41.908,38.753,33.988
32.817,31.042,29.774,29.897,32.174,36.228,44.551,49.555,50.853,49.209,46.203,43.612,40.310,38.430,38.266,40.366,42.966,47.093,53.449,56.138,48.757,42.707,39.480,34.644
33.604,31.723,30.399,30.551,32.858,36.977,45.567,50.732,52.275,50.511,47.391,44.638,41.217,39.308,39.183,41.342,43.978,48.165,54.537,57.497,49.901,43.612,40.301,35.297
34.743,32.821,31.550,31.826,34.049,38.037,46.769,52.107,53.711,52.036,48.853,46.024,42.547,40.663,40.554,42.686,45.268,49.486,55.506,58.682,51.103,44.692,41.373,36.322
36.820,34.595,33.229,33.723,35.944,39.908,49.253,54.880,56.934,55.119,51.778,48.573,44.794,42.851,42.725,44.948,47.583,51.943,57.756,61.667,53.804,46.917,43.385,37.892
