-15.317,-16.921,-18.153,-18.071,-15.386,-6.746,6.454,22.067,26.591,22.478,19.142,20.761,24.297,35.181,48.032,52.353,54.944,60.744,56.472,52.751,46.405,36.202,33.998,31.928
5.854,4.113,1.861,1.738,3.562,10.401,20.361,31.114,33.871,31.115,29.413,31.858,34.077,41.434,49.063,52.383,55.113,60.912,57.548,52.898,50.128,43.905,41.654,39.886
10.698,9.007,6.710,6.523,8.166,14.486,23.591,33.258,35.663,33.204,31.751,34.206,36.134,42.659,49.220,52.440,55.122,61.246,57.654,52.997,50.614,45.215,43.036,41.355
12.901,11.238,8.915,8.782,10.306,16.343,25.005,34.073,36.310,33.996,32.752,35.232,37.067,43.274,49.385,52.449,55.181,61.259,57.977,53.019,50.921,45.894,43.794,42.219
14.192,12.583,10.336,10.254,11.711,17.537,25.903,34.643,36.817,34.574,33.410,35.827,37.637,43.697,49.660,52.542,55.184,61.394,57.988,53.190,51.114,46.241,44.238,42.752
15.279,13.755,11.640,11.545,12.982,18.625,26.778,35.324,37.411,35.248,34.093,36.325,38.046,43.920,49.708,52.551,55.274,61.486,58.029,53.394,51.125,46.310,44.348,42.882
16.197,14.734,12.686,12.554,13.992,19.530,27.598,36.027,37.975,35.909,34.798,36.856,38.446,44.136,49.738,52.555,55.346,61.494,58.046,53.417,51.191,46.461,44.455,42.960
17.334,15.902,13.869,13.701,15.110,20.522,28.408,36.608,38.443,36.466,35.402,37.399,38.882,44.343,49.752,52.559,55.378,61.536,58.051,53.476,51.207,46.658,44.643,43.145
17.737,16.322,14.302,14.113,15.520,20.891,28.734,36.872,38.649,36.712,35.667,37.613,39.040,44.411,49.796,52.651,55.387,61.591,58.076,53.504,51.212,46.716,44.680,43.168
18.330,16.942,14.959,14.729,16.143,21.469,29.266,37.365,39.089,37.191,36.131,37.997,39.358,44.620,49.821,52.751,55.394,61.591,58.081,53.662,51.297,46.879,44.822,43.282
19.141,17.777,15.849,15.594,16.993,22.227,29.867,37.693,39.310,37.521,36.592,38.274,39.617,44.806,49.947,52.777,55.399,61.602,58.087,53.667,51.330,46.881,44.972,43.577
19.325,18.067,16.248,16.058,17.414,22.534,29.989,37.844,39.531,37.699,36.636,38.429,39.775,44.927,49.998,52.791,55.423,61.622,58.249,53.676,51.371,47.107,45.100,43.591
19.497,18.148,16.274,16.197,17.524,22.556,30.056,37.853,39.583,37.718,36.700,38.554,39.946,45.090,50.045,52.843,55.477,61.676,58.323,53.688,51.478,47.262,45.340,43.894
19.994,18.609,16.651,16.443,17.782,22.931,30.375,37.890,39.638,37.757,36.786,38.727,40.107,45.110,50.240,52.882,55.634,61.715,58.324,53.711,51.600,47.295,45.468,44.122
20.477,19.130,17.199,16.805,18.261,23.273,30.437,38.147,39.897,38.028,36.955,38.919,40.329,45.452,50.370,53.035,55.642,61.801,58.336,53.791,51.798,47.663,45.757,44.316
20.584,19.209,17.251,17.061,18.323,23.435,30.682,38.170,39.923,38.053,37.076,39.060,40.461,45.477,50.497,53.042,55.653,61.865,58.350,53.934,51.910,47.699,45.860,44.494
20.660,19.291,17.295,17.070,18.373,23.461,30.746,38.345,40.083,38.223,37.213,39.186,40.584,45.636,50.553,53.096,55.684,61.892,58.399,53.941,52.010,47.858,45.986,44.587
20.739,19.341,17.337,17.119,18.430,23.523,30.843,38.455,40.196,38.332,37.287,39.306,40.685,45.686,50.578,53.236,55.695,61.906,58.432,53.952,52.044,47.943,46.046,44.615
20.826,19.399,17.345,17.178,18.455,23.619,30.940,38.560,40.317,38.443,37.394,39.423,40.819,45.841,50.735,53.259,55.814,62.069,58.520,53.954,52.209,48.096,46.209,44.786
20.895,19.426,17.432,17.214,18.523,23.683,31.040,38.688,40.435,38.563,37.514,39.549,40.931,45.951,50.798,53.322,55.823,62.073,58.556,54.007,52.239,48.175,46.310,44.875
20.912,19.487,17.476,17.245,18.562,23.712,31.249,38.812,40.567,38.703,37.624,39.634,41.013,45.963,50.831,53.418,55.949,62.124,58.632,54.137,52.340,48.226,46.316,44.888
21.207,19.777,17.749,17.430,18.798,24.010,31.383,38.957,40.738,38.859,37.748,39.770,41.161,46.109,50.953,53.512,55.949,62.186,58.732,54.244,52.366,48.303,46.450,45.028
21.252,19.865,17.898,17.657,18.961,24.018,31.410,39.109,40.880,39.006,37.895,39.917,41.297,46.234,51.059,53.579,56.067,62.248,58.783,54.273,52.495,48.440,46.573,45.139
21.403,20.013,18.054,17.803,19.109,24.158,31.496,39.305,41.068,39.200,38.039,40.082,41.444,46.371,51.151,53.759,56.148,62.322,58.890,54.381,52.605,48.581,46.707,45.231
21.541,20.148,18.180,17.918,19.228,24.288,31.527,39.327,41.109,39.203,38.081,40.107,41.472,46.452,51.342,53.800,56.334,62.432,58.985,54.426,52.759,48.720,46.752,45.264
21.803,20.408,18.435,18.156,19.466,24.520,31.741,39.554,41.371,39.476,38.086,40.268,41.656,46.584,51.408,53.844,56.453,62.467,59.145,54.426,52.871,48.723,46.887,45.274
22.052,20.666,18.739,18.442,19.758,24.793,31.968,39.610,41.486,39.516,38.281,40.297,41.688,46.688,51.502,53.930,56.507,62.492,59.192,54.559,52.885,48.846,46.936,45.450
22.134,20.743,18.802,18.496,19.818,24.871,32.074,39.680,41.540,39.594,38.402,40.421,41.800,46.691,51.589,54.018,56.520,62.555,59.228,54.613,52.954,48.925,46.993,45.542
22.261,20.868,18.931,18.621,19.940,24.986,32.167,39.763,41.584,39.685,38.477,40.507,41.895,46.781,51.627,54.072,56.570,62.575,59.294,54.768,53.006,48.970,47.085,45.639
22.422,21.049,19.139,18.832,20.151,25.172,32.338,39.919,41.718,39.836,38.637,40.618,41.987,46.854,51.659,54.075,56.653,62.627,59.339,54.827,53.080,48.988,47.129,45.684
22.484,21.106,19.199,18.883,20.205,25.231,32.391,39.985,41.807,39.911,38.687,40.683,42.066,46.937,51.753,54.173,56.727,62.634,59.381,54.890,53.162,49.044,47.213,45.767
22.657,21.290,19.396,19.102,20.412,25.406,32.533,40.079,41.883,40.002,38.809,40.787,42.166,47.033,51.845,54.265,56.743,62.672,59.399,54.898,53.183,49.132,47.315,45.888
22.772,21.401,19.497,19.186,20.498,25.497,32.620,40.164,41.968,40.087,38.880,40.869,42.240,47.083,51.863,54.267,56.798,62.752,59.432,55.049,53.197,49.189,47.364,45.926
22.879,21.502,19.593,19.281,20.590,25.585,32.692,40.222,42.034,40.149,38.938,40.944,42.321,47.157,51.926,54.331,56.885,62.778,59.513,55.219,53.260,49.267,47.449,46.015
22.926,21.546,19.639,19.320,20.632,25.635,32.743,40.290,42.121,40.224,38.992,41.009,42.397,47.241,52.025,54.437,56.891,62.782,59.564,55.251,53.342,49.343,47.532,46.097
23.045,21.664,19.761,19.444,20.752,25.746,32.828,40.362,42.209,40.305,39.062,41.091,42.492,47.336,52.124,54.543,56.970,62.788,59.570,55.430,53.421,49.429,47.635,46.209
23.195,21.822,19.929,19.619,20.919,25.889,32.943,40.442,42.278,40.384,39.153,41.169,42.563,47.390,52.162,54.574,56.990,62.834,59.606,55.564,53.454,49.475,47.689,46.271
23.324,21.957,20.071,19.789,21.074,26.015,33.031,40.479,42.310,40.422,39.222,41.238,42.644,47.480,52.257,54.683,57.068,62.866,59.696,55.621,53.534,49.562,47.798,46.407
23.398,22.027,20.142,19.857,21.143,26.087,33.097,40.554,42.407,40.506,39.287,41.318,42.739,47.584,52.376,54.813,57.178,63.000,59.801,55.655,53.634,49.659,47.907,46.519
23.443,22.067,20.175,19.865,21.164,26.132,33.173,40.669,42.520,40.617,39.376,41.406,42.811,47.643,52.421,54.840,57.239,63.042,59.854,55.737,53.699,49.723,47.948,46.535
23.552,22.173,20.274,19.972,21.263,26.222,33.243,40.714,42.568,40.665,39.432,41.478,42.892,47.722,52.492,54.916,57.302,63.134,59.938,55.861,53.771,49.809,48.045,46.643
23.620,22.234,20.332,20.012,21.311,26.283,33.309,40.802,42.673,40.759,39.497,41.558,42.977,47.803,52.572,54.995,57.380,63.292,59.959,56.016,53.846,49.888,48.123,46.711
23.670,22.269,20.352,20.014,21.317,26.319,33.363,40.895,42.796,40.861,39.560,41.656,43.086,47.916,52.690,55.116,57.505,63.373,60.079,56.020,53.965,50.009,48.241,46.816
23.770,22.353,20.419,20.074,21.375,26.385,33.410,40.937,42.869,40.915,39.594,41.739,43.191,48.024,52.794,55.232,57.600,63.418,60.165,56.152,54.065,50.129,48.377,46.957
23.850,22.432,20.504,20.164,21.461,26.465,33.475,40.994,42.938,40.979,39.652,41.804,43.268,48.109,52.889,55.338,57.684,63.495,60.223,56.181,54.143,50.206,48.468,47.056
23.917,22.488,20.545,20.178,21.483,26.507,33.523,41.065,43.025,41.054,39.693,41.873,43.337,48.159,52.919,55.356,57.714,63.573,60.282,56.250,54.184,50.265,48.520,47.092
23.974,22.539,20.591,20.215,21.525,26.563,33.593,41.156,43.126,41.147,39.772,41.962,43.429,48.256,53.020,55.459,57.822,63.622,60.400,56.360,54.287,50.364,48.615,47.180
24.036,22.601,20.658,20.277,21.589,26.629,33.658,41.232,43.213,41.228,39.837,42.028,43.499,48.327,53.099,55.539,57.893,63.684,60.462,56.378,54.352,50.425,48.680,47.243
24.130,22.695,20.748,20.372,21.680,26.712,33.732,41.286,43.257,41.279,39.902,42.094,43.562,48.384,53.143,55.580,57.937,63.728,60.510,56.479,54.407,50.490,48.745,47.312
24.225,22.788,20.838,20.468,21.770,26.796,33.799,41.335,43.312,41.331,39.958,42.162,43.638,48.460,53.216,55.658,58.003,63.771,60.563,56.664,54.476,50.569,48.833,47.409
24.350,22.916,20.969,20.622,21.912,26.917,33.893,41.389,43.364,41.387,40.039,42.249,43.735,48.568,53.330,55.787,58.107,63.818,60.636,56.753,54.582,50.679,48.962,47.559
24.469,23.034,21.085,20.748,22.029,27.019,33.968,41.432,43.409,41.433,40.096,42.316,43.810,48.639,53.392,55.853,58.158,63.833,60.670,56.921,54.642,50.754,49.049,47.659
24.587,23.150,21.201,20.876,22.146,27.119,34.030,41.458,43.449,41.468,40.134,42.375,43.886,48.719,53.472,55.947,58.217,63.836,60.692,57.023,54.705,50.832,49.151,47.780
24.702,23.266,21.313,21.001,22.265,27.230,34.137,41.545,43.526,41.552,40.239,42.481,43.993,48.829,53.579,56.058,58.329,63.939,60.804,57.107,54.823,50.952,49.273,47.910
24.770,23.328,21.368,21.048,22.314,27.290,34.202,41.621,43.612,41.630,40.306,42.564,44.079,48.917,53.666,56.146,58.419,64.042,60.901,57.213,54.912,51.046,49.366,47.998
24.893,23.455,21.495,21.194,22.450,27.406,34.296,41.676,43.658,41.685,40.388,42.645,44.164,49.004,53.748,56.235,58.496,64.084,60.961,57.443,54.996,51.138,49.468,48.117
24.977,23.527,21.560,21.251,22.510,27.484,34.379,41.784,43.795,41.802,40.479,42.765,44.302,49.156,53.916,56.416,58.664,64.248,61.122,57.541,55.153,51.291,49.629,48.275
25.043,23.586,21.608,21.294,22.555,27.542,34.447,41.864,43.884,41.884,40.552,42.856,44.398,49.257,54.019,56.522,58.775,64.377,61.243,57.547,55.263,51.403,49.738,48.380
25.172,23.720,21.741,21.437,22.692,27.665,34.561,41.950,43.948,41.963,40.658,42.950,44.482,49.331,54.075,56.571,58.834,64.439,61.309,57.620,55.336,51.485,49.817,48.465
25.225,23.776,21.810,21.482,22.751,27.737,34.650,42.085,44.095,42.101,40.756,43.033,44.558,49.399,54.153,56.638,58.904,64.528,61.384,57.866,55.393,51.528,49.852,48.481
25.336,23.896,21.945,21.644,22.902,27.864,34.753,42.155,44.162,42.173,40.854,43.118,44.654,49.513,54.290,56.792,59.027,64.577,61.461,57.935,55.506,51.631,49.974,48.627
25.451,24.007,22.044,21.743,23.001,27.969,34.867,42.267,44.268,42.282,40.971,43.244,44.778,49.637,54.404,56.905,59.155,64.730,61.607,58.143,55.640,51.771,50.107,48.757
25.625,24.183,22.219,21.951,23.189,28.126,34.977,42.312,44.311,42.330,41.056,43.343,44.893,49.760,54.525,57.044,59.260,64.757,61.670,58.260,55.754,51.901,50.265,48.946
25.720,24.270,22.296,22.026,23.261,28.199,35.037,42.364,44.380,42.389,41.105,43.420,44.983,49.851,54.612,57.138,59.340,64.825,61.744,58.353,55.839,51.999,50.373,49.059
25.836,24.395,22.432,22.182,23.408,28.325,35.144,42.439,44.444,42.463,41.204,43.504,45.069,49.943,54.711,57.244,59.430,64.868,61.807,58.406,55.928,52.085,50.469,49.171
25.911,24.465,22.491,22.216,23.456,28.402,35.265,42.606,44.600,42.620,41.347,43.639,45.183,50.044,54.796,57.308,59.541,65.075,61.977,58.472,56.044,52.197,50.550,49.224
26.007,24.565,22.598,22.330,23.567,28.502,35.353,42.681,44.673,42.696,41.429,43.717,45.263,50.126,54.882,57.398,59.620,65.127,62.039,58.525,56.121,52.273,50.633,49.314
26.123,24.674,22.694,22.423,23.657,28.595,35.438,42.755,44.753,42.773,41.504,43.813,45.363,50.220,54.960,57.476,59.699,65.215,62.127,58.530,56.211,52.380,50.742,49.424
26.191,24.730,22.729,22.447,23.685,28.645,35.509,42.841,44.839,42.856,41.583,43.914,45.460,50.314,55.037,57.547,59.797,65.374,62.264,58.554,56.319,52.498,50.845,49.515
26.231,24.769,22.769,22.469,23.718,28.696,35.588,42.960,44.960,42.973,41.679,44.000,45.536,50.386,55.112,57.612,59.881,65.503,62.372,58.824,56.397,52.564,50.896,49.548
26.340,24.883,22.896,22.567,23.833,28.821,35.695,43.069,45.088,43.092,41.780,44.097,45.649,50.508,55.262,57.774,60.008,65.566,62.454,58.892,56.506,52.661,51.012,49.673
26.356,24.887,22.901,22.605,23.853,28.841,35.759,43.203,45.243,43.229,41.870,44.201,45.751,50.612,55.374,57.879,60.136,65.765,62.618,59.200,56.622,52.765,51.098,49.731
26.545,25.074,23.078,22.778,24.028,29.017,35.904,43.302,45.348,43.333,42.003,44.356,45.928,50.809,55.581,58.111,60.337,65.899,62.781,59.466,56.823,52.974,51.331,49.992
26.668,25.191,23.196,22.897,24.142,29.125,35.979,43.366,45.447,43.413,42.060,44.446,46.045,50.934,55.720,58.268,60.450,65.948,62.852,59.742,56.929,53.090,51.475,50.149
26.820,25.341,23.346,23.069,24.301,29.267,36.091,43.442,45.536,43.497,42.157,44.562,46.183,51.088,55.886,58.455,60.603,66.032,62.963,59.944,57.079,53.245,51.655,50.351
26.878,25.388,23.386,23.092,24.331,29.321,36.154,43.543,45.671,43.609,42.228,44.663,46.301,51.216,56.031,58.610,60.745,66.178,63.101,60.201,57.208,53.370,51.785,50.473
27.068,25.576,23.566,23.297,24.524,29.500,36.317,43.668,45.793,43.735,42.386,44.837,46.487,51.419,56.238,58.835,60.956,66.352,63.294,60.446,57.422,53.590,52.017,50.727
27.130,25.627,23.610,23.338,24.566,29.558,36.379,43.752,45.907,43.829,42.457,44.938,46.609,51.560,56.401,59.015,61.119,66.500,63.442,60.557,57.570,53.732,52.170,50.881
27.265,25.761,23.745,23.459,24.694,29.696,36.530,43.924,46.082,44.001,42.613,45.090,46.757,51.702,56.541,59.148,61.261,66.668,63.598,60.762,57.711,53.870,52.300,51.000
27.379,25.875,23.859,23.588,24.815,29.806,36.621,43.993,46.158,44.074,42.696,45.185,46.865,51.822,56.671,59.292,61.383,66.744,63.692,61.053,57.829,53.991,52.437,51.152
27.598,26.111,24.125,23.872,25.091,30.049,36.829,44.169,46.331,44.254,42.888,45.346,47.030,51.990,56.857,59.485,61.538,66.812,63.792,61.373,57.975,54.127,52.594,51.328
27.750,26.250,24.269,23.987,25.214,30.185,36.943,44.319,46.542,44.429,42.985,45.485,47.200,52.158,57.044,59.681,61.688,66.919,63.905,61.700,58.110,54.269,52.761,51.489
27.835,26.334,24.359,24.089,25.313,30.286,37.045,44.431,46.673,44.548,43.099,45.607,47.342,52.327,57.250,59.909,61.891,67.075,64.073,62.015,58.289,54.429,52.936,51.674
27.993,26.502,24.558,24.291,25.513,30.463,37.186,44.564,46.830,44.695,43.221,45.716,47.468,52.457,57.409,60.078,62.007,67.095,64.123,62.226,58.387,54.516,53.052,51.804
28.094,26.605,24.666,24.383,25.621,30.598,37.369,44.808,47.077,44.936,43.441,45.917,47.661,52.662,57.639,60.306,62.257,67.393,64.395,62.368,58.615,54.713,53.229,51.960
28.266,26.791,24.882,24.565,25.827,30.820,37.629,45.141,47.404,45.264,43.724,46.144,47.862,52.846,57.838,60.477,62.451,67.634,64.607,63.035,58.788,54.854,53.345,52.043
28.570,27.108,25.215,24.961,26.201,31.158,37.942,45.399,47.657,45.524,44.046,46.453,48.199,53.239,58.288,60.973,62.896,67.949,64.971,63.283,59.206,55.242,53.767,52.512
28.753,27.298,25.428,25.138,26.404,31.388,38.221,45.764,48.029,45.888,44.358,46.725,48.454,53.489,58.564,61.232,63.176,68.279,65.269,63.625,59.458,55.456,53.958,52.669
29.054,27.610,25.765,25.487,26.743,31.692,38.472,45.975,48.251,46.109,44.577,46.933,48.674,53.703,58.786,61.460,63.354,68.359,65.386,63.816,59.634,55.639,54.171,52.903
29.301,27.857,26.019,25.742,26.998,31.945,38.718,46.225,48.516,46.366,44.821,47.183,48.935,53.973,59.072,61.755,63.630,68.604,65.639,63.902,59.900,55.899,54.442,53.178
29.572,28.114,26.250,25.924,27.198,32.185,39.000,46.557,48.838,46.688,45.109,47.481,49.202,54.197,59.240,61.882,63.824,68.949,65.930,63.955,60.122,56.145,54.646,53.338
29.924,28.450,26.531,26.193,27.473,32.498,39.381,46.947,49.170,47.048,45.516,47.898,49.574,54.544,59.514,62.122,64.176,69.503,66.422,63.981,60.520,56.569,55.007,53.668
30.591,29.195,27.350,27.074,28.341,33.263,40.130,47.585,49.645,47.631,46.257,48.430,50.009,54.936,59.873,62.424,64.532,69.829,66.777,64.302,60.902,56.919,55.321,54.002
31.190,29.849,28.057,27.851,29.094,33.923,40.747,48.085,50.038,48.097,46.855,48.895,50.425,55.338,60.266,62.798,64.909,70.113,67.111,64.845,61.294,57.293,55.694,54.414
31.396,30.030,28.218,27.955,29.239,34.167,41.115,48.628,50.629,48.645,47.312,49.377,50.913,55.863,60.844,63.382,65.545,70.899,67.818,65.128,61.879,57.822,56.180,54.842
31.961,30.553,28.659,28.401,29.683,34.676,41.688,49.224,51.232,49.234,47.930,50.092,51.645,56.633,61.597,64.160,66.385,71.875,68.749,65.473,62.733,58.694,57.025,55.678
32.559,31.150,29.281,28.988,30.335,35.462,42.706,50.543,52.601,50.551,49.156,51.260,52.827,57.949,63.114,65.724,68.004,73.622,70.397,67.164,64.196,59.969,58.239,56.826
33.737,32.388,30.602,30.368,31.727,36.829,44.153,52.045,54.038,52.026,50.703,52.634,54.175,59.376,64.678,67.311,69.594,75.133,71.919,68.897,65.693,61.324,59.575,58.173
35.959,34.712,33.010,32.993,34.391,39.570,47.339,55.492,57.287,55.362,54.360,55.937,57.437,63.020,68.762,71.546,73.992,79.595,76.304,73.288,69.795,64.973,63.088,61.707
