3.228,-3.295,-7.318,-7.551,-6.898,-3.067,10.082,29.657,34.537,35.676,35.724,36.280,36.100,34.456,30.320,27.330,22.302,30.231,35.505,46.349,40.620,34.163,29.960,26.468
19.984,16.380,14.436,14.447,14.692,17.934,28.560,41.576,45.149,44.523,43.742,44.366,43.382,42.671,39.919,37.941,35.849,40.155,43.639,49.777,46.070,41.698,38.654,34.933
22.886,19.686,18.140,17.887,17.997,21.421,31.770,43.673,46.920,45.911,44.974,46.053,44.643,44.089,41.476,39.663,38.028,41.813,44.240,50.350,47.391,42.859,39.823,35.783
24.957,22.058,20.636,20.645,20.771,23.931,34.016,45.443,48.684,47.460,46.440,47.258,45.880,45.472,43.098,41.349,39.991,43.446,45.616,51.189,48.407,44.370,41.506,37.505
26.513,23.795,22.586,22.252,22.265,25.561,35.269,45.858,48.775,47.567,46.567,47.492,45.993,45.516,43.168,41.504,40.333,43.624,45.734,51.257,48.782,44.399,41.586,37.722
27.208,24.592,23.480,23.096,23.083,26.407,36.009,46.305,49.139,47.759,46.708,47.884,46.195,45.824,43.549,41.939,40.872,44.011,46.169,51.534,49.017,44.623,41.781,37.735
28.106,25.502,24.373,23.966,23.951,27.192,36.564,46.684,49.449,48.112,47.114,48.208,46.551,46.170,43.960,42.353,41.260,44.435,46.393,51.702,49.530,45.123,42.317,38.385
28.632,26.076,24.966,24.615,24.609,27.800,37.108,47.146,49.912,48.587,47.583,48.640,47.032,46.661,44.469,42.887,41.829,44.925,46.723,52.066,49.845,45.580,42.826,38.936
29.301,26.866,25.825,25.526,25.512,28.647,37.882,47.708,50.413,49.048,48.007,48.973,47.361,47.027,44.906,43.348,42.414,45.384,46.970,52.230,50.127,45.977,43.280,39.407
29.772,27.365,26.333,26.037,26.025,29.108,38.186,47.865,50.452,49.084,48.180,49.136,47.556,47.223,45.132,43.599,42.666,45.597,47.217,52.335,50.274,46.190,43.535,39.733
30.264,27.954,26.982,26.691,26.659,29.717,38.750,48.232,50.564,49.197,48.219,49.268,47.618,47.322,45.318,43.790,42.968,45.829,47.267,52.342,50.472,46.386,43.752,39.942
30.670,28.393,27.422,27.156,27.128,30.120,39.030,48.240,50.716,49.302,48.387,49.336,47.639,47.338,45.503,43.983,43.173,46.016,47.445,52.450,50.621,46.595,44.005,40.273
31.068,28.819,27.869,27.580,27.547,30.515,39.293,48.409,50.905,49.437,48.395,49.370,47.710,47.439,45.505,44.117,43.269,46.041,47.615,52.580,50.720,46.597,44.075,40.456
31.420,29.190,28.266,27.907,27.854,30.839,39.524,48.518,51.050,49.598,48.565,49.460,47.778,47.479,45.649,44.154,43.354,46.157,47.646,52.709,50.854,46.719,44.152,40.481
31.727,29.509,28.599,28.182,28.115,31.102,39.684,48.522,51.063,49.622,48.636,49.487,47.875,47.595,45.653,44.202,43.416,46.215,47.693,52.720,50.869,46.727,44.185,40.515
31.971,29.778,28.889,28.438,28.361,31.344,39.846,48.601,51.094,49.637,48.645,49.551,47.889,47.602,45.686,44.220,43.435,46.215,47.712,52.729,50.951,46.762,44.206,40.543
32.170,30.014,29.150,28.696,28.612,31.586,39.946,48.631,51.096,49.660,48.654,49.572,47.896,47.603,45.696,44.248,43.481,46.239,47.723,52.731,50.977,46.788,44.214,40.566
32.328,30.133,29.251,28.758,28.677,31.659,40.045,48.672,51.106,49.670,48.662,49.584,47.904,47.616,45.712,44.264,43.503,46.266,47.725,52.744,50.996,46.802,44.226,40.614
32.892,30.714,29.843,29.213,29.113,32.026,40.049,48.764,51.125,49.671,48.694,49.637,47.913,47.645,45.784,44.330,43.600,46.347,47.758,52.759,51.041,46.860,44.297,40.666
33.027,30.880,30.033,29.462,29.358,32.312,40.288,48.784,51.135,49.688,48.743,49.766,48.055,47.772,45.887,44.447,43.657,46.426,47.780,52.760,51.145,46.946,44.381,40.720
33.050,30.937,30.109,29.508,29.399,32.316,40.493,48.847,51.168,49.705,48.754,49.794,48.062,47.786,45.991,44.589,43.816,46.549,47.786,52.781,51.319,47.080,44.542,40.925
33.288,31.158,30.313,29.730,29.628,32.536,40.547,48.936,51.185,49.730,48.817,49.863,48.091,47.819,46.008,44.592,43.826,46.576,47.852,52.817,51.371,47.094,44.564,41.022
33.406,31.281,30.445,29.835,29.722,32.650,40.679,48.963,51.203,49.756,48.819,49.866,48.106,47.832,46.033,44.625,43.865,46.613,47.861,52.827,51.453,47.145,44.609,41.042
33.525,31.387,30.549,29.929,29.817,32.759,40.796,49.097,51.302,49.877,48.967,50.048,48.275,48.000,46.199,44.795,44.021,46.769,47.896,52.959,51.599,47.293,44.752,41.173
33.732,31.631,30.812,30.215,30.105,33.015,40.975,49.176,51.339,49.930,49.036,50.086,48.336,48.066,46.304,44.920,44.164,46.873,47.970,52.964,51.606,47.371,44.867,41.320
33.838,31.704,30.863,30.286,30.184,33.116,41.029,49.179,51.366,49.953,49.043,50.117,48.370,48.103,46.318,44.938,44.187,46.876,48.006,52.977,51.652,47.395,44.895,41.380
33.893,31.795,30.972,30.358,30.245,33.135,41.189,49.351,51.491,50.094,49.209,50.235,48.481,48.208,46.459,45.068,44.304,47.039,48.008,53.176,51.876,47.587,45.084,41.587
34.144,32.041,31.211,30.518,30.376,33.350,41.219,49.377,51.504,50.095,49.227,50.267,48.510,48.239,46.498,45.113,44.346,47.079,48.022,53.184,51.927,47.628,45.129,41.600
34.196,32.051,31.222,30.586,30.470,33.376,41.299,49.385,51.507,50.106,49.230,50.269,48.512,48.239,46.513,45.137,44.375,47.095,48.030,53.198,51.936,47.642,45.155,41.638
34.297,32.199,31.371,30.729,30.611,33.484,41.378,49.510,51.605,50.204,49.341,50.314,48.576,48.309,46.619,45.213,44.465,47.209,48.192,53.274,51.978,47.741,45.215,41.647
34.442,32.358,31.539,30.887,30.766,33.625,41.485,49.539,51.693,50.291,49.423,50.401,48.671,48.410,46.658,45.244,44.502,47.230,48.227,53.306,52.027,47.772,45.247,41.693
34.693,32.637,31.822,31.192,31.072,33.886,41.574,49.603,51.774,50.360,49.440,50.504,48.702,48.432,46.676,45.276,44.506,47.298,48.282,53.399,52.056,47.846,45.312,41.896
34.808,32.773,31.972,31.354,31.235,34.041,41.708,49.723,51.814,50.426,49.518,50.538,48.764,48.489,46.724,45.362,44.638,47.307,48.291,53.406,52.131,47.858,45.401,41.988
34.946,32.922,32.127,31.527,31.412,34.205,41.849,49.782,51.886,50.442,49.557,50.590,48.829,48.570,46.883,45.532,44.813,47.452,48.432,53.454,52.190,47.975,45.549,42.149
35.085,33.075,32.284,31.691,31.576,34.354,41.967,49.803,51.935,50.499,49.632,50.600,48.898,48.641,46.965,45.619,44.909,47.534,48.522,53.470,52.214,48.055,45.640,42.255
35.188,33.197,32.419,31.830,31.714,34.484,42.076,49.869,51.944,50.534,49.669,50.640,48.926,48.675,47.015,45.676,44.981,47.591,48.524,53.475,52.264,48.098,45.693,42.309
35.285,33.293,32.518,31.902,31.779,34.557,42.123,49.880,51.964,50.548,49.677,50.649,48.937,48.686,47.020,45.681,44.988,47.594,48.575,53.573,52.354,48.105,45.694,42.312
35.375,33.379,32.599,31.986,31.866,34.638,42.197,49.960,52.016,50.622,49.761,50.735,49.020,48.767,47.106,45.767,45.065,47.683,48.624,53.625,52.408,48.201,45.791,42.416
35.458,33.460,32.674,32.057,31.935,34.696,42.235,49.987,52.037,50.643,49.788,50.738,49.022,48.767,47.118,45.773,45.067,47.704,48.665,53.633,52.414,48.242,45.832,42.474
35.586,33.604,32.831,32.209,32.085,34.841,42.346,50.044,52.079,50.683,49.827,50.787,49.069,48.818,47.177,45.841,45.148,47.761,48.690,53.642,52.444,48.285,45.884,42.529
35.685,33.719,32.955,32.332,32.205,34.954,42.437,50.094,52.119,50.713,49.856,50.810,49.087,48.840,47.211,45.878,45.199,47.799,48.721,53.644,52.471,48.316,45.921,42.571
35.762,33.792,33.020,32.403,32.279,35.015,42.482,50.139,52.164,50.768,49.918,50.855,49.143,48.894,47.268,45.934,45.247,47.856,48.801,53.716,52.533,48.386,45.997,42.664
35.860,33.903,33.140,32.544,32.425,35.153,42.612,50.258,52.288,50.903,50.048,50.995,49.303,49.057,47.426,46.105,45.427,47.998,48.946,53.794,52.587,48.503,46.131,42.802
35.970,34.019,33.261,32.666,32.547,35.271,42.705,50.322,52.344,50.967,50.113,51.071,49.384,49.139,47.509,46.197,45.520,48.076,49.003,53.837,52.637,48.571,46.207,42.885
36.065,34.112,33.348,32.750,32.632,35.343,42.747,50.348,52.362,50.992,50.147,51.088,49.407,49.160,47.539,46.224,45.541,48.108,49.046,53.886,52.691,48.620,46.260,42.958
36.194,34.228,33.453,32.846,32.729,35.434,42.808,50.408,52.415,51.068,50.237,51.185,49.515,49.261,47.637,46.323,45.617,48.201,49.120,53.993,52.804,48.727,46.368,43.084
36.299,34.327,33.543,32.941,32.828,35.516,42.859,50.453,52.456,51.128,50.307,51.240,49.586,49.328,47.708,46.395,45.676,48.268,49.206,54.072,52.875,48.811,46.460,43.200
36.388,34.410,33.620,33.010,32.897,35.583,42.912,50.503,52.500,51.178,50.364,51.295,49.641,49.380,47.762,46.446,45.718,48.324,49.254,54.144,52.957,48.877,46.524,43.272
36.482,34.511,33.731,33.117,33.003,35.691,42.998,50.556,52.544,51.228,50.415,51.373,49.719,49.461,47.840,46.535,45.811,48.394,49.280,54.163,52.989,48.928,46.582,43.329
36.567,34.613,33.846,33.240,33.125,35.815,43.131,50.672,52.660,51.331,50.506,51.468,49.810,49.558,47.939,46.641,45.937,48.493,49.379,54.222,53.046,49.006,46.665,43.401
36.671,34.711,33.938,33.327,33.213,35.894,43.175,50.698,52.678,51.366,50.552,51.517,49.868,49.612,47.995,46.699,45.982,48.545,49.416,54.273,53.105,49.067,46.731,43.485
36.768,34.819,34.052,33.446,33.333,36.006,43.266,50.763,52.737,51.428,50.615,51.580,49.938,49.684,48.071,46.782,46.071,48.616,49.483,54.312,53.145,49.130,46.804,43.565
36.841,34.893,34.128,33.517,33.401,36.082,43.357,50.858,52.833,51.513,50.696,51.663,50.010,49.757,48.144,46.852,46.146,48.695,49.556,54.398,53.239,49.207,46.875,43.625
36.944,34.998,34.237,33.620,33.503,36.188,43.460,50.951,52.921,51.599,50.781,51.759,50.100,49.849,48.235,46.945,46.241,48.786,49.628,54.478,53.329,49.293,46.959,43.704
37.047,35.106,34.348,33.737,33.620,36.302,43.577,51.065,53.037,51.710,50.889,51.858,50.200,49.950,48.340,47.050,46.353,48.893,49.748,54.580,53.427,49.397,47.065,43.811
37.145,35.197,34.429,33.825,33.713,36.382,43.631,51.121,53.093,51.789,50.978,51.944,50.306,50.052,48.440,47.153,46.440,48.982,49.846,54.669,53.501,49.495,47.173,43.940
37.247,35.325,34.576,33.974,33.857,36.524,43.763,51.202,53.164,51.838,51.016,51.975,50.325,50.080,48.481,47.199,46.516,49.032,49.890,54.676,53.526,49.527,47.211,43.970
37.378,35.453,34.701,34.081,33.962,36.621,43.816,51.219,53.166,51.845,51.035,51.995,50.341,50.094,48.504,47.223,46.530,49.059,49.892,54.708,53.588,49.567,47.252,44.029
37.506,35.584,34.838,34.225,34.109,36.769,43.952,51.345,53.288,51.985,51.175,52.166,50.525,50.278,48.677,47.409,46.715,49.216,50.014,54.809,53.681,49.701,47.396,44.171
37.614,35.702,34.959,34.372,34.261,36.910,44.094,51.490,53.443,52.149,51.335,52.320,50.700,50.455,48.851,47.591,46.903,49.377,50.205,54.932,53.771,49.848,47.558,44.341
37.694,35.798,35.066,34.475,34.360,37.011,44.194,51.559,53.506,52.191,51.369,52.348,50.713,50.475,48.881,47.621,46.953,49.417,50.240,54.956,53.812,49.879,47.589,44.363
37.778,35.887,35.156,34.578,34.465,37.111,44.309,51.685,53.642,52.320,51.494,52.454,50.824,50.587,48.996,47.734,47.074,49.533,50.387,55.076,53.914,49.995,47.708,44.482
37.875,35.985,35.256,34.661,34.544,37.193,44.370,51.719,53.661,52.338,51.515,52.486,50.845,50.608,49.022,47.760,47.099,49.563,50.393,55.104,53.971,50.028,47.737,44.512
37.975,36.093,35.365,34.783,34.668,37.301,44.459,51.792,53.734,52.415,51.594,52.546,50.917,50.681,49.102,47.843,47.187,49.642,50.492,55.170,54.026,50.108,47.829,44.619
38.067,36.190,35.464,34.888,34.772,37.404,44.575,51.913,53.861,52.529,51.703,52.639,51.007,50.773,49.199,47.937,47.290,49.745,50.621,55.282,54.131,50.212,47.932,44.720
38.156,36.295,35.578,35.008,34.892,37.517,44.673,51.980,53.923,52.586,51.756,52.688,51.058,50.829,49.261,48.005,47.372,49.806,50.683,55.309,54.160,50.262,47.991,44.782
38.265,36.409,35.694,35.120,35.002,37.621,44.757,52.040,53.975,52.635,51.808,52.733,51.101,50.872,49.313,48.057,47.427,49.862,50.736,55.362,54.226,50.322,48.053,44.852
38.402,36.557,35.851,35.279,35.162,37.774,44.875,52.114,54.037,52.708,51.883,52.826,51.202,50.976,49.418,48.175,47.550,49.957,50.797,55.397,54.269,50.399,48.143,44.950
38.530,36.692,35.992,35.433,35.318,37.929,45.044,52.288,54.220,52.887,52.055,52.995,51.376,51.153,49.593,48.353,47.737,50.128,50.986,55.548,54.403,50.558,48.308,45.110
38.684,36.841,36.138,35.574,35.463,38.068,45.137,52.358,54.278,52.976,52.156,53.127,51.525,51.298,49.730,48.502,47.869,50.248,51.059,55.628,54.490,50.672,48.432,45.251
38.811,36.978,36.283,35.709,35.591,38.201,45.273,52.471,54.383,53.059,52.234,53.197,51.575,51.352,49.795,48.563,47.945,50.327,51.132,55.713,54.599,50.750,48.505,45.314
38.914,37.086,36.396,35.821,35.701,38.313,45.385,52.573,54.484,53.153,52.325,53.289,51.662,51.441,49.886,48.656,48.044,50.421,51.221,55.797,54.689,50.839,48.594,45.399
39.024,37.189,36.499,35.909,35.788,38.408,45.474,52.656,54.558,53.232,52.408,53.394,51.759,51.536,49.977,48.748,48.129,50.511,51.271,55.885,54.796,50.927,48.676,45.476
39.122,37.281,36.583,35.995,35.877,38.486,45.525,52.703,54.602,53.296,52.481,53.465,51.845,51.619,50.059,48.832,48.199,50.586,51.347,55.962,54.867,51.012,48.768,45.587
39.254,37.422,36.732,36.148,36.029,38.641,45.687,52.855,54.754,53.439,52.618,53.606,51.982,51.760,50.200,48.977,48.356,50.728,51.485,56.080,54.986,51.141,48.898,45.709
39.388,37.566,36.878,36.315,36.198,38.802,45.867,53.049,54.961,53.637,52.809,53.770,52.155,51.936,50.380,49.155,48.546,50.908,51.718,56.260,55.138,51.319,49.083,45.894
39.527,37.722,37.047,36.491,36.374,38.980,46.053,53.216,55.129,53.791,52.952,53.920,52.300,52.087,50.534,49.315,48.727,51.060,51.865,56.369,55.247,51.449,49.218,46.017
39.716,37.945,37.291,36.747,36.624,39.223,46.292,53.403,55.312,53.942,53.088,54.032,52.402,52.200,50.666,49.450,48.901,51.203,52.031,56.469,55.355,51.574,49.353,46.146
39.860,38.110,37.474,36.944,36.823,39.422,46.492,53.576,55.487,54.112,53.248,54.208,52.583,52.389,50.852,49.650,49.123,51.379,52.194,56.568,55.445,51.715,49.507,46.289
39.997,38.239,37.602,37.047,36.919,39.532,46.604,53.683,55.584,54.198,53.335,54.307,52.658,52.462,50.928,49.719,49.188,51.467,52.246,56.687,55.599,51.812,49.588,46.360
40.182,38.417,37.770,37.225,37.102,39.702,46.767,53.862,55.768,54.395,53.539,54.491,52.859,52.659,51.126,49.914,49.372,51.662,52.475,56.903,55.795,52.022,49.803,46.592
40.333,38.565,37.910,37.382,37.262,39.853,46.941,54.071,55.993,54.618,53.760,54.677,53.056,52.855,51.323,50.104,49.561,51.862,52.741,57.141,56.000,52.237,50.019,46.816
40.508,38.754,38.103,37.577,37.452,40.039,47.143,54.264,56.187,54.779,53.913,54.791,53.152,52.956,51.443,50.213,49.692,52.002,52.925,57.313,56.180,52.388,50.165,46.957
40.708,38.950,38.289,37.770,37.648,40.217,47.300,54.422,56.346,54.947,54.089,54.933,53.309,53.109,51.606,50.371,49.842,52.167,53.133,57.509,56.363,52.576,50.359,47.176
40.904,39.160,38.508,37.979,37.852,40.418,47.489,54.574,56.488,55.067,54.206,55.035,53.393,53.198,51.711,50.473,49.961,52.287,53.251,57.630,56.510,52.698,50.478,47.295
41.120,39.392,38.747,38.259,38.138,40.696,47.808,54.922,56.862,55.433,54.555,55.362,53.741,53.552,52.061,50.826,50.335,52.627,53.662,57.938,56.761,53.017,50.812,47.621
41.384,39.650,38.986,38.554,38.448,40.969,48.087,55.259,57.231,55.832,54.958,55.706,54.142,53.948,52.454,51.218,50.715,53.003,54.170,58.336,57.066,53.413,51.232,48.081
41.575,39.877,39.244,38.812,38.696,41.239,48.421,55.572,57.550,56.084,55.178,55.918,54.311,54.133,52.652,51.411,50.966,53.223,54.397,58.526,57.276,53.599,51.407,48.205
41.767,40.077,39.445,39.034,38.919,41.459,48.679,55.858,57.855,56.371,55.454,56.162,54.557,54.383,52.906,51.659,51.228,53.482,54.721,58.804,57.522,53.860,51.669,48.460
41.998,40.291,39.653,39.189,39.062,41.620,48.824,55.981,57.952,56.451,55.545,56.261,54.613,54.434,52.969,51.706,51.263,53.572,54.748,58.966,57.760,53.980,51.760,48.544
42.247,40.560,39.919,39.541,39.429,41.957,49.243,56.487,58.518,57.003,56.073,56.699,55.100,54.927,53.463,52.194,51.780,54.057,55.438,59.462,58.125,54.461,52.266,49.057
42.576,40.927,40.328,39.894,39.758,42.323,49.599,56.726,58.715,57.133,56.185,56.859,55.181,55.025,53.582,52.318,51.956,54.207,55.453,59.546,58.328,54.572,52.356,49.094
42.898,41.269,40.664,40.323,40.209,42.719,50.007,57.180,59.215,57.659,56.702,57.296,55.697,55.544,54.102,52.847,52.498,54.700,56.131,60.001,58.647,55.060,52.891,49.674
43.323,41.798,41.257,40.981,40.857,43.352,50.713,57.804,59.863,58.189,57.170,57.670,56.044,55.929,54.535,53.283,53.069,55.164,56.739,60.350,58.964,55.457,53.313,50.053
43.725,42.186,41.638,41.313,41.181,43.675,50.958,57.987,60.006,58.347,57.351,57.872,56.226,56.104,54.723,53.469,53.229,55.362,56.851,60.576,59.265,55.684,53.530,50.292
44.431,42.959,42.416,42.309,42.213,44.631,52.107,59.318,61.480,59.781,58.719,59.027,57.501,57.400,56.023,54.763,54.613,56.638,58.617,61.824,60.195,56.927,54.843,51.618
45.353,43.966,43.504,43.409,43.308,45.739,53.142,60.153,62.275,60.566,59.473,59.912,58.380,58.309,56.925,55.733,55.662,57.500,59.281,62.327,60.751,57.637,55.602,52.335
46.568,45.277,44.910,44.861,44.735,47.280,55.061,62.178,64.389,62.451,61.223,61.657,59.993,59.978,58.586,57.373,57.491,59.216,61.096,63.972,62.357,59.213,57.123,53.625
48.604,47.386,47.035,47.333,47.260,49.788,58.152,65.784,68.298,66.232,64.845,65.015,63.482,63.506,62.056,60.811,61.088,62.650,65.306,67.431,65.260,62.548,60.504,56.880
