-2.536,-2.238,-6.306,-6.970,-3.656,5.665,13.966,29.637,33.026,32.896,33.467,38.586,40.672,46.661,51.440,51.178,51.802,57.871,51.994,48.713,41.247,34.108,29.077,27.738
3.947,3.763,0.091,-0.146,3.025,11.223,19.027,33.231,36.101,35.919,36.552,41.188,42.979,48.515,52.799,52.562,52.666,58.266,52.854,50.440,43.609,36.972,32.341,31.023
7.858,7.100,3.885,4.028,7.303,15.011,22.211,34.837,37.235,36.760,37.525,41.966,43.610,48.984,52.827,52.574,52.986,58.824,53.124,50.779,44.588,39.067,34.645,32.652
9.758,8.891,5.789,6.050,9.287,16.629,23.676,35.814,38.088,37.656,38.416,42.731,44.263,49.515,53.210,52.924,53.131,58.832,53.239,51.210,45.292,39.866,35.574,33.700
11.398,10.560,7.504,7.785,10.843,17.791,24.735,36.705,38.885,38.512,39.246,43.331,44.791,49.795,53.375,53.162,53.366,58.856,53.456,51.510,45.642,40.123,35.994,34.354
12.706,11.740,8.797,9.186,12.235,18.934,25.728,37.264,39.320,38.930,39.679,43.672,45.058,49.977,53.389,53.200,53.382,58.863,53.474,51.631,45.972,40.636,36.600,34.934
13.780,12.759,9.893,10.296,13.230,19.794,26.445,37.860,39.777,39.254,40.043,43.858,45.266,49.997,53.400,53.231,53.413,58.902,53.502,51.786,46.026,40.915,36.965,35.095
14.638,13.467,10.699,11.224,14.213,20.609,27.158,38.163,39.985,39.454,40.261,44.059,45.395,50.125,53.441,53.257,53.508,58.942,53.591,51.822,46.292,41.350,37.447,35.533
15.389,14.244,11.511,12.038,14.984,21.239,27.704,38.523,40.331,39.852,40.634,44.380,45.672,50.337,53.529,53.365,53.514,58.944,53.620,51.972,46.573,41.639,37.802,36.010
15.977,14.907,12.218,12.680,15.545,21.753,28.072,38.750,40.544,40.051,40.814,44.486,45.788,50.349,53.561,53.370,53.520,58.947,53.647,51.983,46.631,41.783,38.062,36.256
16.582,15.471,12.813,13.330,16.185,22.228,28.518,39.028,40.784,40.336,41.091,44.720,45.966,50.489,53.619,53.430,53.580,58.966,53.649,52.071,46.835,41.829,38.286,36.586
17.163,16.203,13.574,13.972,16.765,22.762,28.828,39.338,41.147,40.727,41.437,45.053,46.314,50.780,53.891,53.688,53.800,59.000,53.891,52.154,47.175,42.005,38.337,37.147
17.356,16.433,13.811,14.177,16.959,22.846,28.973,39.403,41.306,40.889,41.588,45.207,46.477,50.823,53.996,53.728,53.931,59.015,54.030,52.302,47.191,42.471,38.806,37.360
17.631,16.701,14.092,14.500,17.015,23.064,29.150,39.481,41.493,41.072,41.781,45.378,46.629,50.934,54.044,53.835,54.059,59.016,54.148,52.442,47.340,42.678,39.021,37.525
17.671,16.943,14.333,14.580,17.284,23.323,29.415,39.701,41.498,41.223,41.910,45.458,46.639,51.073,54.162,53.956,54.178,59.094,54.164,52.583,47.495,42.827,39.182,37.717
17.828,17.194,14.532,14.674,17.422,23.497,29.530,39.805,41.631,41.363,42.008,45.501,46.768,51.186,54.279,54.074,54.235,59.209,54.279,52.683,47.611,42.836,39.350,37.760
18.067,17.310,14.592,14.927,17.655,23.693,29.703,39.945,41.764,41.539,42.045,45.613,46.873,51.263,54.343,54.114,54.261,59.281,54.359,52.690,47.701,42.977,39.375,37.853
18.489,17.615,15.024,15.361,18.046,24.017,30.005,40.213,42.027,41.615,42.299,45.810,47.067,51.297,54.344,54.143,54.421,59.318,54.419,52.757,47.781,43.071,39.465,38.031
18.714,17.820,15.237,15.596,18.280,24.077,30.038,40.237,42.085,41.745,42.430,45.912,47.084,51.397,54.458,54.287,54.453,59.435,54.552,52.921,47.839,43.212,39.636,38.164
18.854,17.980,15.397,15.756,18.371,24.201,30.186,40.376,42.149,41.896,42.483,45.928,47.169,51.488,54.534,54.359,54.528,59.486,54.616,53.002,47.945,43.310,39.746,38.288
18.865,18.142,15.550,15.813,18.441,24.347,30.329,40.497,42.279,41.897,42.573,46.075,47.306,51.629,54.673,54.484,54.648,59.586,54.727,53.121,48.096,43.441,39.883,38.340
19.070,18.176,15.574,15.963,18.658,24.535,30.514,40.639,42.393,41.992,42.681,46.173,47.397,51.716,54.744,54.559,54.713,59.676,54.793,53.214,48.196,43.570,40.014,38.438
19.245,18.311,15.757,16.152,18.840,24.691,30.645,40.719,42.461,42.059,42.748,46.226,47.443,51.748,54.761,54.577,54.724,59.678,54.804,53.240,48.246,43.646,40.103,38.524
19.502,18.544,16.017,16.422,19.090,24.885,30.822,40.858,42.579,42.128,42.840,46.292,47.506,51.792,54.773,54.609,54.739,59.685,54.833,53.288,48.306,43.706,40.186,38.595
19.545,18.561,16.022,16.457,19.151,24.968,30.894,40.891,42.580,42.180,42.869,46.316,47.522,51.794,54.789,54.612,54.778,59.747,54.853,53.308,48.313,43.801,40.268,38.626
19.652,18.665,16.112,16.555,19.253,25.038,31.030,41.097,42.813,42.362,43.108,46.574,47.759,52.077,55.040,54.852,54.947,59.997,55.023,53.567,48.582,43.932,40.392,38.818
19.846,18.683,16.184,16.728,19.498,25.293,31.246,41.169,42.828,42.383,43.115,46.581,47.776,52.080,55.082,54.897,55.033,60.002,55.123,53.575,48.623,44.103,40.562,38.840
19.875,18.723,16.221,16.774,19.527,25.315,31.298,41.266,42.883,42.417,43.124,46.598,47.806,52.147,55.113,54.956,55.061,60.105,55.137,53.699,48.672,44.223,40.649,38.890
19.896,18.795,16.287,16.790,19.565,25.396,31.389,41.347,42.970,42.456,43.219,46.714,47.918,52.231,55.156,54.980,55.094,60.191,55.160,53.729,48.807,44.300,40.775,38.946
20.406,19.272,16.790,17.341,20.061,25.719,31.654,41.492,43.099,42.646,43.381,46.797,47.957,52.284,55.209,55.032,55.124,60.225,55.186,53.805,48.812,44.359,40.791,39.122
20.570,19.358,16.894,17.502,20.253,25.872,31.823,41.609,43.176,42.701,43.457,46.871,48.015,52.303,55.253,55.081,55.137,60.250,55.237,53.819,48.896,44.412,40.897,39.184
20.658,19.486,17.019,17.600,20.340,25.969,31.901,41.677,43.266,42.812,43.553,46.973,48.118,52.402,55.312,55.124,55.213,60.292,55.273,53.884,49.000,44.510,41.002,39.327
20.749,19.613,17.143,17.700,20.428,26.055,31.972,41.741,43.350,42.918,43.646,47.065,48.209,52.486,55.398,55.202,55.294,60.358,55.350,53.949,49.087,44.582,41.084,39.453
20.844,19.702,17.236,17.799,20.543,26.181,32.093,41.829,43.442,43.014,43.741,47.178,48.317,52.613,55.523,55.312,55.378,60.405,55.433,54.058,49.225,44.735,41.232,39.597
21.003,19.857,17.388,17.961,20.700,26.300,32.225,41.962,43.572,43.162,43.885,47.313,48.440,52.728,55.615,55.398,55.459,60.464,55.502,54.160,49.342,44.812,41.316,39.725
21.190,20.014,17.567,18.162,20.906,26.473,32.370,42.025,43.611,43.189,43.919,47.335,48.452,52.731,55.635,55.421,55.496,60.490,55.541,54.166,49.372,44.891,41.406,39.790
21.302,20.095,17.657,18.273,21.023,26.576,32.473,42.108,43.674,43.237,43.976,47.384,48.499,52.775,55.650,55.439,55.503,60.522,55.545,54.214,49.422,44.961,41.477,39.830
21.378,20.159,17.727,18.349,21.110,26.674,32.567,42.184,43.745,43.299,44.042,47.459,48.574,52.861,55.732,55.520,55.558,60.617,55.608,54.298,49.512,45.076,41.587,39.915
21.429,20.226,17.791,18.400,21.158,26.740,32.626,42.252,43.823,43.377,44.117,47.539,48.660,52.947,55.824,55.604,55.602,60.706,55.656,54.383,49.596,45.164,41.674,40.002
21.614,20.362,17.954,18.597,21.375,26.929,32.792,42.320,43.863,43.403,44.153,47.574,48.682,52.975,55.826,55.610,55.646,60.708,55.700,54.395,49.655,45.282,41.797,40.086
21.689,20.424,18.023,18.670,21.449,27.012,32.868,42.390,43.920,43.441,44.198,47.615,48.729,53.019,55.866,55.653,55.647,60.779,55.709,54.453,49.699,45.359,41.873,40.119
21.794,20.553,18.152,18.783,21.544,27.096,32.935,42.452,43.989,43.517,44.267,47.671,48.785,53.056,55.901,55.692,55.697,60.792,55.759,54.489,49.739,45.395,41.921,40.191
21.861,20.572,18.178,18.838,21.620,27.179,33.035,42.554,44.069,43.571,44.338,47.747,48.863,53.150,55.992,55.788,55.781,60.933,55.849,54.598,49.830,45.509,42.021,40.235
21.901,20.573,18.192,18.872,21.682,27.281,33.127,42.611,44.108,43.573,44.356,47.783,48.909,53.219,56.055,55.854,55.803,61.056,55.888,54.677,49.907,45.664,42.159,40.278
22.082,20.743,18.370,19.065,21.875,27.427,33.269,42.708,44.198,43.680,44.459,47.879,48.987,53.291,56.115,55.902,55.850,61.074,55.922,54.729,49.996,45.737,42.244,40.403
22.158,20.818,18.452,19.146,21.960,27.516,33.344,42.755,44.245,43.727,44.505,47.929,49.036,53.343,56.162,55.944,55.865,61.113,55.937,54.771,50.057,45.818,42.327,40.479
22.342,20.990,18.643,19.348,22.174,27.711,33.506,42.824,44.306,43.792,44.569,47.997,49.091,53.402,56.202,55.968,55.877,61.120,55.951,54.801,50.148,45.953,42.472,40.620
22.447,21.071,18.733,19.454,22.296,27.834,33.628,42.914,44.388,43.867,44.649,48.086,49.177,53.500,56.294,56.054,55.928,61.219,56.002,54.892,50.256,46.083,42.597,40.723
22.559,21.192,18.849,19.573,22.420,27.934,33.737,43.007,44.494,44.005,44.777,48.222,49.298,53.630,56.425,56.164,56.037,61.296,56.094,54.993,50.394,46.177,42.695,40.885
22.663,21.297,18.950,19.681,22.529,28.019,33.831,43.093,44.585,44.117,44.883,48.329,49.393,53.728,56.522,56.250,56.127,61.358,56.172,55.075,50.497,46.245,42.767,41.001
22.746,21.383,19.029,19.765,22.618,28.098,33.927,43.196,44.697,44.248,45.009,48.464,49.520,53.864,56.663,56.380,56.259,61.473,56.293,55.197,50.632,46.344,42.863,41.136
22.833,21.501,19.142,19.858,22.711,28.202,34.023,43.285,44.808,44.382,45.130,48.598,49.652,54.004,56.808,56.511,56.382,61.579,56.411,55.314,50.776,46.473,42.995,41.305
22.890,21.550,19.199,19.912,22.768,28.285,34.091,43.346,44.861,44.410,45.166,48.635,49.700,54.052,56.854,56.565,56.423,61.660,56.466,55.375,50.823,46.570,43.087,41.343
22.966,21.642,19.287,19.990,22.843,28.367,34.170,43.428,44.953,44.509,45.259,48.732,49.799,54.151,56.956,56.665,56.522,61.751,56.565,55.468,50.922,46.664,43.182,41.450
23.110,21.771,19.420,20.136,22.990,28.494,34.300,43.544,45.061,44.620,45.373,48.840,49.900,54.251,57.050,56.757,56.615,61.838,56.653,55.565,51.027,46.761,43.282,41.558
23.191,21.887,19.526,20.224,23.074,28.572,34.381,43.628,45.170,44.764,45.501,48.978,50.030,54.385,57.192,56.881,56.743,61.922,56.769,55.672,51.163,46.853,43.378,41.723
23.311,21.986,19.631,20.350,23.211,28.682,34.495,43.704,45.239,44.842,45.579,49.059,50.098,54.460,57.258,56.936,56.787,61.967,56.803,55.731,51.251,46.935,43.462,41.823
23.390,22.079,19.708,20.424,23.285,28.753,34.593,43.843,45.394,45.020,45.751,49.239,50.272,54.643,57.454,57.123,56.990,62.140,56.994,55.906,51.423,47.048,43.571,41.983
23.444,22.154,19.791,20.481,23.342,28.853,34.659,43.888,45.448,45.059,45.788,49.285,50.333,54.705,57.516,57.186,57.030,62.214,57.050,55.966,51.489,47.173,43.695,42.065
23.521,22.261,19.886,20.557,23.406,28.923,34.735,43.998,45.575,45.202,45.921,49.418,50.469,54.836,57.658,57.328,57.188,62.337,57.205,56.096,51.611,47.264,43.787,42.192
23.636,22.409,20.033,20.679,23.506,29.024,34.815,44.082,45.668,45.299,46.011,49.495,50.551,54.898,57.720,57.396,57.270,62.384,57.291,56.160,51.672,47.328,43.863,42.283
23.701,22.447,20.063,20.732,23.582,29.103,34.930,44.218,45.803,45.438,46.155,49.657,50.708,55.081,57.910,57.577,57.444,62.585,57.457,56.340,51.848,47.474,43.993,42.416
23.805,22.512,20.135,20.835,23.715,29.228,35.068,44.320,45.897,45.533,46.257,49.777,50.816,55.216,58.039,57.690,57.529,62.712,57.535,56.457,51.995,47.624,44.133,42.549
23.888,22.648,20.257,20.927,23.795,29.310,35.149,44.414,46.025,45.701,46.405,49.935,50.969,55.370,58.204,57.838,57.686,62.812,57.680,56.583,52.147,47.728,44.243,42.738
23.993,22.743,20.355,21.029,23.896,29.413,35.252,44.520,46.123,45.788,46.496,50.022,51.059,55.457,58.290,57.930,57.779,62.915,57.777,56.680,52.233,47.825,44.339,42.814
24.064,22.808,20.421,21.097,23.965,29.484,35.324,44.598,46.195,45.851,46.563,50.086,51.126,55.522,58.354,58.000,57.851,62.996,57.853,56.754,52.295,47.896,44.408,42.866
24.140,22.930,20.533,21.182,24.035,29.554,35.387,44.671,46.295,45.982,46.677,50.203,51.240,55.631,58.471,58.107,57.967,63.060,57.961,56.843,52.404,47.968,44.489,43.010
24.240,23.044,20.640,21.282,24.125,29.633,35.472,44.773,46.403,46.101,46.791,50.310,51.346,55.728,58.571,58.208,58.086,63.146,58.075,56.940,52.496,48.033,44.559,43.108
24.322,23.099,20.698,21.351,24.198,29.726,35.571,44.897,46.508,46.173,46.878,50.392,51.439,55.822,58.665,58.321,58.200,63.304,58.202,57.065,52.578,48.148,44.664,43.147
24.446,23.276,20.855,21.482,24.318,29.830,35.692,45.045,46.696,46.416,47.097,50.621,51.657,56.043,58.901,58.533,58.432,63.454,58.412,57.251,52.795,48.275,44.797,43.398
24.578,23.403,20.986,21.617,24.454,29.960,35.815,45.150,46.796,46.514,47.196,50.718,51.752,56.135,58.989,58.621,58.515,63.540,58.496,57.342,52.893,48.385,44.910,43.504
24.714,23.544,21.115,21.754,24.595,30.074,35.956,45.305,46.964,46.716,47.389,50.918,51.937,56.330,59.189,58.805,58.710,63.694,58.672,57.515,53.087,48.510,45.035,43.701
24.907,23.700,21.286,21.955,24.820,30.275,36.153,45.431,47.077,46.831,47.509,51.049,52.051,56.461,59.306,58.904,58.776,63.793,58.731,57.622,53.242,48.684,45.209,43.871
24.995,23.792,21.379,22.039,24.902,30.385,36.256,45.550,47.194,46.931,47.613,51.153,52.168,56.578,59.426,59.034,58.904,63.945,58.870,57.754,53.351,48.822,45.342,43.964
25.116,23.900,21.485,22.155,25.028,30.516,36.398,45.695,47.337,47.072,47.757,51.305,52.319,56.739,59.589,59.194,59.058,64.117,59.023,57.915,53.511,48.980,45.493,44.107
25.192,23.915,21.514,22.218,25.137,30.664,36.555,45.822,47.445,47.145,47.850,51.428,52.446,56.908,59.754,59.354,59.165,64.345,59.142,58.087,53.687,49.217,45.704,44.227
25.356,24.069,21.668,22.388,25.312,30.808,36.707,45.952,47.573,47.290,47.993,51.571,52.575,57.040,59.881,59.469,59.280,64.440,59.245,58.202,53.828,49.332,45.823,44.382
25.529,24.180,21.802,22.565,25.522,31.000,36.894,46.057,47.650,47.351,48.068,51.656,52.647,57.133,59.954,59.531,59.298,64.527,59.263,58.282,53.946,49.499,45.985,44.498
25.691,24.385,21.994,22.737,25.692,31.164,37.061,46.222,47.849,47.597,48.292,51.897,52.877,57.373,60.203,59.753,59.520,64.697,59.468,58.481,54.190,49.686,46.178,44.781
25.857,24.520,22.128,22.900,25.864,31.302,37.224,46.382,47.995,47.747,48.449,52.050,53.017,57.518,60.343,59.891,59.664,64.837,59.601,58.626,54.337,49.805,46.294,44.912
26.045,24.682,22.296,23.093,26.063,31.463,37.391,46.520,48.120,47.879,48.583,52.178,53.131,57.631,60.446,59.988,59.760,64.924,59.688,58.731,54.462,49.915,46.410,45.044
26.225,24.845,22.440,23.264,26.246,31.604,37.592,46.762,48.368,48.162,48.864,52.466,53.398,57.916,60.740,60.266,60.063,65.185,59.964,59.002,54.736,50.085,46.572,45.287
26.446,25.023,22.618,23.485,26.496,31.816,37.838,46.981,48.578,48.393,49.098,52.715,53.624,58.169,60.988,60.492,60.274,65.407,60.155,59.230,55.001,50.307,46.787,45.537
26.663,25.193,22.799,23.702,26.731,32.026,38.054,47.159,48.732,48.533,49.250,52.866,53.765,58.317,61.124,60.626,60.393,65.560,60.272,59.380,55.161,50.485,46.963,45.686
26.815,25.353,22.951,23.845,26.854,32.150,38.189,47.349,48.918,48.709,49.428,53.026,53.934,58.467,61.280,60.804,60.604,65.746,60.488,59.560,55.292,50.599,47.079,45.776
27.055,25.491,23.118,24.066,27.088,32.386,38.421,47.572,49.064,48.759,49.524,53.090,54.016,58.534,61.324,60.897,60.691,65.949,60.607,59.704,55.355,50.779,47.248,45.794
27.192,25.644,23.273,24.205,27.235,32.573,38.591,47.729,49.235,48.926,49.688,53.273,54.207,58.740,61.534,61.100,60.869,66.159,60.793,59.899,55.564,51.020,47.483,45.990
27.489,25.820,23.481,24.492,27.580,32.915,38.941,47.993,49.442,49.078,49.876,53.477,54.403,58.973,61.742,61.306,61.012,66.452,60.947,60.142,55.821,51.370,47.811,46.188
27.912,26.190,23.874,24.932,28.043,33.315,39.332,48.276,49.699,49.345,50.147,53.748,54.645,59.223,61.965,61.508,61.182,66.636,61.102,60.359,56.109,51.672,48.124,46.514
28.035,26.339,24.015,25.048,28.144,33.448,39.462,48.454,49.885,49.520,50.321,53.918,54.832,59.401,62.153,61.711,61.400,66.851,61.332,60.558,56.269,51.840,48.289,46.659
28.367,26.753,24.410,25.380,28.426,33.749,39.747,48.817,50.277,49.922,50.706,54.278,55.212,59.740,62.509,62.089,61.831,67.194,61.770,60.919,56.583,52.125,48.589,46.999
28.596,27.117,24.732,25.607,28.606,33.986,39.986,49.180,50.717,50.416,51.163,54.744,55.698,60.211,63.023,62.599,62.392,67.638,62.326,61.379,57.016,52.465,48.933,47.461
29.120,27.810,25.370,26.160,29.067,34.345,40.366,49.663,51.284,51.124,51.804,55.345,56.271,60.718,63.557,63.111,63.030,67.948,62.908,61.835,57.503,52.700,49.220,48.078
29.508,28.113,25.692,26.533,29.441,34.698,40.725,50.028,51.582,51.348,52.066,55.569,56.505,60.929,63.748,63.348,63.281,68.265,63.180,62.115,57.707,52.974,49.491,48.215
29.800,28.271,25.843,26.781,29.769,35.037,41.170,50.524,52.039,51.773,52.529,56.075,57.001,61.503,64.331,63.924,63.828,68.955,63.719,62.711,58.261,53.493,49.956,48.601
30.666,28.875,26.446,27.595,30.750,35.964,42.282,51.612,53.058,52.782,53.596,57.231,58.097,62.755,65.580,65.117,64.935,70.290,64.782,63.937,59.521,54.659,51.039,49.630
31.246,29.266,26.789,28.065,31.366,36.711,43.254,52.820,54.242,53.899,54.780,58.525,59.407,64.235,67.121,66.655,66.434,72.077,66.282,65.482,60.914,55.961,52.210,50.637
32.493,30.876,28.116,29.234,32.334,37.501,44.443,54.874,56.530,56.537,57.291,60.970,61.814,66.556,69.639,69.178,69.465,74.265,69.145,67.831,62.981,56.997,53.262,52.567
34.012,32.369,29.466,30.563,33.696,39.162,46.406,57.560,59.251,59.138,59.956,63.697,64.661,69.501,72.745,72.400,72.844,77.815,72.574,71.022,65.671,59.480,55.585,54.678
