0.224,-3.090,-5.031,-6.394,-4.812,3.522,25.518,40.150,44.245,40.713,41.139,45.105,40.635,45.689,41.402,39.143,37.672,44.225,50.243,56.035,51.758,35.816,27.905,24.706
13.242,10.598,9.090,8.149,9.262,15.689,32.123,43.739,47.304,44.450,44.541,47.346,44.439,47.728,44.633,42.838,41.571,46.771,50.663,57.062,51.805,40.720,34.961,31.814
18.958,16.623,15.308,14.606,15.525,21.049,34.794,44.922,48.146,45.782,45.702,47.785,45.824,48.148,45.755,44.173,43.024,47.571,50.923,57.064,52.418,42.499,37.856,34.891
22.399,20.371,19.178,18.549,19.282,24.211,36.278,45.255,48.157,46.043,45.937,47.884,46.058,48.328,45.953,44.538,43.507,47.616,50.923,57.111,52.421,43.010,39.043,36.456
23.425,21.422,20.291,19.720,20.475,25.194,36.789,45.475,48.295,46.281,46.161,47.944,46.326,48.340,46.189,44.827,43.824,47.741,51.002,57.161,52.430,43.444,39.593,36.983
24.724,22.803,21.722,21.192,21.937,26.439,37.512,45.783,48.440,46.578,46.465,48.139,46.632,48.440,46.513,45.212,44.266,47.856,51.015,57.245,52.452,43.845,40.180,37.747
25.365,23.443,22.437,21.889,22.648,26.998,37.908,46.085,48.458,46.756,46.645,48.153,46.822,48.554,46.664,45.445,44.484,47.989,51.113,57.328,52.474,44.422,40.605,37.847
26.035,24.139,23.175,22.657,23.415,27.624,38.208,46.111,48.857,46.789,46.697,48.500,46.843,48.575,46.698,45.564,44.628,48.069,51.118,57.342,52.476,44.625,40.929,38.135
26.732,24.904,23.952,23.443,24.148,28.264,38.535,46.219,48.933,46.895,46.793,48.518,46.962,48.598,46.790,45.574,44.730,48.093,51.125,57.477,52.505,44.667,41.197,38.503
27.227,25.458,24.519,23.999,24.659,28.705,38.780,46.339,48.988,47.007,46.894,48.531,47.062,48.705,46.880,45.690,44.763,48.174,51.131,57.499,52.517,44.778,41.343,38.707
27.886,26.207,25.259,24.731,25.301,29.297,38.958,46.427,49.033,47.049,46.944,48.557,47.086,48.723,46.913,45.747,44.836,48.201,51.165,57.547,52.551,44.830,41.403,39.052
28.107,26.421,25.514,24.988,25.519,29.477,39.090,46.536,49.094,47.142,47.002,48.578,47.144,48.729,46.924,45.780,44.877,48.237,51.215,57.555,52.604,44.853,41.565,39.081
28.111,26.454,25.536,25.096,25.716,29.551,39.113,46.551,49.111,47.160,47.041,48.602,47.169,48.741,46.988,45.837,44.943,48.309,51.277,57.556,52.608,44.880,41.647,39.100
28.338,26.702,25.745,25.218,25.764,29.697,39.296,46.665,49.188,47.289,47.121,48.604,47.254,48.772,47.018,45.867,44.972,48.413,51.284,57.569,52.694,44.896,41.822,39.347
28.605,27.040,26.059,25.520,25.934,29.917,39.354,46.710,49.274,47.334,47.181,48.665,47.328,48.772,47.098,45.947,45.044,48.441,51.299,57.687,52.760,44.988,41.831,39.483
28.715,27.140,26.154,25.622,26.047,30.045,39.510,46.835,49.346,47.479,47.308,48.696,47.450,48.777,47.216,46.060,45.167,48.616,51.330,57.734,52.814,45.004,41.986,39.677
28.787,27.194,26.203,25.680,26.102,30.118,39.588,46.977,49.507,47.649,47.458,48.827,47.625,48.870,47.358,46.192,45.284,48.759,51.334,57.785,52.835,45.154,42.162,39.782
28.922,27.288,26.325,25.824,26.306,30.276,39.745,47.058,49.534,47.678,47.504,48.833,47.635,48.909,47.398,46.269,45.397,48.789,51.340,57.801,52.887,45.201,42.336,39.902
29.326,27.756,26.805,26.303,26.755,30.644,39.898,47.078,49.547,47.728,47.557,48.926,47.718,49.029,47.478,46.349,45.474,48.814,51.347,57.834,52.915,45.343,42.378,40.060
29.495,27.989,27.017,26.487,26.859,30.765,39.937,47.138,49.578,47.810,47.634,48.947,47.780,49.049,47.551,46.394,45.488,48.894,51.353,57.871,52.956,45.352,42.383,40.117
29.695,28.183,27.219,26.709,27.106,30.982,40.105,47.170,49.667,47.820,47.639,49.012,47.822,49.074,47.553,46.430,45.572,48.923,51.364,57.882,52.984,45.383,42.494,40.322
29.830,28.343,27.372,26.845,27.211,31.097,40.208,47.259,49.706,47.877,47.708,49.046,47.832,49.087,47.609,46.487,45.627,49.000,51.384,57.905,53.019,45.412,42.555,40.408
29.964,28.495,27.524,26.987,27.334,31.212,40.294,47.322,49.729,47.921,47.754,49.057,47.866,49.090,47.646,46.527,45.668,49.043,51.419,57.930,53.034,45.428,42.613,40.473
30.082,28.650,27.659,27.099,27.393,31.306,40.386,47.409,49.813,47.991,47.822,49.101,47.912,49.149,47.695,46.570,45.709,49.139,51.459,57.939,53.050,45.446,42.651,40.576
30.244,28.811,27.830,27.285,27.597,31.474,40.495,47.461,49.833,48.049,47.884,49.156,47.980,49.178,47.770,46.654,45.804,49.192,51.475,57.997,53.057,45.498,42.747,40.697
30.411,28.989,28.017,27.466,27.774,31.629,40.617,47.544,49.906,48.112,47.954,49.235,48.039,49.235,47.838,46.730,45.885,49.252,51.526,58.065,53.104,45.590,42.833,40.787
30.566,29.152,28.186,27.634,27.940,31.774,40.725,47.623,49.979,48.179,48.024,49.308,48.105,49.293,47.905,46.804,45.961,49.311,51.531,58.067,53.155,45.682,42.927,40.875
30.713,29.319,28.349,27.785,28.081,31.919,40.886,47.743,50.063,48.276,48.137,49.426,48.191,49.407,48.021,46.924,46.091,49.441,51.631,58.136,53.235,45.751,42.997,41.022
30.846,29.463,28.503,27.936,28.232,32.040,40.959,47.772,50.081,48.287,48.154,49.449,48.201,49.413,48.036,46.949,46.121,49.444,51.631,58.138,53.248,45.798,43.044,41.067
30.946,29.573,28.609,28.033,28.312,32.129,41.053,47.872,50.188,48.364,48.233,49.532,48.260,49.417,48.089,47.006,46.172,49.513,51.666,58.277,53.331,45.874,43.124,41.142
31.043,29.688,28.726,28.138,28.393,32.200,41.085,47.886,50.216,48.374,48.242,49.538,48.280,49.476,48.115,47.027,46.197,49.535,51.707,58.312,53.338,45.882,43.140,41.148
31.165,29.810,28.852,28.265,28.531,32.330,41.219,47.999,50.309,48.474,48.350,49.655,48.372,49.556,48.215,47.135,46.308,49.633,51.791,58.417,53.429,45.997,43.246,41.274
31.275,29.928,28.964,28.372,28.629,32.437,41.337,48.117,50.422,48.588,48.465,49.767,48.480,49.664,48.328,47.246,46.420,49.758,51.898,58.453,53.549,46.088,43.345,41.395
31.433,30.105,29.142,28.541,28.789,32.589,41.474,48.204,50.475,48.654,48.543,49.846,48.538,49.738,48.409,47.333,46.517,49.845,51.956,58.525,53.598,46.142,43.407,41.519
31.491,30.167,29.199,28.595,28.834,32.643,41.537,48.275,50.549,48.724,48.612,49.911,48.605,49.797,48.474,47.395,46.578,49.920,52.018,58.547,53.678,46.193,43.467,41.587
31.587,30.266,29.299,28.697,28.939,32.741,41.620,48.338,50.599,48.787,48.678,49.973,48.669,49.868,48.544,47.467,46.654,49.987,52.078,58.634,53.728,46.256,43.536,41.675
31.678,30.356,29.385,28.794,29.035,32.836,41.680,48.392,50.650,48.865,48.745,50.016,48.752,49.937,48.615,47.536,46.723,50.058,52.132,58.700,53.785,46.313,43.627,41.778
31.768,30.455,29.485,28.891,29.121,32.915,41.729,48.426,50.685,48.893,48.772,50.037,48.776,49.943,48.635,47.559,46.746,50.080,52.139,58.754,53.806,46.344,43.672,41.821
31.853,30.533,29.564,28.977,29.219,33.011,41.829,48.522,50.770,49.000,48.879,50.140,48.889,50.073,48.751,47.674,46.864,50.191,52.256,58.794,53.903,46.446,43.775,41.940
31.927,30.600,29.634,29.052,29.300,33.087,41.895,48.596,50.852,49.080,48.955,50.217,48.973,50.153,48.828,47.751,46.939,50.260,52.338,58.844,53.980,46.542,43.868,42.008
32.048,30.734,29.766,29.181,29.422,33.206,42.003,48.671,50.903,49.149,49.029,50.284,49.037,50.226,48.905,47.830,47.025,50.344,52.396,58.956,54.034,46.590,43.931,42.121
32.136,30.828,29.861,29.274,29.508,33.287,42.065,48.722,50.954,49.195,49.075,50.328,49.081,50.259,48.948,47.875,47.070,50.387,52.430,59.047,54.076,46.640,43.988,42.178
32.224,30.929,29.957,29.367,29.585,33.366,42.118,48.757,50.982,49.229,49.107,50.345,49.109,50.270,48.975,47.902,47.098,50.425,52.434,59.109,54.102,46.648,44.026,42.243
32.287,31.002,30.024,29.426,29.630,33.424,42.187,48.832,51.058,49.297,49.175,50.410,49.170,50.323,49.038,47.963,47.158,50.502,52.492,59.141,54.183,46.693,44.079,42.312
32.394,31.112,30.134,29.534,29.736,33.529,42.290,48.928,51.150,49.390,49.270,50.505,49.262,50.416,49.133,48.058,47.255,50.599,52.583,59.190,54.275,46.783,44.172,42.413
32.495,31.208,30.229,29.640,29.857,33.646,42.399,49.015,51.210,49.495,49.376,50.598,49.374,50.555,49.253,48.179,47.384,50.714,52.693,59.245,54.353,46.870,44.272,42.559
32.600,31.309,30.331,29.756,29.983,33.760,42.478,49.072,51.249,49.573,49.449,50.652,49.460,50.647,49.337,48.263,47.472,50.790,52.760,59.245,54.400,46.939,44.367,42.677
32.746,31.450,30.474,29.915,30.164,33.930,42.631,49.179,51.308,49.702,49.583,50.769,49.599,50.834,49.494,48.422,47.647,50.938,52.899,59.336,54.484,47.046,44.492,42.880
32.856,31.575,30.601,30.027,30.270,34.031,42.749,49.274,51.389,49.765,49.660,50.866,49.653,50.902,49.567,48.501,47.731,51.017,52.972,59.405,54.555,47.118,44.544,42.954
32.942,31.665,30.690,30.112,30.353,34.117,42.847,49.368,51.478,49.851,49.751,50.962,49.736,50.993,49.658,48.593,47.824,51.111,53.064,59.504,54.646,47.201,44.620,43.042
33.078,31.788,30.819,30.256,30.515,34.262,42.965,49.476,51.581,49.978,49.874,51.077,49.875,51.139,49.790,48.726,47.960,51.225,53.195,59.575,54.747,47.347,44.771,43.182
33.183,31.898,30.930,30.360,30.616,34.364,43.082,49.588,51.691,50.075,49.977,51.193,49.967,51.238,49.891,48.829,48.064,51.329,53.300,59.651,54.853,47.451,44.859,43.274
33.274,31.991,31.022,30.453,30.714,34.461,43.185,49.676,51.760,50.163,50.070,51.285,50.056,51.347,49.991,48.930,48.170,51.429,53.396,59.686,54.932,47.528,44.938,43.385
33.356,32.072,31.100,30.538,30.800,34.548,43.255,49.740,51.815,50.243,50.145,51.342,50.139,51.429,50.070,49.008,48.250,51.511,53.462,59.829,54.998,47.586,45.021,43.489
33.443,32.159,31.188,30.631,30.896,34.637,43.322,49.793,51.860,50.303,50.203,51.392,50.202,51.492,50.132,49.070,48.315,51.568,53.514,59.936,55.042,47.646,45.092,43.570
33.540,32.255,31.279,30.726,30.989,34.740,43.427,49.901,51.963,50.426,50.321,51.496,50.326,51.616,50.254,49.188,48.434,51.698,53.628,59.979,55.161,47.738,45.204,43.706
33.661,32.397,31.416,30.846,31.096,34.855,43.569,50.019,52.058,50.515,50.425,51.611,50.402,51.711,50.355,49.292,48.544,51.815,53.722,60.022,55.261,47.806,45.265,43.819
33.734,32.471,31.487,30.917,31.166,34.929,43.647,50.096,52.130,50.594,50.504,51.686,50.480,51.793,50.436,49.372,48.625,51.900,53.799,60.169,55.340,47.872,45.336,43.907
33.826,32.560,31.575,31.003,31.253,35.024,43.762,50.225,52.264,50.722,50.633,51.821,50.608,51.925,50.565,49.499,48.750,52.030,53.937,60.224,55.479,47.999,45.454,44.017
33.959,32.678,31.695,31.150,31.420,35.175,43.856,50.300,52.323,50.843,50.740,51.893,50.746,52.065,50.688,49.620,48.877,52.138,54.040,60.343,55.552,48.108,45.605,44.186
34.056,32.773,31.789,31.245,31.521,35.278,43.977,50.423,52.441,50.965,50.866,52.023,50.870,52.203,50.817,49.750,49.007,52.267,54.176,60.438,55.677,48.230,45.717,44.305
34.131,32.853,31.868,31.317,31.583,35.347,44.053,50.503,52.524,51.036,50.938,52.098,50.935,52.262,50.885,49.816,49.073,52.342,54.242,60.439,55.758,48.293,45.780,44.372
34.194,32.913,31.923,31.380,31.648,35.417,44.113,50.566,52.584,51.118,51.013,52.157,51.021,52.345,50.964,49.892,49.149,52.422,54.314,60.525,55.831,48.355,45.862,44.464
34.320,33.050,32.056,31.514,31.781,35.550,44.236,50.649,52.629,51.205,51.106,52.235,51.106,52.454,51.067,49.996,49.264,52.534,54.392,60.589,55.894,48.403,45.936,44.617
34.425,33.150,32.161,31.618,31.897,35.659,44.364,50.777,52.754,51.323,51.231,52.374,51.226,52.594,51.195,50.128,49.397,52.653,54.531,60.682,56.015,48.546,46.051,44.722
34.513,33.241,32.251,31.716,31.986,35.742,44.395,50.793,52.769,51.355,51.253,52.377,51.260,52.601,51.216,50.147,49.417,52.675,54.535,60.705,56.025,48.563,46.108,44.785
34.645,33.377,32.389,31.858,32.135,35.879,44.515,50.883,52.836,51.446,51.348,52.466,51.353,52.711,51.318,50.254,49.530,52.772,54.622,60.751,56.094,48.653,46.204,44.914
34.750,33.496,32.501,31.963,32.223,35.976,44.608,50.968,52.916,51.524,51.427,52.537,51.423,52.771,51.392,50.326,49.604,52.861,54.681,60.861,56.177,48.704,46.273,45.010
34.897,33.638,32.647,32.126,32.393,36.126,44.688,51.023,52.965,51.607,51.498,52.580,51.516,52.847,51.470,50.406,49.685,52.925,54.735,60.888,56.219,48.790,46.397,45.135
35.018,33.762,32.776,32.259,32.533,36.250,44.788,51.087,53.006,51.671,51.566,52.645,51.582,52.929,51.545,50.486,49.773,52.993,54.797,60.895,56.257,48.860,46.473,45.240
35.120,33.871,32.872,32.353,32.608,36.351,44.891,51.208,53.130,51.806,51.692,52.746,51.712,53.037,51.667,50.599,49.883,53.136,54.903,61.104,56.402,48.938,46.589,45.383
35.208,33.976,32.967,32.438,32.668,36.427,44.968,51.287,53.210,51.876,51.760,52.805,51.771,53.075,51.726,50.655,49.937,53.217,54.947,61.237,56.486,48.969,46.644,45.464
35.337,34.115,33.102,32.567,32.795,36.560,45.121,51.415,53.311,51.995,51.890,52.936,51.886,53.217,51.862,50.792,50.082,53.363,55.073,61.355,56.602,49.061,46.739,45.619
35.478,34.260,33.247,32.708,32.940,36.705,45.283,51.565,53.446,52.135,52.038,53.093,52.023,53.376,52.014,50.946,50.241,53.516,55.227,61.482,56.742,49.200,46.865,45.769
35.564,34.350,33.330,32.782,32.991,36.776,45.365,51.686,53.600,52.252,52.147,53.199,52.133,53.445,52.107,51.033,50.316,53.624,55.324,61.686,56.892,49.303,46.976,45.843
35.654,34.441,33.419,32.870,33.081,36.871,45.475,51.796,53.703,52.361,52.258,53.312,52.241,53.565,52.222,51.147,50.432,53.742,55.441,61.799,57.003,49.402,47.072,45.956
35.783,34.562,33.538,32.991,33.208,37.007,45.632,51.971,53.881,52.544,52.440,53.493,52.427,53.758,52.406,51.328,50.612,53.927,55.634,61.998,57.193,49.577,47.243,46.124
35.889,34.659,33.635,33.095,33.317,37.118,45.741,52.096,54.016,52.685,52.573,53.621,52.573,53.898,52.541,51.460,50.741,54.059,55.774,62.145,57.333,49.717,47.388,46.251
36.066,34.861,33.828,33.281,33.482,37.288,45.884,52.197,54.084,52.779,52.672,53.697,52.658,53.980,52.640,51.559,50.849,54.178,55.834,62.252,57.411,49.759,47.473,46.418
36.175,34.990,33.946,33.378,33.546,37.378,46.002,52.332,54.232,52.890,52.785,53.814,52.752,54.048,52.737,51.652,50.936,54.303,55.925,62.461,57.560,49.835,47.556,46.512
36.338,35.148,34.108,33.532,33.710,37.543,46.215,52.559,54.464,53.097,53.003,54.061,52.957,54.278,52.954,51.872,51.156,54.517,56.170,62.668,57.788,50.069,47.745,46.682
36.455,35.279,34.228,33.639,33.792,37.650,46.346,52.708,54.622,53.236,53.141,54.195,53.084,54.386,53.082,51.994,51.273,54.668,56.292,62.892,57.955,50.169,47.858,46.810
36.554,35.367,34.314,33.734,33.889,37.752,46.438,52.822,54.751,53.372,53.265,54.306,53.225,54.510,53.206,52.113,51.387,54.790,56.418,63.044,58.090,50.298,48.001,46.931
36.787,35.605,34.561,33.958,34.120,37.979,46.736,53.122,55.052,53.618,53.536,54.635,53.462,54.785,53.472,52.387,51.664,55.052,56.722,63.280,58.372,50.598,48.221,47.129
37.077,35.910,34.880,34.249,34.418,38.258,47.083,53.431,55.338,53.852,53.809,54.976,53.684,55.064,53.742,52.673,51.959,55.316,57.022,63.460,58.631,50.898,48.431,47.350
37.321,36.198,35.172,34.505,34.635,38.460,47.267,53.564,55.466,53.912,53.891,55.089,53.717,55.076,53.800,52.743,52.033,55.388,57.062,63.527,58.709,50.987,48.501,47.432
37.511,36.384,35.365,34.687,34.822,38.643,47.488,53.804,55.725,54.125,54.113,55.345,53.927,55.292,54.015,52.962,52.247,55.595,57.307,63.742,58.949,51.246,48.709,47.591
37.721,36.537,35.539,34.890,35.083,38.883,47.750,54.126,56.087,54.483,54.460,55.718,54.315,55.703,54.376,53.323,52.598,55.906,57.732,64.016,59.304,51.701,49.098,47.849
37.942,36.742,35.745,35.102,35.288,39.092,47.938,54.374,56.397,54.748,54.705,55.957,54.585,55.913,54.604,53.546,52.802,56.126,57.978,64.330,59.591,51.998,49.396,48.036
38.209,37.006,36.009,35.359,35.524,39.336,48.175,54.668,56.753,55.037,54.979,56.237,54.868,56.132,54.854,53.791,53.029,56.379,58.245,64.697,59.918,52.315,49.707,48.243
38.477,37.244,36.273,35.626,35.814,39.591,48.420,54.963,57.119,55.316,55.253,56.559,55.158,56.390,55.113,54.058,53.278,56.593,58.562,64.919,60.219,52.737,50.049,48.397
38.834,37.568,36.616,35.984,36.198,39.947,48.755,55.338,57.544,55.702,55.628,56.955,55.560,56.770,55.483,54.432,53.639,56.924,58.972,65.247,60.606,53.222,50.488,48.699
39.146,37.846,36.919,36.269,36.491,40.228,49.096,55.801,58.136,56.120,56.042,57.452,55.978,57.128,55.858,54.812,53.983,57.264,59.450,65.713,61.116,53.813,50.947,48.877
39.427,38.115,37.191,36.537,36.766,40.508,49.415,56.161,58.524,56.472,56.394,57.827,56.331,57.479,56.205,55.156,54.320,57.605,59.829,66.091,61.498,54.196,51.292,49.164
39.874,38.583,37.625,36.970,37.147,40.950,49.840,56.622,58.993,56.975,56.869,58.231,56.822,57.906,56.670,55.601,54.756,58.126,60.243,66.778,62.017,54.548,51.758,49.704
40.353,39.053,38.107,37.416,37.567,41.381,50.342,57.245,59.741,57.534,57.427,58.865,57.365,58.369,57.177,56.109,55.228,58.628,60.834,67.467,62.689,55.230,52.331,50.040
41.581,40.147,39.271,38.555,38.845,42.638,51.976,59.154,61.844,59.339,59.278,60.992,59.202,60.323,59.012,57.956,57.030,60.345,63.003,69.223,64.706,57.463,54.097,51.283
42.813,41.291,40.481,39.760,40.174,43.896,53.431,60.700,63.465,60.802,60.791,62.702,60.696,61.949,60.533,59.504,58.566,61.754,64.732,70.468,66.247,59.271,55.577,52.455
44.842,42.921,42.336,41.700,42.606,46.087,56.170,63.859,66.945,63.883,63.956,66.423,63.951,65.594,63.762,62.795,61.797,64.541,68.674,72.746,69.506,63.510,58.801,54.497
