-11.522,-18.721,-25.711,-29.339,-28.902,-21.125,-1.783,10.956,15.270,9.707,6.812,4.697,0.388,-2.089,-5.765,-2.687,0.630,9.948,14.407,28.379,16.677,2.149,-8.297,-20.148
6.724,1.487,-3.567,-6.213,-5.919,0.286,14.189,23.894,26.886,23.164,21.005,19.310,16.032,14.626,12.006,14.075,16.401,22.807,26.348,36.113,27.788,17.366,9.881,1.157
12.040,7.316,2.988,0.609,0.816,6.439,18.580,27.693,30.346,26.737,24.893,23.534,20.398,19.540,17.008,18.806,20.812,26.343,29.667,38.475,31.125,21.876,15.339,7.360
15.320,10.968,6.959,4.800,5.005,10.344,21.408,29.793,32.159,29.065,27.334,25.962,23.188,22.465,20.276,21.810,23.614,28.580,31.704,39.626,32.939,24.530,18.488,11.174
17.505,13.433,9.710,7.675,7.848,13.039,23.353,31.417,33.592,30.753,29.123,27.818,25.103,24.594,22.510,23.913,25.576,30.093,33.135,40.436,34.237,26.396,20.810,13.901
18.780,14.844,11.281,9.310,9.472,14.331,24.293,32.042,34.185,31.280,29.741,28.565,25.930,25.399,23.320,24.726,26.346,30.784,33.662,40.851,34.825,27.218,21.829,15.151
20.074,16.340,12.819,10.893,11.060,15.749,25.597,32.928,35.023,32.340,30.809,29.631,27.031,26.329,24.324,25.786,27.410,31.785,34.498,41.353,35.497,28.087,22.893,16.536
20.581,16.905,13.462,11.541,11.690,16.341,26.076,33.418,35.496,32.780,31.282,30.163,27.485,26.852,24.791,26.272,27.878,32.177,34.884,41.661,35.886,28.552,23.483,17.171
21.154,17.539,14.184,12.276,12.409,16.973,26.562,33.870,35.933,33.166,31.710,30.663,27.938,27.359,25.253,26.746,28.332,32.562,35.240,41.954,36.265,29.023,24.077,17.829
21.918,18.421,15.102,13.234,13.371,17.892,27.336,34.422,36.424,33.851,32.397,31.319,28.643,28.021,25.998,27.474,29.039,33.165,35.777,42.227,36.681,29.608,24.786,18.732
22.398,18.959,15.669,13.834,13.974,18.499,27.802,34.778,36.726,34.290,32.837,31.725,29.111,28.505,26.558,27.983,29.518,33.547,36.143,42.416,36.975,30.031,25.275,19.326
22.828,19.437,16.172,14.369,14.513,19.060,28.223,35.111,37.004,34.706,33.253,32.101,29.549,28.970,27.101,28.469,29.972,33.900,36.491,42.594,37.253,30.433,25.733,19.876
23.648,20.342,17.210,15.443,15.563,20.091,28.689,35.463,37.280,34.868,33.535,32.531,30.053,29.676,27.804,29.074,30.472,34.178,36.709,42.687,37.591,31.085,26.617,20.906
23.711,20.414,17.387,15.664,15.779,20.096,28.956,35.844,37.667,35.404,33.999,32.898,30.311,29.895,28.018,29.333,30.773,34.504,37.110,43.013,37.856,31.237,26.725,20.959
24.006,20.754,17.664,15.920,16.038,20.564,29.293,36.115,37.897,35.714,34.320,33.213,30.647,30.265,28.424,29.707,31.121,34.763,37.359,43.124,38.060,31.550,27.116,21.431
24.114,20.866,17.777,16.022,16.133,20.725,29.476,36.368,38.144,35.980,34.579,33.464,30.842,30.497,28.635,29.925,31.339,34.953,37.583,43.315,38.259,31.741,27.330,21.624
24.189,20.944,17.840,16.083,16.197,20.820,29.593,36.485,38.256,36.130,34.719,33.583,30.960,30.609,28.759,30.047,31.464,35.073,37.711,43.415,38.360,31.840,27.423,21.721
24.309,21.064,17.924,16.168,16.289,20.967,29.783,36.654,38.414,36.322,34.935,33.754,31.154,30.774,28.965,30.242,31.664,35.272,37.919,43.574,38.515,31.990,27.549,21.859
24.519,21.252,18.113,16.349,16.469,21.129,29.901,36.690,38.432,36.374,34.938,33.807,31.289,30.954,29.133,30.393,31.778,35.339,37.942,43.607,38.615,32.196,27.747,22.022
24.647,21.417,18.356,16.636,16.754,21.298,29.966,36.871,38.648,36.546,35.117,33.952,31.342,30.966,29.163,30.419,31.846,35.483,38.132,43.827,38.767,32.209,27.798,22.159
25.054,21.889,18.809,17.103,17.228,21.810,30.408,37.077,38.782,36.848,35.437,34.250,31.753,31.365,29.640,30.866,32.250,35.764,38.345,43.856,38.899,32.548,28.197,22.665
25.224,22.073,18.990,17.287,17.414,22.025,30.614,37.272,38.964,37.083,35.664,34.457,31.960,31.576,29.870,31.087,32.468,35.956,38.543,43.969,39.062,32.733,28.397,22.885
25.437,22.311,19.198,17.520,17.660,22.353,30.895,37.468,39.109,37.424,35.975,34.678,32.267,31.868,30.273,31.429,32.792,36.212,38.809,44.072,39.224,32.972,28.629,23.188
25.626,22.520,19.423,17.744,17.880,22.580,31.103,37.682,39.316,37.641,36.196,34.906,32.466,32.085,30.477,31.640,32.999,36.394,38.994,44.217,39.394,33.163,28.857,23.431
25.723,22.624,19.517,17.842,17.982,22.683,31.211,37.756,39.385,37.744,36.293,34.988,32.566,32.164,30.577,31.736,33.097,36.493,39.084,44.283,39.465,33.241,28.931,23.525
25.856,22.770,19.524,17.853,18.038,22.896,31.419,37.938,39.537,38.024,36.548,35.181,32.793,32.387,30.862,31.988,33.341,36.695,39.305,44.399,39.611,33.422,29.107,23.733
25.923,22.829,19.637,17.971,18.118,23.004,31.770,38.172,39.751,38.447,36.958,35.418,33.131,32.555,31.192,32.298,33.688,37.029,39.626,44.589,39.822,33.571,29.120,23.789
26.171,23.140,20.003,18.340,18.488,23.292,31.822,38.274,39.853,38.560,36.982,35.564,33.153,32.717,31.213,32.354,33.711,37.095,39.718,44.667,39.848,33.701,29.442,24.140
26.310,23.287,20.139,18.481,18.633,23.443,31.976,38.393,39.965,38.600,37.103,35.690,33.301,32.845,31.364,32.500,33.857,37.173,39.762,44.695,39.961,33.825,29.561,24.280
26.405,23.382,20.237,18.576,18.726,23.515,32.057,38.474,40.054,38.661,37.169,35.771,33.372,32.909,31.413,32.561,33.923,37.253,39.834,44.791,40.048,33.901,29.638,24.354
26.582,23.582,20.446,18.798,18.950,23.736,32.228,38.592,40.153,38.815,37.323,35.910,33.539,33.073,31.609,32.740,34.091,37.388,39.959,44.848,40.143,34.045,29.806,24.566
26.750,23.756,20.633,18.994,19.147,23.911,32.357,38.696,40.250,38.913,37.429,36.021,33.672,33.212,31.760,32.878,34.221,37.505,40.065,44.944,40.257,34.185,29.955,24.733
26.829,23.846,20.707,19.067,19.223,24.016,32.489,38.813,40.360,39.076,37.578,36.147,33.794,33.318,31.881,33.002,34.349,37.627,40.190,45.025,40.344,34.274,30.046,24.840
26.949,23.975,20.853,19.220,19.373,24.149,32.579,38.892,40.433,39.143,37.654,36.233,33.886,33.425,31.988,33.101,34.441,37.701,40.259,45.082,40.420,34.376,30.166,24.973
27.044,24.068,20.951,19.319,19.473,24.225,32.648,38.948,40.493,39.185,37.701,36.289,33.951,33.482,32.043,33.159,34.498,37.768,40.316,45.155,40.490,34.445,30.234,25.043
27.165,24.196,21.079,19.460,19.618,24.363,32.746,39.000,40.531,39.262,37.777,36.349,34.055,33.579,32.177,33.269,34.600,37.853,40.392,45.198,40.553,34.541,30.327,25.164
27.321,24.371,21.271,19.665,19.824,24.533,32.860,39.057,40.577,39.325,37.848,36.424,34.158,33.676,32.292,33.375,34.697,37.932,40.449,45.220,40.606,34.636,30.444,25.322
27.410,24.463,21.348,19.747,19.911,24.655,32.981,39.164,40.670,39.479,37.990,36.535,34.291,33.806,32.455,33.519,34.837,38.055,40.581,45.309,40.705,34.749,30.548,25.438
27.505,24.555,21.444,19.848,20.013,24.770,33.067,39.254,40.750,39.574,38.085,36.622,34.395,33.926,32.589,33.635,34.945,38.145,40.678,45.391,40.800,34.861,30.659,25.550
27.580,24.624,21.501,19.909,20.077,24.843,33.144,39.318,40.811,39.657,38.162,36.683,34.479,34.000,32.684,33.719,35.028,38.231,40.765,45.473,40.878,34.940,30.720,25.614
27.712,24.769,21.636,20.053,20.226,25.031,33.309,39.456,40.927,39.854,38.347,36.832,34.656,34.178,32.905,33.915,35.216,38.385,40.926,45.560,40.994,35.090,30.874,25.796
27.800,24.861,21.717,20.136,20.312,25.147,33.431,39.567,41.027,40.004,38.487,36.947,34.783,34.300,33.049,34.049,35.348,38.505,41.052,45.649,41.091,35.197,30.977,25.910
27.892,24.964,21.818,20.237,20.413,25.266,33.552,39.686,41.140,40.145,38.623,37.074,34.901,34.418,33.172,34.173,35.472,38.615,41.167,45.729,41.183,35.298,31.091,26.035
27.982,25.055,21.918,20.342,20.518,25.354,33.611,39.731,41.182,40.180,38.664,37.121,34.963,34.486,33.245,34.237,35.531,38.669,41.214,45.779,41.241,35.370,31.165,26.117
28.087,25.172,22.031,20.456,20.633,25.476,33.738,39.839,41.286,40.313,38.792,37.239,35.080,34.593,33.360,34.355,35.650,38.781,41.323,45.857,41.328,35.466,31.271,26.240
28.152,25.242,22.095,20.523,20.702,25.561,33.821,39.912,41.351,40.410,38.884,37.316,35.165,34.675,33.457,34.445,35.739,38.859,41.404,45.910,41.390,35.538,31.343,26.323
28.281,25.372,22.254,20.691,20.866,25.706,33.895,39.994,41.424,40.460,38.949,37.399,35.258,34.804,33.585,34.555,35.834,38.927,41.473,45.978,41.482,35.663,31.487,26.469
28.357,25.440,22.323,20.764,20.940,25.778,33.952,40.050,41.477,40.500,38.997,37.449,35.326,34.878,33.668,34.626,35.900,38.991,41.539,46.052,41.556,35.741,31.556,26.534
28.419,25.488,22.371,20.812,20.989,25.798,33.972,40.070,41.508,40.511,39.001,37.458,35.349,34.896,33.680,34.638,35.914,39.028,41.568,46.131,41.616,35.787,31.582,26.544
28.520,25.591,22.484,20.932,21.110,25.897,34.037,40.114,41.549,40.537,39.040,37.505,35.417,34.966,33.760,34.708,35.978,39.085,41.616,46.178,41.674,35.862,31.661,26.635
28.656,25.726,22.623,21.080,21.260,26.032,34.139,40.190,41.617,40.614,39.120,37.582,35.526,35.074,33.887,34.819,36.082,39.183,41.706,46.263,41.769,35.977,31.770,26.757
28.733,25.808,22.699,21.156,21.337,26.135,34.247,40.298,41.718,40.749,39.248,37.694,35.637,35.187,34.011,34.938,36.200,39.288,41.819,46.345,41.859,36.074,31.870,26.863
28.855,25.926,22.829,21.299,21.482,26.258,34.311,40.337,41.748,40.761,39.278,37.732,35.718,35.278,34.126,35.027,36.277,39.351,41.875,46.400,41.929,36.174,31.965,26.970
28.940,26.003,22.916,21.392,21.576,26.315,34.337,40.349,41.764,40.779,39.285,37.739,35.750,35.312,34.162,35.055,36.299,39.381,41.893,46.451,41.978,36.229,32.012,27.014
29.040,26.094,23.026,21.512,21.694,26.426,34.384,40.409,41.814,40.795,39.323,37.791,35.826,35.425,34.283,35.149,36.378,39.436,41.956,46.522,42.065,36.342,32.125,27.120
29.152,26.205,23.144,21.637,21.820,26.543,34.469,40.482,41.880,40.866,39.397,37.864,35.922,35.527,34.399,35.250,36.472,39.519,42.037,46.597,42.151,36.446,32.228,27.231
29.261,26.315,23.253,21.744,21.928,26.637,34.573,40.576,41.980,40.955,39.487,37.960,36.015,35.609,34.475,35.335,36.561,39.619,42.129,46.700,42.247,36.535,32.317,27.323
29.350,26.398,23.329,21.821,22.007,26.726,34.665,40.667,42.069,41.055,39.584,38.047,36.115,35.707,34.585,35.436,36.661,39.721,42.234,46.806,42.349,36.636,32.405,27.406
29.434,26.476,23.402,21.895,22.083,26.800,34.743,40.743,42.147,41.132,39.659,38.119,36.196,35.784,34.667,35.515,36.740,39.806,42.319,46.900,42.438,36.719,32.478,27.476
29.539,26.582,23.515,22.006,22.191,26.876,34.822,40.816,42.229,41.177,39.712,38.192,36.262,35.840,34.705,35.568,36.797,39.881,42.380,46.992,42.520,36.792,32.553,27.549
29.641,26.688,23.609,22.102,22.291,26.990,34.946,40.918,42.326,41.312,39.838,38.299,36.384,35.947,34.832,35.689,36.920,40.001,42.499,47.085,42.617,36.894,32.648,27.658
29.752,26.805,23.725,22.223,22.413,27.124,35.065,41.027,42.425,41.440,39.963,38.413,36.508,36.074,34.975,35.822,37.048,40.113,42.614,47.170,42.716,37.009,32.769,27.790
29.835,26.887,23.803,22.309,22.503,27.233,35.149,41.098,42.484,41.537,40.056,38.485,36.609,36.182,35.112,35.935,37.153,40.200,42.707,47.233,42.792,37.107,32.860,27.891
29.929,26.978,23.898,22.410,22.605,27.320,35.211,41.145,42.527,41.578,40.101,38.529,36.678,36.252,35.194,36.006,37.218,40.263,42.764,47.296,42.859,37.186,32.932,27.968
29.993,27.034,23.959,22.471,22.665,27.385,35.264,41.216,42.598,41.637,40.162,38.594,36.744,36.334,35.273,36.078,37.287,40.326,42.835,47.377,42.940,37.267,33.010,28.035
30.092,27.127,24.069,22.588,22.781,27.471,35.306,41.256,42.637,41.644,40.181,38.629,36.797,36.403,35.341,36.134,37.335,40.369,42.873,47.439,43.008,37.349,33.092,28.114
30.189,27.238,24.171,22.677,22.867,27.580,35.469,41.434,42.822,41.841,40.369,38.817,36.935,36.528,35.443,36.266,37.479,40.521,43.028,47.575,43.138,37.458,33.219,28.241
30.294,27.348,24.275,22.788,22.981,27.740,35.605,41.568,42.935,42.019,40.538,38.955,37.093,36.702,35.651,36.446,37.650,40.656,43.180,47.668,43.255,37.603,33.366,28.401
30.446,27.507,24.436,22.961,23.157,27.917,35.742,41.670,43.022,42.147,40.664,39.064,37.239,36.847,35.829,36.602,37.796,40.781,43.301,47.749,43.359,37.740,33.505,28.566
30.585,27.650,24.595,23.127,23.323,28.054,35.837,41.748,43.096,42.206,40.733,39.146,37.335,36.952,35.935,36.701,37.888,40.864,43.373,47.824,43.447,37.850,33.626,28.698
30.722,27.780,24.749,23.288,23.480,28.218,35.936,41.879,43.216,42.311,40.849,39.270,37.467,37.134,36.119,36.859,38.029,40.970,43.497,47.944,43.589,38.020,33.806,28.867
30.865,27.926,24.893,23.444,23.640,28.391,36.069,41.983,43.303,42.446,40.980,39.379,37.616,37.288,36.311,37.022,38.182,41.098,43.626,48.033,43.700,38.163,33.946,29.027
30.969,28.029,24.991,23.542,23.739,28.501,36.183,42.100,43.418,42.573,41.104,39.495,37.735,37.408,36.437,37.144,38.303,41.218,43.750,48.150,43.817,38.280,34.057,29.137
31.085,28.144,25.093,23.648,23.848,28.656,36.334,42.255,43.558,42.769,41.288,39.648,37.906,37.587,36.645,37.331,38.484,41.377,43.925,48.284,43.962,38.438,34.207,29.291
31.239,28.297,25.253,23.814,24.014,28.832,36.475,42.396,43.688,42.915,41.436,39.789,38.063,37.762,36.835,37.502,38.647,41.518,44.073,48.413,44.107,38.604,34.376,29.463
31.344,28.396,25.328,23.894,24.102,28.922,36.587,42.469,43.760,43.023,41.533,39.861,38.174,37.838,36.944,37.602,38.750,41.638,44.184,48.519,44.202,38.694,34.435,29.534
31.458,28.518,25.442,24.015,24.228,29.062,36.712,42.563,43.841,43.155,41.657,39.962,38.303,37.959,37.096,37.738,38.882,41.754,44.298,48.592,44.290,38.804,34.543,29.664
31.601,28.669,25.569,24.141,24.358,29.270,36.943,42.797,44.056,43.467,41.946,40.203,38.546,38.202,37.374,38.001,39.143,41.987,44.554,48.770,44.483,39.008,34.744,29.878
31.743,28.822,25.729,24.299,24.513,29.445,37.113,42.986,44.240,43.662,42.141,40.398,38.716,38.389,37.551,38.182,39.322,42.146,44.724,48.910,44.638,39.172,34.931,30.068
31.875,28.953,25.867,24.447,24.662,29.589,37.214,43.072,44.315,43.750,42.232,40.484,38.832,38.516,37.699,38.308,39.438,42.245,44.822,48.996,44.739,39.298,35.056,30.202
32.046,29.130,26.003,24.582,24.806,29.796,37.474,43.304,44.535,44.072,42.527,40.722,39.090,38.739,37.967,38.567,39.705,42.509,45.094,49.204,44.946,39.501,35.236,30.402
32.158,29.231,26.098,24.679,24.904,29.939,37.608,43.468,44.688,44.255,42.702,40.877,39.254,38.928,38.174,38.752,39.881,42.665,45.274,49.365,45.112,39.674,35.397,30.548
32.338,29.432,26.293,24.873,25.100,30.105,37.801,43.609,44.835,44.413,42.859,41.036,39.407,39.039,38.281,38.884,40.024,42.826,45.409,49.484,45.231,39.791,35.526,30.709
32.487,29.570,26.441,25.029,25.256,30.267,37.913,43.733,44.949,44.526,42.977,41.152,39.550,39.211,38.470,39.044,40.171,42.952,45.545,49.621,45.381,39.961,35.690,30.865
32.736,29.836,26.696,25.283,25.512,30.503,38.182,43.953,45.174,44.771,43.217,41.388,39.784,39.401,38.662,39.257,40.396,43.196,45.766,49.827,45.582,40.157,35.892,31.095
33.027,30.180,27.011,25.595,25.829,30.856,38.600,44.292,45.500,45.222,43.641,41.771,40.143,39.695,38.982,39.606,40.760,43.552,46.103,50.039,45.820,40.409,36.179,31.455
33.253,30.417,27.236,25.812,26.047,31.046,38.846,44.507,45.731,45.441,43.858,41.996,40.349,39.854,39.098,39.782,40.953,43.781,46.310,50.261,46.021,40.584,36.356,31.643
33.529,30.686,27.536,26.079,26.298,31.172,39.064,44.779,46.071,45.556,44.006,42.260,40.492,39.971,39.123,39.860,41.066,43.994,46.485,50.616,46.305,40.769,36.565,31.798
33.831,30.995,27.869,26.383,26.585,31.463,39.416,45.241,46.561,45.944,44.408,42.720,40.816,40.333,39.353,40.179,41.401,44.342,46.854,51.033,46.702,41.113,36.961,32.146
34.103,31.278,28.118,26.635,26.847,31.706,39.713,45.448,46.772,46.210,44.658,42.941,41.075,40.513,39.568,40.407,41.644,44.622,47.100,51.260,46.913,41.315,37.138,32.362
34.525,31.728,28.630,27.124,27.314,32.076,40.095,45.883,47.245,46.512,44.999,43.393,41.391,40.850,39.773,40.697,41.949,44.954,47.407,51.646,47.292,41.662,37.572,32.780
34.998,32.255,29.174,27.638,27.815,32.505,40.630,46.405,47.808,46.993,45.492,43.956,41.812,41.214,40.027,41.065,42.356,45.413,47.823,52.079,47.708,42.028,38.019,33.252
35.224,32.454,29.368,27.802,27.971,32.615,40.855,46.703,48.159,47.196,45.705,44.229,42.001,41.382,40.101,41.208,42.528,45.673,48.076,52.481,48.031,42.247,38.220,33.382
35.577,32.791,29.716,28.144,28.308,32.937,41.180,47.069,48.537,47.513,46.032,44.580,42.333,41.731,40.420,41.536,42.858,46.016,48.425,52.884,48.417,42.611,38.579,33.711
36.088,33.350,30.170,28.561,28.734,33.550,42.054,47.944,49.409,48.607,47.050,45.490,43.136,42.435,41.139,42.323,43.695,46.869,49.309,53.598,49.107,43.229,39.202,34.366
36.661,33.878,30.663,29.034,29.210,34.017,42.635,48.569,50.071,49.194,47.629,46.079,43.711,42.973,41.646,42.860,44.255,47.512,49.954,54.367,49.794,43.823,39.728,34.827
37.874,35.100,31.859,30.131,30.285,34.821,43.888,49.841,51.531,50.232,48.697,47.356,44.688,43.716,42.075,43.608,45.139,48.733,51.044,55.849,51.039,44.747,40.665,35.680
38.978,36.187,32.869,31.097,31.256,35.790,45.127,51.093,52.847,51.500,49.935,48.594,45.841,44.743,43.037,44.675,46.269,50.007,52.296,57.211,52.281,45.830,41.688,36.658
40.956,38.108,34.686,32.726,32.855,37.088,47.286,53.436,55.508,53.485,51.933,50.881,47.618,46.170,43.951,46.094,47.921,52.237,54.392,60.013,54.622,47.551,43.334,38.052
