10.133,6.978,3.688,2.682,3.758,3.415,15.867,34.923,37.595,32.236,26.912,26.971,22.878,17.492,15.494,12.672,16.028,27.705,36.335,45.972,41.226,34.242,25.871,14.697
25.215,23.828,22.138,21.448,22.087,22.172,31.604,44.649,47.418,43.295,39.842,39.189,35.297,31.520,29.765,28.287,30.512,38.389,44.268,49.812,47.084,42.024,36.698,28.587
28.098,26.894,25.540,24.948,25.431,25.872,35.012,47.228,49.934,45.757,42.767,42.222,38.380,35.106,33.441,31.989,33.591,40.405,45.720,51.092,48.909,43.607,38.545,30.944
29.661,28.572,27.325,26.778,27.211,27.678,36.486,48.087,50.569,46.629,43.673,43.035,39.315,36.279,34.703,33.347,34.857,41.361,46.336,51.427,49.341,44.352,39.610,32.370
31.281,30.222,29.157,28.693,29.006,29.740,38.313,49.361,51.593,47.666,44.952,44.448,40.885,38.290,36.844,35.426,36.448,42.194,46.722,51.911,50.146,44.986,40.377,33.547
31.926,30.906,29.900,29.453,29.740,30.528,39.033,49.913,52.136,48.212,45.580,45.088,41.537,39.026,37.596,36.191,37.115,42.678,47.103,52.237,50.566,45.386,40.838,34.106
32.761,31.731,30.739,30.307,30.581,31.373,39.696,50.357,52.476,48.633,46.050,45.600,42.159,39.738,38.359,36.952,37.816,43.224,47.535,52.643,51.007,45.903,41.425,34.854
33.240,32.243,31.277,30.855,31.119,31.911,40.137,50.636,52.721,48.935,46.377,45.907,42.495,40.121,38.760,37.382,38.230,43.560,47.794,52.811,51.205,46.181,41.785,35.305
33.822,32.906,32.005,31.594,31.843,32.640,40.739,50.985,53.076,49.354,46.859,46.342,42.932,40.614,39.259,37.949,38.773,43.973,48.097,52.919,51.383,46.470,42.214,35.857
34.193,33.289,32.387,31.977,32.230,32.997,40.998,51.129,53.190,49.530,47.040,46.513,43.144,40.837,39.497,38.210,39.058,44.241,48.329,53.077,51.535,46.716,42.519,36.229
34.659,33.778,32.918,32.530,32.757,33.561,41.445,51.363,53.331,49.732,47.281,46.757,43.448,41.254,39.955,38.678,39.441,44.454,48.406,53.113,51.630,46.863,42.752,36.604
34.950,34.094,33.251,32.866,33.090,33.883,41.684,51.481,53.441,49.885,47.458,46.922,43.634,41.459,40.168,38.918,39.684,44.651,48.558,53.181,51.716,47.018,42.969,36.885
35.294,34.449,33.632,33.258,33.469,34.282,42.001,51.666,53.588,50.061,47.676,47.156,43.907,41.791,40.522,39.277,39.990,44.844,48.676,53.269,51.848,47.171,43.168,37.171
35.679,34.809,34.015,33.660,33.845,34.720,42.386,51.963,53.802,50.271,47.935,47.475,44.288,42.276,41.047,39.762,40.354,45.039,48.780,53.462,52.100,47.358,43.350,37.442
35.920,35.040,34.262,33.918,34.088,34.994,42.611,52.113,53.909,50.384,48.085,47.660,44.513,42.560,41.354,40.052,40.576,45.155,48.828,53.494,52.212,47.461,43.461,37.617
36.160,35.298,34.548,34.216,34.372,35.295,42.820,52.169,53.918,50.435,48.173,47.753,44.646,42.758,41.576,40.286,40.762,45.229,48.839,53.551,52.228,47.487,43.549,37.802
36.351,35.470,34.722,34.396,34.545,35.488,42.981,52.303,54.026,50.537,48.304,47.925,44.852,42.997,41.831,40.519,40.947,45.346,48.919,53.631,52.372,47.611,43.658,37.946
36.517,35.639,34.904,34.583,34.724,35.685,43.169,52.460,54.170,50.680,48.461,48.087,45.020,43.191,42.032,40.718,41.116,45.469,49.015,53.730,52.493,47.720,43.776,38.086
36.731,35.860,35.148,34.840,34.965,35.954,43.381,52.566,54.210,50.757,48.565,48.203,45.170,43.408,42.273,40.956,41.295,45.544,49.016,53.732,52.530,47.764,43.855,38.240
36.955,36.087,35.391,35.092,35.206,36.212,43.573,52.660,54.224,50.823,48.676,48.332,45.336,43.623,42.508,41.190,41.484,45.644,49.059,53.762,52.593,47.840,43.961,38.416
37.134,36.252,35.566,35.275,35.378,36.411,43.744,52.691,54.282,50.837,48.711,48.435,45.517,43.850,42.753,41.415,41.654,45.734,49.081,53.818,52.677,47.927,44.044,38.541
37.332,36.430,35.733,35.448,35.551,36.566,43.768,52.788,54.375,50.927,48.793,48.482,45.555,43.925,42.862,41.519,41.744,45.759,49.108,53.853,52.713,47.956,44.107,38.700
37.455,36.557,35.879,35.601,35.690,36.743,43.990,52.926,54.436,51.024,48.915,48.637,45.739,44.141,43.079,41.725,41.905,45.880,49.181,53.952,52.837,48.065,44.206,38.793
37.604,36.688,35.993,35.713,35.807,36.850,44.096,53.061,54.552,51.153,49.037,48.776,45.891,44.280,43.220,41.855,42.044,46.041,49.360,54.136,53.029,48.251,44.371,38.948
37.723,36.809,36.118,35.838,35.930,36.981,44.245,53.096,54.567,51.197,49.119,48.866,46.030,44.422,43.360,41.993,42.177,46.157,49.397,54.161,53.034,48.326,44.498,39.066
37.900,36.997,36.321,36.050,36.136,37.177,44.298,53.223,54.653,51.300,49.191,48.925,46.038,44.481,43.448,42.099,42.259,46.174,49.460,54.228,53.134,48.383,44.513,39.198
38.033,37.124,36.453,36.188,36.266,37.325,44.447,53.230,54.721,51.309,49.218,48.971,46.155,44.628,43.607,42.247,42.379,46.245,49.494,54.302,53.173,48.415,44.602,39.305
38.145,37.232,36.552,36.284,36.367,37.412,44.517,53.301,54.727,51.386,49.305,49.063,46.254,44.712,43.689,42.331,42.481,46.363,49.590,54.349,53.245,48.540,44.727,39.429
38.290,37.393,36.737,36.475,36.549,37.613,44.684,53.383,54.731,51.436,49.378,49.164,46.402,44.891,43.874,42.523,42.635,46.442,49.627,54.359,53.295,48.584,44.796,39.540
38.404,37.477,36.805,36.547,36.620,37.679,44.701,53.387,54.732,51.438,49.382,49.171,46.423,44.940,43.947,42.577,42.677,46.465,49.629,54.400,53.316,48.633,44.843,39.627
38.503,37.576,36.903,36.648,36.719,37.773,44.756,53.396,54.749,51.467,49.406,49.181,46.439,44.974,43.994,42.628,42.728,46.502,49.639,54.402,53.318,48.665,44.899,39.717
38.587,37.671,37.000,36.745,36.818,37.859,44.810,53.399,54.803,51.483,49.440,49.205,46.464,45.000,44.022,42.670,42.784,46.558,49.682,54.405,53.322,48.707,44.968,39.808
38.691,37.793,37.133,36.878,36.951,37.986,44.910,53.456,54.827,51.552,49.511,49.278,46.557,45.090,44.107,42.772,42.891,46.648,49.762,54.435,53.362,48.773,45.058,39.915
38.819,37.936,37.278,37.019,37.099,38.112,45.000,53.509,54.890,51.651,49.629,49.390,46.667,45.176,44.186,42.871,43.016,46.780,49.903,54.513,53.443,48.888,45.196,40.063
38.931,38.054,37.402,37.145,37.223,38.234,45.089,53.550,54.916,51.696,49.681,49.438,46.729,45.252,44.269,42.961,43.102,46.844,49.944,54.532,53.467,48.938,45.269,40.166
39.036,38.163,37.521,37.269,37.340,38.366,45.216,53.652,54.999,51.782,49.770,49.526,46.822,45.370,44.394,43.084,43.202,46.911,49.986,54.579,53.527,48.994,45.336,40.250
39.118,38.242,37.605,37.357,37.423,38.459,45.290,53.697,55.027,51.814,49.814,49.581,46.892,45.462,44.494,43.179,43.275,46.947,50.001,54.603,53.564,49.025,45.371,40.310
39.200,38.324,37.684,37.435,37.504,38.530,45.342,53.735,55.069,51.865,49.868,49.637,46.953,45.516,44.548,43.239,43.345,47.022,50.078,54.664,53.621,49.099,45.452,40.397
39.290,38.404,37.763,37.518,37.581,38.618,45.425,53.808,55.106,51.910,49.905,49.681,47.015,45.603,44.647,43.326,43.412,47.070,50.105,54.723,53.680,49.154,45.505,40.467
39.374,38.489,37.850,37.607,37.669,38.703,45.480,53.826,55.109,51.929,49.928,49.706,47.056,45.655,44.706,43.388,43.471,47.111,50.129,54.734,53.694,49.189,45.555,40.542
39.473,38.603,37.976,37.733,37.794,38.828,45.584,53.889,55.184,52.010,50.028,49.800,47.148,45.751,44.800,43.495,43.574,47.190,50.195,54.762,53.738,49.245,45.633,40.637
39.548,38.678,38.049,37.807,37.869,38.898,45.636,53.926,55.216,52.051,50.070,49.844,47.200,45.804,44.856,43.552,43.636,47.249,50.250,54.808,53.782,49.304,45.698,40.713
39.622,38.758,38.127,37.882,37.949,38.963,45.685,53.960,55.264,52.109,50.131,49.897,47.252,45.841,44.889,43.597,43.701,47.329,50.337,54.864,53.833,49.379,45.785,40.802
39.721,38.859,38.229,37.984,38.051,39.061,45.758,54.008,55.310,52.164,50.196,49.967,47.332,45.923,44.974,43.685,43.789,47.404,50.405,54.918,53.890,49.448,45.864,40.897
39.822,38.961,38.337,38.096,38.159,39.177,45.858,54.077,55.363,52.224,50.263,50.038,47.413,46.024,45.083,43.792,43.878,47.464,50.443,54.957,53.940,49.500,45.925,40.980
39.936,39.067,38.435,38.192,38.258,39.266,45.927,54.144,55.429,52.296,50.339,50.124,47.513,46.117,45.177,43.884,43.979,47.569,50.555,55.071,54.047,49.615,46.036,41.097
40.022,39.149,38.509,38.263,38.334,39.327,45.975,54.191,55.470,52.354,50.392,50.177,47.574,46.165,45.225,43.935,44.048,47.658,50.653,55.160,54.124,49.711,46.134,41.195
40.103,39.213,38.566,38.324,38.392,39.390,46.016,54.219,55.477,52.358,50.393,50.197,47.622,46.232,45.306,44.002,44.099,47.689,50.669,55.209,54.170,49.756,46.172,41.255
40.173,39.286,38.641,38.400,38.467,39.466,46.092,54.292,55.547,52.433,50.473,50.276,47.698,46.309,45.382,44.080,44.174,47.759,50.738,55.273,54.238,49.822,46.240,41.323
40.278,39.398,38.764,38.525,38.589,39.597,46.217,54.394,55.654,52.536,50.591,50.394,47.814,46.436,45.510,44.210,44.289,47.846,50.811,55.336,54.317,49.894,46.321,41.416
40.374,39.498,38.868,38.630,38.693,39.699,46.291,54.436,55.696,52.587,50.655,50.463,47.892,46.519,45.595,44.301,44.376,47.914,50.867,55.373,54.363,49.952,46.391,41.506
40.450,39.573,38.939,38.699,38.766,39.761,46.336,54.472,55.739,52.636,50.710,50.521,47.957,46.575,45.650,44.359,44.444,47.987,50.947,55.440,54.427,50.027,46.469,41.588
40.536,39.663,39.035,38.797,38.860,39.864,46.443,54.570,55.827,52.725,50.797,50.604,48.038,46.668,45.746,44.454,44.530,48.060,51.007,55.502,54.494,50.093,46.541,41.665
40.640,39.772,39.154,38.919,38.977,39.995,46.577,54.691,55.948,52.839,50.921,50.730,48.161,46.805,45.884,44.592,44.647,48.149,51.082,55.580,54.588,50.172,46.623,41.755
40.732,39.860,39.236,39.000,39.061,40.069,46.640,54.750,56.000,52.901,50.978,50.787,48.226,46.867,45.948,44.656,44.722,48.234,51.169,55.664,54.663,50.262,46.715,41.851
40.830,39.964,39.342,39.105,39.167,40.171,46.736,54.838,56.103,53.003,51.088,50.894,48.329,46.961,46.038,44.753,44.825,48.340,51.279,55.755,54.756,50.361,46.820,41.956
40.927,40.059,39.443,39.210,39.267,40.281,46.825,54.892,56.128,53.040,51.127,50.940,48.392,47.052,46.141,44.852,44.901,48.381,51.291,55.777,54.788,50.396,46.865,42.030
41.034,40.161,39.542,39.311,39.367,40.378,46.897,54.940,56.160,53.084,51.175,50.994,48.464,47.132,46.228,44.937,44.984,48.451,51.351,55.837,54.846,50.469,46.944,42.128
41.161,40.299,39.690,39.458,39.514,40.527,47.044,55.077,56.325,53.239,51.351,51.170,48.628,47.290,46.378,45.095,45.138,48.591,51.493,55.954,54.980,50.592,47.073,42.256
41.268,40.433,39.833,39.596,39.659,40.651,47.140,55.132,56.422,53.348,51.478,51.279,48.721,47.358,46.434,45.179,45.253,48.715,51.623,56.002,55.034,50.687,47.200,42.389
41.348,40.522,39.929,39.694,39.753,40.750,47.247,55.231,56.520,53.448,51.573,51.360,48.793,47.436,46.510,45.262,45.334,48.795,51.696,56.063,55.098,50.757,47.281,42.470
41.429,40.604,40.012,39.776,39.836,40.833,47.328,55.310,56.600,53.527,51.655,51.443,48.876,47.519,46.594,45.346,45.416,48.874,51.773,56.138,55.176,50.834,47.358,42.549
41.523,40.694,40.100,39.866,39.925,40.921,47.400,55.365,56.641,53.578,51.706,51.498,48.943,47.594,46.675,45.425,45.493,48.941,51.832,56.199,55.235,50.903,47.432,42.637
41.608,40.781,40.187,39.954,40.013,41.004,47.463,55.407,56.676,53.625,51.754,51.546,49.000,47.654,46.738,45.491,45.562,49.006,51.889,56.244,55.280,50.963,47.503,42.721
41.691,40.869,40.273,40.038,40.100,41.080,47.534,55.471,56.745,53.704,51.826,51.606,49.058,47.701,46.782,45.545,45.634,49.096,51.984,56.317,55.344,51.051,47.601,42.818
41.773,40.956,40.363,40.129,40.190,41.171,47.612,55.528,56.795,53.762,51.885,51.663,49.118,47.769,46.853,45.619,45.706,49.158,52.035,56.357,55.387,51.106,47.667,42.896
41.868,41.050,40.464,40.234,40.290,41.282,47.706,55.592,56.841,53.811,51.946,51.732,49.201,47.876,46.968,45.730,45.792,49.207,52.059,56.390,55.434,51.147,47.715,42.968
42.000,41.182,40.597,40.368,40.424,41.412,47.819,55.687,56.938,53.914,52.057,51.847,49.322,47.998,47.091,45.855,45.918,49.323,52.172,56.492,55.539,51.260,47.833,43.097
42.122,41.320,40.744,40.514,40.569,41.556,47.958,55.806,57.072,54.051,52.200,51.977,49.441,48.112,47.201,45.978,46.047,49.450,52.295,56.580,55.635,51.369,47.960,43.226
42.267,41.463,40.883,40.651,40.711,41.685,48.051,55.875,57.151,54.139,52.306,52.095,49.573,48.236,47.324,46.106,46.182,49.577,52.425,56.690,55.747,51.495,48.091,43.372
42.401,41.603,41.036,40.807,40.861,41.851,48.226,56.036,57.308,54.289,52.464,52.252,49.724,48.405,47.495,46.276,46.329,49.695,52.525,56.794,55.867,51.599,48.200,43.489
42.517,41.713,41.144,40.918,40.969,41.965,48.335,56.141,57.399,54.380,52.556,52.352,49.834,48.526,47.622,46.396,46.438,49.790,52.612,56.898,55.974,51.699,48.296,43.594
42.624,41.827,41.265,41.038,41.089,42.087,48.460,56.261,57.531,54.508,52.691,52.484,49.957,48.648,47.740,46.518,46.558,49.904,52.726,56.999,56.082,51.804,48.405,43.702
42.696,41.896,41.326,41.097,41.152,42.137,48.488,56.281,57.552,54.539,52.723,52.519,50.003,48.683,47.776,46.557,46.612,49.970,52.798,57.059,56.133,51.874,48.479,43.782
42.832,42.039,41.476,41.248,41.301,42.288,48.641,56.425,57.701,54.688,52.875,52.665,50.142,48.825,47.916,46.702,46.755,50.106,52.929,57.177,56.258,52.001,48.613,43.917
42.969,42.190,41.628,41.396,41.454,42.430,48.784,56.565,57.864,54.855,53.040,52.814,50.276,48.940,48.022,46.823,46.899,50.273,53.107,57.318,56.395,52.157,48.782,44.076
43.098,42.325,41.765,41.533,41.591,42.564,48.926,56.710,58.013,55.005,53.184,52.947,50.400,49.060,48.139,46.946,47.029,50.415,53.251,57.451,56.524,52.295,48.925,44.214
43.275,42.521,41.977,41.748,41.802,42.780,49.122,56.855,58.158,55.161,53.351,53.100,50.550,49.225,48.306,47.126,47.202,50.558,53.369,57.530,56.619,52.410,49.071,44.383
43.419,42.686,42.151,41.920,41.977,42.942,49.259,56.953,58.288,55.300,53.509,53.246,50.686,49.346,48.418,47.260,47.352,50.706,53.517,57.614,56.714,52.532,49.219,44.541
43.577,42.845,42.327,42.101,42.148,43.144,49.474,57.158,58.484,55.477,53.704,53.454,50.892,49.584,48.661,47.492,47.537,50.834,53.619,57.744,56.874,52.648,49.329,44.663
43.745,43.012,42.484,42.256,42.308,43.288,49.620,57.316,58.639,55.644,53.851,53.588,51.024,49.702,48.777,47.613,47.686,51.021,53.819,57.934,57.043,52.844,49.528,44.852
43.888,43.153,42.614,42.382,42.440,43.405,49.743,57.461,58.789,55.799,53.990,53.720,51.155,49.813,48.884,47.723,47.821,51.194,54.012,58.123,57.213,53.029,49.709,45.017
44.062,43.327,42.782,42.551,42.609,43.568,49.910,57.628,58.934,55.961,54.126,53.840,51.277,49.937,49.012,47.854,47.967,51.365,54.178,58.289,57.361,53.204,49.894,45.201
44.253,43.505,42.951,42.721,42.780,43.736,50.065,57.780,59.055,56.096,54.247,53.967,51.424,50.095,49.179,48.013,48.125,51.526,54.332,58.465,57.525,53.379,50.067,45.385
44.437,43.698,43.151,42.923,42.978,43.938,50.271,57.974,59.244,56.290,54.436,54.144,51.594,50.272,49.358,48.197,48.307,51.705,54.500,58.621,57.684,53.548,50.247,45.570
44.654,43.939,43.392,43.157,43.223,44.151,50.465,58.147,59.457,56.520,54.666,54.346,51.778,50.419,49.489,48.359,48.520,51.962,54.777,58.816,57.867,53.785,50.515,45.830
44.902,44.194,43.630,43.387,43.466,44.355,50.655,58.345,59.671,56.760,54.880,54.535,51.963,50.561,49.622,48.512,48.737,52.253,55.098,59.087,58.103,54.083,50.828,46.127
45.078,44.395,43.852,43.610,43.685,44.587,50.919,58.607,59.963,57.035,55.164,54.798,52.190,50.790,49.839,48.742,48.958,52.462,55.304,59.262,58.298,54.264,51.022,46.307
45.300,44.631,44.085,43.837,43.918,44.805,51.167,58.885,60.259,57.335,55.436,55.037,52.400,50.973,50.009,48.928,49.184,52.749,55.613,59.539,58.554,54.547,51.314,46.568
45.519,44.839,44.295,44.056,44.127,45.032,51.379,59.064,60.378,57.471,55.561,55.168,52.560,51.178,50.235,49.141,49.363,52.887,55.710,59.675,58.694,54.689,51.463,46.751
45.779,45.103,44.547,44.301,44.381,45.268,51.653,59.396,60.736,57.823,55.885,55.471,52.836,51.416,50.459,49.372,49.636,53.233,56.095,60.049,59.041,55.047,51.811,47.053
46.087,45.405,44.848,44.605,44.681,45.574,51.950,59.678,60.987,58.085,56.138,55.727,53.108,51.707,50.760,49.667,49.920,53.503,56.347,60.319,59.309,55.321,52.089,47.348
46.387,45.762,45.231,44.984,45.065,45.935,52.283,59.935,61.304,58.423,56.496,56.033,53.374,51.948,50.980,49.940,50.234,53.827,56.666,60.494,59.500,55.582,52.417,47.687
46.769,46.215,45.719,45.472,45.552,46.406,52.736,60.289,61.690,58.849,56.913,56.370,53.664,52.232,51.248,50.271,50.608,54.214,57.021,60.690,59.708,55.889,52.820,48.109
47.193,46.637,46.142,45.897,45.976,46.827,53.119,60.630,62.012,59.188,57.262,56.726,54.043,52.625,51.650,50.674,51.003,54.584,57.372,61.033,60.056,56.255,53.199,48.520
47.808,47.340,46.824,46.547,46.673,47.385,53.675,61.196,62.720,59.969,57.968,57.282,54.502,52.909,51.868,51.011,51.588,55.447,58.350,61.717,60.642,57.075,54.121,49.351
48.699,48.314,47.875,47.603,47.717,48.454,54.654,61.983,63.620,60.851,58.993,58.306,55.489,53.917,52.854,52.055,52.576,56.264,59.105,62.287,61.333,57.761,54.893,50.203
49.978,49.677,49.324,49.063,49.143,49.990,56.436,63.860,65.557,62.685,60.801,60.015,57.027,55.504,54.402,53.621,54.061,57.715,60.528,63.706,62.827,59.122,56.262,51.470
52.120,52.011,51.616,51.272,51.459,52.045,58.722,66.445,68.591,65.723,63.676,62.566,59.235,57.254,55.949,55.402,56.373,60.720,63.905,66.536,65.457,62.063,59.301,54.128
