4.885,2.736,0.029,0.836,2.748,11.653,36.637,53.224,54.103,50.494,43.796,41.452,36.938,36.764,35.098,35.451,35.795,40.999,47.518,54.841,53.315,39.029,27.100,19.388
18.399,16.904,15.438,15.817,17.061,23.457,41.470,53.348,54.369,50.815,46.321,44.581,41.156,41.032,40.086,40.243,40.508,44.454,49.216,55.061,53.456,43.263,34.379,28.559
22.536,21.252,20.189,20.589,21.661,27.191,43.130,53.381,54.386,50.850,47.247,45.707,42.532,42.511,41.858,41.993,42.109,45.545,49.578,55.136,53.572,44.494,36.627,31.354
25.607,24.506,23.786,23.918,24.688,29.779,44.080,53.395,54.388,50.896,47.567,46.324,43.544,43.471,42.693,42.789,43.003,46.221,49.623,55.181,53.596,45.092,38.160,33.535
26.570,25.510,24.815,25.013,25.803,30.593,44.239,53.423,54.388,51.013,47.683,46.345,43.629,43.591,42.973,43.063,43.214,46.248,49.634,55.189,53.604,45.270,38.573,34.075
27.498,26.461,25.707,25.966,26.789,31.362,44.489,53.465,54.402,51.112,47.695,46.357,43.792,43.767,43.352,43.446,43.562,46.377,49.645,55.215,53.605,45.558,39.076,34.721
27.896,26.862,26.111,26.393,27.255,31.707,44.522,53.488,54.417,51.117,47.752,46.502,43.917,43.894,43.459,43.506,43.606,46.440,49.688,55.243,53.633,45.810,39.307,34.930
28.472,27.478,26.814,27.051,27.881,32.149,44.599,53.569,54.462,51.175,47.829,46.545,43.946,43.928,43.521,43.597,43.691,46.500,49.691,55.325,53.671,45.816,39.443,35.161
28.983,28.011,27.355,27.615,28.435,32.594,44.704,53.570,54.552,51.209,47.833,46.578,43.983,43.971,43.681,43.733,43.812,46.528,49.757,55.335,53.693,45.930,39.717,35.526
29.587,28.673,28.188,28.381,29.090,33.162,44.984,53.575,54.733,51.240,47.846,46.676,44.212,44.211,43.877,43.926,44.005,46.648,49.840,55.418,53.808,45.971,40.003,35.946
29.828,28.904,28.350,28.478,29.185,33.299,45.039,53.665,54.797,51.372,47.886,46.772,44.384,44.332,43.934,43.971,44.120,46.781,49.844,55.437,53.868,46.170,40.200,36.201
30.058,29.145,28.621,28.735,29.430,33.503,45.125,53.673,54.819,51.402,47.940,46.773,44.443,44.392,44.016,44.046,44.196,46.804,49.887,55.461,53.878,46.186,40.326,36.349
30.510,29.627,29.118,29.285,29.979,33.880,45.138,53.674,54.874,51.441,47.979,46.820,44.444,44.420,44.098,44.138,44.239,46.867,49.931,55.484,53.899,46.263,40.454,36.585
30.649,29.771,29.325,29.422,30.072,34.039,45.378,53.683,54.897,51.489,48.131,46.996,44.663,44.620,44.249,44.250,44.426,47.036,49.992,55.512,53.922,46.421,40.647,36.761
30.819,29.964,29.640,29.592,30.145,34.186,45.502,53.694,54.917,51.494,48.232,47.071,44.779,44.692,44.260,44.283,44.467,47.176,50.183,55.535,53.934,46.524,40.767,36.918
30.869,30.020,29.755,29.669,30.198,34.256,45.593,53.695,54.923,51.724,48.298,47.127,44.820,44.727,44.295,44.287,44.513,47.259,50.285,55.543,53.935,46.621,40.828,36.953
31.152,30.309,30.025,29.959,30.480,34.521,45.811,53.715,54.966,51.759,48.532,47.369,45.089,45.004,44.530,44.533,44.753,47.458,50.427,55.561,53.948,46.752,41.055,37.240
31.430,30.594,30.290,30.243,30.767,34.769,45.967,53.817,54.980,51.840,48.681,47.530,45.275,45.197,44.713,44.724,44.934,47.597,50.521,55.598,53.964,46.870,41.250,37.484
31.597,30.766,30.461,30.419,30.941,34.908,46.015,53.901,54.981,51.844,48.706,47.566,45.327,45.250,44.775,44.787,44.992,47.632,50.533,55.656,54.000,46.916,41.338,37.599
31.791,30.977,30.741,30.616,31.076,35.079,46.145,53.937,55.042,52.011,48.825,47.672,45.470,45.369,44.829,44.830,45.080,47.764,50.673,55.702,54.032,47.003,41.473,37.781
31.951,31.141,30.903,30.765,31.218,35.210,46.214,54.015,55.114,52.062,48.885,47.737,45.556,45.448,44.899,44.897,45.157,47.837,50.745,55.704,54.093,47.081,41.580,37.915
32.093,31.295,31.101,30.922,31.342,35.338,46.292,54.041,55.146,52.131,48.940,47.789,45.625,45.506,44.939,44.929,45.209,47.907,50.814,55.721,54.155,47.143,41.667,38.025
32.328,31.543,31.375,31.156,31.539,35.538,46.418,54.054,55.193,52.271,49.060,47.909,45.785,45.654,45.035,45.024,45.327,48.027,50.915,55.735,54.171,47.218,41.820,38.239
32.460,31.665,31.441,31.224,31.629,35.630,46.478,54.065,55.208,52.281,49.108,47.969,45.875,45.735,45.122,45.108,45.420,48.103,50.991,55.774,54.185,47.327,41.946,38.375
32.565,31.782,31.597,31.372,31.758,35.724,46.485,54.066,55.298,52.330,49.139,47.995,45.891,45.746,45.125,45.112,45.430,48.130,51.056,55.834,54.252,47.359,41.964,38.418
32.778,32.003,31.844,31.599,31.961,35.943,46.707,54.086,55.298,52.467,49.327,48.199,46.114,45.972,45.325,45.312,45.632,48.316,51.174,55.855,54.317,47.499,42.171,38.645
32.874,32.092,31.873,31.678,32.081,36.011,46.715,54.107,55.312,52.547,49.343,48.202,46.121,45.989,45.382,45.375,45.672,48.322,51.193,55.887,54.331,47.540,42.222,38.703
33.011,32.229,31.988,31.782,32.181,36.119,46.784,54.206,55.426,52.562,49.419,48.296,46.241,46.099,45.463,45.458,45.769,48.412,51.277,55.929,54.372,47.625,42.334,38.846
33.179,32.403,32.170,31.940,32.317,36.266,46.900,54.262,55.474,52.703,49.542,48.417,46.388,46.236,45.561,45.549,45.885,48.534,51.394,55.998,54.429,47.715,42.466,39.016
33.249,32.477,32.265,32.000,32.360,36.319,46.925,54.294,55.506,52.725,49.556,48.428,46.412,46.247,45.562,45.556,45.897,48.567,51.446,56.007,54.501,47.759,42.510,39.069
33.333,32.559,32.327,32.072,32.443,36.386,46.958,54.345,55.580,52.734,49.585,48.464,46.454,46.289,45.614,45.601,45.948,48.606,51.486,56.096,54.590,47.817,42.571,39.136
33.513,32.746,32.517,32.260,32.614,36.555,47.100,54.516,55.768,52.899,49.736,48.616,46.628,46.465,45.750,45.745,46.092,48.734,51.579,56.262,54.695,47.890,42.712,39.321
33.630,32.868,32.660,32.379,32.715,36.666,47.196,54.556,55.792,53.003,49.827,48.704,46.725,46.554,45.825,45.816,46.176,48.832,51.681,56.315,54.753,47.980,42.812,39.432
33.693,32.928,32.711,32.429,32.771,36.725,47.261,54.600,55.856,53.070,49.896,48.773,46.794,46.621,45.893,45.883,46.247,48.906,51.768,56.393,54.805,48.065,42.884,39.499
33.816,33.052,32.842,32.553,32.887,36.858,47.427,54.606,55.857,53.267,50.073,48.945,46.965,46.791,46.046,46.037,46.404,49.073,51.934,56.402,54.812,48.209,43.030,39.646
33.865,33.099,32.882,32.603,32.947,36.905,47.459,54.706,55.919,53.271,50.095,48.970,46.985,46.813,46.091,46.080,46.442,49.105,51.971,56.487,54.874,48.268,43.073,39.678
33.940,33.176,32.978,32.688,33.027,36.984,47.532,54.766,55.957,53.332,50.156,49.029,47.040,46.866,46.153,46.138,46.502,49.174,52.044,56.553,54.882,48.347,43.143,39.739
34.027,33.268,33.084,32.788,33.120,37.063,47.570,54.858,56.028,53.342,50.176,49.052,47.067,46.893,46.187,46.169,46.534,49.202,52.065,56.618,54.973,48.385,43.193,39.797
34.119,33.359,33.169,32.885,33.222,37.158,47.667,54.925,56.039,53.438,50.276,49.154,47.166,46.997,46.293,46.279,46.636,49.294,52.145,56.675,55.037,48.469,43.286,39.891
34.211,33.454,33.272,32.977,33.305,37.246,47.747,54.945,56.114,53.523,50.354,49.231,47.249,47.077,46.363,46.348,46.711,49.374,52.225,56.679,55.109,48.542,43.367,39.981
34.325,33.569,33.382,33.097,33.426,37.357,47.845,54.958,56.195,53.617,50.453,49.332,47.354,47.186,46.469,46.457,46.814,49.463,52.298,56.745,55.172,48.619,43.466,40.091
34.421,33.668,33.487,33.189,33.506,37.447,47.931,55.013,56.263,53.722,50.544,49.422,47.454,47.282,46.543,46.531,46.897,49.552,52.384,56.781,55.227,48.687,43.553,40.194
34.497,33.749,33.596,33.265,33.560,37.521,48.006,55.103,56.320,53.817,50.616,49.487,47.527,47.345,46.586,46.569,46.952,49.630,52.474,56.863,55.243,48.754,43.623,40.271
34.604,33.859,33.709,33.382,33.674,37.623,48.084,55.135,56.424,53.885,50.689,49.563,47.609,47.430,46.667,46.653,47.032,49.697,52.523,56.918,55.269,48.810,43.704,40.367
34.707,33.964,33.818,33.479,33.759,37.722,48.187,55.198,56.502,54.014,50.801,49.672,47.728,47.545,46.758,46.744,47.132,49.804,52.629,56.967,55.352,48.893,43.805,40.483
34.867,34.125,33.960,33.622,33.901,37.858,48.288,55.298,56.608,54.120,50.911,49.787,47.864,47.677,46.869,46.860,47.251,49.910,52.725,56.998,55.424,48.983,43.933,40.642
34.975,34.235,34.067,33.726,33.998,37.962,48.393,55.416,56.730,54.246,51.026,49.901,47.987,47.799,46.970,46.964,47.359,50.016,52.825,57.103,55.508,49.066,44.036,40.761
35.102,34.363,34.195,33.851,34.119,38.087,48.517,55.559,56.864,54.382,51.155,50.030,48.121,47.932,47.091,47.086,47.484,50.140,52.943,57.215,55.616,49.175,44.159,40.895
35.225,34.485,34.303,33.969,34.241,38.209,48.644,55.722,57.020,54.520,51.293,50.169,48.264,48.077,47.226,47.227,47.620,50.267,53.061,57.354,55.737,49.287,44.286,41.031
35.355,34.613,34.418,34.091,34.364,38.338,48.786,55.843,57.046,54.682,51.448,50.324,48.423,48.237,47.374,47.378,47.771,50.414,53.205,57.457,55.882,49.419,44.426,41.177
35.453,34.711,34.513,34.204,34.485,38.447,48.900,55.914,57.135,54.784,51.559,50.438,48.527,48.350,47.499,47.507,47.886,50.514,53.289,57.511,55.988,49.516,44.527,41.273
35.566,34.827,34.635,34.326,34.600,38.557,48.994,56.031,57.213,54.877,51.651,50.531,48.626,48.450,47.591,47.601,47.978,50.599,53.359,57.614,56.047,49.585,44.620,41.380
35.686,34.949,34.760,34.448,34.717,38.678,49.118,56.085,57.338,55.016,51.781,50.659,48.758,48.583,47.710,47.722,48.101,50.721,53.472,57.666,56.151,49.688,44.738,41.508
35.780,35.043,34.848,34.533,34.800,38.759,49.179,56.205,57.386,55.073,51.842,50.722,48.830,48.651,47.773,47.785,48.168,50.787,53.541,57.764,56.208,49.757,44.816,41.596
35.854,35.114,34.903,34.601,34.877,38.836,49.270,56.297,57.492,55.171,51.942,50.824,48.930,48.754,47.876,47.891,48.269,50.880,53.631,57.855,56.311,49.846,44.904,41.682
35.919,35.177,34.958,34.656,34.935,38.900,49.344,56.340,57.578,55.254,52.023,50.904,49.011,48.833,47.952,47.968,48.348,50.962,53.721,57.901,56.403,49.930,44.981,41.757
36.036,35.302,35.124,34.799,35.053,39.036,49.511,56.417,57.751,55.450,52.186,51.058,49.161,48.983,48.082,48.096,48.482,51.114,53.865,57.995,56.529,50.048,45.108,41.885
36.132,35.400,35.238,34.908,35.152,39.143,49.634,56.527,57.880,55.586,52.310,51.179,49.278,49.101,48.193,48.207,48.593,51.229,53.972,58.105,56.634,50.145,45.211,41.988
36.312,35.580,35.406,35.061,35.294,39.313,49.826,56.732,58.094,55.837,52.531,51.395,49.513,49.328,48.374,48.391,48.793,51.438,54.187,58.280,56.816,50.314,45.404,42.207
36.406,35.671,35.492,35.170,35.415,39.424,49.962,56.894,58.246,55.964,52.666,51.532,49.634,49.459,48.522,48.544,48.929,51.562,54.298,58.426,56.963,50.439,45.519,42.306
36.503,35.768,35.574,35.265,35.519,39.510,50.012,56.944,58.274,55.988,52.711,51.583,49.690,49.518,48.591,48.615,48.993,51.610,54.338,58.459,57.006,50.499,45.591,42.385
36.625,35.895,35.718,35.381,35.611,39.627,50.138,57.039,58.402,56.155,52.847,51.713,49.834,49.652,48.689,48.711,49.107,51.742,54.475,58.560,57.103,50.599,45.710,42.525
36.763,36.033,35.844,35.511,35.740,39.760,50.274,57.184,58.542,56.312,52.997,51.863,49.993,49.812,48.829,48.856,49.252,51.880,54.602,58.670,57.222,50.712,45.847,42.678
36.876,36.149,35.957,35.639,35.870,39.871,50.356,57.249,58.600,56.375,53.073,51.944,50.077,49.903,48.923,48.954,49.340,51.947,54.645,58.706,57.267,50.770,45.932,42.776
36.994,36.267,36.075,35.774,36.012,39.996,50.474,57.364,58.709,56.472,53.182,52.057,50.182,50.017,49.052,49.086,49.458,52.050,54.730,58.807,57.371,50.875,46.043,42.883
37.132,36.411,36.238,35.917,36.135,40.128,50.592,57.438,58.809,56.604,53.298,52.171,50.307,50.137,49.149,49.182,49.565,52.164,54.838,58.884,57.446,50.965,46.159,43.019
37.243,36.525,36.367,36.052,36.272,40.245,50.688,57.506,58.882,56.667,53.375,52.250,50.378,50.214,49.247,49.279,49.652,52.243,54.901,58.961,57.521,51.054,46.250,43.103
37.382,36.670,36.528,36.208,36.415,40.382,50.803,57.577,58.972,56.781,53.484,52.359,50.494,50.333,49.353,49.387,49.759,52.342,54.979,59.017,57.579,51.129,46.360,43.232
37.485,36.775,36.641,36.309,36.503,40.489,50.930,57.698,59.112,56.941,53.622,52.493,50.633,50.468,49.465,49.500,49.879,52.472,55.109,59.132,57.693,51.233,46.474,43.355
37.598,36.890,36.756,36.425,36.614,40.603,51.048,57.810,59.231,57.073,53.746,52.616,50.761,50.598,49.580,49.618,49.997,52.586,55.211,59.224,57.788,51.325,46.585,43.477
37.739,37.037,36.922,36.559,36.722,40.734,51.177,57.898,59.352,57.239,53.882,52.747,50.909,50.735,49.679,49.715,50.113,52.721,55.351,59.319,57.881,51.429,46.713,43.629
37.868,37.167,37.057,36.673,36.828,40.845,51.264,57.962,59.421,57.328,53.967,52.831,51.008,50.824,49.755,49.787,50.200,52.818,55.460,59.399,57.960,51.530,46.821,43.750
38.002,37.304,37.208,36.792,36.924,40.972,51.407,58.086,59.574,57.516,54.123,52.979,51.170,50.974,49.869,49.898,50.333,52.975,55.634,59.539,58.093,51.663,46.961,43.906
38.092,37.391,37.285,36.871,37.010,41.061,51.506,58.207,59.671,57.596,54.226,53.082,51.271,51.073,49.973,50.001,50.437,53.083,55.753,59.667,58.220,51.782,47.065,44.001
38.169,37.469,37.361,36.952,37.097,41.126,51.525,58.207,59.685,57.616,54.229,53.090,51.282,51.085,50.003,50.030,50.462,53.098,55.764,59.674,58.231,51.821,47.108,44.046
38.281,37.577,37.482,37.050,37.191,41.246,51.686,58.386,59.863,57.773,54.390,53.244,51.427,51.221,50.144,50.162,50.609,53.277,55.982,59.911,58.450,52.023,47.260,44.172
38.424,37.725,37.647,37.200,37.325,41.391,51.837,58.509,60.013,57.946,54.544,53.394,51.582,51.373,50.277,50.294,50.748,53.424,56.123,60.036,58.571,52.147,47.399,44.322
38.558,37.857,37.778,37.354,37.490,41.545,52.013,58.703,60.202,58.113,54.718,53.570,51.742,51.544,50.464,50.486,50.922,53.584,56.265,60.210,58.746,52.302,47.550,44.460
38.704,38.002,37.926,37.485,37.610,41.698,52.215,58.924,60.442,58.366,54.940,53.784,51.958,51.753,50.646,50.668,51.117,53.800,56.499,60.439,58.968,52.497,47.735,44.643
38.814,38.112,38.051,37.592,37.709,41.816,52.363,59.073,60.610,58.534,55.091,53.928,52.098,51.888,50.775,50.793,51.251,53.955,56.672,60.618,59.135,52.652,47.869,44.767
38.940,38.232,38.139,37.693,37.824,41.932,52.483,59.238,60.745,58.661,55.226,54.065,52.240,52.029,50.914,50.934,51.392,54.091,56.817,60.761,59.288,52.795,48.007,44.906
39.140,38.429,38.332,37.850,37.964,42.124,52.729,59.512,61.038,58.986,55.506,54.334,52.525,52.295,51.131,51.149,51.637,54.372,57.136,61.048,59.569,53.050,48.250,45.159
39.264,38.554,38.460,37.956,38.067,42.222,52.775,59.529,61.048,59.003,55.536,54.367,52.571,52.329,51.173,51.182,51.686,54.432,57.220,61.107,59.626,53.147,48.338,45.252
39.481,38.760,38.611,38.090,38.213,42.396,52.947,59.771,61.244,59.214,55.743,54.574,52.807,52.543,51.357,51.364,51.897,54.662,57.504,61.347,59.878,53.398,48.570,45.501
39.711,38.980,38.778,38.297,38.454,42.619,53.169,60.073,61.484,59.420,55.980,54.820,53.050,52.793,51.627,51.641,52.157,54.896,57.738,61.602,60.151,53.653,48.815,45.739
39.826,39.089,38.872,38.384,38.547,42.731,53.310,60.256,61.656,59.584,56.136,54.972,53.203,52.939,51.767,51.779,52.305,55.060,57.931,61.799,60.345,53.830,48.962,45.877
39.973,39.228,38.991,38.550,38.747,42.904,53.511,60.520,61.884,59.740,56.327,55.169,53.366,53.119,52.005,52.019,52.515,55.249,58.115,62.062,60.607,54.061,49.147,46.016
40.160,39.410,39.155,38.760,38.992,43.099,53.672,60.706,62.024,59.819,56.461,55.315,53.487,53.257,52.210,52.225,52.691,55.391,58.242,62.246,60.796,54.259,49.320,46.158
40.317,39.574,39.389,38.985,39.210,43.298,53.878,60.849,62.214,59.956,56.612,55.461,53.591,53.371,52.391,52.392,52.844,55.562,58.414,62.494,61.007,54.481,49.483,46.261
40.526,39.769,39.540,39.182,39.456,43.515,54.106,61.169,62.467,60.128,56.833,55.691,53.793,53.583,52.669,52.671,53.099,55.799,58.669,62.823,61.338,54.790,49.727,46.457
40.779,40.021,39.811,39.445,39.726,43.768,54.331,61.376,62.670,60.293,57.025,55.884,53.971,53.759,52.894,52.884,53.312,56.025,58.919,63.106,61.604,55.082,49.969,46.665
41.027,40.257,40.004,39.727,40.084,44.031,54.532,61.647,62.840,60.327,57.173,56.056,54.092,53.911,53.188,53.176,53.546,56.200,59.081,63.391,61.897,55.388,50.202,46.826
41.188,40.405,40.160,39.884,40.273,44.215,54.755,61.930,63.101,60.487,57.366,56.246,54.236,54.054,53.418,53.389,53.756,56.442,59.389,63.802,62.274,55.747,50.426,46.959
41.452,40.670,40.462,40.223,40.634,44.528,55.073,62.234,63.409,60.705,57.630,56.513,54.448,54.291,53.751,53.717,54.044,56.715,59.641,64.166,62.615,56.084,50.703,47.166
42.009,41.227,41.026,40.726,41.094,45.084,55.741,62.926,64.161,61.539,58.364,57.226,55.191,55.008,54.356,54.324,54.697,57.424,60.386,64.842,63.284,56.696,51.334,47.833
42.384,41.589,41.388,41.072,41.477,45.445,56.065,63.288,64.475,61.745,58.635,57.500,55.434,55.235,54.696,54.635,55.021,57.788,60.850,65.388,63.795,57.244,51.724,48.131
43.254,42.384,41.950,41.825,42.453,46.350,57.109,64.857,65.726,62.623,59.701,58.594,56.408,56.241,55.964,55.901,56.205,58.928,62.133,67.003,65.419,58.709,52.844,49.020
44.274,43.346,42.688,42.745,43.558,47.378,58.207,66.383,66.964,63.591,60.832,59.758,57.498,57.363,57.273,57.221,57.447,60.095,63.375,68.471,66.925,60.099,54.025,50.060
45.650,44.566,43.315,44.058,45.471,48.868,59.771,69.080,68.796,64.482,62.356,61.412,58.831,58.880,59.547,59.541,59.401,61.686,65.007,70.957,69.526,62.411,55.755,51.300
