8.026,3.191,-1.353,-5.181,-5.908,-3.015,15.451,31.561,40.516,36.228,32.906,32.407,31.699,28.544,23.280,22.893,23.206,32.648,35.871,41.549,27.881,13.491,7.576,-0.853
20.772,17.402,14.130,11.405,10.864,13.402,27.123,38.567,44.846,42.572,40.623,39.928,38.615,36.453,32.982,32.015,32.067,38.594,41.283,45.130,35.631,24.875,20.896,14.526
24.635,21.927,18.923,16.431,15.865,18.505,30.364,40.297,45.411,44.623,43.272,42.538,40.880,39.211,36.823,35.071,34.861,39.963,42.673,45.480,37.724,28.012,25.047,19.366
26.882,24.346,21.632,19.388,18.897,21.262,32.270,41.402,46.208,45.279,44.028,43.296,41.779,40.208,37.875,36.401,36.277,41.023,43.453,46.179,38.995,30.104,27.294,22.036
28.109,25.709,23.146,21.029,20.567,22.832,33.303,41.941,46.496,45.651,44.499,43.771,42.274,40.790,38.586,37.156,37.036,41.515,43.835,46.418,39.635,31.190,28.540,23.531
28.941,26.646,24.255,22.277,21.842,24.157,34.334,42.384,46.608,45.838,44.807,44.124,42.455,41.009,38.908,37.521,37.299,41.864,44.211,46.602,40.031,31.896,29.312,24.532
29.665,27.389,25.094,23.191,22.783,25.002,34.973,42.787,46.934,45.992,44.940,44.305,42.717,41.265,39.114,37.910,37.710,42.326,44.583,46.984,40.465,32.575,29.960,25.327
30.196,27.920,25.774,24.014,23.664,25.858,35.902,43.451,47.616,46.546,45.622,44.826,43.053,41.594,39.334,38.228,38.091,42.679,44.889,47.409,41.020,33.280,30.641,25.986
30.611,28.386,26.300,24.592,24.249,26.483,36.426,43.754,47.789,46.809,45.959,45.154,43.278,41.845,39.651,38.510,38.330,42.901,45.137,47.570,41.299,33.656,31.070,26.482
31.187,29.014,26.964,25.285,24.950,27.081,36.737,43.950,47.930,46.955,46.105,45.313,43.554,42.163,40.015,38.912,38.771,43.148,45.288,47.652,41.597,34.160,31.649,27.168
31.521,29.389,27.353,25.692,25.361,27.442,36.942,44.108,47.993,47.165,46.348,45.517,43.791,42.441,40.342,39.204,39.098,43.268,45.356,47.691,41.814,34.478,32.048,27.595
31.902,29.818,27.799,26.151,25.821,27.839,37.094,44.164,48.056,47.208,46.391,45.585,43.946,42.633,40.594,39.463,39.371,43.394,45.423,47.698,41.967,34.779,32.419,28.056
32.302,30.290,28.237,26.559,26.209,28.157,37.102,44.177,48.073,47.280,46.451,45.686,44.194,42.949,41.048,39.835,39.668,43.468,45.464,47.745,42.103,35.042,32.819,28.547
32.485,30.556,28.635,27.074,26.745,28.820,37.717,44.476,48.078,47.586,46.982,46.126,44.223,43.015,41.234,39.870,39.755,43.496,45.584,47.760,42.247,35.241,33.104,28.866
32.667,30.737,28.733,27.106,26.760,28.885,37.796,44.578,48.273,47.853,47.200,46.326,44.582,43.402,41.648,40.224,40.091,43.646,45.696,47.806,42.459,35.417,33.340,29.051
32.866,30.950,28.958,27.342,27.001,29.010,37.857,44.623,48.308,47.864,47.201,46.335,44.655,43.487,41.737,40.348,40.236,43.726,45.729,47.841,42.548,35.590,33.531,29.285
33.006,31.093,29.079,27.446,27.099,29.093,37.862,44.748,48.459,48.039,47.367,46.495,44.848,43.688,41.951,40.538,40.441,43.865,45.856,47.973,42.700,35.729,33.689,29.428
33.124,31.210,29.187,27.548,27.199,29.201,37.985,44.894,48.613,48.188,47.478,46.666,45.011,43.853,42.122,40.689,40.592,44.001,45.999,48.116,42.844,35.852,33.819,29.543
33.234,31.310,29.289,27.649,27.300,29.314,38.128,44.977,48.625,48.213,47.546,46.675,45.120,43.951,42.205,40.791,40.682,44.157,46.162,48.231,42.970,35.962,33.904,29.630
33.500,31.612,29.568,27.886,27.531,29.466,38.132,45.036,48.751,48.326,47.649,46.784,45.128,43.980,42.273,40.908,40.805,44.211,46.168,48.285,42.994,36.133,34.111,29.946
33.577,31.653,29.606,27.974,27.623,29.569,38.158,45.098,48.799,48.430,47.669,46.877,45.551,44.455,42.802,41.316,41.298,44.461,46.307,48.372,43.283,36.356,34.366,30.006
33.945,32.092,30.022,28.338,27.971,29.794,38.253,45.232,48.929,48.556,47.820,46.998,45.655,44.538,42.818,41.410,41.379,44.481,46.371,48.449,43.399,36.505,34.586,30.449
34.106,32.263,30.218,28.453,28.072,29.809,38.257,45.362,49.049,48.678,47.958,47.125,45.676,44.568,42.926,41.527,41.511,44.545,46.421,48.555,43.416,36.684,34.780,30.650
34.211,32.370,30.233,28.559,28.202,30.008,38.314,45.380,49.213,48.864,48.178,47.235,45.750,44.662,43.018,41.617,41.597,44.643,46.478,48.616,43.528,36.800,34.895,30.763
34.321,32.451,30.338,28.691,28.337,30.155,38.476,45.502,49.237,48.919,48.190,47.348,46.061,45.007,43.418,41.960,41.972,44.821,46.614,48.677,43.750,37.049,35.215,30.866
34.493,32.677,30.607,28.931,28.567,30.337,38.535,45.615,49.351,49.069,48.340,47.482,46.214,45.166,43.580,42.107,42.136,44.929,46.708,48.785,43.879,37.056,35.275,31.084
34.608,32.792,30.711,29.028,28.663,30.418,38.609,45.708,49.474,49.202,48.475,47.595,46.352,45.313,43.730,42.245,42.298,44.948,46.713,48.864,43.995,37.173,35.353,31.206
34.718,32.905,30.816,29.129,28.764,30.495,38.664,45.746,49.584,49.241,48.482,47.619,46.444,45.398,43.783,42.311,42.435,45.011,46.768,48.951,44.036,37.296,35.495,31.334
34.881,33.060,30.975,29.290,28.929,30.614,38.743,45.797,49.651,49.265,48.504,47.656,46.470,45.415,43.785,42.359,42.448,45.150,46.868,48.992,44.109,37.453,35.634,31.495
34.983,33.158,31.095,29.426,29.070,30.757,38.887,45.886,49.693,49.333,48.577,47.725,46.557,45.515,43.904,42.397,42.464,45.245,46.964,49.088,44.182,37.551,35.708,31.593
35.098,33.287,31.222,29.554,29.197,30.869,38.944,45.935,49.734,49.385,48.621,47.791,46.605,45.567,43.952,42.504,42.578,45.296,47.000,49.113,44.254,37.652,35.836,31.732
35.208,33.408,31.359,29.703,29.349,31.023,39.067,46.006,49.750,49.390,48.642,47.799,46.609,45.572,43.973,42.573,42.640,45.356,47.061,49.156,44.323,37.751,35.944,31.861
35.322,33.527,31.469,29.802,29.444,31.095,39.078,46.028,49.775,49.440,48.674,47.840,46.674,45.640,44.049,42.666,42.736,45.439,47.126,49.211,44.378,37.833,36.030,31.974
35.418,33.630,31.577,29.915,29.558,31.201,39.152,46.083,49.793,49.479,48.681,47.853,46.734,45.706,44.123,42.741,42.813,45.495,47.174,49.252,44.442,37.919,36.127,32.083
35.556,33.768,31.708,30.040,29.684,31.278,39.167,46.130,49.865,49.483,48.688,47.875,46.830,45.806,44.214,42.861,42.960,45.586,47.224,49.322,44.531,38.047,36.259,32.231
35.632,33.847,31.790,30.123,29.766,31.352,39.213,46.160,49.882,49.563,48.748,47.885,46.860,45.835,44.243,42.907,43.004,45.643,47.274,49.365,44.569,38.106,36.315,32.307
35.726,33.935,31.871,30.199,29.841,31.413,39.269,46.242,49.981,49.584,48.834,47.957,46.958,45.931,44.331,43.006,43.112,45.746,47.365,49.468,44.663,38.199,36.403,32.394
35.836,34.055,31.998,30.333,29.977,31.544,39.365,46.325,50.056,49.658,48.855,48.052,47.048,46.029,44.441,43.105,43.216,45.809,47.421,49.519,44.752,38.310,36.531,32.526
35.952,34.175,32.103,30.421,30.060,31.600,39.373,46.343,50.071,49.666,48.856,48.062,47.124,46.110,44.532,43.210,43.325,45.898,47.491,49.577,44.809,38.388,36.616,32.637
36.049,34.280,32.203,30.519,30.155,31.702,39.459,46.441,50.166,49.796,48.976,48.194,47.246,46.240,44.681,43.330,43.443,45.980,47.578,49.654,44.911,38.484,36.731,32.746
36.129,34.363,32.286,30.603,30.240,31.780,39.523,46.508,50.236,49.874,49.058,48.268,47.324,46.323,44.768,43.411,43.532,46.039,47.630,49.708,44.985,38.566,36.822,32.835
36.215,34.446,32.371,30.692,30.331,31.866,39.622,46.612,50.335,49.981,49.168,48.367,47.420,46.417,44.852,43.500,43.629,46.129,47.714,49.807,45.085,38.667,36.920,32.924
36.314,34.562,32.476,30.786,30.418,31.950,39.636,46.622,50.354,50.008,49.191,48.410,47.489,46.501,44.975,43.598,43.717,46.175,47.758,49.814,45.125,38.724,37.007,33.035
36.407,34.656,32.560,30.860,30.490,32.009,39.678,46.694,50.421,50.100,49.261,48.493,47.599,46.614,45.093,43.710,43.838,46.262,47.835,49.895,45.215,38.813,37.105,33.130
36.499,34.750,32.659,30.963,30.593,32.097,39.730,46.728,50.444,50.100,49.275,48.497,47.629,46.644,45.118,43.761,43.891,46.324,47.885,49.942,45.260,38.888,37.175,33.224
36.572,34.823,32.736,31.041,30.670,32.185,39.817,46.790,50.483,50.135,49.292,48.548,47.673,46.683,45.161,43.812,43.925,46.405,47.977,50.017,45.315,38.945,37.222,33.287
36.651,34.907,32.819,31.123,30.750,32.284,39.925,46.886,50.563,50.240,49.406,48.663,47.766,46.777,45.268,43.901,44.001,46.492,48.081,50.103,45.402,39.019,37.301,33.365
36.760,35.019,32.925,31.223,30.848,32.371,39.988,46.964,50.645,50.331,49.493,48.752,47.875,46.892,45.391,44.017,44.123,46.583,48.163,50.183,45.496,39.120,37.413,33.479
36.834,35.090,32.994,31.288,30.912,32.433,40.044,47.019,50.694,50.364,49.507,48.789,47.928,46.940,45.435,44.077,44.178,46.667,48.247,50.263,45.555,39.181,37.463,33.541
36.940,35.202,33.105,31.396,31.018,32.521,40.078,47.046,50.709,50.373,49.511,48.804,47.980,46.996,45.499,44.154,44.256,46.732,48.297,50.303,45.605,39.261,37.549,33.653
37.017,35.289,33.201,31.499,31.120,32.635,40.168,47.090,50.717,50.397,49.536,48.847,48.009,47.027,45.546,44.199,44.285,46.781,48.356,50.335,45.645,39.318,37.611,33.737
37.148,35.418,33.322,31.611,31.229,32.739,40.266,47.209,50.842,50.519,49.642,48.967,48.148,47.167,45.687,44.340,44.427,46.921,48.493,50.471,45.774,39.441,37.734,33.861
37.255,35.527,33.428,31.712,31.326,32.835,40.329,47.257,50.851,50.533,49.644,48.997,48.203,47.219,45.746,44.416,44.490,47.021,48.594,50.551,45.833,39.514,37.800,33.956
37.327,35.608,33.509,31.788,31.397,32.920,40.384,47.283,50.865,50.540,49.648,49.028,48.235,47.253,45.802,44.467,44.517,47.079,48.667,50.587,45.862,39.551,37.840,34.023
37.415,35.697,33.599,31.878,31.485,33.024,40.488,47.371,50.917,50.612,49.709,49.115,48.309,47.323,45.880,44.543,44.576,47.178,48.780,50.682,45.941,39.624,37.908,34.101
37.524,35.806,33.696,31.963,31.567,33.073,40.492,47.399,50.957,50.633,49.715,49.128,48.388,47.405,45.962,44.644,44.691,47.262,48.838,50.744,46.006,39.711,37.999,34.209
37.647,35.933,33.814,32.074,31.675,33.161,40.536,47.465,51.027,50.700,49.761,49.191,48.491,47.513,46.075,44.763,44.818,47.361,48.921,50.826,46.096,39.818,38.113,34.335
37.716,35.997,33.890,32.158,31.762,33.271,40.689,47.592,51.144,50.814,49.887,49.312,48.570,47.584,46.138,44.827,44.870,47.460,49.039,50.942,46.194,39.901,38.182,34.397
37.828,36.112,34.009,32.282,31.888,33.388,40.794,47.690,51.245,50.912,49.989,49.407,48.667,47.685,46.238,44.930,44.979,47.549,49.120,51.029,46.297,40.017,38.303,34.519
37.946,36.229,34.117,32.380,31.983,33.468,40.843,47.756,51.312,50.966,50.022,49.461,48.763,47.780,46.334,45.039,45.091,47.661,49.220,51.126,46.384,40.114,38.398,34.629
38.061,36.353,34.230,32.483,32.083,33.550,40.872,47.804,51.359,51.034,50.083,49.528,48.866,47.894,46.467,45.161,45.220,47.736,49.280,51.175,46.462,40.208,38.514,34.755
38.145,36.441,34.323,32.583,32.185,33.655,40.986,47.910,51.470,51.161,50.227,49.651,48.967,47.999,46.576,45.254,45.319,47.805,49.350,51.250,46.562,40.308,38.625,34.854
38.233,36.529,34.410,32.668,32.268,33.732,41.041,47.961,51.512,51.190,50.241,49.685,49.022,48.052,46.629,45.322,45.383,47.887,49.427,51.321,46.621,40.380,38.691,34.937
38.320,36.621,34.495,32.743,32.338,33.800,41.071,47.988,51.516,51.204,50.243,49.713,49.076,48.108,46.701,45.396,45.444,47.960,49.503,51.371,46.664,40.432,38.746,35.016
38.391,36.688,34.565,32.815,32.412,33.875,41.163,48.080,51.615,51.289,50.326,49.795,49.152,48.180,46.763,45.466,45.516,48.046,49.589,51.466,46.749,40.513,38.819,35.084
38.471,36.760,34.647,32.906,32.507,33.975,41.292,48.192,51.728,51.373,50.411,49.879,49.221,48.241,46.804,45.528,45.576,48.148,49.694,51.583,46.843,40.605,38.892,35.156
38.600,36.905,34.778,33.025,32.620,34.068,41.312,48.232,51.763,51.447,50.478,49.953,49.337,48.373,46.968,45.668,45.724,48.216,49.746,51.616,46.923,40.706,39.027,35.304
38.732,37.049,34.910,33.147,32.736,34.191,41.405,48.331,51.846,51.578,50.614,50.093,49.481,48.528,47.154,45.821,45.869,48.324,49.861,51.704,47.036,40.817,39.162,35.444
38.849,37.171,35.039,33.279,32.865,34.330,41.513,48.393,51.866,51.594,50.620,50.135,49.526,48.570,47.207,45.889,45.915,48.425,49.972,51.784,47.099,40.898,39.236,35.553
38.989,37.322,35.175,33.401,32.982,34.428,41.549,48.452,51.921,51.673,50.687,50.215,49.652,48.707,47.368,46.037,46.067,48.523,50.055,51.851,47.193,41.009,39.371,35.703
39.119,37.473,35.325,33.551,33.129,34.578,41.646,48.529,51.974,51.793,50.829,50.345,49.773,48.848,47.551,46.175,46.202,48.581,50.113,51.879,47.287,41.121,39.525,35.865
39.206,37.561,35.411,33.637,33.215,34.659,41.696,48.625,52.077,51.908,50.900,50.452,49.880,48.959,47.660,46.277,46.313,48.663,50.189,51.965,47.387,41.220,39.630,35.959
39.411,37.780,35.600,33.795,33.361,34.760,41.729,48.634,52.084,51.910,50.949,50.462,50.010,49.102,47.837,46.464,46.505,48.800,50.293,52.036,47.472,41.348,39.781,36.162
39.529,37.890,35.707,33.901,33.467,34.869,41.833,48.786,52.242,52.063,51.050,50.610,50.154,49.240,47.965,46.595,46.637,48.950,50.446,52.199,47.617,41.476,39.899,36.268
39.703,38.058,35.855,34.031,33.594,34.965,41.910,48.933,52.428,52.233,51.195,50.757,50.360,49.448,48.165,46.802,46.867,49.133,50.603,52.380,47.795,41.650,40.076,36.436
39.807,38.176,35.962,34.130,33.687,35.056,41.951,48.977,52.454,52.301,51.264,50.834,50.454,49.554,48.303,46.914,46.974,49.196,50.665,52.415,47.861,41.727,40.179,36.552
39.917,38.290,36.075,34.243,33.801,35.170,42.066,49.099,52.584,52.451,51.426,50.979,50.589,49.695,48.451,47.043,47.110,49.294,50.761,52.514,47.985,41.847,40.313,36.674
40.107,38.477,36.225,34.363,33.913,35.234,42.080,49.219,52.755,52.621,51.559,51.119,50.825,49.941,48.701,47.289,47.388,49.477,50.906,52.680,48.164,42.024,40.507,36.860
40.254,38.628,36.373,34.506,34.054,35.359,42.155,49.288,52.809,52.664,51.584,51.170,50.916,50.032,48.800,47.405,47.502,49.595,51.012,52.773,48.254,42.140,40.625,37.005
40.427,38.806,36.525,34.637,34.177,35.469,42.232,49.425,52.963,52.852,51.760,51.349,51.136,50.263,49.052,47.628,47.734,49.760,51.167,52.922,48.424,42.298,40.806,37.179
40.589,38.979,36.697,34.808,34.346,35.654,42.406,49.580,53.095,53.026,51.948,51.536,51.301,50.436,49.250,47.797,47.891,49.903,51.325,53.055,48.578,42.448,40.974,37.350
40.739,39.129,36.845,34.956,34.497,35.784,42.529,49.731,53.275,53.206,52.133,51.696,51.474,50.616,49.424,47.966,48.083,50.032,51.433,53.187,48.740,42.618,41.157,37.516
40.927,39.318,37.008,35.097,34.629,35.909,42.631,49.887,53.442,53.393,52.301,51.880,51.699,50.845,49.670,48.195,48.313,50.234,51.631,53.376,48.924,42.785,41.334,37.692
41.116,39.487,37.194,35.299,34.843,36.089,42.842,50.102,53.699,53.554,52.446,52.014,51.855,50.984,49.750,48.343,48.490,50.443,51.810,53.613,49.130,43.013,41.523,37.875
41.333,39.673,37.402,35.530,35.091,36.266,43.048,50.335,54.015,53.715,52.578,52.122,52.023,51.129,49.800,48.502,48.709,50.673,51.975,53.882,49.365,43.293,41.749,38.089
41.570,39.885,37.656,35.823,35.405,36.549,43.392,50.640,54.366,53.940,52.807,52.317,52.202,51.286,49.855,48.665,48.906,50.922,52.193,54.180,49.635,43.599,42.002,38.331
41.739,40.021,37.883,36.128,35.739,36.968,44.034,51.097,54.789,54.254,53.187,52.652,52.325,51.361,49.874,48.722,48.925,51.208,52.545,54.573,49.930,43.871,42.176,38.480
42.001,40.266,38.134,36.388,36.007,37.226,44.359,51.457,55.205,54.632,53.574,52.997,52.652,51.680,50.134,49.013,49.244,51.512,52.838,54.921,50.271,44.192,42.481,38.743
42.260,40.540,38.422,36.695,36.319,37.582,44.769,51.832,55.574,55.088,54.100,53.454,52.998,52.042,50.523,49.325,49.552,51.754,53.110,55.186,50.606,44.498,42.825,39.041
42.451,40.706,38.674,37.024,36.679,37.998,45.371,52.274,56.009,55.431,54.516,53.798,53.156,52.166,50.560,49.422,49.639,52.007,53.403,55.536,50.913,44.803,43.060,39.241
42.776,41.020,39.043,37.445,37.120,38.462,45.930,52.736,56.474,55.845,54.980,54.207,53.455,52.451,50.795,49.690,49.910,52.342,53.750,55.925,51.302,45.204,43.430,39.587
43.029,41.234,39.350,37.836,37.545,38.971,46.701,53.337,57.070,56.322,55.534,54.688,53.705,52.652,50.884,49.852,50.049,52.731,54.202,56.446,51.729,45.594,43.718,39.824
43.300,41.497,39.616,38.110,37.826,39.238,47.013,53.686,57.472,56.718,55.950,55.050,54.049,52.998,51.208,50.166,50.395,53.012,54.468,56.759,52.069,45.921,44.050,40.111
43.668,41.885,39.998,38.488,38.197,39.687,47.509,54.151,57.887,57.266,56.553,55.630,54.518,53.482,51.754,50.607,50.792,53.400,54.922,57.151,52.496,46.286,44.456,40.489
44.360,42.547,40.645,39.138,38.865,40.234,48.080,54.894,58.819,58.091,57.365,56.337,55.327,54.295,52.479,51.377,51.691,54.079,55.489,57.885,53.289,47.098,45.270,41.216
45.013,43.148,41.289,39.815,39.558,40.969,49.015,55.775,59.719,58.833,58.098,57.076,55.979,54.889,52.963,51.968,52.262,54.920,56.368,58.826,54.063,47.823,45.875,41.799
46.027,44.007,42.290,40.955,40.774,42.281,51.049,57.741,61.903,60.615,59.979,58.740,57.264,56.038,53.752,52.970,53.316,56.445,57.960,60.744,55.678,49.255,47.025,42.712
47.196,45.072,43.386,42.082,41.931,43.424,52.527,59.313,63.648,62.069,61.397,60.102,58.581,57.270,54.766,54.155,54.557,57.936,59.438,62.428,57.132,50.609,48.202,43.780
48.938,46.514,45.210,44.258,44.276,46.074,56.696,63.041,67.649,65.252,64.845,63.146,60.657,59.048,55.819,55.675,56.084,60.686,62.417,65.979,60.028,53.176,50.152,45.324
