15.084,7.558,1.643,0.012,0.646,-1.010,1.274,2.366,1.742,-0.573,-6.692,-7.457,-14.436,-14.863,-17.162,-9.021,-7.302,-4.369,6.838,14.909,17.358,14.028,13.609,4.561
25.032,19.710,15.216,13.688,13.315,11.810,13.184,14.836,15.165,13.031,9.087,7.962,3.352,0.936,-1.752,3.990,6.770,12.206,20.375,26.337,28.679,26.180,25.637,18.996
28.321,23.771,19.539,17.986,17.570,15.918,17.195,18.496,19.206,17.018,13.285,12.059,8.142,5.878,3.910,8.633,10.667,16.030,23.730,29.880,32.062,29.991,28.708,22.526
29.811,25.567,21.537,20.017,19.528,17.873,19.036,20.313,21.138,19.016,15.512,14.262,10.668,8.314,6.405,10.775,12.739,18.209,25.560,31.524,33.664,31.727,30.349,24.483
31.243,27.345,23.410,21.850,21.304,19.728,20.922,22.168,23.074,20.794,17.482,16.202,12.823,10.384,8.765,12.724,14.725,20.254,27.146,32.885,34.897,33.135,31.664,26.028
31.577,27.638,23.719,22.168,21.592,20.087,21.278,22.624,23.471,21.187,17.949,16.685,13.259,10.708,8.955,13.001,15.237,20.850,27.633,33.172,35.185,33.382,32.095,26.494
32.589,28.802,24.976,23.462,22.937,21.374,22.523,23.708,24.611,22.413,19.171,17.921,14.655,12.311,10.752,14.587,16.456,21.820,28.574,34.224,36.191,34.484,32.997,27.509
33.114,29.347,25.580,24.092,23.557,22.036,23.159,24.377,25.247,23.091,19.921,18.692,15.451,13.080,11.456,15.293,17.241,22.591,29.230,34.729,36.683,34.973,33.586,28.181
33.417,29.692,25.978,24.502,23.925,22.448,23.541,24.826,25.688,23.542,20.474,19.246,16.049,13.570,11.864,15.679,17.775,23.228,29.719,35.047,36.996,35.288,33.999,28.685
33.714,30.044,26.374,24.907,24.312,22.843,23.911,25.204,26.081,23.951,20.940,19.711,16.573,14.062,12.346,16.103,18.215,23.699,30.107,35.371,37.312,35.625,34.342,29.098
34.159,30.565,26.955,25.504,24.907,23.440,24.480,25.749,26.642,24.544,21.583,20.358,17.299,14.807,13.123,16.791,18.850,24.297,30.617,35.834,37.756,36.104,34.799,29.640
34.493,31.021,27.486,26.059,25.474,23.970,24.969,26.152,27.097,25.055,22.123,20.899,17.973,15.569,13.989,17.497,19.352,24.700,30.964,36.223,38.121,36.537,35.106,30.048
34.747,31.282,27.760,26.336,25.745,24.266,25.266,26.469,27.397,25.352,22.448,21.231,18.302,15.878,14.280,17.791,19.701,25.053,31.263,36.454,38.342,36.757,35.373,30.340
35.016,31.622,28.144,26.731,26.137,24.640,25.611,26.780,27.743,25.726,22.852,21.630,18.781,16.377,14.819,18.240,20.066,25.401,31.568,36.767,38.647,37.098,35.653,30.683
35.466,32.127,28.678,27.278,26.716,25.210,26.181,27.280,28.248,26.251,23.366,22.158,19.351,17.052,15.595,18.940,20.622,25.815,31.960,37.191,39.039,37.528,36.018,31.083
35.687,32.408,28.992,27.597,27.028,25.517,26.472,27.553,28.544,26.556,23.702,22.490,19.743,17.448,16.025,19.295,20.936,26.126,32.217,37.434,39.271,37.790,36.244,31.361
35.890,32.644,29.242,27.848,27.284,25.763,26.714,27.770,28.776,26.793,23.942,22.728,20.011,17.741,16.357,19.582,21.169,26.332,32.411,37.646,39.473,38.012,36.428,31.565
36.103,32.900,29.517,28.128,27.577,26.047,26.994,28.009,29.028,27.054,24.202,22.991,20.310,18.090,16.769,19.935,21.437,26.537,32.599,37.857,39.668,38.235,36.600,31.763
36.247,33.076,29.721,28.338,27.777,26.261,27.197,28.223,29.242,27.275,24.462,23.254,20.603,18.362,17.032,20.168,21.697,26.808,32.805,38.003,39.805,38.382,36.769,31.977
36.653,33.588,30.304,28.948,28.418,26.894,27.809,28.746,29.780,27.860,25.070,23.880,21.325,19.207,17.998,20.999,22.341,27.278,33.197,38.398,40.155,38.794,37.100,32.404
36.770,33.712,30.426,29.069,28.540,26.997,27.906,28.829,29.881,27.966,25.166,23.970,21.429,19.320,18.121,21.107,22.411,27.355,33.299,38.540,40.304,38.949,37.218,32.517
36.925,33.855,30.564,29.207,28.682,27.129,28.036,28.952,30.006,28.100,25.285,24.087,21.542,19.445,18.244,21.241,22.522,27.458,33.434,38.705,40.475,39.116,37.372,32.657
37.024,33.919,30.621,29.270,28.746,27.194,28.097,29.028,30.069,28.177,25.354,24.161,21.592,19.488,18.244,21.287,22.594,27.537,33.540,38.806,40.589,39.208,37.495,32.764
37.245,34.172,30.913,29.580,29.069,27.535,28.430,29.344,30.367,28.501,25.706,24.529,21.987,19.923,18.698,21.711,22.889,27.835,33.790,38.997,40.757,39.391,37.699,33.022
37.404,34.334,31.089,29.754,29.238,27.614,28.491,29.371,30.466,28.613,25.740,24.531,22.001,19.941,18.717,21.736,22.990,27.852,33.926,39.182,40.947,39.587,37.855,33.184
37.514,34.408,31.105,29.768,29.270,27.713,28.590,29.474,30.506,28.678,25.866,24.695,22.172,20.156,18.941,21.943,23.137,27.950,33.963,39.303,41.060,39.703,37.993,33.235
37.534,34.477,31.253,29.942,29.446,27.900,28.770,29.653,30.676,28.864,26.071,24.909,22.398,20.390,19.169,22.162,23.359,28.146,34.087,39.391,41.205,39.833,37.994,33.351
37.745,34.738,31.550,30.248,29.747,28.200,29.051,29.920,30.959,29.163,26.404,25.241,22.784,20.779,19.578,22.512,23.676,28.454,34.341,39.533,41.279,39.946,38.216,33.627
37.858,34.888,31.718,30.417,29.913,28.361,29.203,30.060,31.115,29.323,26.580,25.414,22.992,20.990,19.813,22.700,23.837,28.615,34.472,39.660,41.400,40.086,38.329,33.769
37.951,34.978,31.817,30.520,30.009,28.480,29.324,30.204,31.240,29.446,26.728,25.568,23.138,21.112,19.908,22.809,24.007,28.794,34.608,39.732,41.465,40.145,38.440,33.897
38.059,35.081,31.932,30.645,30.139,28.610,29.444,30.320,31.349,29.578,26.860,25.708,23.281,21.271,20.055,22.965,24.145,28.907,34.724,39.843,41.577,40.254,38.556,34.023
38.177,35.222,32.092,30.811,30.308,28.777,29.601,30.464,31.498,29.742,27.035,25.885,23.483,21.489,20.285,23.168,24.319,29.058,34.855,39.968,41.697,40.384,38.675,34.167
38.275,35.335,32.217,30.941,30.439,28.911,29.731,30.589,31.623,29.873,27.177,26.030,23.642,21.654,20.457,23.324,24.466,29.191,34.967,40.064,41.787,40.482,38.772,34.283
38.340,35.408,32.293,31.013,30.496,28.980,29.800,30.682,31.716,29.953,27.281,26.130,23.745,21.716,20.501,23.364,24.562,29.333,35.072,40.128,41.851,40.545,38.860,34.384
38.475,35.566,32.462,31.184,30.671,29.154,29.972,30.839,31.879,30.117,27.450,26.301,23.934,21.922,20.733,23.567,24.736,29.483,35.205,40.262,41.976,40.683,38.981,34.521
38.621,35.720,32.628,31.357,30.852,29.341,30.158,31.015,32.046,30.295,27.633,26.491,24.129,22.140,20.963,23.788,24.940,29.647,35.351,40.392,42.097,40.809,39.113,34.668
38.718,35.826,32.748,31.485,30.987,29.472,30.280,31.122,32.153,30.422,27.760,26.623,24.276,22.313,21.144,23.957,25.070,29.743,35.447,40.493,42.195,40.913,39.205,34.775
38.809,35.942,32.874,31.612,31.112,29.597,30.403,31.236,32.276,30.543,27.892,26.754,24.427,22.467,21.317,24.100,25.199,29.867,35.547,40.587,42.282,41.013,39.291,34.879
38.922,36.056,32.989,31.726,31.230,29.717,30.526,31.356,32.393,30.657,28.005,26.868,24.539,22.586,21.445,24.226,25.321,29.977,35.653,40.692,42.382,41.115,39.394,34.982
38.980,36.125,33.060,31.795,31.286,29.776,30.582,31.425,32.469,30.726,28.089,26.947,24.628,22.646,21.496,24.266,25.389,30.083,35.739,40.760,42.453,41.188,39.471,35.069
39.084,36.221,33.155,31.892,31.389,29.877,30.682,31.520,32.561,30.824,28.180,27.040,24.716,22.746,21.594,24.374,25.485,30.163,35.833,40.863,42.557,41.288,39.572,35.164
39.186,36.344,33.281,32.013,31.503,30.006,30.819,31.666,32.705,30.948,28.323,27.182,24.864,22.875,21.737,24.496,25.638,30.331,35.954,40.948,42.630,41.371,39.667,35.274
39.271,36.430,33.381,32.122,31.619,30.124,30.929,31.768,32.800,31.063,28.441,27.308,24.996,23.028,21.887,24.646,25.768,30.427,36.045,41.030,42.709,41.450,39.752,35.374
39.358,36.523,33.482,32.227,31.721,30.227,31.028,31.869,32.901,31.170,28.557,27.425,25.121,23.149,22.003,24.756,25.882,30.542,36.148,41.119,42.798,41.541,39.847,35.481
39.462,36.641,33.606,32.350,31.847,30.357,31.160,31.994,33.027,31.291,28.683,27.552,25.256,23.294,22.167,24.902,26.017,30.662,36.249,41.214,42.884,41.636,39.937,35.580
39.559,36.742,33.710,32.457,31.956,30.461,31.261,32.088,33.124,31.395,28.785,27.655,25.365,23.411,22.287,25.017,26.116,30.752,36.344,41.317,42.987,41.741,40.033,35.680
39.671,36.853,33.841,32.603,32.114,30.620,31.408,32.222,33.246,31.550,28.942,27.824,25.541,23.622,22.492,25.226,26.291,30.872,36.462,41.425,43.092,41.845,40.146,35.811
39.744,36.924,33.912,32.672,32.179,30.688,31.476,32.298,33.322,31.622,29.020,27.900,25.616,23.684,22.545,25.283,26.366,30.963,36.546,41.499,43.167,41.918,40.228,35.894
39.873,37.037,34.017,32.777,32.288,30.801,31.594,32.420,33.434,31.733,29.122,28.006,25.704,23.775,22.629,25.388,26.481,31.070,36.665,41.616,43.285,42.028,40.352,36.005
39.966,37.126,34.098,32.853,32.358,30.871,31.669,32.502,33.518,31.807,29.194,28.074,25.766,23.823,22.674,25.436,26.546,31.157,36.756,41.711,43.383,42.124,40.448,36.092
40.070,37.223,34.196,32.955,32.462,30.983,31.781,32.620,33.625,31.918,29.308,28.193,25.877,23.935,22.775,25.551,26.674,31.275,36.867,41.804,43.474,42.210,40.554,36.200
40.210,37.355,34.324,33.082,32.595,31.130,31.940,32.782,33.772,32.054,29.444,28.335,26.000,24.065,22.910,25.698,26.842,31.421,36.999,41.913,43.575,42.307,40.675,36.317
40.322,37.469,34.442,33.204,32.723,31.262,32.073,32.909,33.892,32.179,29.568,28.463,26.128,24.209,23.063,25.849,26.982,31.533,37.105,42.012,43.668,42.402,40.773,36.420
40.411,37.549,34.527,33.296,32.822,31.357,32.162,32.990,33.968,32.273,29.655,28.556,26.219,24.321,23.168,25.965,27.074,31.598,37.187,42.104,43.763,42.493,40.864,36.510
40.509,37.668,34.643,33.403,32.920,31.449,32.256,33.083,34.080,32.367,29.754,28.645,26.325,24.408,23.275,26.042,27.151,31.709,37.287,42.215,43.873,42.615,40.960,36.610
40.616,37.780,34.751,33.506,33.019,31.564,32.381,33.220,34.208,32.476,29.874,28.765,26.436,24.503,23.375,26.140,27.287,31.855,37.403,42.301,43.950,42.693,41.059,36.711
40.693,37.873,34.846,33.596,33.103,31.639,32.453,33.289,34.294,32.556,29.959,28.843,26.530,24.586,23.466,26.209,27.348,31.942,37.487,42.397,44.049,42.800,41.143,36.801
40.747,37.937,34.913,33.661,33.160,31.684,32.489,33.324,34.346,32.611,30.016,28.891,26.597,24.641,23.520,26.247,27.373,31.996,37.549,42.479,44.138,42.894,41.214,36.875
40.848,38.052,35.035,33.785,33.285,31.806,32.607,33.434,34.462,32.730,30.140,29.015,26.735,24.785,23.676,26.385,27.493,32.108,37.653,42.584,44.240,43.004,41.311,36.984
40.928,38.159,35.154,33.903,33.396,31.910,32.704,33.524,34.569,32.838,30.260,29.130,26.879,24.921,23.825,26.499,27.591,32.223,37.750,42.684,44.339,43.116,41.400,37.092
41.009,38.256,35.266,34.020,33.509,32.021,32.803,33.622,34.674,32.955,30.392,29.261,27.031,25.069,23.968,26.625,27.710,32.347,37.857,42.781,44.436,43.219,41.499,37.212
41.092,38.340,35.358,34.117,33.612,32.124,32.903,33.715,34.762,33.055,30.492,29.366,27.140,25.194,24.094,26.751,27.819,32.431,37.940,42.860,44.512,43.296,41.578,37.298
41.145,38.391,35.418,34.183,33.674,32.192,32.963,33.786,34.827,33.130,30.580,29.457,27.233,25.276,24.155,26.819,27.907,32.526,38.021,42.916,44.570,43.350,41.653,37.385
41.239,38.463,35.483,34.248,33.738,32.268,33.046,33.886,34.911,33.210,30.660,29.541,27.293,25.324,24.178,26.874,28.004,32.630,38.123,42.993,44.649,43.415,41.754,37.476
41.346,38.563,35.587,34.359,33.857,32.398,33.178,34.016,35.024,33.332,30.783,29.673,27.415,25.464,24.316,27.025,28.156,32.744,38.227,43.078,44.727,43.489,41.850,37.577
41.478,38.679,35.700,34.475,33.981,32.531,33.317,34.156,35.147,33.457,30.901,29.800,27.521,25.584,24.432,27.163,28.302,32.861,38.348,43.187,44.832,43.587,41.969,37.689
41.573,38.764,35.783,34.560,34.068,32.620,33.407,34.248,35.233,33.546,30.987,29.888,27.601,25.668,24.509,27.252,28.394,32.946,38.439,43.277,44.923,43.673,42.063,37.778
41.678,38.880,35.909,34.688,34.196,32.755,33.539,34.381,35.364,33.679,31.131,30.035,27.756,25.822,24.665,27.398,28.546,33.091,38.560,43.375,45.016,43.770,42.169,37.900
41.814,39.040,36.075,34.850,34.355,32.919,33.707,34.546,35.534,33.837,31.301,30.203,27.938,25.999,24.864,27.569,28.718,33.267,38.705,43.506,45.137,43.904,42.296,38.041
41.952,39.170,36.195,34.966,34.463,33.034,33.828,34.684,35.668,33.957,31.426,30.325,28.047,26.084,24.936,27.653,28.842,33.420,38.852,43.639,45.273,44.033,42.442,38.179
42.069,39.294,36.321,35.089,34.585,33.154,33.948,34.802,35.792,34.077,31.547,30.444,28.173,26.207,25.067,27.773,28.958,33.542,38.969,43.759,45.391,44.156,42.557,38.297
42.144,39.374,36.408,35.178,34.664,33.223,34.002,34.862,35.865,34.162,31.641,30.532,28.279,26.293,25.131,27.832,29.018,33.637,39.071,43.868,45.511,44.276,42.667,38.415
42.282,39.506,36.535,35.303,34.790,33.352,34.135,34.997,35.996,34.289,31.765,30.656,28.394,26.408,25.158,27.954,29.147,33.766,39.203,43.999,45.643,44.404,42.801,38.543
42.386,39.574,36.591,35.362,34.850,33.427,34.219,35.104,36.078,34.369,31.841,30.739,28.440,26.409,25.242,27.962,29.250,33.871,39.313,44.078,45.724,44.465,42.913,38.638
42.499,39.654,36.651,35.411,34.882,33.464,34.259,35.182,36.154,34.428,31.903,30.793,28.467,26.441,25.245,28.002,29.289,33.991,39.450,44.203,45.867,44.586,43.067,38.766
42.660,39.801,36.794,35.558,35.035,33.611,34.405,35.321,36.291,34.574,32.034,30.927,28.592,26.553,25.299,28.117,29.425,34.107,39.591,44.364,46.032,44.746,43.222,38.910
42.737,39.890,36.892,35.655,35.121,33.708,34.497,35.432,36.401,34.680,32.164,31.055,28.730,26.658,25.388,28.198,29.548,34.265,39.712,44.445,46.111,44.826,43.325,39.031
42.878,40.019,37.021,35.789,35.262,33.846,34.635,35.562,36.525,34.816,32.290,31.185,28.853,26.801,25.528,28.351,29.683,34.373,39.838,44.582,46.249,44.960,43.459,39.160
43.054,40.202,37.211,35.980,35.456,34.063,34.860,35.795,36.740,35.021,32.510,31.414,29.073,27.022,25.756,28.577,29.941,34.608,40.028,44.721,46.374,45.087,43.620,39.335
43.220,40.392,37.408,36.176,35.647,34.243,35.033,35.957,36.921,35.203,32.698,31.595,29.281,27.228,25.978,28.767,30.103,34.784,40.200,44.911,46.564,45.289,43.791,39.518
43.355,40.546,37.569,36.335,35.799,34.382,35.163,36.081,37.065,35.350,32.851,31.740,29.452,27.390,26.146,28.909,30.224,34.930,40.346,45.075,46.732,45.467,43.940,39.678
43.523,40.709,37.743,36.518,35.986,34.555,35.321,36.231,37.219,35.532,33.029,31.920,29.644,27.596,26.337,29.104,30.387,35.080,40.519,45.266,46.932,45.665,44.126,39.870
43.701,40.867,37.876,36.637,36.089,34.678,35.461,36.411,37.389,35.663,33.169,32.054,29.744,27.637,26.351,29.149,30.531,35.294,40.716,45.425,47.094,45.812,44.318,40.040
43.861,41.062,38.086,36.845,36.285,34.865,35.636,36.580,37.582,35.857,33.380,32.256,29.985,27.863,26.591,29.343,30.707,35.500,40.900,45.615,47.285,46.020,44.493,40.240
44.041,41.207,38.209,36.962,36.399,34.972,35.747,36.706,37.706,35.976,33.480,32.351,30.053,27.913,26.611,29.405,30.794,35.620,41.066,45.806,47.491,46.208,44.689,40.401
44.234,41.419,38.441,37.201,36.631,35.198,35.956,36.914,37.926,36.214,33.738,32.606,30.338,28.189,26.876,29.649,31.027,35.867,41.296,46.024,47.713,46.436,44.911,40.650
44.342,41.526,38.556,37.314,36.720,35.294,36.040,37.036,38.053,36.339,33.894,32.756,30.496,28.281,26.914,29.697,31.151,36.075,41.475,46.159,47.860,46.574,45.083,40.837
44.543,41.748,38.793,37.556,36.960,35.532,36.268,37.257,38.281,36.577,34.145,33.006,30.769,28.558,27.198,29.956,31.392,36.312,41.694,46.371,48.069,46.793,45.291,41.067
44.759,41.935,38.984,37.754,37.156,35.743,36.475,37.488,38.490,36.800,34.376,33.246,30.987,28.760,27.351,30.154,31.640,36.564,41.941,46.576,48.279,46.984,45.536,41.313
44.980,42.153,39.192,37.954,37.334,35.893,36.610,37.637,38.673,36.982,34.558,33.407,31.167,28.890,27.432,30.249,31.744,36.766,42.183,46.864,48.594,47.295,45.812,41.575
45.236,42.365,39.380,38.135,37.506,36.060,36.779,37.834,38.867,37.170,34.732,33.575,31.302,28.987,27.438,30.350,31.897,36.978,42.441,47.136,48.888,47.563,46.102,41.828
45.479,42.603,39.597,38.331,37.662,36.212,36.927,38.033,39.095,37.361,34.944,33.761,31.491,29.064,27.449,30.352,32.035,37.279,42.740,47.428,49.204,47.870,46.416,42.127
45.849,42.918,39.856,38.561,37.848,36.353,37.060,38.220,39.330,37.568,35.126,33.901,31.611,29.067,27.495,30.386,32.082,37.548,43.123,47.905,49.743,48.375,46.889,42.522
46.344,43.390,40.268,38.928,38.160,36.654,37.377,38.608,39.761,37.916,35.477,34.207,31.894,29.191,27.508,30.450,32.329,38.040,43.648,48.459,50.334,48.949,47.454,43.025
46.725,43.710,40.560,39.204,38.376,36.857,37.555,38.884,40.061,38.207,35.791,34.491,32.158,29.283,27.523,30.465,32.521,38.487,44.142,48.938,50.875,49.442,48.002,43.536
47.811,44.659,41.417,40.030,39.169,37.609,38.312,39.717,40.913,39.030,36.551,35.216,32.790,29.793,27.806,30.990,33.170,39.355,45.200,50.109,52.125,50.618,49.193,44.588
48.812,45.570,42.289,40.896,40.018,38.450,39.151,40.612,41.796,39.917,37.415,36.072,33.584,30.518,28.417,31.715,33.996,40.286,46.218,51.142,53.202,51.642,50.273,45.603
50.225,46.869,43.496,42.058,41.103,39.462,40.141,41.706,42.966,41.050,38.508,37.098,34.567,31.283,28.995,32.419,34.857,41.534,47.671,52.742,54.915,53.286,51.885,47.081
52.971,50.007,46.647,45.125,44.083,41.940,42.434,43.658,45.511,43.643,40.957,39.311,37.359,34.110,32.219,34.980,36.434,43.549,50.172,56.286,58.618,57.237,54.724,49.916
