1.526,-2.465,-6.713,-9.591,-9.298,-5.157,15.587,31.064,34.152,23.957,15.819,5.506,-5.771,-16.414,-23.365,-21.739,-16.504,-4.564,6.720,14.501,6.586,-5.896,-10.221,-21.124
16.936,14.065,11.253,9.055,9.254,12.530,26.762,37.716,39.972,33.056,27.606,20.393,12.770,4.663,-0.621,0.261,3.600,12.404,20.294,26.202,20.361,11.839,8.743,1.256
20.929,18.372,15.987,13.944,14.103,17.285,29.665,39.375,41.490,35.474,30.694,24.312,17.949,10.067,5.072,5.652,8.494,16.601,23.599,29.102,23.763,16.258,13.572,6.857
23.273,20.876,18.687,16.763,16.918,19.875,31.314,40.352,42.277,36.763,32.450,26.549,20.540,13.381,8.752,9.286,11.810,19.338,25.797,30.953,25.965,19.119,16.557,10.492
24.719,22.425,20.420,18.548,18.703,21.596,32.304,40.903,42.727,37.625,33.680,28.149,22.565,15.701,11.197,11.644,13.891,21.102,27.151,32.160,27.347,21.004,18.525,12.927
25.639,23.442,21.465,19.682,19.821,22.600,33.024,41.308,43.102,38.081,34.139,28.744,23.364,16.623,12.296,12.739,15.028,21.994,27.904,32.690,28.080,21.818,19.486,13.906
26.500,24.448,22.530,20.889,21.024,23.687,33.769,41.703,43.492,38.592,34.593,29.461,24.691,17.896,13.667,14.124,16.538,23.169,28.820,33.306,28.928,22.726,20.609,14.974
27.038,24.979,23.076,21.453,21.611,24.212,34.306,42.256,43.825,39.183,35.268,30.222,25.459,18.911,14.703,15.228,17.598,24.119,29.667,34.110,29.735,23.629,21.440,15.965
27.980,25.995,24.196,22.617,22.773,25.339,35.011,42.290,44.023,39.330,35.668,30.990,26.420,20.338,16.191,16.665,18.918,25.247,30.554,34.591,30.631,24.778,22.670,17.404
28.439,26.473,24.728,23.153,23.312,25.845,35.265,42.723,44.413,39.798,36.050,31.228,26.793,20.601,16.997,17.454,19.584,25.575,30.721,34.890,30.802,25.168,23.306,18.206
28.775,26.821,25.106,23.533,23.689,26.172,35.303,42.899,44.537,40.057,36.464,31.745,27.336,21.080,17.040,17.499,19.749,25.813,30.999,35.301,31.087,25.424,23.318,18.248
28.849,27.034,25.242,23.818,23.920,26.217,35.542,43.057,44.679,40.266,36.743,32.070,27.692,21.487,17.434,17.864,19.935,26.127,31.260,35.551,31.364,25.790,23.686,18.710
29.061,27.127,25.452,23.889,24.049,26.576,35.777,43.230,44.840,40.507,37.042,32.452,28.216,22.019,17.957,18.375,20.404,26.542,31.587,35.855,31.689,26.200,24.111,19.208
29.445,27.537,25.930,24.366,24.521,27.070,36.023,43.348,44.944,40.746,37.400,32.911,28.832,22.630,18.565,18.925,20.851,26.947,31.879,36.148,32.009,26.675,24.617,19.843
29.690,27.798,26.233,24.673,24.831,27.375,36.178,43.427,45.000,40.895,37.640,33.231,29.237,23.099,19.047,19.389,21.243,27.283,32.126,36.379,32.263,27.046,24.992,20.334
29.884,28.012,26.470,24.919,25.074,27.629,36.342,43.533,45.113,41.047,37.803,33.436,29.561,23.361,19.297,19.617,21.465,27.484,32.286,36.524,32.427,27.239,25.219,20.562
29.979,28.098,26.581,25.014,25.174,27.765,36.444,43.662,45.244,41.221,38.020,33.680,29.869,23.622,19.502,19.806,21.609,27.658,32.430,36.714,32.579,27.435,25.395,20.783
30.093,28.202,26.681,25.107,25.269,27.861,36.569,43.815,45.394,41.364,38.168,33.816,29.963,23.739,19.616,19.925,21.721,27.782,32.566,36.865,32.716,27.570,25.511,20.911
30.362,28.494,26.979,25.421,25.574,28.125,36.726,43.857,45.415,41.414,38.251,33.919,30.028,23.908,19.875,20.172,21.947,27.942,32.701,36.942,32.860,27.765,25.741,21.185
30.513,28.649,27.143,25.586,25.737,28.280,36.835,43.934,45.482,41.504,38.370,34.052,30.151,24.074,20.062,20.354,22.105,28.081,32.822,37.054,32.986,27.927,25.904,21.385
30.656,28.803,27.310,25.767,25.925,28.464,37.000,44.100,45.647,41.694,38.562,34.292,30.505,24.408,20.371,20.674,22.433,28.376,33.068,37.282,33.217,28.172,26.155,21.645
30.798,28.949,27.466,25.927,26.088,28.626,37.142,44.239,45.782,41.849,38.729,34.485,30.744,24.650,20.604,20.909,22.663,28.589,33.254,37.462,33.398,28.372,26.353,21.863
30.946,29.090,27.618,26.070,26.233,28.766,37.247,44.340,45.864,41.965,38.901,34.670,30.883,24.872,20.840,21.143,22.847,28.763,33.408,37.627,33.559,28.590,26.547,22.133
31.114,29.241,27.805,26.234,26.407,28.968,37.393,44.520,46.027,42.201,39.236,35.048,31.263,25.317,21.240,21.531,23.145,29.076,33.667,37.941,33.828,28.959,26.865,22.575
31.294,29.409,27.989,26.316,26.524,29.126,37.517,44.581,46.080,42.247,39.277,35.080,31.285,25.353,21.339,21.628,23.248,29.147,33.746,37.981,33.911,29.044,26.975,22.682
31.392,29.433,28.030,26.428,26.594,29.238,37.622,44.685,46.176,42.358,39.393,35.227,31.461,25.574,21.559,21.862,23.451,29.352,33.919,38.132,34.071,29.216,27.146,22.869
31.410,29.537,28.098,26.549,26.720,29.286,37.749,44.824,46.316,42.530,39.588,35.457,31.770,25.857,21.806,22.061,23.489,29.575,34.105,38.331,34.254,29.429,27.350,23.102
31.507,29.654,28.233,26.682,26.859,29.391,37.827,44.887,46.374,42.608,39.684,35.571,31.909,26.004,21.808,22.106,23.714,29.684,34.203,38.426,34.353,29.551,27.423,23.248
31.602,29.752,28.341,26.791,26.968,29.501,37.857,45.116,46.585,42.835,39.948,35.842,32.127,26.196,21.952,22.248,23.842,29.692,34.298,38.702,34.507,29.754,27.474,23.344
31.849,29.993,28.584,27.031,27.211,29.729,38.050,45.201,46.662,42.931,40.068,35.978,32.267,26.310,22.278,22.584,24.148,29.981,34.479,38.829,34.629,29.863,27.762,23.593
31.938,30.079,28.679,27.124,27.307,29.823,38.131,45.290,46.740,43.024,40.169,36.107,32.296,26.481,22.446,22.755,24.300,30.124,34.603,38.927,34.751,30.012,27.899,23.765
32.067,30.219,28.822,27.282,27.468,29.961,38.244,45.369,46.856,43.140,40.303,36.138,32.427,26.687,22.673,22.994,24.543,30.322,34.770,38.961,34.907,30.186,28.079,23.965
32.182,30.336,28.945,27.405,27.593,30.090,38.360,45.406,46.885,43.152,40.364,36.255,32.607,26.856,22.832,23.150,24.694,30.470,34.904,39.097,35.040,30.329,28.223,24.117
32.289,30.447,29.058,27.520,27.704,30.194,38.441,45.460,46.907,43.208,40.367,36.319,32.656,26.926,22.922,23.236,24.774,30.539,34.971,39.154,35.111,30.411,28.312,24.216
32.379,30.537,29.146,27.608,27.791,30.279,38.522,45.534,46.979,43.279,40.439,36.386,32.707,26.985,22.990,23.303,24.839,30.603,35.040,39.222,35.183,30.483,28.386,24.290
32.502,30.664,29.274,27.739,27.920,30.394,38.615,45.602,47.039,43.346,40.518,36.470,32.765,27.088,23.120,23.433,24.960,30.706,35.137,39.304,35.281,30.598,28.504,24.427
32.587,30.748,29.360,27.822,28.002,30.476,38.679,45.655,47.089,43.403,40.588,36.537,32.812,27.150,23.191,23.497,25.011,30.758,35.191,39.361,35.341,30.671,28.576,24.514
32.698,30.864,29.483,27.950,28.131,30.592,38.763,45.715,47.139,43.472,40.678,36.647,32.930,27.310,23.369,23.677,25.177,30.898,35.307,39.461,35.456,30.813,28.720,24.688
32.803,30.967,29.583,28.048,28.228,30.679,38.843,45.786,47.201,43.537,40.758,36.720,32.952,27.380,23.462,23.771,25.256,30.971,35.385,39.538,35.538,30.911,28.811,24.803
32.922,31.086,29.703,28.167,28.344,30.787,38.933,45.858,47.265,43.606,40.842,36.801,32.994,27.464,23.570,23.876,25.349,31.055,35.470,39.617,35.627,31.015,28.914,24.926
33.021,31.178,29.800,28.254,28.432,30.885,39.021,45.952,47.357,43.710,40.967,36.924,33.097,27.573,23.671,23.969,25.418,31.140,35.556,39.724,35.722,31.128,29.016,25.052
33.139,31.295,29.925,28.376,28.554,31.003,39.111,46.034,47.427,43.802,41.093,37.062,33.216,27.740,23.849,24.145,25.565,31.277,35.677,39.847,35.846,31.289,29.165,25.246
33.236,31.391,30.027,28.476,28.655,31.106,39.198,46.118,47.508,43.896,41.203,37.180,33.341,27.872,23.979,24.271,25.678,31.388,35.778,39.952,35.949,31.409,29.281,25.382
33.306,31.462,30.103,28.550,28.730,31.193,39.279,46.204,47.600,43.994,41.300,37.284,33.480,27.977,24.064,24.352,25.758,31.477,35.860,40.044,36.032,31.493,29.366,25.463
33.374,31.532,30.184,28.630,28.811,31.280,39.338,46.256,47.652,44.064,41.385,37.385,33.615,28.100,24.176,24.458,25.851,31.568,35.934,40.121,36.108,31.587,29.463,25.574
33.466,31.627,30.282,28.734,28.917,31.376,39.426,46.338,47.727,44.150,41.480,37.496,33.741,28.254,24.336,24.625,26.016,31.711,36.059,40.234,36.227,31.720,29.593,25.722
33.534,31.691,30.346,28.795,28.979,31.438,39.494,46.416,47.802,44.225,41.560,37.574,33.804,28.329,24.411,24.702,26.087,31.786,36.136,40.315,36.304,31.800,29.666,25.803
33.604,31.761,30.416,28.865,29.050,31.504,39.553,46.469,47.850,44.278,41.622,37.638,33.854,28.403,24.494,24.786,26.164,31.856,36.202,40.379,36.371,31.877,29.740,25.891
33.730,31.889,30.551,28.995,29.175,31.634,39.643,46.529,47.910,44.351,41.711,37.726,33.904,28.478,24.581,24.857,26.216,31.912,36.260,40.441,36.440,31.966,29.837,26.002
33.809,31.968,30.628,29.070,29.249,31.705,39.707,46.585,47.963,44.404,41.770,37.777,33.927,28.509,24.632,24.904,26.256,31.954,36.309,40.491,36.494,32.024,29.895,26.066
33.916,32.074,30.726,29.167,29.341,31.785,39.787,46.645,48.019,44.447,41.812,37.798,33.931,28.516,24.659,24.929,26.280,31.976,36.351,40.524,36.542,32.068,29.943,26.114
34.019,32.181,30.830,29.277,29.449,31.876,39.864,46.699,48.064,44.494,41.867,37.854,33.950,28.584,24.764,25.037,26.385,32.060,36.431,40.586,36.622,32.159,30.037,26.222
34.103,32.264,30.919,29.360,29.530,31.969,39.935,46.762,48.130,44.569,41.952,37.939,34.020,28.653,24.827,25.088,26.422,32.110,36.482,40.650,36.681,32.228,30.109,26.300
34.224,32.386,31.046,29.483,29.651,32.088,40.020,46.823,48.184,44.639,42.046,38.034,34.087,28.748,24.938,25.188,26.499,32.185,36.554,40.725,36.762,32.336,30.217,26.435
34.309,32.472,31.132,29.571,29.739,32.170,40.096,46.893,48.251,44.708,42.120,38.111,34.159,28.837,25.036,25.288,26.596,32.273,36.638,40.803,36.845,32.426,30.306,26.533
34.426,32.589,31.239,29.678,29.842,32.272,40.215,47.008,48.371,44.807,42.199,38.167,34.183,28.849,25.059,25.309,26.633,32.320,36.710,40.873,36.921,32.476,30.365,26.562
34.534,32.700,31.346,29.787,29.949,32.372,40.312,47.091,48.453,44.883,42.268,38.230,34.229,28.906,25.132,25.382,26.711,32.393,36.789,40.942,37.000,32.551,30.447,26.637
34.644,32.811,31.449,29.895,30.057,32.469,40.429,47.209,48.570,44.986,42.357,38.314,34.298,28.990,25.228,25.487,26.831,32.503,36.907,41.046,37.112,32.648,30.545,26.722
34.718,32.881,31.522,29.967,30.131,32.550,40.522,47.322,48.685,45.104,42.476,38.438,34.444,29.122,25.341,25.603,26.946,32.625,37.022,41.171,37.225,32.760,30.649,26.829
34.838,32.997,31.642,30.076,30.238,32.666,40.612,47.402,48.761,45.192,42.588,38.541,34.506,29.198,25.423,25.670,26.986,32.680,37.085,41.252,37.301,32.859,30.743,26.947
34.949,33.111,31.756,30.194,30.356,32.765,40.698,47.469,48.818,45.255,42.665,38.624,34.564,29.313,25.566,25.820,27.128,32.798,37.193,41.342,37.407,32.981,30.864,27.092
35.019,33.184,31.827,30.271,30.433,32.840,40.779,47.550,48.902,45.333,42.727,38.689,34.650,29.381,25.631,25.888,27.212,32.877,37.272,41.412,37.481,33.042,30.932,27.141
35.107,33.271,31.912,30.355,30.517,32.922,40.864,47.637,48.987,45.417,42.816,38.775,34.721,29.467,25.722,25.981,27.300,32.964,37.361,41.502,37.571,33.134,31.021,27.237
35.214,33.376,32.013,30.454,30.614,33.015,40.962,47.731,49.079,45.502,42.900,38.847,34.758,29.519,25.787,26.044,27.363,33.031,37.440,41.581,37.653,33.213,31.099,27.314
35.317,33.479,32.113,30.554,30.713,33.106,41.045,47.802,49.145,45.568,42.975,38.917,34.792,29.587,25.875,26.132,27.442,33.104,37.517,41.653,37.733,33.302,31.186,27.414
35.403,33.563,32.197,30.636,30.794,33.180,41.112,47.861,49.197,45.623,43.040,38.979,34.823,29.650,25.954,26.211,27.512,33.169,37.583,41.716,37.802,33.381,31.262,27.505
35.497,33.650,32.292,30.724,30.887,33.291,41.233,48.018,49.356,45.795,43.226,39.177,35.055,29.860,26.126,26.384,27.671,33.344,37.745,41.903,37.962,33.552,31.415,27.675
35.586,33.741,32.386,30.818,30.980,33.384,41.309,48.081,49.419,45.863,43.299,39.251,35.130,29.934,26.206,26.458,27.741,33.412,37.811,41.968,38.032,33.629,31.496,27.761
35.662,33.819,32.462,30.898,31.062,33.457,41.389,48.162,49.497,45.940,43.374,39.332,35.215,30.037,26.313,26.574,27.862,33.520,37.913,42.059,38.127,33.724,31.590,27.856
35.797,33.952,32.608,31.038,31.201,33.606,41.501,48.264,49.595,46.064,43.527,39.497,35.387,30.212,26.482,26.731,27.990,33.653,38.032,42.193,38.255,33.884,31.745,28.045
35.923,34.078,32.733,31.160,31.319,33.719,41.594,48.334,49.661,46.131,43.605,39.564,35.409,30.261,26.555,26.796,28.043,33.706,38.094,42.254,38.326,33.966,31.830,28.141
36.061,34.212,32.876,31.298,31.460,33.871,41.739,48.495,49.820,46.307,43.798,39.770,35.641,30.484,26.756,26.995,28.226,33.896,38.270,42.444,38.502,34.159,32.012,28.344
36.186,34.333,32.999,31.412,31.573,33.990,41.846,48.597,49.922,46.413,43.918,39.880,35.717,30.567,26.844,27.072,28.286,33.970,38.353,42.542,38.595,34.264,32.113,28.458
36.365,34.510,33.179,31.584,31.740,34.153,41.970,48.692,50.005,46.512,44.053,40.006,35.773,30.681,26.990,27.206,28.384,34.068,38.456,42.650,38.711,34.416,32.259,28.647
36.485,34.623,33.299,31.694,31.850,34.279,42.086,48.820,50.134,46.651,44.211,40.163,35.925,30.820,27.113,27.319,28.475,34.181,38.568,42.787,38.832,34.552,32.385,28.791
36.605,34.748,33.432,31.828,31.983,34.416,42.194,48.909,50.225,46.755,44.321,40.285,36.076,30.955,27.245,27.443,28.593,34.295,38.672,42.889,38.938,34.670,32.512,28.922
36.762,34.898,33.583,31.970,32.125,34.562,42.336,49.057,50.368,46.904,44.491,40.446,36.198,31.101,27.394,27.588,28.716,34.430,38.812,43.044,39.086,34.833,32.663,29.097
36.906,35.041,33.730,32.112,32.263,34.695,42.431,49.122,50.424,46.973,44.587,40.537,36.227,31.182,27.505,27.686,28.787,34.499,38.884,43.117,39.170,34.946,32.775,29.242
37.044,35.174,33.847,32.229,32.378,34.794,42.564,49.261,50.557,47.083,44.687,40.609,36.234,31.222,27.574,27.764,28.873,34.584,38.996,43.223,39.282,35.042,32.864,29.325
37.194,35.318,33.998,32.371,32.522,34.950,42.712,49.421,50.715,47.254,44.877,40.804,36.420,31.415,27.752,27.937,29.026,34.750,39.157,43.403,39.447,35.225,33.035,29.518
37.337,35.461,34.153,32.520,32.671,35.111,42.841,49.544,50.838,47.398,45.043,40.980,36.618,31.598,27.921,28.094,29.161,34.894,39.288,43.549,39.586,35.387,33.196,29.700
37.505,35.623,34.319,32.683,32.839,35.276,43.014,49.738,51.023,47.596,45.263,41.211,36.841,31.861,28.179,28.361,29.411,35.137,39.517,43.784,39.810,35.632,33.420,29.960
37.654,35.769,34.471,32.834,32.993,35.428,43.158,49.889,51.167,47.754,45.441,41.402,37.033,32.082,28.398,28.584,29.618,35.336,39.701,43.970,39.992,35.836,33.611,30.181
37.824,35.941,34.635,33.000,33.155,35.582,43.317,50.032,51.311,47.882,45.555,41.500,37.099,32.153,28.489,28.675,29.721,35.438,39.820,44.079,40.114,35.941,33.728,30.278
37.957,36.062,34.758,33.111,33.270,35.712,43.473,50.232,51.511,48.085,45.772,41.712,37.298,32.350,28.659,28.846,29.876,35.618,40.003,44.292,40.298,36.132,33.892,30.461
38.184,36.290,34.983,33.343,33.507,35.938,43.719,50.493,51.768,48.340,46.021,41.973,37.576,32.648,28.955,29.159,30.199,35.923,40.296,44.572,40.579,36.409,34.163,30.735
38.447,36.553,35.234,33.598,33.759,36.164,43.950,50.704,51.966,48.527,46.213,42.149,37.668,32.821,29.177,29.389,30.428,36.131,40.518,44.773,40.801,36.634,34.386,30.972
38.726,36.846,35.534,33.918,34.084,36.482,44.268,51.022,52.290,48.858,46.517,42.494,38.140,33.247,29.578,29.805,30.879,36.547,40.896,45.121,41.159,36.978,34.747,31.306
39.015,37.161,35.820,34.251,34.421,36.772,44.644,51.398,52.678,49.186,46.736,42.730,38.486,33.561,29.906,30.184,31.379,36.974,41.315,45.450,41.532,37.251,35.061,31.504
39.294,37.445,36.114,34.547,34.719,37.079,44.929,51.679,52.963,49.487,47.040,43.055,38.876,33.914,30.238,30.511,31.705,37.297,41.617,45.752,41.832,37.559,35.377,31.820
39.606,37.749,36.426,34.850,35.027,37.415,45.289,52.088,53.383,49.913,47.466,43.488,39.365,34.339,30.607,30.879,32.069,37.692,42.005,46.175,42.218,37.941,35.742,32.181
39.963,38.154,36.817,35.303,35.480,37.820,45.708,52.445,53.759,50.252,47.686,43.759,39.852,34.739,31.022,31.331,32.656,38.176,42.450,46.498,42.616,38.248,36.133,32.434
40.357,38.569,37.246,35.758,35.944,38.303,46.201,52.960,54.302,50.799,48.172,44.307,40.662,35.380,31.579,31.901,33.294,38.792,43.012,47.035,43.147,38.733,36.652,32.873
40.641,38.853,37.511,36.032,36.221,38.577,46.557,53.358,54.714,51.167,48.481,44.600,40.982,35.650,31.829,32.173,33.622,39.126,43.366,47.380,43.484,39.004,36.927,33.079
41.161,39.353,38.013,36.514,36.709,39.087,47.105,53.968,55.323,51.778,49.114,45.221,41.566,36.235,32.377,32.722,34.143,39.688,43.940,48.001,44.062,39.592,37.477,33.657
41.909,40.084,38.731,37.227,37.432,39.827,47.961,54.929,56.296,52.717,50.014,46.107,42.480,37.094,33.172,33.544,35.001,40.580,44.848,48.938,44.952,40.426,38.279,34.418
43.058,41.261,39.788,38.389,38.613,40.895,49.470,56.601,58.012,54.183,51.126,47.179,43.709,38.222,34.290,34.838,36.661,42.126,46.463,50.366,46.430,41.538,39.440,35.203
44.191,42.403,40.843,39.494,39.722,41.956,50.826,58.062,59.514,55.499,52.200,48.177,44.735,39.131,35.192,35.827,37.882,43.331,47.768,51.585,47.668,42.513,40.455,35.939
46.213,44.428,42.694,41.452,41.717,43.898,53.549,61.202,62.771,58.353,54.493,50.364,47.239,41.213,37.076,37.947,40.550,46.000,50.594,54.279,50.304,44.532,42.502,37.348
