7.902,2.249,0.505,-0.428,-0.224,1.911,12.651,22.599,26.410,15.491,11.085,6.794,0.418,-6.166,-5.800,-4.462,7.986,30.661,36.383,46.240,52.008,44.129,30.789,20.001
21.380,17.314,16.016,15.291,15.882,17.413,25.698,33.022,35.209,28.148,24.452,21.643,17.140,12.796,12.707,15.342,22.050,35.794,41.698,49.690,53.257,47.474,37.824,30.111
24.396,20.496,19.287,18.602,19.420,20.816,28.668,35.280,37.114,31.051,27.333,25.004,20.899,17.067,16.778,19.997,25.157,35.872,42.711,50.694,53.578,48.256,39.370,32.384
27.279,24.088,22.988,22.411,22.891,24.190,31.158,37.335,39.029,33.656,30.346,28.303,24.372,21.311,21.185,24.030,28.427,38.717,44.399,51.050,54.063,49.024,41.057,34.677
27.983,24.916,23.838,23.296,23.725,25.004,31.770,37.769,39.449,34.363,31.062,29.205,25.270,22.490,22.371,25.267,29.275,38.892,44.745,51.191,54.188,49.187,41.448,35.251
28.546,25.432,24.369,23.816,24.347,25.596,32.349,38.230,39.827,34.829,31.530,29.686,25.885,23.045,22.864,25.856,29.729,38.909,44.903,51.479,54.274,49.406,41.752,35.660
29.296,26.294,25.253,24.725,25.194,26.423,32.987,38.740,40.334,35.485,32.253,30.496,26.719,24.038,23.886,26.794,30.533,39.490,45.370,51.712,54.521,49.712,42.244,36.288
29.773,26.873,25.842,25.312,25.795,27.007,33.538,39.298,40.781,36.038,32.843,31.075,27.378,24.756,24.588,27.589,31.079,39.985,45.686,51.940,54.690,49.937,42.569,36.674
30.250,27.411,26.391,25.858,26.380,27.572,34.077,39.804,41.185,36.563,33.383,31.628,28.017,25.442,25.244,28.359,31.594,40.271,45.935,52.170,54.821,50.136,42.866,37.048
30.627,27.818,26.808,26.273,26.831,28.005,34.480,40.157,41.469,36.938,33.771,32.033,28.492,25.942,25.718,28.905,31.972,40.428,46.096,52.329,54.891,50.271,43.081,37.333
31.020,28.295,27.299,26.771,27.320,28.477,34.867,40.496,41.750,37.318,34.198,32.478,28.997,26.517,26.293,29.489,32.402,40.757,46.286,52.399,54.926,50.365,43.294,37.628
31.283,28.587,27.600,27.078,27.615,28.763,35.092,40.670,41.918,37.537,34.439,32.747,29.284,26.847,26.628,29.799,32.669,40.927,46.426,52.475,54.991,50.461,43.454,37.839
31.638,28.992,28.017,27.510,28.022,29.159,35.386,40.876,42.125,37.851,34.773,33.152,29.697,27.363,27.152,30.308,33.060,41.072,46.601,52.548,55.057,50.557,43.655,38.125
31.972,29.389,28.425,27.935,28.405,29.535,35.658,41.076,42.335,38.161,35.104,33.552,30.088,27.872,27.678,30.805,33.451,41.281,46.808,52.625,55.156,50.669,43.866,38.409
32.261,29.719,28.763,28.283,28.728,29.851,35.903,41.273,42.534,38.418,35.384,33.869,30.409,28.257,28.075,31.173,33.765,41.500,46.997,52.725,55.265,50.797,44.062,38.656
32.496,29.997,29.049,28.576,29.016,30.130,36.129,41.453,42.688,38.657,35.633,34.158,30.719,28.636,28.450,31.576,34.036,41.594,47.100,52.772,55.288,50.846,44.185,38.837
32.661,30.162,29.217,28.750,29.188,30.300,36.270,41.550,42.794,38.810,35.776,34.343,30.898,28.856,28.667,31.805,34.211,41.595,47.196,52.863,55.368,50.931,44.300,38.984
32.930,30.489,29.553,29.099,29.494,30.600,36.481,41.713,42.969,39.047,36.043,34.652,31.199,29.243,29.076,32.162,34.521,41.847,47.382,52.921,55.438,51.033,44.480,39.215
33.031,30.586,29.651,29.196,29.605,30.708,36.593,41.817,43.058,39.152,36.144,34.757,31.318,29.360,29.183,32.296,34.618,41.879,47.443,52.936,55.459,51.100,44.555,39.301
33.270,30.846,29.922,29.474,29.881,30.970,36.779,41.925,43.158,39.306,36.329,34.969,31.570,29.638,29.461,32.536,34.831,41.953,47.488,52.990,55.466,51.108,44.644,39.461
33.587,31.238,30.330,29.902,30.253,31.329,36.993,42.042,43.292,39.528,36.606,35.307,31.917,30.092,29.944,32.923,35.175,42.180,47.616,53.002,55.515,51.119,44.785,39.696
33.695,31.349,30.442,30.014,30.354,31.432,37.093,42.149,43.409,39.631,36.714,35.410,32.011,30.185,30.045,33.001,35.284,42.350,47.754,53.055,55.577,51.251,44.911,39.814
33.814,31.467,30.556,30.128,30.466,31.548,37.220,42.292,43.555,39.769,36.846,35.540,32.129,30.305,30.165,33.130,35.413,42.501,47.914,53.222,55.755,51.415,45.061,39.950
33.973,31.649,30.737,30.312,30.622,31.709,37.375,42.473,43.750,39.950,37.035,35.724,32.287,30.483,30.361,33.297,35.603,42.810,48.156,53.322,55.894,51.584,45.266,40.137
34.172,31.883,30.984,30.567,30.866,31.938,37.519,42.544,43.810,40.066,37.190,35.904,32.507,30.739,30.622,33.501,35.786,42.887,48.165,53.339,55.959,51.628,45.312,40.255
34.304,32.039,31.128,30.713,30.944,32.038,37.643,42.735,44.039,40.237,37.378,36.042,32.566,30.786,30.715,33.511,35.959,43.332,48.410,53.390,55.986,51.705,45.559,40.498
34.546,32.378,31.496,31.100,31.291,32.355,37.759,42.773,44.088,40.305,37.542,36.261,32.864,31.181,31.131,33.798,36.185,43.342,48.457,53.412,55.994,51.707,45.570,40.565
34.621,32.421,31.539,31.137,31.388,32.444,37.885,42.830,44.097,40.417,37.616,36.359,32.999,31.311,31.221,34.011,36.250,43.488,48.480,53.460,55.995,51.773,45.650,40.605
34.775,32.570,31.692,31.293,31.549,32.600,38.015,42.917,44.179,40.540,37.737,36.507,33.156,31.485,31.390,34.181,36.394,43.528,48.557,53.513,56.007,51.849,45.665,40.731
34.894,32.689,31.814,31.414,31.671,32.718,38.118,43.011,44.270,40.615,37.832,36.586,33.255,31.560,31.467,34.223,36.483,43.570,48.598,53.515,56.034,51.864,45.753,40.828
35.032,32.848,31.980,31.581,31.837,32.876,38.240,43.106,44.348,40.711,37.956,36.706,33.407,31.714,31.623,34.355,36.606,43.606,48.610,53.523,56.039,51.885,45.812,40.919
35.180,33.045,32.184,31.792,32.023,33.056,38.363,43.208,44.441,40.841,38.116,36.878,33.591,31.944,31.865,34.565,36.779,43.786,48.681,53.523,56.040,51.888,45.890,41.032
35.273,33.148,32.290,31.898,32.135,33.163,38.455,43.282,44.499,40.923,38.206,36.973,33.705,32.065,31.982,34.690,36.869,43.825,48.706,53.529,56.043,51.901,45.932,41.096
35.380,33.260,32.408,32.018,32.262,33.282,38.543,43.330,44.537,40.989,38.285,37.063,33.822,32.188,32.100,34.802,36.957,43.825,48.708,53.566,56.044,51.943,45.959,41.159
35.490,33.370,32.521,32.133,32.378,33.395,38.638,43.404,44.610,41.073,38.376,37.160,33.930,32.298,32.209,34.900,37.055,43.885,48.765,53.594,56.061,51.981,46.032,41.249
35.610,33.492,32.647,32.259,32.508,33.518,38.737,43.476,44.678,41.143,38.465,37.246,34.040,32.396,32.307,34.970,37.147,43.966,48.809,53.635,56.086,52.002,46.096,41.336
35.722,33.623,32.781,32.399,32.638,33.647,38.838,43.554,44.755,41.265,38.584,37.395,34.184,32.586,32.498,35.173,37.287,43.987,48.880,53.675,56.102,52.024,46.170,41.434
35.811,33.716,32.876,32.494,32.744,33.749,38.933,43.630,44.817,41.363,38.676,37.505,34.304,32.726,32.629,35.337,37.385,44.004,48.911,53.697,56.149,52.051,46.217,41.503
35.887,33.805,32.967,32.587,32.828,33.832,39.001,43.692,44.879,41.438,38.756,37.592,34.389,32.829,32.736,35.437,37.472,44.067,48.976,53.715,56.250,52.098,46.279,41.573
35.995,33.948,33.111,32.735,32.948,33.953,39.097,43.803,44.994,41.539,38.884,37.707,34.500,32.952,32.877,35.532,37.597,44.333,49.114,53.779,56.301,52.196,46.391,41.682
36.129,34.103,33.272,32.900,33.089,34.090,39.188,43.877,45.081,41.615,38.994,37.811,34.610,33.066,33.009,35.590,37.717,44.548,49.216,53.808,56.381,52.263,46.488,41.795
36.212,34.196,33.365,32.995,33.180,34.182,39.275,43.963,45.164,41.721,39.093,37.925,34.716,33.198,33.141,35.741,37.823,44.591,49.300,53.883,56.396,52.335,46.567,41.880
36.321,34.281,33.453,33.082,33.283,34.280,39.363,44.014,45.218,41.776,39.151,37.987,34.799,33.258,33.192,35.781,37.889,44.605,49.326,53.938,56.402,52.383,46.628,41.961
36.389,34.354,33.525,33.150,33.362,34.357,39.456,44.124,45.307,41.857,39.237,38.052,34.882,33.322,33.251,35.854,37.953,44.705,49.394,54.015,56.465,52.455,46.695,42.023
36.495,34.463,33.637,33.265,33.467,34.460,39.532,44.178,45.373,41.922,39.316,38.136,34.969,33.410,33.345,35.911,38.044,44.781,49.464,54.058,56.490,52.515,46.773,42.114
36.603,34.567,33.746,33.378,33.583,34.569,39.607,44.207,45.405,41.979,39.382,38.221,35.069,33.519,33.453,36.001,38.130,44.799,49.473,54.059,56.513,52.517,46.809,42.186
36.734,34.699,33.881,33.514,33.706,34.692,39.707,44.295,45.510,42.068,39.486,38.322,35.169,33.612,33.556,36.054,38.243,44.947,49.595,54.150,56.597,52.631,46.931,42.312
36.847,34.816,34.000,33.634,33.818,34.803,39.805,44.390,45.610,42.151,39.585,38.410,35.264,33.694,33.644,36.107,38.341,45.114,49.699,54.231,56.684,52.727,47.034,42.416
36.917,34.909,34.094,33.730,33.905,34.888,39.878,44.466,45.678,42.235,39.677,38.505,35.359,33.813,33.767,36.232,38.433,45.193,49.765,54.264,56.727,52.769,47.091,42.481
37.026,35.006,34.195,33.835,34.012,34.991,39.951,44.495,45.718,42.294,39.738,38.588,35.450,33.910,33.862,36.309,38.518,45.214,49.792,54.291,56.736,52.797,47.145,42.563
37.132,35.113,34.305,33.946,34.122,35.097,40.038,44.559,45.786,42.364,39.820,38.673,35.545,34.002,33.956,36.379,38.607,45.265,49.850,54.336,56.772,52.850,47.215,42.649
37.209,35.181,34.375,34.015,34.203,35.174,40.107,44.606,45.826,42.413,39.872,38.727,35.618,34.064,34.011,36.433,38.661,45.265,49.864,54.363,56.774,52.873,47.252,42.702
37.287,35.259,34.453,34.094,34.283,35.255,40.193,44.693,45.912,42.513,39.962,38.828,35.711,34.172,34.117,36.562,38.755,45.313,49.950,54.457,56.868,52.958,47.335,42.786
37.382,35.347,34.542,34.184,34.372,35.343,40.268,44.753,45.982,42.576,40.031,38.898,35.785,34.237,34.184,36.605,38.831,45.385,50.021,54.525,56.934,53.033,47.415,42.873
37.492,35.457,34.653,34.295,34.477,35.449,40.369,44.853,46.088,42.676,40.134,39.001,35.883,34.335,34.285,36.690,38.938,45.514,50.138,54.632,57.049,53.147,47.529,42.985
37.607,35.563,34.761,34.403,34.585,35.553,40.458,44.926,46.170,42.735,40.211,39.064,35.962,34.385,34.339,36.700,39.014,45.638,50.215,54.702,57.113,53.230,47.619,43.083
37.703,35.665,34.865,34.509,34.693,35.659,40.553,45.004,46.243,42.835,40.308,39.178,36.079,34.523,34.473,36.850,39.121,45.654,50.274,54.756,57.156,53.279,47.686,43.166
37.794,35.752,34.954,34.600,34.780,35.743,40.617,45.048,46.295,42.881,40.366,39.237,36.145,34.580,34.534,36.876,39.188,45.665,50.325,54.794,57.191,53.329,47.749,43.241
37.896,35.855,35.059,34.706,34.894,35.854,40.721,45.133,46.373,42.990,40.468,39.356,36.270,34.723,34.670,37.038,39.298,45.716,50.382,54.860,57.239,53.384,47.819,43.329
38.016,35.968,35.176,34.826,35.020,35.975,40.817,45.186,46.428,43.074,40.552,39.464,36.389,34.854,34.796,37.163,39.402,45.737,50.412,54.893,57.248,53.414,47.877,43.419
38.144,36.076,35.287,34.936,35.155,36.105,40.944,45.276,46.507,43.186,40.652,39.584,36.529,34.994,34.920,37.321,39.511,45.741,50.447,54.972,57.280,53.468,47.949,43.517
38.228,36.156,35.366,35.013,35.235,36.187,41.040,45.384,46.613,43.281,40.743,39.667,36.612,35.066,34.989,37.398,39.594,45.764,50.553,55.091,57.398,53.583,48.052,43.610
38.305,36.250,35.461,35.112,35.320,36.271,41.101,45.436,46.672,43.357,40.825,39.762,36.697,35.180,35.112,37.507,39.689,45.848,50.626,55.127,57.451,53.631,48.117,43.684
38.383,36.347,35.559,35.211,35.417,36.366,41.190,45.529,46.749,43.448,40.923,39.858,36.803,35.297,35.228,37.633,39.781,45.947,50.686,55.168,57.488,53.675,48.175,43.751
38.504,36.481,35.696,35.349,35.545,36.492,41.293,45.624,46.846,43.542,41.036,39.966,36.918,35.414,35.352,37.725,39.895,46.107,50.784,55.228,57.556,53.753,48.271,43.857
38.620,36.615,35.835,35.493,35.673,36.616,41.376,45.680,46.908,43.619,41.132,40.074,37.032,35.547,35.495,37.830,40.009,46.210,50.845,55.238,57.573,53.785,48.338,43.948
38.702,36.709,35.931,35.592,35.765,36.707,41.450,45.745,46.973,43.703,41.219,40.172,37.127,35.665,35.616,37.949,40.105,46.275,50.911,55.282,57.621,53.833,48.402,44.024
38.797,36.816,36.038,35.700,35.877,36.817,41.555,45.842,47.058,43.817,41.329,40.295,37.255,35.815,35.760,38.121,40.217,46.319,50.976,55.343,57.671,53.887,48.472,44.107
38.923,36.926,36.149,35.807,36.003,36.940,41.694,45.978,47.180,43.935,41.444,40.399,37.379,35.912,35.846,38.224,40.320,46.399,51.070,55.474,57.773,54.004,48.585,44.222
39.080,37.097,36.324,35.986,36.179,37.110,41.830,46.082,47.281,44.066,41.586,40.559,37.551,36.106,36.041,38.410,40.477,46.482,51.150,55.525,57.812,54.062,48.680,44.347
39.188,37.213,36.442,36.105,36.294,37.224,41.932,46.176,47.373,44.165,41.692,40.666,37.663,36.223,36.161,38.521,40.585,46.589,51.237,55.595,57.881,54.139,48.769,44.445
39.319,37.352,36.584,36.252,36.424,37.353,42.028,46.250,47.464,44.259,41.799,40.785,37.777,36.352,36.300,38.618,40.712,46.613,51.343,55.661,57.963,54.225,48.875,44.566
39.402,37.412,36.644,36.309,36.512,37.438,42.132,46.335,47.534,44.365,41.878,40.885,37.887,36.467,36.394,38.780,40.794,46.719,51.372,55.757,58.014,54.283,48.934,44.638
39.482,37.509,36.740,36.406,36.600,37.528,42.221,46.437,47.630,44.468,41.983,40.989,37.986,36.582,36.513,38.904,40.896,46.743,51.475,55.838,58.108,54.369,49.022,44.723
39.608,37.622,36.852,36.518,36.726,37.654,42.361,46.568,47.758,44.623,42.114,41.142,38.131,36.744,36.663,39.102,41.035,46.753,51.591,55.994,58.246,54.500,49.149,44.854
39.728,37.728,36.959,36.624,36.830,37.758,42.461,46.664,47.866,44.697,42.200,41.211,38.208,36.786,36.710,39.105,41.118,46.912,51.708,56.111,58.366,54.630,49.271,44.971
39.876,37.905,37.136,36.803,37.000,37.926,42.618,46.829,48.018,44.869,42.380,41.394,38.391,36.997,36.925,39.329,41.296,47.079,51.856,56.222,58.486,54.748,49.407,45.114
39.970,37.985,37.216,36.882,37.092,38.019,42.720,46.917,48.105,44.979,42.470,41.504,38.498,37.115,37.032,39.473,41.395,47.104,51.930,56.333,58.578,54.838,49.495,45.208
40.128,38.164,37.398,37.064,37.271,38.194,42.881,47.083,48.253,45.129,42.640,41.659,38.673,37.287,37.207,39.637,41.552,47.236,52.057,56.427,58.668,54.944,49.622,45.344
40.315,38.340,37.574,37.241,37.455,38.378,43.067,47.251,48.427,45.327,42.820,41.863,38.868,37.500,37.414,39.871,41.747,47.298,52.228,56.622,58.853,55.124,49.802,45.534
40.416,38.421,37.654,37.320,37.569,38.488,43.196,47.353,48.505,45.459,42.920,41.993,39.013,37.658,37.546,40.089,41.853,47.374,52.250,56.718,58.891,55.174,49.862,45.616
40.646,38.672,37.903,37.571,37.795,38.719,43.421,47.606,48.770,45.704,43.175,42.238,39.237,37.894,37.798,40.310,42.106,47.619,52.558,56.978,59.196,55.457,50.136,45.871
40.810,38.849,38.081,37.745,37.974,38.896,43.606,47.808,48.951,45.877,43.360,42.401,39.419,38.061,37.963,40.481,42.269,47.852,52.718,57.131,59.340,55.612,50.293,46.025
40.972,39.026,38.257,37.921,38.149,39.072,43.788,48.005,49.135,46.075,43.555,42.595,39.611,38.270,38.170,40.713,42.456,48.044,52.898,57.302,59.515,55.779,50.462,46.191
41.159,39.200,38.429,38.092,38.319,39.244,43.971,48.198,49.338,46.252,43.731,42.761,39.771,38.409,38.312,40.838,42.629,48.269,53.119,57.535,59.757,56.015,50.679,46.392
41.416,39.440,38.666,38.318,38.567,39.493,44.271,48.546,49.664,46.519,44.004,42.978,40.011,38.577,38.473,41.006,42.854,48.664,53.430,57.892,60.098,56.362,50.984,46.661
41.631,39.644,38.867,38.508,38.783,39.708,44.531,48.844,49.932,46.750,44.238,43.166,40.228,38.734,38.618,41.175,43.044,48.964,53.668,58.177,60.356,56.631,51.225,46.877
41.816,39.836,39.058,38.690,38.988,39.910,44.768,49.118,50.162,46.961,44.459,43.342,40.442,38.904,38.776,41.365,43.217,49.242,53.852,58.385,60.532,56.827,51.411,47.049
42.009,40.044,39.263,38.896,39.184,40.111,44.985,49.368,50.409,47.210,44.699,43.581,40.660,39.144,39.021,41.633,43.451,49.518,54.123,58.644,60.818,57.084,51.653,47.271
42.228,40.238,39.446,39.059,39.405,40.336,45.328,49.800,50.780,47.547,45.000,43.824,40.928,39.340,39.184,41.922,43.675,49.818,54.444,59.097,61.222,57.475,51.968,47.527
42.502,40.511,39.720,39.337,39.673,40.605,45.580,50.037,51.032,47.800,45.257,44.091,41.187,39.609,39.458,42.174,43.946,50.042,54.711,59.347,61.483,57.735,52.235,47.801
42.727,40.726,39.936,39.554,39.916,40.844,45.824,50.247,51.224,48.065,45.488,44.369,41.469,39.933,39.760,42.565,44.195,50.076,54.854,59.543,61.632,57.889,52.410,48.006
43.034,41.038,40.241,39.843,40.236,41.167,46.231,50.747,51.667,48.458,45.879,44.685,41.814,40.210,40.022,42.890,44.507,50.573,55.267,60.011,62.081,58.332,52.798,48.339
43.384,41.431,40.631,40.234,40.598,41.535,46.605,51.175,52.089,48.869,46.300,45.090,42.196,40.620,40.449,43.312,44.912,51.151,55.728,60.408,62.532,58.751,53.208,48.721
43.873,41.982,41.177,40.770,41.175,42.111,47.255,51.909,52.709,49.577,46.975,45.752,42.890,41.364,41.159,44.235,45.519,51.669,56.250,60.969,63.042,59.247,53.708,49.211
44.511,42.585,41.772,41.338,41.818,42.752,48.023,52.773,53.490,50.281,47.672,46.342,43.551,41.883,41.640,44.811,46.104,52.461,56.945,61.808,63.800,60.030,54.415,49.856
45.394,43.335,42.498,42.015,42.659,43.599,49.160,54.080,54.678,51.335,48.642,47.160,44.450,42.529,42.198,45.620,46.896,53.399,58.002,63.257,65.090,61.321,55.505,50.807
46.513,44.390,43.522,43.004,43.758,44.722,50.570,55.708,56.200,52.819,49.992,48.437,45.707,43.705,43.304,47.075,48.108,54.632,59.481,65.051,66.823,62.952,56.933,52.078
48.340,45.921,45.013,44.359,45.590,46.535,53.061,58.561,58.631,54.963,52.005,50.010,47.657,44.942,44.285,48.701,49.609,56.454,61.358,67.897,69.105,65.395,58.995,53.892
