4.481,-0.827,-4.956,-7.316,-8.708,-7.082,-10.657,-5.394,-6.073,-3.153,-3.326,-7.846,-6.700,-6.852,-2.793,3.184,4.639,10.927,7.477,1.547,-0.531,0.413,0.911,-1.918
18.981,14.994,12.614,9.780,8.802,10.137,8.311,10.451,12.052,13.146,11.927,11.087,11.229,10.432,12.259,16.298,18.102,23.405,20.990,17.179,15.473,15.244,16.070,14.219
22.321,18.679,16.625,13.846,12.988,14.242,12.713,14.384,16.209,16.998,15.684,15.400,15.435,14.618,16.042,19.684,21.450,26.375,24.197,20.819,19.259,18.899,19.710,18.092
23.966,20.476,18.558,15.870,15.010,16.116,14.711,16.031,17.944,18.682,17.317,17.192,17.204,16.378,17.721,21.084,22.724,27.399,25.421,22.264,20.772,20.358,21.187,19.697
24.920,21.552,19.668,17.107,16.287,17.381,15.986,17.390,19.134,19.880,18.622,18.392,18.426,17.657,18.991,22.286,23.868,28.381,26.434,23.347,21.909,21.552,22.326,20.862
25.586,22.292,20.457,17.941,17.133,18.207,16.854,18.212,19.936,20.659,19.427,19.210,19.223,18.453,19.755,22.970,24.535,28.969,27.058,24.045,22.626,22.265,23.033,21.589
26.295,23.087,21.314,18.839,18.037,19.119,17.823,19.172,20.861,21.556,20.387,20.141,20.087,19.282,20.561,23.693,25.289,29.689,27.779,24.840,23.414,23.040,23.813,22.345
27.042,23.953,22.280,19.820,19.058,20.183,18.980,20.319,22.010,22.609,21.489,21.319,21.176,20.333,21.504,24.553,26.219,30.583,28.662,25.832,24.411,24.005,24.775,23.298
27.298,24.231,22.576,20.123,19.371,20.491,19.303,20.622,22.317,22.900,21.778,21.635,21.492,20.653,21.801,24.829,26.488,30.823,28.916,26.111,24.702,24.293,25.058,23.598
27.718,24.710,23.092,20.664,19.928,21.079,19.922,21.290,22.939,23.495,22.430,22.261,22.073,21.218,22.340,25.340,27.039,31.364,29.433,26.665,25.252,24.843,25.601,24.115
28.097,25.151,23.563,21.163,20.471,21.640,20.503,21.904,23.518,24.030,22.984,22.862,22.686,21.864,22.919,25.905,27.598,31.849,29.927,27.203,25.829,25.435,26.158,24.707
28.400,25.470,23.894,21.516,20.821,21.955,20.826,22.167,23.789,24.305,23.245,23.141,22.979,22.169,23.221,26.166,27.819,32.016,30.137,27.440,26.084,25.689,26.412,24.991
28.674,25.742,24.140,21.811,21.105,22.193,21.033,22.367,23.936,24.504,23.453,23.281,23.168,22.393,23.496,26.426,28.007,32.140,30.301,27.597,26.261,25.896,26.606,25.209
28.907,25.968,24.370,22.034,21.328,22.391,21.235,22.510,24.118,24.679,23.592,23.471,23.375,22.609,23.699,26.613,28.168,32.278,30.469,27.776,26.454,26.081,26.793,25.427
29.151,26.227,24.660,22.298,21.597,22.669,21.548,22.775,24.439,24.960,23.853,23.804,23.674,22.882,23.928,26.820,28.406,32.530,30.723,28.060,26.732,26.329,27.054,25.690
29.562,26.698,25.173,22.869,22.174,23.167,22.077,23.164,24.840,25.355,24.221,24.231,24.134,23.372,24.392,27.174,28.666,32.642,30.939,28.362,27.085,26.680,27.396,26.114
29.657,26.789,25.260,22.950,22.257,23.260,22.167,23.274,24.946,25.460,24.330,24.335,24.234,23.470,24.490,27.285,28.788,32.780,31.064,28.478,27.197,26.793,27.508,26.217
29.763,26.885,25.365,23.027,22.330,23.341,22.261,23.339,25.056,25.552,24.403,24.448,24.327,23.543,24.547,27.343,28.869,32.892,31.170,28.587,27.294,26.870,27.598,26.302
29.852,26.965,25.434,23.094,22.403,23.419,22.327,23.426,25.135,25.633,24.480,24.527,24.423,23.652,24.655,27.471,28.992,33.013,31.287,28.690,27.404,26.989,27.709,26.419
29.929,27.046,25.522,23.169,22.480,23.522,22.439,23.566,25.276,25.761,24.621,24.666,24.535,23.747,24.740,27.567,29.125,33.180,31.426,28.827,27.527,27.104,27.829,26.515
30.173,27.318,25.814,23.488,22.800,23.804,22.736,23.797,25.512,25.996,24.847,24.913,24.793,24.016,25.001,27.775,29.290,33.279,31.574,29.014,27.735,27.310,28.033,26.753
30.362,27.523,26.005,23.719,23.040,24.043,22.955,24.075,25.719,26.225,25.111,25.115,25.021,24.273,25.278,28.059,29.550,33.500,31.794,29.228,27.964,27.571,28.271,26.994
30.438,27.600,26.100,23.778,23.112,24.141,23.073,24.184,25.875,26.339,25.204,25.282,25.168,24.407,25.364,28.157,29.684,33.662,31.941,29.383,28.116,27.702,28.406,27.131
30.510,27.677,26.175,23.847,23.197,24.254,23.183,24.348,26.021,26.471,25.348,25.429,25.315,24.560,25.499,28.320,29.870,33.861,32.114,29.546,28.281,27.875,28.567,27.284
30.612,27.787,26.307,23.958,23.312,24.371,23.324,24.444,26.164,26.585,25.440,25.582,25.449,24.679,25.585,28.389,29.954,33.950,32.210,29.665,28.399,27.971,28.672,27.398
30.677,27.849,26.362,24.009,23.377,24.455,23.397,24.557,26.266,26.677,25.533,25.687,25.568,24.812,25.703,28.535,30.106,34.104,32.350,29.793,28.535,28.117,28.805,27.536
30.865,28.039,26.535,24.216,23.578,24.638,23.560,24.746,26.402,26.848,25.730,25.813,25.715,24.978,25.907,28.737,30.276,34.246,32.501,29.934,28.682,28.287,28.966,27.695
30.970,28.152,26.651,24.337,23.708,24.767,23.689,24.873,26.527,26.966,25.841,25.945,25.860,25.135,26.049,28.878,30.407,34.355,32.619,30.059,28.820,28.429,29.099,27.845
31.072,28.260,26.766,24.453,23.822,24.879,23.809,24.980,26.641,27.075,25.952,26.060,25.964,25.233,26.144,28.961,30.494,34.441,32.708,30.157,28.915,28.519,29.193,27.937
31.200,28.391,26.888,24.588,23.967,25.021,23.938,25.133,26.767,27.208,26.089,26.188,26.117,25.409,26.321,29.149,30.662,34.583,32.856,30.298,29.072,28.692,29.352,28.109
31.343,28.541,27.033,24.758,24.133,25.168,24.077,25.267,26.877,27.337,26.227,26.295,26.239,25.542,26.473,29.286,30.771,34.662,32.952,30.399,29.181,28.812,29.467,28.232
31.433,28.638,27.137,24.862,24.239,25.281,24.196,25.390,27.000,27.452,26.347,26.419,26.355,25.654,26.577,29.387,30.881,34.774,33.059,30.512,29.293,28.922,29.577,28.339
31.522,28.725,27.229,24.942,24.322,25.367,24.289,25.470,27.100,27.540,26.423,26.524,26.455,25.722,26.649,29.437,30.969,34.872,33.157,30.613,29.394,28.997,29.672,28.410
31.588,28.792,27.309,25.012,24.372,25.419,24.360,25.519,27.165,27.609,26.506,26.579,26.466,25.751,26.660,29.471,30.972,34.909,33.182,30.646,29.396,29.015,29.679,28.438
31.670,28.874,27.378,25.084,24.476,25.529,24.450,25.642,27.276,27.704,26.580,26.705,26.644,25.949,26.839,29.663,31.167,35.063,33.345,30.800,29.589,29.212,29.861,28.637
31.785,28.988,27.485,25.205,24.592,25.630,24.542,25.725,27.349,27.791,26.666,26.776,26.729,26.044,26.949,29.765,31.246,35.122,33.419,30.873,29.668,29.298,29.945,28.730
31.910,29.123,27.625,25.358,24.741,25.771,24.688,25.866,27.477,27.926,26.812,26.903,26.852,26.164,27.076,29.877,31.353,35.218,33.520,30.983,29.778,29.409,30.058,28.839
32.017,29.235,27.736,25.482,24.865,25.880,24.794,25.956,27.562,28.017,26.900,26.990,26.953,26.276,27.192,29.982,31.435,35.273,33.593,31.063,29.867,29.504,30.148,28.945
32.138,29.354,27.846,25.607,24.990,25.989,24.891,26.049,27.640,28.109,26.989,27.068,27.054,26.395,27.322,30.109,31.533,35.345,33.681,31.148,29.965,29.613,30.250,29.061
32.211,29.423,27.915,25.671,25.055,26.053,24.954,26.105,27.705,28.172,27.044,27.135,27.124,26.466,27.389,30.178,31.601,35.412,33.751,31.218,30.036,29.682,30.319,29.136
32.288,29.500,27.991,25.744,25.136,26.136,25.035,26.191,27.793,28.253,27.118,27.226,27.225,26.576,27.488,30.285,31.704,35.508,33.849,31.314,30.140,29.789,30.420,29.246
32.370,29.587,28.084,25.833,25.228,26.231,25.136,26.283,27.896,28.345,27.205,27.334,27.330,26.680,27.578,30.372,31.795,35.596,33.939,31.412,30.240,29.885,30.515,29.347
32.482,29.696,28.188,25.946,25.341,26.328,25.226,26.358,27.970,28.427,27.276,27.409,27.423,26.787,27.689,30.478,31.877,35.655,34.015,31.489,30.329,29.978,30.605,29.453
32.554,29.763,28.252,25.998,25.404,26.402,25.296,26.443,28.060,28.506,27.347,27.504,27.526,26.899,27.785,30.593,31.998,35.780,34.133,31.599,30.445,30.096,30.716,29.571
32.635,29.844,28.334,26.076,25.489,26.491,25.385,26.533,28.157,28.594,27.426,27.605,27.636,27.016,27.888,30.703,32.106,35.882,34.236,31.703,30.556,30.208,30.822,29.688
32.700,29.913,28.407,26.144,25.565,26.572,25.469,26.619,28.249,28.674,27.501,27.702,27.734,27.119,27.974,30.794,32.200,35.972,34.326,31.796,30.654,30.306,30.916,29.788
32.793,30.004,28.490,26.233,25.657,26.659,25.546,26.701,28.323,28.753,27.577,27.776,27.826,27.224,28.082,30.907,32.297,36.054,34.415,31.881,30.749,30.408,31.011,29.894
32.862,30.070,28.557,26.293,25.725,26.729,25.617,26.770,28.402,28.822,27.633,27.861,27.919,27.325,28.166,30.999,32.388,36.140,34.504,31.970,30.845,30.503,31.102,29.997
32.963,30.169,28.649,26.395,25.825,26.818,25.697,26.843,28.469,28.899,27.707,27.927,27.999,27.415,28.266,31.095,32.465,36.200,34.576,32.040,30.922,30.587,31.182,30.087
33.054,30.267,28.752,26.505,25.931,26.916,25.802,26.935,28.558,28.992,27.805,28.016,28.081,27.492,28.348,31.162,32.530,36.259,34.640,32.113,30.993,30.655,31.254,30.156
33.119,30.335,28.827,26.575,26.003,26.989,25.881,27.002,28.638,29.062,27.868,28.100,28.163,27.571,28.415,31.225,32.595,36.322,34.707,32.187,31.069,30.726,31.326,30.233
33.233,30.444,28.931,26.684,26.107,27.074,25.962,27.057,28.699,29.134,27.928,28.161,28.236,27.651,28.504,31.305,32.654,36.366,34.769,32.250,31.136,30.794,31.396,30.315
33.367,30.574,29.055,26.823,26.237,27.180,26.061,27.133,28.769,29.222,28.013,28.229,28.318,27.741,28.614,31.400,32.721,36.411,34.834,32.317,31.209,30.872,31.474,30.404
33.500,30.706,29.183,26.963,26.369,27.294,26.170,27.223,28.855,29.322,28.110,28.313,28.412,27.839,28.728,31.501,32.800,36.473,34.912,32.397,31.293,30.959,31.563,30.500
33.585,30.791,29.271,27.052,26.456,27.375,26.253,27.291,28.929,29.397,28.180,28.388,28.488,27.915,28.804,31.570,32.863,36.530,34.977,32.466,31.364,31.028,31.633,30.575
33.666,30.868,29.347,27.122,26.524,27.441,26.321,27.349,28.997,29.465,28.243,28.456,28.553,27.975,28.864,31.630,32.926,36.600,35.047,32.535,31.429,31.089,31.699,30.639
33.765,30.965,29.441,27.220,26.623,27.532,26.407,27.426,29.076,29.546,28.315,28.537,28.647,28.079,28.967,31.732,33.013,36.673,35.131,32.619,31.521,31.184,31.790,30.743
33.909,31.108,29.579,27.368,26.766,27.662,26.532,27.542,29.184,29.667,28.437,28.644,28.762,28.199,29.101,31.859,33.124,36.770,35.239,32.727,31.632,31.300,31.905,30.863
34.002,31.199,29.673,27.456,26.857,27.749,26.623,27.616,29.274,29.749,28.505,28.739,28.861,28.300,29.190,31.945,33.207,36.849,35.325,32.817,31.727,31.390,31.996,30.964
34.067,31.259,29.728,27.508,26.912,27.809,26.677,27.681,29.338,29.812,28.566,28.802,28.930,28.375,29.263,32.030,33.292,36.936,35.408,32.894,31.805,31.472,32.074,31.043
34.176,31.370,29.841,27.626,27.022,27.910,26.780,27.768,29.426,29.908,28.663,28.888,29.012,28.451,29.349,32.103,33.360,37.001,35.480,32.971,31.879,31.542,32.150,31.117
34.229,31.424,29.897,27.668,27.077,27.996,26.868,27.902,29.553,30.018,28.786,29.016,29.127,28.561,29.443,32.222,33.511,37.180,35.629,33.110,32.012,31.677,32.279,31.231
34.408,31.599,30.060,27.856,27.252,28.138,26.997,28.006,29.640,30.135,28.902,29.098,29.233,28.681,29.594,32.355,33.602,37.237,35.714,33.195,32.106,31.781,32.383,31.348
34.517,31.703,30.166,27.954,27.350,28.223,27.084,28.054,29.718,30.206,28.946,29.183,29.328,28.780,29.681,32.435,33.668,37.291,35.787,33.274,32.193,31.861,32.465,31.451
34.609,31.800,30.266,28.059,27.451,28.325,27.189,28.166,29.819,30.313,29.066,29.280,29.413,28.858,29.769,32.516,33.755,37.384,35.875,33.364,32.276,31.944,32.551,31.524
34.752,31.934,30.393,28.199,27.576,28.422,27.280,28.223,29.876,30.393,29.140,29.333,29.479,28.925,29.863,32.592,33.803,37.416,35.929,33.418,32.331,32.001,32.614,31.595
34.828,32.017,30.484,28.283,27.662,28.519,27.386,28.333,29.992,30.498,29.249,29.450,29.580,29.016,29.944,32.672,33.900,37.526,36.029,33.524,32.431,32.094,32.710,31.683
34.892,32.082,30.554,28.342,27.727,28.599,27.472,28.431,30.098,30.590,29.341,29.558,29.679,29.111,30.023,32.761,34.008,37.647,36.138,33.632,32.536,32.195,32.811,31.778
34.995,32.183,30.656,28.437,27.824,28.698,27.574,28.527,30.205,30.691,29.435,29.667,29.786,29.215,30.120,32.860,34.111,37.756,36.246,33.741,32.644,32.299,32.917,31.885
35.048,32.236,30.712,28.482,27.880,28.769,27.646,28.617,30.299,30.770,29.510,29.765,29.884,29.317,30.203,32.957,34.221,37.873,36.352,33.845,32.752,32.406,33.018,31.989
35.122,32.311,30.791,28.552,27.954,28.852,27.733,28.707,30.399,30.858,29.594,29.867,29.983,29.413,30.286,33.046,34.320,37.978,36.452,33.946,32.853,32.503,33.114,32.086
35.252,32.429,30.893,28.663,28.062,28.945,27.810,28.781,30.463,30.941,29.671,29.930,30.068,29.513,30.403,33.169,34.418,38.061,36.547,34.030,32.944,32.604,33.211,32.194
35.441,32.614,31.072,28.846,28.245,29.116,27.974,28.931,30.617,31.099,29.817,30.086,30.242,29.700,30.590,33.355,34.585,38.211,36.711,34.192,33.116,32.780,33.384,32.382
35.567,32.732,31.179,28.962,28.359,29.216,28.061,29.013,30.691,31.188,29.900,30.159,30.334,29.806,30.710,33.477,34.683,38.292,36.805,34.279,33.211,32.884,33.483,32.492
35.734,32.894,31.328,29.127,28.525,29.368,28.197,29.156,30.813,31.326,30.036,30.280,30.484,29.978,30.894,33.667,34.842,38.424,36.951,34.417,33.363,33.051,33.639,32.665
35.847,33.002,31.429,29.230,28.628,29.469,28.290,29.256,30.908,31.426,30.135,30.373,30.587,30.088,31.009,33.788,34.957,38.535,37.064,34.523,33.471,33.165,33.750,32.779
36.035,33.182,31.600,29.412,28.802,29.622,28.433,29.379,31.027,31.564,30.266,30.491,30.721,30.231,31.171,33.942,35.084,38.645,37.191,34.648,33.601,33.300,33.886,32.925
36.190,33.334,31.745,29.566,28.953,29.765,28.569,29.518,31.153,31.702,30.409,30.613,30.852,30.368,31.322,34.092,35.222,38.774,37.326,34.778,33.733,33.439,34.022,33.063
36.342,33.486,31.893,29.724,29.110,29.907,28.705,29.640,31.271,31.829,30.530,30.733,30.986,30.513,31.473,34.236,35.344,38.875,37.443,34.896,33.860,33.571,34.151,33.205
36.481,33.623,32.031,29.855,29.241,30.039,28.840,29.766,31.411,31.962,30.654,30.874,31.127,30.651,31.604,34.368,35.480,39.015,37.583,35.038,34.001,33.707,34.290,33.346
36.677,33.815,32.210,30.057,29.439,30.212,28.995,29.912,31.535,32.112,30.802,30.997,31.280,30.826,31.801,34.559,35.629,39.128,37.720,35.171,34.148,33.870,34.444,33.519
36.862,34.004,32.385,30.262,29.646,30.404,29.169,30.107,31.687,32.287,30.992,31.146,31.457,31.029,32.024,34.783,35.820,39.282,37.887,35.332,34.324,34.068,34.628,33.714
37.006,34.144,32.510,30.395,29.793,30.557,29.302,30.281,31.834,32.438,31.145,31.294,31.635,31.235,32.227,35.014,36.036,39.480,38.081,35.510,34.519,34.282,34.824,33.923
37.181,34.312,32.659,30.561,29.958,30.713,29.437,30.438,31.961,32.586,31.300,31.416,31.783,31.404,32.417,35.216,36.212,39.638,38.245,35.659,34.677,34.458,34.990,34.096
37.331,34.452,32.789,30.690,30.086,30.847,29.561,30.587,32.099,32.731,31.452,31.549,31.919,31.542,32.565,35.380,36.381,39.819,38.415,35.814,34.828,34.615,35.145,34.242
37.560,34.698,33.041,30.953,30.349,31.130,29.849,30.918,32.396,33.030,31.788,31.839,32.186,31.796,32.827,35.641,36.668,40.122,38.693,36.094,35.095,34.886,35.416,34.485
37.812,34.948,33.281,31.201,30.596,31.384,30.093,31.195,32.646,33.292,32.068,32.084,32.432,32.046,33.093,35.919,36.947,40.407,38.967,36.355,35.352,35.155,35.680,34.737
38.087,35.213,33.527,31.455,30.852,31.648,30.336,31.487,32.904,33.566,32.355,32.334,32.701,32.330,33.394,36.247,37.270,40.732,39.279,36.644,35.644,35.464,35.979,35.030
38.311,35.442,33.750,31.689,31.098,31.897,30.574,31.752,33.146,33.808,32.604,32.578,32.963,32.612,33.671,36.537,37.548,40.989,39.537,36.898,35.910,35.745,36.245,35.307
38.637,35.769,34.064,32.030,31.435,32.215,30.876,32.060,33.421,34.108,32.912,32.850,33.261,32.930,34.012,36.873,37.850,41.258,39.822,37.179,36.203,36.055,36.547,35.620
38.830,35.978,34.305,32.219,31.653,32.497,31.193,32.410,33.818,34.433,33.232,33.261,33.624,33.266,34.270,37.157,38.217,41.683,40.198,37.568,36.580,36.405,36.898,35.953
39.104,36.252,34.620,32.466,31.900,32.785,31.532,32.707,34.210,34.763,33.536,33.662,33.951,33.531,34.477,37.360,38.507,42.057,40.538,37.928,36.907,36.679,37.203,36.228
39.544,36.715,35.089,32.957,32.381,33.291,32.045,33.287,34.729,35.298,34.140,34.164,34.408,33.959,34.939,37.814,39.001,42.585,41.025,38.415,37.364,37.142,37.673,36.640
40.072,37.275,35.673,33.579,32.966,33.848,32.631,33.830,35.245,35.847,34.739,34.664,34.851,34.354,35.391,38.188,39.379,42.966,41.416,38.840,37.756,37.522,38.082,37.005
40.381,37.544,35.915,33.781,33.182,34.102,32.859,34.122,35.549,36.139,35.013,34.966,35.172,34.687,35.709,38.581,39.800,43.437,41.848,39.225,38.139,37.910,38.461,37.379
41.266,38.357,36.639,34.530,33.919,34.809,33.474,34.807,36.165,36.840,35.705,35.561,35.868,35.451,36.558,39.508,40.646,44.263,42.685,39.973,38.907,38.736,39.261,38.198
42.130,39.126,37.381,35.141,34.532,35.495,34.150,35.512,36.995,37.622,36.412,36.389,36.672,36.218,37.282,40.349,41.588,45.374,43.716,40.928,39.821,39.610,40.159,39.063
43.364,40.337,38.557,36.331,35.696,36.692,35.316,36.801,38.197,38.880,37.748,37.554,37.806,37.326,38.476,41.585,42.866,46.733,45.007,42.163,41.008,40.820,41.378,40.196
45.853,42.783,40.998,38.738,37.962,39.051,37.711,39.333,40.657,41.447,40.518,39.906,39.884,39.159,40.540,43.635,45.163,49.398,47.467,44.548,43.158,42.912,43.606,42.091
