-1.082,-4.200,-6.435,-8.596,-9.056,-12.750,-13.573,-7.902,1.632,2.631,3.924,9.883,5.431,-1.009,-7.992,-10.221,-8.498,1.280,11.298,9.791,10.023,15.696,18.345,9.972
17.579,15.101,12.685,11.086,10.513,8.173,8.950,11.429,17.968,19.807,20.843,24.789,20.560,14.341,8.782,7.277,8.723,17.629,26.220,26.147,27.008,28.561,31.093,25.867
20.559,17.903,16.086,14.432,14.058,11.795,11.453,14.779,21.395,22.705,23.474,27.508,24.037,18.691,13.214,11.306,12.289,19.884,27.578,29.292,30.625,31.593,32.958,27.849
22.889,20.329,18.563,16.991,16.613,14.516,14.333,17.360,23.621,24.927,25.597,29.299,25.932,20.680,15.389,13.636,14.661,22.092,29.455,31.201,32.523,33.220,34.558,29.716
24.510,22.024,20.370,18.842,18.499,16.459,16.148,19.182,25.258,26.470,27.119,30.757,27.575,22.608,17.514,15.758,16.678,23.704,30.757,32.583,33.897,34.563,35.746,31.075
25.369,22.833,21.292,19.759,19.448,17.473,16.995,20.107,26.142,27.281,27.841,31.414,28.374,23.527,18.432,16.616,17.460,24.273,31.132,33.463,34.930,35.272,36.202,31.623
26.325,23.851,22.334,20.838,20.526,18.589,18.170,21.203,27.117,28.227,28.762,32.224,29.229,24.449,19.451,17.716,18.596,25.329,32.046,34.204,35.593,36.022,36.987,32.454
26.912,24.450,22.989,21.507,21.207,19.301,18.843,21.893,27.755,28.811,29.300,32.693,29.771,25.068,20.109,18.396,19.279,25.906,32.485,34.693,36.079,36.499,37.401,32.888
27.834,25.437,23.908,22.467,22.141,20.301,20.042,22.829,28.507,29.658,30.166,33.441,30.462,25.703,20.832,19.203,20.112,26.800,33.377,35.450,36.809,37.089,38.107,33.762
28.438,26.059,24.541,23.120,22.792,21.004,20.793,23.487,29.066,30.225,30.703,33.884,30.928,26.180,21.352,19.760,20.679,27.334,33.830,35.954,37.328,37.487,38.490,34.230
28.892,26.531,25.036,23.631,23.304,21.546,21.358,24.016,29.535,30.674,31.119,34.223,31.299,26.577,21.780,20.229,21.171,27.791,34.200,36.310,37.667,37.817,38.811,34.575
29.482,27.144,25.662,24.282,23.949,22.247,22.069,24.688,30.104,31.243,31.644,34.620,31.715,26.991,22.231,20.745,21.729,28.345,34.658,36.766,38.115,38.183,39.184,35.010
29.548,27.206,25.801,24.410,24.109,22.374,22.133,24.801,30.267,31.318,31.725,34.793,31.992,27.431,22.707,21.148,22.047,28.443,34.660,36.863,38.223,38.387,39.260,35.058
29.890,27.555,26.212,24.834,24.544,22.842,22.503,25.257,30.678,31.668,32.015,34.995,32.269,27.775,23.077,21.550,22.469,28.775,34.846,37.102,38.457,38.618,39.427,35.227
30.106,27.770,26.477,25.100,24.826,23.124,22.691,25.518,30.938,31.878,32.215,35.212,32.554,28.154,23.485,21.928,22.805,28.979,34.966,37.306,38.675,38.845,39.571,35.379
30.420,28.085,26.833,25.461,25.199,23.511,23.022,25.882,31.280,32.183,32.498,35.476,32.873,28.540,23.895,22.330,23.185,29.262,35.165,37.587,38.973,39.114,39.774,35.603
30.619,28.289,27.081,25.712,25.464,23.784,23.230,26.134,31.514,32.375,32.674,35.646,33.103,28.849,24.236,22.658,23.485,29.452,35.269,37.752,39.145,39.287,39.883,35.727
30.750,28.419,27.236,25.868,25.628,23.951,23.355,26.293,31.672,32.507,32.795,35.764,33.254,29.038,24.435,22.848,23.662,29.574,35.346,37.874,39.275,39.416,39.972,35.816
30.964,28.644,27.492,26.131,25.899,24.231,23.601,26.557,31.909,32.715,32.991,35.944,33.477,29.322,24.752,23.167,23.967,29.797,35.498,38.038,39.432,39.589,40.110,35.970
31.183,28.887,27.747,26.401,26.168,24.513,23.903,26.839,32.150,32.937,33.200,36.109,33.662,29.533,24.997,23.447,24.267,30.068,35.709,38.171,39.529,39.739,40.274,36.140
31.465,29.170,28.096,26.748,26.538,24.873,24.138,27.185,32.474,33.201,33.459,36.371,34.022,30.045,25.542,23.957,24.730,30.366,35.865,38.382,39.740,39.967,40.409,36.330
31.474,29.204,28.128,26.795,26.584,24.940,24.229,27.217,32.510,33.225,33.476,36.413,34.052,30.045,25.593,24.020,24.777,30.368,35.905,38.439,39.801,40.068,40.506,36.359
31.703,29.417,28.372,27.032,26.829,25.182,24.413,27.467,32.756,33.448,33.684,36.599,34.283,30.333,25.862,24.275,25.028,30.582,36.046,38.632,40.004,40.241,40.633,36.520
31.780,29.482,28.453,27.107,26.909,25.252,24.450,27.552,32.874,33.543,33.769,36.696,34.392,30.451,25.962,24.367,25.123,30.669,36.124,38.730,40.104,40.373,40.743,36.593
31.882,29.572,28.592,27.244,27.056,25.406,24.554,27.719,33.056,33.671,33.853,36.742,34.488,30.583,26.083,24.497,25.273,30.773,36.147,38.804,40.177,40.477,40.794,36.600
32.136,29.872,28.874,27.547,27.353,25.711,24.916,28.009,33.278,33.907,34.112,36.979,34.719,30.837,26.403,24.852,25.631,31.108,36.460,38.958,40.277,40.641,41.018,36.869
32.278,30.015,29.030,27.706,27.515,25.885,25.083,28.174,33.426,34.046,34.236,37.080,34.837,30.969,26.541,24.995,25.776,31.231,36.549,39.079,40.405,40.744,41.102,36.964
32.417,30.157,29.184,27.864,27.676,26.052,25.238,28.331,33.568,34.178,34.364,37.199,34.974,31.129,26.715,25.169,25.942,31.363,36.651,39.199,40.527,40.858,41.198,37.073
32.564,30.303,29.338,28.021,27.833,26.224,25.416,28.495,33.715,34.322,34.490,37.294,35.078,31.232,26.818,25.282,26.063,31.482,36.745,39.327,40.665,40.957,41.284,37.171
32.735,30.488,29.544,28.238,28.053,26.462,25.654,28.719,33.897,34.485,34.636,37.400,35.215,31.405,27.021,25.504,26.288,31.656,36.853,39.433,40.761,41.050,41.361,37.271
32.889,30.652,29.710,28.411,28.226,26.646,25.847,28.889,34.038,34.628,34.777,37.524,35.346,31.550,27.186,25.677,26.457,31.805,36.978,39.556,40.882,41.154,41.463,37.398
33.047,30.822,29.874,28.580,28.393,26.796,26.039,29.043,34.165,34.776,34.931,37.667,35.487,31.682,27.329,25.837,26.626,31.971,37.139,39.686,41.004,41.274,41.597,37.554
33.185,30.982,29.909,28.614,28.397,26.819,26.172,29.053,34.178,34.889,35.136,37.868,35.614,31.694,27.349,25.849,26.629,32.161,37.372,39.882,41.173,41.450,41.801,37.765
33.292,31.078,30.134,28.849,28.660,27.098,26.340,29.330,34.429,35.021,35.166,37.940,35.694,31.905,27.574,26.098,26.895,32.234,37.494,39.887,41.183,41.466,41.921,37.909
33.426,31.216,30.270,28.985,28.799,27.235,26.466,29.453,34.542,35.141,35.298,38.018,35.847,32.075,27.759,26.268,27.041,32.354,37.549,40.025,41.335,41.595,41.948,37.942
33.588,31.390,30.433,29.156,28.964,27.412,26.680,29.624,34.684,35.296,35.452,38.147,35.966,32.181,27.878,26.408,27.195,32.524,37.661,40.151,41.449,41.703,42.054,38.061
33.659,31.459,30.513,29.235,29.047,27.492,26.741,29.706,34.772,35.371,35.524,38.221,36.053,32.284,27.982,26.508,27.292,32.602,37.724,40.220,41.516,41.787,42.124,38.123
33.754,31.558,30.625,29.348,29.165,27.609,26.831,29.815,34.877,35.462,35.616,38.323,36.174,32.438,28.151,26.668,27.436,32.700,37.798,40.307,41.604,41.883,42.200,38.205
33.859,31.667,30.740,29.465,29.283,27.727,26.940,29.929,34.984,35.564,35.719,38.428,36.289,32.569,28.293,26.808,27.568,32.809,37.893,40.402,41.698,41.983,42.292,38.303
34.029,31.846,30.911,29.640,29.458,27.907,27.130,30.093,35.127,35.719,35.884,38.593,36.451,32.737,28.478,26.991,27.740,32.969,38.055,40.563,41.861,42.121,42.435,38.477
34.121,31.939,31.002,29.732,29.549,28.005,27.234,30.182,35.203,35.802,35.967,38.669,36.527,32.811,28.555,27.069,27.814,33.041,38.125,40.651,41.958,42.188,42.498,38.557
34.241,32.057,31.122,29.853,29.670,28.129,27.360,30.305,35.323,35.921,36.082,38.777,36.637,32.919,28.662,27.178,27.924,33.153,38.231,40.770,42.080,42.298,42.605,38.666
34.315,32.133,31.194,29.924,29.741,28.198,27.429,30.371,35.387,35.990,36.158,38.863,36.719,33.003,28.750,27.261,28.001,33.226,38.313,40.848,42.160,42.375,42.684,38.753
34.423,32.250,31.312,30.045,29.862,28.314,27.546,30.493,35.508,36.105,36.276,38.983,36.842,33.137,28.894,27.412,28.156,33.373,38.452,40.937,42.228,42.491,42.813,38.872
34.533,32.374,31.438,30.179,29.995,28.453,27.698,30.627,35.617,36.210,36.383,39.073,36.939,33.249,29.029,27.561,28.308,33.507,38.563,41.005,42.279,42.563,42.896,38.968
34.667,32.521,31.577,30.326,30.138,28.604,27.881,30.777,35.743,36.343,36.513,39.179,37.038,33.339,29.132,27.686,28.449,33.663,38.710,41.100,42.356,42.654,43.012,39.092
34.738,32.594,31.670,30.420,30.236,28.702,27.960,30.880,35.847,36.424,36.583,39.238,37.119,33.445,29.245,27.804,28.572,33.756,38.767,41.148,42.393,42.726,43.070,39.135
34.882,32.735,31.805,30.554,30.370,28.836,28.097,31.012,35.981,36.565,36.726,39.385,37.259,33.576,29.371,27.926,28.692,33.886,38.911,41.305,42.557,42.872,43.217,39.286
35.012,32.862,31.929,30.677,30.491,28.961,28.229,31.135,36.102,36.692,36.851,39.505,37.374,33.680,29.469,28.025,28.792,33.998,39.029,41.441,42.701,42.992,43.336,39.411
35.081,32.922,31.997,30.740,30.559,29.022,28.262,31.196,36.180,36.762,36.922,39.594,37.472,33.791,29.573,28.112,28.866,34.055,39.085,41.535,42.807,43.093,43.416,39.483
35.192,33.043,32.101,30.848,30.662,29.127,28.395,31.295,36.262,36.863,37.036,39.710,37.571,33.877,29.671,28.216,28.969,34.172,39.222,41.637,42.903,43.182,43.530,39.618
35.307,33.165,32.211,30.961,30.772,29.240,28.526,31.400,36.351,36.967,37.150,39.824,37.675,33.977,29.781,28.328,29.075,34.284,39.345,41.745,43.010,43.274,43.636,39.745
35.431,33.292,32.323,31.074,30.882,29.352,28.659,31.503,36.443,37.079,37.273,39.952,37.788,34.075,29.883,28.429,29.171,34.395,39.479,41.875,43.145,43.381,43.758,39.889
35.523,33.385,32.425,31.175,30.986,29.454,28.744,31.607,36.550,37.175,37.367,40.049,37.896,34.199,30.012,28.555,29.295,34.499,39.568,41.961,43.226,43.484,43.851,39.975
35.613,33.477,32.531,31.285,31.098,29.574,28.860,31.726,36.660,37.269,37.446,40.105,37.968,34.284,30.102,28.656,29.405,34.593,39.628,42.024,43.284,43.548,43.905,40.024
35.733,33.591,32.652,31.404,31.219,29.693,28.959,31.845,36.788,37.390,37.564,40.230,38.102,34.426,30.237,28.782,29.523,34.698,39.728,42.159,43.430,43.684,44.022,40.137
35.841,33.692,32.753,31.502,31.318,29.794,29.051,31.937,36.883,37.490,37.665,40.339,38.211,34.534,30.341,28.874,29.604,34.774,39.811,42.288,43.576,43.791,44.115,40.242
35.914,33.764,32.832,31.581,31.399,29.877,29.127,32.020,36.965,37.565,37.735,40.403,38.283,34.613,30.421,28.955,29.686,34.847,39.871,42.354,43.643,43.861,44.177,40.301
36.017,33.876,32.948,31.701,31.518,29.997,29.257,32.147,37.085,37.676,37.840,40.492,38.376,34.711,30.526,29.076,29.821,34.981,39.988,42.427,43.697,43.952,44.279,40.393
36.125,33.984,33.061,31.815,31.634,30.117,29.369,32.259,37.189,37.779,37.941,40.591,38.483,34.828,30.649,29.195,29.932,35.076,40.071,42.533,43.809,44.046,44.361,40.487
36.238,34.102,33.181,31.939,31.757,30.247,29.510,32.386,37.301,37.889,38.046,40.679,38.574,34.921,30.750,29.307,30.050,35.191,40.171,42.622,43.894,44.128,44.447,40.580
36.366,34.238,33.305,32.068,31.882,30.377,29.669,32.513,37.409,38.011,38.173,40.794,38.678,35.014,30.852,29.420,30.170,35.327,40.314,42.730,43.993,44.225,44.566,40.713
36.477,34.347,33.419,32.182,31.997,30.498,29.788,32.630,37.522,38.120,38.274,40.883,38.772,35.108,30.944,29.514,30.267,35.421,40.397,42.838,44.107,44.319,44.650,40.801
36.607,34.483,33.539,32.303,32.115,30.611,29.916,32.740,37.626,38.242,38.413,41.038,38.912,35.240,31.083,29.650,30.394,35.557,40.560,42.975,44.241,44.452,44.802,40.968
36.700,34.584,33.629,32.395,32.204,30.698,30.019,32.825,37.703,38.330,38.514,41.146,39.008,35.332,31.185,29.755,30.498,35.668,40.686,43.061,44.317,44.541,44.912,41.087
36.836,34.729,33.765,32.537,32.342,30.846,30.201,32.971,37.827,38.463,38.643,41.248,39.101,35.409,31.269,29.858,30.616,35.809,40.823,43.168,44.415,44.631,45.024,41.210
36.956,34.854,33.882,32.656,32.459,30.964,30.332,33.085,37.930,38.577,38.764,41.372,39.217,35.523,31.390,29.981,30.736,35.933,40.956,43.283,44.526,44.739,45.144,41.343
37.105,35.006,34.030,32.806,32.607,31.113,30.490,33.232,38.071,38.722,38.913,41.519,39.360,35.664,31.536,30.130,30.886,36.084,41.110,43.424,44.665,44.877,45.290,41.495
37.269,35.175,34.189,32.969,32.765,31.278,30.687,33.402,38.230,38.889,39.075,41.658,39.487,35.768,31.637,30.250,31.025,36.257,41.287,43.570,44.801,45.014,45.450,41.654
37.443,35.350,34.339,33.121,32.908,31.425,30.892,33.558,38.378,39.064,39.251,41.814,39.608,35.839,31.697,30.331,31.133,36.435,41.501,43.737,44.958,45.162,45.643,41.847
37.637,35.550,34.508,33.290,33.071,31.586,31.080,33.706,38.514,39.237,39.453,42.041,39.805,36.013,31.878,30.502,31.286,36.612,41.731,43.955,45.185,45.350,45.858,42.098
37.766,35.676,34.656,33.438,33.224,31.746,31.221,33.865,38.670,39.372,39.568,42.136,39.923,36.150,32.015,30.643,31.433,36.732,41.811,44.067,45.300,45.463,45.944,42.177
37.918,35.833,34.815,33.603,33.387,31.918,31.411,34.039,38.830,39.527,39.712,42.251,40.040,36.263,32.131,30.779,31.586,36.895,41.953,44.187,45.409,45.579,46.070,42.301
38.051,35.965,34.940,33.729,33.508,32.045,31.568,34.172,38.956,39.663,39.841,42.359,40.136,36.332,32.192,30.854,31.680,37.024,42.091,44.311,45.531,45.689,46.198,42.427
38.171,36.078,35.060,33.846,33.628,32.164,31.669,34.291,39.086,39.785,39.958,42.480,40.265,36.467,32.320,30.974,31.795,37.129,42.191,44.445,45.674,45.823,46.314,42.537
38.282,36.197,35.162,33.952,33.729,32.266,31.801,34.389,39.169,39.888,40.073,42.594,40.361,36.547,32.408,31.069,31.892,37.247,42.330,44.548,45.771,45.914,46.431,42.671
38.435,36.354,35.304,34.092,33.867,32.398,31.944,34.520,39.301,40.035,40.237,42.777,40.527,36.704,32.569,31.226,32.042,37.410,42.522,44.712,45.930,46.080,46.617,42.864
38.586,36.512,35.463,34.256,34.029,32.563,32.122,34.691,39.463,40.192,40.388,42.911,40.663,36.840,32.710,31.382,32.212,37.585,42.683,44.836,46.039,46.215,46.764,43.004
38.791,36.730,35.672,34.473,34.241,32.783,32.381,34.913,39.661,40.398,40.591,43.086,40.828,36.992,32.873,31.571,32.421,37.817,42.908,44.999,46.180,46.375,46.955,43.202
38.998,36.926,35.882,34.679,34.451,33.000,32.575,35.122,39.873,40.601,40.782,43.272,41.029,37.201,33.074,31.761,32.603,37.980,43.055,45.221,46.427,46.575,47.121,43.373
39.232,37.153,36.101,34.897,34.665,33.221,32.817,35.343,40.092,40.833,41.007,43.482,41.225,37.369,33.227,31.919,32.772,38.184,43.273,45.465,46.683,46.789,47.341,43.597
39.379,37.298,36.266,35.065,34.834,33.395,32.987,35.532,40.285,40.999,41.148,43.590,41.351,37.501,33.353,32.066,32.945,38.355,43.404,45.579,46.781,46.927,47.472,43.697
39.636,37.562,36.511,35.313,35.079,33.648,33.264,35.763,40.487,41.231,41.396,43.843,41.589,37.730,33.597,32.304,33.166,38.579,43.650,45.839,47.055,47.140,47.696,43.969
39.804,37.715,36.683,35.480,35.252,33.820,33.400,35.936,40.680,41.405,41.556,44.004,41.769,37.923,33.774,32.468,33.325,38.718,43.770,46.030,47.265,47.331,47.849,44.107
40.121,38.041,36.997,35.803,35.567,34.162,33.802,36.267,40.965,41.710,41.846,44.238,41.989,38.111,33.970,32.697,33.580,39.010,44.051,46.298,47.533,47.544,48.087,44.377
40.318,38.238,37.213,36.023,35.790,34.397,34.033,36.500,41.184,41.911,42.024,44.380,42.153,38.287,34.149,32.891,33.786,39.199,44.195,46.462,47.696,47.700,48.224,44.513
40.606,38.530,37.476,36.292,36.044,34.663,34.384,36.784,41.452,42.208,42.312,44.621,42.350,38.413,34.257,33.042,33.988,39.504,44.533,46.722,47.934,47.938,48.528,44.807
40.941,38.869,37.793,36.614,36.356,34.989,34.775,37.116,41.763,42.543,42.640,44.907,42.607,38.619,34.453,33.268,34.248,39.833,44.883,47.035,48.240,48.218,48.849,45.135
41.146,39.057,38.003,36.819,36.565,35.204,34.965,37.336,42.001,42.760,42.830,45.080,42.799,38.811,34.623,33.436,34.425,40.007,45.030,47.252,48.475,48.429,49.025,45.290
41.581,39.488,38.408,37.226,36.959,35.607,35.452,37.768,42.431,43.213,43.266,45.462,43.137,39.066,34.844,33.702,34.755,40.456,45.514,47.667,48.871,48.830,49.488,45.724
41.886,39.784,38.665,37.480,37.198,35.845,35.761,38.031,42.711,43.530,43.585,45.768,43.386,39.228,34.966,33.846,34.938,40.762,45.895,47.999,49.197,49.146,49.866,46.079
42.376,40.243,39.104,37.914,37.617,36.288,36.297,38.510,43.207,44.050,44.053,46.146,43.714,39.428,35.086,34.017,35.199,41.197,46.368,48.500,49.713,49.588,50.349,46.514
42.973,40.810,39.584,38.380,38.056,36.729,36.862,38.968,43.692,44.637,44.662,46.762,44.210,39.748,35.326,34.261,35.479,41.703,47.056,49.210,50.464,50.198,51.049,47.224
43.548,41.343,40.149,38.934,38.613,37.306,37.422,39.566,44.327,45.241,45.200,47.237,44.703,40.200,35.708,34.656,35.920,42.194,47.511,49.813,51.108,50.767,51.563,47.685
44.417,42.203,40.897,39.683,39.321,38.030,38.379,40.332,45.083,46.118,46.083,48.049,45.359,40.619,36.050,35.073,36.446,43.044,48.544,50.705,51.985,51.564,52.540,48.654
45.089,42.791,41.625,40.379,40.046,38.739,38.896,41.133,46.051,46.914,46.743,48.660,46.091,41.399,36.702,35.718,37.164,43.718,49.062,51.433,52.734,52.442,53.248,49.126
46.443,44.159,42.767,41.524,41.122,39.819,40.349,42.246,47.129,48.234,48.155,50.058,47.207,42.163,37.393,36.487,38.033,45.063,50.780,52.863,54.138,53.717,54.846,50.786
48.115,45.678,44.527,43.249,42.891,41.654,41.930,44.147,49.177,50.039,49.672,51.351,48.718,43.721,38.750,37.856,39.521,46.474,51.854,54.573,55.991,55.410,56.184,51.889
49.996,47.343,46.532,45.165,44.891,43.598,43.310,46.262,51.713,52.176,51.526,53.198,50.875,46.059,40.798,39.794,41.527,48.264,53.304,56.700,58.239,57.862,58.145,53.348
