17.714,14.339,11.838,10.505,10.394,10.045,18.136,36.169,40.480,33.458,28.338,28.631,22.796,21.835,22.717,23.559,24.638,27.052,33.963,43.825,41.079,37.112,33.722,24.116
29.860,27.812,26.285,25.491,25.426,25.394,31.453,43.321,46.327,41.715,38.099,38.152,34.341,33.622,33.993,34.424,35.089,37.209,42.046,47.657,46.280,43.028,40.372,33.821
32.468,30.688,29.166,28.456,28.415,28.534,34.450,45.263,48.082,43.843,40.497,40.605,37.359,36.558,36.773,37.030,37.552,39.496,44.048,48.965,47.974,44.552,41.722,35.662
33.402,31.795,30.509,29.904,29.888,30.051,35.885,46.040,48.621,44.655,41.410,41.351,38.209,37.528,37.678,37.863,38.335,40.352,44.727,49.223,48.320,45.134,42.381,36.560
35.341,33.913,32.410,31.841,31.877,32.192,37.899,47.280,49.601,45.855,42.933,43.041,40.554,39.742,39.788,39.738,40.015,41.465,45.599,50.186,49.502,46.241,43.145,37.711
35.793,34.402,32.926,32.373,32.409,32.744,38.471,47.745,50.057,46.354,43.439,43.532,41.081,40.266,40.288,40.222,40.489,41.977,46.096,50.539,49.912,46.614,43.501,38.102
36.499,35.144,33.734,33.199,33.234,33.554,39.134,48.168,50.421,46.819,43.967,44.038,41.621,40.843,40.865,40.810,41.077,42.563,46.577,50.874,50.256,47.063,44.054,38.789
36.979,35.658,34.260,33.738,33.776,34.107,39.630,48.499,50.708,47.167,44.364,44.437,42.089,41.313,41.323,41.250,41.501,42.950,46.906,51.129,50.543,47.374,44.372,39.191
37.304,36.033,34.700,34.206,34.250,34.594,40.092,48.774,50.921,47.458,44.684,44.713,42.396,41.651,41.642,41.550,41.788,43.261,47.167,51.256,50.701,47.588,44.608,39.497
37.723,36.487,35.174,34.694,34.738,35.092,40.533,49.048,51.165,47.767,45.034,45.063,42.807,42.063,42.039,41.936,42.163,43.625,47.475,51.444,50.930,47.826,44.863,39.838
38.038,36.846,35.566,35.107,35.157,35.527,40.937,49.270,51.335,48.007,45.314,45.325,43.131,42.399,42.355,42.228,42.436,43.887,47.684,51.548,51.074,47.996,45.034,40.086
38.246,37.074,35.844,35.397,35.445,35.811,41.191,49.441,51.495,48.206,45.518,45.502,43.293,42.583,42.534,42.417,42.631,44.134,47.905,51.650,51.191,48.141,45.226,40.313
38.534,37.394,36.151,35.715,35.771,36.152,41.469,49.549,51.535,48.303,45.682,45.680,43.571,42.858,42.799,42.649,42.834,44.239,47.945,51.706,51.263,48.258,45.325,40.501
38.922,37.805,36.529,36.094,36.155,36.550,41.808,49.757,51.709,48.517,45.954,45.985,43.973,43.241,43.174,42.999,43.161,44.475,48.128,51.892,51.478,48.472,45.516,40.770
39.264,38.172,36.862,36.431,36.499,36.915,42.151,49.987,51.902,48.741,46.228,46.285,44.371,43.619,43.537,43.329,43.462,44.690,48.306,52.087,51.704,48.687,45.682,40.995
39.494,38.431,37.119,36.698,36.771,37.199,42.384,50.073,51.945,48.836,46.372,46.439,44.600,43.845,43.751,43.522,43.635,44.809,48.372,52.115,51.759,48.762,45.750,41.139
39.704,38.657,37.310,36.890,36.969,37.412,42.573,50.183,52.025,48.936,46.513,46.607,44.846,44.073,43.972,43.716,43.807,44.900,48.434,52.214,51.876,48.874,45.823,41.257
39.939,38.903,37.522,37.101,37.184,37.639,42.777,50.324,52.142,49.068,46.682,46.802,45.110,44.320,44.212,43.936,44.007,45.025,48.533,52.354,52.030,49.023,45.938,41.411
40.083,39.079,37.721,37.315,37.404,37.873,43.002,50.432,52.212,49.183,46.820,46.924,45.273,44.491,44.369,44.072,44.129,45.141,48.620,52.375,52.077,49.089,45.996,41.513
40.313,39.322,37.952,37.549,37.639,38.112,43.192,50.536,52.294,49.293,46.966,47.086,45.486,44.698,44.573,44.267,44.313,45.277,48.710,52.467,52.181,49.206,46.115,41.685
40.501,39.528,38.130,37.730,37.828,38.317,43.374,50.627,52.302,49.358,47.085,47.224,45.701,44.902,44.769,44.434,44.455,45.334,48.718,52.540,52.266,49.303,46.174,41.790
40.700,39.734,38.318,37.918,38.019,38.503,43.473,50.629,52.345,49.368,47.130,47.291,45.826,45.027,44.901,44.557,44.566,45.359,48.742,52.554,52.270,49.361,46.251,41.937
40.794,39.835,38.414,38.017,38.122,38.616,43.611,50.757,52.421,49.478,47.250,47.410,45.962,45.159,45.026,44.669,44.669,45.450,48.807,52.664,52.388,49.471,46.332,42.013
40.974,40.009,38.565,38.163,38.271,38.768,43.772,50.945,52.604,49.645,47.421,47.593,46.156,45.347,45.216,44.850,44.844,45.589,48.953,52.856,52.593,49.678,46.516,42.184
41.149,40.203,38.782,38.387,38.490,38.981,43.911,50.965,52.616,49.707,47.514,47.687,46.276,45.472,45.337,44.981,44.978,45.735,49.035,52.881,52.595,49.690,46.577,42.319
41.256,40.319,38.893,38.501,38.609,39.104,44.004,50.999,52.616,49.726,47.561,47.737,46.361,45.560,45.426,45.057,45.041,45.748,49.048,52.882,52.613,49.745,46.628,42.401
41.357,40.433,39.002,38.617,38.730,39.237,44.154,51.114,52.709,49.828,47.673,47.847,46.499,45.696,45.554,45.166,45.138,45.821,49.104,52.967,52.707,49.842,46.696,42.476
41.463,40.541,39.111,38.726,38.840,39.347,44.257,51.200,52.771,49.916,47.766,47.942,46.601,45.799,45.655,45.266,45.236,45.914,49.176,53.042,52.781,49.928,46.783,42.572
41.539,40.625,39.197,38.815,38.931,39.438,44.314,51.204,52.791,49.916,47.788,47.964,46.644,45.847,45.705,45.311,45.275,45.924,49.190,53.047,52.790,49.950,46.816,42.635
41.656,40.755,39.333,38.958,39.077,39.589,44.458,51.297,52.843,50.006,47.892,48.063,46.765,45.972,45.824,45.420,45.376,46.011,49.247,53.104,52.849,50.033,46.893,42.733
41.778,40.879,39.452,39.076,39.195,39.705,44.537,51.337,52.855,50.045,47.952,48.128,46.841,46.061,45.917,45.511,45.464,46.068,49.281,53.143,52.874,50.098,46.969,42.837
41.815,40.919,39.509,39.136,39.256,39.759,44.565,51.338,52.869,50.045,47.959,48.132,46.852,46.062,45.922,45.521,45.477,46.085,49.283,53.152,52.893,50.113,47.012,42.895
41.863,40.966,39.577,39.206,39.321,39.816,44.602,51.364,52.890,50.089,47.999,48.160,46.854,46.081,45.944,45.557,45.522,46.162,49.353,53.163,52.894,50.142,47.073,42.966
41.952,41.059,39.692,39.323,39.434,39.921,44.675,51.402,52.934,50.153,48.065,48.219,46.900,46.136,46.001,45.627,45.602,46.273,49.447,53.184,52.922,50.176,47.147,43.063
42.101,41.219,39.855,39.489,39.599,40.089,44.822,51.493,53.022,50.261,48.188,48.347,47.051,46.283,46.142,45.767,45.739,46.408,49.562,53.249,53.006,50.254,47.230,43.176
42.170,41.293,39.938,39.575,39.686,40.178,44.913,51.570,53.090,50.336,48.263,48.415,47.119,46.357,46.214,45.836,45.806,46.478,49.630,53.309,53.067,50.323,47.300,43.249
42.245,41.378,40.026,39.666,39.778,40.275,45.005,51.625,53.137,50.396,48.333,48.484,47.205,46.442,46.294,45.910,45.876,46.544,49.684,53.341,53.110,50.365,47.337,43.303
42.320,41.451,40.091,39.732,39.848,40.347,45.066,51.666,53.157,50.420,48.373,48.530,47.244,46.495,46.353,45.964,45.926,46.553,49.686,53.389,53.150,50.425,47.386,43.363
42.321,41.456,40.104,39.748,39.864,40.357,45.084,51.705,53.193,50.451,48.391,48.532,47.274,46.510,46.364,45.969,45.927,46.575,49.714,53.429,53.172,50.473,47.450,43.411
42.488,41.636,40.268,39.915,40.035,40.544,45.258,51.803,53.268,50.548,48.520,48.678,47.456,46.692,46.539,46.128,46.072,46.668,49.783,53.498,53.266,50.554,47.497,43.497
42.585,41.731,40.363,40.008,40.127,40.630,45.323,51.860,53.326,50.610,48.588,48.750,47.527,46.764,46.614,46.210,46.156,46.749,49.854,53.565,53.331,50.626,47.584,43.595
42.646,41.800,40.434,40.083,40.202,40.709,45.393,51.895,53.353,50.650,48.636,48.798,47.592,46.828,46.675,46.266,46.208,46.793,49.888,53.582,53.356,50.653,47.610,43.637
42.736,41.886,40.516,40.161,40.280,40.783,45.451,51.957,53.413,50.708,48.700,48.866,47.659,46.896,46.748,46.341,46.285,46.859,49.948,53.662,53.427,50.735,47.701,43.732
42.796,41.947,40.599,40.247,40.362,40.857,45.504,51.991,53.453,50.761,48.750,48.908,47.682,46.928,46.782,46.388,46.341,46.947,50.027,53.682,53.450,50.766,47.765,43.809
42.892,42.046,40.697,40.345,40.460,40.954,45.586,52.053,53.512,50.828,48.825,48.985,47.768,47.013,46.867,46.474,46.426,47.026,50.096,53.743,53.513,50.833,47.838,43.895
42.995,42.148,40.793,40.440,40.556,41.048,45.664,52.121,53.570,50.888,48.895,49.060,47.851,47.098,46.955,46.560,46.510,47.087,50.148,53.823,53.584,50.921,47.929,43.995
43.111,42.255,40.892,40.533,40.647,41.131,45.719,52.185,53.637,50.950,48.965,49.140,47.929,47.175,47.040,46.653,46.606,47.166,50.218,53.921,53.669,51.019,48.043,44.116
43.222,42.360,40.996,40.635,40.748,41.227,45.805,52.283,53.737,51.047,49.061,49.238,48.018,47.266,47.136,46.754,46.711,47.271,50.323,54.034,53.774,51.131,48.166,44.238
43.314,42.455,41.076,40.714,40.830,41.315,45.884,52.338,53.779,51.093,49.123,49.310,48.121,47.362,47.230,46.837,46.785,47.306,50.348,54.093,53.835,51.196,48.213,44.299
43.365,42.510,41.154,40.796,40.909,41.388,45.955,52.402,53.852,51.175,49.195,49.369,48.156,47.406,47.273,46.891,46.848,47.413,50.454,54.136,53.883,51.243,48.286,44.373
43.442,42.587,41.231,40.873,40.985,41.462,46.004,52.427,53.870,51.202,49.234,49.412,48.208,47.459,47.328,46.948,46.904,47.456,50.482,54.163,53.909,51.282,48.336,44.441
43.575,42.723,41.368,41.008,41.118,41.594,46.124,52.531,53.983,51.322,49.357,49.540,48.341,47.588,47.456,47.080,47.038,47.598,50.618,54.263,54.020,51.379,48.441,44.559
43.632,42.790,41.430,41.075,41.188,41.673,46.210,52.587,54.022,51.369,49.413,49.596,48.421,47.666,47.529,47.139,47.087,47.625,50.639,54.299,54.061,51.425,48.467,44.594
43.697,42.859,41.498,41.146,41.263,41.753,46.299,52.664,54.085,51.435,49.484,49.664,48.500,47.747,47.606,47.207,47.148,47.672,50.686,54.363,54.126,51.497,48.524,44.651
43.826,42.984,41.617,41.261,41.376,41.861,46.382,52.743,54.167,51.518,49.575,49.764,48.604,47.848,47.712,47.318,47.262,47.775,50.779,54.461,54.220,51.595,48.636,44.774
43.924,43.089,41.718,41.364,41.480,41.969,46.480,52.806,54.220,51.582,49.652,49.845,48.707,47.949,47.810,47.409,47.347,47.842,50.834,54.513,54.279,51.656,48.690,44.847
44.002,43.175,41.819,41.470,41.587,42.077,46.591,52.896,54.305,51.679,49.746,49.929,48.787,48.035,47.891,47.491,47.429,47.943,50.932,54.574,54.347,51.727,48.767,44.929
44.106,43.277,41.921,41.570,41.685,42.170,46.655,52.940,54.348,51.729,49.807,49.995,48.858,48.106,47.967,47.572,47.512,48.017,50.991,54.629,54.399,51.791,48.848,45.028
44.231,43.407,42.056,41.706,41.818,42.302,46.776,53.040,54.458,51.849,49.929,50.118,48.985,48.230,48.088,47.698,47.641,48.163,51.130,54.715,54.500,51.876,48.944,45.138
44.368,43.541,42.194,41.841,41.949,42.428,46.887,53.153,54.585,51.978,50.055,50.248,49.105,48.349,48.209,47.830,47.781,48.321,51.285,54.833,54.623,51.990,49.077,45.278
44.437,43.615,42.275,41.925,42.033,42.512,46.965,53.210,54.637,52.038,50.119,50.309,49.169,48.416,48.275,47.894,47.845,48.388,51.345,54.877,54.670,52.043,49.135,45.345
44.515,43.703,42.362,42.015,42.126,42.612,47.066,53.278,54.691,52.104,50.195,50.384,49.266,48.511,48.364,47.974,47.917,48.445,51.395,54.923,54.725,52.098,49.177,45.399
44.570,43.754,42.418,42.071,42.182,42.664,47.111,53.329,54.741,52.153,50.242,50.427,49.297,48.548,48.405,48.019,47.965,48.498,51.447,54.981,54.774,52.161,49.252,45.472
44.675,43.862,42.535,42.190,42.299,42.781,47.229,53.441,54.857,52.273,50.359,50.539,49.404,48.656,48.511,48.129,48.077,48.628,51.577,55.080,54.879,52.260,49.358,45.580
44.723,43.907,42.600,42.256,42.363,42.835,47.273,53.491,54.911,52.330,50.407,50.576,49.412,48.677,48.537,48.166,48.124,48.703,51.650,55.130,54.919,52.319,49.446,45.666
44.772,43.958,42.662,42.321,42.428,42.901,47.346,53.561,54.980,52.401,50.473,50.633,49.461,48.730,48.589,48.219,48.178,48.771,51.720,55.186,54.976,52.380,49.510,45.726
44.878,44.073,42.778,42.441,42.548,43.026,47.463,53.640,55.050,52.484,50.567,50.728,49.574,48.843,48.697,48.321,48.275,48.860,51.798,55.244,55.045,52.449,49.576,45.810
44.982,44.180,42.881,42.542,42.650,43.127,47.537,53.680,55.083,52.529,50.628,50.797,49.663,48.929,48.783,48.406,48.357,48.922,51.843,55.285,55.089,52.499,49.632,45.890
45.050,44.244,42.961,42.623,42.728,43.195,47.585,53.730,55.134,52.584,50.680,50.840,49.682,48.959,48.820,48.455,48.415,48.998,51.913,55.341,55.133,52.566,49.731,45.992
45.239,44.436,43.141,42.801,42.905,43.370,47.718,53.819,55.217,52.683,50.802,50.978,49.850,49.120,48.982,48.617,48.574,49.128,52.018,55.438,55.236,52.672,49.846,46.142
45.404,44.610,43.296,42.955,43.062,43.539,47.895,53.969,55.361,52.831,50.962,51.152,50.061,49.318,49.173,48.793,48.738,49.262,52.148,55.577,55.392,52.807,49.949,46.257
45.514,44.731,43.416,43.081,43.191,43.677,48.044,54.087,55.466,52.946,51.084,51.272,50.202,49.457,49.304,48.912,48.849,49.363,52.245,55.666,55.493,52.903,50.027,46.343
45.593,44.807,43.497,43.162,43.273,43.757,48.130,54.185,55.562,53.037,51.171,51.353,50.273,49.533,49.382,48.990,48.928,49.446,52.332,55.766,55.586,53.006,50.131,46.439
45.725,44.940,43.623,43.286,43.396,43.880,48.237,54.277,55.656,53.137,51.279,51.470,50.403,49.657,49.505,49.115,49.052,49.561,52.439,55.862,55.688,53.100,50.228,46.550
45.810,45.026,43.717,43.382,43.491,43.974,48.338,54.383,55.764,53.245,51.380,51.564,50.486,49.744,49.593,49.205,49.144,49.668,52.549,55.962,55.786,53.201,50.334,46.650
45.934,45.148,43.849,43.513,43.619,44.096,48.444,54.485,55.875,53.360,51.494,51.675,50.584,49.846,49.697,49.319,49.266,49.808,52.685,56.065,55.890,53.307,50.462,46.784
46.000,45.218,43.945,43.614,43.718,44.191,48.537,54.567,55.958,53.453,51.578,51.743,50.630,49.903,49.754,49.384,49.338,49.918,52.793,56.121,55.949,53.375,50.554,46.877
46.150,45.383,44.121,43.797,43.901,44.383,48.738,54.723,56.109,53.621,51.750,51.909,50.811,50.084,49.924,49.547,49.496,50.089,52.958,56.232,56.082,53.495,50.665,47.003
46.314,45.548,44.312,43.990,44.089,44.567,48.939,54.940,56.352,53.866,51.971,52.114,50.982,50.260,50.097,49.735,49.697,50.357,53.240,56.424,56.288,53.676,50.867,47.193
46.480,45.717,44.454,44.130,44.234,44.719,49.079,55.054,56.448,53.964,52.092,52.254,51.165,50.432,50.267,49.889,49.838,50.439,53.309,56.550,56.415,53.807,50.970,47.313
46.623,45.857,44.607,44.282,44.383,44.860,49.202,55.177,56.577,54.097,52.222,52.379,51.272,50.546,50.385,50.019,49.975,50.597,53.461,56.677,56.537,53.938,51.129,47.476
46.769,45.997,44.743,44.417,44.518,44.993,49.341,55.338,56.737,54.248,52.370,52.527,51.413,50.687,50.530,50.164,50.121,50.736,53.606,56.854,56.703,54.112,51.300,47.636
46.898,46.126,44.887,44.564,44.666,45.137,49.477,55.467,56.855,54.371,52.492,52.637,51.508,50.795,50.642,50.278,50.238,50.858,53.724,56.978,56.814,54.253,51.457,47.794
46.987,46.220,45.027,44.713,44.814,45.282,49.653,55.658,57.051,54.570,52.662,52.770,51.590,50.899,50.742,50.388,50.359,51.054,53.937,57.123,56.959,54.408,51.635,47.947
47.145,46.374,45.195,44.882,44.983,45.448,49.838,55.873,57.270,54.781,52.857,52.951,51.743,51.060,50.906,50.557,50.532,51.252,54.150,57.338,57.164,54.621,51.853,48.144
47.422,46.636,45.443,45.122,45.221,45.675,50.040,56.108,57.512,55.010,53.088,53.195,51.978,51.293,51.150,50.811,50.792,51.495,54.390,57.623,57.429,54.898,52.148,48.435
47.604,46.809,45.661,45.343,45.434,45.872,50.247,56.364,57.796,55.287,53.329,53.405,52.111,51.448,51.311,51.001,51.007,51.801,54.715,57.872,57.667,55.145,52.448,48.706
47.767,46.976,45.852,45.540,45.632,46.077,50.511,56.661,58.103,55.586,53.597,53.649,52.325,51.668,51.523,51.211,51.220,52.069,55.013,58.130,57.935,55.392,52.679,48.901
47.953,47.177,46.066,45.763,45.856,46.310,50.760,56.872,58.305,55.803,53.814,53.855,52.541,51.887,51.732,51.411,51.415,52.279,55.221,58.294,58.116,55.567,52.844,49.074
48.159,47.373,46.280,45.976,46.069,46.516,50.995,57.167,58.612,56.092,54.076,54.098,52.737,52.095,51.944,51.634,51.648,52.552,55.518,58.597,58.403,55.861,53.149,49.340
48.419,47.625,46.529,46.224,46.318,46.765,51.273,57.497,58.944,56.404,54.372,54.388,53.007,52.368,52.220,51.909,51.924,52.832,55.819,58.944,58.735,56.197,53.472,49.631
48.677,47.888,46.821,46.520,46.610,47.049,51.532,57.723,59.175,56.654,54.621,54.624,53.224,52.596,52.449,52.151,52.176,53.123,56.097,59.146,58.942,56.416,53.731,49.908
48.906,48.118,47.101,46.808,46.893,47.326,51.837,58.054,59.525,57.005,54.937,54.903,53.440,52.833,52.684,52.404,52.447,53.489,56.482,59.436,59.236,56.708,54.058,50.209
49.163,48.404,47.468,47.198,47.283,47.723,52.286,58.453,59.920,57.433,55.330,55.235,53.723,53.147,52.981,52.703,52.754,53.916,56.922,59.706,59.534,57.011,54.383,50.523
49.561,48.797,47.883,47.614,47.696,48.126,52.681,58.865,60.338,57.851,55.736,55.626,54.079,53.516,53.355,53.092,53.155,54.351,57.360,60.120,59.936,57.431,54.835,50.968
50.039,49.254,48.479,48.221,48.285,48.677,53.294,59.622,61.167,58.660,56.431,56.221,54.453,53.954,53.806,53.616,53.743,55.213,58.287,60.829,60.619,58.134,55.670,51.704
51.030,50.237,49.523,49.265,49.312,49.691,54.360,60.770,62.407,59.887,57.584,57.343,55.471,54.978,54.823,54.680,54.848,56.508,59.631,61.936,61.765,59.192,56.782,52.768
52.196,51.448,50.810,50.588,50.647,51.084,56.054,62.553,64.210,61.664,59.245,58.906,56.967,56.487,56.274,56.087,56.243,58.098,61.353,63.494,63.400,60.704,58.157,53.993
54.021,53.227,52.841,52.628,52.638,53.007,58.132,64.970,66.862,64.257,61.582,61.078,58.701,58.304,58.102,58.079,58.379,60.854,64.271,65.820,65.741,62.936,60.632,56.259
