5.618,5.348,5.154,6.617,7.561,11.440,26.562,40.344,47.248,42.788,37.769,30.774,24.813,22.054,18.070,18.480,21.587,25.036,31.254,35.189,15.835,3.166,-4.169,-15.344
17.631,17.522,16.934,17.691,18.784,22.276,34.026,44.959,49.598,46.050,42.246,37.109,32.518,30.460,27.550,27.802,30.083,32.879,37.674,40.312,25.725,15.937,10.522,2.068
21.350,21.215,20.694,21.359,22.352,25.532,36.120,46.029,50.181,47.002,43.619,39.028,34.874,32.994,30.294,30.574,32.598,35.128,39.353,41.642,28.693,19.756,15.046,7.426
22.691,22.610,22.007,22.535,23.596,26.744,36.887,46.427,50.193,47.114,43.877,39.587,35.642,33.884,31.381,31.593,33.492,35.943,40.019,42.100,29.769,21.260,16.770,9.569
23.865,23.718,23.256,23.836,24.780,27.732,37.497,46.694,50.462,47.540,44.454,40.300,36.471,34.728,32.180,32.464,34.286,36.629,40.446,42.446,30.700,22.355,18.166,11.178
24.829,24.700,24.261,24.835,25.737,28.563,37.993,46.849,50.514,47.687,44.687,40.655,36.965,35.289,32.854,33.109,34.883,37.139,40.862,42.835,31.409,23.393,19.278,12.525
25.407,25.260,24.949,25.536,26.415,29.107,38.431,47.204,50.863,48.082,45.114,41.214,37.591,35.931,33.456,33.704,35.420,37.635,41.269,43.154,31.967,23.946,19.959,13.339
26.122,25.959,25.736,26.318,27.160,29.717,38.768,47.305,50.880,48.194,45.321,41.589,38.082,36.462,34.000,34.252,35.890,38.032,41.511,43.287,32.532,24.662,20.874,14.477
26.602,26.454,26.243,26.791,27.654,30.173,39.119,47.572,50.932,48.388,45.544,41.917,38.474,36.889,34.468,34.692,36.287,38.407,41.849,43.554,32.965,25.185,21.457,15.188
26.967,26.826,26.611,27.146,28.010,30.507,39.364,47.735,51.051,48.456,45.707,42.127,38.723,37.158,34.769,34.984,36.559,38.659,42.071,43.751,33.270,25.573,21.882,15.685
27.255,27.149,26.851,27.318,28.237,30.786,39.560,47.793,51.146,48.508,45.715,42.206,38.849,37.325,35.026,35.204,36.754,38.851,42.267,43.892,33.507,25.942,22.264,16.167
27.727,27.611,27.424,27.903,28.795,31.212,39.851,47.871,51.163,48.524,45.831,42.504,39.294,37.793,35.479,35.646,37.141,39.192,42.480,44.018,33.926,26.407,22.840,16.887
28.200,28.094,27.908,28.342,29.268,31.668,39.948,48.044,51.301,48.714,45.958,42.575,39.323,37.868,35.656,35.851,37.315,39.289,42.523,44.074,34.251,26.910,23.432,17.594
28.347,28.226,27.978,28.443,29.283,31.673,40.230,48.376,51.514,48.956,46.231,42.957,39.728,38.255,35.966,36.113,37.562,39.600,42.886,44.344,34.381,27.066,23.633,17.851
28.369,28.263,28.078,28.498,29.432,31.834,40.359,48.478,51.525,48.985,46.317,43.096,39.883,38.418,36.131,36.277,37.708,39.742,43.002,44.424,34.543,27.083,23.650,17.856
28.642,28.547,28.328,28.725,29.661,32.061,40.464,48.488,51.599,49.040,46.332,43.121,39.952,38.513,36.282,36.422,37.835,39.846,43.072,44.475,34.721,27.394,23.996,18.279
28.734,28.638,28.440,28.830,29.779,32.173,40.604,48.658,51.688,49.151,46.474,43.305,40.137,38.697,36.447,36.581,37.983,40.000,43.224,44.598,34.856,27.480,24.101,18.392
28.786,28.689,28.502,28.889,29.844,32.234,40.679,48.753,51.781,49.240,46.560,43.404,40.235,38.793,36.533,36.665,38.062,40.082,43.304,44.664,34.929,27.527,24.158,18.452
28.905,28.807,28.620,29.003,29.968,32.370,40.853,48.969,51.999,49.448,46.759,43.601,40.421,38.972,36.698,36.831,38.228,40.258,43.487,44.838,35.083,27.639,24.272,18.549
28.988,28.897,28.701,29.069,30.055,32.477,40.996,49.070,52.023,49.498,46.843,43.729,40.567,39.120,36.845,36.969,38.362,40.404,43.648,44.981,35.204,27.731,24.360,18.633
29.261,29.185,28.966,29.317,30.296,32.694,41.062,49.145,52.056,49.537,46.891,43.753,40.595,39.175,36.960,37.079,38.458,40.467,43.671,45.001,35.359,28.046,24.678,19.066
29.269,29.264,29.081,29.326,30.444,32.840,41.170,49.156,52.166,49.599,46.900,43.810,40.696,39.291,37.101,37.208,38.575,40.577,43.775,45.086,35.491,28.147,24.704,19.072
29.423,29.348,29.119,29.462,30.497,32.949,41.324,49.318,52.194,49.661,46.996,43.970,40.881,39.494,37.319,37.389,38.739,40.742,43.964,45.240,35.638,28.223,24.892,19.297
29.536,29.480,29.274,29.600,30.608,32.979,41.445,49.446,52.266,49.722,47.049,44.066,40.996,39.626,37.482,37.523,38.859,40.866,44.108,45.352,35.757,28.367,25.020,19.473
29.641,29.605,29.384,29.682,30.722,33.101,41.676,49.665,52.478,49.941,47.272,44.326,41.272,39.908,37.749,37.711,39.036,41.111,44.337,45.557,35.768,28.509,25.152,19.647
29.893,29.856,29.665,29.963,31.002,33.351,41.703,49.759,52.533,49.987,47.310,44.388,41.349,39.968,37.755,37.792,39.112,41.144,44.450,45.657,36.012,28.759,25.429,19.958
29.980,29.959,29.755,30.033,31.093,33.448,41.772,49.858,52.638,50.100,47.424,44.501,41.355,39.999,37.876,37.889,39.203,41.204,44.557,45.706,36.102,28.878,25.527,20.084
30.142,30.110,29.977,30.276,31.317,33.596,41.903,49.883,52.694,50.163,47.431,44.538,41.528,40.186,38.038,38.051,39.363,41.345,44.580,45.802,36.252,29.018,25.666,20.235
30.198,30.187,30.001,30.290,31.338,33.657,41.940,49.989,52.734,50.197,47.481,44.566,41.539,40.195,38.095,38.087,39.389,41.376,44.625,45.821,36.295,29.119,25.762,20.370
30.316,30.310,30.149,30.421,31.487,33.779,42.054,50.081,52.811,50.255,47.517,44.665,41.672,40.348,38.250,38.227,39.517,41.499,44.748,45.925,36.419,29.247,25.894,20.535
30.404,30.399,30.234,30.498,31.572,33.869,42.141,50.141,52.860,50.273,47.596,44.757,41.767,40.445,38.347,38.324,39.608,41.591,44.834,45.997,36.513,29.337,25.998,20.648
30.504,30.506,30.344,30.602,31.681,33.968,42.224,50.148,52.922,50.324,47.646,44.827,41.851,40.538,38.455,38.419,39.697,41.676,44.922,46.076,36.605,29.452,26.109,20.786
30.606,30.604,30.425,30.689,31.757,34.056,42.297,50.201,52.946,50.393,47.724,44.879,41.896,40.579,38.500,38.476,39.763,41.740,44.981,46.155,36.681,29.548,26.203,20.863
30.703,30.708,30.499,30.750,31.830,34.155,42.394,50.297,52.993,50.459,47.792,44.944,41.960,40.647,38.586,38.559,39.848,41.830,45.079,46.252,36.772,29.660,26.307,20.968
30.781,30.789,30.583,30.833,31.913,34.230,42.458,50.350,53.039,50.507,47.840,45.001,42.026,40.718,38.664,38.631,39.917,41.895,45.145,46.316,36.842,29.745,26.389,21.064
30.876,30.883,30.681,30.933,32.010,34.321,42.540,50.423,53.115,50.586,47.922,45.084,42.110,40.803,38.749,38.717,40.003,41.978,45.224,46.396,36.931,29.839,26.486,21.164
30.982,30.999,30.754,30.996,32.077,34.416,42.610,50.462,53.128,50.601,47.944,45.088,42.118,40.818,38.798,38.763,40.057,42.032,45.288,46.479,37.000,29.968,26.592,21.271
31.071,31.085,30.832,31.074,32.152,34.496,42.677,50.517,53.180,50.658,48.008,45.149,42.179,40.878,38.860,38.831,40.125,42.098,45.346,46.537,37.076,30.054,26.687,21.367
31.145,31.169,30.915,31.151,32.237,34.579,42.765,50.607,53.258,50.729,48.070,45.220,42.256,40.963,38.960,38.915,40.209,42.183,45.448,46.640,37.154,30.145,26.756,21.447
31.223,31.253,30.976,31.198,32.298,34.660,42.845,50.691,53.315,50.781,48.125,45.280,42.317,41.028,39.039,38.990,40.282,42.260,45.531,46.713,37.232,30.236,26.846,21.543
31.298,31.333,31.044,31.256,32.368,34.745,42.944,50.806,53.414,50.874,48.213,45.371,42.406,41.120,39.136,39.082,40.374,42.357,45.638,46.814,37.320,30.320,26.924,21.620
31.414,31.464,31.149,31.345,32.475,34.868,43.065,50.922,53.498,50.949,48.282,45.448,42.491,41.216,39.263,39.191,40.483,42.470,45.772,46.947,37.430,30.465,27.043,21.754
31.470,31.523,31.200,31.385,32.525,34.930,43.129,50.996,53.550,50.998,48.332,45.510,42.556,41.284,39.335,39.259,40.546,42.536,45.839,46.999,37.495,30.527,27.113,21.833
31.523,31.580,31.257,31.430,32.587,35.000,43.225,51.125,53.663,51.101,48.427,45.621,42.665,41.394,39.441,39.358,40.639,42.637,45.947,47.088,37.578,30.584,27.173,21.896
31.592,31.653,31.340,31.509,32.673,35.076,43.304,51.210,53.741,51.175,48.496,45.709,42.759,41.493,39.542,39.449,40.724,42.722,46.036,47.166,37.658,30.659,27.247,21.985
31.685,31.746,31.428,31.596,32.756,35.156,43.356,51.234,53.754,51.197,48.529,45.747,42.806,41.543,39.600,39.510,40.781,42.773,46.076,47.204,37.728,30.756,27.356,22.108
31.756,31.824,31.502,31.665,32.828,35.224,43.407,51.266,53.773,51.217,48.549,45.777,42.846,41.591,39.665,39.565,40.835,42.823,46.131,47.258,37.786,30.842,27.432,22.203
31.796,31.869,31.542,31.698,32.874,35.279,43.485,51.370,53.868,51.302,48.624,45.856,42.922,41.668,39.744,39.637,40.905,42.900,46.223,47.344,37.847,30.889,27.467,22.235
31.886,31.958,31.619,31.774,32.947,35.363,43.562,51.438,53.934,51.370,48.698,45.920,42.983,41.729,39.808,39.706,40.978,42.973,46.291,47.418,37.926,30.978,27.559,22.320
31.948,32.022,31.646,31.795,32.972,35.421,43.619,51.494,53.979,51.413,48.747,45.943,42.997,41.740,39.832,39.737,41.019,43.019,46.343,47.483,37.974,31.045,27.616,22.359
32.056,32.131,31.718,31.868,33.040,35.519,43.711,51.571,54.057,51.491,48.828,45.988,43.030,41.771,39.881,39.793,41.091,43.093,46.427,47.598,38.054,31.158,27.705,22.422
32.154,32.230,31.817,31.966,33.134,35.605,43.768,51.599,54.075,51.518,48.864,46.032,43.085,41.832,39.951,39.862,41.156,43.151,46.476,47.644,38.130,31.262,27.817,22.553
32.222,32.302,31.856,31.996,33.171,35.671,43.832,51.662,54.120,51.560,48.909,46.064,43.112,41.860,39.994,39.907,41.206,43.207,46.537,47.713,38.188,31.340,27.886,22.613
32.288,32.375,31.900,32.023,33.218,35.753,43.938,51.800,54.232,51.660,49.005,46.157,43.196,41.944,40.086,39.996,41.297,43.309,46.652,47.819,38.274,31.416,27.957,22.674
32.376,32.462,31.990,32.117,33.308,35.839,44.024,51.882,54.322,51.750,49.095,46.243,43.281,42.028,40.168,40.079,41.382,43.393,46.736,47.908,38.359,31.501,28.039,22.753
32.469,32.557,32.070,32.193,33.387,35.931,44.114,51.971,54.403,51.830,49.177,46.317,43.353,42.100,40.248,40.160,41.466,43.479,46.826,48.002,38.447,31.599,28.132,22.841
32.559,32.645,32.168,32.295,33.486,36.023,44.212,52.074,54.514,51.941,49.285,46.427,43.462,42.208,40.350,40.261,41.567,43.579,46.926,48.102,38.543,31.685,28.217,22.925
32.700,32.785,32.304,32.434,33.619,36.153,44.325,52.166,54.609,52.041,49.390,46.525,43.563,42.310,40.458,40.372,41.681,43.689,47.032,48.218,38.664,31.827,28.357,23.067
32.801,32.885,32.398,32.531,33.713,36.253,44.429,52.270,54.720,52.151,49.500,46.623,43.656,42.401,40.549,40.466,41.779,43.788,47.134,48.329,38.762,31.926,28.449,23.148
32.867,32.952,32.451,32.579,33.766,36.324,44.512,52.367,54.812,52.238,49.585,46.699,43.724,42.467,40.617,40.536,41.853,43.868,47.219,48.416,38.834,31.993,28.512,23.198
32.982,33.068,32.535,32.662,33.844,36.423,44.586,52.412,54.849,52.282,49.641,46.732,43.754,42.497,40.664,40.592,41.917,43.930,47.278,48.494,38.914,32.114,28.627,23.305
33.091,33.174,32.655,32.787,33.962,36.526,44.675,52.488,54.931,52.370,49.732,46.830,43.858,42.602,40.766,40.694,42.016,44.024,47.364,48.577,39.016,32.219,28.740,23.428
33.157,33.241,32.716,32.848,34.026,36.599,44.769,52.600,55.049,52.481,49.836,46.922,43.942,42.683,40.845,40.773,42.101,44.114,47.465,48.685,39.093,32.284,28.792,23.464
33.249,33.336,32.805,32.932,34.113,36.687,44.841,52.658,55.094,52.529,49.888,46.982,44.009,42.755,40.926,40.851,42.176,44.186,47.534,48.750,39.174,32.384,28.895,23.580
33.353,33.439,32.896,33.031,34.201,36.780,44.925,52.722,55.171,52.610,49.972,47.041,44.063,42.806,40.985,40.916,42.251,44.259,47.610,48.851,39.255,32.487,28.982,23.652
33.417,33.505,32.964,33.089,34.271,36.856,45.016,52.839,55.272,52.705,50.064,47.150,44.172,42.917,41.089,41.017,42.345,44.358,47.709,48.928,39.343,32.552,29.060,23.737
33.514,33.612,33.062,33.178,34.373,36.965,45.136,52.967,55.384,52.807,50.156,47.250,44.276,43.028,41.217,41.129,42.456,44.473,47.844,49.062,39.449,32.668,29.153,23.837
33.608,33.709,33.160,33.276,34.469,37.051,45.202,53.011,55.421,52.850,50.203,47.305,44.340,43.097,41.294,41.203,42.528,44.539,47.907,49.124,39.527,32.769,29.254,23.954
33.667,33.775,33.241,33.347,34.555,37.126,45.291,53.120,55.512,52.933,50.277,47.410,44.455,43.218,41.417,41.310,42.623,44.637,48.014,49.206,39.613,32.839,29.325,24.048
33.783,33.888,33.351,33.455,34.662,37.235,45.387,53.206,55.592,53.018,50.369,47.505,44.551,43.315,41.514,41.411,42.722,44.734,48.101,49.290,39.719,32.952,29.451,24.179
33.870,33.987,33.417,33.510,34.733,37.339,45.524,53.369,55.744,53.152,50.488,47.603,44.639,43.404,41.623,41.509,42.832,44.856,48.257,49.462,39.819,33.058,29.513,24.219
34.037,34.153,33.551,33.646,34.859,37.484,45.636,53.443,55.814,53.232,50.582,47.670,44.703,43.469,41.706,41.603,42.936,44.956,48.351,49.579,39.941,33.229,29.679,24.375
34.147,34.276,33.656,33.740,34.967,37.604,45.761,53.571,55.919,53.328,50.670,47.764,44.802,43.577,41.836,41.717,43.052,45.074,48.491,49.718,40.054,33.362,29.786,24.493
34.285,34.424,33.746,33.810,35.054,37.746,45.910,53.728,56.041,53.440,50.784,47.856,44.884,43.661,41.948,41.829,43.173,45.207,48.641,49.878,40.183,33.520,29.924,24.613
34.381,34.527,33.822,33.872,35.129,37.845,46.006,53.826,56.111,53.506,50.853,47.926,44.955,43.737,42.040,41.917,43.261,45.299,48.739,49.971,40.276,33.631,30.031,24.725
34.481,34.630,33.928,33.968,35.238,37.956,46.132,53.971,56.242,53.630,50.971,48.061,45.092,43.876,42.179,42.048,43.386,45.429,48.874,50.090,40.396,33.736,30.138,24.841
34.590,34.754,34.005,34.022,35.315,38.072,46.247,54.087,56.312,53.690,51.031,48.120,45.153,43.947,42.285,42.141,43.482,45.532,48.998,50.211,40.497,33.875,30.256,24.965
34.748,34.909,34.150,34.166,35.456,38.219,46.376,54.201,56.420,53.805,51.157,48.243,45.276,44.070,42.409,42.273,43.613,45.661,49.114,50.327,40.640,34.030,30.426,25.137
34.845,35.018,34.227,34.240,35.538,38.332,46.526,54.375,56.599,53.966,51.297,48.347,45.364,44.158,42.518,42.372,43.732,45.791,49.287,50.533,40.744,34.145,30.478,25.154
34.987,35.164,34.372,34.381,35.683,38.472,46.655,54.492,56.704,54.072,51.405,48.467,45.492,44.292,42.660,42.509,43.864,45.920,49.416,50.656,40.880,34.296,30.630,25.321
35.073,35.264,34.447,34.432,35.762,38.580,46.786,54.654,56.824,54.176,51.499,48.577,45.603,44.411,42.799,42.630,43.981,46.049,49.567,50.790,40.991,34.407,30.725,25.426
35.223,35.417,34.613,34.584,35.934,38.750,46.981,54.887,57.037,54.380,51.696,48.807,45.837,44.646,43.023,42.845,44.182,46.257,49.776,50.964,41.182,34.558,30.896,25.612
35.410,35.594,34.814,34.806,36.129,38.912,47.102,54.960,57.139,54.501,51.829,48.934,45.973,44.781,43.150,42.983,44.321,46.380,49.877,51.080,41.332,34.731,31.081,25.806
35.553,35.746,34.939,34.919,36.255,39.064,47.267,55.138,57.296,54.648,51.970,49.069,46.104,44.916,43.303,43.127,44.470,46.537,50.053,51.259,41.479,34.890,31.218,25.937
35.691,35.893,35.060,35.036,36.380,39.210,47.435,55.317,57.473,54.813,52.124,49.200,46.226,45.040,43.444,43.262,44.616,46.690,50.234,51.460,41.618,35.043,31.331,26.030
35.886,36.084,35.244,35.213,36.565,39.416,47.662,55.576,57.726,55.060,52.372,49.448,46.463,45.270,43.661,43.486,44.839,46.921,50.460,51.673,41.838,35.229,31.535,26.220
36.139,36.352,35.529,35.508,36.851,39.660,47.879,55.742,57.902,55.239,52.538,49.618,46.657,45.479,43.904,43.703,45.060,47.128,50.695,51.936,42.056,35.511,31.760,26.474
36.404,36.609,35.831,35.818,37.159,39.936,48.174,56.063,58.241,55.577,52.870,49.977,47.018,45.837,44.231,44.029,45.374,47.441,50.996,52.212,42.356,35.758,32.032,26.756
36.803,36.976,36.246,36.271,37.558,40.282,48.442,56.253,58.488,55.868,53.198,50.297,47.345,46.149,44.503,44.342,45.683,47.724,51.205,52.433,42.694,36.105,32.453,27.183
37.160,37.324,36.658,36.717,37.972,40.629,48.778,56.564,58.859,56.251,53.573,50.674,47.731,46.532,44.863,44.702,46.043,48.068,51.543,52.788,43.044,36.443,32.783,27.518
37.433,37.584,36.961,37.026,38.277,40.908,49.070,56.880,59.192,56.587,53.911,51.037,48.095,46.888,45.182,45.029,46.356,48.380,51.832,53.048,43.349,36.689,33.073,27.815
37.822,37.956,37.407,37.503,38.719,41.271,49.387,57.147,59.505,56.927,54.263,51.415,48.494,47.285,45.547,45.403,46.717,48.717,52.128,53.338,43.715,37.049,33.474,28.248
38.442,38.511,38.076,38.239,39.376,41.843,49.923,57.661,60.143,57.615,54.991,52.133,49.196,47.945,46.085,46.016,47.319,49.295,52.590,53.792,44.329,37.549,34.114,28.858
38.817,38.884,38.523,38.698,39.827,42.221,50.288,58.015,60.514,57.994,55.363,52.560,49.649,48.405,46.526,46.440,47.722,49.684,52.965,54.138,44.721,37.918,34.505,29.298
39.386,39.451,39.159,39.359,40.468,42.789,50.851,58.558,61.102,58.588,55.943,53.160,50.268,49.027,47.133,47.034,48.309,50.256,53.542,54.721,45.293,38.480,35.051,29.866
39.968,40.082,39.713,39.860,41.055,43.472,51.704,59.575,62.058,59.462,56.742,53.947,51.021,49.792,47.946,47.787,49.080,51.080,54.499,55.677,46.001,39.134,35.567,30.332
40.969,41.033,40.730,40.944,42.099,44.525,52.958,61.019,63.690,61.062,58.298,55.381,52.351,51.050,49.062,48.964,50.300,52.336,55.768,57.005,47.146,40.014,36.432,31.002
42.366,42.360,42.320,42.690,43.679,45.830,54.155,62.057,64.999,62.455,59.705,56.773,53.775,52.442,50.329,50.281,51.617,53.574,56.906,58.220,48.455,41.283,37.754,32.334
45.091,44.956,45.116,45.766,46.508,48.538,57.125,65.160,68.721,66.180,63.350,60.001,56.795,55.302,52.919,53.035,54.532,56.494,59.851,61.512,51.243,43.724,40.028,34.142
