-7.217,-12.836,-13.410,-17.526,-13.538,-16.107,-14.749,-13.772,-6.866,-0.939,-5.301,-8.448,-14.281,-22.843,-22.539,-19.123,-9.587,9.024,14.955,27.332,24.106,21.397,17.475,11.541
11.759,7.618,7.008,5.065,6.773,5.277,5.538,6.119,11.145,14.879,12.396,10.231,5.617,-0.642,-0.681,2.382,8.785,21.418,27.868,35.901,33.805,31.362,28.164,23.837
15.847,12.029,11.344,10.049,11.090,9.879,9.689,10.129,14.919,18.343,16.258,14.365,10.062,4.215,4.006,7.136,12.803,23.977,30.788,37.543,35.937,33.685,30.429,26.578
19.308,15.856,15.348,14.438,15.062,14.073,13.534,13.914,18.365,21.242,19.386,17.675,13.540,8.424,8.077,11.135,16.001,26.010,32.553,38.179,37.168,35.372,32.252,28.662
20.391,17.020,16.479,15.787,16.182,15.284,14.602,14.940,19.322,22.088,20.375,18.742,14.675,9.661,9.261,12.360,17.012,26.593,33.335,38.594,37.705,35.922,32.777,29.313
21.009,17.659,17.105,16.574,16.790,15.955,15.151,15.466,19.832,22.498,20.882,19.279,15.183,10.215,9.770,12.939,17.466,26.847,33.832,38.876,38.075,36.277,33.090,29.650
22.029,18.755,18.186,17.555,17.894,17.036,16.410,16.733,20.924,23.564,21.986,20.410,16.478,11.582,11.217,14.213,18.731,27.949,34.621,39.771,38.789,36.915,33.900,30.551
22.779,19.548,18.948,18.370,18.657,17.825,17.229,17.541,21.627,24.198,22.714,21.170,17.307,12.452,12.107,15.059,19.510,28.524,35.222,40.322,39.264,37.303,34.354,31.067
23.362,20.167,19.577,19.009,19.285,18.465,17.886,18.199,22.214,24.718,23.271,21.741,17.905,13.116,12.781,15.695,20.090,28.999,35.645,40.707,39.634,37.663,34.767,31.501
23.975,20.785,20.160,19.666,19.860,19.067,18.492,18.797,22.745,25.172,23.825,22.308,18.475,13.684,13.360,16.276,20.635,29.423,36.228,41.277,40.121,38.025,35.161,31.907
24.523,21.387,20.792,20.346,20.485,19.723,19.113,19.413,23.293,25.617,24.313,22.819,19.006,14.330,13.993,16.888,21.131,29.751,36.512,41.420,40.326,38.276,35.452,32.226
24.832,21.729,21.129,20.661,20.832,20.067,19.497,19.796,23.627,25.955,24.657,23.179,19.431,14.787,14.468,17.311,21.535,30.077,36.722,41.623,40.503,38.459,35.679,32.498
25.205,22.146,21.570,21.087,21.276,20.516,19.968,20.269,24.037,26.316,25.026,23.561,19.855,15.293,14.984,17.775,21.942,30.391,36.904,41.760,40.651,38.644,35.919,32.765
25.639,22.607,22.076,21.645,21.767,21.037,20.429,20.732,24.463,26.624,25.364,23.903,20.153,15.694,15.362,18.167,22.231,30.598,37.130,41.769,40.841,38.883,36.175,32.997
25.922,22.926,22.443,22.057,22.128,21.423,20.721,21.017,24.768,26.887,25.607,24.160,20.399,16.037,15.661,18.491,22.454,30.736,37.220,41.867,40.912,39.100,36.359,33.196
26.306,23.309,22.778,22.533,22.449,21.793,21.018,21.292,25.024,27.081,25.910,24.489,20.711,16.328,15.929,18.820,22.720,30.845,37.614,42.018,41.184,39.273,36.500,33.361
26.573,23.586,23.033,22.895,22.695,22.078,21.220,21.476,25.217,27.245,26.130,24.733,20.949,16.571,16.140,19.083,22.917,30.915,37.814,42.049,41.331,39.421,36.602,33.494
26.725,23.774,23.281,23.109,22.946,22.327,21.443,21.704,25.447,27.456,26.283,24.889,21.113,16.833,16.386,19.306,23.081,31.066,37.852,42.057,41.339,39.561,36.752,33.648
26.892,23.959,23.474,23.314,23.139,22.528,21.628,21.885,25.618,27.615,26.445,25.060,21.298,17.049,16.595,19.511,23.252,31.186,37.906,42.146,41.403,39.665,36.858,33.771
27.150,24.233,23.745,23.530,23.417,22.790,21.974,22.240,25.908,27.892,26.732,25.346,21.629,17.395,16.978,19.827,23.588,31.508,38.113,42.186,41.604,39.819,37.084,34.009
27.510,24.652,24.173,24.083,23.841,23.268,22.317,22.556,26.231,28.179,27.050,25.712,22.031,17.888,17.414,20.305,23.914,31.597,38.248,42.302,41.626,39.966,37.176,34.181
27.627,24.761,24.298,24.209,23.959,23.388,22.432,22.677,26.346,28.255,27.132,25.783,22.065,17.937,17.462,20.360,23.964,31.676,38.350,42.351,41.742,40.074,37.292,34.264
27.753,24.880,24.439,24.341,24.094,23.522,22.564,22.817,26.481,28.351,27.224,25.862,22.106,18.000,17.524,20.426,24.024,31.776,38.451,42.421,41.865,40.202,37.431,34.365
27.874,24.996,24.580,24.446,24.234,23.650,22.707,22.970,26.635,28.493,27.340,25.963,22.185,18.097,17.625,20.517,24.126,31.941,38.552,42.564,42.013,40.373,37.616,34.519
27.968,25.112,24.743,24.523,24.406,23.797,22.884,23.159,26.827,28.703,27.472,26.067,22.244,18.230,17.757,20.624,24.231,32.167,38.555,42.577,42.075,40.546,37.816,34.715
28.015,25.142,24.800,24.583,24.452,23.845,22.914,23.198,26.873,28.708,27.479,26.093,22.336,18.303,17.838,20.684,24.296,32.169,38.593,42.633,42.149,40.623,37.891,34.734
28.436,25.648,25.317,25.088,24.982,24.386,23.497,23.776,27.341,29.128,27.923,26.557,22.855,18.956,18.503,21.275,24.787,32.505,38.708,42.651,42.170,40.692,38.048,34.984
28.602,25.815,25.461,25.260,25.126,24.539,23.651,23.923,27.473,29.257,28.086,26.730,23.044,19.128,18.678,21.453,24.960,32.626,38.891,42.765,42.313,40.788,38.146,35.101
28.743,25.970,25.634,25.461,25.294,24.721,23.795,24.065,27.612,29.360,28.194,26.843,23.145,19.272,18.806,21.593,25.052,32.674,38.943,42.801,42.348,40.865,38.216,35.172
28.899,26.154,25.824,25.675,25.487,24.927,23.968,24.229,27.775,29.524,28.356,27.024,23.357,19.522,19.041,21.826,25.236,32.776,39.004,42.826,42.376,40.952,38.293,35.288
29.055,26.322,25.973,25.816,25.643,25.081,24.147,24.403,27.932,29.710,28.549,27.229,23.610,19.764,19.293,22.055,25.472,32.966,39.158,42.923,42.506,41.067,38.420,35.452
29.222,26.507,26.163,25.980,25.838,25.270,24.371,24.631,28.125,29.892,28.730,27.414,23.823,20.003,19.548,22.272,25.683,33.153,39.260,43.045,42.601,41.162,38.553,35.598
29.375,26.679,26.351,26.148,26.028,25.457,24.577,24.840,28.305,30.051,28.885,27.571,23.998,20.218,19.771,22.466,25.856,33.299,39.322,43.100,42.659,41.243,38.664,35.716
29.480,26.800,26.483,26.275,26.162,25.593,24.708,24.971,28.428,30.169,28.995,27.687,24.129,20.377,19.927,22.610,25.979,33.396,39.365,43.111,42.697,41.315,38.743,35.808
29.605,26.944,26.649,26.403,26.331,25.753,24.901,25.172,28.594,30.314,29.127,27.817,24.275,20.568,20.131,22.775,26.131,33.542,39.395,43.159,42.737,41.379,38.849,35.914
29.752,27.102,26.785,26.581,26.468,25.905,25.030,25.289,28.709,30.436,29.276,27.984,24.468,20.754,20.309,22.963,26.296,33.626,39.534,43.237,42.825,41.456,38.911,36.012
29.879,27.237,26.915,26.728,26.599,26.043,25.155,25.409,28.827,30.556,29.404,28.120,24.619,20.910,20.460,23.117,26.433,33.724,39.637,43.304,42.909,41.548,38.997,36.116
30.008,27.371,27.040,26.862,26.725,26.172,25.292,25.543,28.946,30.670,29.534,28.256,24.769,21.059,20.613,23.263,26.574,33.832,39.757,43.421,43.007,41.625,39.083,36.215
30.138,27.510,27.191,27.019,26.873,26.326,25.435,25.687,29.080,30.780,29.646,28.370,24.876,21.195,20.744,23.393,26.680,33.919,39.830,43.465,43.073,41.710,39.174,36.303
30.226,27.611,27.316,27.126,26.998,26.449,25.558,25.815,29.199,30.881,29.730,28.451,24.956,21.313,20.862,23.496,26.764,34.006,39.844,43.466,43.101,41.782,39.260,36.382
30.349,27.732,27.426,27.274,27.104,26.568,25.653,25.904,29.289,30.958,29.833,28.560,25.059,21.410,20.950,23.604,26.856,34.059,39.974,43.560,43.202,41.862,39.326,36.455
30.412,27.801,27.513,27.331,27.194,26.649,25.749,26.006,29.384,31.048,29.902,28.624,25.123,21.497,21.042,23.678,26.930,34.157,39.997,43.593,43.248,41.937,39.417,36.537
30.528,27.932,27.651,27.488,27.331,26.796,25.869,26.122,29.502,31.159,30.013,28.745,25.254,21.653,21.186,23.826,27.046,34.226,40.054,43.599,43.287,42.012,39.484,36.621
30.626,28.036,27.755,27.556,27.440,26.893,26.010,26.268,29.622,31.282,30.131,28.860,25.391,21.795,21.347,23.953,27.189,34.378,40.136,43.725,43.376,42.085,39.591,36.731
30.722,28.137,27.844,27.683,27.529,26.994,26.073,26.320,29.695,31.374,30.231,28.973,25.516,21.912,21.447,24.077,27.292,34.432,40.237,43.757,43.449,42.178,39.650,36.818
30.823,28.237,27.931,27.753,27.620,27.078,26.188,26.436,29.799,31.494,30.354,29.097,25.658,22.036,21.584,24.198,27.435,34.580,40.368,43.930,43.580,42.279,39.766,36.942
30.916,28.336,28.043,27.836,27.734,27.184,26.317,26.571,29.918,31.605,30.453,29.192,25.760,22.156,21.714,24.305,27.544,34.703,40.424,44.010,43.649,42.358,39.869,37.040
31.020,28.452,28.163,27.949,27.857,27.307,26.441,26.693,30.037,31.733,30.572,29.317,25.905,22.316,21.873,24.452,27.682,34.819,40.491,44.057,43.712,42.447,39.962,37.149
31.137,28.582,28.284,28.071,27.983,27.434,26.572,26.819,30.157,31.872,30.711,29.466,26.087,22.500,22.059,24.626,27.848,34.945,40.586,44.130,43.789,42.535,40.050,37.267
31.233,28.692,28.418,28.185,28.118,27.566,26.709,26.962,30.284,31.977,30.802,29.555,26.176,22.632,22.192,24.740,27.942,35.037,40.600,44.133,43.814,42.598,40.134,37.345
31.315,28.790,28.535,28.278,28.237,27.681,26.836,27.092,30.400,32.084,30.892,29.645,26.280,22.771,22.334,24.860,28.047,35.135,40.608,44.133,43.831,42.654,40.209,37.425
31.430,28.905,28.632,28.400,28.335,27.785,26.930,27.180,30.490,32.186,31.011,29.773,26.420,22.894,22.454,24.989,28.173,35.225,40.747,44.250,43.943,42.746,40.290,37.524
31.528,29.011,28.748,28.520,28.450,27.904,27.041,27.292,30.593,32.268,31.095,29.858,26.502,22.999,22.557,25.089,28.254,35.289,40.796,44.277,43.987,42.805,40.356,37.588
31.617,29.102,28.821,28.611,28.526,27.985,27.111,27.354,30.667,32.370,31.203,29.977,26.643,23.121,22.673,25.213,28.378,35.380,40.911,44.365,44.082,42.899,40.431,37.690
31.709,29.197,28.912,28.713,28.616,28.079,27.196,27.435,30.752,32.460,31.296,30.075,26.745,23.221,22.770,25.315,28.474,35.459,41.004,44.440,44.165,42.984,40.509,37.777
31.800,29.288,29.007,28.809,28.711,28.174,27.287,27.527,30.844,32.547,31.381,30.159,26.826,23.308,22.854,25.401,28.555,35.540,41.084,44.513,44.246,43.072,40.596,37.861
31.873,29.361,29.084,28.878,28.789,28.250,27.362,27.603,30.927,32.639,31.462,30.238,26.905,23.388,22.934,25.480,28.637,35.636,41.160,44.590,44.333,43.174,40.694,37.958
31.954,29.446,29.171,28.958,28.877,28.336,27.453,27.694,31.016,32.731,31.550,30.327,27.002,23.489,23.036,25.576,28.733,35.728,41.229,44.658,44.403,43.252,40.776,38.045
32.041,29.537,29.258,29.044,28.969,28.427,27.531,27.767,31.111,32.862,31.662,30.445,27.137,23.617,23.157,25.701,28.859,35.850,41.326,44.728,44.504,43.387,40.892,38.180
32.127,29.624,29.339,29.144,29.049,28.513,27.598,27.829,31.184,32.943,31.748,30.537,27.232,23.706,23.237,25.795,28.945,35.915,41.422,44.793,44.587,43.475,40.963,38.262
32.202,29.694,29.402,29.214,29.111,28.576,27.665,27.895,31.247,33.004,31.819,30.608,27.299,23.762,23.296,25.857,29.012,35.981,41.518,44.900,44.677,43.542,41.031,38.327
32.358,29.866,29.561,29.401,29.273,28.749,27.820,28.041,31.389,33.153,31.983,30.788,27.509,23.979,23.506,26.068,29.197,36.093,41.639,44.962,44.759,43.635,41.114,38.447
32.482,29.992,29.708,29.559,29.414,28.897,27.947,28.171,31.515,33.240,32.072,30.872,27.565,24.067,23.585,26.156,29.259,36.156,41.710,45.006,44.834,43.730,41.211,38.523
32.696,30.213,29.891,29.821,29.594,29.104,28.115,28.322,31.659,33.378,32.268,31.092,27.806,24.286,23.792,26.391,29.461,36.242,41.936,45.152,44.978,43.827,41.284,38.636
32.804,30.327,30.010,29.937,29.712,29.223,28.241,28.450,31.772,33.476,32.370,31.195,27.912,24.407,23.916,26.505,29.566,36.334,42.010,45.225,45.047,43.895,41.366,38.718
32.890,30.410,30.088,30.021,29.791,29.303,28.315,28.522,31.852,33.564,32.459,31.285,28.002,24.489,23.996,26.591,29.655,36.422,42.113,45.324,45.148,43.994,41.456,38.812
32.993,30.534,30.227,30.125,29.936,29.439,28.470,28.679,31.998,33.724,32.592,31.422,28.171,24.689,24.201,26.765,29.820,36.576,42.145,45.346,45.191,44.088,41.568,38.943
33.079,30.629,30.342,30.223,30.051,29.551,28.586,28.800,32.110,33.817,32.672,31.498,28.243,24.792,24.305,26.857,29.899,36.663,42.174,45.372,45.233,44.159,41.654,39.020
33.182,30.742,30.464,30.333,30.175,29.673,28.715,28.931,32.230,33.935,32.782,31.611,28.368,24.937,24.452,26.989,30.021,36.773,42.233,45.423,45.292,44.238,41.745,39.118
33.308,30.866,30.591,30.499,30.295,29.808,28.811,29.023,32.330,34.007,32.871,31.702,28.434,25.013,24.513,27.077,30.082,36.809,42.342,45.482,45.384,44.333,41.822,39.186
33.450,31.007,30.732,30.678,30.431,29.958,28.924,29.131,32.447,34.104,32.984,31.819,28.533,25.118,24.602,27.192,30.172,36.873,42.473,45.564,45.496,44.450,41.919,39.280
33.599,31.170,30.908,30.788,30.615,30.122,29.148,29.364,32.650,34.319,33.172,32.003,28.751,25.356,24.865,27.402,30.401,37.125,42.575,45.727,45.624,44.592,42.107,39.474
33.752,31.337,31.087,30.972,30.794,30.305,29.324,29.540,32.812,34.459,33.314,32.149,28.900,25.538,25.044,27.573,30.545,37.238,42.658,45.777,45.696,44.687,42.212,39.584
33.867,31.455,31.211,31.126,30.913,30.436,29.422,29.635,32.912,34.536,33.401,32.238,28.973,25.627,25.119,27.667,30.611,37.280,42.743,45.813,45.768,44.773,42.285,39.652
34.029,31.613,31.362,31.275,31.062,30.585,29.587,29.802,33.064,34.677,33.558,32.393,29.128,25.773,25.274,27.816,30.769,37.436,42.918,46.016,45.935,44.906,42.430,39.794
34.160,31.744,31.490,31.408,31.190,30.714,29.716,29.931,33.190,34.800,33.686,32.522,29.256,25.901,25.401,27.944,30.896,37.557,43.050,46.149,46.062,45.024,42.550,39.914
34.296,31.877,31.611,31.546,31.311,30.840,29.834,30.044,33.309,34.928,33.824,32.665,29.405,26.034,25.532,28.084,31.037,37.681,43.211,46.298,46.209,45.158,42.673,40.047
34.388,31.970,31.710,31.640,31.411,30.938,29.924,30.134,33.410,35.039,33.922,32.762,29.500,26.132,25.625,28.181,31.133,37.789,43.302,46.379,46.311,45.282,42.789,40.163
34.576,32.156,31.888,31.868,31.583,31.127,30.071,30.274,33.560,35.171,34.079,32.926,29.646,26.276,25.753,28.341,31.267,37.882,43.492,46.512,46.471,45.435,42.917,40.292
34.727,32.293,32.024,32.003,31.715,31.257,30.209,30.416,33.700,35.296,34.212,33.050,29.746,26.363,25.845,28.439,31.380,38.030,43.680,46.738,46.669,45.601,43.087,40.438
34.867,32.437,32.212,32.152,31.899,31.432,30.393,30.613,33.887,35.440,34.328,33.148,29.811,26.480,25.963,28.542,31.471,38.178,43.739,46.817,46.774,45.752,43.264,40.573
35.097,32.677,32.475,32.375,32.162,31.686,30.688,30.920,34.152,35.667,34.550,33.362,30.026,26.735,26.236,28.776,31.702,38.422,43.891,47.015,46.941,45.918,43.480,40.772
35.240,32.829,32.640,32.500,32.335,31.846,30.862,31.097,34.338,35.883,34.728,33.539,30.225,26.946,26.451,28.969,31.904,38.648,44.008,47.139,47.087,46.115,43.682,40.984
35.450,33.027,32.813,32.681,32.508,32.018,31.050,31.282,34.522,36.084,34.948,33.760,30.452,27.133,26.646,29.168,32.129,38.875,44.293,47.460,47.359,46.333,43.897,41.205
35.687,33.246,32.992,32.857,32.691,32.194,31.266,31.496,34.728,36.322,35.211,34.023,30.733,27.351,26.883,29.400,32.410,39.167,44.649,47.895,47.702,46.585,44.156,41.473
35.917,33.451,33.187,33.075,32.877,32.384,31.452,31.685,34.918,36.480,35.399,34.199,30.861,27.449,26.983,29.526,32.554,39.349,44.955,48.245,48.010,46.824,44.390,41.669
36.156,33.692,33.409,33.247,33.111,32.598,31.735,31.971,35.181,36.785,35.696,34.497,31.208,27.768,27.331,29.829,32.902,39.713,45.234,48.610,48.297,47.073,44.673,41.975
36.520,34.044,33.684,33.603,33.387,32.895,32.017,32.231,35.447,37.095,36.077,34.903,31.654,28.124,27.686,30.217,33.306,40.016,45.740,49.091,48.715,47.378,44.940,42.300
36.892,34.389,33.952,33.938,33.653,33.175,32.311,32.511,35.714,37.377,36.444,35.282,32.045,28.416,27.991,30.549,33.676,40.329,46.286,49.684,49.187,47.683,45.231,42.614
37.123,34.592,34.152,34.094,33.851,33.354,32.546,32.760,35.949,37.605,36.672,35.487,32.221,28.557,28.157,30.701,33.887,40.640,46.607,50.140,49.551,47.974,45.552,42.889
37.404,34.864,34.436,34.368,34.130,33.629,32.842,33.066,36.229,37.833,36.916,35.717,32.417,28.765,28.377,30.913,34.103,40.891,46.876,50.461,49.831,48.214,45.823,43.120
37.725,35.174,34.793,34.699,34.475,33.970,33.181,33.422,36.577,38.112,37.179,35.954,32.585,28.978,28.589,31.127,34.309,41.180,47.142,50.763,50.149,48.553,46.184,43.410
38.030,35.460,35.069,34.945,34.752,34.233,33.493,33.742,36.881,38.417,37.490,36.251,32.872,29.233,28.866,31.389,34.618,41.548,47.519,51.242,50.548,48.887,46.543,43.745
38.448,35.840,35.386,35.364,35.060,34.566,33.769,33.999,37.183,38.741,37.879,36.650,33.241,29.502,29.115,31.718,34.967,41.867,48.138,51.834,51.110,49.342,46.926,44.135
39.098,36.472,35.982,36.045,35.641,35.175,34.368,34.594,37.729,39.199,38.442,37.215,33.764,29.999,29.617,32.251,35.481,42.312,48.827,52.537,51.722,49.801,47.400,44.587
39.831,37.177,36.652,36.738,36.306,35.842,35.057,35.283,38.407,39.865,39.155,37.922,34.450,30.625,30.257,32.906,36.174,43.023,49.680,53.466,52.557,50.520,48.122,45.291
40.931,38.188,37.566,37.363,37.249,36.661,36.308,36.587,39.561,41.108,40.419,39.114,35.708,31.656,31.481,33.932,37.551,44.744,51.240,55.781,54.247,51.763,49.594,46.686
42.577,39.721,38.863,38.758,38.547,37.959,37.754,38.011,40.935,42.568,42.102,40.803,37.434,33.024,32.933,35.419,39.259,46.440,53.547,58.441,56.412,53.353,51.189,48.313
45.127,42.111,40.799,40.746,40.519,39.887,40.103,40.325,43.088,44.976,44.873,43.603,40.458,35.396,35.521,37.935,42.236,49.357,57.245,62.901,59.854,55.747,53.686,50.958
