8.601,-0.631,-2.903,0.277,-1.690,-2.764,-7.005,2.529,9.693,15.889,15.331,17.876,17.711,12.850,14.573,18.142,21.778,23.577,25.008,23.460,19.598,17.944,19.887,15.121
12.979,5.793,4.033,6.031,3.449,3.485,-0.422,7.863,14.759,21.350,21.427,23.504,23.389,19.545,20.968,24.257,27.765,30.091,30.256,29.224,25.871,24.041,25.393,20.593
15.641,9.737,8.267,9.066,7.149,7.493,3.576,10.602,17.178,23.830,24.095,25.887,25.795,22.331,23.789,26.751,30.474,33.390,32.535,31.568,29.104,26.980,28.126,23.258
17.181,11.777,10.383,10.910,9.180,9.617,5.820,12.525,18.860,25.211,25.427,27.159,27.060,23.726,25.167,28.016,31.637,34.570,33.597,32.666,30.345,28.304,29.379,24.684
17.840,13.154,11.823,11.884,10.391,11.053,7.321,13.834,20.023,26.027,26.117,27.848,27.719,24.454,25.935,28.728,32.290,35.365,34.180,33.281,31.031,29.109,30.101,25.547
18.633,14.325,13.062,13.004,11.401,12.236,8.629,15.005,21.070,26.934,27.051,28.732,28.601,25.496,26.916,29.661,33.100,36.152,34.899,34.089,31.827,29.989,30.886,26.447
19.454,15.304,14.060,14.029,12.402,13.264,9.773,16.097,22.019,27.659,27.734,29.401,29.265,26.229,27.608,30.314,33.618,36.560,35.397,34.622,32.314,30.588,31.455,27.167
20.121,16.217,15.028,14.887,13.202,14.178,10.752,16.941,22.794,28.399,28.518,30.138,30.004,27.082,28.424,31.091,34.344,37.305,36.047,35.331,33.058,31.351,32.153,27.908
20.768,16.991,15.811,15.603,14.087,15.018,11.640,17.705,23.425,28.828,28.878,30.490,30.349,27.434,28.786,31.397,34.602,37.530,36.295,35.559,33.354,31.699,32.506,28.366
21.235,17.700,16.559,16.224,14.729,15.744,12.416,18.364,24.008,29.322,29.372,30.956,30.812,27.970,29.307,31.881,35.044,37.996,36.685,35.982,33.817,32.193,32.954,28.870
21.515,18.096,16.972,16.602,15.081,16.147,12.857,18.779,24.386,29.639,29.686,31.261,31.115,28.313,29.635,32.198,35.320,38.262,36.941,36.262,34.082,32.493,33.228,29.186
22.004,18.690,17.575,17.158,15.739,16.786,13.537,19.372,24.883,29.990,29.992,31.559,31.408,28.620,29.944,32.468,35.548,38.462,37.158,36.472,34.331,32.785,33.518,29.555
22.354,19.105,18.006,17.547,16.186,17.224,13.997,19.741,25.193,30.250,30.248,31.797,31.647,28.884,30.205,32.696,35.763,38.675,37.349,36.665,34.577,33.034,33.759,29.827
22.719,19.401,18.307,17.839,16.553,17.528,14.276,19.929,25.369,30.484,30.507,32.034,31.892,29.125,30.454,32.919,36.029,38.963,37.602,36.896,34.900,33.300,34.041,30.078
23.192,19.702,18.594,18.246,17.009,17.861,14.622,20.239,25.626,30.716,30.735,32.253,32.118,29.333,30.654,33.092,36.188,39.044,37.777,37.044,35.082,33.474,34.251,30.315
23.296,19.885,18.779,18.409,17.140,18.041,14.819,20.474,25.861,30.906,30.908,32.437,32.296,29.519,30.837,33.287,36.357,39.211,37.948,37.229,35.222,33.650,34.412,30.499
23.551,20.156,19.048,18.699,17.431,18.327,15.130,20.792,26.148,31.128,31.109,32.642,32.499,29.724,31.037,33.482,36.519,39.318,38.115,37.399,35.370,33.831,34.592,30.719
23.765,20.382,19.276,18.935,17.677,18.564,15.383,21.027,26.330,31.299,31.273,32.802,32.659,29.893,31.201,33.619,36.653,39.330,38.247,37.507,35.456,33.967,34.741,30.892
24.140,20.434,19.295,19.236,18.031,18.653,15.464,21.052,26.354,31.350,31.362,32.867,32.744,29.934,31.225,33.635,36.654,39.338,38.279,37.532,35.507,33.981,34.806,30.949
24.257,20.704,19.561,19.401,18.087,18.932,15.839,21.637,26.885,31.587,31.463,33.038,32.882,30.086,31.374,33.824,36.705,39.454,38.361,37.647,35.562,34.079,34.858,31.157
24.274,20.926,19.819,19.528,18.219,19.126,16.004,21.680,26.956,31.786,31.732,33.267,33.119,30.376,31.662,34.093,37.034,39.762,38.633,37.938,35.845,34.391,35.139,31.367
24.353,21.264,20.205,19.767,18.399,19.442,16.346,21.929,27.194,32.051,32.044,33.545,33.398,30.744,32.009,34.425,37.357,40.156,38.889,38.246,36.183,34.724,35.410,31.633
24.560,21.441,20.375,19.950,18.634,19.637,16.541,22.110,27.352,32.173,32.146,33.650,33.502,30.831,32.104,34.510,37.441,40.223,38.982,38.323,36.276,34.821,35.522,31.762
24.708,21.660,20.611,20.138,18.831,19.857,16.772,22.280,27.500,32.320,32.309,33.796,33.649,31.009,32.275,34.665,37.594,40.395,39.110,38.462,36.450,34.987,35.672,31.915
24.858,21.783,20.743,20.298,18.947,19.973,16.897,22.382,27.601,32.462,32.483,33.954,33.813,31.198,32.448,34.831,37.756,40.546,39.258,38.621,36.618,35.140,35.817,32.052
24.936,21.949,20.925,20.453,19.038,20.127,17.073,22.552,27.769,32.632,32.672,34.133,33.992,31.417,32.650,35.035,37.937,40.734,39.417,38.809,36.785,35.321,35.971,32.214
24.988,22.038,21.016,20.509,19.087,20.206,17.142,22.639,27.877,32.753,32.791,34.258,34.114,31.537,32.777,35.171,38.084,40.907,39.564,38.960,36.926,35.461,36.104,32.333
25.066,22.205,21.207,20.610,19.172,20.350,17.271,22.702,27.963,32.919,33.002,34.446,34.306,31.767,33.004,35.391,38.337,41.228,39.779,39.193,37.208,35.700,36.318,32.504
25.156,22.303,21.311,20.674,19.274,20.447,17.349,22.744,28.012,32.998,33.090,34.527,34.389,31.848,33.093,35.474,38.446,41.372,39.881,39.288,37.327,35.809,36.429,32.591
25.254,22.592,21.602,20.865,19.552,20.770,17.702,23.090,28.299,33.109,33.122,34.579,34.427,31.879,33.142,35.514,38.448,41.373,39.884,39.289,37.344,35.865,36.474,32.714
25.394,22.760,21.777,21.052,19.708,20.940,17.897,23.277,28.465,33.251,33.269,34.720,34.568,32.043,33.292,35.659,38.563,41.469,39.993,39.412,37.435,35.992,36.589,32.852
25.505,22.939,21.962,21.196,19.877,21.127,18.093,23.450,28.618,33.365,33.371,34.820,34.666,32.149,33.401,35.759,38.654,41.568,40.076,39.498,37.530,36.100,36.689,32.970
25.532,23.044,22.072,21.263,19.937,21.229,18.201,23.566,28.736,33.460,33.456,34.909,34.751,32.242,33.496,35.859,38.747,41.679,40.164,39.596,37.613,36.199,36.775,33.064
25.683,23.207,22.235,21.408,20.145,21.411,18.386,23.716,28.856,33.534,33.510,34.963,34.803,32.286,33.548,35.896,38.782,41.709,40.201,39.619,37.664,36.255,36.840,33.149
25.728,23.321,22.354,21.496,20.222,21.523,18.509,23.840,28.974,33.629,33.599,35.052,34.890,32.386,33.646,35.995,38.868,41.804,40.280,39.710,37.742,36.349,36.921,33.242
25.942,23.433,22.453,21.655,20.424,21.653,18.636,23.964,29.080,33.717,33.674,35.131,34.971,32.440,33.705,36.046,38.920,41.820,40.350,39.757,37.803,36.407,37.004,33.336
26.087,23.549,22.573,21.797,20.547,21.766,18.752,24.059,29.171,33.838,33.817,35.262,35.106,32.589,33.844,36.178,39.054,41.947,40.475,39.886,37.946,36.535,37.131,33.455
26.143,23.634,22.663,21.860,20.625,21.852,18.837,24.123,29.231,33.896,33.876,35.317,35.161,32.649,33.906,36.236,39.116,42.022,40.529,39.942,38.017,36.602,37.194,33.517
26.217,23.788,22.838,21.968,20.715,21.992,18.974,24.212,29.328,34.038,34.048,35.472,35.319,32.840,34.092,36.415,39.310,42.260,40.694,40.124,38.229,36.791,37.361,33.661
26.324,23.901,22.960,22.085,20.812,22.099,19.083,24.294,29.410,34.152,34.185,35.597,35.446,32.988,34.232,36.549,39.447,42.405,40.816,40.255,38.376,36.923,37.484,33.774
26.383,24.033,23.105,22.175,20.894,22.222,19.205,24.389,29.510,34.269,34.316,35.718,35.568,33.131,34.373,36.687,39.593,42.582,40.943,40.394,38.530,37.069,37.613,33.893
26.459,24.126,23.197,22.273,20.985,22.319,19.314,24.510,29.622,34.351,34.387,35.794,35.642,33.207,34.446,36.761,39.650,42.626,41.004,40.458,38.576,37.134,37.675,33.972
26.577,24.249,23.324,22.385,21.119,22.446,19.437,24.604,29.708,34.443,34.484,35.884,35.733,33.301,34.543,36.850,39.747,42.733,41.094,40.545,38.687,37.234,37.777,34.070
26.641,24.319,23.393,22.461,21.177,22.514,19.511,24.700,29.808,34.532,34.567,35.973,35.820,33.388,34.627,36.941,39.829,42.807,41.180,40.635,38.756,37.315,37.855,34.154
26.793,24.446,23.519,22.603,21.341,22.650,19.651,24.813,29.900,34.616,34.654,36.052,35.902,33.471,34.709,37.010,39.896,42.860,41.244,40.693,38.836,37.390,37.935,34.243
26.847,24.561,23.650,22.668,21.410,22.753,19.743,24.857,29.956,34.717,34.779,36.163,36.015,33.606,34.844,37.139,40.048,43.059,41.373,40.831,39.011,37.537,38.068,34.349
26.999,24.724,23.818,22.798,21.596,22.924,19.902,24.967,30.055,34.822,34.884,36.261,36.114,33.701,34.949,37.230,40.161,43.195,41.478,40.925,39.152,37.658,38.193,34.465
27.120,24.876,23.982,22.927,21.737,23.074,20.049,25.062,30.143,34.935,35.017,36.378,36.234,33.841,35.086,37.354,40.298,43.355,41.595,41.046,39.312,37.797,38.324,34.584
27.221,25.010,24.126,23.036,21.860,23.207,20.180,25.153,30.229,35.036,35.129,36.480,36.338,33.958,35.204,37.462,40.415,43.493,41.697,41.152,39.446,37.917,38.437,34.689
27.281,25.109,24.224,23.113,21.958,23.313,20.291,25.266,30.332,35.100,35.175,36.531,36.386,34.002,35.252,37.510,40.455,43.534,41.740,41.194,39.483,37.970,38.488,34.756
27.360,25.206,24.316,23.179,22.057,23.414,20.381,25.372,30.444,35.191,35.244,36.613,36.463,34.060,35.324,37.587,40.540,43.633,41.835,41.280,39.565,38.059,38.583,34.851
27.410,25.310,24.429,23.234,22.140,23.516,20.474,25.430,30.503,35.260,35.318,36.680,36.530,34.134,35.404,37.662,40.631,43.759,41.914,41.358,39.674,38.154,38.671,34.927
27.491,25.444,24.573,23.326,22.247,23.645,20.596,25.517,30.592,35.367,35.435,36.788,36.639,34.255,35.529,37.780,40.765,43.926,42.032,41.481,39.824,38.289,38.796,35.040
27.617,25.547,24.675,23.445,22.375,23.755,20.710,25.621,30.686,35.453,35.520,36.871,36.723,34.338,35.610,37.856,40.836,43.985,42.105,41.550,39.900,38.365,38.877,35.127
27.723,25.643,24.768,23.536,22.498,23.859,20.811,25.712,30.766,35.518,35.575,36.928,36.779,34.384,35.662,37.903,40.887,44.034,42.160,41.596,39.958,38.423,38.942,35.197
27.860,25.734,24.851,23.668,22.618,23.956,20.917,25.840,30.885,35.619,35.669,37.027,36.878,34.476,35.749,37.991,40.960,44.074,42.244,41.677,40.020,38.497,39.024,35.294
28.005,25.848,24.961,23.793,22.766,24.077,21.036,25.950,30.986,35.714,35.759,37.117,36.969,34.559,35.834,38.071,41.042,44.147,42.330,41.754,40.109,38.583,39.119,35.392
28.075,25.931,25.040,23.891,22.848,24.166,21.142,26.082,31.107,35.791,35.820,37.185,37.034,34.624,35.895,38.136,41.081,44.162,42.377,41.806,40.129,38.631,39.165,35.465
28.161,25.979,25.085,23.928,22.899,24.205,21.155,26.098,31.150,35.884,35.922,37.288,37.140,34.714,35.994,38.241,41.218,44.323,42.517,41.936,40.277,38.751,39.294,35.560
28.237,26.050,25.158,24.001,22.956,24.269,21.215,26.158,31.220,35.979,36.029,37.392,37.245,34.824,36.102,38.351,41.334,44.446,42.629,42.052,40.395,38.859,39.399,35.653
28.412,26.138,25.234,24.145,23.106,24.368,21.319,26.280,31.330,36.073,36.115,37.482,37.336,34.899,36.174,38.421,41.394,44.464,42.705,42.116,40.449,38.920,39.478,35.745
28.451,26.212,25.304,24.190,23.166,24.443,21.391,26.371,31.427,36.144,36.167,37.545,37.395,34.946,36.231,38.485,41.457,44.538,42.776,42.184,40.504,38.988,39.545,35.818
28.543,26.336,25.434,24.280,23.284,24.567,21.507,26.454,31.507,36.235,36.261,37.633,37.484,35.025,36.329,38.576,41.563,44.666,42.872,42.278,40.627,39.098,39.652,35.915
28.664,26.413,25.494,24.355,23.423,24.661,21.590,26.560,31.606,36.286,36.274,37.664,37.511,35.039,36.333,38.581,41.573,44.669,42.908,42.289,40.637,39.119,39.696,35.973
28.842,26.539,25.616,24.492,23.599,24.796,21.714,26.662,31.700,36.389,36.378,37.764,37.614,35.115,36.428,38.668,41.674,44.764,43.012,42.379,40.756,39.221,39.812,36.083
28.967,26.656,25.735,24.614,23.732,24.916,21.838,26.762,31.788,36.479,36.472,37.853,37.703,35.210,36.521,38.752,41.758,44.844,43.092,42.457,40.851,39.310,39.903,36.175
29.018,26.748,25.827,24.679,23.808,25.010,21.931,26.867,31.894,36.560,36.539,37.926,37.774,35.275,36.592,38.827,41.831,44.927,43.168,42.533,40.917,39.389,39.978,36.258
29.056,26.877,25.963,24.768,23.882,25.135,22.064,27.009,32.038,36.679,36.649,38.040,37.883,35.397,36.714,38.955,41.947,45.060,43.277,42.656,41.020,39.512,40.084,36.374
29.208,26.916,25.986,24.885,23.973,25.177,22.112,27.102,32.133,36.774,36.741,38.140,37.985,35.481,36.791,39.039,42.018,45.081,43.369,42.740,41.074,39.573,40.163,36.461
29.285,27.011,26.076,24.976,24.066,25.277,22.218,27.232,32.258,36.862,36.809,38.218,38.060,35.547,36.861,39.114,42.079,45.133,43.440,42.810,41.121,39.642,40.233,36.548
29.431,27.105,26.160,25.113,24.197,25.380,22.330,27.373,32.389,36.967,36.901,38.317,38.159,35.634,36.945,39.200,42.149,45.166,43.525,42.889,41.177,39.714,40.316,36.649
29.578,27.268,26.331,25.253,24.350,25.538,22.479,27.483,32.501,37.111,37.063,38.468,38.312,35.798,37.109,39.357,42.324,45.367,43.685,43.050,41.373,39.886,40.484,36.799
29.699,27.374,26.422,25.351,24.502,25.661,22.599,27.631,32.639,37.187,37.096,38.520,38.359,35.810,37.137,39.388,42.350,45.378,43.735,43.081,41.390,39.927,40.542,36.879
29.780,27.577,26.644,25.450,24.650,25.857,22.777,27.743,32.756,37.326,37.245,38.657,38.495,35.963,37.303,39.543,42.538,45.640,43.896,43.246,41.611,40.121,40.719,37.032
29.801,27.710,26.783,25.508,24.721,25.985,22.900,27.876,32.901,37.445,37.346,38.767,38.599,36.068,37.418,39.668,42.666,45.808,44.020,43.377,41.731,40.256,40.839,37.153
29.893,27.860,26.940,25.600,24.857,26.136,23.038,27.975,33.000,37.549,37.449,38.865,38.696,36.167,37.528,39.770,42.789,45.971,44.132,43.486,41.875,40.386,40.964,37.266
30.054,27.986,27.073,25.746,24.978,26.252,23.149,28.063,33.098,37.705,37.636,39.039,38.876,36.361,37.714,39.952,42.985,46.172,44.315,43.674,42.084,40.567,41.143,37.420
30.196,28.181,27.281,25.898,25.146,26.443,23.332,28.202,33.239,37.870,37.816,39.208,39.045,36.546,37.901,40.131,43.181,46.405,44.493,43.857,42.301,40.765,41.330,37.591
30.253,28.274,27.363,25.935,25.246,26.544,23.416,28.315,33.359,37.942,37.846,39.259,39.090,36.555,37.935,40.174,43.235,46.481,44.566,43.913,42.349,40.829,41.404,37.672
30.359,28.449,27.554,26.073,25.381,26.713,23.588,28.438,33.478,38.080,38.003,39.402,39.234,36.726,38.102,40.331,43.399,46.674,44.706,44.065,42.530,40.996,41.554,37.813
30.435,28.600,27.692,26.182,25.526,26.879,23.763,28.669,33.697,38.194,38.057,39.483,39.305,36.770,38.161,40.403,43.445,46.712,44.776,44.128,42.545,41.066,41.626,37.928
30.644,28.759,27.836,26.360,25.736,27.051,23.932,28.870,33.892,38.350,38.184,39.626,39.445,36.879,38.280,40.526,43.563,46.806,44.917,44.253,42.654,41.190,41.769,38.086
30.750,28.908,27.989,26.469,25.869,27.200,24.073,28.999,34.024,38.479,38.307,39.750,39.567,37.000,38.408,40.653,43.701,46.969,45.051,44.385,42.799,41.332,41.908,38.219
30.843,29.175,28.273,26.642,26.050,27.463,24.345,29.247,34.266,38.683,38.501,39.942,39.754,37.211,38.624,40.868,43.909,47.225,45.238,44.591,43.006,41.557,42.105,38.427
30.954,29.390,28.504,26.824,26.181,27.664,24.561,29.460,34.485,38.904,38.735,40.171,39.981,37.472,38.875,41.123,44.151,47.488,45.460,44.838,43.235,41.798,42.318,38.642
31.106,29.679,28.825,27.011,26.364,27.928,24.806,29.621,34.671,39.175,39.053,40.462,40.275,37.812,39.215,41.455,44.524,47.955,45.786,45.186,43.646,42.161,42.647,38.921
31.204,29.944,29.115,27.186,26.514,28.174,25.054,29.833,34.896,39.420,39.317,40.714,40.525,38.104,39.504,41.744,44.821,48.315,46.048,45.476,43.947,42.458,42.908,39.167
31.230,30.104,29.273,27.281,26.607,28.336,25.228,30.063,35.128,39.566,39.417,40.838,40.638,38.210,39.620,41.878,44.929,48.437,46.166,45.604,44.018,42.583,43.018,39.309
31.466,30.339,29.503,27.501,26.862,28.578,25.463,30.301,35.363,39.781,39.616,41.043,40.842,38.397,39.817,42.075,45.131,48.643,46.376,45.804,44.223,42.791,43.233,39.529
31.736,30.522,29.685,27.736,27.062,28.752,25.631,30.471,35.548,40.026,39.890,41.309,41.113,38.672,40.082,42.341,45.407,48.905,46.652,46.079,44.504,43.047,43.496,39.769
31.979,30.759,29.906,28.015,27.247,28.975,25.870,30.830,35.936,40.385,40.230,41.675,41.474,39.023,40.425,42.718,45.746,49.208,47.017,46.460,44.780,43.372,43.815,40.107
32.120,31.094,30.244,28.237,27.526,29.325,26.232,31.215,36.302,40.624,40.403,41.872,41.656,39.195,40.618,42.918,45.924,49.417,47.201,46.647,44.935,43.587,44.015,40.353
32.361,31.337,30.465,28.515,27.779,29.581,26.516,31.601,36.677,40.890,40.613,42.115,41.890,39.402,40.825,43.147,46.099,49.534,47.413,46.858,45.052,43.777,44.212,40.607
32.939,31.645,30.733,28.968,28.254,29.911,26.838,31.995,37.064,41.265,40.964,42.486,42.265,39.711,41.137,43.465,46.411,49.750,47.779,47.183,45.351,44.078,44.569,40.977
33.384,32.086,31.206,29.464,28.621,30.310,27.235,32.315,37.418,41.807,41.623,43.094,42.890,40.412,41.800,44.117,47.089,50.454,48.403,47.845,46.061,44.710,45.172,41.508
33.426,32.690,31.843,29.582,28.892,30.888,27.752,32.844,38.022,42.291,42.002,43.523,43.284,40.794,42.266,44.623,47.661,51.303,48.947,48.409,46.623,45.321,45.710,42.021
34.041,33.336,32.484,30.236,29.334,31.453,28.279,33.544,38.875,43.317,43.082,44.624,44.385,41.898,43.360,45.794,48.862,52.560,50.157,49.658,47.753,46.432,46.794,43.010
34.344,34.243,33.382,30.832,29.674,32.261,29.079,34.786,40.329,44.636,44.275,45.945,45.657,43.147,44.648,47.255,50.268,54.128,51.611,51.204,48.920,47.794,48.053,44.273
35.850,35.197,34.240,32.292,30.672,33.170,30.056,36.271,41.924,46.255,45.889,47.641,47.354,44.775,46.199,48.934,51.794,55.338,53.278,52.898,50.202,49.209,49.518,45.787
