1.593,-2.511,-8.134,-13.823,-15.657,-5.506,17.022,36.298,39.447,29.842,21.181,16.744,12.546,12.116,13.415,19.735,25.630,37.230,47.253,54.905,42.684,24.542,14.802,-0.419
16.967,14.146,10.264,6.247,5.017,11.926,27.898,41.460,43.754,36.789,30.862,27.701,24.776,24.596,25.578,29.661,33.700,42.230,49.288,55.004,46.002,33.084,26.253,15.644
21.014,18.519,15.105,11.560,10.481,16.538,30.701,42.946,44.861,38.721,33.517,30.695,27.974,27.776,28.682,32.304,35.810,43.613,49.895,55.165,47.138,35.290,29.294,19.679
23.580,21.321,18.215,14.952,13.977,19.457,32.451,43.509,45.368,39.637,34.900,32.308,29.910,29.807,30.648,33.824,37.041,44.193,49.935,55.174,47.270,36.611,31.109,22.474
24.797,22.647,19.685,16.566,15.650,20.860,33.323,43.922,45.704,40.199,35.712,33.232,30.935,30.850,31.660,34.624,37.672,44.574,50.061,55.184,47.526,37.286,32.016,23.772
25.889,23.800,20.941,17.969,17.074,22.139,34.042,44.365,45.954,40.801,36.461,34.092,31.786,31.618,32.384,35.393,38.311,44.916,50.187,55.188,47.909,37.887,32.857,24.763
26.632,24.603,21.803,18.909,18.051,23.010,34.650,44.675,46.258,41.228,37.031,34.740,32.524,32.370,33.097,35.968,38.804,45.181,50.295,55.199,48.070,38.395,33.449,25.643
27.131,25.137,22.358,19.524,18.706,23.633,35.145,45.037,46.596,41.680,37.610,35.387,33.207,33.040,33.722,36.486,39.243,45.451,50.447,55.240,48.328,38.838,33.909,26.282
27.589,25.627,22.880,20.091,19.297,24.165,35.543,45.306,46.847,42.005,38.022,35.842,33.695,33.529,34.191,36.876,39.577,45.685,50.559,55.251,48.532,39.183,34.299,26.806
28.133,26.215,23.518,20.797,20.029,24.811,35.952,45.494,47.005,42.286,38.411,36.293,34.200,34.032,34.665,37.271,39.904,45.832,50.596,55.261,48.575,39.514,34.715,27.419
28.519,26.650,24.004,21.318,20.577,25.246,36.246,45.553,47.106,42.395,38.615,36.531,34.528,34.411,35.036,37.490,40.076,45.916,50.614,55.269,48.601,39.725,34.981,27.916
28.850,27.011,24.413,21.744,21.011,25.577,36.459,45.618,47.190,42.469,38.729,36.650,34.696,34.617,35.256,37.638,40.202,46.037,50.618,55.275,48.609,39.880,35.206,28.250
29.233,27.430,24.884,22.266,21.549,26.019,36.702,45.712,47.192,42.615,38.952,36.908,34.975,34.895,35.528,37.861,40.367,46.115,50.651,55.289,48.621,40.057,35.477,28.625
29.676,27.931,25.468,22.927,22.238,26.555,36.937,45.718,47.248,42.684,39.149,37.160,35.274,35.200,35.822,38.057,40.473,46.129,50.696,55.323,48.674,40.185,35.744,29.082
29.758,28.024,25.561,23.022,22.348,26.651,37.067,45.825,47.329,42.797,39.300,37.318,35.450,35.395,36.013,38.174,40.571,46.221,50.706,55.352,48.687,40.302,35.840,29.233
29.848,28.125,25.652,23.116,22.466,26.776,37.256,46.010,47.544,42.993,39.552,37.586,35.738,35.696,36.300,38.364,40.734,46.372,50.780,55.362,48.828,40.484,35.973,29.439
29.925,28.206,25.732,23.190,22.548,26.852,37.364,46.102,47.662,43.082,39.656,37.689,35.859,35.835,36.438,38.456,40.824,46.469,50.875,55.428,48.900,40.587,36.058,29.562
30.229,28.526,26.093,23.564,22.913,27.139,37.523,46.162,47.710,43.144,39.715,37.745,35.933,35.924,36.544,38.572,40.936,46.583,50.973,55.441,48.968,40.707,36.260,29.793
30.358,28.665,26.246,23.732,23.084,27.285,37.610,46.203,47.742,43.200,39.790,37.830,36.026,36.017,36.635,38.653,41.003,46.625,50.991,55.570,48.997,40.777,36.356,29.922
30.512,28.822,26.403,23.889,23.255,27.469,37.760,46.338,47.860,43.359,39.969,38.025,36.221,36.198,36.803,38.821,41.158,46.728,51.070,55.600,49.113,40.923,36.505,30.093
30.633,28.939,26.445,23.904,23.261,27.589,37.931,46.453,48.022,43.488,40.126,38.192,36.429,36.431,37.027,38.970,41.303,46.840,51.165,55.652,49.173,41.082,36.633,30.311
30.658,28.952,26.529,24.027,23.397,27.604,38.177,46.671,48.324,43.730,40.450,38.487,36.701,36.701,37.291,39.254,41.578,47.067,51.354,55.707,49.289,41.357,36.818,30.403
30.711,29.026,26.563,24.066,23.462,27.745,38.182,46.725,48.349,43.793,40.459,38.543,36.848,36.830,37.390,39.277,41.584,47.084,51.370,55.714,49.308,41.406,36.819,30.526
30.997,29.356,26.958,24.466,23.870,27.998,38.318,46.774,48.410,43.837,40.526,38.612,36.872,36.941,37.531,39.281,41.637,47.162,51.422,55.740,49.373,41.409,36.949,30.845
31.148,29.516,27.127,24.633,24.039,28.144,38.446,46.819,48.498,43.871,40.526,38.619,36.977,37.070,37.661,39.378,41.680,47.227,51.464,55.790,49.436,41.521,37.066,31.029
31.235,29.607,27.215,24.731,24.147,28.261,38.559,46.877,48.506,43.908,40.669,38.771,37.146,37.235,37.813,39.501,41.789,47.239,51.528,55.826,49.436,41.629,37.161,31.166
31.345,29.729,27.340,24.863,24.293,28.395,38.700,46.920,48.627,44.023,40.823,38.938,37.336,37.439,38.008,39.632,41.901,47.316,51.545,55.878,49.451,41.755,37.273,31.347
31.429,29.823,27.445,24.971,24.406,28.481,38.764,46.937,48.657,44.045,40.860,38.977,37.396,37.513,38.083,39.675,41.937,47.346,51.645,55.884,49.488,41.801,37.331,31.449
31.529,29.927,27.550,25.042,24.504,28.572,38.881,47.016,48.774,44.122,40.942,39.056,37.503,37.645,38.217,39.765,42.035,47.444,51.645,55.890,49.563,41.911,37.426,31.595
31.634,30.035,27.569,25.067,24.506,28.678,38.997,47.110,48.885,44.221,41.044,39.160,37.623,37.774,38.343,39.873,42.144,47.540,51.738,56.016,49.574,42.025,37.530,31.728
31.726,30.076,27.656,25.171,24.612,28.796,39.093,47.150,48.942,44.274,41.112,39.234,37.723,37.886,38.452,39.952,42.220,47.587,51.768,56.037,49.616,42.107,37.616,31.870
31.744,30.153,27.781,25.301,24.747,28.823,39.310,47.338,49.118,44.485,41.352,39.491,37.985,38.141,38.696,40.178,42.427,47.750,51.902,56.102,49.740,42.312,37.829,32.064
31.967,30.384,28.018,25.554,25.008,29.052,39.404,47.426,49.204,44.572,41.434,39.573,38.067,38.223,38.780,40.269,42.521,47.844,51.997,56.144,49.830,42.405,37.911,32.120
32.077,30.494,28.129,25.666,25.118,29.157,39.465,47.474,49.250,44.620,41.484,39.622,38.117,38.276,38.836,40.324,42.573,47.899,52.049,56.172,49.880,42.459,37.929,32.218
32.156,30.576,28.218,25.756,25.208,29.235,39.515,47.514,49.291,44.661,41.522,39.657,38.161,38.327,38.893,40.383,42.634,47.960,52.106,56.190,49.921,42.523,37.995,32.287
32.278,30.702,28.356,25.898,25.346,29.349,39.540,47.556,49.342,44.709,41.588,39.729,38.248,38.423,38.987,40.446,42.688,48.004,52.137,56.217,49.944,42.586,38.083,32.388
32.359,30.791,28.452,25.998,25.452,29.438,39.616,47.597,49.398,44.755,41.643,39.786,38.321,38.492,39.000,40.506,42.746,48.054,52.179,56.267,49.969,42.650,38.150,32.494
32.437,30.875,28.540,26.087,25.544,29.518,39.690,47.648,49.459,44.803,41.687,39.825,38.373,38.507,39.071,40.515,42.814,48.126,52.252,56.310,50.018,42.660,38.216,32.594
32.547,30.988,28.662,26.207,25.662,29.617,39.771,47.704,49.524,44.861,41.752,39.891,38.383,38.570,39.140,40.569,42.818,48.138,52.313,56.371,50.063,42.723,38.302,32.695
32.648,31.096,28.777,26.324,25.780,29.718,39.858,47.758,49.590,44.907,41.795,39.929,38.452,38.659,39.231,40.642,42.883,48.193,52.379,56.407,50.116,42.799,38.386,32.807
32.742,31.193,28.882,26.425,25.880,29.799,39.933,47.810,49.661,44.958,41.815,39.948,38.500,38.720,39.299,40.698,42.943,48.269,52.392,56.456,50.150,42.867,38.463,32.896
32.842,31.304,29.003,26.548,26.010,29.899,40.027,47.872,49.701,45.002,41.868,40.002,38.594,38.833,39.416,40.767,43.003,48.336,52.449,56.544,50.206,42.943,38.544,33.025
32.930,31.397,29.100,26.650,26.118,29.997,40.117,47.879,49.736,45.035,41.961,40.101,38.703,38.946,39.526,40.852,43.079,48.402,52.503,56.592,50.268,43.024,38.626,33.135
32.985,31.453,29.151,26.698,26.170,30.056,40.198,47.964,49.830,45.119,42.052,40.194,38.800,39.048,39.625,40.933,43.159,48.481,52.582,56.595,50.282,43.107,38.694,33.216
33.044,31.516,29.212,26.760,26.240,30.129,40.287,48.031,49.914,45.197,42.148,40.297,38.920,39.175,39.745,41.018,43.237,48.538,52.627,56.654,50.322,43.191,38.761,33.325
33.134,31.613,29.315,26.867,26.348,30.221,40.358,48.058,49.953,45.232,42.191,40.343,38.984,39.250,39.819,41.074,43.292,48.574,52.653,56.669,50.329,43.250,38.828,33.431
33.210,31.690,29.396,26.948,26.429,30.294,40.424,48.116,50.013,45.288,42.247,40.398,39.042,39.311,39.883,41.134,43.352,48.640,52.719,56.694,50.388,43.313,38.896,33.503
33.253,31.737,29.443,26.995,26.481,30.341,40.480,48.163,50.069,45.336,42.307,40.460,39.111,39.386,39.956,41.185,43.398,48.685,52.759,56.750,50.425,43.365,38.942,33.568
33.372,31.857,29.576,27.126,26.606,30.441,40.550,48.222,50.122,45.384,42.341,40.485,39.134,39.414,39.996,41.240,43.458,48.772,52.853,56.765,50.503,43.428,39.033,33.643
33.449,31.935,29.657,27.207,26.684,30.516,40.612,48.267,50.170,45.431,42.384,40.528,39.183,39.466,40.049,41.296,43.518,48.824,52.904,56.804,50.543,43.487,39.098,33.716
33.560,32.043,29.769,27.319,26.789,30.615,40.689,48.347,50.239,45.506,42.444,40.582,39.230,39.508,40.096,41.373,43.601,48.915,53.002,56.891,50.640,43.565,39.194,33.787
33.652,32.140,29.876,27.431,26.898,30.705,40.744,48.376,50.263,45.537,42.475,40.613,39.264,39.544,40.136,41.417,43.644,48.957,53.038,56.907,50.671,43.610,39.260,33.860
33.740,32.230,29.974,27.527,26.993,30.782,40.809,48.420,50.316,45.576,42.511,40.645,39.304,39.595,40.193,41.466,43.695,49.021,53.104,56.954,50.716,43.668,39.329,33.939
33.832,32.329,30.081,27.631,27.099,30.867,40.896,48.487,50.397,45.635,42.578,40.707,39.379,39.684,40.288,41.533,43.760,49.105,53.189,57.025,50.779,43.744,39.410,34.041
33.953,32.449,30.205,27.761,27.226,30.991,40.988,48.580,50.471,45.732,42.670,40.802,39.463,39.758,40.363,41.634,43.859,49.195,53.275,57.106,50.882,43.836,39.519,34.132
34.022,32.515,30.265,27.816,27.281,31.056,41.074,48.680,50.575,45.829,42.761,40.890,39.549,39.845,40.449,41.722,43.952,49.294,53.381,57.220,50.984,43.928,39.600,34.206
34.156,32.642,30.389,27.941,27.398,31.187,41.191,48.818,50.696,45.968,42.882,41.009,39.654,39.935,40.539,41.854,44.091,49.427,53.521,57.365,51.138,44.055,39.735,34.305
34.228,32.720,30.466,28.019,27.486,31.270,41.298,48.909,50.805,46.063,43.002,41.135,39.794,40.087,40.686,41.953,44.179,49.511,53.594,57.444,51.207,44.154,39.817,34.428
34.344,32.832,30.581,28.133,27.592,31.374,41.381,49.000,50.882,46.149,43.069,41.197,39.846,40.131,40.736,42.038,44.273,49.612,53.704,57.545,51.317,44.241,39.920,34.500
34.435,32.924,30.676,28.226,27.683,31.457,41.463,49.075,50.963,46.218,43.134,41.257,39.910,40.202,40.811,42.111,44.348,49.699,53.795,57.628,51.394,44.320,40.004,34.585
34.546,33.042,30.807,28.358,27.814,31.559,41.536,49.110,51.006,46.251,43.169,41.289,39.956,40.260,40.876,42.162,44.399,49.759,53.851,57.655,51.426,44.380,40.084,34.688
34.643,33.138,30.904,28.461,27.916,31.665,41.620,49.191,51.074,46.341,43.259,41.385,40.046,40.341,40.953,42.256,44.491,49.829,53.913,57.717,51.505,44.464,40.175,34.775
34.719,33.212,30.975,28.533,27.989,31.746,41.704,49.280,51.161,46.434,43.353,41.481,40.141,40.432,41.041,42.346,44.581,49.910,53.993,57.803,51.592,44.551,40.257,34.857
34.799,33.291,31.051,28.605,28.061,31.822,41.796,49.376,51.264,46.526,43.442,41.568,40.230,40.525,41.135,42.435,44.673,50.008,54.096,57.909,51.686,44.645,40.344,34.944
34.892,33.379,31.135,28.684,28.134,31.905,41.888,49.492,51.374,46.635,43.535,41.655,40.306,40.595,41.208,42.534,44.780,50.127,54.227,58.046,51.818,44.746,40.445,35.013
34.990,33.478,31.238,28.795,28.246,32.012,41.969,49.583,51.444,46.728,43.634,41.758,40.397,40.675,41.287,42.625,44.862,50.209,54.302,58.124,51.906,44.825,40.538,35.090
35.094,33.596,31.368,28.922,28.381,32.111,42.068,49.606,51.510,46.753,43.680,41.804,40.485,40.797,41.413,42.682,44.915,50.261,54.342,58.128,51.920,44.900,40.613,35.249
35.155,33.657,31.424,28.968,28.428,32.160,42.156,49.686,51.619,46.826,43.750,41.867,40.564,40.892,41.510,42.754,44.997,50.355,54.447,58.231,51.975,44.990,40.683,35.339
35.224,33.732,31.500,29.046,28.515,32.242,42.247,49.749,51.699,46.898,43.844,41.969,40.684,41.024,41.636,42.837,45.071,50.411,54.488,58.270,52.009,45.073,40.753,35.458
35.317,33.832,31.609,29.163,28.636,32.345,42.319,49.796,51.740,46.952,43.913,42.044,40.763,41.103,41.715,42.904,45.127,50.458,54.521,58.291,52.051,45.132,40.828,35.552
35.441,33.947,31.715,29.258,28.723,32.448,42.455,49.965,51.914,47.107,44.042,42.162,40.872,41.212,41.829,43.043,45.282,50.637,54.723,58.503,52.237,45.283,40.968,35.656
35.605,34.119,31.904,29.450,28.913,32.604,42.565,50.021,51.977,47.165,44.101,42.218,40.946,41.299,41.923,43.127,45.367,50.720,54.799,58.539,52.286,45.375,41.088,35.805
35.732,34.250,32.039,29.576,29.039,32.714,42.689,50.114,52.098,47.249,44.183,42.293,41.043,41.417,42.048,43.224,45.472,50.840,54.925,58.645,52.367,45.492,41.202,35.950
35.865,34.389,32.190,29.725,29.188,32.833,42.800,50.201,52.197,47.325,44.262,42.365,41.125,41.515,42.156,43.311,45.557,50.954,55.042,58.740,52.458,45.590,41.315,36.076
36.018,34.545,32.354,29.882,29.341,32.964,42.924,50.298,52.311,47.411,44.336,42.428,41.203,41.610,42.261,43.409,45.665,51.084,55.182,58.852,52.556,45.707,41.444,36.216
36.146,34.679,32.499,30.039,29.500,33.106,43.021,50.386,52.376,47.505,44.446,42.546,41.311,41.709,42.359,43.511,45.752,51.164,55.246,58.910,52.650,45.792,41.554,36.324
36.272,34.815,32.643,30.179,29.646,33.225,43.149,50.470,52.492,47.585,44.540,42.637,41.430,41.854,42.510,43.608,45.846,51.272,55.350,58.991,52.714,45.905,41.664,36.487
36.405,34.951,32.792,30.326,29.787,33.339,43.234,50.519,52.550,47.627,44.571,42.660,41.465,41.902,42.568,43.669,45.914,51.354,55.436,59.044,52.767,45.979,41.762,36.595
36.515,35.052,32.879,30.400,29.857,33.434,43.377,50.698,52.738,47.796,44.719,42.799,41.597,42.033,42.700,43.818,46.079,51.535,55.638,59.264,52.955,46.139,41.899,36.704
36.674,35.221,33.058,30.573,30.034,33.578,43.529,50.788,52.869,47.880,44.814,42.889,41.724,42.193,42.867,43.928,46.192,51.659,55.760,59.352,53.018,46.273,42.032,36.901
36.805,35.361,33.207,30.728,30.196,33.720,43.656,50.884,52.972,47.982,44.937,43.018,41.866,42.344,43.018,44.043,46.295,51.756,55.842,59.423,53.098,46.385,42.151,37.057
36.959,35.516,33.355,30.871,30.346,33.878,43.852,51.083,53.189,48.181,45.148,43.231,42.088,42.574,43.243,44.237,46.486,51.948,56.034,59.627,53.282,46.583,42.324,37.253
37.119,35.675,33.514,31.030,30.502,34.038,43.999,51.213,53.322,48.318,45.278,43.361,42.225,42.711,43.378,44.383,46.638,52.080,56.164,59.748,53.404,46.730,42.475,37.412
37.250,35.809,33.647,31.163,30.639,34.172,44.145,51.357,53.472,48.461,45.429,43.514,42.382,42.872,43.538,44.525,46.776,52.223,56.305,59.892,53.544,46.873,42.612,37.560
37.372,35.942,33.783,31.299,30.787,34.305,44.296,51.454,53.607,48.567,45.564,43.656,42.559,43.075,43.737,44.652,46.895,52.324,56.390,59.963,53.596,47.009,42.729,37.759
37.607,36.173,34.012,31.525,31.007,34.532,44.518,51.677,53.828,48.789,45.772,43.860,42.762,43.274,43.937,44.875,47.127,52.553,56.625,60.194,53.824,47.236,42.959,37.976
37.848,36.411,34.238,31.748,31.235,34.784,44.804,51.964,54.131,49.088,46.075,44.170,43.081,43.593,44.246,45.169,47.424,52.821,56.890,60.476,54.089,47.530,43.224,38.264
38.105,36.660,34.466,31.989,31.483,35.085,45.119,52.333,54.467,49.482,46.486,44.601,43.486,43.963,44.593,45.540,47.780,53.121,57.172,60.813,54.450,47.865,43.530,38.549
38.514,37.048,34.841,32.377,31.852,35.510,45.485,52.761,54.825,49.932,46.893,45.017,43.851,44.270,44.888,45.969,48.223,53.506,57.559,61.226,54.915,48.262,43.948,38.864
38.802,37.348,35.155,32.713,32.199,35.832,45.753,53.015,55.050,50.200,47.202,45.343,44.168,44.578,45.189,46.248,48.468,53.735,57.756,61.423,55.166,48.510,44.220,39.156
39.073,37.606,35.385,32.953,32.447,36.148,46.110,53.483,55.468,50.683,47.699,45.858,44.633,44.995,45.584,46.679,48.882,54.119,58.133,61.884,55.649,48.899,44.571,39.440
39.513,38.035,35.803,33.383,32.870,36.612,46.536,53.927,55.875,51.155,48.156,46.329,45.082,45.409,45.982,47.147,49.355,54.523,58.526,62.294,56.095,49.341,45.017,39.853
39.997,38.509,36.252,33.872,33.369,37.187,47.074,54.578,56.422,51.853,48.891,47.107,45.785,46.028,46.562,47.800,49.965,55.040,59.000,62.864,56.761,49.906,45.570,40.328
40.316,38.797,36.505,34.119,33.604,37.511,47.450,55.099,56.891,52.371,49.365,47.579,46.192,46.381,46.904,48.252,50.433,55.506,59.495,63.440,57.334,50.336,45.967,40.589
40.755,39.251,36.947,34.534,34.042,37.939,48.022,55.610,57.517,52.869,49.904,48.111,46.800,47.057,47.580,48.762,50.946,56.045,60.039,63.982,57.767,50.894,46.444,41.209
41.596,40.049,37.674,35.234,34.731,38.781,49.028,56.791,58.689,54.050,51.021,49.224,47.863,48.073,48.571,49.854,52.080,57.151,61.195,65.259,58.968,51.984,47.428,42.071
42.795,41.171,38.681,36.225,35.699,40.026,50.457,58.536,60.346,55.826,52.700,50.920,49.437,49.518,49.959,51.482,53.760,58.715,62.812,67.093,60.760,53.556,48.857,43.251
44.041,42.342,39.767,37.298,36.735,41.278,51.814,60.227,61.907,57.514,54.267,52.481,50.843,50.790,51.205,53.022,55.349,60.277,64.447,68.909,62.574,55.044,50.276,44.338
46.199,44.323,41.466,39.004,38.414,43.642,54.585,63.864,65.237,61.256,57.862,56.157,54.154,53.728,53.978,56.362,58.735,63.360,67.604,72.679,66.350,58.161,53.047,46.463
