17.185,12.989,12.413,10.220,10.918,11.200,22.019,33.630,32.833,26.243,21.639,23.628,21.487,21.670,21.003,21.996,21.767,25.724,31.644,40.054,40.160,34.559,28.628,22.286
28.648,25.976,25.373,24.007,24.044,24.580,32.955,41.861,41.379,36.140,33.315,33.383,31.255,30.779,30.082,31.213,31.843,35.890,40.645,45.446,45.442,40.503,37.967,33.558
31.887,29.233,28.454,27.150,27.234,27.620,35.415,43.694,43.556,38.579,35.639,36.037,33.999,34.018,33.624,34.441,34.515,38.115,42.219,47.530,47.492,43.080,40.094,35.777
33.350,30.909,30.152,28.956,29.017,29.407,36.977,44.914,44.797,40.062,37.212,37.516,35.507,35.524,35.164,35.883,35.953,39.435,43.444,48.476,48.474,44.146,41.247,37.009
34.630,32.223,31.408,30.249,30.268,30.639,37.888,45.546,45.539,40.886,38.155,38.407,36.422,36.501,36.196,36.912,36.929,40.356,44.100,49.039,48.989,44.850,42.159,38.134
35.128,32.762,31.938,30.803,30.827,31.188,38.398,45.979,45.998,41.400,38.651,38.921,36.939,37.061,36.786,37.449,37.415,40.790,44.497,49.453,49.415,45.307,42.550,38.507
35.832,33.512,32.733,31.613,31.625,31.999,39.087,46.559,46.528,42.002,39.358,39.568,37.628,37.668,37.352,38.060,38.117,41.477,45.168,49.911,49.871,45.804,43.219,39.294
36.380,34.126,33.378,32.285,32.295,32.674,39.682,47.049,46.992,42.550,39.957,40.133,38.219,38.222,37.893,38.594,38.688,42.010,45.694,50.297,50.269,46.229,43.706,39.828
36.736,34.554,33.808,32.752,32.757,33.136,40.099,47.369,47.327,42.960,40.373,40.526,38.612,38.631,38.322,38.975,39.049,42.332,45.994,50.539,50.529,46.502,43.966,40.082
37.058,34.923,34.194,33.159,33.150,33.539,40.431,47.625,47.566,43.248,40.723,40.822,38.920,38.897,38.571,39.239,39.362,42.643,46.291,50.699,50.689,46.679,44.252,40.432
37.400,35.328,34.604,33.601,33.586,33.977,40.832,47.945,47.893,43.638,41.126,41.198,39.297,39.276,38.961,39.594,39.713,42.966,46.603,50.943,50.949,46.946,44.524,40.704
37.742,35.681,34.972,33.973,33.968,34.349,41.122,48.155,48.096,43.894,41.401,41.499,39.632,39.618,39.308,39.930,40.037,43.234,46.827,51.143,51.150,47.206,44.778,40.997
38.001,35.954,35.233,34.244,34.242,34.609,41.294,48.235,48.207,44.049,41.562,41.684,39.833,39.860,39.576,40.171,40.232,43.376,46.894,51.225,51.228,47.350,44.905,41.156
38.274,36.251,35.529,34.554,34.562,34.917,41.553,48.422,48.408,44.300,41.802,41.954,40.119,40.180,39.919,40.474,40.494,43.581,47.060,51.409,51.419,47.583,45.081,41.329
38.608,36.573,35.830,34.856,34.880,35.206,41.750,48.525,48.557,44.491,41.967,42.196,40.387,40.529,40.314,40.821,40.747,43.749,47.125,51.578,51.583,47.841,45.241,41.501
38.825,36.814,36.071,35.109,35.131,35.456,41.960,48.684,48.725,44.690,42.177,42.399,40.595,40.744,40.537,41.030,40.948,43.931,47.282,51.708,51.716,47.993,45.403,41.678
38.987,36.977,36.225,35.267,35.296,35.609,42.077,48.758,48.819,44.807,42.279,42.534,40.740,40.927,40.742,41.208,41.081,44.024,47.335,51.806,51.814,48.130,45.487,41.761
39.199,37.171,36.407,35.443,35.482,35.779,42.195,48.835,48.918,44.918,42.380,42.680,40.902,41.129,40.964,41.415,41.243,44.145,47.399,51.929,51.930,48.299,45.616,41.905
39.310,37.326,36.574,35.630,35.660,35.964,42.346,48.934,49.008,45.049,42.542,42.804,41.030,41.233,41.062,41.509,41.363,44.260,47.514,51.955,51.963,48.333,45.701,42.013
39.438,37.473,36.728,35.794,35.818,36.124,42.455,48.993,49.062,45.131,42.657,42.899,41.136,41.325,41.148,41.602,41.474,44.361,47.594,51.973,51.979,48.371,45.792,42.144
39.711,37.719,36.952,36.010,36.054,36.334,42.617,49.109,49.220,45.305,42.785,43.112,41.366,41.636,41.503,41.911,41.688,44.505,47.663,52.178,52.180,48.642,45.939,42.276
39.940,37.935,37.166,36.218,36.281,36.542,42.784,49.235,49.359,45.469,42.924,43.315,41.592,41.906,41.794,42.174,41.898,44.655,47.769,52.356,52.359,48.874,46.087,42.419
40.041,38.046,37.285,36.340,36.404,36.670,42.946,49.417,49.528,45.638,43.087,43.468,41.740,42.041,41.921,42.299,42.036,44.803,47.950,52.523,52.534,49.022,46.226,42.536
40.215,38.201,37.434,36.480,36.553,36.811,43.091,49.571,49.690,45.791,43.220,43.633,41.908,42.231,42.121,42.491,42.202,44.955,48.090,52.718,52.727,49.227,46.387,42.684
40.473,38.458,37.693,36.740,36.843,37.072,43.268,49.652,49.788,45.956,43.350,43.861,42.179,42.498,42.390,42.740,42.436,45.076,48.137,52.758,52.776,49.340,46.487,42.779
40.481,38.519,37.775,36.845,36.921,37.174,43.337,49.683,49.791,45.986,43.457,43.868,42.181,42.573,42.499,42.811,42.455,45.140,48.226,52.856,52.874,49.465,46.530,42.885
40.640,38.668,37.928,36.992,37.072,37.321,43.455,49.783,49.890,46.091,43.569,43.996,42.321,42.641,42.532,42.888,42.599,45.269,48.336,52.871,52.885,49.474,46.652,43.009
40.671,38.734,37.989,37.073,37.152,37.399,43.525,49.816,49.934,46.167,43.637,44.058,42.378,42.714,42.619,42.944,42.636,45.287,48.348,52.873,52.897,49.487,46.666,43.041
40.799,38.874,38.127,37.217,37.294,37.539,43.643,49.905,50.031,46.280,43.755,44.172,42.495,42.837,42.749,43.065,42.750,45.391,48.434,52.950,52.974,49.576,46.746,43.112
40.892,38.982,38.246,37.341,37.411,37.664,43.749,49.994,50.107,46.367,43.872,44.260,42.586,42.899,42.797,43.130,42.847,45.498,48.548,52.998,53.021,49.621,46.850,43.243
40.976,39.079,38.348,37.450,37.523,37.773,43.838,50.054,50.164,46.448,43.957,44.348,42.683,42.998,42.899,43.221,42.935,45.567,48.609,53.044,53.072,49.684,46.905,43.303
41.088,39.198,38.474,37.578,37.656,37.902,43.944,50.134,50.240,46.544,44.055,44.459,42.806,43.125,43.027,43.342,43.050,45.659,48.691,53.121,53.151,49.781,46.990,43.394
41.166,39.292,38.568,37.680,37.752,38.003,44.048,50.232,50.338,46.648,44.166,44.550,42.891,43.201,43.102,43.416,43.133,45.751,48.790,53.192,53.225,49.844,47.072,43.476
41.264,39.395,38.670,37.785,37.853,38.105,44.129,50.294,50.403,46.720,44.251,44.626,42.968,43.275,43.175,43.493,43.216,45.833,48.860,53.241,53.272,49.900,47.153,43.575
41.371,39.505,38.780,37.897,37.965,38.215,44.214,50.358,50.470,46.797,44.336,44.711,43.059,43.369,43.272,43.588,43.308,45.916,48.926,53.300,53.329,49.971,47.233,43.670
41.482,39.622,38.898,38.018,38.088,38.333,44.295,50.401,50.518,46.866,44.412,44.796,43.155,43.474,43.382,43.692,43.401,45.988,48.972,53.341,53.368,50.038,47.299,43.753
41.571,39.712,38.990,38.110,38.185,38.426,44.373,50.462,50.579,46.940,44.483,44.882,43.249,43.577,43.490,43.791,43.488,46.056,49.029,53.408,53.437,50.122,47.363,43.817
41.697,39.834,39.109,38.229,38.304,38.544,44.489,50.578,50.700,47.058,44.598,45.000,43.365,43.698,43.614,43.914,43.607,46.174,49.142,53.530,53.558,50.245,47.483,43.938
41.775,39.917,39.191,38.313,38.385,38.626,44.561,50.640,50.763,47.125,44.672,45.068,43.434,43.765,43.682,43.983,43.677,46.245,49.207,53.583,53.610,50.302,47.553,44.015
41.884,40.032,39.308,38.433,38.501,38.745,44.680,50.759,50.878,47.241,44.798,45.179,43.542,43.862,43.773,44.080,43.789,46.366,49.334,53.685,53.712,50.396,47.672,44.142
41.948,40.098,39.375,38.501,38.569,38.815,44.759,50.845,50.962,47.323,44.878,45.256,43.618,43.935,43.845,44.151,43.862,46.441,49.418,53.768,53.797,50.474,47.746,44.208
42.053,40.199,39.477,38.601,38.665,38.911,44.830,50.902,51.020,47.380,44.954,45.323,43.688,43.997,43.902,44.222,43.945,46.529,49.490,53.817,53.839,50.529,47.841,44.332
42.143,40.301,39.577,38.708,38.774,39.016,44.907,50.942,51.068,47.452,45.026,45.402,43.774,44.096,44.011,44.316,44.023,46.584,49.525,53.852,53.876,50.586,47.883,44.380
42.238,40.394,39.670,38.800,38.868,39.106,44.977,50.996,51.124,47.515,45.091,45.479,43.858,44.188,44.105,44.408,44.106,46.654,49.579,53.913,53.936,50.663,47.955,44.461
42.319,40.478,39.764,38.894,38.960,39.202,45.060,51.073,51.189,47.585,45.180,45.554,43.939,44.248,44.155,44.471,44.192,46.745,49.675,53.970,53.992,50.719,48.047,44.572
42.381,40.555,39.848,38.983,39.052,39.295,45.165,51.173,51.281,47.692,45.281,45.654,44.040,44.346,44.251,44.558,44.280,46.826,49.771,54.055,54.084,50.803,48.113,44.623
42.502,40.674,39.965,39.099,39.174,39.414,45.295,51.309,51.419,47.831,45.403,45.794,44.180,44.498,44.410,44.705,44.412,46.947,49.895,54.208,54.241,50.959,48.232,44.723
42.585,40.772,40.069,39.210,39.277,39.523,45.400,51.406,51.509,47.927,45.518,45.881,44.264,44.563,44.466,44.770,44.499,47.048,50.005,54.270,54.303,51.011,48.326,44.831
42.731,40.905,40.196,39.332,39.403,39.644,45.516,51.524,51.635,48.047,45.629,46.010,44.395,44.709,44.619,44.918,44.631,47.171,50.115,54.412,54.443,51.163,48.456,44.959
42.807,40.987,40.286,39.422,39.490,39.737,45.611,51.623,51.721,48.134,45.730,46.093,44.480,44.771,44.669,44.982,44.720,47.272,50.231,54.490,54.522,51.231,48.558,45.072
42.912,41.086,40.385,39.518,39.583,39.832,45.708,51.729,51.825,48.228,45.831,46.188,44.573,44.857,44.749,45.073,44.821,47.384,50.344,54.597,54.625,51.331,48.677,45.199
43.045,41.209,40.504,39.633,39.699,39.945,45.809,51.828,51.929,48.327,45.931,46.296,44.684,44.974,44.870,45.196,44.937,47.496,50.443,54.710,54.733,51.452,48.798,45.328
43.127,41.290,40.588,39.717,39.786,40.030,45.880,51.886,51.986,48.392,45.998,46.370,44.765,45.058,44.954,45.279,45.016,47.565,50.503,54.770,54.794,51.523,48.865,45.401
43.231,41.393,40.692,39.821,39.893,40.134,45.976,51.974,52.074,48.488,46.088,46.474,44.874,45.175,45.075,45.393,45.120,47.655,50.587,54.866,54.891,51.631,48.953,45.487
43.324,41.488,40.787,39.916,39.982,40.228,46.072,52.078,52.175,48.580,46.195,46.559,44.954,45.239,45.131,45.463,45.210,47.764,50.703,54.954,54.976,51.705,49.067,45.613
43.417,41.584,40.875,40.008,40.071,40.315,46.151,52.146,52.256,48.663,46.275,46.638,45.028,45.326,45.227,45.551,45.285,47.837,50.761,55.023,55.043,51.778,49.136,45.682
43.516,41.677,40.964,40.094,40.157,40.399,46.226,52.215,52.332,48.736,46.349,46.716,45.108,45.411,45.316,45.640,45.368,47.918,50.830,55.101,55.118,51.862,49.223,45.775
43.604,41.773,41.054,40.190,40.255,40.494,46.323,52.303,52.429,48.842,46.441,46.818,45.207,45.528,45.443,45.750,45.457,47.995,50.901,55.194,55.215,51.961,49.288,45.824
43.676,41.853,41.139,40.279,40.347,40.587,46.438,52.426,52.545,48.964,46.552,46.930,45.317,45.636,45.550,45.848,45.556,48.091,51.017,55.310,55.338,52.070,49.375,45.890
43.776,41.958,41.248,40.388,40.454,40.696,46.537,52.518,52.632,49.055,46.655,47.023,45.412,45.720,45.630,45.935,45.655,48.194,51.119,55.387,55.415,52.148,49.477,46.005
43.856,42.048,41.340,40.486,40.552,40.792,46.611,52.564,52.681,49.121,46.727,47.096,45.490,45.802,45.715,46.013,45.729,48.253,51.166,55.423,55.451,52.198,49.527,46.064
43.925,42.125,41.419,40.568,40.634,40.876,46.702,52.657,52.771,49.215,46.819,47.183,45.576,45.885,45.797,46.091,45.810,48.335,51.257,55.506,55.538,52.277,49.603,46.132
43.987,42.201,41.498,40.654,40.715,40.960,46.778,52.718,52.830,49.284,46.901,47.247,45.639,45.937,45.846,46.142,45.872,48.402,51.325,55.541,55.574,52.310,49.661,46.200
44.068,42.283,41.583,40.739,40.799,41.045,46.847,52.776,52.883,49.343,46.970,47.315,45.712,46.005,45.910,46.211,45.948,48.475,51.392,55.592,55.624,52.368,49.735,46.288
44.196,42.407,41.713,40.865,40.924,41.173,46.964,52.893,52.991,49.449,47.092,47.428,45.830,46.107,46.003,46.320,46.075,48.608,51.527,55.702,55.730,52.477,49.876,46.448
44.310,42.513,41.825,40.973,41.032,41.282,47.072,53.008,53.097,49.551,47.200,47.537,45.944,46.211,46.099,46.426,46.193,48.729,51.653,55.819,55.845,52.593,50.004,46.586
44.390,42.600,41.918,41.067,41.124,41.379,47.181,53.129,53.208,49.659,47.315,47.637,46.041,46.290,46.169,46.505,46.291,48.840,51.783,55.922,55.951,52.683,50.114,46.695
44.495,42.714,42.027,41.181,41.236,41.490,47.286,53.220,53.308,49.766,47.421,47.739,46.139,46.397,46.282,46.610,46.387,48.932,51.866,56.006,56.035,52.770,50.199,46.778
44.643,42.855,42.168,41.320,41.373,41.628,47.424,53.365,53.451,49.901,47.562,47.875,46.276,46.528,46.409,46.745,46.530,49.083,52.017,56.152,56.178,52.912,50.356,46.943
44.762,42.985,42.295,41.452,41.506,41.759,47.548,53.472,53.565,50.028,47.684,48.000,46.400,46.662,46.552,46.874,46.647,49.189,52.115,56.255,56.284,53.023,50.451,47.032
44.861,43.094,42.407,41.569,41.618,41.875,47.653,53.565,53.655,50.125,47.795,48.095,46.495,46.747,46.632,46.959,46.744,49.291,52.217,56.325,56.354,53.092,50.548,47.141
44.979,43.219,42.539,41.703,41.746,42.011,47.799,53.722,53.801,50.266,47.951,48.226,46.622,46.850,46.723,47.064,46.877,49.443,52.389,56.457,56.487,53.207,50.701,47.301
45.084,43.335,42.665,41.831,41.873,42.145,47.972,53.924,53.984,50.445,48.130,48.386,46.774,46.978,46.837,47.185,47.023,49.610,52.597,56.634,56.671,53.357,50.861,47.444
45.236,43.490,42.824,41.990,42.029,42.307,48.160,54.135,54.186,50.638,48.323,48.566,46.947,47.137,46.989,47.343,47.197,49.800,52.812,56.835,56.875,53.537,51.051,47.624
45.348,43.607,42.942,42.111,42.144,42.429,48.300,54.292,54.338,50.781,48.473,48.693,47.066,47.240,47.084,47.447,47.320,49.944,52.975,56.973,57.014,53.655,51.195,47.767
45.439,43.710,43.055,42.227,42.262,42.551,48.445,54.446,54.479,50.929,48.616,48.832,47.203,47.366,47.203,47.563,47.446,50.072,53.130,57.112,57.160,53.783,51.312,47.866
45.561,43.832,43.173,42.347,42.378,42.666,48.536,54.521,54.560,51.013,48.711,48.921,47.295,47.459,47.298,47.661,47.545,50.170,53.209,57.182,57.225,53.862,51.413,47.986
45.701,43.970,43.312,42.484,42.516,42.803,48.660,54.636,54.675,51.130,48.834,49.046,47.424,47.587,47.426,47.793,47.678,50.299,53.330,57.299,57.340,53.985,51.544,48.128
45.873,44.141,43.487,42.658,42.690,42.978,48.839,54.820,54.853,51.307,49.014,49.224,47.603,47.759,47.593,47.964,47.856,50.481,53.519,57.479,57.521,54.162,51.728,48.313
46.045,44.317,43.661,42.835,42.869,43.155,49.017,54.991,55.028,51.489,49.187,49.406,47.785,47.952,47.792,48.152,48.031,50.645,53.680,57.655,57.700,54.345,51.886,48.460
46.219,44.496,43.832,43.010,43.042,43.327,49.183,55.149,55.198,51.661,49.355,49.571,47.945,48.123,47.971,48.323,48.192,50.805,53.828,57.811,57.855,54.503,52.041,48.613
46.388,44.680,44.023,43.206,43.237,43.528,49.418,55.401,55.439,51.903,49.592,49.795,48.162,48.326,48.168,48.516,48.398,51.021,54.078,58.042,58.095,54.714,52.246,48.795
46.566,44.850,44.191,43.371,43.397,43.689,49.573,55.563,55.601,52.054,49.755,49.947,48.312,48.467,48.305,48.667,48.561,51.198,54.251,58.203,58.249,54.869,52.433,49.000
46.786,45.075,44.408,43.592,43.612,43.907,49.799,55.792,55.841,52.288,49.987,50.166,48.521,48.681,48.523,48.882,48.772,51.421,54.472,58.426,58.472,55.082,52.653,49.214
46.906,45.219,44.560,43.754,43.775,44.074,49.985,55.975,56.012,52.476,50.173,50.340,48.691,48.839,48.677,49.026,48.928,51.576,54.654,58.577,58.634,55.224,52.789,49.332
47.079,45.419,44.767,43.973,43.994,44.296,50.210,56.181,56.213,52.701,50.397,50.555,48.905,49.049,48.888,49.223,49.127,51.766,54.856,58.753,58.819,55.401,52.955,49.486
47.179,45.557,44.909,44.134,44.145,44.455,50.372,56.323,56.351,52.860,50.572,50.690,49.030,49.157,48.992,49.320,49.244,51.894,55.000,58.835,58.909,55.470,53.057,49.587
47.404,45.786,45.143,44.368,44.380,44.691,50.609,56.559,56.583,53.096,50.808,50.926,49.268,49.391,49.224,49.551,49.478,52.126,55.238,59.065,59.141,55.700,53.286,49.814
47.648,46.061,45.430,44.667,44.674,45.000,50.994,56.988,56.990,53.500,51.204,51.283,49.604,49.694,49.512,49.837,49.799,52.480,55.665,59.446,59.538,56.030,53.617,50.100
47.906,46.321,45.686,44.925,44.936,45.259,51.269,57.269,57.276,53.787,51.474,51.563,49.880,49.983,49.808,50.119,50.066,52.741,55.931,59.736,59.833,56.319,53.872,50.332
48.210,46.641,46.017,45.260,45.261,45.603,51.700,57.773,57.753,54.237,51.924,51.964,50.255,50.314,50.115,50.443,50.440,53.172,56.443,60.198,60.304,56.713,54.298,50.722
48.472,46.927,46.303,45.557,45.550,45.904,52.071,58.187,58.161,54.634,52.306,52.314,50.579,50.622,50.418,50.739,50.753,53.518,56.843,60.579,60.697,57.047,54.626,51.005
48.964,47.436,46.798,46.061,46.045,46.416,52.749,58.987,58.963,55.383,53.001,52.967,51.173,51.209,51.004,51.307,51.331,54.170,57.598,61.367,61.503,57.733,55.261,51.529
49.499,47.973,47.321,46.586,46.550,46.943,53.411,59.770,59.745,56.094,53.694,53.595,51.746,51.751,51.532,51.854,51.915,54.851,58.366,62.128,62.268,58.391,55.949,52.155
49.888,48.431,47.802,47.095,47.039,47.465,54.055,60.483,60.416,56.762,54.371,54.172,52.281,52.210,51.958,52.286,52.432,55.444,59.089,62.719,62.885,58.882,56.499,52.645
51.054,49.605,48.983,48.274,48.213,48.667,55.492,62.113,62.011,58.279,55.827,55.579,53.624,53.509,53.228,53.561,53.756,56.871,60.690,64.335,64.527,60.354,57.919,53.926
52.128,50.690,50.086,49.376,49.311,49.788,56.771,63.523,63.376,59.597,57.121,56.828,54.838,54.666,54.352,54.702,54.959,58.147,62.101,65.713,65.924,61.631,59.190,55.116
53.789,52.378,51.739,51.046,50.982,51.474,58.770,65.734,65.610,61.750,59.120,58.816,56.724,56.596,56.311,56.581,56.784,60.054,64.180,67.957,68.212,63.722,61.054,56.723
56.457,55.072,54.327,53.666,53.608,54.095,61.801,69.012,69.009,65.037,62.130,61.870,59.616,59.666,59.492,59.580,59.581,62.920,67.188,71.365,71.673,66.962,63.847,59.118
