-8.339,-18.829,-26.174,-29.644,-28.690,-35.600,-35.384,-38.520,-31.278,-37.967,-44.527,-47.868,-54.269,-67.500,-72.367,-67.195,-61.024,-45.854,-27.284,-1.065,7.475,2.979,6.315,-0.439
7.128,-0.719,-7.653,-10.175,-10.495,-17.086,-16.421,-14.800,-10.576,-15.573,-21.121,-24.181,-29.741,-38.491,-43.259,-39.168,-32.953,-19.025,-3.790,13.501,20.617,16.649,18.783,12.865
11.998,4.928,-1.313,-3.696,-4.657,-9.783,-9.073,-7.654,-3.549,-8.417,-13.889,-16.739,-22.269,-30.213,-34.394,-30.086,-24.434,-11.885,2.874,17.841,24.692,20.714,22.607,17.023
15.259,8.593,2.881,0.558,-1.137,-4.645,-4.132,-3.171,0.939,-3.766,-9.487,-12.092,-17.701,-25.468,-29.222,-24.551,-19.252,-7.729,7.097,20.763,27.460,23.530,25.111,19.646
17.161,10.679,5.149,2.914,1.099,-2.028,-1.671,-0.718,3.174,-1.245,-6.924,-9.379,-14.814,-22.441,-26.107,-21.540,-16.342,-5.187,9.268,22.503,28.940,25.216,26.614,21.272
19.028,12.816,7.566,5.387,3.470,0.777,1.139,1.905,5.772,1.419,-4.151,-6.515,-11.864,-19.230,-22.669,-18.101,-13.157,-2.553,11.582,24.148,30.432,26.755,28.099,22.929
20.074,13.907,8.842,6.677,4.505,2.477,2.644,3.096,6.971,2.760,-2.966,-5.191,-10.532,-18.043,-21.359,-16.673,-11.828,-1.570,12.629,25.090,31.275,27.705,28.891,23.739
20.908,14.786,9.679,7.585,5.315,3.337,3.357,4.127,7.705,3.778,-1.979,-4.121,-9.345,-16.787,-20.204,-15.643,-10.678,-0.360,13.651,25.923,31.936,28.546,29.547,24.393
21.665,15.629,10.574,8.516,6.384,4.261,4.310,5.102,8.614,4.742,-0.859,-2.986,-8.091,-15.394,-18.782,-14.357,-9.465,0.743,14.448,26.609,32.517,29.187,30.210,25.156
22.410,16.476,11.478,9.468,7.335,5.254,5.267,6.147,9.528,5.783,0.253,-1.825,-6.831,-14.003,-17.370,-13.038,-8.180,1.903,15.369,27.285,33.067,29.827,30.787,25.801
22.941,17.029,12.032,10.061,7.872,5.872,5.783,6.772,10.002,6.426,0.874,-1.142,-6.073,-13.237,-16.643,-12.377,-7.474,2.598,15.950,27.801,33.473,30.348,31.200,26.223
23.375,17.554,12.524,10.595,8.439,6.262,6.221,7.489,10.570,7.060,1.599,-0.430,-5.302,-12.256,-15.701,-11.538,-6.602,3.512,16.669,28.222,33.834,30.733,31.565,26.625
23.861,18.047,13.135,11.220,9.019,7.137,6.963,7.981,11.064,7.667,2.175,0.241,-4.561,-11.634,-15.012,-10.851,-5.996,3.901,16.979,28.632,34.137,31.149,31.906,27.010
24.230,18.446,13.603,11.689,9.432,7.729,7.529,8.429,11.543,8.152,2.637,0.732,-4.074,-11.163,-14.483,-10.282,-5.483,4.285,17.371,28.961,34.449,31.469,32.206,27.329
24.543,18.770,13.942,12.049,9.768,8.129,7.863,8.787,11.827,8.533,3.010,1.147,-3.609,-10.707,-14.039,-9.876,-5.066,4.670,17.680,29.255,34.673,31.766,32.443,27.578
24.956,19.243,14.485,12.612,10.298,8.792,8.494,9.372,12.379,9.142,3.635,1.812,-2.905,-9.961,-13.246,-9.097,-4.339,5.258,18.173,29.613,34.968,32.103,32.742,27.919
25.256,19.564,14.848,12.972,10.665,9.207,8.921,9.719,12.762,9.502,4.013,2.194,-2.520,-9.568,-12.813,-8.652,-3.942,5.578,18.472,29.885,35.238,32.364,33.019,28.218
25.408,19.718,15.060,13.188,10.697,9.599,9.202,9.902,12.935,9.750,4.131,2.377,-2.366,-9.508,-12.719,-8.468,-3.762,5.649,18.661,30.015,35.343,32.512,33.066,28.237
25.756,20.116,15.526,13.660,11.255,10.125,9.764,10.362,13.429,10.222,4.696,2.946,-1.750,-8.833,-11.984,-7.776,-3.160,6.123,18.990,30.305,35.598,32.772,33.369,28.607
26.071,20.444,15.940,14.067,11.728,10.661,10.301,10.674,13.828,10.589,5.113,3.382,-1.282,-8.402,-11.477,-7.273,-2.761,6.366,19.161,30.564,35.832,33.015,33.653,28.946
26.416,20.907,16.521,14.656,12.200,11.362,11.016,11.358,14.545,11.275,5.796,4.083,-0.613,-7.619,-10.580,-6.347,-1.891,7.004,19.792,30.828,36.095,33.235,33.859,29.195
26.574,21.029,16.578,14.722,12.321,11.397,11.068,11.423,14.548,11.322,5.860,4.142,-0.519,-7.533,-10.563,-6.297,-1.876,7.143,19.881,31.021,36.264,33.443,34.056,29.379
26.868,21.344,16.955,15.106,12.734,11.843,11.469,11.758,14.892,11.698,6.268,4.581,-0.034,-7.110,-10.106,-5.889,-1.460,7.442,20.102,31.269,36.461,33.680,34.289,29.654
27.011,21.450,17.064,15.212,12.791,12.008,11.571,11.802,14.936,11.781,6.290,4.631,0.012,-7.063,-10.051,-5.859,-1.448,7.455,20.151,31.421,36.602,33.854,34.423,29.765
27.118,21.549,17.168,15.310,12.911,12.113,11.687,11.876,15.040,11.861,6.380,4.714,0.091,-7.044,-10.031,-5.810,-1.395,7.499,20.215,31.527,36.720,33.960,34.549,29.895
27.410,21.912,17.561,15.719,13.355,12.526,12.110,12.280,15.420,12.270,6.876,5.220,0.668,-6.417,-9.387,-5.245,-0.875,7.962,20.508,31.761,36.913,34.164,34.750,30.146
27.450,21.913,17.599,15.755,13.415,12.627,12.213,12.363,15.519,12.353,6.917,5.270,0.677,-6.380,-9.310,-5.103,-0.757,8.003,20.614,31.821,36.955,34.234,34.841,30.243
27.711,22.220,17.908,16.087,13.694,12.970,12.499,12.691,15.767,12.696,7.271,5.658,1.126,-5.933,-8.886,-4.739,-0.375,8.379,20.890,32.051,37.130,34.456,34.993,30.405
27.891,22.407,18.098,16.286,13.891,13.174,12.683,12.895,15.938,12.905,7.484,5.884,1.374,-5.679,-8.639,-4.514,-0.144,8.603,21.075,32.224,37.275,34.629,35.146,30.565
28.040,22.574,18.268,16.465,14.036,13.356,12.851,13.110,16.116,13.113,7.682,6.092,1.586,-5.442,-8.406,-4.281,0.099,8.837,21.297,32.368,37.403,34.770,35.260,30.678
28.221,22.765,18.477,16.670,14.260,13.507,13.060,13.306,16.345,13.312,7.899,6.304,1.794,-5.224,-8.166,-4.035,0.315,9.019,21.470,32.537,37.581,34.931,35.445,30.876
28.302,22.843,18.508,16.707,14.366,13.578,13.094,13.379,16.384,13.346,7.983,6.361,1.872,-5.096,-8.076,-4.000,0.381,9.170,21.562,32.638,37.682,35.028,35.567,31.001
28.485,23.049,18.727,16.941,14.610,13.751,13.284,13.629,16.587,13.600,8.259,6.657,2.206,-4.734,-7.716,-3.678,0.698,9.458,21.768,32.803,37.800,35.185,35.701,31.156
28.615,23.186,18.895,17.109,14.789,13.969,13.494,13.767,16.747,13.759,8.429,6.837,2.399,-4.555,-7.511,-3.473,0.870,9.573,21.858,32.913,37.897,35.291,35.811,31.284
28.721,23.292,19.023,17.235,14.882,14.146,13.652,13.874,16.869,13.885,8.531,6.953,2.507,-4.473,-7.411,-3.349,0.980,9.643,21.955,33.009,37.991,35.389,35.896,31.368
28.927,23.532,19.296,17.515,15.157,14.460,13.972,14.175,17.167,14.188,8.854,7.284,2.850,-4.092,-7.003,-2.945,1.352,9.951,22.216,33.187,38.152,35.553,36.058,31.553
29.036,23.651,19.421,17.644,15.290,14.592,14.102,14.313,17.294,14.325,9.001,7.435,3.011,-3.917,-6.826,-2.778,1.514,10.101,22.340,33.290,38.242,35.651,36.153,31.655
29.210,23.840,19.618,17.846,15.510,14.791,14.309,14.526,17.498,14.534,9.233,7.667,3.257,-3.645,-6.548,-2.518,1.763,10.332,22.530,33.454,38.394,35.808,36.314,31.831
29.366,24.009,19.810,18.041,15.666,15.034,14.532,14.724,17.692,14.745,9.424,7.874,3.463,-3.444,-6.331,-2.283,1.986,10.510,22.716,33.595,38.524,35.948,36.432,31.951
29.463,24.113,19.915,18.149,15.761,15.142,14.639,14.845,17.804,14.864,9.539,7.991,3.579,-3.318,-6.205,-2.156,2.116,10.637,22.842,33.691,38.617,36.042,36.519,32.037
29.573,24.236,20.033,18.272,15.864,15.251,14.749,14.998,17.935,15.005,9.677,8.129,3.715,-3.158,-6.050,-2.001,2.281,10.808,23.011,33.802,38.725,36.150,36.616,32.132
29.714,24.392,20.219,18.457,16.061,15.473,14.979,15.176,18.135,15.192,9.881,8.337,3.929,-2.934,-5.799,-1.747,2.500,10.972,23.150,33.921,38.839,36.261,36.738,32.272
29.834,24.518,20.350,18.587,16.191,15.607,15.122,15.308,18.279,15.323,10.015,8.468,4.054,-2.802,-5.658,-1.601,2.638,11.099,23.281,34.039,38.963,36.375,36.860,32.397
29.983,24.682,20.512,18.753,16.412,15.738,15.281,15.491,18.454,15.490,10.232,8.674,4.282,-2.530,-5.387,-1.366,2.861,11.324,23.434,34.180,39.094,36.505,37.013,32.571
30.094,24.769,20.598,18.838,16.538,15.833,15.357,15.523,18.492,15.542,10.296,8.745,4.378,-2.478,-5.342,-1.345,2.879,11.349,23.436,34.293,39.189,36.625,37.138,32.702
30.229,24.906,20.728,18.979,16.710,15.956,15.466,15.665,18.595,15.684,10.461,8.919,4.586,-2.258,-5.138,-1.185,3.048,11.529,23.546,34.424,39.287,36.755,37.258,32.834
30.367,25.061,20.905,19.158,16.874,16.168,15.676,15.849,18.784,15.874,10.652,9.117,4.786,-2.049,-4.910,-0.948,3.265,11.703,23.711,34.547,39.403,36.872,37.370,32.956
30.538,25.256,21.120,19.377,17.113,16.394,15.920,16.084,19.023,16.104,10.913,9.377,5.057,-1.741,-4.583,-0.634,3.553,11.952,23.914,34.699,39.546,37.011,37.522,33.129
30.678,25.425,21.311,19.574,17.296,16.612,16.144,16.309,19.239,16.327,11.145,9.615,5.300,-1.462,-4.286,-0.336,3.832,12.186,24.119,34.820,39.655,37.120,37.625,33.246
30.800,25.561,21.443,19.710,17.474,16.716,16.272,16.462,19.386,16.465,11.322,9.782,5.483,-1.241,-4.065,-0.144,4.016,12.375,24.255,34.937,39.766,37.228,37.752,33.389
30.880,25.642,21.528,19.795,17.543,16.812,16.362,16.549,19.473,16.555,11.402,9.866,5.562,-1.165,-3.987,-0.057,4.104,12.455,24.346,35.016,39.845,37.308,37.824,33.459
30.979,25.751,21.633,19.906,17.634,16.916,16.457,16.683,19.578,16.683,11.522,9.991,5.692,-1.021,-3.851,0.075,4.248,12.605,24.489,35.116,39.934,37.407,37.906,33.537
31.088,25.864,21.768,20.040,17.751,17.093,16.624,16.801,19.712,16.817,11.647,10.126,5.824,-0.903,-3.714,0.227,4.381,12.696,24.589,35.212,40.027,37.502,37.996,33.632
31.204,25.960,21.868,20.142,17.852,17.226,16.718,16.862,19.763,16.902,11.717,10.215,5.931,-0.844,-3.662,0.270,4.429,12.740,24.626,35.327,40.120,37.628,38.102,33.736
31.308,26.074,21.988,20.267,17.959,17.361,16.845,16.999,19.887,17.039,11.849,10.353,6.072,-0.694,-3.510,0.423,4.583,12.881,24.761,35.426,40.210,37.725,38.186,33.822
31.434,26.209,22.128,20.410,18.122,17.500,16.987,17.147,20.025,17.186,12.016,10.522,6.256,-0.494,-3.308,0.606,4.759,13.047,24.889,35.545,40.315,37.838,38.302,33.949
31.566,26.346,22.263,20.543,18.251,17.625,17.125,17.293,20.178,17.324,12.154,10.653,6.376,-0.361,-3.172,0.751,4.902,13.193,25.047,35.678,40.460,37.969,38.440,34.086
31.698,26.487,22.401,20.686,18.411,17.752,17.260,17.450,20.323,17.473,12.322,10.818,6.553,-0.162,-2.976,0.930,5.080,13.373,25.194,35.807,40.580,38.093,38.568,34.221
31.817,26.607,22.521,20.804,18.562,17.855,17.381,17.562,20.447,17.580,12.453,10.941,6.681,-0.024,-2.835,1.058,5.199,13.494,25.293,35.925,40.701,38.207,38.702,34.364
31.921,26.706,22.614,20.900,18.673,17.929,17.422,17.653,20.502,17.672,12.548,11.042,6.795,0.077,-2.778,1.081,5.268,13.598,25.377,36.030,40.797,38.314,38.806,34.471
31.987,26.751,22.628,20.918,18.686,17.941,17.462,17.667,20.527,17.686,12.553,11.044,6.807,0.089,-2.731,1.146,5.292,13.632,25.415,36.117,40.870,38.413,38.882,34.530
32.092,26.868,22.732,21.027,18.802,17.999,17.510,17.811,20.626,17.809,12.686,11.173,6.937,0.245,-2.620,1.227,5.424,13.809,25.573,36.225,40.980,38.516,38.988,34.638
32.178,26.943,22.787,21.083,18.850,18.029,17.533,17.874,20.671,17.865,12.731,11.216,6.978,0.281,-2.604,1.239,5.460,13.884,25.662,36.326,41.082,38.623,39.086,34.723
32.283,27.028,22.869,21.165,18.927,18.130,17.605,17.923,20.715,17.932,12.780,11.277,7.046,0.306,-2.588,1.254,5.485,13.915,25.704,36.435,41.181,38.743,39.191,34.821
32.407,27.151,22.997,21.292,19.074,18.261,17.740,18.037,20.838,18.050,12.911,11.407,7.184,0.441,-2.448,1.372,5.607,14.028,25.800,36.555,41.297,38.860,39.318,34.956
32.603,27.366,23.214,21.519,19.341,18.467,17.954,18.283,21.056,18.287,13.189,11.687,7.496,0.794,-2.244,1.386,5.907,14.322,26.011,36.739,41.453,39.034,39.495,35.155
32.724,27.489,23.315,21.629,19.497,18.524,18.018,18.410,21.147,18.397,13.334,11.826,7.663,0.989,-2.098,1.395,6.049,14.502,26.129,36.866,41.562,39.158,39.625,35.294
32.859,27.620,23.445,21.765,19.655,18.659,18.138,18.530,21.248,18.526,13.476,11.977,7.839,1.158,-1.926,1.615,6.184,14.638,26.222,36.997,41.668,39.290,39.750,35.427
33.019,27.796,23.635,21.963,19.810,18.885,18.341,18.748,21.439,18.748,13.680,12.198,8.064,1.391,-1.800,1.672,6.430,14.857,26.437,37.147,41.800,39.439,39.868,35.546
33.177,27.975,23.830,22.164,19.964,19.117,18.558,18.975,21.648,18.978,13.891,12.422,8.285,1.628,-1.766,1.693,6.688,15.080,26.665,37.293,41.935,39.581,39.984,35.662
33.283,28.079,23.916,22.260,20.070,19.185,18.609,19.080,21.708,19.079,13.998,12.536,8.423,1.772,-1.528,1.819,6.799,15.222,26.768,37.405,42.021,39.697,40.081,35.759
33.419,28.194,24.003,22.348,20.188,19.231,18.650,19.157,21.768,19.150,14.077,12.611,8.510,1.846,-1.347,1.890,6.839,15.323,26.855,37.559,42.171,39.858,40.245,35.916
33.513,28.266,24.051,22.394,20.259,19.243,18.662,19.188,21.793,19.177,14.107,12.635,8.538,1.856,-1.281,1.952,6.845,15.363,26.897,37.669,42.284,39.975,40.368,36.031
33.631,28.367,24.152,22.486,20.357,19.326,18.730,19.252,21.885,19.250,14.172,12.695,8.587,1.876,-1.224,2.196,6.872,15.400,26.966,37.792,42.423,40.104,40.509,36.166
33.753,28.461,24.196,22.537,20.438,19.346,18.766,19.300,21.887,19.287,14.212,12.733,8.647,1.921,-1.218,2.383,6.875,15.496,27.039,37.943,42.559,40.268,40.661,36.303
33.882,28.580,24.308,22.649,20.522,19.445,18.827,19.408,21.980,19.401,14.299,12.828,8.736,1.989,-1.162,2.458,6.960,15.594,27.165,38.080,42.694,40.413,40.785,36.415
34.107,28.821,24.573,22.920,20.746,19.765,19.119,19.688,22.243,19.694,14.570,13.119,9.031,2.282,-1.127,2.528,7.272,15.860,27.432,38.290,42.884,40.621,40.962,36.594
34.313,29.042,24.800,23.158,20.943,20.019,19.350,19.950,22.469,19.958,14.817,13.382,9.300,2.364,-1.116,2.539,7.561,16.133,27.696,38.489,43.063,40.819,41.128,36.758
34.520,29.251,25.049,23.407,21.149,20.360,19.498,20.161,22.693,20.206,15.034,13.628,9.549,2.564,-1.110,2.545,7.628,16.290,27.868,38.675,43.229,41.009,41.290,36.925
34.636,29.355,25.139,23.499,21.206,20.415,19.538,20.253,22.754,20.303,15.098,13.701,9.618,2.767,-1.104,2.550,7.694,16.379,27.988,38.803,43.353,41.147,41.400,37.018
34.787,29.474,25.204,23.577,21.299,20.452,19.612,20.329,22.760,20.371,15.159,13.771,9.720,2.813,-1.052,2.565,7.695,16.511,28.089,38.984,43.502,41.346,41.565,37.164
34.971,29.621,25.270,23.658,21.437,20.461,19.649,20.423,22.761,20.440,15.245,13.855,9.850,2.893,-0.765,2.577,7.743,16.704,28.216,39.211,43.692,41.589,41.785,37.367
35.178,29.845,25.501,23.891,21.670,20.648,19.683,20.675,23.003,20.685,15.501,14.108,10.104,2.932,-0.746,2.595,7.792,16.965,28.462,39.411,43.892,41.782,41.982,37.572
35.380,30.005,25.607,24.005,21.774,20.709,19.688,20.776,23.006,20.786,15.569,14.187,10.199,3.023,-0.715,2.775,7.855,17.096,28.606,39.650,44.110,42.044,42.203,37.762
35.578,30.148,25.696,24.099,21.869,20.762,19.692,20.831,23.014,20.853,15.600,14.233,10.267,3.080,-0.577,2.822,7.886,17.169,28.693,39.885,44.321,42.308,42.426,37.954
35.779,30.299,25.800,24.206,21.920,20.853,19.703,20.914,23.015,20.949,15.624,14.278,10.310,3.153,-0.523,2.915,7.929,17.246,28.837,40.124,44.548,42.578,42.637,38.120
35.927,30.399,25.845,24.262,21.966,20.866,19.713,20.943,23.032,20.989,15.625,14.301,10.364,3.176,-0.467,2.926,7.967,17.306,28.896,40.309,44.694,42.790,42.794,38.246
36.176,30.599,26.024,24.444,22.041,20.892,19.740,21.046,23.038,21.129,15.631,14.345,10.417,3.204,-0.431,3.048,7.971,17.395,29.086,40.584,44.948,43.100,43.018,38.421
36.375,30.712,26.045,24.464,22.104,20.934,19.780,21.082,23.042,21.166,15.694,14.410,10.466,3.241,-0.397,3.195,7.975,17.397,29.112,40.848,45.208,43.401,43.302,38.660
36.669,30.946,26.137,24.567,22.274,21.012,19.825,21.191,23.043,21.214,15.727,14.412,10.508,3.252,-0.235,3.327,7.982,17.673,29.368,41.226,45.582,43.805,43.694,39.006
36.901,31.111,26.235,24.663,22.346,21.097,19.826,21.253,23.060,21.281,15.734,14.423,10.516,3.275,-0.208,3.343,8.016,17.738,29.505,41.510,45.868,44.124,43.973,39.235
37.203,31.360,26.468,24.907,22.523,21.162,19.857,21.423,23.066,21.505,15.873,14.618,10.739,3.291,-0.191,3.408,8.032,17.875,29.676,41.830,46.133,44.480,44.239,39.468
37.590,31.637,26.587,25.032,22.693,21.236,19.862,21.526,23.098,21.579,15.909,14.642,10.789,3.300,-0.166,3.451,8.072,18.072,29.904,42.320,46.612,45.021,44.739,39.896
38.002,31.942,26.769,25.243,22.915,21.259,19.870,21.671,23.102,21.747,15.930,14.734,10.981,3.302,-0.150,3.452,8.149,18.309,30.093,42.809,47.000,45.569,45.169,40.270
38.474,32.244,26.901,25.374,23.018,21.267,19.871,21.699,23.145,21.794,16.015,14.799,11.035,3.311,-0.117,3.464,8.192,18.356,30.279,43.409,47.587,46.256,45.760,40.745
39.213,32.803,27.242,25.745,23.405,21.418,19.883,21.983,23.163,22.089,16.120,14.970,11.309,3.346,-0.037,3.486,8.197,18.767,30.696,44.290,48.370,47.230,46.587,41.463
40.203,33.643,27.859,26.357,24.062,21.735,19.954,22.587,23.514,22.634,16.601,15.408,11.737,3.351,0.056,3.552,8.205,18.881,31.525,45.434,49.552,48.442,47.771,42.533
41.236,34.397,28.670,27.087,24.481,22.922,20.642,22.831,23.982,23.149,16.694,15.627,11.813,3.351,0.125,3.654,8.206,19.182,31.841,46.531,50.724,49.684,48.868,43.461
43.221,35.925,30.346,28.599,25.786,25.169,22.511,23.428,25.142,24.196,17.257,16.330,12.324,3.533,0.138,3.695,8.235,19.480,32.378,48.575,52.929,51.925,51.079,45.491
