21.292,15.948,15.503,13.891,11.852,14.751,34.088,51.834,55.347,48.810,41.466,38.452,32.390,30.332,28.620,33.456,32.868,45.489,53.960,60.065,57.319,46.139,32.815,29.614
30.776,27.303,26.935,25.788,24.398,26.438,39.897,52.405,55.360,49.955,45.116,43.244,39.010,36.856,36.132,38.665,38.740,47.445,54.052,60.091,57.412,48.631,39.154,36.702
33.290,30.254,29.923,28.838,27.567,29.393,41.516,52.407,55.383,50.285,46.053,44.494,40.638,38.372,38.133,39.867,40.274,48.136,54.126,60.115,57.672,49.427,40.711,38.624
34.716,31.959,31.663,30.588,29.415,31.024,42.091,52.527,55.466,50.399,46.140,44.955,41.455,39.184,39.268,40.678,41.126,48.252,54.200,60.116,57.710,49.648,41.242,39.402
35.315,32.670,32.380,31.308,30.163,31.719,42.485,52.567,55.475,50.418,46.378,45.302,41.890,39.537,39.782,40.958,41.508,48.433,54.335,60.117,57.727,49.914,41.620,39.854
35.551,32.986,32.687,31.579,30.463,31.954,42.538,52.734,55.479,50.469,46.413,45.576,42.262,39.724,40.142,41.208,41.764,48.483,54.358,60.128,57.752,50.250,41.715,39.885
36.179,33.691,33.387,32.386,31.310,32.827,43.163,52.888,55.482,50.784,47.034,45.998,42.734,40.372,40.548,41.640,42.182,48.794,54.385,60.137,57.769,50.376,42.477,40.617
36.496,34.049,33.749,32.755,31.697,33.184,43.358,52.951,55.505,50.881,47.173,46.183,42.977,40.628,40.822,41.893,42.423,48.883,54.418,60.151,57.773,50.513,42.684,40.844
36.722,34.399,34.070,33.164,32.163,33.667,43.615,53.067,55.523,50.923,47.537,46.483,43.352,40.971,41.004,42.017,42.557,48.920,54.422,60.167,57.788,50.583,43.174,41.149
36.983,34.709,34.378,33.475,32.490,33.974,43.806,53.109,55.535,51.019,47.696,46.692,43.602,41.176,41.255,42.192,42.760,48.997,54.439,60.183,57.845,50.761,43.387,41.357
37.264,35.039,34.714,33.816,32.854,34.293,43.908,53.177,55.555,51.032,47.720,46.792,43.782,41.377,41.487,42.412,42.951,49.029,54.514,60.184,57.857,50.811,43.497,41.497
37.426,35.220,34.889,34.027,33.082,34.529,44.073,53.215,55.576,51.129,47.830,46.940,43.954,41.611,41.608,42.598,43.093,49.126,54.519,60.222,58.036,50.870,43.608,41.687
37.805,35.583,35.277,34.279,33.305,34.652,44.184,53.229,55.585,51.194,47.923,47.195,44.239,41.687,42.115,42.932,43.464,49.246,54.559,60.233,58.149,51.220,43.736,41.740
37.882,35.769,35.443,34.534,33.617,34.971,44.235,53.265,55.598,51.256,47.950,47.237,44.369,41.867,42.130,42.934,43.501,49.353,54.612,60.243,58.158,51.390,43.866,41.858
38.129,36.043,35.727,34.785,33.867,35.180,44.349,53.273,55.607,51.263,47.957,47.357,44.522,41.951,42.362,43.059,43.643,49.368,54.614,60.276,58.222,51.422,43.907,41.979
38.265,36.216,35.900,34.960,34.052,35.351,44.431,53.306,55.630,51.282,48.003,47.437,44.629,42.028,42.480,43.111,43.723,49.393,54.642,60.299,58.276,51.443,43.995,42.075
38.393,36.380,36.063,35.117,34.215,35.500,44.514,53.381,55.745,51.372,48.045,47.526,44.737,42.072,42.605,43.128,43.795,49.469,54.740,60.310,58.314,51.530,44.068,42.166
38.624,36.602,36.299,35.337,34.425,35.692,44.675,53.398,55.761,51.409,48.118,47.621,44.833,42.194,42.792,43.286,43.971,49.565,54.782,60.334,58.358,51.646,44.152,42.341
38.749,36.764,36.455,35.478,34.578,35.820,44.737,53.436,55.779,51.469,48.178,47.782,45.031,42.295,42.976,43.403,44.104,49.618,54.796,60.491,58.449,51.835,44.235,42.390
38.882,36.862,36.556,35.608,34.715,35.966,44.866,53.465,55.901,51.538,48.216,47.848,45.127,42.529,43.056,43.689,44.268,49.781,54.822,60.520,58.479,51.857,44.344,42.541
39.143,37.164,36.878,35.897,35.001,36.199,44.931,53.564,55.946,51.621,48.314,47.866,45.149,42.553,43.245,43.693,44.363,49.782,54.904,60.530,58.530,51.864,44.406,42.641
39.278,37.292,37.008,36.007,35.107,36.292,45.038,53.576,55.993,51.690,48.347,47.996,45.302,42.654,43.417,43.866,44.529,49.941,54.942,60.541,58.790,52.061,44.428,42.733
39.387,37.409,37.117,36.110,35.219,36.396,45.136,53.730,56.018,51.841,48.457,48.191,45.516,42.826,43.590,44.064,44.698,50.073,55.111,60.543,58.861,52.280,44.566,42.812
39.569,37.566,37.281,36.252,35.351,36.516,45.285,53.806,56.035,52.002,48.549,48.343,45.669,42.985,43.790,44.288,44.906,50.294,55.200,60.549,58.895,52.449,44.666,42.950
39.702,37.712,37.434,36.412,35.525,36.662,45.298,53.875,56.056,52.043,48.580,48.348,45.715,43.101,43.876,44.439,44.997,50.297,55.270,60.553,58.907,52.494,44.685,42.993
39.836,37.855,37.579,36.554,35.669,36.796,45.395,53.901,56.069,52.081,48.625,48.442,45.827,43.206,44.005,44.551,45.113,50.383,55.284,60.573,58.930,52.548,44.775,43.095
39.915,37.938,37.661,36.637,35.759,36.877,45.440,53.905,56.081,52.132,48.677,48.513,45.918,43.310,44.090,44.675,45.204,50.437,55.306,60.585,58.938,52.614,44.837,43.142
40.021,38.046,37.774,36.673,35.771,36.878,45.508,53.909,56.099,52.139,48.712,48.552,45.968,43.382,44.170,44.748,45.281,50.487,55.308,60.588,58.938,52.644,44.888,43.222
40.081,38.059,37.775,36.750,35.873,36.982,45.597,53.931,56.103,52.172,48.717,48.608,46.052,43.411,44.303,44.756,45.345,50.496,55.323,60.589,58.940,52.676,44.950,43.264
40.194,38.269,38.000,36.972,36.103,37.189,45.660,53.979,56.110,52.216,48.867,48.688,46.133,43.518,44.365,44.828,45.421,50.554,55.324,60.589,58.942,52.683,45.001,43.335
40.316,38.399,38.130,37.131,36.267,37.367,45.741,53.983,56.135,52.216,48.907,48.729,46.197,43.549,44.404,44.888,45.459,50.561,55.337,60.619,58.955,52.690,45.124,43.504
40.358,38.459,38.186,37.199,36.347,37.443,45.764,54.042,56.160,52.319,48.957,48.818,46.297,43.622,44.476,45.021,45.571,50.683,55.386,60.631,58.971,52.781,45.187,43.536
40.499,38.588,38.320,37.331,36.479,37.566,45.866,54.058,56.193,52.326,48.991,48.833,46.315,43.766,44.530,45.067,45.602,50.689,55.405,60.642,58.977,52.787,45.275,43.644
40.562,38.662,38.396,37.407,36.558,37.636,45.892,54.090,56.217,52.398,48.992,48.898,46.325,43.793,44.577,45.094,45.635,50.786,55.440,60.653,58.981,52.860,45.293,43.680
40.669,38.759,38.497,37.504,36.655,37.722,45.955,54.129,56.232,52.433,49.042,48.946,46.404,43.908,44.679,45.233,45.752,50.823,55.463,60.665,58.981,52.879,45.347,43.746
40.761,38.867,38.606,37.621,36.772,37.844,46.057,54.141,56.270,52.451,49.114,48.952,46.445,43.941,44.732,45.249,45.784,50.865,55.476,60.669,58.990,52.897,45.437,43.863
40.870,38.979,38.723,37.737,36.892,37.949,46.101,54.203,56.283,52.504,49.124,48.974,46.495,44.021,44.815,45.337,45.866,50.889,55.522,60.711,59.008,52.937,45.469,43.921
40.919,39.042,38.782,37.811,36.972,38.040,46.183,54.210,56.318,52.536,49.215,49.052,46.573,44.097,44.855,45.368,45.905,50.900,55.545,60.748,59.046,53.019,45.576,44.008
41.005,39.129,38.873,37.884,37.045,38.091,46.202,54.243,56.348,52.588,49.232,49.096,46.635,44.141,44.958,45.461,45.992,50.953,55.582,60.770,59.083,53.083,45.588,44.023
41.113,39.239,38.987,37.992,37.153,38.187,46.265,54.283,56.429,52.616,49.250,49.154,46.706,44.218,45.057,45.559,46.084,51.022,55.617,60.791,59.117,53.124,45.621,44.092
41.170,39.306,39.053,38.062,37.226,38.260,46.320,54.366,56.505,52.623,49.304,49.208,46.764,44.270,45.109,45.596,46.129,51.055,55.687,60.866,59.136,53.164,45.685,44.151
41.267,39.401,39.149,38.170,37.335,38.377,46.430,54.425,56.520,52.707,49.414,49.279,46.832,44.373,45.174,45.678,46.206,51.141,55.759,60.885,59.205,53.254,45.802,44.273
41.395,39.528,39.282,38.290,37.449,38.479,46.521,54.431,56.638,52.783,49.456,49.346,46.898,44.429,45.290,45.752,46.305,51.238,55.783,60.941,59.236,53.282,45.847,44.367
41.436,39.579,39.331,38.342,37.506,38.535,46.558,54.458,56.663,52.807,49.499,49.393,46.952,44.477,45.332,45.789,46.341,51.258,55.882,60.950,59.281,53.289,45.900,44.406
41.560,39.686,39.442,38.461,37.622,38.655,46.680,54.562,56.676,52.930,49.616,49.477,47.033,44.614,45.426,45.936,46.461,51.392,55.908,60.960,59.305,53.359,46.014,44.538
41.645,39.779,39.536,38.555,37.715,38.745,46.752,54.604,56.745,52.971,49.664,49.526,47.083,44.660,45.494,45.971,46.516,51.441,55.920,60.987,59.350,53.401,46.073,44.616
41.742,39.874,39.635,38.648,37.806,38.832,46.831,54.667,56.815,53.043,49.722,49.591,47.149,44.732,45.582,46.054,46.602,51.525,55.985,60.991,59.361,53.472,46.133,44.698
41.846,39.969,39.732,38.756,37.915,38.945,46.938,54.748,56.827,53.140,49.830,49.664,47.222,44.855,45.657,46.175,46.699,51.627,56.047,61.055,59.380,53.515,46.244,44.816
41.903,40.036,39.799,38.834,38.000,39.028,46.975,54.751,56.834,53.143,49.866,49.691,47.263,44.915,45.692,46.220,46.733,51.633,56.060,61.071,59.385,53.520,46.301,44.866
41.980,40.120,39.885,38.915,38.082,39.098,47.014,54.763,56.874,53.170,49.882,49.733,47.319,44.965,45.768,46.285,46.798,51.672,56.065,61.146,59.410,53.564,46.328,44.908
42.086,40.220,39.989,39.013,38.180,39.185,47.076,54.800,57.032,53.233,49.918,49.785,47.380,45.052,45.862,46.403,46.897,51.755,56.107,61.197,59.443,53.624,46.370,44.976
42.234,40.353,40.128,39.164,38.323,39.344,47.256,54.944,57.099,53.377,50.078,49.877,47.450,45.177,45.952,46.499,47.005,51.908,56.235,61.277,59.528,53.685,46.528,45.172
42.319,40.440,40.215,39.249,38.410,39.425,47.325,55.012,57.159,53.451,50.146,49.960,47.540,45.264,46.044,46.576,47.095,51.985,56.306,61.330,59.579,53.773,46.598,45.240
42.383,40.523,40.295,39.337,38.499,39.525,47.423,55.091,57.261,53.500,50.241,50.033,47.604,45.299,46.092,46.597,47.122,52.021,56.372,61.498,59.649,53.820,46.705,45.343
42.497,40.634,40.408,39.453,38.613,39.640,47.536,55.189,57.297,53.602,50.345,50.124,47.692,45.404,46.190,46.678,47.224,52.128,56.466,61.521,59.723,53.903,46.811,45.462
42.573,40.714,40.489,39.527,38.690,39.706,47.578,55.228,57.346,53.652,50.380,50.191,47.773,45.474,46.279,46.769,47.306,52.184,56.512,61.576,59.875,53.983,46.851,45.502
42.713,40.844,40.619,39.651,38.809,39.827,47.731,55.402,57.485,53.824,50.530,50.339,47.910,45.609,46.425,46.915,47.457,52.359,56.692,61.618,59.904,54.151,46.987,45.649
42.783,40.912,40.687,39.728,38.887,39.911,47.814,55.477,57.557,53.897,50.621,50.407,47.975,45.692,46.481,46.984,47.521,52.428,56.759,61.678,59.946,54.199,47.081,45.737
42.926,41.049,40.830,39.853,39.007,40.016,47.909,55.563,57.659,54.005,50.679,50.504,48.078,45.792,46.629,47.126,47.661,52.559,56.859,61.749,60.063,54.331,47.136,45.830
42.991,41.112,40.894,39.913,39.066,40.072,47.967,55.625,57.724,54.070,50.733,50.568,48.143,45.850,46.700,47.194,47.730,52.626,56.925,61.836,60.139,54.405,47.187,45.885
43.115,41.243,41.026,40.050,39.199,40.213,48.114,55.745,57.842,54.172,50.858,50.667,48.227,45.926,46.794,47.231,47.811,52.729,57.035,61.929,60.212,54.487,47.318,46.040
43.218,41.343,41.127,40.160,39.307,40.331,48.245,55.865,57.963,54.285,50.991,50.763,48.312,46.032,46.874,47.312,47.899,52.838,57.145,61.952,60.281,54.562,47.451,46.178
43.302,41.434,41.219,40.236,39.383,40.391,48.283,55.902,57.974,54.329,51.004,50.832,48.395,46.078,46.981,47.388,47.984,52.892,57.186,61.964,60.363,54.665,47.468,46.209
43.387,41.548,41.331,40.359,39.516,40.520,48.346,55.908,57.997,54.331,51.055,50.885,48.466,46.136,47.044,47.407,48.023,52.896,57.196,61.995,60.382,54.678,47.553,46.287
43.481,41.647,41.433,40.454,39.611,40.604,48.399,55.931,58.000,54.365,51.076,50.930,48.520,46.187,47.128,47.472,48.094,52.944,57.212,61.995,60.390,54.731,47.584,46.346
43.566,41.733,41.522,40.540,39.697,40.682,48.456,55.968,58.035,54.415,51.116,50.985,48.584,46.258,47.209,47.558,48.173,53.005,57.252,62.077,60.431,54.789,47.632,46.406
43.644,41.815,41.602,40.623,39.781,40.769,48.543,56.055,58.117,54.495,51.207,51.070,48.667,46.335,47.285,47.622,48.245,53.079,57.335,62.119,60.512,54.867,47.725,46.494
43.794,41.958,41.753,40.769,39.923,40.903,48.656,56.126,58.200,54.588,51.279,51.143,48.743,46.441,47.405,47.747,48.367,53.198,57.407,62.249,60.547,54.942,47.803,46.617
43.913,42.077,41.874,40.872,40.025,40.990,48.735,56.218,58.299,54.691,51.339,51.256,48.865,46.530,47.551,47.873,48.497,53.310,57.516,62.342,60.707,55.096,47.860,46.687
44.012,42.171,41.968,40.969,40.124,41.088,48.829,56.312,58.394,54.795,51.442,51.355,48.969,46.655,47.649,48.009,48.609,53.415,57.609,62.439,60.795,55.189,47.963,46.782
44.122,42.300,42.096,41.088,40.243,41.201,48.925,56.400,58.470,54.869,51.518,51.464,49.081,46.714,47.771,48.056,48.697,53.489,57.701,62.516,60.923,55.312,48.047,46.875
44.248,42.426,42.223,41.222,40.377,41.338,49.054,56.506,58.575,54.975,51.639,51.565,49.180,46.832,47.874,48.161,48.804,53.599,57.799,62.665,60.988,55.394,48.176,47.013
44.435,42.593,42.392,41.406,40.561,41.531,49.251,56.690,58.772,55.182,51.853,51.726,49.340,47.074,48.030,48.411,49.002,53.812,57.973,62.735,61.095,55.525,48.386,47.221
44.513,42.688,42.487,41.487,40.643,41.600,49.301,56.737,58.809,55.221,51.879,51.803,49.425,47.099,48.129,48.440,49.067,53.853,58.029,62.819,61.204,55.628,48.419,47.264
44.592,42.778,42.573,41.579,40.744,41.699,49.375,56.816,58.870,55.297,51.979,51.913,49.550,47.216,48.224,48.551,49.160,53.918,58.106,62.857,61.306,55.724,48.530,47.338
44.674,42.871,42.664,41.673,40.841,41.793,49.444,56.867,58.909,55.346,52.042,51.984,49.629,47.286,48.302,48.611,49.227,53.966,58.153,63.032,61.357,55.785,48.604,47.411
44.872,43.048,42.848,41.841,41.006,41.941,49.585,57.014,59.080,55.534,52.166,52.145,49.803,47.491,48.513,48.889,49.456,54.180,58.318,63.212,61.539,55.983,48.719,47.547
44.990,43.167,42.963,41.963,41.128,42.075,49.746,57.193,59.256,55.694,52.347,52.300,49.945,47.626,48.632,48.997,49.578,54.324,58.491,63.456,61.704,56.127,48.893,47.705
45.185,43.339,43.137,42.131,41.294,42.237,49.927,57.406,59.489,55.932,52.544,52.505,50.153,47.867,48.844,49.288,49.819,54.569,58.716,63.579,61.938,56.354,49.073,47.879
45.273,43.447,43.238,42.240,41.412,42.356,50.027,57.519,59.575,56.027,52.677,52.649,50.309,47.991,48.956,49.387,49.919,54.642,58.825,63.673,62.086,56.483,49.217,47.975
45.427,43.598,43.393,42.387,41.558,42.491,50.139,57.613,59.675,56.141,52.765,52.761,50.432,48.122,49.107,49.547,50.068,54.773,58.925,63.818,62.191,56.609,49.309,48.089
45.552,43.738,43.528,42.514,41.696,42.612,50.222,57.715,59.760,56.251,52.867,52.925,50.624,48.277,49.279,49.732,50.227,54.877,59.040,64.049,62.386,56.791,49.420,48.161
45.815,43.985,43.778,42.784,41.960,42.898,50.539,58.008,60.064,56.538,53.188,53.158,50.832,48.552,49.485,49.966,50.462,55.163,59.311,64.292,62.554,56.978,49.736,48.495
46.018,44.181,43.970,43.001,42.177,43.141,50.815,58.289,60.342,56.801,53.505,53.393,51.048,48.813,49.658,50.177,50.665,55.406,59.572,64.603,62.748,57.164,50.048,48.779
46.259,44.421,44.204,43.255,42.435,43.419,51.120,58.615,60.658,57.106,53.859,53.691,51.335,49.122,49.894,50.445,50.922,55.686,59.883,64.762,63.029,57.424,50.397,49.085
46.360,44.564,44.336,43.391,42.582,43.566,51.241,58.751,60.749,57.197,54.008,53.875,51.531,49.222,50.035,50.492,51.016,55.744,60.014,64.780,63.239,57.597,50.564,49.197
46.556,44.773,44.541,43.612,42.807,43.805,51.476,58.972,60.952,57.394,54.261,54.089,51.739,49.430,50.211,50.646,51.190,55.925,60.218,64.949,63.414,57.771,50.828,49.441
46.842,45.086,44.845,43.959,43.157,44.200,51.899,59.366,61.307,57.713,54.724,54.426,52.041,49.731,50.438,50.793,51.410,56.199,60.565,65.250,63.662,58.006,51.307,49.883
46.998,45.288,45.025,44.206,43.432,44.514,52.169,59.616,61.476,57.902,55.118,54.705,52.331,50.045,50.568,50.957,51.557,56.317,60.759,65.412,63.803,58.133,51.741,50.174
47.139,45.439,45.168,44.365,43.603,44.691,52.331,59.803,61.638,58.080,55.341,54.918,52.558,50.276,50.732,51.170,51.734,56.468,60.938,65.607,64.007,58.316,51.971,50.334
47.368,45.670,45.388,44.600,43.846,44.948,52.614,60.147,61.967,58.405,55.703,55.260,52.902,50.615,51.000,51.493,52.022,56.757,61.279,65.985,64.381,58.642,52.321,50.605
47.645,45.949,45.661,44.844,44.095,45.176,52.853,60.479,62.298,58.743,55.976,55.641,53.305,50.939,51.381,51.889,52.389,57.083,61.646,66.442,64.903,59.100,52.575,50.808
48.065,46.339,46.052,45.234,44.482,45.566,53.289,60.966,62.809,59.248,56.446,56.095,53.752,51.431,51.819,52.424,52.868,57.587,62.143,66.963,65.396,59.572,53.018,51.235
48.312,46.625,46.319,45.532,44.799,45.906,53.622,61.342,63.125,59.563,56.881,56.500,54.165,51.789,52.104,52.689,53.142,57.837,62.496,67.346,65.799,59.914,53.468,51.561
48.773,47.158,46.833,46.028,45.309,46.406,54.096,61.881,63.598,60.024,57.388,57.128,54.812,52.216,52.677,53.061,53.615,58.246,63.049,67.985,66.557,60.580,53.993,52.002
49.559,47.941,47.605,46.817,46.103,47.224,54.972,62.832,64.537,60.941,58.350,58.046,55.715,53.112,53.496,53.921,54.458,59.119,63.992,68.969,67.519,61.477,54.934,52.864
50.508,48.901,48.497,47.938,47.297,48.586,56.425,64.444,65.995,62.416,60.371,59.561,57.216,54.913,54.410,55.372,55.623,60.342,65.448,70.412,68.732,62.545,56.963,54.348
51.639,50.107,49.622,49.409,48.837,50.416,58.401,66.394,67.714,64.048,62.928,61.223,58.751,56.802,55.246,56.477,56.686,61.646,67.100,71.844,69.748,63.464,59.584,56.440
53.149,51.809,51.247,51.174,50.654,52.377,60.433,68.545,69.612,65.830,65.300,63.351,60.817,58.553,56.813,57.650,58.136,63.144,69.117,73.918,71.832,65.288,62.017,58.464
