18.715,14.817,10.889,11.158,12.372,13.181,26.494,41.110,41.168,31.925,26.151,26.871,22.848,20.725,22.345,29.122,28.253,36.966,49.483,55.070,54.764,49.415,37.079,27.851
30.020,27.828,25.290,25.366,26.280,27.059,36.972,47.452,47.321,41.228,36.643,36.964,33.819,32.407,33.297,37.867,37.367,44.289,52.232,56.758,56.167,51.378,44.102,37.554
32.525,30.069,28.022,27.727,28.517,29.315,38.700,48.931,48.611,42.854,38.554,39.113,36.647,35.295,36.311,40.067,39.893,45.623,52.317,57.313,57.021,52.004,45.187,38.810
33.515,31.258,29.356,29.105,29.823,30.613,39.554,49.301,48.972,43.672,39.529,39.930,37.499,36.252,37.135,40.527,40.409,46.001,52.443,57.407,57.139,52.189,45.693,39.568
34.921,32.359,30.828,30.288,30.892,31.681,40.177,49.775,49.306,44.217,40.344,40.946,39.091,37.879,38.895,41.625,41.770,46.327,52.471,57.427,57.324,52.255,45.873,39.834
35.350,32.818,31.362,30.794,31.376,32.176,40.583,50.098,49.603,44.636,40.788,41.372,39.565,38.378,39.371,41.959,42.148,46.620,52.590,57.468,57.532,52.404,46.159,40.166
36.168,33.675,32.239,31.687,32.258,33.033,41.244,50.549,50.072,45.192,41.442,42.022,40.262,39.097,40.077,42.628,42.805,47.160,52.621,57.585,57.571,52.866,46.714,40.854
36.547,34.110,32.712,32.166,32.724,33.496,41.593,50.762,50.283,45.509,41.800,42.355,40.611,39.471,40.422,42.900,43.087,47.399,52.888,57.880,57.845,52.879,46.963,41.184
36.921,34.561,33.210,32.674,33.215,33.981,41.917,50.896,50.416,45.788,42.139,42.658,40.935,39.828,40.741,43.123,43.319,47.571,53.009,57.893,57.913,52.986,47.153,41.487
37.250,34.955,33.607,33.097,33.636,34.397,42.260,51.128,50.660,46.102,42.475,42.961,41.215,40.126,41.007,43.379,43.562,47.842,53.029,57.895,57.937,53.010,47.444,41.845
37.540,35.259,33.978,33.456,33.964,34.720,42.421,51.151,50.671,46.244,42.689,43.154,41.473,40.413,41.275,43.494,43.715,47.854,53.046,57.902,57.960,53.183,47.482,41.954
37.761,35.548,34.280,33.778,34.282,35.032,42.635,51.232,50.707,46.419,42.898,43.333,41.643,40.604,41.435,43.627,43.838,47.979,53.070,57.914,57.990,53.204,47.572,42.177
38.054,35.831,34.611,34.088,34.574,35.315,42.795,51.283,50.759,46.531,43.075,43.524,41.908,40.883,41.719,43.825,44.060,48.011,53.109,57.936,58.021,53.207,47.622,42.309
38.409,36.120,34.963,34.385,34.853,35.592,42.997,51.288,50.808,46.713,43.306,43.802,42.296,41.273,42.140,44.139,44.419,48.055,53.118,57.957,58.065,53.217,47.691,42.418
38.647,36.321,35.212,34.599,35.051,35.785,43.103,51.473,50.969,46.756,43.435,43.958,42.535,41.518,42.403,44.317,44.627,48.218,53.135,57.975,58.085,53.336,47.821,42.451
38.843,36.514,35.439,34.810,35.251,35.983,43.178,51.530,51.012,46.790,43.581,44.111,42.730,41.723,42.608,44.459,44.789,48.272,53.149,57.980,58.094,53.338,47.859,42.519
39.075,36.651,35.651,34.952,35.370,36.099,43.236,51.609,51.063,46.900,43.627,44.200,42.997,41.989,42.920,44.514,44.957,48.338,53.163,57.984,58.097,53.355,47.877,42.580
39.219,36.802,35.801,35.102,35.521,36.249,43.260,51.620,51.082,46.905,43.642,44.235,43.083,42.123,43.029,44.644,45.029,48.352,53.173,57.986,58.099,53.384,47.933,42.625
39.225,36.823,35.937,35.211,35.583,36.300,43.411,51.768,51.213,47.046,43.788,44.383,43.145,42.137,43.069,44.799,45.182,48.491,53.178,57.991,58.122,53.471,48.027,42.733
39.540,37.117,36.184,35.460,35.854,36.577,43.595,51.800,51.244,47.202,44.012,44.606,43.446,42.462,43.387,44.978,45.400,48.552,53.180,57.996,58.150,53.478,48.092,42.863
39.746,37.339,36.410,35.699,36.086,36.791,43.688,51.834,51.263,47.222,44.098,44.694,43.565,42.590,43.513,45.095,45.505,48.581,53.199,58.006,58.200,53.485,48.130,42.973
39.926,37.444,36.565,35.805,36.176,36.879,43.729,51.854,51.276,47.256,44.170,44.809,43.775,42.798,43.754,45.246,45.697,48.603,53.206,58.056,58.227,53.513,48.131,42.984
39.989,37.536,36.658,35.906,36.278,36.986,43.846,51.964,51.386,47.389,44.288,44.908,43.848,42.877,43.817,45.306,45.755,48.707,53.251,58.061,58.248,53.589,48.241,43.086
40.162,37.647,36.788,36.008,36.371,37.080,43.941,52.107,51.515,47.495,44.407,45.053,44.045,43.067,44.033,45.478,45.952,48.815,53.275,58.094,58.333,53.742,48.341,43.151
40.345,37.868,37.020,36.244,36.608,37.308,44.093,52.129,51.550,47.589,44.534,45.184,44.191,43.223,44.180,45.627,46.091,48.907,53.277,58.109,58.364,53.751,48.432,43.318
40.431,37.965,37.109,36.323,36.684,37.400,44.131,52.154,51.570,47.610,44.586,45.220,44.233,43.274,44.221,45.640,46.103,48.921,53.302,58.112,58.443,53.762,48.442,43.360
40.490,37.967,37.125,36.361,36.716,37.410,44.284,52.261,51.677,47.766,44.760,45.391,44.406,43.426,44.391,45.789,46.267,49.026,53.367,58.140,58.448,53.877,48.568,43.493
40.624,38.154,37.332,36.560,36.906,37.600,44.301,52.312,51.726,47.853,44.780,45.422,44.426,43.474,44.419,45.824,46.307,49.092,53.369,58.141,58.463,53.913,48.637,43.495
40.770,38.295,37.478,36.703,37.048,37.737,44.392,52.329,51.756,47.864,44.865,45.504,44.556,43.605,44.554,45.920,46.398,49.122,53.390,58.158,58.464,53.955,48.660,43.604
40.843,38.372,37.579,36.800,37.133,37.820,44.414,52.341,51.756,47.890,44.903,45.537,44.614,43.673,44.617,45.931,46.421,49.130,53.406,58.162,58.466,53.961,48.683,43.610
40.959,38.488,37.703,36.925,37.253,37.934,44.483,52.343,51.760,47.916,44.979,45.612,44.705,43.770,44.704,46.004,46.483,49.144,53.447,58.163,58.478,53.967,48.718,43.678
41.005,38.570,37.775,37.021,37.348,38.024,44.533,52.420,51.848,47.947,45.025,45.635,44.706,43.779,44.713,46.004,46.497,49.190,53.481,58.167,58.483,54.004,48.719,43.748
41.092,38.685,37.892,37.142,37.473,38.150,44.652,52.453,51.886,48.057,45.131,45.735,44.795,43.872,44.787,46.096,46.568,49.252,53.515,58.188,58.494,54.018,48.819,43.871
41.184,38.797,38.005,37.261,37.593,38.266,44.733,52.513,51.917,48.113,45.201,45.803,44.864,43.945,44.855,46.170,46.635,49.312,53.546,58.222,58.523,54.049,48.877,43.963
41.282,38.911,38.130,37.386,37.715,38.388,44.827,52.516,51.945,48.201,45.298,45.893,44.958,44.046,44.948,46.241,46.710,49.377,53.612,58.238,58.541,54.109,48.943,44.050
41.371,39.011,38.229,37.490,37.819,38.490,44.913,52.576,52.011,48.278,45.381,45.972,45.035,44.126,45.022,46.317,46.782,49.451,53.635,58.259,58.560,54.132,49.020,44.141
41.450,39.087,38.315,37.569,37.896,38.566,44.972,52.620,52.053,48.327,45.440,46.038,45.115,44.208,45.107,46.389,46.858,49.500,53.651,58.287,58.613,54.167,49.062,44.193
41.535,39.148,38.387,37.632,37.952,38.619,45.003,52.650,52.078,48.357,45.487,46.091,45.194,44.287,45.195,46.445,46.926,49.517,53.667,58.315,58.655,54.190,49.084,44.212
41.591,39.228,38.455,37.719,38.040,38.705,45.077,52.698,52.135,48.427,45.558,46.145,45.224,44.320,45.215,46.482,46.951,49.579,53.692,58.338,58.664,54.244,49.163,44.304
41.665,39.298,38.548,37.800,38.113,38.779,45.118,52.716,52.145,48.466,45.613,46.201,45.307,44.409,45.304,46.524,47.009,49.588,53.730,58.356,58.698,54.263,49.168,44.322
41.764,39.386,38.642,37.888,38.199,38.862,45.181,52.767,52.196,48.516,45.677,46.274,45.398,44.500,45.401,46.614,47.101,49.645,53.740,58.389,58.728,54.303,49.222,44.384
41.830,39.463,38.719,37.969,38.280,38.942,45.249,52.816,52.246,48.577,45.742,46.336,45.457,44.562,45.458,46.670,47.155,49.702,53.785,58.478,58.797,54.340,49.279,44.454
41.937,39.587,38.832,38.091,38.408,39.066,45.368,52.912,52.350,48.677,45.843,46.436,45.545,44.650,45.543,46.784,47.256,49.824,53.908,58.497,58.805,54.435,49.398,44.592
42.027,39.691,38.938,38.200,38.518,39.173,45.450,52.959,52.400,48.741,45.917,46.510,45.620,44.728,45.618,46.863,47.329,49.891,53.954,58.559,58.870,54.465,49.463,44.681
42.115,39.783,39.028,38.295,38.612,39.265,45.530,53.025,52.469,48.814,45.997,46.586,45.695,44.805,45.692,46.938,47.402,49.962,54.027,58.597,58.894,54.543,49.540,44.766
42.209,39.870,39.118,38.387,38.699,39.349,45.587,53.066,52.511,48.867,46.065,46.652,45.770,44.883,45.770,46.999,47.466,50.002,54.071,58.597,58.926,54.615,49.591,44.823
42.339,40.004,39.240,38.514,38.831,39.477,45.712,53.176,52.628,48.969,46.172,46.767,45.883,44.992,45.884,47.143,47.598,50.138,54.213,58.706,59.015,54.733,49.719,44.966
42.446,40.099,39.338,38.610,38.924,39.568,45.796,53.264,52.715,49.054,46.264,46.861,45.986,45.094,45.990,47.241,47.699,50.221,54.303,58.799,59.119,54.841,49.806,45.048
42.533,40.170,39.416,38.678,38.990,39.632,45.849,53.317,52.765,49.098,46.319,46.928,46.074,45.181,46.085,47.325,47.790,50.274,54.346,58.845,59.169,54.897,49.852,45.095
42.587,40.264,39.505,38.780,39.097,39.741,45.951,53.383,52.837,49.192,46.405,47.000,46.121,45.233,46.121,47.380,47.832,50.362,54.412,58.883,59.184,54.919,49.939,45.209
42.677,40.358,39.602,38.879,39.194,39.834,46.016,53.420,52.876,49.242,46.470,47.065,46.193,45.309,46.196,47.448,47.899,50.410,54.447,58.901,59.204,54.960,49.990,45.277
42.768,40.443,39.696,38.964,39.278,39.919,46.098,53.501,52.953,49.321,46.551,47.153,46.294,45.409,46.301,47.542,47.999,50.490,54.508,58.968,59.268,55.018,50.061,45.350
42.830,40.498,39.761,39.024,39.333,39.974,46.140,53.539,52.987,49.365,46.603,47.206,46.361,45.478,46.371,47.589,48.054,50.520,54.523,58.995,59.306,55.049,50.091,45.381
42.931,40.596,39.865,39.123,39.431,40.071,46.225,53.616,53.062,49.445,46.689,47.297,46.463,45.581,46.476,47.684,48.153,50.598,54.586,59.058,59.370,55.116,50.166,45.461
43.027,40.675,39.956,39.206,39.508,40.147,46.279,53.664,53.107,49.496,46.754,47.368,46.556,45.675,46.576,47.759,48.237,50.641,54.619,59.098,59.425,55.175,50.209,45.506
43.117,40.768,40.059,39.302,39.603,40.242,46.360,53.729,53.169,49.570,46.834,47.452,46.651,45.773,46.673,47.843,48.325,50.708,54.656,59.135,59.459,55.207,50.269,45.578
43.183,40.855,40.143,39.398,39.698,40.336,46.441,53.786,53.230,49.650,46.917,47.519,46.702,45.829,46.718,47.887,48.364,50.771,54.720,59.184,59.511,55.269,50.344,45.665
43.286,40.968,40.255,39.514,39.815,40.448,46.524,53.833,53.281,49.711,46.992,47.596,46.785,45.914,46.801,47.975,48.447,50.840,54.772,59.207,59.525,55.311,50.411,45.757
43.406,41.096,40.389,39.643,39.947,40.581,46.652,53.948,53.395,49.829,47.110,47.719,46.912,46.043,46.930,48.107,48.577,50.967,54.868,59.295,59.596,55.381,50.524,45.884
43.541,41.245,40.524,39.785,40.095,40.730,46.817,54.114,53.566,49.987,47.258,47.868,47.044,46.172,47.057,48.269,48.727,51.149,55.060,59.468,59.746,55.540,50.701,46.065
43.611,41.325,40.606,39.870,40.180,40.813,46.888,54.165,53.618,50.051,47.326,47.932,47.107,46.237,47.119,48.327,48.784,51.206,55.080,59.497,59.781,55.583,50.761,46.137
43.667,41.371,40.671,39.926,40.228,40.862,46.912,54.179,53.626,50.080,47.368,47.974,47.170,46.304,47.186,48.353,48.824,51.207,55.107,59.505,59.794,55.586,50.763,46.141
43.755,41.469,40.760,40.022,40.327,40.960,47.011,54.271,53.722,50.172,47.458,48.062,47.247,46.381,47.261,48.447,48.910,51.311,55.192,59.591,59.878,55.682,50.867,46.252
43.841,41.560,40.856,40.120,40.422,41.055,47.092,54.336,53.787,50.253,47.544,48.142,47.328,46.466,47.340,48.513,48.978,51.375,55.247,59.645,59.939,55.745,50.937,46.329
43.896,41.645,40.930,40.211,40.516,41.146,47.172,54.386,53.845,50.328,47.619,48.199,47.361,46.503,47.364,48.550,49.004,51.439,55.318,59.689,59.979,55.803,51.015,46.424
43.959,41.718,41.002,40.289,40.593,41.224,47.248,54.454,53.914,50.408,47.696,48.267,47.419,46.564,47.418,48.604,49.055,51.507,55.387,59.756,60.048,55.871,51.090,46.502
44.038,41.805,41.103,40.385,40.685,41.317,47.314,54.492,53.949,50.467,47.766,48.336,47.500,46.651,47.500,48.660,49.119,51.547,55.388,59.757,60.052,55.874,51.126,46.556
44.161,41.923,41.226,40.503,40.803,41.431,47.406,54.564,54.021,50.538,47.851,48.433,47.615,46.765,47.621,48.781,49.239,51.635,55.457,59.808,60.094,55.937,51.205,46.651
44.280,42.062,41.349,40.640,40.946,41.570,47.542,54.679,54.145,50.658,47.972,48.548,47.711,46.861,47.711,48.905,49.347,51.774,55.608,59.922,60.191,56.062,51.347,46.810
44.442,42.214,41.520,40.798,41.099,41.721,47.652,54.756,54.219,50.748,48.084,48.673,47.868,47.021,47.878,49.044,49.495,51.861,55.651,59.958,60.229,56.114,51.423,46.908
44.571,42.313,41.637,40.894,41.190,41.814,47.746,54.875,54.326,50.849,48.189,48.795,48.024,47.174,48.044,49.179,49.648,51.959,55.729,60.071,60.353,56.214,51.509,46.978
44.639,42.395,41.726,40.986,41.279,41.904,47.822,54.934,54.385,50.933,48.275,48.868,48.090,47.246,48.107,49.221,49.694,52.013,55.770,60.116,60.410,56.264,51.572,47.048
44.765,42.514,41.839,41.101,41.395,42.020,47.950,55.077,54.528,51.063,48.401,48.997,48.216,47.370,48.233,49.358,49.828,52.153,55.927,60.275,60.568,56.422,51.713,47.180
44.869,42.607,41.944,41.194,41.485,42.109,48.021,55.137,54.585,51.122,48.473,49.081,48.325,47.478,48.349,49.458,49.935,52.217,55.963,60.312,60.604,56.462,51.765,47.241
44.992,42.739,42.066,41.323,41.618,42.243,48.172,55.297,54.748,51.279,48.619,49.220,48.447,47.599,48.466,49.593,50.064,52.379,56.142,60.487,60.772,56.628,51.930,47.402
45.090,42.874,42.194,41.466,41.765,42.388,48.301,55.382,54.839,51.390,48.731,49.321,48.527,47.684,48.537,49.684,50.141,52.491,56.235,60.543,60.807,56.685,52.043,47.546
45.198,43.002,42.321,41.599,41.900,42.525,48.438,55.507,54.966,51.532,48.867,49.445,48.635,47.796,48.639,49.788,50.242,52.619,56.355,60.659,60.918,56.790,52.175,47.685
45.325,43.166,42.487,41.776,42.077,42.703,48.596,55.624,55.086,51.687,49.021,49.581,48.754,47.923,48.749,49.892,50.341,52.748,56.456,60.742,60.994,56.870,52.310,47.845
45.446,43.287,42.613,41.897,42.198,42.829,48.740,55.786,55.242,51.844,49.167,49.726,48.896,48.066,48.890,50.026,50.480,52.896,56.597,60.905,61.156,57.006,52.454,47.978
45.611,43.412,42.760,42.021,42.313,42.942,48.829,55.882,55.330,51.928,49.272,49.853,49.071,48.238,49.080,50.176,50.649,52.978,56.658,60.990,61.262,57.110,52.527,48.045
45.778,43.603,42.937,42.212,42.511,43.137,49.024,56.057,55.513,52.111,49.452,50.025,49.220,48.389,49.222,50.349,50.808,53.176,56.863,61.162,61.415,57.284,52.727,48.261
45.935,43.773,43.087,42.380,42.682,43.307,49.208,56.242,55.707,52.296,49.629,50.189,49.357,48.524,49.351,50.509,50.953,53.369,57.095,61.375,61.624,57.508,52.933,48.465
46.072,43.941,43.253,42.559,42.861,43.486,49.368,56.368,55.837,52.456,49.790,50.331,49.479,48.654,49.464,50.619,51.058,53.503,57.219,61.482,61.732,57.624,53.080,48.631
46.200,44.088,43.398,42.721,43.017,43.642,49.511,56.493,55.965,52.616,49.950,50.463,49.589,48.772,49.565,50.700,51.138,53.614,57.349,61.614,61.892,57.783,53.222,48.773
46.378,44.280,43.579,42.917,43.213,43.841,49.730,56.726,56.201,52.859,50.178,50.669,49.764,48.948,49.729,50.871,51.304,53.833,57.602,61.876,62.167,58.045,53.461,48.997
46.629,44.532,43.819,43.161,43.463,44.087,49.978,56.966,56.448,53.087,50.408,50.908,50.000,49.181,49.966,51.140,51.562,54.096,57.874,62.120,62.390,58.294,53.717,49.263
46.859,44.828,44.080,43.463,43.776,44.399,50.304,57.256,56.756,53.409,50.710,51.173,50.194,49.380,50.136,51.372,51.761,54.419,58.231,62.422,62.665,58.596,54.061,49.630
47.012,44.998,44.254,43.638,43.950,44.585,50.528,57.514,57.007,53.677,50.948,51.390,50.386,49.575,50.317,51.535,51.932,54.642,58.454,62.693,62.945,58.817,54.292,49.835
47.177,45.164,44.434,43.815,44.121,44.757,50.683,57.659,57.147,53.842,51.118,51.553,50.555,49.750,50.486,51.670,52.078,54.773,58.567,62.822,63.093,58.952,54.431,49.975
47.364,45.391,44.638,44.047,44.358,44.993,50.924,57.876,57.377,54.083,51.349,51.757,50.713,49.912,50.629,51.847,52.235,55.007,58.832,63.052,63.315,59.194,54.685,50.242
47.660,45.671,44.905,44.318,44.630,45.268,51.246,58.253,57.753,54.433,51.679,52.082,51.021,50.214,50.934,52.165,52.552,55.358,59.239,63.488,63.764,59.619,55.048,50.565
47.939,45.987,45.221,44.647,44.960,45.596,51.545,58.501,58.006,54.719,51.971,52.358,51.282,50.482,51.186,52.420,52.799,55.628,59.481,63.698,63.963,59.837,55.323,50.873
48.185,46.290,45.512,44.962,45.280,45.920,51.875,58.799,58.312,55.057,52.291,52.646,51.520,50.730,51.405,52.657,53.022,55.937,59.784,63.982,64.232,60.101,55.646,51.216
48.426,46.633,45.856,45.347,45.661,46.311,52.247,59.099,58.617,55.467,52.678,52.955,51.749,50.984,51.598,52.821,53.177,56.227,60.047,64.240,64.504,60.343,55.984,51.584
48.847,47.074,46.289,45.793,46.108,46.757,52.686,59.520,59.043,55.904,53.114,53.378,52.155,51.393,51.998,53.231,53.579,56.657,60.481,64.657,64.918,60.768,56.422,52.034
49.412,47.870,46.966,46.611,46.964,47.615,53.618,60.351,59.933,56.849,53.971,54.099,52.617,51.874,52.370,53.809,54.049,57.579,61.529,65.542,65.716,61.629,57.425,53.098
50.357,48.857,47.965,47.595,47.960,48.625,54.674,61.417,60.988,57.912,54.995,55.130,53.632,52.890,53.377,54.832,55.072,58.653,62.520,66.553,66.664,62.516,58.454,54.137
51.467,50.071,49.147,48.822,49.198,49.913,56.212,63.148,62.704,59.664,56.570,56.585,54.892,54.157,54.566,56.034,56.275,60.239,64.213,68.434,68.565,64.160,60.099,55.637
53.388,52.260,51.199,50.997,51.440,52.195,58.802,65.826,65.419,62.366,59.045,58.924,56.887,56.154,56.445,58.199,58.330,62.953,67.051,71.234,71.186,66.652,62.831,58.332
