-3.447,-7.946,-10.247,-11.471,-8.487,-3.572,-0.237,8.999,10.785,13.237,15.184,16.986,18.017,19.893,23.162,28.288,32.210,37.900,40.230,36.988,36.028,30.545,30.554,26.317
1.379,-2.039,-4.871,-6.020,-3.051,1.399,4.819,13.277,15.185,17.275,18.553,20.613,21.549,23.371,26.940,31.724,36.087,41.757,43.297,40.884,39.533,33.950,33.652,29.248
4.432,1.858,-1.453,-2.610,0.431,4.638,8.055,16.076,18.029,19.800,20.608,22.839,23.774,25.557,29.417,33.922,38.654,44.111,44.964,43.265,41.865,36.160,35.790,31.235
6.185,3.982,0.615,-0.520,2.371,6.313,9.722,17.240,19.284,21.005,21.775,23.981,24.932,26.685,30.507,34.922,39.537,44.713,45.320,43.760,42.386,36.859,36.596,32.287
7.408,5.388,2.055,0.934,3.691,7.453,10.827,17.993,20.088,21.803,22.619,24.762,25.735,27.461,31.199,35.558,40.001,44.919,45.416,43.878,42.584,37.242,37.111,33.045
8.617,6.736,3.469,2.427,5.038,8.573,11.979,18.768,20.920,22.634,23.378,25.527,26.429,28.127,31.769,36.072,40.420,45.395,45.870,44.332,42.818,37.617,37.364,33.425
9.798,8.025,4.794,3.777,6.326,9.754,13.100,19.688,21.812,23.475,24.173,26.291,27.172,28.834,32.416,36.616,40.892,45.751,46.167,44.703,43.201,38.109,37.854,34.001
10.506,8.713,5.543,4.569,7.091,10.469,13.799,20.324,22.412,24.054,24.682,26.806,27.630,29.270,32.803,36.947,41.215,46.177,46.630,45.175,43.561,38.501,38.119,34.240
11.484,9.820,6.698,5.731,8.139,11.377,14.663,20.906,23.025,24.667,25.357,27.413,28.260,29.876,33.323,37.420,41.519,46.240,46.642,45.186,43.648,38.758,38.507,34.848
12.205,10.685,7.517,6.557,8.957,12.132,15.386,21.509,23.613,25.188,25.796,27.860,28.699,30.293,33.755,37.769,41.891,46.538,46.818,45.490,43.971,39.104,38.841,35.187
12.637,11.217,8.012,7.050,9.431,12.557,15.811,21.839,23.965,25.522,26.115,28.181,29.031,30.621,34.094,38.090,42.206,46.780,46.983,45.706,44.208,39.363,39.135,35.523
13.254,11.830,8.677,7.725,10.085,13.188,16.383,22.363,24.441,25.972,26.558,28.590,29.428,30.994,34.417,38.350,42.412,46.921,47.135,45.876,44.415,39.633,39.408,35.831
13.755,12.452,9.277,8.328,10.649,13.676,16.858,22.689,24.788,26.293,26.863,28.886,29.732,31.286,34.702,38.597,42.626,47.029,47.157,45.956,44.524,39.794,39.611,36.107
14.259,12.909,9.800,8.838,11.145,14.190,17.292,23.128,25.171,26.666,27.295,29.254,30.120,31.653,35.011,38.863,42.799,47.053,47.205,45.989,44.698,40.043,39.949,36.516
14.471,13.200,10.035,9.070,11.385,14.409,17.531,23.333,25.399,26.878,27.472,29.455,30.325,31.863,35.259,39.108,43.088,47.342,47.429,46.266,44.956,40.276,40.177,36.728
14.747,13.454,10.326,9.364,11.659,14.674,17.775,23.554,25.609,27.094,27.715,29.673,30.545,32.076,35.438,39.277,43.208,47.422,47.532,46.343,45.063,40.423,40.347,36.939
15.189,13.880,10.816,9.867,12.120,15.099,18.163,23.871,25.905,27.391,28.032,29.955,30.818,32.332,35.633,39.440,43.293,47.453,47.590,46.377,45.117,40.551,40.488,37.147
15.480,14.198,11.153,10.218,12.437,15.368,18.435,24.060,26.106,27.595,28.231,30.149,31.001,32.508,35.785,39.581,43.403,47.538,47.692,46.462,45.182,40.653,40.577,37.274
15.703,14.341,11.364,10.443,12.654,15.595,18.634,24.283,26.291,27.784,28.428,30.326,31.157,32.653,35.884,39.661,43.447,47.558,47.759,46.474,45.250,40.774,40.663,37.359
15.871,14.479,11.541,10.624,12.810,15.740,18.772,24.397,26.406,27.917,28.597,30.474,31.306,32.800,35.995,39.780,43.514,47.633,47.838,46.582,45.275,40.858,40.768,37.509
16.208,14.826,11.932,11.038,13.181,16.054,19.080,24.610,26.619,28.131,28.800,30.667,31.477,32.958,36.110,39.870,43.559,47.677,47.914,46.615,45.321,40.919,40.797,37.579
16.582,15.254,12.345,11.452,13.576,16.416,19.445,24.910,26.937,28.444,29.112,30.977,31.793,33.272,36.362,40.042,43.586,47.730,47.983,46.670,45.329,40.985,40.965,37.896
16.727,15.406,12.506,11.622,13.736,16.558,19.586,25.024,27.039,28.526,29.208,31.030,31.853,33.299,36.424,40.178,43.855,47.986,48.201,46.907,45.572,41.181,41.080,37.901
16.935,15.606,12.784,11.895,13.966,16.764,19.701,25.064,27.049,28.553,29.239,31.074,31.880,33.355,36.497,40.240,43.912,48.055,48.273,46.981,45.623,41.243,41.122,37.942
17.035,15.792,12.890,12.018,14.088,16.839,19.873,25.181,27.233,28.732,29.376,31.239,32.041,33.509,36.634,40.361,44.001,48.104,48.278,47.006,45.625,41.291,41.177,38.056
17.073,15.862,12.899,12.020,14.139,16.921,19.963,25.336,27.376,28.843,29.428,31.325,32.123,33.596,36.777,40.492,44.220,48.370,48.505,47.300,45.900,41.498,41.344,38.136
17.133,15.999,12.959,12.072,14.223,17.007,20.071,25.452,27.508,28.948,29.479,31.412,32.214,33.693,36.935,40.645,44.453,48.622,48.686,47.555,46.134,41.677,41.505,38.241
17.199,16.110,13.024,12.128,14.293,17.081,20.159,25.544,27.616,29.049,29.567,31.516,32.329,33.815,37.092,40.810,44.600,48.690,48.757,47.589,46.209,41.817,41.677,38.398
17.470,16.344,13.340,12.455,14.561,17.307,20.359,25.660,27.730,29.189,29.770,31.671,32.484,33.959,37.158,40.871,44.652,48.812,48.831,47.709,46.314,41.835,41.702,38.528
17.581,16.484,13.444,12.548,14.684,17.452,20.492,25.827,27.881,29.313,29.865,31.776,32.595,34.068,37.299,40.992,44.762,48.836,48.865,47.726,46.320,41.967,41.853,38.652
17.843,16.791,13.779,12.904,14.976,17.662,20.718,25.910,28.001,29.450,30.012,31.915,32.724,34.191,37.382,41.076,44.786,48.845,48.868,47.732,46.325,41.976,41.864,38.722
17.962,16.919,13.916,13.043,15.099,17.768,20.824,25.982,28.081,29.536,30.111,32.006,32.817,34.284,37.462,41.157,44.844,48.861,48.896,47.748,46.354,42.017,41.920,38.818
18.082,17.065,14.058,13.186,15.230,17.879,20.936,26.057,28.165,29.618,30.194,32.086,32.900,34.365,37.540,41.231,44.869,48.879,48.899,47.750,46.389,42.046,41.967,38.897
18.257,17.219,14.265,13.405,15.409,18.024,21.071,26.129,28.238,29.708,30.312,32.180,32.987,34.444,37.571,41.257,44.907,48.921,48.925,47.780,46.398,42.065,41.978,38.946
18.374,17.348,14.392,13.534,15.532,18.136,21.187,26.228,28.343,29.814,30.415,32.285,33.091,34.548,37.674,41.361,44.970,48.962,48.991,47.806,46.402,42.139,42.058,39.044
18.519,17.544,14.543,13.675,15.696,18.308,21.352,26.401,28.512,29.956,30.529,32.410,33.224,34.681,37.840,41.509,45.157,49.117,49.101,47.957,46.593,42.306,42.234,39.193
18.638,17.634,14.669,13.802,15.803,18.410,21.442,26.477,28.584,30.042,30.649,32.508,33.326,34.780,37.908,41.581,45.182,49.123,49.120,47.973,46.603,42.349,42.303,39.303
18.707,17.757,14.748,13.879,15.890,18.487,21.536,26.555,28.677,30.122,30.698,32.579,33.398,34.855,38.016,41.687,45.328,49.274,49.232,48.110,46.735,42.456,42.399,39.377
18.778,17.826,14.816,13.952,15.964,18.559,21.613,26.634,28.757,30.201,30.765,32.653,33.465,34.923,38.085,41.756,45.406,49.375,49.339,48.218,46.822,42.536,42.460,39.425
18.861,17.973,14.911,14.044,16.072,18.657,21.727,26.735,28.871,30.295,30.820,32.732,33.544,35.005,38.206,41.870,45.571,49.552,49.462,48.394,46.977,42.660,42.569,39.503
18.952,18.074,15.006,14.138,16.166,18.749,21.819,26.822,28.959,30.380,30.903,32.816,33.630,35.091,38.295,41.957,45.660,49.633,49.535,48.474,47.061,42.744,42.656,39.592
19.057,18.214,15.137,14.271,16.282,18.838,21.920,26.872,29.030,30.455,30.978,32.894,33.710,35.173,38.377,42.044,45.738,49.691,49.576,48.511,47.097,42.791,42.713,39.673
19.225,18.379,15.324,14.460,16.456,19.000,22.064,26.990,29.139,30.564,31.101,32.999,33.818,35.273,38.454,42.109,45.769,49.698,49.577,48.519,47.112,42.837,42.777,39.769
19.308,18.416,15.404,14.547,16.525,19.066,22.124,27.045,29.190,30.632,31.196,33.078,33.891,35.344,38.492,42.152,45.773,49.700,49.629,48.520,47.117,42.869,42.809,39.827
19.404,18.535,15.487,14.621,16.630,19.194,22.245,27.207,29.338,30.756,31.290,33.185,34.002,35.455,38.637,42.283,45.950,49.877,49.773,48.712,47.325,43.042,42.976,39.950
19.500,18.697,15.613,14.746,16.747,19.283,22.351,27.261,29.418,30.830,31.349,33.256,34.078,35.535,38.736,42.383,46.065,49.975,49.823,48.791,47.394,43.108,43.051,40.035
19.606,18.814,15.717,14.847,16.861,19.404,22.466,27.388,29.535,30.934,31.436,33.348,34.170,35.624,38.836,42.472,46.172,50.078,49.912,48.905,47.514,43.217,43.155,40.121
19.716,19.030,15.840,14.955,17.001,19.543,22.619,27.536,29.701,31.065,31.519,33.463,34.300,35.761,39.040,42.665,46.440,50.320,50.054,49.138,47.763,43.416,43.368,40.295
19.816,19.149,15.953,15.071,17.112,19.640,22.721,27.617,29.789,31.150,31.596,33.544,34.378,35.839,39.120,42.743,46.521,50.404,50.127,49.212,47.832,43.486,43.432,40.361
19.907,19.224,16.053,15.173,17.196,19.715,22.791,27.666,29.840,31.214,31.683,33.617,34.453,35.911,39.171,42.798,46.542,50.406,50.146,49.219,47.834,43.514,43.476,40.437
20.019,19.367,16.189,15.308,17.313,19.808,22.894,27.722,29.917,31.298,31.780,33.711,34.555,36.016,39.273,42.909,46.635,50.468,50.187,49.250,47.880,43.577,43.563,40.560
20.070,19.490,16.246,15.355,17.381,19.874,22.977,27.802,30.016,31.379,31.831,33.785,34.641,36.108,39.414,43.051,46.830,50.654,50.306,49.425,48.058,43.717,43.711,40.681
20.178,19.652,16.370,15.476,17.508,19.988,23.103,27.904,30.132,31.481,31.906,33.877,34.735,36.205,39.537,43.168,46.978,50.797,50.404,49.562,48.187,43.829,43.822,40.780
20.304,19.764,16.505,15.611,17.631,20.108,23.208,27.997,30.218,31.571,32.017,33.971,34.832,36.297,39.608,43.235,47.013,50.803,50.422,49.565,48.213,43.880,43.891,40.876
20.483,19.965,16.708,15.814,17.825,20.287,23.374,28.132,30.349,31.694,32.138,34.084,34.948,36.407,39.711,43.321,47.084,50.836,50.439,49.596,48.264,43.950,43.977,40.982
20.597,20.056,16.832,15.944,17.933,20.382,23.465,28.198,30.416,31.774,32.242,34.173,35.034,36.491,39.765,43.379,47.102,50.845,50.474,49.598,48.265,43.983,44.017,41.057
20.667,20.119,16.886,15.990,17.994,20.464,23.541,28.309,30.519,31.875,32.347,34.277,35.145,36.604,39.888,43.504,47.238,50.971,50.597,49.727,48.419,44.123,44.170,41.196
20.799,20.180,17.005,16.114,18.107,20.589,23.644,28.432,30.618,31.987,32.489,34.394,35.257,36.708,39.952,43.565,47.253,50.983,50.669,49.751,48.459,44.193,44.241,41.287
20.861,20.263,17.065,16.174,18.178,20.662,23.723,28.517,30.705,32.064,32.543,34.463,35.322,36.775,40.038,43.647,47.364,51.112,50.780,49.886,48.577,44.291,44.323,41.345
20.914,20.301,17.100,16.208,18.218,20.713,23.784,28.600,30.794,32.161,32.645,34.569,35.429,36.888,40.156,43.779,47.504,51.274,50.952,50.046,48.728,44.430,44.457,41.469
20.997,20.387,17.181,16.283,18.296,20.797,23.866,28.689,30.884,32.251,32.744,34.665,35.533,36.992,40.265,43.891,47.615,51.365,51.036,50.132,48.835,44.535,44.581,41.597
21.055,20.425,17.232,16.336,18.341,20.841,23.918,28.742,30.945,32.327,32.836,34.754,35.622,37.085,40.348,43.990,47.700,51.462,51.152,50.220,48.915,44.620,44.668,41.695
21.137,20.548,17.319,16.412,18.429,20.932,24.011,28.834,31.045,32.416,32.919,34.843,35.724,37.190,40.479,44.119,47.849,51.577,51.225,50.326,49.049,44.740,44.813,41.837
21.250,20.653,17.428,16.517,18.540,21.055,24.119,28.958,31.156,32.521,33.029,34.946,35.830,37.293,40.579,44.211,47.937,51.645,51.295,50.387,49.149,44.842,44.927,41.950
21.422,20.811,17.617,16.705,18.706,21.210,24.259,29.069,31.265,32.641,33.183,35.076,35.968,37.426,40.683,44.313,47.989,51.645,51.308,50.401,49.172,44.905,45.027,42.100
21.517,20.948,17.713,16.792,18.806,21.314,24.373,29.186,31.395,32.761,33.291,35.197,36.099,37.563,40.851,44.485,48.191,51.833,51.454,50.565,49.363,45.072,45.209,42.268
21.648,21.103,17.870,16.953,18.951,21.432,24.494,29.261,31.480,32.847,33.376,35.279,36.180,37.642,40.921,44.552,48.243,51.873,51.483,50.595,49.384,45.111,45.250,42.333
21.738,21.189,17.961,17.046,19.040,21.519,24.582,29.345,31.564,32.934,33.466,35.368,36.268,37.729,41.004,44.635,48.322,51.953,51.567,50.675,49.461,45.192,45.330,42.417
21.829,21.283,18.067,17.157,19.127,21.583,24.659,29.382,31.622,33.010,33.561,35.458,36.359,37.823,41.084,44.731,48.391,52.020,51.641,50.721,49.493,45.244,45.391,42.513
21.966,21.398,18.192,17.278,19.258,21.731,24.793,29.544,31.768,33.151,33.707,35.597,36.500,37.961,41.218,44.858,48.515,52.135,51.768,50.846,49.640,45.391,45.543,42.657
22.039,21.423,18.255,17.348,19.316,21.792,24.848,29.606,31.822,33.220,33.797,35.674,36.570,38.029,41.258,44.904,48.531,52.165,51.842,50.880,49.667,45.437,45.582,42.711
22.187,21.524,18.380,17.473,19.453,21.955,24.993,29.798,31.987,33.383,33.962,35.832,36.721,38.176,41.394,45.031,48.656,52.305,52.016,51.044,49.838,45.605,45.737,42.845
22.286,21.668,18.485,17.571,19.562,22.062,25.110,29.910,32.111,33.496,34.057,35.941,36.838,38.296,41.542,45.179,48.834,52.473,52.143,51.205,50.003,45.750,45.890,42.985
22.471,21.880,18.697,17.779,19.749,22.226,25.275,30.025,32.245,33.638,34.225,36.096,37.007,38.466,41.703,45.347,48.969,52.552,52.201,51.254,50.084,45.858,46.042,43.188
22.581,22.088,18.834,17.910,19.887,22.340,25.416,30.123,32.376,33.753,34.305,36.204,37.123,38.590,41.874,45.521,49.192,52.764,52.333,51.447,50.262,46.006,46.196,43.329
22.651,22.205,18.926,18.002,19.964,22.390,25.489,30.146,32.432,33.815,34.370,36.277,37.204,38.677,41.973,45.634,49.306,52.866,52.401,51.520,50.324,46.071,46.276,43.433
22.775,22.411,19.053,18.120,20.119,22.550,25.661,30.330,32.621,33.969,34.462,36.404,37.335,38.811,42.168,45.814,49.569,53.139,52.597,51.803,50.596,46.287,46.474,43.570
22.865,22.506,19.143,18.208,20.201,22.628,25.752,30.413,32.720,34.078,34.583,36.527,37.462,38.943,42.303,45.965,49.715,53.284,52.739,51.933,50.725,46.416,46.614,43.722
22.971,22.610,19.240,18.299,20.303,22.742,25.860,30.542,32.843,34.197,34.704,36.646,37.587,39.069,42.437,46.097,49.855,53.410,52.859,52.061,50.874,46.557,46.767,43.867
23.121,22.833,19.430,18.484,20.466,22.867,26.006,30.611,32.953,34.311,34.828,36.774,37.731,39.218,42.598,46.272,50.019,53.525,52.919,52.135,50.959,46.656,46.906,44.052
23.280,22.947,19.581,18.634,20.611,23.027,26.141,30.767,33.087,34.452,34.996,36.919,37.879,39.360,42.713,46.381,50.092,53.572,53.001,52.189,51.048,46.768,47.038,44.203
23.551,23.225,19.876,18.924,20.880,23.281,26.382,30.970,33.295,34.667,35.244,37.146,38.118,39.596,42.928,46.595,50.261,53.675,53.098,52.271,51.176,46.933,47.250,44.469
23.664,23.295,19.981,19.041,20.980,23.374,26.485,31.067,33.396,34.789,35.380,37.278,38.238,39.717,43.024,46.705,50.348,53.804,53.273,52.401,51.267,47.038,47.332,44.561
23.863,23.594,20.229,19.285,21.208,23.556,26.692,31.189,33.561,34.948,35.525,37.437,38.410,39.894,43.227,46.913,50.568,53.985,53.378,52.545,51.407,47.180,47.500,44.759
24.083,23.800,20.467,19.539,21.435,23.755,26.897,31.350,33.728,35.127,35.706,37.614,38.571,40.052,43.357,47.043,50.671,54.116,53.537,52.676,51.493,47.293,47.586,44.867
24.260,24.032,20.680,19.755,21.627,23.906,27.071,31.450,33.864,35.269,35.851,37.765,38.727,40.212,43.521,47.218,50.837,54.263,53.649,52.792,51.593,47.407,47.716,45.032
24.418,24.339,20.857,19.919,21.824,24.085,27.299,31.651,34.113,35.487,35.996,37.968,38.942,40.442,43.847,47.552,51.282,54.723,53.980,53.231,51.998,47.735,48.034,45.293
24.556,24.523,21.009,20.077,21.979,24.216,27.458,31.775,34.262,35.633,36.115,38.109,39.078,40.582,44.009,47.721,51.481,54.955,54.183,53.454,52.173,47.893,48.166,45.412
24.769,24.690,21.217,20.287,22.174,24.415,27.645,31.965,34.444,35.831,36.347,38.320,39.289,40.791,44.186,47.903,51.620,55.081,54.348,53.577,52.314,48.062,48.351,45.627
24.963,24.922,21.409,20.469,22.370,24.616,27.858,32.185,34.678,36.059,36.566,38.552,39.533,41.041,44.467,48.192,51.939,55.387,54.615,53.872,52.621,48.344,48.649,45.913
25.257,25.211,21.723,20.786,22.657,24.878,28.125,32.404,34.915,36.318,36.860,38.830,39.816,41.325,44.724,48.464,52.163,55.584,54.825,54.044,52.799,48.559,48.891,46.209
25.537,25.419,21.996,21.076,22.911,25.116,28.378,32.636,35.159,36.601,37.180,39.137,40.108,41.618,44.969,48.737,52.382,55.854,55.172,54.305,53.010,48.804,49.113,46.467
26.034,25.836,22.503,21.580,23.383,25.596,28.801,33.055,35.541,37.001,37.658,39.553,40.535,42.031,45.307,49.060,52.594,55.965,55.347,54.414,53.215,49.091,49.469,46.908
26.410,26.035,22.820,21.908,23.700,25.960,29.133,33.472,35.912,37.412,38.134,39.988,40.954,42.444,45.644,49.410,52.867,56.281,55.809,54.758,53.567,49.482,49.845,47.299
26.646,26.297,22.985,22.053,23.935,26.270,29.454,33.937,36.356,37.812,38.458,40.364,41.332,42.832,46.128,49.887,53.487,56.971,56.447,55.491,54.292,50.087,50.404,47.713
27.031,26.809,23.443,22.523,24.335,26.562,29.846,34.142,36.687,38.190,38.852,40.789,41.767,43.291,46.606,50.437,54.023,57.522,56.928,55.944,54.648,50.461,50.798,48.195
27.547,27.447,23.887,22.936,24.839,27.115,30.499,34.899,37.516,39.002,39.585,41.621,42.623,44.188,47.669,51.567,55.358,58.964,58.241,57.361,56.004,51.640,51.948,49.197
28.232,28.025,24.584,23.699,25.410,27.523,31.139,35.293,38.151,39.867,40.615,42.673,43.644,45.267,48.645,52.794,56.426,60.303,59.769,58.523,56.828,52.550,52.795,50.244
29.574,28.342,25.644,24.883,26.415,28.658,32.210,36.656,39.358,41.387,42.520,44.372,45.197,46.799,49.678,53.984,57.113,61.437,61.831,59.769,57.850,53.849,53.881,51.491
