-18.746,-22.137,-25.502,-25.075,-18.432,-8.290,8.599,22.077,26.875,23.750,21.805,22.161,19.070,22.522,31.229,32.203,39.248,47.588,45.225,38.223,30.596,22.099,17.242,11.094
4.791,2.114,-0.048,0.043,3.503,10.956,23.236,33.333,36.541,34.821,33.640,34.253,31.881,33.429,37.393,40.085,43.855,50.645,48.983,43.978,39.570,33.319,31.076,26.479
9.444,7.237,5.238,5.270,8.101,14.807,25.912,35.392,38.297,36.986,36.088,36.579,34.544,35.689,38.913,41.799,45.016,51.119,49.435,45.097,41.067,35.326,33.526,29.485
11.399,9.372,7.440,7.464,10.099,16.487,27.070,36.222,38.989,37.804,36.990,37.423,35.517,36.551,39.554,42.424,45.452,51.248,49.572,45.484,41.617,36.113,34.440,30.618
12.783,10.838,8.952,8.989,11.621,17.792,28.020,36.850,39.538,38.359,37.557,37.952,36.116,37.175,40.221,42.878,45.886,51.444,49.818,45.858,42.054,36.738,35.042,31.353
13.639,11.722,9.863,9.909,12.480,18.564,28.588,37.265,39.860,38.699,37.880,38.259,36.430,37.472,40.389,43.086,45.984,51.478,49.864,45.927,42.283,37.056,35.409,31.743
14.977,13.187,11.353,11.409,13.884,19.776,29.442,37.909,40.384,39.290,38.494,38.811,37.052,38.050,40.836,43.542,46.311,51.608,49.975,46.160,42.660,37.582,35.993,32.440
15.624,13.861,12.062,12.109,14.548,20.337,29.876,38.213,40.683,39.609,38.848,39.171,37.454,38.431,41.212,43.827,46.586,51.785,50.192,46.467,42.963,37.964,36.394,32.922
16.106,14.323,12.541,12.598,15.025,20.794,30.242,38.481,40.889,39.800,39.002,39.326,37.587,38.575,41.286,43.925,46.623,51.804,50.251,46.494,43.113,38.157,36.604,33.107
16.850,15.092,13.350,13.402,15.738,21.410,30.679,38.778,41.120,40.067,39.282,39.609,37.890,38.831,41.397,44.076,46.665,51.825,50.256,46.556,43.298,38.429,36.950,33.501
17.081,15.360,13.610,13.666,15.998,21.643,30.862,38.954,41.282,40.244,39.466,39.770,38.070,39.008,41.577,44.254,46.838,51.935,50.366,46.690,43.430,38.575,37.093,33.666
17.319,15.623,13.865,13.927,16.266,21.896,31.076,39.158,41.470,40.434,39.652,39.937,38.244,39.190,41.768,44.441,47.023,52.092,50.508,46.836,43.585,38.741,37.248,33.829
17.635,15.912,14.187,14.244,16.584,22.166,31.295,39.267,41.583,40.533,39.755,40.066,38.379,39.332,41.930,44.509,47.101,52.119,50.610,46.967,43.721,38.927,37.433,34.044
18.134,16.452,14.759,14.798,17.056,22.546,31.569,39.466,41.779,40.779,40.055,40.373,38.734,39.627,42.155,44.722,47.270,52.138,50.633,47.182,43.935,39.201,37.765,34.460
18.772,17.159,15.505,15.533,17.702,23.046,31.859,39.608,41.884,40.940,40.268,40.575,38.999,39.837,42.286,44.813,47.297,52.229,50.722,47.222,44.012,39.384,38.006,34.812
18.835,17.190,15.533,15.564,17.747,23.131,31.991,39.761,42.036,41.075,40.382,40.699,39.098,39.947,42.387,44.942,47.423,52.295,50.812,47.357,44.169,39.518,38.137,34.904
18.896,17.247,15.580,15.615,17.820,23.223,32.107,39.898,42.177,41.204,40.502,40.815,39.206,40.070,42.536,45.087,47.584,52.467,50.977,47.503,44.306,39.641,38.243,34.994
19.000,17.281,15.634,15.666,17.883,23.321,32.258,40.021,42.308,41.304,40.578,40.929,39.286,40.164,42.621,45.160,47.658,52.606,51.160,47.640,44.473,39.802,38.406,35.118
19.065,17.356,15.693,15.728,17.938,23.402,32.368,40.191,42.474,41.479,40.751,41.091,39.442,40.312,42.745,45.345,47.831,52.801,51.327,47.790,44.628,39.930,38.542,35.235
19.135,17.434,15.751,15.799,18.051,23.535,32.505,40.343,42.613,41.599,40.846,41.165,39.506,40.409,42.885,45.476,47.964,52.861,51.458,47.887,44.729,40.019,38.595,35.264
19.230,17.469,15.789,15.834,18.091,23.642,32.704,40.400,42.678,41.669,40.952,41.325,39.696,40.570,43.021,45.478,47.982,52.954,51.469,47.994,44.850,40.247,38.847,35.457
19.669,17.938,16.328,16.355,18.555,23.923,32.769,40.584,42.863,41.827,41.051,41.399,39.699,40.605,43.049,45.689,48.164,53.109,51.684,48.137,45.010,40.260,38.863,35.618
19.753,18.016,16.383,16.420,18.638,24.060,32.947,40.641,42.901,41.881,41.135,41.493,39.838,40.727,43.162,45.696,48.187,53.124,51.737,48.150,45.041,40.400,39.007,35.709
20.081,18.326,16.724,16.753,18.927,24.310,33.145,40.763,43.010,41.999,41.264,41.645,39.994,40.857,43.228,45.753,48.190,53.176,51.772,48.229,45.166,40.564,39.211,35.934
20.259,18.440,16.869,16.893,19.070,24.458,33.303,40.849,43.100,42.061,41.308,41.730,40.054,40.927,43.285,45.773,48.203,53.238,51.846,48.315,45.288,40.706,39.361,36.065
20.412,18.596,17.033,17.054,19.218,24.588,33.412,40.936,43.186,42.152,41.408,41.834,40.165,41.029,43.378,45.855,48.279,53.254,51.916,48.403,45.378,40.810,39.474,36.193
20.490,18.691,17.121,17.146,19.321,24.681,33.484,41.003,43.247,42.214,41.468,41.881,40.218,41.091,43.458,45.922,48.352,53.291,51.959,48.451,45.421,40.859,39.510,36.236
20.566,18.760,17.187,17.211,19.382,24.760,33.591,41.138,43.386,42.354,41.606,42.022,40.353,41.221,43.575,46.067,48.493,53.453,52.116,48.596,45.567,40.989,39.646,36.359
20.727,18.932,17.361,17.387,19.568,24.923,33.723,41.239,43.487,42.453,41.709,42.119,40.461,41.337,43.719,46.168,48.608,53.537,52.205,48.702,45.660,41.100,39.745,36.477
20.841,19.065,17.490,17.514,19.678,25.026,33.817,41.350,43.595,42.577,41.844,42.247,40.598,41.460,43.824,46.296,48.725,53.644,52.298,48.811,45.766,41.203,39.860,36.602
20.978,19.209,17.638,17.663,19.832,25.160,33.923,41.425,43.667,42.647,41.915,42.315,40.673,41.541,43.919,46.362,48.796,53.691,52.352,48.877,45.830,41.285,39.935,36.690
21.104,19.365,17.791,17.816,19.981,25.282,34.008,41.503,43.743,42.736,42.018,42.403,40.780,41.643,44.034,46.461,48.898,53.753,52.403,48.958,45.893,41.360,40.007,36.790
21.191,19.426,17.860,17.883,20.046,25.361,34.109,41.598,43.841,42.824,42.099,42.500,40.865,41.728,44.108,46.538,48.972,53.854,52.520,49.059,46.007,41.471,40.123,36.891
21.303,19.506,17.956,17.973,20.121,25.441,34.203,41.669,43.916,42.894,42.167,42.592,40.945,41.799,44.147,46.583,49.002,53.912,52.604,49.136,46.107,41.575,40.247,37.006
21.470,19.656,18.126,18.139,20.292,25.586,34.326,41.730,43.986,42.953,42.230,42.672,41.029,41.889,44.260,46.632,49.065,53.957,52.684,49.234,46.195,41.692,40.359,37.136
21.535,19.701,18.173,18.185,20.333,25.648,34.415,41.834,44.089,43.052,42.322,42.773,41.117,41.973,44.320,46.722,49.143,54.068,52.798,49.326,46.307,41.791,40.467,37.224
21.735,19.934,18.412,18.419,20.549,25.818,34.531,41.921,44.177,43.161,42.455,42.898,41.270,42.111,44.462,46.833,49.255,54.125,52.856,49.435,46.393,41.904,40.588,37.390
21.777,19.967,18.441,18.451,20.594,25.877,34.611,42.011,44.272,43.247,42.535,42.979,41.345,42.196,44.563,46.928,49.361,54.244,52.975,49.542,46.493,41.994,40.668,37.459
21.891,20.072,18.554,18.563,20.707,25.981,34.704,42.076,44.337,43.306,42.593,43.045,41.409,42.263,44.634,46.978,49.413,54.290,53.036,49.605,46.561,42.075,40.748,37.543
21.997,20.180,18.666,18.673,20.816,26.081,34.795,42.157,44.420,43.391,42.682,43.135,41.504,42.356,44.730,47.062,49.499,54.368,53.117,49.697,46.648,42.168,40.841,37.645
22.118,20.297,18.792,18.794,20.919,26.173,34.882,42.231,44.498,43.476,42.776,43.239,41.612,42.451,44.807,47.139,49.567,54.434,53.195,49.789,46.741,42.269,40.958,37.772
22.229,20.341,18.858,18.857,20.994,26.273,35.023,42.331,44.607,43.553,42.832,43.333,41.676,42.529,44.880,47.188,49.619,54.540,53.349,49.905,46.885,42.414,41.105,37.887
22.331,20.405,18.936,18.935,21.088,26.374,35.135,42.403,44.683,43.605,42.871,43.392,41.719,42.587,44.953,47.225,49.666,54.607,53.447,49.984,46.976,42.515,41.197,37.965
22.452,20.512,19.056,19.049,21.186,26.464,35.226,42.475,44.761,43.686,42.959,43.496,41.823,42.680,45.027,47.293,49.727,54.673,53.532,50.080,47.075,42.623,41.321,38.095
22.635,20.654,19.228,19.212,21.348,26.608,35.369,42.550,44.853,43.761,43.038,43.610,41.933,42.791,45.149,47.351,49.796,54.746,53.657,50.217,47.208,42.781,41.484,38.270
22.725,20.709,19.295,19.275,21.411,26.686,35.477,42.647,44.959,43.855,43.125,43.719,42.028,42.886,45.234,47.433,49.877,54.860,53.795,50.339,47.340,42.910,41.619,38.390
22.832,20.808,19.402,19.382,21.521,26.784,35.563,42.701,45.014,43.904,43.175,43.776,42.086,42.948,45.306,47.475,49.925,54.899,53.850,50.400,47.401,42.985,41.691,38.469
22.926,20.867,19.475,19.451,21.587,26.862,35.660,42.777,45.095,43.972,43.236,43.859,42.154,43.016,45.359,47.524,49.969,54.973,53.950,50.484,47.503,43.089,41.804,38.567
23.031,20.989,19.598,19.573,21.701,26.957,35.727,42.834,45.146,44.034,43.304,43.920,42.226,43.082,45.420,47.583,50.021,55.003,53.974,50.527,47.546,43.142,41.861,38.640
23.151,21.130,19.738,19.713,21.838,27.070,35.809,42.901,45.212,44.107,43.388,43.995,42.316,43.170,45.519,47.661,50.104,55.053,54.021,50.598,47.604,43.214,41.930,38.731
23.300,21.294,19.908,19.882,21.996,27.199,35.899,42.964,45.271,44.176,43.467,44.070,42.405,43.252,45.599,47.723,50.162,55.079,54.051,50.654,47.657,43.287,42.009,38.834
23.360,21.372,19.978,19.953,22.064,27.266,35.958,43.039,45.339,44.252,43.544,44.135,42.474,43.318,45.658,47.803,50.234,55.144,54.099,50.704,47.710,43.336,42.058,38.884
23.501,21.535,20.145,20.115,22.194,27.372,36.038,43.121,45.421,44.358,43.671,44.259,42.616,43.435,45.746,47.907,50.322,55.209,54.157,50.797,47.797,43.432,42.176,39.029
23.628,21.656,20.273,20.241,22.325,27.493,36.154,43.214,45.521,44.453,43.769,44.362,42.722,43.545,45.872,48.002,50.427,55.306,54.267,50.915,47.905,43.550,42.289,39.151
23.709,21.759,20.369,20.336,22.419,27.578,36.236,43.315,45.629,44.572,43.902,44.485,42.858,43.676,46.018,48.143,50.579,55.436,54.385,51.053,48.014,43.656,42.392,39.270
23.819,21.845,20.468,20.431,22.511,27.670,36.333,43.385,45.703,44.638,43.965,44.566,42.933,43.749,46.084,48.193,50.627,55.498,54.471,51.136,48.107,43.757,42.500,39.375
23.960,21.996,20.620,20.581,22.647,27.799,36.451,43.508,45.824,44.769,44.103,44.701,43.074,43.880,46.200,48.322,50.747,55.610,54.578,51.253,48.226,43.878,42.630,39.513
24.055,22.045,20.685,20.643,22.719,27.884,36.566,43.591,45.919,44.841,44.165,44.792,43.146,43.962,46.289,48.381,50.815,55.710,54.714,51.371,48.351,44.007,42.757,39.625
24.160,22.142,20.788,20.745,22.824,27.985,36.666,43.675,46.006,44.923,44.247,44.879,43.233,44.051,46.383,48.460,50.898,55.793,54.808,51.465,48.444,44.106,42.855,39.724
24.256,22.266,20.904,20.860,22.931,28.079,36.747,43.773,46.107,45.041,44.379,44.998,43.368,44.178,46.515,48.594,51.035,55.905,54.903,51.585,48.541,44.202,42.952,39.841
24.311,22.314,20.944,20.904,22.987,28.157,36.845,43.893,46.222,45.147,44.472,45.088,43.446,44.264,46.602,48.702,51.142,56.033,55.021,51.677,48.645,44.292,43.035,39.902
24.378,22.415,21.029,20.994,23.077,28.243,36.917,43.995,46.315,45.253,44.582,45.174,43.543,44.360,46.702,48.823,51.261,56.132,55.090,51.753,48.713,44.352,43.090,39.963
24.530,22.565,21.190,21.149,23.204,28.357,37.016,44.080,46.399,45.349,44.688,45.290,43.662,44.460,46.765,48.901,51.319,56.189,55.156,51.835,48.808,44.457,43.219,40.103
24.708,22.756,21.393,21.345,23.389,28.505,37.135,44.166,46.499,45.459,44.821,45.428,43.823,44.610,46.931,49.019,51.449,56.279,55.262,51.986,48.926,44.599,43.364,40.288
24.843,22.904,21.545,21.494,23.530,28.627,37.238,44.262,46.598,45.569,44.944,45.546,43.954,44.733,47.058,49.134,51.566,56.373,55.353,52.101,49.027,44.709,43.478,40.422
24.877,22.906,21.545,21.494,23.534,28.668,37.326,44.368,46.704,45.660,45.018,45.636,44.019,44.803,47.106,49.214,51.637,56.497,55.487,52.195,49.146,44.808,43.582,40.490
24.934,22.985,21.613,21.563,23.595,28.735,37.401,44.486,46.822,45.793,45.158,45.762,44.152,44.927,47.225,49.364,51.785,56.639,55.603,52.317,49.255,44.902,43.678,40.589
25.043,23.089,21.719,21.670,23.711,28.848,37.506,44.574,46.908,45.872,45.233,45.838,44.227,45.009,47.317,49.439,51.864,56.716,55.687,52.397,49.339,44.992,43.762,40.672
25.121,23.186,21.808,21.760,23.793,28.929,37.579,44.668,46.996,45.972,45.336,45.929,44.323,45.099,47.395,49.543,51.958,56.803,55.755,52.470,49.413,45.061,43.836,40.749
25.282,23.304,21.949,21.894,23.922,29.060,37.731,44.782,47.125,46.087,45.451,46.076,44.460,45.233,47.525,49.642,52.062,56.930,55.924,52.636,49.582,45.240,44.024,40.934
25.410,23.399,22.060,22.002,24.040,29.174,37.852,44.857,47.209,46.152,45.510,46.158,44.532,45.314,47.617,49.693,52.122,57.002,56.030,52.736,49.688,45.359,44.140,41.046
25.528,23.523,22.180,22.125,24.181,29.311,37.986,44.988,47.345,46.282,45.639,46.282,44.660,45.455,47.795,49.838,52.288,57.153,56.180,52.891,49.820,45.494,44.257,41.169
25.745,23.689,22.377,22.309,24.351,29.478,38.179,45.134,47.513,46.439,45.803,46.487,44.856,45.641,47.966,49.975,52.426,57.319,56.398,53.114,50.044,45.731,44.513,41.428
25.888,23.818,22.518,22.446,24.480,29.599,38.300,45.232,47.618,46.543,45.912,46.611,44.980,45.759,48.080,50.071,52.523,57.417,56.516,53.242,50.170,45.866,44.656,41.577
26.018,23.962,22.658,22.585,24.618,29.730,38.427,45.369,47.760,46.691,46.069,46.761,45.139,45.915,48.244,50.231,52.689,57.570,56.661,53.399,50.311,46.007,44.795,41.727
26.191,24.101,22.816,22.738,24.778,29.884,38.590,45.485,47.890,46.805,46.182,46.899,45.271,46.053,48.399,50.335,52.807,57.696,56.826,53.566,50.472,46.183,44.969,41.904
26.329,24.255,22.965,22.888,24.933,30.032,38.729,45.630,48.037,46.956,46.337,47.045,45.426,46.211,48.575,50.499,52.981,57.852,56.972,53.723,50.612,46.324,45.101,42.047
26.483,24.427,23.135,23.057,25.105,30.188,38.873,45.775,48.189,47.115,46.508,47.208,45.603,46.387,48.774,50.675,53.171,58.016,57.131,53.904,50.765,46.482,45.251,42.217
26.615,24.521,23.248,23.163,25.213,30.299,39.007,45.877,48.308,47.220,46.613,47.342,45.728,46.513,48.907,50.773,53.279,58.144,57.296,54.067,50.922,46.646,45.419,42.382
26.880,24.790,23.529,23.445,25.494,30.544,39.200,46.007,48.430,47.339,46.735,47.465,45.861,46.650,49.052,50.873,53.379,58.209,57.379,54.171,51.036,46.793,45.564,42.549
27.019,24.934,23.675,23.589,25.639,30.678,39.333,46.135,48.569,47.480,46.885,47.617,46.021,46.809,49.230,51.025,53.545,58.361,57.536,54.345,51.185,46.947,45.714,42.714
27.205,25.074,23.836,23.743,25.808,30.852,39.540,46.304,48.764,47.653,47.057,47.821,46.215,47.013,49.464,51.199,53.745,58.581,57.800,54.605,51.426,47.195,45.954,42.952
27.342,25.164,23.942,23.845,25.927,30.983,39.708,46.442,48.921,47.786,47.182,47.976,46.355,47.164,49.639,51.327,53.895,58.760,58.019,54.808,51.621,47.392,46.144,43.130
27.527,25.307,24.103,24.006,26.096,31.156,39.882,46.563,49.037,47.878,47.256,48.073,46.432,47.255,49.722,51.387,53.950,58.839,58.133,54.899,51.747,47.532,46.285,43.252
27.645,25.416,24.199,24.111,26.235,31.323,40.071,46.769,49.237,48.058,47.413,48.222,46.566,47.414,49.912,51.576,54.153,59.061,58.344,55.073,51.927,47.697,46.424,43.362
27.765,25.653,24.379,24.306,26.439,31.516,40.217,47.020,49.465,48.328,47.697,48.425,46.806,47.654,50.180,51.905,54.486,59.321,58.501,55.256,52.070,47.815,46.516,43.479
27.949,25.849,24.567,24.498,26.654,31.727,40.428,47.236,49.689,48.547,47.917,48.634,47.023,47.886,50.459,52.149,54.758,59.572,58.744,55.505,52.288,48.031,46.708,43.679
28.241,26.059,24.798,24.726,26.931,32.038,40.816,47.580,50.067,48.873,48.220,48.983,47.340,48.238,50.875,52.478,55.136,60.006,59.239,55.958,52.722,48.462,47.109,44.048
28.439,26.236,24.985,24.910,27.112,32.225,41.017,47.770,50.263,49.063,48.408,49.186,47.535,48.433,51.066,52.660,55.320,60.205,59.455,56.169,52.936,48.677,47.329,44.262
28.829,26.638,25.391,25.318,27.525,32.609,41.359,48.072,50.558,49.358,48.705,49.477,47.837,48.740,51.389,52.948,55.611,60.463,59.720,56.451,53.218,48.982,47.627,44.579
29.050,26.807,25.570,25.497,27.713,32.834,41.626,48.330,50.815,49.589,48.912,49.708,48.036,48.951,51.580,53.155,55.809,60.720,60.001,56.685,53.490,49.243,47.891,44.801
29.299,27.080,25.814,25.758,27.995,33.141,41.917,48.661,51.108,49.878,49.171,49.932,48.247,49.182,51.802,53.437,56.073,60.991,60.226,56.866,53.716,49.450,48.081,44.956
29.558,27.490,26.141,26.100,28.285,33.460,42.220,49.191,51.590,50.445,49.759,50.417,48.765,49.653,52.184,54.058,56.629,61.517,60.584,57.232,54.088,49.747,48.405,45.278
29.861,27.973,26.543,26.526,28.704,33.850,42.507,49.618,51.962,50.888,50.221,50.753,49.159,50.035,52.567,54.562,57.108,61.882,60.790,57.480,54.313,49.947,48.584,45.495
30.181,28.186,26.775,26.752,28.974,34.192,42.979,50.088,52.471,51.342,50.645,51.236,49.591,50.498,53.070,55.020,57.608,62.486,61.455,58.074,54.898,50.501,49.120,45.969
30.820,28.684,27.305,27.265,29.570,34.863,43.859,50.960,53.454,52.247,51.542,52.223,50.536,51.489,54.210,55.993,58.708,63.689,62.763,59.336,56.038,51.603,50.169,46.980
31.543,29.280,27.889,27.839,30.192,35.662,44.958,52.236,54.808,53.550,52.814,53.559,51.796,52.767,55.518,57.366,60.139,65.326,64.419,60.866,57.512,52.948,51.501,48.192
32.299,30.101,28.585,28.570,31.046,36.688,46.188,53.795,56.380,55.105,54.320,54.971,53.175,54.216,57.100,59.084,61.940,67.208,66.135,62.449,59.003,54.270,52.717,49.296
33.350,31.782,29.791,29.901,32.542,38.474,48.147,56.876,59.345,58.266,57.458,57.587,55.887,56.985,60.054,62.744,65.661,70.814,68.955,65.128,61.436,56.261,54.491,50.947
