-9.443,-10.414,-12.353,-10.712,-12.002,-1.631,16.932,37.333,42.559,38.852,41.900,42.715,34.638,34.879,32.849,30.885,31.378,36.042,31.789,30.888,14.930,7.845,2.860,-5.660
9.784,9.065,7.905,8.873,8.573,15.709,29.542,44.202,48.852,44.809,45.644,45.712,42.353,42.500,40.914,39.864,39.613,44.082,39.217,33.291,27.745,21.257,17.997,12.010
14.739,14.572,13.286,14.442,14.701,20.696,32.344,46.156,50.401,46.510,46.910,46.845,44.588,44.710,43.383,42.263,41.089,45.441,40.864,35.217,30.371,24.257,20.656,15.318
16.240,15.637,14.705,15.515,15.446,21.459,33.419,46.547,50.554,46.744,47.266,47.228,44.640,44.861,43.900,42.502,42.038,46.167,41.466,36.006,31.726,25.782,23.034,17.920
17.461,16.917,15.992,16.809,16.777,22.572,34.090,46.579,50.650,46.861,47.338,47.357,45.005,45.130,43.977,42.968,42.439,46.447,41.894,36.062,32.417,26.654,23.928,18.970
18.450,17.917,17.002,17.789,17.721,23.382,34.571,46.601,50.666,46.948,47.377,47.489,45.096,45.219,43.995,43.107,42.661,46.513,42.198,36.584,32.991,27.454,24.800,19.982
19.297,18.831,17.883,18.655,18.643,24.169,35.064,46.817,50.690,47.154,47.495,47.507,45.295,45.428,44.221,43.323,42.855,46.572,42.511,36.787,33.537,28.078,25.404,20.699
20.332,19.868,18.951,19.668,19.661,25.035,35.649,46.941,50.712,47.281,47.537,47.568,45.466,45.593,44.368,43.511,42.889,46.690,42.840,36.948,34.198,28.864,26.300,21.746
21.163,20.743,19.818,20.493,20.484,25.781,35.848,47.063,50.830,47.352,47.628,47.679,45.467,45.640,44.549,43.560,43.151,46.912,42.891,37.218,34.424,29.308,26.470,22.062
21.192,20.935,19.864,20.671,20.805,25.925,36.209,47.150,50.834,47.519,47.712,47.741,45.684,45.813,44.605,43.806,43.471,47.185,43.259,37.561,34.842,29.606,27.086,22.629
21.722,21.235,20.357,21.006,20.951,26.188,36.508,47.223,50.938,47.607,47.831,47.784,45.814,45.931,44.662,43.983,43.691,47.193,43.453,37.624,35.174,30.050,27.633,23.243
22.492,21.982,21.186,21.807,21.795,26.882,36.851,47.574,51.059,47.787,48.047,47.938,46.136,46.281,45.145,44.336,43.712,47.327,43.457,37.718,35.414,30.488,27.919,23.738
22.563,22.048,21.229,21.868,21.803,26.947,37.057,47.604,51.241,47.914,48.048,48.094,46.268,46.371,45.265,44.516,44.176,47.792,43.756,38.202,35.680,30.534,28.248,23.957
22.800,22.309,21.482,22.132,22.096,27.208,37.145,47.739,51.323,48.093,48.334,48.264,46.389,46.495,45.334,44.611,44.326,47.873,43.963,38.395,35.794,30.732,28.411,24.086
22.849,22.564,21.645,22.404,22.527,27.351,37.355,47.930,51.449,48.225,48.437,48.367,46.614,46.720,45.531,44.844,44.510,47.996,44.116,38.479,35.986,30.911,28.566,24.251
23.377,22.903,22.111,22.752,22.738,27.685,37.538,47.982,51.575,48.314,48.540,48.474,46.623,46.733,45.581,44.891,44.516,48.072,44.146,38.525,36.174,31.212,28.932,24.738
23.446,22.948,22.172,22.803,22.775,27.744,37.664,48.054,51.591,48.353,48.560,48.476,46.752,46.853,45.693,45.035,44.682,48.170,44.250,38.576,36.298,31.314,29.064,24.859
23.516,23.008,22.232,22.851,22.819,27.816,37.794,48.172,51.723,48.482,48.665,48.570,46.868,46.968,45.780,45.148,44.820,48.330,44.395,38.579,36.438,31.426,29.185,24.967
23.567,23.035,22.271,22.888,22.826,27.851,37.880,48.265,51.812,48.589,48.806,48.708,46.973,47.069,45.869,45.256,44.960,48.448,44.514,38.768,36.527,31.530,29.311,25.079
23.848,23.329,22.562,23.166,23.120,28.103,38.053,48.316,51.816,48.649,48.825,48.722,47.037,47.134,45.929,45.331,45.038,48.526,44.619,38.772,36.721,31.739,29.531,25.338
23.996,23.446,22.708,23.298,23.217,28.192,38.131,48.328,51.855,48.650,48.853,48.741,47.056,47.146,45.931,45.372,45.124,48.561,44.671,38.902,36.813,31.880,29.711,25.509
24.024,23.498,22.741,23.344,23.308,28.294,38.280,48.570,52.072,48.900,49.059,48.944,47.305,47.401,46.164,45.602,45.292,48.805,44.841,38.908,36.930,31.911,29.731,25.556
24.249,23.660,22.945,23.516,23.399,28.410,38.429,48.591,52.090,48.925,49.139,49.010,47.333,47.415,46.196,45.660,45.470,48.893,44.987,39.166,37.125,32.196,30.098,25.912
24.383,23.789,23.079,23.644,23.519,28.519,38.515,48.604,52.147,48.965,49.182,49.052,47.375,47.456,46.200,45.709,45.535,48.940,45.055,39.251,37.222,32.316,30.234,26.061
24.492,23.899,23.188,23.748,23.624,28.620,38.609,48.670,52.151,49.034,49.242,49.110,47.442,47.522,46.260,45.777,45.612,49.016,45.139,39.302,37.323,32.420,30.343,26.176
24.668,24.075,23.364,23.927,23.785,28.768,38.704,48.721,52.166,49.095,49.338,49.218,47.499,47.579,46.326,45.838,45.690,49.050,45.230,39.555,37.432,32.585,30.513,26.361
24.783,24.173,23.471,24.026,23.863,28.861,38.820,48.809,52.244,49.196,49.456,49.333,47.597,47.674,46.406,45.941,45.824,49.165,45.358,39.709,37.559,32.730,30.680,26.525
24.895,24.278,23.587,24.142,23.980,28.972,38.939,48.938,52.383,49.317,49.574,49.444,47.734,47.809,46.547,46.084,45.959,49.302,45.465,39.804,37.666,32.827,30.791,26.637
25.014,24.384,23.703,24.257,24.077,29.074,39.046,49.037,52.471,49.422,49.706,49.576,47.844,47.916,46.654,46.199,46.090,49.408,45.580,40.004,37.776,32.959,30.940,26.785
25.153,24.538,23.845,24.400,24.227,29.207,39.127,49.080,52.494,49.469,49.747,49.627,47.879,47.954,46.695,46.231,46.121,49.432,45.647,40.090,37.870,33.075,31.041,26.902
25.241,24.622,23.935,24.491,24.312,29.288,39.204,49.159,52.569,49.546,49.838,49.718,47.964,48.037,46.784,46.319,46.210,49.509,45.722,40.219,37.943,33.160,31.134,26.995
25.364,24.747,24.058,24.615,24.433,29.404,39.302,49.242,52.642,49.632,49.929,49.812,48.047,48.121,46.870,46.403,46.297,49.586,45.817,40.314,38.046,33.276,31.249,27.116
25.504,24.884,24.204,24.751,24.576,29.528,39.407,49.294,52.696,49.678,49.948,49.820,48.108,48.180,46.924,46.476,46.371,49.666,45.879,40.343,38.154,33.378,31.373,27.258
25.591,24.958,24.286,24.828,24.637,29.600,39.498,49.369,52.765,49.762,50.046,49.916,48.191,48.261,46.996,46.562,46.479,49.759,45.980,40.441,38.251,33.487,31.498,27.380
25.669,25.034,24.366,24.914,24.722,29.679,39.570,49.459,52.855,49.847,50.144,50.015,48.285,48.354,47.099,46.658,46.565,49.838,46.051,40.569,38.314,33.556,31.569,27.451
25.752,25.115,24.449,24.995,24.796,29.751,39.633,49.506,52.892,49.898,50.205,50.078,48.336,48.404,47.150,46.711,46.627,49.886,46.113,40.672,38.381,33.639,31.658,27.543
25.911,25.276,24.616,25.164,24.965,29.895,39.729,49.574,52.946,49.961,50.275,50.150,48.411,48.479,47.238,46.794,46.703,49.943,46.182,40.804,38.477,33.759,31.786,27.689
25.994,25.357,24.701,25.249,25.049,29.976,39.808,49.658,53.031,50.042,50.362,50.236,48.499,48.566,47.329,46.885,46.791,50.026,46.258,40.901,38.552,33.836,31.868,27.772
26.095,25.460,24.804,25.360,25.157,30.080,39.897,49.770,53.135,50.152,50.494,50.376,48.611,48.678,47.456,46.995,46.892,50.113,46.356,41.074,38.635,33.934,31.960,27.861
26.156,25.511,24.858,25.402,25.191,30.126,39.969,49.798,53.164,50.191,50.517,50.390,48.642,48.708,47.462,47.030,46.955,50.181,46.425,41.101,38.721,34.015,32.057,27.959
26.219,25.567,24.918,25.460,25.245,30.188,40.052,49.886,53.257,50.281,50.608,50.478,48.734,48.798,47.548,47.122,47.053,50.281,46.515,41.149,38.803,34.091,32.140,28.037
26.325,25.651,25.020,25.553,25.317,30.271,40.165,49.975,53.345,50.376,50.714,50.572,48.840,48.899,47.636,47.239,47.195,50.409,46.627,41.260,38.920,34.214,32.298,28.194
26.388,25.686,25.074,25.596,25.340,30.311,40.257,50.046,53.422,50.456,50.800,50.645,48.929,48.982,47.701,47.337,47.324,50.529,46.724,41.325,39.014,34.307,32.428,28.318
26.511,25.799,25.202,25.724,25.459,30.421,40.360,50.144,53.518,50.549,50.909,50.750,49.041,49.092,47.819,47.460,47.446,50.633,46.814,41.473,39.109,34.414,32.556,28.452
26.579,25.847,25.265,25.780,25.498,30.470,40.438,50.204,53.579,50.616,50.984,50.816,49.116,49.163,47.879,47.543,47.551,50.727,46.895,41.551,39.190,34.499,32.671,28.564
26.669,25.929,25.355,25.864,25.578,30.549,40.524,50.270,53.645,50.682,51.046,50.872,49.189,49.233,47.944,47.621,47.638,50.811,46.970,41.598,39.278,34.587,32.773,28.670
26.728,25.974,25.407,25.915,25.615,30.603,40.614,50.375,53.753,50.793,51.175,50.998,49.301,49.342,48.047,47.733,47.765,50.930,47.081,41.741,39.366,34.677,32.875,28.760
26.802,26.042,25.480,25.984,25.676,30.665,40.676,50.416,53.788,50.838,51.225,51.047,49.347,49.388,48.088,47.784,47.828,50.983,47.141,41.811,39.434,34.754,32.965,28.853
26.873,26.113,25.551,26.056,25.747,30.735,40.743,50.482,53.852,50.905,51.294,51.118,49.413,49.454,48.155,47.849,47.894,51.046,47.208,41.861,39.501,34.825,33.034,28.922
26.901,26.123,25.572,26.065,25.749,30.758,40.829,50.561,53.950,50.989,51.362,51.169,49.501,49.538,48.216,47.942,48.007,51.176,47.299,41.891,39.588,34.884,33.118,28.996
27.084,26.332,25.776,26.290,25.994,30.953,40.919,50.682,54.055,51.086,51.478,51.302,49.617,49.658,48.387,48.059,48.068,51.218,47.358,42.099,39.659,34.984,33.191,29.090
27.188,26.435,25.885,26.399,26.106,31.052,41.001,50.760,54.132,51.158,51.552,51.374,49.701,49.741,48.478,48.148,48.148,51.292,47.424,42.187,39.735,35.064,33.278,29.185
27.300,26.539,26.001,26.516,26.212,31.146,41.077,50.819,54.181,51.214,51.626,51.447,49.773,49.810,48.556,48.230,48.233,51.354,47.486,42.323,39.807,35.159,33.393,29.308
27.383,26.616,26.084,26.597,26.296,31.238,41.198,50.961,54.340,51.353,51.756,51.570,49.917,49.953,48.696,48.375,48.374,51.508,47.611,42.397,39.921,35.250,33.490,29.397
27.489,26.737,26.195,26.712,26.422,31.345,41.259,51.008,54.376,51.395,51.793,51.614,49.958,49.996,48.749,48.414,48.399,51.531,47.654,42.462,39.984,35.325,33.550,29.469
27.597,26.836,26.304,26.823,26.525,31.449,41.373,51.138,54.508,51.523,51.936,51.755,50.096,50.132,48.891,48.556,48.541,51.663,47.772,42.630,40.090,35.435,33.672,29.588
27.704,26.944,26.410,26.931,26.634,31.565,41.500,51.286,54.661,51.670,52.086,51.905,50.241,50.278,49.037,48.699,48.680,51.807,47.910,42.769,40.214,35.552,33.784,29.693
27.780,27.019,26.486,27.004,26.712,31.642,41.586,51.365,54.748,51.747,52.148,51.963,50.320,50.357,49.111,48.779,48.759,51.898,47.988,42.785,40.300,35.625,33.859,29.769
27.860,27.098,26.564,27.078,26.788,31.725,41.686,51.464,54.853,51.847,52.237,52.048,50.417,50.454,49.200,48.874,48.858,52.007,48.091,42.831,40.401,35.714,33.948,29.855
27.943,27.174,26.643,27.156,26.853,31.795,41.756,51.519,54.897,51.911,52.317,52.131,50.477,50.512,49.255,48.935,48.936,52.068,48.169,42.965,40.479,35.811,34.054,29.961
28.050,27.284,26.754,27.272,26.972,31.907,41.857,51.637,55.016,52.023,52.436,52.252,50.596,50.632,49.385,49.055,49.043,52.171,48.268,43.101,40.572,35.906,34.144,30.052
28.187,27.440,26.902,27.432,27.154,32.067,41.976,51.797,55.180,52.166,52.575,52.398,50.745,50.785,49.564,49.200,49.147,52.285,48.375,43.248,40.675,36.002,34.215,30.128
28.335,27.605,27.060,27.600,27.335,32.226,42.088,51.926,55.304,52.284,52.697,52.529,50.869,50.911,49.712,49.322,49.241,52.376,48.474,43.412,40.779,36.114,34.309,30.230
28.417,27.668,27.142,27.673,27.396,32.286,42.163,51.972,55.352,52.330,52.745,52.564,50.932,50.969,49.763,49.397,49.332,52.456,48.532,43.451,40.853,36.191,34.420,30.346
28.505,27.762,27.227,27.762,27.487,32.383,42.264,52.086,55.467,52.447,52.862,52.686,51.039,51.078,49.872,49.499,49.432,52.561,48.647,43.567,40.956,36.291,34.507,30.428
28.633,27.907,27.360,27.899,27.642,32.524,42.374,52.200,55.581,52.554,52.952,52.781,51.141,51.184,49.985,49.596,49.508,52.652,48.745,43.636,41.065,36.393,34.587,30.514
28.707,27.967,27.431,27.967,27.695,32.585,42.454,52.274,55.652,52.633,53.047,52.873,51.226,51.265,50.062,49.685,49.613,52.742,48.831,43.761,41.145,36.484,34.696,30.620
28.828,28.096,27.557,28.091,27.833,32.713,42.568,52.381,55.766,52.733,53.126,52.949,51.329,51.370,50.168,49.789,49.705,52.848,48.928,43.791,41.258,36.582,34.789,30.720
28.916,28.176,27.644,28.174,27.916,32.801,42.683,52.500,55.898,52.850,53.232,53.046,51.454,51.492,50.284,49.917,49.834,52.989,49.039,43.841,41.368,36.675,34.894,30.821
28.966,28.219,27.687,28.213,27.945,32.846,42.752,52.560,55.956,52.919,53.305,53.118,51.513,51.551,50.330,49.975,49.911,53.064,49.123,43.912,41.445,36.754,34.977,30.898
29.064,28.302,27.779,28.299,28.003,32.919,42.832,52.607,55.987,52.978,53.385,53.197,51.571,51.606,50.376,50.038,50.003,53.130,49.210,44.054,41.536,36.871,35.115,31.037
29.102,28.317,27.800,28.311,28.010,32.957,42.965,52.755,56.154,53.142,53.549,53.351,51.723,51.755,50.494,50.187,50.187,53.327,49.384,44.140,41.675,36.984,35.244,31.140
29.291,28.516,28.002,28.526,28.227,33.158,43.126,52.962,56.359,53.332,53.759,53.568,51.931,51.964,50.735,50.397,50.361,53.490,49.536,44.417,41.816,37.135,35.386,31.286
29.412,28.614,28.119,28.638,28.318,33.255,43.244,53.063,56.456,53.438,53.886,53.688,52.051,52.079,50.845,50.527,50.513,53.619,49.655,44.584,41.933,37.268,35.552,31.452
29.528,28.720,28.234,28.755,28.422,33.363,43.362,53.192,56.582,53.569,54.040,53.841,52.190,52.215,50.986,50.669,50.661,53.749,49.781,44.785,42.046,37.393,35.690,31.586
29.639,28.825,28.346,28.867,28.528,33.465,43.458,53.281,56.667,53.658,54.139,53.939,52.286,52.310,51.084,50.770,50.765,53.842,49.873,44.914,42.142,37.499,35.806,31.705
29.767,28.951,28.473,28.999,28.663,33.614,43.644,53.522,56.927,53.893,54.375,54.173,52.524,52.548,51.324,51.003,50.986,54.078,50.079,45.104,42.314,37.646,35.946,31.829
29.894,29.075,28.605,29.135,28.799,33.741,43.764,53.660,57.068,54.023,54.516,54.313,52.669,52.691,51.480,51.153,51.123,54.208,50.193,45.268,42.423,37.758,36.065,31.950
30.015,29.183,28.719,29.240,28.893,33.849,43.901,53.773,57.182,54.146,54.636,54.427,52.788,52.808,51.580,51.274,51.269,54.352,50.336,45.367,42.568,37.903,36.226,32.106
30.112,29.275,28.817,29.342,28.986,33.941,43.988,53.870,57.272,54.243,54.755,54.549,52.891,52.910,51.690,51.380,51.375,54.441,50.428,45.545,42.651,38.001,36.330,32.210
30.286,29.457,28.987,29.515,29.154,34.114,44.144,54.020,57.404,54.402,54.928,54.733,53.032,53.053,51.833,51.514,51.518,54.572,50.601,45.781,42.818,38.190,36.503,32.383
30.496,29.638,29.193,29.713,29.318,34.277,44.310,54.132,57.495,54.526,55.089,54.888,53.172,53.186,51.961,51.671,51.713,54.719,50.759,46.050,42.992,38.407,36.770,32.658
30.603,29.729,29.292,29.812,29.397,34.379,44.455,54.300,57.665,54.702,55.291,55.089,53.348,53.359,52.128,51.846,51.906,54.899,50.934,46.283,43.135,38.556,36.930,32.803
30.776,29.903,29.469,29.998,29.569,34.535,44.559,54.397,57.731,54.802,55.435,55.247,53.450,53.461,52.251,51.952,52.013,54.961,51.039,46.594,43.240,38.713,37.088,32.971
30.893,30.010,29.573,30.098,29.660,34.664,44.760,54.624,57.975,55.040,55.669,55.476,53.673,53.684,52.451,52.167,52.248,55.215,51.279,46.755,43.445,38.892,37.266,33.126
31.121,30.242,29.794,30.320,29.867,34.879,44.956,54.795,58.116,55.229,55.885,55.707,53.838,53.850,52.613,52.324,52.430,55.369,51.497,47.081,43.660,39.147,37.509,33.369
31.400,30.557,30.075,30.622,30.195,35.208,45.258,55.180,58.504,55.606,56.264,56.108,54.190,54.211,52.995,52.653,52.717,55.678,51.833,47.473,43.954,39.429,37.725,33.571
31.613,30.768,30.275,30.821,30.381,35.423,45.503,55.424,58.740,55.869,56.536,56.387,54.425,54.447,53.214,52.877,52.969,55.927,52.114,47.761,44.214,39.695,37.979,33.812
31.860,30.999,30.523,31.067,30.604,35.640,45.709,55.604,58.903,56.054,56.755,56.605,54.624,54.642,53.414,53.088,53.197,56.117,52.316,48.084,44.421,39.940,38.253,34.093
32.142,31.267,30.802,31.333,30.863,35.901,45.985,55.832,59.130,56.288,56.977,56.817,54.863,54.877,53.633,53.335,53.467,56.385,52.577,48.273,44.707,40.225,38.564,34.411
32.437,31.562,31.093,31.616,31.142,36.179,46.251,56.045,59.331,56.511,57.189,57.029,55.076,55.090,53.832,53.549,53.701,56.616,52.832,48.487,44.990,40.520,38.865,34.720
32.782,31.931,31.446,31.963,31.541,36.568,46.656,56.466,59.799,56.909,57.493,57.317,55.474,55.494,54.225,53.941,54.051,57.051,53.200,48.514,45.385,40.825,39.144,35.001
33.329,32.593,32.015,32.558,32.227,37.190,47.079,56.881,60.185,57.308,57.816,57.688,55.806,55.850,54.616,54.230,54.251,57.310,53.587,48.824,45.829,41.267,39.432,35.325
33.913,33.275,32.637,33.224,32.973,37.844,47.509,57.379,60.657,57.763,58.253,58.172,56.249,56.312,55.163,54.648,54.541,57.617,53.969,49.381,46.239,41.698,39.738,35.668
34.192,33.516,32.883,33.456,33.172,38.133,47.975,57.892,61.204,58.306,58.800,58.704,56.763,56.822,55.618,55.150,55.104,58.208,54.524,49.790,46.715,42.126,40.183,36.060
34.742,34.057,33.429,34.002,33.740,38.742,48.711,58.749,62.135,59.145,59.595,59.479,57.612,57.671,56.453,55.991,55.915,59.096,55.293,50.319,47.418,42.723,40.772,36.608
35.449,34.731,34.074,34.660,34.343,39.535,49.820,60.112,63.551,60.563,61.085,60.984,58.939,58.999,57.719,57.258,57.252,60.474,56.661,51.714,48.527,43.759,41.751,37.450
36.658,36.055,35.291,35.935,35.693,40.877,51.042,61.522,64.947,61.960,62.483,62.455,60.248,60.335,59.116,58.497,58.382,61.654,57.965,53.201,49.741,44.965,42.753,38.429
38.978,38.696,37.590,38.401,38.407,43.745,53.950,65.283,68.830,65.689,66.126,66.281,63.661,63.833,62.706,61.645,61.204,64.821,61.303,56.463,52.590,47.538,44.663,40.129
