-16.335,-20.872,-22.357,-24.511,-27.579,-28.220,-32.610,-29.495,-25.113,-28.580,-28.858,-19.164,-23.983,-31.255,-39.323,-35.565,-33.500,-26.308,-21.770,-4.248,3.452,6.855,8.899,2.477
3.475,0.196,-2.165,-4.086,-4.707,-5.882,-8.228,-6.772,-4.279,-6.607,-6.890,-2.565,-5.442,-12.919,-17.871,-16.061,-13.491,-4.227,2.546,11.762,16.402,20.650,24.009,19.030
7.813,4.324,2.515,0.654,0.324,-0.609,-3.394,-1.761,1.204,-1.074,-1.792,3.356,0.281,-6.800,-11.991,-10.142,-7.762,-0.489,6.492,16.183,21.230,24.322,26.946,22.089
10.493,7.061,5.266,3.473,3.254,2.341,-0.364,1.182,4.048,1.946,1.181,6.018,3.056,-3.872,-8.865,-7.073,-4.705,2.327,9.210,18.513,23.315,26.236,28.770,24.080
12.672,9.369,7.710,5.971,5.833,4.970,2.333,3.836,6.652,4.576,3.800,8.572,5.707,-0.950,-5.774,-4.094,-1.839,4.766,11.528,20.438,25.146,27.880,30.282,25.767
13.603,10.224,8.661,6.929,6.907,6.087,3.345,4.875,7.802,5.764,4.862,9.766,6.857,0.224,-4.653,-2.967,-0.718,5.486,12.396,21.383,26.165,28.635,30.893,26.391
14.842,11.457,9.794,8.104,8.032,7.196,4.513,5.993,8.813,6.936,6.053,10.677,7.816,1.202,-3.589,-1.848,0.447,6.784,13.485,22.433,27.004,29.497,31.764,27.317
15.547,12.213,10.595,8.921,8.858,8.038,5.381,6.851,9.653,7.768,6.895,11.513,8.683,2.162,-2.579,-0.874,1.378,7.595,14.239,23.069,27.619,30.072,32.304,27.910
16.596,13.386,11.616,9.961,9.990,9.099,6.659,7.985,10.565,8.775,7.980,12.073,9.413,2.847,-1.631,-0.049,2.262,8.925,15.607,23.810,28.053,30.740,33.164,28.866
17.201,13.952,12.209,10.574,10.613,9.746,7.262,8.598,11.206,9.480,8.636,12.743,10.067,3.543,-0.950,0.668,2.978,9.454,16.088,24.377,28.604,31.159,33.496,29.221
17.866,14.606,12.838,11.219,11.301,10.430,7.962,9.268,11.848,10.199,9.328,13.311,10.660,4.134,-0.312,1.305,3.641,10.101,16.740,24.946,29.089,31.601,33.927,29.684
18.303,15.042,13.321,11.714,11.791,10.943,8.450,9.771,12.375,10.730,9.841,13.886,11.225,4.762,0.306,1.931,4.238,10.537,17.127,25.374,29.536,31.965,34.226,30.005
18.763,15.481,13.777,12.190,12.249,11.420,8.902,10.231,12.845,11.252,10.340,14.387,11.717,5.305,0.844,2.505,4.804,10.969,17.468,25.793,29.930,32.268,34.462,30.265
19.222,15.912,14.178,12.599,12.685,11.851,9.331,10.644,13.246,11.716,10.778,14.740,12.077,5.638,1.192,2.869,5.200,11.376,17.888,26.202,30.283,32.592,34.781,30.592
19.604,16.315,14.646,13.092,13.115,12.316,9.777,11.114,13.729,12.199,11.269,15.319,12.647,6.338,1.884,3.585,5.857,11.826,18.162,26.560,30.656,32.877,34.975,30.827
20.048,16.753,15.142,13.592,13.680,12.901,10.335,11.676,14.329,12.801,11.823,15.926,13.251,6.980,2.528,4.204,6.457,12.229,18.635,26.989,31.114,33.222,35.259,31.134
20.519,17.185,15.497,13.966,14.072,13.277,10.726,12.033,14.640,13.231,12.230,16.144,13.489,7.171,2.758,4.469,6.782,12.643,19.022,27.357,31.356,33.454,35.501,31.393
20.533,17.257,15.739,14.205,14.292,13.551,10.955,12.319,15.011,13.463,12.465,16.689,14.005,7.853,3.395,5.061,7.252,12.746,19.086,27.462,31.636,33.616,35.552,31.468
20.835,17.576,16.065,14.537,14.638,13.899,11.318,12.672,15.350,13.809,12.813,17.006,14.340,8.211,3.780,5.430,7.614,13.082,19.416,27.726,31.877,33.847,35.778,31.715
21.180,17.911,16.397,14.893,14.938,14.212,11.623,12.982,15.646,14.161,13.167,17.336,14.666,8.594,4.164,5.862,8.038,13.443,19.621,28.022,32.125,34.049,35.931,31.892
21.606,18.314,16.895,15.398,15.442,14.758,12.098,13.499,16.240,14.734,13.696,18.044,15.333,9.342,4.855,6.571,8.700,13.807,19.960,28.495,32.690,34.456,36.181,32.199
21.788,18.561,17.189,15.718,15.750,15.085,12.464,13.851,16.557,15.055,14.039,18.362,15.692,9.828,5.364,7.091,9.165,14.138,20.170,28.578,32.729,34.459,36.229,32.221
22.039,18.766,17.360,15.888,15.895,15.225,12.577,13.974,16.685,15.224,14.196,18.484,15.784,9.830,5.406,7.129,9.269,14.307,20.317,28.855,32.998,34.724,36.447,32.460
22.161,18.862,17.407,15.936,15.924,15.242,12.594,13.985,16.690,15.259,14.232,18.510,15.814,9.906,5.427,7.180,9.286,14.391,20.379,28.971,33.076,34.833,36.580,32.577
22.282,18.946,17.499,16.028,16.006,15.332,12.647,14.056,16.787,15.374,14.324,18.626,15.898,9.934,5.447,7.225,9.372,14.437,20.420,29.127,33.257,34.969,36.684,32.665
22.337,19.004,17.574,16.099,16.081,15.411,12.717,14.134,16.881,15.444,14.393,18.738,16.003,10.031,5.487,7.312,9.451,14.488,20.494,29.207,33.369,35.073,36.783,32.758
22.443,19.074,17.621,16.147,16.117,15.445,12.730,14.153,16.908,15.504,14.438,18.774,16.021,10.043,5.524,7.315,9.472,14.529,20.522,29.325,33.478,35.170,36.874,32.833
22.923,19.626,18.208,16.758,16.749,16.089,13.431,14.822,17.526,16.137,15.089,19.342,16.648,10.767,6.318,8.091,10.208,15.166,21.085,29.674,33.755,35.417,37.096,33.133
23.127,19.838,18.419,16.978,16.974,16.316,13.667,15.050,17.742,16.371,15.321,19.542,16.859,10.998,6.570,8.339,10.453,15.390,21.286,29.841,33.894,35.541,37.211,33.266
23.327,20.060,18.639,17.197,17.230,16.565,13.945,15.308,17.979,16.606,15.559,19.727,17.070,11.208,6.819,8.552,10.667,15.626,21.571,30.002,34.030,35.694,37.385,33.457
23.497,20.226,18.778,17.341,17.367,16.696,14.087,15.439,18.089,16.747,15.704,19.812,17.164,11.292,6.917,8.662,10.792,15.800,21.715,30.141,34.128,35.806,37.506,33.584
23.706,20.438,18.940,17.508,17.537,16.849,14.272,15.599,18.206,16.905,15.873,19.863,17.238,11.337,6.999,8.745,10.903,16.029,21.932,30.296,34.211,35.937,37.676,33.761
23.815,20.559,19.063,17.629,17.667,16.977,14.412,15.733,18.333,17.023,15.996,19.977,17.360,11.461,7.136,8.867,11.022,16.160,22.079,30.397,34.310,36.049,37.799,33.889
23.978,20.702,19.210,17.782,17.804,17.121,14.534,15.866,18.480,17.189,16.150,20.153,17.521,11.631,7.285,9.043,11.199,16.288,22.170,30.566,34.483,36.185,37.906,33.993
24.067,20.821,19.378,17.950,17.971,17.302,14.715,16.057,18.684,17.349,16.319,20.392,17.763,11.928,7.585,9.318,11.435,16.431,22.301,30.667,34.623,36.304,38.001,34.103
24.229,20.992,19.531,18.111,18.120,17.447,14.879,16.210,18.812,17.499,16.479,20.500,17.885,12.058,7.737,9.473,11.594,16.624,22.452,30.792,34.709,36.406,38.111,34.226
24.391,21.154,19.710,18.295,18.303,17.638,15.061,16.397,19.006,17.699,16.672,20.709,18.092,12.291,7.968,9.708,11.819,16.786,22.593,30.945,34.865,36.528,38.207,34.333
24.531,21.320,19.893,18.477,18.501,17.837,15.277,16.606,19.209,17.879,16.860,20.901,18.298,12.518,8.218,9.929,12.023,16.972,22.796,31.072,34.997,36.665,38.350,34.488
24.644,21.452,20.043,18.626,18.657,17.997,15.445,16.773,19.376,18.024,17.011,21.069,18.474,12.713,8.423,10.113,12.192,17.119,22.953,31.183,35.120,36.791,38.475,34.622
24.784,21.593,20.189,18.774,18.825,18.166,15.615,16.939,19.542,18.197,17.175,21.222,18.632,12.874,8.594,10.275,12.354,17.254,23.109,31.308,35.238,36.891,38.568,34.723
24.908,21.726,20.342,18.929,18.983,18.331,15.779,17.105,19.713,18.361,17.336,21.403,18.815,13.083,8.807,10.481,12.546,17.394,23.240,31.426,35.364,36.995,38.656,34.822
25.006,21.826,20.450,19.042,19.074,18.429,15.871,17.204,19.814,18.462,17.443,21.530,18.937,13.229,8.946,10.631,12.685,17.505,23.303,31.524,35.467,37.087,38.732,34.902
25.137,21.949,20.586,19.181,19.209,18.570,15.999,17.339,19.962,18.614,17.586,21.697,19.096,13.401,9.107,10.802,12.851,17.619,23.403,31.660,35.612,37.202,38.824,34.996
25.252,22.042,20.655,19.255,19.266,18.625,16.046,17.386,20.003,18.689,17.656,21.737,19.129,13.419,9.116,10.839,12.906,17.704,23.454,31.768,35.695,37.283,38.904,35.070
25.501,22.295,20.852,19.460,19.463,18.805,16.262,17.575,20.142,18.879,17.861,21.811,19.228,13.493,9.230,10.962,13.058,17.980,23.693,31.952,35.795,37.434,39.092,35.269
25.616,22.427,20.965,19.575,19.567,18.901,16.383,17.685,20.225,18.965,17.967,21.870,19.303,13.569,9.329,11.054,13.153,18.141,23.827,32.042,35.856,37.535,39.217,35.401
25.726,22.549,21.118,19.729,19.710,19.054,16.530,17.842,20.395,19.112,18.118,22.075,19.503,13.805,9.558,11.278,13.352,18.274,23.937,32.166,36.008,37.667,39.327,35.517
25.856,22.698,21.293,19.903,19.901,19.250,16.731,18.043,20.600,19.294,18.301,22.282,19.718,14.044,9.809,11.504,13.560,18.434,24.117,32.292,36.150,37.798,39.451,35.652
25.975,22.850,21.444,20.055,20.067,19.411,16.924,18.220,20.753,19.433,18.457,22.399,19.861,14.199,10.000,11.664,13.711,18.617,24.313,32.380,36.219,37.898,39.573,35.792
26.057,22.942,21.546,20.153,20.180,19.523,17.041,18.336,20.871,19.533,18.558,22.513,19.978,14.318,10.124,11.770,13.810,18.711,24.438,32.468,36.319,38.004,39.685,35.904
26.120,23.017,21.615,20.220,20.250,19.589,17.120,18.409,20.933,19.590,18.623,22.560,20.034,14.371,10.190,11.826,13.866,18.797,24.529,32.523,36.367,38.072,39.768,35.990
26.209,23.090,21.680,20.284,20.311,19.649,17.170,18.462,20.991,19.659,18.686,22.620,20.087,14.408,10.216,11.865,13.916,18.856,24.590,32.620,36.462,38.163,39.857,36.071
26.352,23.216,21.803,20.412,20.433,19.775,17.282,18.578,21.113,19.804,18.819,22.753,20.211,14.535,10.332,12.001,14.057,18.968,24.680,32.758,36.593,38.265,39.941,36.155
26.475,23.339,21.928,20.540,20.550,19.894,17.400,18.698,21.233,19.927,18.944,22.882,20.338,14.672,10.467,12.142,14.195,19.097,24.784,32.879,36.712,38.381,40.050,36.266
26.614,23.480,22.077,20.691,20.713,20.060,17.565,18.861,21.399,20.095,19.105,23.045,20.504,14.846,10.646,12.315,14.364,19.235,24.933,33.009,36.842,38.494,40.153,36.376
26.699,23.566,22.170,20.782,20.815,20.163,17.666,18.963,21.506,20.194,19.201,23.150,20.609,14.951,10.751,12.412,14.460,19.317,25.035,33.097,36.939,38.584,40.243,36.466
26.770,23.640,22.260,20.871,20.904,20.257,17.755,19.057,21.608,20.286,19.291,23.266,20.722,15.077,10.873,12.531,14.569,19.392,25.109,33.176,37.032,38.665,40.313,36.538
26.898,23.782,22.406,21.022,21.040,20.395,17.903,19.203,21.745,20.421,19.437,23.409,20.871,15.249,11.054,12.710,14.737,19.555,25.236,33.292,37.140,38.779,40.424,36.658
27.088,23.965,22.579,21.200,21.222,20.577,18.085,19.380,21.915,20.614,19.624,23.564,21.031,15.406,11.220,12.882,14.918,19.736,25.406,33.458,37.284,38.911,40.551,36.792
27.192,24.064,22.662,21.287,21.299,20.651,18.164,19.454,21.978,20.697,19.709,23.619,21.088,15.458,11.276,12.950,14.994,19.838,25.484,33.548,37.351,38.985,40.629,36.872
27.288,24.186,22.769,21.387,21.424,20.762,18.307,19.580,22.080,20.782,19.810,23.671,21.163,15.514,11.364,13.004,15.053,19.978,25.674,33.628,37.414,39.101,40.788,37.034
27.371,24.269,22.862,21.479,21.516,20.857,18.397,19.674,22.182,20.875,19.901,23.786,21.274,15.631,11.474,13.113,15.156,20.058,25.758,33.721,37.522,39.200,40.881,37.125
27.475,24.395,22.962,21.578,21.616,20.944,18.518,19.777,22.251,20.945,19.993,23.810,21.321,15.665,11.541,13.162,15.213,20.214,25.915,33.796,37.561,39.298,41.019,37.270
27.604,24.521,23.070,21.686,21.726,21.048,18.631,19.882,22.345,21.052,20.102,23.883,21.399,15.729,11.613,13.237,15.299,20.341,26.043,33.911,37.655,39.408,41.142,37.392
27.711,24.630,23.166,21.783,21.814,21.132,18.723,19.970,22.420,21.135,20.193,23.950,21.470,15.795,11.685,13.313,15.380,20.459,26.144,34.009,37.737,39.508,41.253,37.503
27.875,24.766,23.274,21.895,21.925,21.239,18.820,20.064,22.511,21.268,20.311,24.024,21.538,15.834,11.719,13.372,15.466,20.572,26.252,34.161,37.859,39.620,41.365,37.608
28.054,24.980,23.490,22.110,22.151,21.459,19.071,20.302,22.728,21.462,20.526,24.214,21.751,16.061,11.978,13.598,15.680,20.819,26.510,34.319,38.006,39.803,41.571,37.829
28.178,25.100,23.608,22.227,22.259,21.567,19.176,20.410,22.836,21.571,20.637,24.329,21.862,16.170,12.080,13.708,15.791,20.939,26.620,34.449,38.139,39.940,41.709,37.963
28.319,25.246,23.733,22.355,22.390,21.691,19.318,20.539,22.944,21.697,20.768,24.405,21.951,16.249,12.181,13.805,15.899,21.096,26.772,34.561,38.217,40.039,41.825,38.085
28.466,25.377,23.848,22.472,22.503,21.802,19.423,20.643,23.047,21.820,20.885,24.503,22.045,16.326,12.251,13.891,15.998,21.215,26.885,34.706,38.349,40.169,41.956,38.210
28.677,25.594,24.068,22.697,22.748,22.048,19.676,20.887,23.284,22.069,21.127,24.718,22.271,16.556,12.505,14.135,16.242,21.435,27.115,34.885,38.510,40.313,42.094,38.363
28.799,25.701,24.145,22.773,22.831,22.121,19.754,20.955,23.341,22.151,21.205,24.746,22.300,16.562,12.507,14.142,16.273,21.530,27.227,34.997,38.595,40.416,42.216,38.477
28.980,25.911,24.369,23.001,23.061,22.354,20.006,21.201,23.573,22.372,21.438,24.970,22.541,16.831,12.806,14.422,16.534,21.770,27.449,35.152,38.740,40.566,42.364,38.646
29.096,26.036,24.502,23.133,23.191,22.485,20.140,21.337,23.708,22.495,21.567,25.094,22.668,16.865,12.842,14.483,16.654,21.904,27.577,35.270,38.865,40.694,42.492,38.777
29.200,26.133,24.569,23.198,23.250,22.534,20.198,21.387,23.745,22.545,21.623,25.111,22.685,16.972,12.951,14.569,16.676,21.999,27.676,35.371,38.945,40.809,42.633,38.908
29.352,26.250,24.627,23.253,23.311,22.577,20.242,21.419,23.761,22.607,21.676,25.125,22.702,16.986,12.963,14.572,16.692,22.087,27.794,35.516,39.046,40.945,42.805,39.059
29.516,26.431,24.822,23.448,23.497,22.765,20.437,21.617,23.957,22.783,21.864,25.304,22.881,17.100,13.081,14.713,16.868,22.287,27.977,35.683,39.226,41.132,42.991,39.250
29.708,26.613,25.011,23.635,23.706,22.976,20.638,21.818,24.171,23.000,22.065,25.512,23.086,17.296,13.273,14.901,17.061,22.449,28.175,35.878,39.428,41.310,43.160,39.418
29.993,26.885,25.258,23.888,23.959,23.225,20.890,22.061,24.400,23.267,22.325,25.717,23.295,17.491,13.476,15.120,17.298,22.716,28.427,36.135,39.646,41.527,43.379,39.641
30.179,27.046,25.438,24.068,24.159,23.434,21.069,22.250,24.619,23.493,22.522,25.955,23.516,17.707,13.670,15.322,17.502,22.839,28.586,36.339,39.876,41.700,43.522,39.778
30.380,27.248,25.660,24.293,24.396,23.679,21.306,22.490,24.870,23.743,22.761,26.215,23.775,17.987,13.950,15.597,17.767,23.036,28.786,36.534,40.080,41.868,43.666,39.932
30.637,27.501,25.890,24.525,24.635,23.910,21.549,22.720,25.083,23.981,22.999,26.396,23.965,18.161,14.140,15.789,17.975,23.291,29.042,36.763,40.274,42.076,43.889,40.158
30.902,27.754,26.099,24.737,24.856,24.118,21.771,22.925,25.263,24.200,23.216,26.526,24.106,18.262,14.259,15.916,18.133,23.537,29.299,36.997,40.457,42.286,44.125,40.393
31.127,27.999,26.309,24.941,25.098,24.340,22.034,23.159,25.460,24.402,23.429,26.639,24.250,18.367,14.295,16.032,18.271,23.796,29.625,37.181,40.596,42.487,44.384,40.657
31.298,28.175,26.455,25.081,25.243,24.470,22.186,23.298,25.578,24.520,23.560,26.720,24.343,18.401,14.410,16.095,18.350,23.979,29.835,37.348,40.742,42.688,44.626,40.891
31.657,28.477,26.735,25.370,25.544,24.775,22.454,23.568,25.866,24.877,23.874,27.003,24.605,18.424,14.482,16.158,18.637,24.225,30.083,37.692,41.059,42.938,44.842,41.100
31.934,28.722,26.935,25.570,25.743,24.962,22.637,23.744,26.031,25.085,24.073,27.139,24.736,18.599,14.494,16.348,18.775,24.446,30.311,37.961,41.292,43.187,45.111,41.353
32.259,28.978,27.118,25.750,25.946,25.145,22.801,23.895,26.182,25.310,24.263,27.234,24.816,18.645,14.526,16.365,18.840,24.632,30.563,38.286,41.570,43.473,45.425,41.634
32.526,29.196,27.282,25.915,26.102,25.289,22.930,24.021,26.302,25.489,24.425,27.333,24.900,18.656,14.615,16.410,18.860,24.812,30.738,38.551,41.796,43.706,45.670,41.857
32.832,29.427,27.478,26.105,26.306,25.488,23.079,24.181,26.495,25.730,24.623,27.525,25.030,18.694,14.690,16.442,18.935,24.958,30.945,38.899,42.150,44.025,45.982,42.130
33.154,29.662,27.606,26.215,26.443,25.589,23.159,24.249,26.565,25.864,24.725,27.528,25.036,18.707,14.714,16.448,18.961,25.096,31.212,39.264,42.479,44.416,46.445,42.525
33.485,29.925,27.764,26.345,26.677,25.777,23.349,24.404,26.714,26.062,24.879,27.531,25.058,18.729,14.717,16.490,19.057,25.254,31.628,39.614,42.788,44.799,46.932,42.954
33.899,30.316,28.118,26.694,27.015,26.104,23.673,24.726,27.030,26.396,25.214,27.832,25.330,18.735,14.739,16.518,19.142,25.628,32.011,40.042,43.202,45.247,47.407,43.407
34.605,30.963,28.608,27.175,27.556,26.588,24.196,25.192,27.430,26.908,25.709,28.048,25.570,18.804,14.763,16.561,19.373,26.218,32.737,40.686,43.705,45.866,48.147,44.112
35.185,31.455,29.054,27.604,28.049,27.066,24.623,25.622,27.903,27.422,26.160,28.484,25.970,18.959,14.828,16.760,19.687,26.590,33.281,41.321,44.357,46.491,48.790,44.701
36.093,32.308,29.715,28.263,28.676,27.631,25.242,26.189,28.373,28.019,26.783,28.803,26.310,19.095,14.940,17.000,20.068,27.433,34.107,42.168,45.032,47.346,49.782,45.650
37.074,33.125,30.330,28.841,29.358,28.242,25.818,26.729,28.915,28.689,27.375,29.164,26.635,19.122,15.021,17.017,20.250,28.051,35.048,43.207,45.994,48.411,50.992,46.740
38.686,34.267,31.340,29.834,30.329,29.227,26.439,27.472,29.917,29.966,28.384,30.357,27.554,19.640,15.086,17.516,21.008,28.696,35.844,45.128,48.030,50.119,52.535,48.050
40.468,35.556,32.612,31.092,31.355,30.324,27.059,28.331,31.144,31.362,29.548,32.112,28.924,20.774,15.644,18.555,22.192,29.504,36.514,47.433,50.658,52.341,54.461,49.693
