-3.578,-9.939,-13.758,-16.523,-15.544,-10.841,-3.223,9.352,14.294,16.726,12.351,11.428,9.176,6.571,9.160,11.863,15.217,21.167,18.064,16.391,12.014,9.805,7.074,-4.718
2.798,-2.623,-6.505,-8.964,-7.905,-3.413,3.788,14.714,19.408,22.137,18.236,17.217,15.149,13.008,15.139,17.517,20.578,26.057,22.804,21.460,17.098,15.643,13.071,2.454
6.342,1.405,-2.502,-4.760,-3.625,0.659,7.466,17.853,22.395,24.811,21.160,20.171,18.292,16.391,18.260,20.603,23.465,28.726,25.578,24.250,20.197,18.733,16.315,6.352
7.906,3.087,-0.799,-2.950,-1.750,2.354,8.818,19.394,23.843,25.683,22.095,21.193,19.459,17.608,19.407,21.854,24.602,29.818,26.929,25.450,21.825,19.932,17.622,7.895
9.715,5.092,1.466,-0.633,0.390,4.275,10.543,20.815,25.109,26.487,23.129,22.415,20.847,19.102,20.712,23.287,25.936,30.927,28.157,26.598,23.242,21.137,19.068,9.798
10.786,6.296,2.796,0.718,1.637,5.443,11.671,21.611,25.829,27.160,23.935,23.285,21.772,20.097,21.603,24.184,26.792,31.645,28.856,27.325,23.989,21.954,19.988,10.971
11.768,7.357,3.953,1.908,2.785,6.508,12.621,22.370,26.501,27.774,24.621,24.003,22.527,20.883,22.353,24.903,27.462,32.211,29.480,27.968,24.706,22.687,20.776,11.942
12.581,8.271,4.802,2.823,3.783,7.459,13.428,23.173,27.279,28.434,25.302,24.666,23.234,21.635,23.070,25.606,28.109,32.848,30.186,28.658,25.522,23.437,21.533,12.810
13.186,8.951,5.478,3.543,4.529,8.146,14.001,23.743,27.817,28.808,25.713,25.098,23.718,22.155,23.548,26.106,28.565,33.276,30.682,29.119,26.111,23.924,22.058,13.449
13.567,9.363,5.852,3.943,4.975,8.587,14.386,24.115,28.178,29.187,26.085,25.442,24.062,22.508,23.907,26.428,28.868,33.580,31.008,29.459,26.474,24.307,22.420,13.834
14.257,10.101,6.675,4.792,5.789,9.323,15.017,24.645,28.636,29.545,26.495,25.890,24.546,23.008,24.384,26.898,29.298,33.933,31.431,29.877,26.984,24.776,22.940,14.491
14.772,10.656,7.248,5.397,6.410,9.893,15.482,25.099,29.049,29.857,26.828,26.235,24.921,23.397,24.761,27.270,29.634,34.238,31.805,30.235,27.439,25.168,23.354,14.989
15.082,10.972,7.573,5.733,6.756,10.228,15.778,25.352,29.277,30.129,27.097,26.487,25.163,23.633,25.018,27.483,29.836,34.422,32.010,30.463,27.668,25.437,23.610,15.263
15.338,11.233,7.803,5.983,7.055,10.528,16.027,25.582,29.491,30.421,27.364,26.711,25.367,23.829,25.248,27.647,29.987,34.575,32.187,30.673,27.875,25.700,23.832,15.480
15.691,11.620,8.205,6.400,7.472,10.930,16.394,25.844,29.724,30.706,27.667,27.002,25.655,24.129,25.545,27.901,30.225,34.777,32.393,30.912,28.105,25.996,24.127,15.833
15.980,11.902,8.525,6.722,7.778,11.209,16.636,26.096,29.952,30.879,27.847,27.202,25.865,24.331,25.753,28.114,30.429,34.963,32.616,31.122,28.357,26.205,24.353,16.084
16.172,12.116,8.764,6.957,7.986,11.413,16.860,26.231,30.078,31.040,28.034,27.395,26.060,24.538,25.941,28.296,30.611,35.118,32.746,31.269,28.474,26.372,24.535,16.303
16.572,12.558,9.246,7.436,8.418,11.833,17.302,26.559,30.395,31.351,28.392,27.780,26.462,24.969,26.325,28.698,31.009,35.476,33.071,31.603,28.791,26.720,24.921,16.763
17.068,13.041,9.869,8.064,8.960,12.287,17.678,26.907,30.668,31.426,28.546,28.006,26.733,25.226,26.573,28.974,31.170,35.479,33.315,31.818,29.133,26.949,25.225,17.167
17.104,13.124,9.876,8.073,9.026,12.392,17.804,26.990,30.759,31.455,28.556,28.011,26.775,25.304,26.643,28.984,31.272,35.662,33.344,31.838,29.211,27.069,25.353,17.288
17.455,13.544,10.391,8.670,9.636,12.852,17.979,27.106,30.784,31.668,28.750,28.167,26.876,25.397,26.730,29.108,31.395,35.811,33.442,31.968,29.301,27.113,25.362,17.508
17.708,13.848,10.607,8.839,9.769,13.108,18.369,27.441,31.140,31.841,29.000,28.478,27.248,25.795,27.086,29.474,31.704,36.017,33.752,32.255,29.646,27.457,25.778,17.908
17.757,13.856,10.708,8.950,9.837,13.109,18.494,27.489,31.215,31.944,29.121,28.608,27.378,25.935,27.207,29.604,31.842,36.144,33.843,32.354,29.694,27.555,25.889,18.031
17.799,13.940,10.749,8.962,9.854,13.168,18.507,27.510,31.267,32.129,29.294,28.729,27.480,26.073,27.313,29.702,31.960,36.315,33.904,32.447,29.708,27.653,25.945,18.040
17.846,13.947,10.822,9.053,9.929,13.192,18.602,27.526,31.294,32.155,29.346,28.810,27.565,26.159,27.383,29.790,32.057,36.384,33.953,32.497,29.721,27.694,26.015,18.134
18.008,14.143,10.909,9.135,10.045,13.340,18.741,27.774,31.528,32.173,29.385,28.917,27.716,26.303,27.506,30.000,32.260,36.578,34.208,32.679,30.012,27.806,26.187,18.331
18.027,14.147,10.913,9.138,10.057,13.364,18.772,27.809,31.589,32.329,29.512,28.994,27.771,26.364,27.581,30.035,32.296,36.648,34.251,32.750,30.042,27.903,26.237,18.343
18.040,14.179,10.932,9.153,10.065,13.405,18.826,27.923,31.732,32.462,29.629,29.096,27.874,26.473,27.686,30.152,32.417,36.804,34.396,32.883,30.177,28.018,26.336,18.409
18.069,14.207,11.017,9.225,10.081,13.433,18.864,28.011,31.840,32.551,29.708,29.169,27.950,26.551,27.761,30.242,32.511,36.922,34.508,32.982,30.281,28.099,26.410,18.457
18.403,14.554,11.313,9.555,10.484,13.789,19.145,28.207,31.987,32.690,29.866,29.342,28.134,26.733,27.949,30.405,32.651,37.014,34.643,33.134,30.399,28.291,26.621,18.739
18.493,14.696,11.481,9.704,10.578,13.916,19.372,28.235,32.012,32.864,30.088,29.551,28.321,26.952,28.129,30.544,32.804,37.119,34.654,33.199,30.484,28.417,26.753,18.926
18.769,14.961,11.780,10.025,10.906,14.172,19.509,28.518,32.268,32.864,30.094,29.611,28.436,27.059,28.230,30.718,32.947,37.263,34.910,33.377,30.764,28.542,26.926,19.137
18.861,15.067,11.860,10.115,11.014,14.277,19.600,28.652,32.412,32.952,30.182,29.703,28.541,27.174,28.332,30.841,33.065,37.394,35.050,33.498,30.917,28.649,27.038,19.253
18.981,15.180,11.986,10.243,11.140,14.393,19.698,28.760,32.510,33.034,30.262,29.787,28.627,27.254,28.419,30.926,33.146,37.470,35.144,33.588,31.024,28.740,27.132,19.350
19.133,15.348,12.141,10.411,11.325,14.562,19.831,28.934,32.683,33.129,30.361,29.894,28.754,27.390,28.543,31.069,33.277,37.606,35.307,33.727,31.217,28.872,27.274,19.513
19.254,15.468,12.282,10.552,11.445,14.679,19.957,29.003,32.739,33.225,30.467,30.002,28.854,27.488,28.643,31.154,33.365,37.673,35.365,33.802,31.267,28.963,27.369,19.622
19.282,15.497,12.290,10.554,11.472,14.717,19.992,29.077,32.826,33.315,30.542,30.063,28.912,27.547,28.707,31.216,33.426,37.756,35.448,33.882,31.350,29.039,27.429,19.660
19.382,15.614,12.388,10.665,11.591,14.835,20.110,29.145,32.888,33.401,30.639,30.157,29.007,27.649,28.802,31.299,33.506,37.822,35.504,33.951,31.407,29.127,27.520,19.774
19.420,15.672,12.404,10.677,11.624,14.911,20.192,29.237,32.995,33.503,30.737,30.248,29.099,27.748,28.896,31.396,33.600,37.928,35.607,34.051,31.494,29.226,27.614,19.864
19.453,15.694,12.460,10.739,11.671,14.920,20.224,29.242,33.015,33.633,30.852,30.328,29.156,27.812,28.964,31.432,33.647,37.994,35.625,34.101,31.512,29.296,27.651,19.871
19.659,15.899,12.666,10.948,11.884,15.127,20.383,29.450,33.198,33.685,30.917,30.430,29.285,27.931,29.082,31.583,33.784,38.112,35.805,34.244,31.722,29.418,27.806,20.059
19.751,16.001,12.757,11.045,11.992,15.238,20.489,29.530,33.276,33.796,31.027,30.527,29.376,28.026,29.180,31.662,33.860,38.185,35.875,34.326,31.794,29.519,27.898,20.156
19.855,16.106,12.870,11.159,12.105,15.348,20.592,29.609,33.347,33.889,31.120,30.616,29.461,28.109,29.268,31.736,33.931,38.248,35.939,34.402,31.862,29.609,27.984,20.250
20.013,16.294,13.079,11.368,12.287,15.518,20.771,29.734,33.467,33.976,31.239,30.757,29.620,28.287,29.413,31.902,34.094,38.388,36.065,34.522,31.988,29.730,28.136,20.450
20.147,16.424,13.224,11.518,12.435,15.649,20.873,29.858,33.579,34.043,31.308,30.835,29.706,28.369,29.498,31.993,34.177,38.466,36.172,34.616,32.117,29.822,28.235,20.561
20.226,16.508,13.264,11.574,12.520,15.738,20.961,29.936,33.657,34.139,31.402,30.923,29.791,28.456,29.586,32.073,34.256,38.546,36.246,34.698,32.190,29.911,28.319,20.646
20.245,16.528,13.271,11.583,12.537,15.777,21.002,29.993,33.729,34.268,31.508,30.996,29.849,28.513,29.658,32.118,34.303,38.616,36.307,34.774,32.245,30.001,28.376,20.671
20.292,16.582,13.288,11.596,12.600,15.855,21.059,30.093,33.844,34.407,31.622,31.077,29.922,28.587,29.746,32.185,34.365,38.707,36.404,34.875,32.352,30.114,28.457,20.725
20.369,16.658,13.300,11.621,12.687,15.941,21.121,30.200,33.954,34.494,31.695,31.143,29.989,28.652,29.819,32.256,34.431,38.788,36.504,34.966,32.468,30.202,28.536,20.793
20.388,16.663,13.318,11.645,12.697,15.960,21.124,30.276,34.040,34.570,31.746,31.178,30.019,28.673,29.858,32.292,34.467,38.851,36.584,35.037,32.556,30.263,28.576,20.796
20.445,16.714,13.326,11.660,12.745,16.009,21.171,30.368,34.142,34.637,31.806,31.241,30.088,28.740,29.925,32.374,34.550,38.948,36.688,35.126,32.663,30.334,28.648,20.853
20.575,16.847,13.472,11.807,12.883,16.133,21.283,30.504,34.274,34.705,31.884,31.338,30.199,28.855,30.028,32.502,34.674,39.068,36.823,35.241,32.811,30.434,28.766,20.986
20.658,16.922,13.556,11.887,12.954,16.203,21.360,30.588,34.358,34.784,31.963,31.422,30.283,28.935,30.110,32.590,34.765,39.159,36.914,35.328,32.897,30.512,28.848,21.063
20.791,17.065,13.690,12.030,13.114,16.361,21.496,30.698,34.458,34.917,32.092,31.535,30.391,29.044,30.227,32.679,34.846,39.235,36.997,35.427,32.994,30.639,28.962,21.188
20.888,17.146,13.781,12.117,13.194,16.437,21.570,30.806,34.566,34.996,32.167,31.619,30.476,29.121,30.310,32.775,34.944,39.337,37.111,35.529,33.110,30.724,29.052,21.265
20.990,17.268,13.904,12.244,13.316,16.553,21.683,30.905,34.665,35.064,32.250,31.712,30.582,29.240,30.409,32.888,35.053,39.439,37.210,35.620,33.214,30.814,29.156,21.396
21.051,17.321,13.931,12.278,13.377,16.619,21.733,30.994,34.758,35.164,32.332,31.777,30.641,29.293,30.478,32.944,35.107,39.510,37.294,35.704,33.307,30.901,29.224,21.441
21.128,17.383,13.975,12.328,13.452,16.690,21.776,31.113,34.880,35.245,32.393,31.834,30.700,29.341,30.542,33.013,35.173,39.595,37.410,35.802,33.441,30.985,29.298,21.490
21.265,17.509,14.118,12.469,13.582,16.809,21.886,31.255,35.018,35.333,32.483,31.940,30.814,29.450,30.650,33.141,35.300,39.721,37.552,35.928,33.593,31.092,29.419,21.612
21.358,17.615,14.228,12.577,13.679,16.909,22.002,31.334,35.099,35.427,32.589,32.050,30.926,29.572,30.758,33.252,35.412,39.825,37.638,36.019,33.668,31.188,29.522,21.730
21.408,17.665,14.260,12.607,13.725,16.967,22.072,31.382,35.151,35.536,32.690,32.133,30.997,29.640,30.836,33.307,35.471,39.887,37.686,36.086,33.705,31.270,29.586,21.781
21.442,17.683,14.264,12.612,13.735,16.983,22.088,31.484,35.270,35.603,32.742,32.189,31.058,29.696,30.894,33.392,35.559,40.003,37.813,36.187,33.831,31.338,29.652,21.814
21.506,17.725,14.293,12.638,13.775,17.022,22.119,31.600,35.395,35.669,32.794,32.248,31.123,29.751,30.957,33.479,35.649,40.113,37.944,36.292,33.969,31.411,29.725,21.858
21.651,17.853,14.435,12.784,13.921,17.147,22.210,31.765,35.551,35.735,32.855,32.327,31.216,29.834,31.047,33.593,35.757,40.226,38.100,36.417,34.153,31.510,29.838,21.968
21.718,17.914,14.491,12.837,13.977,17.215,22.291,31.823,35.611,35.851,32.964,32.423,31.298,29.911,31.135,33.660,35.828,40.299,38.159,36.493,34.199,31.600,29.913,22.029
21.742,17.947,14.497,12.844,14.000,17.250,22.338,31.878,35.681,35.935,33.043,32.492,31.365,29.985,31.203,33.729,35.900,40.384,38.229,36.565,34.259,31.670,29.974,22.080
21.880,18.081,14.651,12.999,14.144,17.376,22.445,32.013,35.806,35.995,33.110,32.578,31.465,30.083,31.296,33.843,36.009,40.487,38.356,36.672,34.404,31.762,30.084,22.203
22.001,18.192,14.778,13.122,14.258,17.489,22.559,32.109,35.895,36.108,33.221,32.689,31.568,30.179,31.402,33.938,36.106,40.575,38.446,36.770,34.491,31.867,30.187,22.304
22.166,18.362,14.967,13.309,14.429,17.655,22.730,32.241,36.018,36.245,33.369,32.841,31.720,30.333,31.552,34.082,36.250,40.704,38.569,36.902,34.612,32.009,30.336,22.469
22.273,18.466,15.076,13.415,14.528,17.750,22.827,32.364,36.145,36.331,33.459,32.943,31.831,30.445,31.657,34.209,36.378,40.835,38.704,37.021,34.747,32.110,30.447,22.581
22.419,18.601,15.218,13.564,14.684,17.890,22.933,32.512,36.282,36.422,33.543,33.032,31.926,30.531,31.754,34.309,36.470,40.929,38.833,37.136,34.902,32.220,30.559,22.693
22.503,18.689,15.302,13.644,14.760,17.972,23.030,32.610,36.388,36.523,33.647,33.141,32.037,30.648,31.861,34.427,36.592,41.054,38.946,37.245,35.004,32.320,30.664,22.796
22.609,18.802,15.405,13.747,14.862,18.074,23.142,32.751,36.542,36.628,33.759,33.264,32.174,30.793,31.988,34.585,36.751,41.222,39.109,37.389,35.164,32.441,30.797,22.931
22.687,18.876,15.451,13.801,14.942,18.153,23.199,32.888,36.689,36.717,33.834,33.338,32.256,30.873,32.071,34.685,36.847,41.342,39.252,37.508,35.323,32.540,30.892,23.006
22.778,18.954,15.523,13.871,15.014,18.220,23.264,33.035,36.848,36.793,33.905,33.427,32.359,30.973,32.165,34.819,36.983,41.497,39.422,37.644,35.498,32.636,31.000,23.098
22.918,19.090,15.680,14.022,15.144,18.341,23.393,33.177,36.991,36.886,34.010,33.553,32.497,31.112,32.292,34.974,37.140,41.649,39.576,37.781,35.650,32.752,31.136,23.242
23.021,19.213,15.753,14.109,15.274,18.489,23.531,33.291,37.112,37.083,34.192,33.696,32.625,31.248,32.438,35.078,37.239,41.761,39.676,37.908,35.752,32.914,31.265,23.363
23.096,19.284,15.788,14.147,15.341,18.578,23.628,33.385,37.216,37.263,34.350,33.824,32.733,31.350,32.560,35.166,37.332,41.870,39.771,38.025,35.836,33.050,31.369,23.435
23.203,19.390,15.859,14.230,15.458,18.693,23.712,33.554,37.394,37.380,34.450,33.920,32.838,31.455,32.668,35.290,37.448,42.012,39.941,38.171,36.028,33.178,31.491,23.540
23.339,19.507,15.965,14.340,15.587,18.817,23.811,33.722,37.562,37.512,34.565,34.032,32.950,31.555,32.786,35.410,37.566,42.145,40.104,38.319,36.208,33.313,31.617,23.642
23.426,19.577,16.032,14.401,15.644,18.870,23.871,33.881,37.739,37.585,34.634,34.126,33.063,31.665,32.885,35.564,37.725,42.326,40.299,38.470,36.403,33.411,31.733,23.736
23.650,19.824,16.312,14.677,15.881,19.088,24.102,34.086,37.942,37.708,34.794,34.323,33.287,31.908,33.087,35.813,37.972,42.553,40.518,38.665,36.620,33.585,31.951,24.002
23.749,19.903,16.376,14.740,15.955,19.164,24.175,34.248,38.117,37.823,34.895,34.432,33.402,32.015,33.198,35.952,38.114,42.720,40.702,38.822,36.807,33.706,32.072,24.090
23.944,20.116,16.592,14.960,16.173,19.373,24.374,34.436,38.302,37.977,35.062,34.607,33.589,32.212,33.380,36.145,38.301,42.899,40.884,38.997,36.999,33.882,32.261,24.305
24.184,20.396,16.886,15.253,16.437,19.636,24.667,34.631,38.498,38.189,35.310,34.867,33.860,32.510,33.638,36.414,38.569,43.142,41.086,39.211,37.184,34.111,32.514,24.610
24.341,20.550,17.027,15.393,16.581,19.778,24.812,34.852,38.736,38.338,35.459,35.035,34.046,32.700,33.813,36.634,38.790,43.383,41.336,39.425,37.436,34.284,32.702,24.788
24.502,20.735,17.176,15.553,16.761,19.961,24.991,35.060,38.961,38.519,35.644,35.219,34.244,32.915,34.006,36.849,39.000,43.609,41.558,39.631,37.663,34.480,32.901,24.994
24.735,20.963,17.436,15.806,16.982,20.155,25.181,35.335,39.239,38.626,35.772,35.401,34.465,33.141,34.200,37.125,39.275,43.885,41.860,39.872,37.979,34.658,33.129,25.240
24.929,21.174,17.630,16.002,17.182,20.362,25.403,35.545,39.462,38.849,36.002,35.630,34.698,33.386,34.429,37.363,39.514,44.129,42.085,40.096,38.195,34.880,33.354,25.471
25.098,21.318,17.743,16.109,17.311,20.519,25.585,35.754,39.687,39.149,36.272,35.873,34.916,33.590,34.660,37.570,39.733,44.373,42.313,40.341,38.398,35.124,33.565,25.625
25.451,21.659,18.146,16.484,17.616,20.823,25.952,36.066,39.999,39.456,36.609,36.248,35.296,33.970,35.018,37.962,40.142,44.757,42.661,40.686,38.706,35.443,33.919,25.993
26.071,22.283,18.894,17.235,18.295,21.428,26.487,36.533,40.397,39.743,36.945,36.641,35.719,34.390,35.426,38.385,40.542,45.082,43.051,41.059,39.157,35.832,34.370,26.547
26.426,22.604,19.269,17.589,18.597,21.711,26.791,36.914,40.780,39.997,37.213,36.964,36.065,34.726,35.746,38.779,40.946,45.485,43.471,41.428,39.568,36.132,34.714,26.884
26.692,22.885,19.478,17.808,18.879,22.050,27.150,37.133,41.004,40.521,37.698,37.352,36.389,35.045,36.114,39.012,41.184,45.730,43.657,41.718,39.722,36.526,35.019,27.150
26.949,23.104,19.666,17.973,19.051,22.271,27.446,37.448,41.354,40.981,38.127,37.754,36.757,35.397,36.490,39.373,41.573,46.152,44.029,42.112,40.032,36.903,35.360,27.408
27.247,23.370,19.826,18.126,19.245,22.476,27.688,38.134,42.150,41.354,38.475,38.177,37.258,35.912,36.941,40.054,42.272,46.984,44.892,42.791,40.885,37.359,35.870,27.808
27.701,23.749,20.073,18.320,19.464,22.816,28.240,38.921,43.081,42.310,39.368,39.056,38.113,36.756,37.776,40.991,43.283,48.135,45.916,43.769,41.751,38.181,36.654,28.372
29.357,25.284,22.057,20.165,20.877,24.088,29.701,40.468,44.591,43.179,40.428,40.477,39.679,38.307,39.164,42.788,45.136,49.858,47.651,45.275,43.405,39.366,38.167,30.009
31.932,27.566,25.054,22.945,23.048,26.074,31.911,42.686,46.676,44.722,42.158,42.628,41.923,40.431,41.229,45.218,47.658,52.156,50.011,47.441,45.654,41.200,40.357,32.279
