-1.696,-5.517,-5.354,-6.375,-7.216,-2.163,11.624,22.628,24.599,16.477,9.636,3.927,-4.488,-15.249,-12.911,-8.141,2.761,13.534,26.099,36.423,38.782,30.748,16.788,5.887
15.312,12.349,12.367,11.849,11.488,15.176,24.661,32.856,34.068,28.367,23.092,19.199,14.114,8.802,9.895,12.865,18.989,26.307,35.344,43.044,44.399,38.152,28.318,20.893
19.114,16.185,16.169,15.828,15.658,19.134,27.519,35.165,36.300,30.924,25.773,22.424,18.457,14.675,15.302,17.798,22.657,29.001,37.250,44.374,45.532,39.627,30.981,24.573
22.235,19.607,19.597,19.244,18.988,22.171,29.631,36.860,37.985,33.624,28.920,25.600,21.835,18.890,19.515,21.719,25.878,31.631,39.279,45.768,46.784,41.445,33.260,27.080
22.927,20.320,20.308,19.973,19.722,22.866,30.077,37.261,38.398,34.237,29.564,26.274,22.664,20.089,20.651,22.756,26.639,32.208,39.738,46.108,47.082,41.831,33.791,27.709
23.664,21.069,21.055,20.737,20.499,23.615,30.665,37.788,38.928,34.851,30.200,26.961,23.476,21.103,21.616,23.659,27.381,32.819,40.249,46.531,47.484,42.295,34.394,28.420
24.435,21.908,21.896,21.585,21.353,24.388,31.269,38.191,39.303,35.303,30.777,27.632,24.230,21.850,22.357,24.359,28.028,33.332,40.563,46.676,47.613,42.566,34.885,29.075
25.149,22.679,22.645,22.355,22.158,25.121,32.026,38.815,39.789,35.779,31.355,28.284,24.918,22.656,23.141,25.109,28.637,33.957,41.094,47.219,48.079,42.992,35.346,29.631
25.735,23.302,23.257,22.981,22.795,25.711,32.514,39.252,40.171,36.286,31.918,28.868,25.568,23.570,24.022,25.926,29.244,34.498,41.560,47.649,48.451,43.377,35.771,30.106
26.226,23.829,23.782,23.512,23.330,26.204,32.910,39.562,40.459,36.645,32.338,29.326,26.076,24.161,24.600,26.469,29.702,34.884,41.853,47.867,48.647,43.631,36.117,30.523
26.767,24.404,24.346,24.094,23.929,26.754,33.345,39.922,40.767,37.052,32.801,29.834,26.678,25.007,25.404,27.208,30.238,35.334,42.206,48.168,48.894,43.903,36.474,30.967
27.136,24.802,24.739,24.493,24.340,27.129,33.704,40.201,41.001,37.285,33.088,30.162,27.027,25.362,25.755,27.547,30.544,35.625,42.433,48.367,49.071,44.096,36.718,31.271
27.433,25.139,25.082,24.825,24.644,27.403,33.836,40.314,41.141,37.611,33.466,30.508,27.371,25.822,26.229,27.984,30.900,35.900,42.650,48.492,49.187,44.304,36.955,31.492
27.801,25.521,25.465,25.218,25.049,27.780,34.118,40.508,41.334,37.815,33.704,30.806,27.749,26.225,26.609,28.338,31.212,36.126,42.780,48.541,49.234,44.414,37.201,31.843
28.048,25.761,25.712,25.465,25.287,28.024,34.248,40.649,41.529,38.086,33.958,31.056,28.052,26.611,26.979,28.682,31.508,36.335,42.962,48.659,49.366,44.605,37.457,32.120
28.317,26.032,25.985,25.746,25.569,28.296,34.410,40.784,41.687,38.299,34.177,31.299,28.367,27.019,27.363,29.032,31.787,36.526,43.096,48.728,49.434,44.727,37.670,32.392
28.527,26.248,26.197,25.965,25.795,28.509,34.586,40.948,41.834,38.484,34.371,31.503,28.607,27.368,27.693,29.338,32.009,36.720,43.266,48.889,49.575,44.868,37.830,32.574
28.630,26.348,26.302,26.066,25.886,28.607,34.636,41.012,41.933,38.620,34.498,31.618,28.730,27.497,27.824,29.464,32.140,36.817,43.360,48.952,49.652,44.978,37.959,32.698
28.789,26.501,26.460,26.223,26.035,28.761,34.713,41.108,42.063,38.817,34.682,31.790,28.935,27.787,28.103,29.721,32.346,36.968,43.500,49.014,49.724,45.120,38.129,32.870
29.078,26.820,26.771,26.543,26.367,29.056,34.989,41.283,42.217,38.991,34.909,32.052,29.220,28.139,28.444,30.041,32.592,37.201,43.645,49.056,49.760,45.248,38.291,33.081
29.333,27.103,27.072,26.832,26.632,29.295,35.043,41.316,42.262,39.139,35.105,32.271,29.482,28.320,28.640,30.220,32.820,37.289,43.675,49.196,49.886,45.256,38.470,33.334
29.453,27.220,27.186,26.948,26.753,29.417,35.188,41.438,42.402,39.271,35.233,32.396,29.604,28.470,28.786,30.365,32.945,37.433,43.803,49.213,49.897,45.403,38.592,33.446
29.569,27.334,27.308,27.064,26.855,29.525,35.246,41.493,42.503,39.395,35.352,32.510,29.721,28.529,28.855,30.439,33.067,37.515,43.869,49.216,49.941,45.501,38.733,33.593
29.654,27.412,27.379,27.135,26.924,29.608,35.380,41.695,42.687,39.599,35.534,32.651,29.828,28.723,29.049,30.632,33.213,37.713,44.130,49.535,50.248,45.750,38.878,33.668
29.932,27.728,27.696,27.445,27.221,29.873,35.590,41.832,42.827,39.842,35.833,32.945,30.103,29.007,29.361,30.930,33.486,37.959,44.276,49.542,50.251,45.899,39.080,33.872
30.087,27.922,27.899,27.638,27.399,30.015,35.660,41.859,42.842,39.873,35.934,33.069,30.216,29.016,29.380,30.952,33.574,37.997,44.327,49.687,50.384,45.934,39.137,33.975
30.250,28.091,28.067,27.806,27.566,30.177,35.808,41.979,42.968,40.037,36.106,33.239,30.389,29.218,29.589,31.153,33.746,38.163,44.435,49.690,50.396,46.048,39.284,34.121
30.392,28.239,28.214,27.956,27.717,30.318,35.903,42.062,43.052,40.161,36.240,33.378,30.554,29.449,29.810,31.356,33.899,38.282,44.530,49.761,50.458,46.129,39.391,34.247
30.535,28.396,28.370,28.116,27.881,30.463,36.003,42.121,43.102,40.236,36.339,33.499,30.705,29.635,29.988,31.517,34.023,38.370,44.573,49.769,50.459,46.155,39.466,34.361
30.673,28.532,28.513,28.254,28.009,30.596,36.101,42.217,43.230,40.379,36.480,33.636,30.842,29.728,30.089,31.622,34.164,38.485,44.677,49.839,50.546,46.282,39.622,34.520
30.816,28.682,28.662,28.406,28.168,30.744,36.244,42.320,43.321,40.448,36.566,33.748,30.970,29.828,30.186,31.718,34.268,38.578,44.740,49.885,50.591,46.338,39.718,34.653
30.975,28.862,28.840,28.584,28.347,30.902,36.400,42.436,43.413,40.551,36.705,33.899,31.112,29.958,30.322,31.853,34.397,38.709,44.842,49.973,50.668,46.426,39.817,34.768
31.121,29.023,29.000,28.746,28.512,31.049,36.517,42.511,43.477,40.629,36.810,34.024,31.255,30.108,30.470,31.990,34.517,38.805,44.898,49.998,50.687,46.468,39.901,34.885
31.248,29.168,29.147,28.888,28.646,31.169,36.606,42.578,43.546,40.742,36.949,34.158,31.378,30.225,30.598,32.115,34.641,38.913,44.982,50.052,50.740,46.552,39.997,34.982
31.369,29.290,29.269,29.014,28.774,31.291,36.681,42.645,43.618,40.845,37.054,34.272,31.524,30.434,30.794,32.293,34.773,39.008,45.054,50.088,50.772,46.614,40.091,35.097
31.523,29.457,29.434,29.185,28.955,31.452,36.815,42.724,43.677,40.898,37.134,34.388,31.674,30.597,30.946,32.433,34.885,39.093,45.090,50.101,50.781,46.629,40.164,35.226
31.608,29.548,29.528,29.277,29.044,31.535,36.873,42.755,43.719,40.940,37.190,34.455,31.746,30.617,30.973,32.462,34.947,39.133,45.104,50.109,50.783,46.653,40.228,35.312
31.722,29.669,29.648,29.400,29.171,31.652,36.971,42.836,43.789,41.025,37.286,34.562,31.870,30.785,31.133,32.610,35.057,39.229,45.180,50.156,50.829,46.713,40.304,35.407
31.847,29.800,29.781,29.533,29.302,31.775,37.067,42.905,43.866,41.108,37.383,34.670,31.989,30.878,31.227,32.703,35.163,39.312,45.235,50.180,50.859,46.773,40.403,35.528
31.920,29.873,29.856,29.607,29.373,31.846,37.114,42.955,43.926,41.190,37.463,34.747,32.074,30.981,31.329,32.799,35.248,39.380,45.299,50.230,50.911,46.838,40.477,35.603
32.020,29.966,29.947,29.706,29.480,31.954,37.191,43.029,44.003,41.266,37.529,34.830,32.198,31.162,31.490,32.946,35.353,39.455,45.359,50.282,50.959,46.888,40.561,35.717
32.108,30.068,30.052,29.805,29.571,32.035,37.257,43.073,44.052,41.336,37.621,34.920,32.271,31.192,31.534,32.994,35.428,39.523,45.408,50.304,50.986,46.944,40.629,35.785
32.184,30.148,30.138,29.881,29.631,32.099,37.306,43.134,44.137,41.457,37.746,35.020,32.341,31.219,31.581,33.049,35.521,39.614,45.505,50.381,51.078,47.064,40.736,35.861
32.285,30.253,30.242,29.985,29.736,32.200,37.407,43.229,44.228,41.550,37.845,35.121,32.442,31.326,31.688,33.154,35.620,39.712,45.599,50.475,51.168,47.154,40.827,35.955
32.409,30.375,30.361,30.112,29.873,32.332,37.527,43.337,44.321,41.639,37.933,35.227,32.581,31.523,31.867,33.320,35.738,39.816,45.689,50.567,51.248,47.224,40.917,36.073
32.527,30.504,30.491,30.242,30.005,32.452,37.647,43.413,44.389,41.683,38.001,35.317,32.670,31.542,31.893,33.353,35.809,39.883,45.725,50.579,51.265,47.262,40.993,36.179
32.626,30.611,30.599,30.348,30.111,32.549,37.736,43.479,44.453,41.749,38.082,35.406,32.758,31.604,31.960,33.421,35.889,39.957,45.780,50.605,51.296,47.317,41.066,36.265
32.757,30.756,30.746,30.495,30.257,32.680,37.834,43.532,44.506,41.808,38.168,35.513,32.876,31.688,32.047,33.504,35.986,40.027,45.808,50.618,51.305,47.345,41.145,36.380
32.837,30.833,30.821,30.569,30.330,32.758,37.930,43.649,44.621,41.926,38.277,35.609,32.960,31.786,32.147,33.606,36.083,40.140,45.942,50.759,51.447,47.479,41.248,36.460
32.936,30.943,30.936,30.676,30.425,32.847,38.013,43.720,44.701,42.028,38.397,35.719,33.040,31.806,32.187,33.656,36.174,40.233,46.026,50.805,51.508,47.578,41.347,36.545
33.046,31.063,31.058,30.797,30.546,32.957,38.086,43.759,44.749,42.085,38.472,35.809,33.144,31.883,32.266,33.732,36.262,40.291,46.049,50.822,51.519,47.604,41.421,36.649
33.128,31.139,31.133,30.878,30.632,33.044,38.158,43.829,44.819,42.151,38.531,35.879,33.240,32.015,32.384,33.841,36.345,40.358,46.108,50.862,51.562,47.656,41.492,36.739
33.226,31.243,31.238,30.982,30.735,33.141,38.240,43.897,44.885,42.230,38.621,35.973,33.338,32.114,32.485,33.938,36.437,40.440,46.175,50.915,51.614,47.720,41.569,36.825
33.301,31.322,31.317,31.059,30.810,33.214,38.319,43.971,44.961,42.302,38.698,36.049,33.403,32.150,32.527,33.986,36.505,40.513,46.247,50.984,51.686,47.798,41.646,36.899
33.405,31.424,31.419,31.163,30.917,33.320,38.412,44.059,45.048,42.390,38.785,36.144,33.514,32.281,32.652,34.105,36.607,40.603,46.328,51.059,51.759,47.873,41.737,37.003
33.471,31.489,31.489,31.229,30.974,33.381,38.435,44.091,45.106,42.482,38.873,36.221,33.594,32.367,32.740,34.189,36.695,40.665,46.386,51.092,51.802,47.944,41.821,37.081
33.571,31.594,31.593,31.329,31.070,33.477,38.566,44.226,45.233,42.601,38.997,36.334,33.674,32.406,32.794,34.255,36.790,40.791,46.527,51.250,51.960,48.090,41.934,37.170
33.675,31.697,31.698,31.435,31.182,33.586,38.680,44.308,45.318,42.640,39.043,36.404,33.753,32.407,32.795,34.266,36.849,40.845,46.561,51.267,51.989,48.134,42.020,37.289
33.740,31.747,31.754,31.489,31.229,33.648,38.710,44.366,45.412,42.751,39.128,36.477,33.840,32.502,32.887,34.356,36.946,40.915,46.642,51.333,52.071,48.234,42.131,37.393
33.822,31.827,31.831,31.569,31.314,33.733,38.814,44.468,45.504,42.821,39.196,36.552,33.916,32.577,32.958,34.429,37.018,40.998,46.729,51.433,52.168,48.316,42.208,37.475
33.926,31.929,31.936,31.674,31.421,33.839,38.900,44.536,45.582,42.888,39.266,36.636,34.015,32.646,33.025,34.497,37.103,41.064,46.776,51.458,52.201,48.370,42.299,37.591
34.037,32.049,32.057,31.795,31.539,33.948,38.978,44.593,45.642,42.972,39.364,36.740,34.129,32.765,33.145,34.610,37.208,41.146,46.834,51.489,52.232,48.425,42.381,37.688
34.221,32.233,32.236,31.987,31.746,34.143,39.114,44.707,45.742,43.095,39.490,36.896,34.357,33.129,33.474,34.905,37.396,41.282,46.931,51.567,52.289,48.485,42.498,37.860
34.348,32.373,32.375,32.126,31.887,34.271,39.238,44.804,45.824,43.182,39.598,37.014,34.476,33.246,33.593,35.020,37.504,41.387,47.015,51.641,52.356,48.559,42.584,37.961
34.416,32.435,32.438,32.189,31.947,34.338,39.297,44.878,45.909,43.276,39.681,37.090,34.552,33.331,33.677,35.104,37.588,41.466,47.103,51.729,52.448,48.652,42.673,38.041
34.505,32.524,32.528,32.280,32.042,34.429,39.390,44.954,45.983,43.329,39.738,37.161,34.632,33.386,33.730,35.159,37.655,41.530,47.154,51.774,52.495,48.704,42.746,38.133
34.606,32.626,32.633,32.382,32.138,34.526,39.456,45.021,46.069,43.441,39.849,37.267,34.741,33.495,33.842,35.268,37.768,41.621,47.237,51.833,52.562,48.796,42.853,38.241
34.684,32.708,32.720,32.464,32.210,34.597,39.493,45.053,46.123,43.524,39.939,37.350,34.820,33.548,33.904,35.331,37.851,41.682,47.285,51.849,52.590,48.859,42.936,38.321
34.806,32.842,32.852,32.595,32.338,34.716,39.617,45.165,46.223,43.636,40.068,37.477,34.933,33.658,34.021,35.448,37.966,41.805,47.401,51.965,52.699,48.969,43.037,38.417
34.911,32.934,32.944,32.694,32.445,34.829,39.688,45.244,46.315,43.735,40.147,37.568,35.075,33.877,34.216,35.624,38.090,41.890,47.477,52.029,52.762,49.035,43.139,38.547
35.060,33.095,33.105,32.854,32.602,34.975,39.818,45.358,46.420,43.866,40.297,37.719,35.223,34.038,34.381,35.783,38.234,42.027,47.597,52.136,52.861,49.148,43.257,38.668
35.203,33.235,33.243,32.996,32.749,35.122,39.959,45.495,46.555,43.993,40.421,37.852,35.371,34.202,34.536,35.935,38.374,42.158,47.723,52.261,52.985,49.269,43.391,38.817
35.336,33.372,33.383,33.135,32.884,35.252,40.040,45.569,46.646,44.121,40.553,37.985,35.522,34.380,34.712,36.099,38.519,42.267,47.811,52.316,53.044,49.359,43.512,38.950
35.499,33.545,33.551,33.309,33.068,35.422,40.224,45.724,46.765,44.227,40.679,38.130,35.679,34.567,34.890,36.270,38.655,42.412,47.938,52.454,53.163,49.459,43.618,39.079
35.614,33.655,33.658,33.419,33.182,35.539,40.345,45.862,46.895,44.365,40.808,38.254,35.811,34.757,35.071,36.443,38.790,42.550,48.089,52.623,53.321,49.597,43.738,39.192
35.708,33.763,33.772,33.520,33.262,35.617,40.401,45.921,46.984,44.503,40.961,38.379,35.891,34.770,35.113,36.496,38.898,42.655,48.192,52.693,53.409,49.729,43.859,39.277
35.881,33.933,33.938,33.692,33.445,35.798,40.609,46.121,47.159,44.644,41.101,38.535,36.060,34.955,35.288,36.670,39.053,42.825,48.363,52.887,53.591,49.884,44.011,39.445
35.978,34.022,34.028,33.785,33.537,35.895,40.676,46.198,47.253,44.753,41.198,38.631,36.178,35.112,35.435,36.807,39.168,42.915,48.450,52.962,53.670,49.972,44.117,39.559
36.102,34.153,34.160,33.913,33.659,36.014,40.788,46.315,47.370,44.898,41.350,38.771,36.305,35.248,35.578,36.949,39.305,43.053,48.589,53.097,53.803,50.112,44.243,39.668
36.245,34.279,34.285,34.039,33.788,36.160,40.957,46.527,47.588,45.103,41.524,38.931,36.464,35.443,35.765,37.137,39.479,43.244,48.818,53.361,54.066,50.343,44.437,39.838
36.432,34.481,34.486,34.239,33.983,36.342,41.109,46.665,47.720,45.281,41.724,39.127,36.659,35.673,35.998,37.360,39.673,43.422,48.976,53.499,54.195,50.490,44.590,39.991
36.618,34.671,34.678,34.428,34.165,36.523,41.262,46.822,47.891,45.487,41.933,39.326,36.857,35.888,36.216,37.572,39.877,43.609,49.158,53.663,54.363,50.677,44.782,40.175
36.863,34.910,34.906,34.673,34.435,36.786,41.550,47.099,48.119,45.675,42.115,39.540,37.119,36.255,36.550,37.888,40.105,43.846,49.391,53.936,54.604,50.864,44.973,40.406
37.059,35.104,35.102,34.865,34.625,36.980,41.774,47.325,48.348,45.877,42.317,39.738,37.292,36.362,36.669,38.022,40.288,44.051,49.608,54.162,54.840,51.095,45.190,40.610
37.307,35.362,35.353,35.116,34.882,37.231,42.108,47.655,48.631,46.121,42.576,39.994,37.507,36.547,36.865,38.233,40.512,44.342,49.923,54.530,55.189,51.394,45.427,40.823
37.533,35.586,35.571,35.335,35.105,37.458,42.386,47.966,48.915,46.400,42.847,40.247,37.735,36.821,37.138,38.509,40.759,44.635,50.253,54.913,55.555,51.710,45.675,41.034
37.846,35.903,35.883,35.660,35.450,37.786,42.712,48.236,49.149,46.588,43.053,40.503,38.042,37.152,37.446,38.804,41.016,44.875,50.451,55.105,55.731,51.876,45.899,41.329
38.169,36.206,36.175,35.977,35.808,38.141,43.086,48.579,49.444,46.786,43.233,40.750,38.383,37.586,37.827,39.164,41.291,45.138,50.691,55.379,55.980,52.068,46.151,41.673
38.480,36.531,36.489,36.295,36.139,38.459,43.485,48.966,49.767,47.074,43.542,41.065,38.669,37.894,38.135,39.477,41.576,45.488,51.057,55.805,56.374,52.399,46.422,41.932
38.748,36.802,36.753,36.559,36.404,38.726,43.817,49.327,50.096,47.396,43.863,41.364,38.929,38.176,38.425,39.774,41.859,45.829,51.440,56.243,56.795,52.769,46.712,42.176
39.028,37.080,37.019,36.838,36.700,39.017,44.138,49.670,50.386,47.694,44.155,41.657,39.245,38.665,38.885,40.210,42.168,46.162,51.794,56.659,57.168,53.069,46.961,42.419
39.308,37.373,37.312,37.119,36.963,39.280,44.425,49.990,50.707,48.067,44.538,41.994,39.516,38.922,39.171,40.506,42.484,46.516,52.181,57.062,57.569,53.467,47.283,42.668
39.656,37.708,37.639,37.453,37.306,39.635,44.830,50.447,51.136,48.486,44.930,42.369,39.890,39.403,39.636,40.964,42.874,46.946,52.661,57.611,58.095,53.922,47.665,43.016
40.093,38.128,38.051,37.887,37.775,40.100,45.290,50.872,51.526,48.802,45.232,42.734,40.348,39.952,40.135,41.440,43.268,47.313,52.997,57.962,58.425,54.215,48.029,43.471
40.696,38.742,38.647,38.494,38.394,40.707,45.940,51.567,52.147,49.479,45.915,43.390,40.999,40.847,41.008,42.281,43.935,48.029,53.753,58.804,59.203,54.900,48.602,43.995
41.400,39.419,39.306,39.179,39.115,41.440,46.726,52.400,52.914,50.197,46.588,44.084,41.762,41.844,41.945,43.187,44.672,48.795,54.562,59.714,60.062,55.639,49.293,44.704
42.849,40.937,40.767,40.672,40.691,42.935,48.681,54.236,54.389,51.393,47.911,45.485,43.035,43.115,43.218,44.499,45.898,50.369,56.188,61.647,61.838,57.084,50.481,45.889
44.422,42.445,42.217,42.202,42.349,44.603,50.595,56.211,56.113,52.863,49.291,46.971,44.704,45.345,45.282,46.494,47.460,52.071,57.991,63.773,63.803,58.668,51.935,47.440
47.263,45.301,44.972,45.094,45.497,47.624,54.121,59.384,58.708,54.764,51.301,49.390,47.402,48.344,48.068,49.232,49.786,54.662,60.458,66.626,66.392,60.743,54.093,50.055
