-16.060,-19.495,-23.435,-22.083,-15.930,-10.394,12.211,27.184,31.156,24.388,14.624,9.779,12.611,8.025,2.261,2.387,6.202,5.433,30.572,44.751,44.964,33.270,17.684,5.828
5.405,3.490,0.880,1.684,5.756,9.657,24.780,35.483,38.248,33.713,27.776,24.982,25.098,21.952,18.583,18.774,21.054,22.211,38.210,48.402,48.519,40.115,29.058,20.432
10.092,8.885,6.664,7.449,11.173,14.723,27.773,37.478,39.992,36.379,31.958,30.144,28.201,25.404,22.458,22.654,24.477,27.188,40.115,48.993,49.038,41.382,31.823,23.593
14.353,13.769,11.282,12.251,15.176,18.700,30.166,39.158,41.539,38.113,33.701,31.759,30.564,28.293,25.628,25.537,27.110,29.267,41.328,49.063,49.173,42.481,33.576,26.386
15.444,15.416,12.796,13.911,16.509,20.113,30.735,39.576,41.952,38.770,34.698,32.975,31.192,29.164,26.626,26.392,27.762,30.452,41.632,49.239,49.261,42.539,33.973,26.957
16.197,16.087,13.575,14.625,17.254,20.768,31.324,40.048,42.380,39.245,35.288,33.631,31.770,29.722,27.243,27.061,28.419,31.142,42.129,49.532,49.526,43.048,34.586,27.605
17.181,17.045,14.601,15.622,18.206,21.631,31.970,40.483,42.758,39.692,35.814,34.187,32.404,30.394,27.959,27.787,29.125,31.749,42.515,49.748,49.746,43.415,35.155,28.336
18.175,17.944,15.584,16.505,19.007,22.333,32.531,40.903,43.115,40.014,36.164,34.512,32.918,30.924,28.673,28.547,29.846,32.323,42.949,50.231,50.209,43.986,35.730,29.081
18.983,18.768,16.484,17.345,19.770,23.023,32.980,41.219,43.379,40.329,36.629,35.052,33.350,31.390,29.291,29.195,30.427,32.995,43.279,50.510,50.481,44.348,36.187,29.644
19.651,19.407,17.181,17.989,20.365,23.555,33.378,41.516,43.635,40.597,36.964,35.408,33.728,31.785,29.794,29.724,30.922,33.471,43.583,50.802,50.725,44.703,36.590,30.141
20.327,20.086,17.890,18.672,20.974,24.114,33.760,41.772,43.854,40.837,37.244,35.691,34.094,32.190,30.277,30.210,31.377,33.855,43.812,50.826,50.766,44.955,36.928,30.612
20.672,20.461,18.281,19.060,21.327,24.443,33.963,41.903,43.966,40.989,37.453,35.931,34.297,32.420,30.538,30.467,31.610,34.112,43.925,50.952,50.894,45.049,37.104,30.844
21.126,21.045,18.825,19.646,21.822,24.951,34.246,42.117,44.174,41.254,37.772,36.280,34.592,32.785,30.920,30.805,31.906,34.460,44.087,50.989,50.905,45.149,37.313,31.138
21.586,21.661,19.385,20.259,22.331,25.488,34.542,42.358,44.414,41.554,38.125,36.664,34.902,33.174,31.326,31.158,32.212,34.837,44.273,50.994,50.935,45.265,37.531,31.437
21.998,22.127,19.854,20.732,22.747,25.889,34.791,42.541,44.580,41.757,38.384,36.951,35.152,33.461,31.654,31.476,32.497,35.156,44.434,50.998,50.940,45.408,37.747,31.719
22.337,22.537,20.247,21.134,23.077,26.221,34.975,42.684,44.714,41.911,38.575,37.156,35.335,33.687,31.930,31.733,32.718,35.408,44.557,51.026,50.945,45.481,37.902,31.937
22.511,22.763,20.458,21.364,23.283,26.436,35.116,42.808,44.839,42.064,38.755,37.356,35.484,33.858,32.099,31.886,32.857,35.590,44.666,51.107,51.019,45.524,38.021,32.070
22.673,22.999,20.665,21.609,23.508,26.681,35.284,42.965,44.994,42.267,38.983,37.607,35.667,34.069,32.278,32.037,32.997,35.783,44.735,51.170,51.069,45.600,38.150,32.205
23.476,23.906,21.608,22.579,24.377,27.468,35.637,43.018,45.003,42.418,39.290,37.998,36.030,34.534,32.754,32.478,33.389,36.149,44.795,51.200,51.093,45.632,38.335,32.618
23.585,24.020,21.730,22.696,24.497,27.588,35.758,43.152,45.130,42.558,39.454,38.180,36.152,34.652,32.886,32.615,33.519,36.333,44.885,51.223,51.119,45.668,38.475,32.737
23.724,24.156,21.867,22.819,24.607,27.702,35.877,43.293,45.271,42.680,39.575,38.296,36.266,34.763,33.032,32.769,33.663,36.491,45.042,51.263,51.158,45.820,38.618,32.875
23.788,24.242,21.941,22.906,24.697,27.803,35.977,43.404,45.388,42.805,39.703,38.430,36.371,34.872,33.124,32.852,33.746,36.598,45.149,51.290,51.185,45.907,38.711,32.955
23.903,24.377,22.059,23.031,24.809,27.932,36.106,43.561,45.552,42.959,39.849,38.434,36.502,35.007,33.266,32.988,33.877,36.688,45.308,51.468,51.357,46.071,38.847,33.081
24.176,24.628,22.280,23.271,25.022,28.139,36.302,43.697,45.682,43.067,39.854,38.500,36.688,35.216,33.434,33.132,34.046,36.696,45.386,51.482,51.363,46.157,38.966,33.299
24.409,24.832,22.466,23.456,25.177,28.288,36.452,43.818,45.795,43.145,39.855,38.571,36.824,35.363,33.587,33.275,34.201,36.747,45.478,51.573,51.443,46.287,39.081,33.487
24.631,25.124,22.739,23.752,25.430,28.550,36.599,43.933,45.908,43.293,40.036,38.638,36.979,35.554,33.782,33.447,34.351,36.881,45.568,51.581,51.445,46.338,39.192,33.633
24.815,25.343,22.949,23.967,25.610,28.729,36.701,44.011,45.980,43.376,40.138,38.747,37.081,35.678,33.929,33.585,34.472,37.012,45.633,51.613,51.470,46.399,39.277,33.753
24.985,25.509,23.141,24.146,25.787,28.887,36.818,44.095,46.054,43.470,40.276,38.911,37.197,35.794,34.067,33.733,34.609,37.184,45.724,51.686,51.547,46.486,39.398,33.884
25.177,25.687,23.348,24.341,25.985,29.057,36.944,44.169,46.113,43.554,40.397,39.054,37.321,35.921,34.202,33.878,34.750,37.327,45.794,51.716,51.583,46.545,39.515,34.025
25.354,25.865,23.521,24.516,26.145,29.212,37.071,44.270,46.208,43.649,40.478,39.121,37.445,36.056,34.337,34.006,34.879,37.407,45.878,51.775,51.638,46.631,39.619,34.165
25.521,26.001,23.703,24.676,26.328,29.357,37.192,44.341,46.262,43.732,40.617,39.296,37.565,36.166,34.458,34.148,35.018,37.574,45.958,51.830,51.704,46.702,39.748,34.298
25.704,26.192,23.889,24.862,26.484,29.506,37.287,44.400,46.313,43.783,40.658,39.322,37.656,36.274,34.581,34.263,35.127,37.631,45.998,51.840,51.708,46.749,39.817,34.419
25.914,26.412,24.116,25.087,26.683,29.689,37.401,44.469,46.369,43.854,40.746,39.416,37.767,36.402,34.728,34.407,35.260,37.747,46.053,51.853,51.718,46.801,39.910,34.557
26.093,26.597,24.305,25.271,26.842,29.836,37.491,44.521,46.411,43.902,40.803,39.471,37.852,36.501,34.849,34.526,35.370,37.833,46.093,51.866,51.727,46.847,39.983,34.672
26.245,26.702,24.440,25.389,26.982,29.948,37.620,44.613,46.491,43.986,40.889,39.556,37.976,36.613,34.956,34.647,35.502,37.918,46.185,51.950,51.818,46.945,40.109,34.814
26.361,26.835,24.602,25.544,27.146,30.094,37.707,44.669,46.538,44.077,41.059,39.782,38.071,36.710,35.062,34.763,35.602,38.116,46.249,51.972,51.849,46.977,40.204,34.896
26.469,26.971,24.738,25.690,27.285,30.231,37.793,44.733,46.599,44.165,41.180,39.925,38.162,36.813,35.161,34.855,35.686,38.237,46.304,51.980,51.854,47.004,40.275,34.974
26.614,27.192,24.939,25.915,27.470,30.431,37.888,44.814,46.682,44.282,41.341,40.085,38.267,36.949,35.305,34.979,35.785,38.414,46.369,51.980,51.859,47.031,40.347,35.061
26.738,27.296,25.046,26.017,27.566,30.513,37.962,44.855,46.715,44.309,41.345,40.100,38.334,37.020,35.376,35.049,35.862,38.415,46.396,51.991,51.863,47.068,40.400,35.154
26.818,27.354,25.096,26.066,27.613,30.563,38.042,44.939,46.800,44.372,41.363,40.117,38.409,37.093,35.442,35.113,35.937,38.419,46.473,52.084,51.953,47.164,40.473,35.243
26.947,27.502,25.241,26.208,27.734,30.687,38.136,45.039,46.899,44.469,41.476,40.207,38.502,37.193,35.571,35.242,36.051,38.566,46.580,52.203,52.066,47.281,40.577,35.350
27.079,27.648,25.365,26.348,27.856,30.815,38.241,45.125,46.986,44.554,41.527,40.232,38.606,37.314,35.673,35.327,36.141,38.590,46.638,52.222,52.080,47.331,40.646,35.456
27.193,27.763,25.497,26.482,28.006,30.953,38.357,45.214,47.069,44.667,41.676,40.408,38.729,37.435,35.777,35.434,36.249,38.729,46.723,52.264,52.131,47.385,40.754,35.559
27.305,27.843,25.613,26.574,28.112,31.032,38.432,45.261,47.104,44.712,41.754,40.507,38.799,37.494,35.857,35.533,36.346,38.841,46.785,52.334,52.207,47.458,40.844,35.651
27.381,27.940,25.695,26.669,28.196,31.125,38.506,45.337,47.184,44.794,41.830,40.579,38.876,37.581,35.936,35.602,36.412,38.905,46.850,52.380,52.250,47.512,40.905,35.720
27.500,28.046,25.814,26.785,28.318,31.231,38.599,45.397,47.235,44.858,41.903,40.657,38.968,37.673,36.021,35.690,36.504,38.975,46.902,52.403,52.277,47.555,40.985,35.817
27.617,28.137,25.907,26.880,28.420,31.323,38.701,45.470,47.303,44.924,41.939,40.670,39.068,37.772,36.097,35.764,36.593,38.983,46.956,52.432,52.308,47.608,41.063,35.923
27.717,28.237,25.989,26.970,28.505,31.418,38.815,45.593,47.431,45.037,42.014,40.720,39.180,37.887,36.199,35.857,36.694,39.036,47.069,52.549,52.421,47.727,41.165,36.035
27.850,28.354,26.120,27.090,28.620,31.518,38.897,45.650,47.479,45.086,42.070,40.775,39.257,37.966,36.292,35.957,36.792,39.112,47.124,52.600,52.472,47.793,41.245,36.136
27.966,28.469,26.244,27.214,28.748,31.636,38.996,45.725,47.549,45.171,42.170,40.886,39.357,38.068,36.388,36.054,36.889,39.210,47.193,52.641,52.516,47.849,41.334,36.234
28.039,28.564,26.366,27.342,28.905,31.782,39.103,45.810,47.632,45.310,42.394,41.177,39.480,38.186,36.486,36.157,36.984,39.427,47.286,52.675,52.565,47.883,41.445,36.308
28.112,28.645,26.456,27.429,28.994,31.864,39.163,45.859,47.677,45.371,42.482,41.284,39.541,38.250,36.555,36.229,37.050,39.527,47.337,52.712,52.605,47.924,41.506,36.366
28.212,28.732,26.540,27.517,29.080,31.946,39.248,45.925,47.741,45.430,42.517,41.300,39.624,38.335,36.626,36.296,37.126,39.544,47.389,52.746,52.639,47.977,41.573,36.456
28.329,28.836,26.646,27.615,29.168,32.027,39.325,45.991,47.801,45.480,42.552,41.320,39.695,38.408,36.712,36.385,37.215,39.592,47.452,52.817,52.706,48.058,41.646,36.552
28.427,28.913,26.735,27.696,29.262,32.112,39.430,46.092,47.899,45.575,42.648,41.387,39.798,38.502,36.806,36.486,37.321,39.670,47.558,52.934,52.826,48.170,41.758,36.660
28.523,28.972,26.786,27.746,29.320,32.169,39.537,46.196,48.004,45.654,42.664,41.416,39.899,38.597,36.879,36.556,37.413,39.689,47.648,53.035,52.927,48.280,41.849,36.773
28.610,29.111,26.928,27.904,29.478,32.331,39.635,46.284,48.094,45.790,42.870,41.648,40.010,38.720,36.993,36.664,37.504,39.880,47.737,53.068,52.965,48.317,41.943,36.844
28.679,29.162,26.984,27.960,29.552,32.401,39.733,46.378,48.188,45.885,42.955,41.729,40.109,38.810,37.064,36.737,37.588,39.942,47.828,53.156,53.057,48.403,42.037,36.932
28.805,29.312,27.129,28.113,29.689,32.538,39.820,46.445,48.252,45.965,43.052,41.835,40.199,38.914,37.169,36.836,37.678,40.044,47.884,53.174,53.074,48.443,42.109,37.021
28.904,29.415,27.233,28.223,29.807,32.655,39.935,46.553,48.360,46.084,43.176,41.964,40.318,39.033,37.271,36.935,37.781,40.150,47.985,53.244,53.157,48.528,42.215,37.125
29.107,29.629,27.490,28.467,30.054,32.867,40.054,46.605,48.393,46.173,43.363,42.216,40.441,39.162,37.423,37.099,37.926,40.384,48.041,53.253,53.158,48.551,42.331,37.254
29.239,29.779,27.631,28.614,30.181,32.997,40.148,46.687,48.474,46.257,43.444,42.294,40.535,39.269,37.535,37.203,38.024,40.472,48.113,53.295,53.204,48.619,42.411,37.355
29.318,29.861,27.720,28.699,30.264,33.075,40.210,46.744,48.528,46.318,43.524,42.385,40.597,39.332,37.609,37.280,38.095,40.566,48.174,53.353,53.264,48.679,42.478,37.421
29.422,29.971,27.822,28.805,30.357,33.171,40.294,46.823,48.607,46.393,43.586,42.436,40.679,39.422,37.700,37.366,38.180,40.628,48.245,53.418,53.325,48.754,42.552,37.511
29.535,30.122,27.958,28.953,30.481,33.305,40.377,46.903,48.689,46.485,43.690,42.548,40.767,39.526,37.811,37.465,38.267,40.740,48.316,53.462,53.364,48.811,42.623,37.595
29.674,30.273,28.109,29.105,30.620,33.439,40.476,46.984,48.765,46.570,43.785,42.647,40.865,39.634,37.927,37.578,38.373,40.848,48.391,53.516,53.416,48.882,42.712,37.702
29.778,30.383,28.235,29.233,30.763,33.571,40.584,47.067,48.844,46.679,43.934,42.827,40.980,39.747,38.026,37.680,38.474,40.990,48.471,53.555,53.463,48.931,42.814,37.796
29.902,30.523,28.374,29.370,30.883,33.693,40.675,47.157,48.933,46.770,44.041,42.942,41.070,39.844,38.145,37.798,38.580,41.123,48.565,53.651,53.556,49.030,42.909,37.897
30.077,30.699,28.568,29.561,31.079,33.873,40.817,47.266,49.033,46.896,44.203,43.128,41.215,39.993,38.292,37.949,38.727,41.293,48.670,53.717,53.627,49.115,43.043,38.040
30.258,30.860,28.738,29.716,31.214,33.991,40.912,47.329,49.085,46.936,44.229,43.135,41.299,40.083,38.410,38.072,38.847,41.351,48.728,53.779,53.684,49.202,43.130,38.171
30.412,31.032,28.912,29.894,31.382,34.156,41.033,47.432,49.184,47.052,44.368,43.289,41.423,40.217,38.548,38.205,38.972,41.498,48.823,53.842,53.747,49.282,43.241,38.294
30.519,31.173,29.060,30.050,31.542,34.316,41.151,47.544,49.296,47.200,44.573,43.538,41.552,40.350,38.677,38.333,39.088,41.708,48.940,53.922,53.833,49.362,43.362,38.392
30.689,31.354,29.233,30.224,31.691,34.464,41.263,47.639,49.387,47.287,44.650,43.603,41.659,40.471,38.813,38.463,39.211,41.801,49.024,53.995,53.899,49.455,43.459,38.523
30.756,31.430,29.325,30.311,31.791,34.559,41.344,47.722,49.469,47.389,44.800,43.788,41.746,40.552,38.901,38.559,39.299,41.967,49.121,54.088,53.998,49.536,43.557,38.594
30.861,31.545,29.441,30.424,31.900,34.672,41.453,47.845,49.594,47.514,44.940,43.939,41.855,40.661,39.025,38.686,39.417,42.126,49.256,54.240,54.149,49.676,43.681,38.704
30.971,31.663,29.539,30.539,32.012,34.796,41.584,47.975,49.729,47.646,45.039,44.017,41.988,40.801,39.135,38.781,39.523,42.183,49.366,54.323,54.231,49.771,43.786,38.821
31.107,31.855,29.699,30.724,32.163,34.966,41.693,48.081,49.841,47.769,45.159,44.135,42.103,40.942,39.270,38.894,39.625,42.295,49.450,54.363,54.263,49.834,43.866,38.923
31.280,32.017,29.859,30.873,32.294,35.094,41.821,48.212,49.968,47.874,45.243,44.199,42.223,41.064,39.420,39.046,39.773,42.406,49.584,54.527,54.420,50.000,44.000,39.078
31.511,32.237,30.130,31.115,32.536,35.297,41.951,48.287,50.022,47.963,45.420,44.429,42.350,41.190,39.593,39.243,39.948,42.656,49.677,54.598,54.498,50.090,44.147,39.238
31.656,32.445,30.312,31.323,32.730,35.519,42.137,48.500,50.248,48.209,45.692,44.725,42.549,41.403,39.795,39.427,40.119,42.915,49.887,54.782,54.680,50.265,44.329,39.393
31.887,32.695,30.605,31.597,33.001,35.760,42.286,48.604,50.335,48.344,45.932,45.033,42.702,41.561,39.993,39.641,40.307,43.222,50.007,54.863,54.768,50.362,44.494,39.557
32.011,32.806,30.710,31.697,33.112,35.882,42.464,48.823,50.562,48.548,46.115,45.205,42.878,41.724,40.160,39.813,40.483,43.403,50.243,55.154,55.057,50.619,44.696,39.730
32.287,33.039,30.945,31.912,33.311,36.072,42.681,49.037,50.769,48.714,46.228,45.273,43.079,41.922,40.387,40.048,40.724,43.542,50.457,55.418,55.313,50.889,44.917,39.989
32.442,33.126,31.056,32.001,33.432,36.172,42.853,49.201,50.927,48.851,46.335,45.358,43.243,42.062,40.520,40.198,40.895,43.640,50.629,55.627,55.528,51.089,45.101,40.172
32.626,33.351,31.237,32.209,33.612,36.383,43.056,49.431,51.169,49.079,46.521,45.516,43.448,42.285,40.729,40.383,41.080,43.797,50.840,55.829,55.720,51.295,45.281,40.364
32.888,33.551,31.438,32.390,33.804,36.573,43.337,49.739,51.479,49.336,46.708,45.651,43.716,42.533,40.985,40.651,41.367,43.981,51.159,56.230,56.116,51.671,45.582,40.667
33.147,33.702,31.649,32.546,34.005,36.731,43.589,49.982,51.705,49.532,46.900,45.835,43.950,42.726,41.210,40.920,41.651,44.215,51.439,56.598,56.493,52.012,45.882,40.956
33.402,33.797,31.827,32.643,34.160,36.824,43.817,50.200,51.899,49.674,47.028,45.941,44.151,42.867,41.408,41.181,41.934,44.411,51.712,57.013,56.917,52.385,46.184,41.247
33.630,34.001,32.001,32.816,34.312,36.991,44.037,50.448,52.153,49.871,47.133,45.977,44.358,43.076,41.623,41.388,42.154,44.505,51.950,57.307,57.198,52.675,46.397,41.490
33.934,34.244,32.272,33.037,34.531,37.196,44.306,50.755,52.454,50.118,47.366,46.192,44.608,43.300,41.925,41.723,42.482,44.823,52.305,57.797,57.681,53.119,46.732,41.812
34.128,34.471,32.516,33.281,34.784,37.446,44.513,50.962,52.660,50.362,47.687,46.570,44.825,43.517,42.152,41.955,42.696,45.167,52.528,57.997,57.888,53.308,46.957,42.001
34.486,34.881,32.926,33.701,35.177,37.837,44.805,51.222,52.915,50.654,48.036,46.956,45.123,43.839,42.489,42.283,43.001,45.543,52.779,58.187,58.077,53.527,47.232,42.295
34.871,35.179,33.250,33.973,35.455,38.098,45.164,51.616,53.302,50.971,48.303,47.178,45.459,44.143,42.857,42.683,43.409,45.873,53.213,58.764,58.646,54.061,47.649,42.710
35.356,35.674,33.729,34.436,35.871,38.526,45.579,52.068,53.755,51.381,48.690,47.539,45.861,44.555,43.338,43.167,43.871,46.330,53.682,59.311,59.176,54.592,48.091,43.170
36.056,36.334,34.427,35.059,36.452,39.089,46.151,52.692,54.366,51.926,49.263,48.112,46.405,45.082,44.027,43.899,44.564,47.087,54.383,60.201,60.047,55.423,48.767,43.838
36.898,36.942,35.133,35.652,37.078,39.620,46.824,53.299,54.927,52.390,49.639,48.398,47.026,45.645,44.681,44.626,45.325,47.562,55.026,61.009,60.855,56.236,49.491,44.645
37.813,37.523,35.937,36.272,37.922,40.344,47.938,54.485,56.083,53.479,50.822,49.649,48.106,46.545,45.675,45.789,46.531,48.880,56.405,62.754,62.649,57.775,50.859,45.806
38.961,38.623,37.048,37.309,38.955,41.411,49.181,55.933,57.552,54.825,52.156,50.968,49.325,47.708,46.995,47.161,47.874,50.373,57.983,64.678,64.552,59.518,52.285,47.101
41.378,39.825,38.979,38.573,40.730,42.682,51.468,58.153,59.581,56.531,53.950,52.752,51.418,49.309,49.069,49.769,50.615,52.775,60.699,68.502,68.476,62.960,55.225,49.836
