-12.230,-16.378,-16.564,-17.703,-16.915,-20.466,-17.538,-14.493,-8.387,-8.579,-15.073,-22.474,-30.698,-42.724,-46.961,-43.888,-32.091,-18.603,-7.130,-1.229,-16.796,-24.675,-23.612,-40.086
6.752,3.754,3.368,2.515,2.780,0.692,2.344,4.607,8.809,8.550,4.046,-1.170,-7.699,-16.377,-19.369,-16.776,-8.171,1.992,10.400,14.175,2.864,-2.846,-1.845,-13.604
12.475,9.882,9.488,8.721,8.833,7.290,8.530,10.495,14.090,13.717,9.874,5.277,-0.746,-8.434,-11.053,-8.524,-0.885,8.256,15.587,18.687,8.657,3.717,4.665,-5.682
15.547,13.128,12.603,11.865,11.874,10.539,11.481,13.349,16.668,16.390,12.839,8.664,2.956,-4.123,-6.478,-4.108,2.930,11.493,18.450,21.161,11.881,7.261,8.247,-1.328
17.544,15.224,14.639,13.940,13.872,12.654,13.460,15.278,18.370,18.140,14.801,10.932,5.417,-1.230,-3.435,-1.167,5.485,13.663,20.342,22.802,14.054,9.616,10.622,1.661
18.764,16.575,16.137,15.475,15.470,14.312,15.185,16.868,19.847,19.523,16.331,12.511,7.260,0.794,-1.375,0.853,7.299,15.128,21.381,23.831,15.365,11.188,12.073,3.386
19.751,17.602,17.159,16.519,16.512,15.343,16.209,17.868,20.768,20.490,17.369,13.681,8.588,2.325,0.218,2.348,8.604,16.208,22.334,24.727,16.516,12.414,13.285,4.869
20.441,18.287,17.982,17.402,17.423,16.170,17.257,18.907,21.689,21.360,18.305,14.677,9.681,3.534,1.368,3.455,9.679,17.137,23.056,25.519,17.474,13.374,14.170,6.064
21.858,19.796,19.601,19.075,19.097,17.916,19.067,20.632,23.226,22.815,19.936,16.437,11.610,5.703,3.566,5.634,11.660,18.823,24.359,26.746,19.034,15.119,15.840,8.168
22.393,20.326,20.037,19.508,19.470,18.325,19.370,20.963,23.510,23.162,20.317,16.932,12.087,6.298,4.222,6.260,12.190,19.320,24.910,27.183,19.590,15.660,16.442,8.914
22.881,21.101,20.867,20.306,20.419,19.340,20.246,21.572,24.159,23.818,21.105,17.749,13.266,7.696,5.719,7.718,13.398,19.882,24.982,27.193,20.000,16.611,17.243,9.746
23.426,21.385,21.036,20.531,20.419,19.405,20.303,21.901,24.302,23.991,21.263,18.044,13.273,7.721,5.721,7.735,13.457,20.407,25.853,27.952,20.619,16.818,17.624,10.372
23.427,21.431,21.085,20.563,20.470,19.444,20.348,21.901,24.335,24.001,21.279,18.072,13.495,7.956,6.098,7.957,13.460,20.435,25.928,28.037,20.729,16.844,17.667,10.517
23.810,21.835,21.461,20.942,20.806,19.863,20.696,22.241,24.615,24.259,21.596,18.412,13.599,8.079,6.128,8.185,13.864,20.806,26.205,28.212,20.943,17.180,18.010,10.859
24.271,22.329,21.952,21.445,21.292,20.389,21.189,22.713,25.022,24.666,22.066,18.955,14.199,8.790,6.876,8.914,14.491,21.325,26.626,28.568,21.440,17.741,18.567,11.578
24.454,22.487,22.073,21.571,21.372,20.489,21.266,22.823,25.094,24.745,22.160,19.094,14.258,8.873,6.958,9.020,14.611,21.500,26.848,28.739,21.623,17.874,18.738,11.823
24.578,22.601,22.178,21.679,21.454,20.597,21.363,22.932,25.173,24.812,22.245,19.196,14.306,8.928,7.009,9.099,14.706,21.632,26.985,28.845,21.731,17.964,18.845,11.971
24.773,22.773,22.322,21.819,21.588,20.700,21.464,23.029,25.297,24.973,22.396,19.350,14.436,9.043,7.121,9.196,14.824,21.776,27.155,28.990,21.901,18.129,19.029,12.125
24.775,22.815,22.351,21.838,21.617,20.769,21.469,23.060,25.323,24.994,22.398,19.362,14.516,9.160,7.281,9.339,14.891,21.789,27.222,29.091,21.947,18.164,19.057,12.149
25.125,23.180,22.711,22.199,21.978,21.135,21.820,23.371,25.626,25.313,22.754,19.747,14.939,9.629,7.769,9.805,15.309,22.141,27.491,29.309,22.277,18.565,19.455,12.598
25.357,23.397,22.910,22.407,22.169,21.306,22.000,23.571,25.799,25.512,22.961,20.002,15.194,9.933,8.018,10.092,15.571,22.386,27.754,29.554,22.575,18.832,19.737,12.968
25.443,23.470,23.080,22.586,22.331,21.462,22.161,23.749,25.952,25.676,23.135,20.145,15.287,9.947,8.080,10.095,15.683,22.561,27.853,29.724,22.663,18.906,19.767,12.982
25.552,23.579,23.082,22.597,22.379,21.505,22.322,23.885,26.093,25.719,23.173,20.209,15.388,10.160,8.308,10.313,15.782,22.594,27.972,29.755,22.809,19.043,19.960,13.258
25.960,23.981,23.400,22.898,22.600,21.750,22.358,23.971,26.153,25.940,23.412,20.569,15.738,10.593,8.792,10.765,16.160,22.952,28.396,30.095,23.231,19.446,20.414,13.796
26.154,24.166,23.564,23.065,22.743,21.907,22.497,24.124,26.282,26.074,23.560,20.747,15.885,10.766,8.970,10.950,16.339,23.146,28.605,30.271,23.429,19.626,20.614,14.048
26.263,24.275,23.669,23.172,22.841,22.013,22.597,24.226,26.369,26.162,23.658,20.862,15.995,10.894,9.102,11.084,16.462,23.263,28.716,30.366,23.544,19.742,20.734,14.202
26.477,24.467,23.821,23.330,22.958,22.141,22.700,24.360,26.466,26.279,23.790,21.048,16.127,11.068,9.285,11.271,16.641,23.470,28.967,30.566,23.780,19.934,20.962,14.517
26.659,24.644,23.994,23.510,23.124,22.307,22.872,24.540,26.618,26.435,23.963,21.254,16.328,11.305,9.524,11.506,16.859,23.675,29.161,30.742,23.997,20.141,21.176,14.804
26.765,24.747,24.086,23.601,23.215,22.385,22.946,24.620,26.703,26.538,24.058,21.360,16.446,11.435,9.660,11.624,16.966,23.772,29.276,30.857,24.123,20.259,21.299,14.932
26.882,24.855,24.195,23.712,23.328,22.481,23.056,24.738,26.822,26.664,24.178,21.484,16.572,11.563,9.784,11.739,17.083,23.890,29.406,30.997,24.264,20.385,21.425,15.065
27.006,24.981,24.317,23.834,23.450,22.603,23.172,24.853,26.935,26.784,24.300,21.611,16.708,11.709,9.936,11.884,17.217,24.013,29.527,31.114,24.392,20.517,21.559,15.207
27.153,25.134,24.467,23.986,23.606,22.747,23.318,24.996,27.076,26.939,24.458,21.787,16.918,11.948,10.185,12.109,17.411,24.168,29.672,31.258,24.573,20.707,21.745,15.422
27.331,25.316,24.638,24.158,23.769,22.924,23.475,25.151,27.218,27.085,24.617,21.966,17.098,12.152,10.401,12.324,17.605,24.347,29.843,31.405,24.748,20.891,21.936,15.646
27.411,25.391,24.726,24.252,23.860,23.011,23.585,25.265,27.314,27.172,24.713,22.069,17.194,12.257,10.496,12.423,17.710,24.452,29.933,31.498,24.851,20.986,22.027,15.774
27.538,25.531,24.863,24.385,24.002,23.155,23.715,25.384,27.444,27.308,24.848,22.202,17.356,12.424,10.675,12.590,17.856,24.572,30.042,31.607,24.971,21.128,22.164,15.896
27.628,25.624,24.945,24.465,24.084,23.231,23.780,25.448,27.514,27.394,24.931,22.294,17.468,12.549,10.813,12.710,17.955,24.651,30.129,31.691,25.071,21.233,22.271,16.003
27.763,25.766,25.086,24.608,24.225,23.376,23.918,25.582,27.636,27.520,25.070,22.452,17.646,12.757,11.031,12.917,18.134,24.799,30.257,31.807,25.224,21.399,22.436,16.208
27.890,25.893,25.188,24.707,24.318,23.467,23.982,25.650,27.706,27.616,25.164,22.569,17.775,12.912,11.204,13.071,18.259,24.906,30.385,31.916,25.359,21.534,22.583,16.369
27.984,25.989,25.270,24.785,24.392,23.549,24.044,25.713,27.775,27.690,25.236,22.642,17.844,12.979,11.279,13.146,18.330,24.982,30.475,31.997,25.436,21.612,22.668,16.440
28.090,26.085,25.327,24.836,24.423,23.588,24.044,25.730,27.793,27.733,25.273,22.700,17.874,13.020,11.333,13.198,18.376,25.053,30.598,32.090,25.531,21.683,22.766,16.540
28.203,26.195,25.410,24.914,24.492,23.657,24.084,25.779,27.846,27.809,25.346,22.792,17.968,13.131,11.461,13.311,18.469,25.141,30.718,32.191,25.647,21.791,22.889,16.671
28.314,26.305,25.504,25.006,24.570,23.752,24.155,25.854,27.913,27.878,25.422,22.880,18.034,13.204,11.541,13.401,18.556,25.242,30.829,32.278,25.739,21.880,22.991,16.784
28.401,26.382,25.570,25.074,24.627,23.807,24.208,25.919,27.972,27.944,25.486,22.955,18.090,13.265,11.600,13.461,18.622,25.324,30.933,32.374,25.835,21.956,23.077,16.885
28.517,26.500,25.686,25.195,24.740,23.926,24.325,26.036,28.070,28.042,25.599,23.089,18.227,13.428,11.769,13.627,18.770,25.455,31.047,32.473,25.965,22.091,23.215,17.069
28.628,26.614,25.799,25.307,24.851,24.042,24.435,26.145,28.174,28.146,25.708,23.203,18.344,13.553,11.897,13.755,18.890,25.568,31.154,32.573,26.075,22.207,23.331,17.195
28.709,26.693,25.870,25.378,24.917,24.110,24.495,26.207,28.234,28.212,25.775,23.278,18.416,13.632,11.980,13.837,18.966,25.644,31.238,32.649,26.157,22.286,23.415,17.287
28.828,26.817,25.986,25.495,25.024,24.232,24.602,26.314,28.325,28.302,25.879,23.399,18.533,13.769,12.125,13.985,19.099,25.769,31.352,32.741,26.272,22.409,23.544,17.448
28.913,26.913,26.078,25.581,25.116,24.338,24.686,26.387,28.411,28.386,25.961,23.468,18.611,13.837,12.201,14.065,19.173,25.838,31.416,32.802,26.323,22.481,23.613,17.474
28.965,26.974,26.140,25.637,25.184,24.406,24.744,26.434,28.481,28.458,26.023,23.511,18.674,13.882,12.252,14.111,19.216,25.873,31.452,32.850,26.354,22.528,23.654,17.481
29.023,27.034,26.191,25.684,25.234,24.453,24.779,26.469,28.527,28.513,26.072,23.559,18.730,13.938,12.315,14.165,19.264,25.917,31.508,32.905,26.408,22.584,23.713,17.516
29.140,27.159,26.316,25.806,25.362,24.583,24.902,26.584,28.647,28.636,26.196,23.681,18.871,14.083,12.467,14.311,19.395,26.031,31.613,33.010,26.521,22.712,23.836,17.632
29.233,27.250,26.383,25.870,25.414,24.643,24.934,26.623,28.686,28.690,26.250,23.751,18.931,14.156,12.552,14.391,19.464,26.104,31.710,33.087,26.607,22.791,23.930,17.732
29.348,27.365,26.477,25.960,25.492,24.736,24.997,26.690,28.751,28.764,26.326,23.838,19.005,14.237,12.644,14.487,19.551,26.199,31.823,33.177,26.701,22.885,24.037,17.840
29.438,27.465,26.577,26.057,25.604,24.837,25.093,26.776,28.852,28.878,26.434,23.944,19.154,14.395,12.814,14.633,19.671,26.283,31.899,33.263,26.793,23.005,24.149,17.896
29.493,27.538,26.636,26.103,25.655,24.916,25.125,26.793,28.893,28.917,26.470,23.961,19.177,14.398,12.834,14.661,19.691,26.303,31.923,33.274,26.802,23.027,24.173,17.937
29.623,27.675,26.759,26.224,25.770,25.042,25.227,26.891,28.988,29.021,26.580,24.086,19.310,14.551,13.001,14.823,19.829,26.425,32.044,33.376,26.916,23.162,24.315,18.051
29.737,27.794,26.878,26.342,25.895,25.161,25.345,27.005,29.108,29.147,26.704,24.210,19.455,14.701,13.156,14.966,19.959,26.538,32.152,33.489,27.038,23.293,24.441,18.172
29.823,27.881,26.985,26.451,26.012,25.277,25.462,27.133,29.238,29.261,26.819,24.308,19.554,14.785,13.230,15.049,20.056,26.638,32.232,33.584,27.120,23.381,24.517,18.238
29.908,27.955,27.023,26.481,26.030,25.292,25.480,27.134,29.249,29.301,26.844,24.346,19.572,14.804,13.261,15.071,20.077,26.681,32.335,33.671,27.197,23.433,24.592,18.295
30.023,28.064,27.146,26.613,26.156,25.414,25.611,27.286,29.382,29.422,26.975,24.486,19.704,14.946,13.391,15.206,20.220,26.825,32.461,33.799,27.338,23.564,24.719,18.466
30.086,28.136,27.238,26.703,26.269,25.512,25.728,27.389,29.505,29.541,27.084,24.570,19.820,15.044,13.485,15.291,20.306,26.892,32.510,33.879,27.404,23.647,24.784,18.490
30.210,28.258,27.343,26.807,26.368,25.608,25.809,27.476,29.590,29.642,27.185,24.689,19.945,15.189,13.640,15.433,20.430,27.007,32.640,33.996,27.540,23.778,24.924,18.648
30.302,28.347,27.407,26.866,26.414,25.665,25.835,27.509,29.624,29.690,27.232,24.750,19.990,15.241,13.705,15.498,20.487,27.075,32.736,34.069,27.616,23.847,25.010,18.734
30.385,28.429,27.477,26.933,26.474,25.733,25.886,27.564,29.680,29.751,27.292,24.813,20.043,15.294,13.763,15.559,20.547,27.144,32.819,34.141,27.685,23.913,25.084,18.802
30.467,28.513,27.556,27.009,26.555,25.809,25.956,27.632,29.756,29.835,27.372,24.892,20.134,15.386,13.861,15.648,20.627,27.216,32.897,34.221,27.767,23.999,25.170,18.875
30.563,28.621,27.648,27.095,26.634,25.917,26.023,27.691,29.818,29.896,27.441,24.962,20.201,15.456,13.946,15.741,20.706,27.293,32.972,34.272,27.820,24.074,25.251,18.942
30.646,28.702,27.751,27.202,26.751,26.021,26.158,27.823,29.951,30.018,27.560,25.068,20.313,15.556,14.032,15.829,20.809,27.395,33.059,34.381,27.919,24.171,25.336,19.023
30.753,28.804,27.833,27.283,26.821,26.095,26.213,27.887,30.014,30.092,27.633,25.153,20.385,15.636,14.119,15.915,20.890,27.486,33.173,34.480,28.022,24.262,25.441,19.133
30.890,28.931,27.935,27.384,26.905,26.179,26.279,27.968,30.086,30.183,27.724,25.269,20.482,15.751,14.243,16.034,21.001,27.608,33.329,34.613,28.169,24.388,25.585,19.305
31.043,29.084,28.071,27.520,27.029,26.313,26.392,28.086,30.194,30.300,27.848,25.414,20.620,15.909,14.411,16.200,21.151,27.755,33.484,34.745,28.321,24.538,25.747,19.494
31.166,29.218,28.187,27.626,27.137,26.434,26.475,28.162,30.285,30.403,27.949,25.514,20.736,16.028,14.549,16.330,21.260,27.851,33.589,34.836,28.417,24.653,25.867,19.585
31.334,29.393,28.341,27.776,27.279,26.592,26.599,28.283,30.406,30.534,28.085,25.664,20.889,16.196,14.735,16.513,21.419,28.001,33.745,34.969,28.566,24.814,26.037,19.759
31.456,29.509,28.437,27.870,27.360,26.681,26.668,28.362,30.481,30.618,28.169,25.760,20.963,16.276,14.820,16.601,21.508,28.107,33.877,35.082,28.679,24.913,26.151,19.880
31.587,29.633,28.541,27.973,27.438,26.785,26.744,28.450,30.551,30.686,28.249,25.857,21.016,16.336,14.884,16.686,21.599,28.228,34.016,35.187,28.785,25.006,26.264,20.017
31.716,29.762,28.650,28.077,27.533,26.893,26.823,28.531,30.638,30.781,28.341,25.951,21.094,16.410,14.967,16.775,21.687,28.332,34.144,35.298,28.886,25.105,26.376,20.111
31.855,29.912,28.769,28.182,27.645,27.007,26.888,28.591,30.730,30.902,28.447,26.057,21.230,16.549,15.134,16.917,21.798,28.423,34.266,35.411,29.002,25.237,26.516,20.200
31.973,30.020,28.860,28.275,27.724,27.085,26.958,28.674,30.802,30.986,28.533,26.163,21.319,16.653,15.241,17.022,21.899,28.535,34.400,35.528,29.131,25.347,26.640,20.351
32.110,30.145,28.954,28.364,27.801,27.156,27.005,28.737,30.873,31.083,28.619,26.265,21.405,16.746,15.344,17.115,21.988,28.640,34.556,35.670,29.272,25.463,26.776,20.485
32.252,30.281,29.065,28.473,27.889,27.262,27.080,28.824,30.950,31.167,28.708,26.372,21.480,16.830,15.437,17.217,22.089,28.764,34.707,35.791,29.396,25.573,26.907,20.630
32.385,30.416,29.177,28.578,27.987,27.371,27.155,28.901,31.034,31.266,28.804,26.476,21.581,16.936,15.557,17.335,22.193,28.870,34.835,35.900,29.508,25.688,27.033,20.744
32.534,30.554,29.287,28.686,28.077,27.468,27.228,28.989,31.119,31.364,28.900,26.585,21.657,17.015,15.642,17.425,22.288,28.995,35.001,36.043,29.645,25.802,27.168,20.883
32.751,30.746,29.438,28.839,28.194,27.586,27.323,29.117,31.224,31.494,29.034,26.766,21.787,17.176,15.810,17.592,22.453,29.194,35.260,36.263,29.886,25.992,27.394,21.172
32.890,30.899,29.645,29.054,28.437,27.818,27.609,29.380,31.485,31.723,29.269,26.970,22.028,17.402,16.016,17.802,22.673,29.383,35.377,36.421,30.040,26.178,27.543,21.314
32.988,30.991,29.724,29.130,28.510,27.888,27.670,29.447,31.561,31.808,29.345,27.046,22.093,17.460,16.075,17.860,22.737,29.462,35.483,36.525,30.132,26.257,27.630,21.385
33.211,31.193,29.886,29.290,28.640,28.022,27.775,29.582,31.685,31.955,29.489,27.220,22.219,17.599,16.221,18.008,22.891,29.657,35.740,36.750,30.358,26.439,27.846,21.627
33.473,31.443,30.149,29.560,28.919,28.265,28.057,29.871,31.974,32.254,29.779,27.516,22.533,17.923,16.535,18.300,23.185,29.936,36.023,37.058,30.677,26.738,28.137,21.943
33.748,31.723,30.443,29.864,29.226,28.561,28.377,30.188,32.266,32.546,30.088,27.850,22.898,18.328,16.942,18.690,23.545,30.250,36.296,37.331,31.003,27.075,28.463,22.340
34.038,32.012,30.872,30.325,29.749,29.003,29.015,30.801,32.856,33.074,30.622,28.338,23.465,18.878,17.421,19.154,24.052,30.691,36.594,37.754,31.435,27.517,28.822,22.759
34.259,32.244,31.184,30.648,30.123,29.333,29.443,31.202,33.274,33.455,30.992,28.653,23.843,19.218,17.724,19.449,24.374,30.975,36.799,38.044,31.701,27.810,29.059,22.960
34.572,32.546,31.523,31.005,30.477,29.671,29.845,31.610,33.643,33.801,31.357,29.031,24.212,19.605,18.084,19.817,24.758,31.353,37.134,38.394,32.075,28.167,29.403,23.388
34.917,32.890,31.935,31.436,30.926,30.101,30.366,32.120,34.125,34.237,31.807,29.461,24.651,20.033,18.474,20.223,25.196,31.779,37.481,38.786,32.467,28.563,29.763,23.794
35.321,33.337,32.536,32.067,31.625,30.778,31.200,32.888,34.858,34.872,32.485,30.085,25.387,20.767,19.155,20.911,25.887,32.355,37.824,39.225,32.946,29.136,30.235,24.329
35.726,33.736,33.081,32.647,32.259,31.341,31.967,33.635,35.571,35.506,33.130,30.676,26.024,21.372,19.677,21.442,26.486,32.918,38.244,39.766,33.476,29.668,30.684,24.840
36.058,34.056,33.386,32.949,32.545,31.642,32.252,33.932,35.870,35.799,33.417,30.956,26.251,21.573,19.870,21.663,26.740,33.228,38.589,40.098,33.769,29.938,30.971,25.101
36.544,34.499,33.880,33.465,33.059,32.105,32.831,34.543,36.450,36.351,33.962,31.491,26.730,22.024,20.260,22.072,27.232,33.780,39.143,40.705,34.341,30.433,31.454,25.640
37.256,35.172,34.583,34.176,33.787,32.764,33.577,35.314,37.245,37.147,34.716,32.212,27.430,22.671,20.862,22.668,27.899,34.500,39.912,41.546,35.115,31.137,32.148,26.293
38.252,36.157,35.974,35.645,35.477,34.173,35.568,37.233,39.190,38.924,36.438,33.714,29.169,24.255,22.222,23.978,29.396,35.861,40.937,43.010,36.477,32.510,33.266,27.379
39.182,37.079,37.034,36.716,36.650,35.226,36.819,38.457,40.488,40.174,37.623,34.765,30.309,25.269,23.152,24.885,30.407,36.861,41.876,44.146,37.493,33.520,34.182,28.141
40.976,38.782,39.240,39.022,39.207,37.390,39.771,41.384,43.465,42.934,40.260,37.086,32.774,27.433,24.971,26.694,32.602,39.072,43.810,46.670,39.740,35.639,36.014,29.855
