9.891,5.126,0.983,1.400,2.061,6.229,22.095,39.966,41.358,34.337,26.527,12.767,5.623,1.708,0.919,2.517,2.218,22.705,26.654,37.905,30.300,17.240,11.221,2.001
22.482,19.708,16.600,16.992,17.308,20.213,31.344,42.769,45.288,39.615,33.336,25.766,20.890,16.669,15.563,17.618,18.387,28.710,34.140,40.564,35.713,28.916,24.991,17.613
25.544,22.768,19.867,20.185,20.685,23.819,34.485,45.292,47.412,41.810,35.566,28.832,24.172,20.128,18.995,21.026,21.243,30.610,35.542,42.641,38.941,32.477,27.938,21.312
27.175,24.531,21.743,21.984,22.440,25.387,35.460,45.747,47.771,42.348,36.390,30.200,25.776,21.871,20.730,22.674,22.848,31.605,36.381,43.383,39.991,33.890,29.578,23.345
28.430,25.935,23.270,23.540,24.046,27.042,36.788,46.445,48.523,43.186,37.248,31.677,27.441,23.485,22.315,24.353,24.500,32.172,37.034,43.721,40.814,35.314,30.904,24.881
28.994,26.554,23.906,24.187,24.675,27.627,37.284,46.806,48.941,43.643,37.741,32.267,28.076,24.104,22.932,24.985,25.198,32.665,37.595,44.086,41.171,35.817,31.498,25.469
30.051,27.602,25.018,25.284,25.788,28.716,38.213,47.648,49.614,44.448,38.689,33.187,29.057,25.259,24.143,26.097,26.200,33.806,38.438,44.991,42.153,36.717,32.396,26.564
30.705,28.192,25.662,25.887,26.468,29.504,38.922,48.073,50.008,44.895,39.138,33.773,29.669,25.983,24.871,26.777,26.615,34.204,38.547,45.546,42.842,37.553,32.951,27.396
31.114,28.748,26.228,26.471,26.947,29.770,38.963,48.094,50.012,45.001,39.402,34.141,30.138,26.417,25.310,27.221,27.338,34.631,39.193,45.576,43.010,37.613,33.446,27.784
31.498,29.183,26.705,26.927,27.391,30.154,39.146,48.106,50.045,45.029,39.524,34.456,30.536,26.858,25.750,27.637,27.746,34.800,39.318,45.636,43.076,37.925,33.833,28.298
31.783,29.515,27.051,27.262,27.692,30.372,39.231,48.168,50.055,45.083,39.661,34.674,30.806,27.145,26.038,27.907,28.073,35.018,39.556,45.739,43.077,38.086,34.137,28.632
32.119,29.876,27.431,27.632,28.036,30.644,39.388,48.311,50.085,45.226,39.902,34.916,31.090,27.491,26.403,28.227,28.418,35.393,39.868,45.962,43.248,38.268,34.438,28.983
32.488,30.244,27.837,28.023,28.442,31.049,39.687,48.385,50.211,45.407,40.145,35.222,31.438,27.916,26.844,28.628,28.741,35.690,40.022,46.191,43.589,38.609,34.746,29.423
32.810,30.589,28.213,28.396,28.823,31.426,39.971,48.551,50.237,45.586,40.359,35.540,31.800,28.304,27.235,29.013,29.101,35.899,40.116,46.211,43.822,38.925,35.054,29.809
33.438,31.199,28.872,29.044,29.517,32.177,40.628,48.618,50.353,45.667,40.612,36.151,32.446,29.029,27.976,29.725,29.673,36.122,40.190,46.330,44.252,39.618,35.604,30.527
33.599,31.399,29.084,29.262,29.746,32.420,40.643,49.133,50.810,46.083,40.881,36.311,32.673,29.265,28.216,29.967,29.899,36.406,40.516,46.817,44.522,39.722,35.731,30.730
33.636,31.472,29.266,29.433,29.925,32.547,40.876,49.333,50.999,46.284,41.081,36.369,32.790,29.457,28.416,30.149,30.041,36.590,40.679,46.972,44.714,39.830,35.788,30.931
33.838,31.608,29.309,29.486,29.977,32.656,41.074,49.477,51.081,46.420,41.244,36.571,32.894,29.502,28.457,30.203,30.116,36.751,40.808,47.098,44.889,40.032,35.975,30.958
34.032,31.816,29.540,29.699,30.187,32.838,41.149,49.481,51.128,46.432,41.289,36.701,33.064,29.715,28.673,30.392,30.273,36.842,40.834,47.151,45.010,40.188,36.154,31.228
34.275,32.060,29.799,29.961,30.459,33.123,41.413,49.704,51.285,46.642,41.519,36.951,33.326,29.996,28.961,30.675,30.532,37.069,41.022,47.342,45.245,40.436,36.375,31.483
34.688,32.455,30.226,30.371,30.888,33.558,41.770,49.903,51.380,46.843,41.821,37.287,33.689,30.448,29.433,31.098,30.862,37.459,41.226,47.530,45.554,40.786,36.710,31.947
34.710,32.514,30.316,30.473,30.989,33.642,41.771,50.031,51.503,46.910,41.844,37.328,33.775,30.556,29.554,31.216,30.998,37.466,41.249,47.691,45.686,40.820,36.713,31.985
34.861,32.656,30.444,30.590,31.093,33.723,41.860,50.047,51.523,46.977,41.966,37.434,33.869,30.653,29.650,31.299,31.091,37.645,41.413,47.749,45.723,40.906,36.870,32.128
35.044,32.822,30.619,30.760,31.273,33.915,42.047,50.251,51.678,47.146,42.148,37.589,34.023,30.845,29.853,31.481,31.230,37.858,41.549,47.954,45.953,41.084,37.014,32.314
35.231,33.036,30.850,31.000,31.521,34.173,42.262,50.365,51.814,47.292,42.290,37.827,34.288,31.092,30.094,31.744,31.499,37.942,41.665,47.999,46.067,41.303,37.219,32.537
35.376,33.177,30.998,31.141,31.656,34.288,42.344,50.450,51.867,47.370,42.405,37.922,34.392,31.233,30.245,31.868,31.612,38.118,41.787,48.136,46.191,41.394,37.335,32.686
35.482,33.272,31.096,31.225,31.745,34.378,42.411,50.524,51.904,47.407,42.454,37.987,34.461,31.324,30.336,31.943,31.649,38.184,41.804,48.239,46.334,41.508,37.429,32.826
35.624,33.416,31.246,31.376,31.896,34.525,42.545,50.646,52.018,47.535,42.595,38.123,34.603,31.479,30.496,32.097,31.800,38.342,41.943,48.364,46.458,41.631,37.558,32.965
35.752,33.551,31.390,31.520,32.039,34.659,42.651,50.724,52.087,47.623,42.704,38.240,34.733,31.625,30.648,32.241,31.943,38.471,42.052,48.449,46.547,41.733,37.674,33.099
35.866,33.677,31.525,31.650,32.159,34.752,42.693,50.732,52.089,47.650,42.766,38.322,34.834,31.744,30.771,32.350,32.062,38.574,42.139,48.503,46.593,41.797,37.782,33.230
36.028,33.837,31.697,31.816,32.328,34.913,42.816,50.782,52.103,47.719,42.891,38.447,34.972,31.920,30.958,32.514,32.199,38.742,42.241,48.628,46.741,41.928,37.913,33.408
36.116,33.943,31.814,31.927,32.428,34.982,42.820,50.788,52.106,47.732,42.905,38.504,35.055,32.018,31.057,32.603,32.301,38.792,42.283,48.632,46.743,41.966,38.000,33.524
36.188,34.027,31.905,32.016,32.511,35.046,42.848,50.829,52.157,47.743,42.941,38.562,35.128,32.099,31.140,32.681,32.390,38.848,42.337,48.645,46.756,42.006,38.072,33.608
36.317,34.179,32.069,32.188,32.678,35.200,42.960,50.838,52.165,47.820,43.050,38.704,35.292,32.267,31.313,32.856,32.586,38.962,42.461,48.680,46.794,42.103,38.200,33.741
36.439,34.314,32.214,32.331,32.823,35.342,43.063,50.880,52.214,47.880,43.120,38.829,35.436,32.412,31.455,33.001,32.726,39.021,42.518,48.721,46.875,42.230,38.327,33.895
36.548,34.419,32.327,32.439,32.935,35.455,43.154,50.958,52.266,47.942,43.196,38.917,35.532,32.529,31.576,33.109,32.810,39.111,42.568,48.807,46.991,42.336,38.421,34.024
36.604,34.487,32.397,32.509,32.999,35.507,43.185,50.964,52.287,47.967,43.228,38.975,35.599,32.589,31.633,33.170,32.888,39.143,42.622,48.822,47.002,42.379,38.488,34.089
36.721,34.593,32.509,32.615,33.113,35.629,43.298,51.082,52.372,48.057,43.325,39.072,35.698,32.708,31.756,33.282,32.967,39.249,42.682,48.941,47.153,42.505,38.587,34.221
36.806,34.679,32.598,32.702,33.196,35.701,43.354,51.136,52.415,48.115,43.403,39.135,35.766,32.794,31.848,33.362,33.047,39.361,42.770,49.020,47.218,42.556,38.657,34.302
36.904,34.774,32.700,32.795,33.290,35.788,43.409,51.181,52.433,48.143,43.449,39.201,35.841,32.890,31.945,33.445,33.108,39.429,42.800,49.093,47.317,42.646,38.745,34.429
37.005,34.881,32.816,32.911,33.412,35.915,43.517,51.255,52.501,48.218,43.528,39.310,35.961,33.015,32.071,33.571,33.224,39.496,42.857,49.144,47.403,42.756,38.842,34.546
37.119,35.001,32.944,33.045,33.548,36.052,43.641,51.351,52.597,48.328,43.646,39.435,36.095,33.154,32.215,33.716,33.371,39.615,42.969,49.221,47.486,42.859,38.946,34.656
37.190,35.083,33.025,33.125,33.616,36.096,43.667,51.369,52.629,48.372,43.709,39.491,36.157,33.218,32.281,33.777,33.459,39.707,43.075,49.277,47.503,42.887,39.022,34.720
37.273,35.182,33.132,33.236,33.728,36.206,43.748,51.397,52.668,48.419,43.760,39.592,36.274,33.329,32.389,33.894,33.582,39.739,43.121,49.282,47.538,42.975,39.114,34.823
37.385,35.291,33.246,33.344,33.835,36.305,43.828,51.475,52.728,48.491,43.850,39.677,36.365,33.439,32.504,33.995,33.672,39.857,43.208,49.386,47.643,43.065,39.211,34.942
37.517,35.421,33.379,33.477,33.967,36.434,43.950,51.600,52.840,48.614,43.984,39.796,36.486,33.575,32.645,34.127,33.799,40.013,43.340,49.521,47.773,43.179,39.329,35.070
37.635,35.544,33.509,33.613,34.104,36.569,44.078,51.711,52.952,48.741,44.119,39.924,36.619,33.714,32.791,34.272,33.950,40.157,43.478,49.618,47.861,43.278,39.436,35.175
37.754,35.660,33.626,33.732,34.224,36.693,44.207,51.847,53.080,48.874,44.256,40.041,36.735,33.839,32.920,34.396,34.070,40.303,43.609,49.750,47.987,43.390,39.544,35.284
37.854,35.766,33.737,33.846,34.339,36.805,44.308,51.913,53.162,48.967,44.355,40.146,36.846,33.955,33.040,34.515,34.193,40.401,43.708,49.783,48.048,43.478,39.638,35.381
37.916,35.852,33.832,33.946,34.437,36.897,44.364,51.928,53.173,48.987,44.379,40.236,36.957,34.049,33.129,34.619,34.317,40.407,43.740,49.823,48.061,43.545,39.720,35.467
38.016,35.958,33.944,34.061,34.552,37.009,44.460,51.985,53.246,49.069,44.468,40.340,37.070,34.165,33.247,34.737,34.438,40.492,43.828,49.846,48.119,43.636,39.817,35.570
38.128,36.066,34.058,34.169,34.661,37.113,44.544,52.068,53.303,49.140,44.559,40.424,37.159,34.279,33.367,34.842,34.524,40.613,43.907,49.951,48.232,43.727,39.909,35.690
38.206,36.135,34.127,34.231,34.726,37.180,44.609,52.148,53.364,49.198,44.619,40.482,37.215,34.345,33.433,34.899,34.562,40.681,43.951,50.046,48.341,43.812,39.980,35.781
38.253,36.181,34.169,34.270,34.764,37.221,44.652,52.194,53.416,49.236,44.648,40.531,37.261,34.380,33.460,34.932,34.593,40.692,43.978,50.095,48.404,43.882,40.044,35.843
38.340,36.273,34.261,34.361,34.852,37.302,44.726,52.261,53.489,49.312,44.729,40.616,37.349,34.466,33.546,35.019,34.689,40.778,44.072,50.170,48.471,43.958,40.134,35.930
38.457,36.393,34.386,34.488,34.977,37.418,44.828,52.352,53.575,49.415,44.847,40.724,37.464,34.593,33.680,35.145,34.820,40.919,44.198,50.270,48.558,44.045,40.238,36.039
38.551,36.495,34.501,34.600,35.091,37.528,44.898,52.376,53.586,49.442,44.892,40.809,37.567,34.711,33.799,35.259,34.921,40.969,44.225,50.293,48.617,44.132,40.324,36.160
38.693,36.636,34.647,34.745,35.237,37.669,45.025,52.502,53.694,49.566,45.034,40.933,37.696,34.861,33.957,35.404,35.058,41.141,44.363,50.432,48.752,44.248,40.446,36.298
38.795,36.749,34.762,34.863,35.355,37.790,45.136,52.581,53.790,49.656,45.114,41.059,37.828,34.975,34.064,35.525,35.187,41.188,44.441,50.486,48.830,44.373,40.567,36.418
38.911,36.879,34.892,35.000,35.490,37.925,45.272,52.687,53.928,49.791,45.238,41.208,37.983,35.106,34.191,35.668,35.356,41.282,44.582,50.565,48.907,44.498,40.704,36.531
38.988,36.952,34.968,35.072,35.562,37.994,45.328,52.744,53.967,49.837,45.295,41.264,38.042,35.181,34.268,35.736,35.409,41.357,44.629,50.639,48.990,44.566,40.769,36.617
39.064,37.030,35.048,35.152,35.643,38.074,45.400,52.807,54.029,49.902,45.364,41.340,38.121,35.262,34.349,35.816,35.489,41.426,44.695,50.700,49.057,44.640,40.844,36.697
39.149,37.126,35.145,35.252,35.738,38.161,45.465,52.836,54.065,49.948,45.434,41.436,38.223,35.354,34.439,35.913,35.604,41.499,44.795,50.756,49.103,44.717,40.941,36.783
39.205,37.186,35.207,35.304,35.783,38.187,45.478,52.863,54.103,49.979,45.443,41.454,38.253,35.396,34.479,35.942,35.628,41.516,44.796,50.776,49.134,44.752,40.999,36.868
39.313,37.298,35.322,35.421,35.897,38.292,45.561,52.925,54.156,50.052,45.552,41.557,38.360,35.511,34.600,36.057,35.754,41.654,44.928,50.875,49.212,44.831,41.098,36.964
39.375,37.360,35.386,35.479,35.953,38.342,45.594,52.952,54.172,50.070,45.578,41.600,38.409,35.567,34.654,36.106,35.793,41.689,44.950,50.921,49.273,44.891,41.160,37.045
39.456,37.451,35.481,35.573,36.044,38.420,45.647,52.979,54.204,50.112,45.634,41.676,38.495,35.655,34.743,36.193,35.890,41.754,45.020,50.961,49.312,44.953,41.245,37.136
39.545,37.538,35.565,35.654,36.123,38.499,45.727,53.065,54.290,50.191,45.710,41.759,38.576,35.733,34.817,36.267,35.962,41.825,45.096,51.055,49.412,45.051,41.340,37.233
39.739,37.742,35.780,35.880,36.358,38.749,45.972,53.267,54.500,50.411,45.923,41.994,38.820,35.972,35.059,36.521,36.217,42.009,45.286,51.197,49.579,45.260,41.530,37.423
39.837,37.853,35.887,35.991,36.461,38.840,46.062,53.338,54.606,50.512,46.019,42.109,38.939,36.067,35.148,36.624,36.352,42.090,45.418,51.270,49.632,45.352,41.652,37.518
39.978,37.993,36.041,36.138,36.615,38.998,46.178,53.423,54.654,50.577,46.103,42.227,39.072,36.228,35.313,36.775,36.467,42.187,45.461,51.357,49.773,45.495,41.774,37.695
40.115,38.137,36.188,36.292,36.767,39.144,46.323,53.557,54.797,50.734,46.268,42.374,39.223,36.382,35.473,36.935,36.644,42.366,45.642,51.482,49.873,45.604,41.902,37.809
40.219,38.239,36.296,36.399,36.878,39.262,46.431,53.654,54.880,50.821,46.359,42.476,39.329,36.497,35.590,37.048,36.742,42.454,45.710,51.569,49.985,45.716,41.997,37.925
40.351,38.370,36.428,36.534,37.016,39.403,46.581,53.808,55.031,50.978,46.515,42.614,39.465,36.638,35.735,37.191,36.885,42.616,45.863,51.713,50.120,45.842,42.120,38.043
40.464,38.494,36.556,36.662,37.139,39.514,46.667,53.864,55.097,51.051,46.601,42.725,39.587,36.758,35.855,37.312,37.018,42.705,45.964,51.779,50.188,45.940,42.240,38.167
40.613,38.646,36.710,36.817,37.296,39.674,46.823,54.008,55.242,51.197,46.743,42.882,39.747,36.915,36.010,37.471,37.175,42.835,46.099,51.910,50.332,46.098,42.392,38.322
40.726,38.753,36.807,36.911,37.388,39.767,46.936,54.121,55.360,51.329,46.862,42.993,39.847,37.003,36.091,37.557,37.264,42.945,46.227,52.064,50.475,46.227,42.519,38.434
40.866,38.915,36.982,37.079,37.539,39.874,46.965,54.150,55.392,51.334,46.922,43.085,39.970,37.151,36.246,37.692,37.419,43.067,46.331,52.105,50.501,46.287,42.652,38.598
41.004,39.069,37.139,37.242,37.702,40.038,47.118,54.229,55.496,51.469,47.049,43.256,40.151,37.311,36.400,37.863,37.609,43.160,46.464,52.182,50.593,46.439,42.810,38.745
41.150,39.199,37.274,37.372,37.849,40.216,47.303,54.421,55.654,51.614,47.176,43.406,40.297,37.464,36.551,38.013,37.710,43.255,46.522,52.336,50.817,46.645,42.946,38.920
41.313,39.372,37.439,37.541,38.005,40.353,47.445,54.564,55.831,51.789,47.353,43.573,40.463,37.612,36.695,38.165,37.901,43.438,46.752,52.503,50.935,46.781,43.128,39.064
41.439,39.495,37.554,37.649,38.104,40.434,47.526,54.675,55.941,51.897,47.471,43.669,40.553,37.707,36.790,38.251,37.995,43.586,46.899,52.664,51.063,46.882,43.257,39.186
41.595,39.657,37.715,37.810,38.258,40.574,47.655,54.798,56.074,52.035,47.619,43.816,40.704,37.858,36.941,38.400,38.160,43.750,47.073,52.810,51.188,47.015,43.418,39.340
41.752,39.803,37.859,37.933,38.372,40.662,47.709,54.883,56.121,52.089,47.709,43.893,40.784,37.971,37.057,38.485,38.223,43.907,47.175,52.991,51.360,47.130,43.560,39.523
41.877,39.916,37.967,38.028,38.460,40.734,47.771,54.981,56.197,52.163,47.799,43.966,40.853,38.057,37.143,38.553,38.278,44.036,47.276,53.153,51.509,47.235,43.679,39.661
42.116,40.177,38.235,38.305,38.734,41.000,48.017,55.173,56.416,52.396,48.038,44.235,41.136,38.329,37.416,38.837,38.591,44.262,47.534,53.320,51.673,47.459,43.928,39.897
42.370,40.459,38.511,38.592,38.995,41.217,48.218,55.350,56.650,52.650,48.314,44.494,41.404,38.580,37.669,39.096,38.928,44.573,47.913,53.543,51.798,47.632,44.202,40.113
42.486,40.576,38.616,38.683,39.081,41.297,48.290,55.427,56.743,52.709,48.359,44.596,41.506,38.653,37.723,39.161,38.993,44.584,47.968,53.651,51.934,47.789,44.361,40.275
42.612,40.705,38.732,38.797,39.179,41.372,48.376,55.543,56.885,52.842,48.494,44.708,41.609,38.742,37.807,39.246,39.112,44.738,48.161,53.818,52.042,47.888,44.508,40.385
42.783,40.861,38.876,38.925,39.302,41.485,48.492,55.711,57.033,52.976,48.633,44.829,41.719,38.861,37.921,39.347,39.197,44.905,48.309,54.050,52.263,48.056,44.681,40.571
43.087,41.160,39.179,39.231,39.610,41.794,48.807,56.034,57.346,53.299,48.964,45.130,42.018,39.174,38.242,39.660,39.507,45.255,48.635,54.370,52.570,48.342,44.966,40.856
43.384,41.459,39.484,39.531,39.915,42.106,49.096,56.296,57.596,53.547,49.211,45.424,42.322,39.479,38.543,39.962,39.788,45.484,48.854,54.622,52.872,48.665,45.267,41.189
43.663,41.771,39.799,39.846,40.211,42.361,49.243,56.345,57.698,53.662,49.403,45.700,42.623,39.763,38.821,40.248,40.127,45.714,49.143,54.798,53.021,48.896,45.579,41.486
43.830,41.958,39.980,39.994,40.327,42.407,49.297,56.431,57.775,53.741,49.431,45.767,42.717,39.858,38.897,40.306,40.208,45.740,49.195,54.874,53.095,49.009,45.793,41.740
44.280,42.424,40.459,40.476,40.805,42.869,49.656,56.703,58.051,54.046,49.817,46.207,43.180,40.339,39.385,40.786,40.694,46.178,49.614,55.240,53.470,49.420,46.230,42.202
44.754,42.972,40.972,40.986,41.227,43.132,49.846,56.863,58.374,54.386,50.229,46.620,43.616,40.711,39.742,41.152,41.277,46.703,50.357,55.648,53.609,49.676,46.809,42.636
45.442,43.682,41.713,41.712,41.961,43.858,50.451,57.339,58.812,54.852,50.735,47.279,44.327,41.449,40.474,41.875,41.954,47.198,50.802,56.123,54.222,50.378,47.495,43.433
46.596,44.801,42.732,42.717,42.964,44.934,51.770,58.859,60.492,56.289,51.942,48.564,45.505,42.394,41.322,42.848,42.974,48.099,52.047,57.581,55.695,51.871,48.877,44.621
48.492,46.813,44.669,44.699,44.850,46.698,53.603,60.643,62.637,58.363,53.950,50.622,47.551,44.199,43.072,44.724,45.208,49.999,54.477,59.436,57.213,53.684,51.017,46.404
