-8.568,-14.465,-18.268,-19.599,-20.000,-21.947,-24.002,-23.950,-19.121,-17.394,-20.748,-21.994,-30.508,-38.900,-43.784,-36.747,-31.026,-15.781,-3.374,15.961,24.826,26.304,22.979,16.132
9.924,4.952,1.886,0.186,-0.653,-1.774,-2.982,-2.285,0.654,2.178,-0.447,-0.851,-6.136,-14.469,-18.753,-13.634,-7.690,4.182,15.343,26.881,32.841,33.486,34.871,29.483
13.769,9.445,6.732,5.108,4.437,2.972,1.658,2.427,5.512,6.688,4.021,3.371,-1.725,-9.165,-12.894,-8.341,-3.200,8.154,18.475,29.814,35.531,36.243,36.787,31.931
16.096,11.967,9.339,7.761,7.075,5.558,4.278,4.985,7.948,8.957,6.384,5.665,0.929,-6.283,-9.957,-5.548,-0.595,10.422,20.245,31.253,36.765,37.397,37.944,33.279
17.838,13.921,11.448,9.835,9.177,7.665,6.419,7.260,10.148,11.123,8.558,7.890,3.331,-3.682,-7.116,-3.030,1.767,12.430,22.125,32.425,37.663,38.284,39.020,34.587
18.550,14.693,12.253,10.652,10.004,8.478,7.233,8.070,10.947,11.890,9.338,8.656,4.147,-2.780,-6.170,-2.137,2.590,13.165,22.749,32.978,38.171,38.788,39.479,35.102
19.622,15.790,13.366,11.804,11.156,9.689,8.477,9.270,12.075,13.021,10.534,9.878,5.448,-1.393,-4.770,-0.756,3.928,14.322,23.739,33.821,38.936,39.534,40.241,35.907
20.301,16.549,14.169,12.633,12.003,10.520,9.310,10.089,12.882,13.789,11.324,10.648,6.272,-0.437,-3.750,0.197,4.776,15.043,24.296,34.309,39.370,39.967,40.582,36.321
21.043,17.276,14.889,13.352,12.684,11.268,10.108,10.870,13.552,14.462,12.057,11.424,7.205,0.444,-2.916,1.025,5.667,15.806,24.992,34.731,39.689,40.232,41.086,36.841
21.627,17.913,15.551,14.029,13.361,11.941,10.792,11.538,14.186,15.060,12.683,12.039,7.906,1.215,-2.121,1.777,6.365,16.400,25.453,35.091,39.991,40.516,41.366,37.175
22.223,18.529,16.181,14.665,13.983,12.597,11.478,12.215,14.795,15.660,13.323,12.701,8.673,2.000,-1.335,2.530,7.117,17.031,25.995,35.438,40.256,40.752,41.712,37.558
22.728,19.069,16.736,15.248,14.569,13.195,12.087,12.790,15.338,16.180,13.880,13.250,9.282,2.685,-0.638,3.211,7.746,17.556,26.379,35.777,40.556,41.040,41.960,37.843
23.101,19.494,17.193,15.719,15.055,13.678,12.571,13.277,15.821,16.650,14.359,13.728,9.776,3.266,-0.003,3.794,8.260,17.985,26.726,36.056,40.796,41.285,42.153,38.086
23.518,19.995,17.737,16.292,15.656,14.238,13.118,13.807,16.371,17.153,14.870,14.199,10.261,3.900,0.700,4.442,8.781,18.421,27.003,36.366,41.087,41.588,42.282,38.282
23.885,20.447,18.233,16.809,16.202,14.734,13.594,14.279,16.873,17.607,15.320,14.608,10.675,4.453,1.326,5.006,9.222,18.799,27.247,36.649,41.356,41.872,42.396,38.461
24.268,20.892,18.711,17.302,16.708,15.225,14.085,14.765,17.352,18.055,15.782,15.055,11.163,5.035,1.957,5.584,9.723,19.211,27.546,36.888,41.553,42.068,42.532,38.653
24.478,21.141,18.984,17.584,17.005,15.505,14.358,15.042,17.642,18.331,16.055,15.316,11.419,5.357,2.320,5.912,9.996,19.446,27.732,37.072,41.726,42.251,42.644,38.798
24.970,21.693,19.568,18.184,17.615,16.105,14.962,15.639,18.222,18.881,16.623,15.873,12.028,6.057,3.064,6.604,10.615,19.967,28.131,37.395,42.000,42.520,42.672,39.015
25.272,22.141,20.103,18.769,18.252,16.716,15.565,16.231,18.824,19.434,17.202,16.423,12.600,6.898,4.053,7.465,11.263,20.397,28.303,37.488,42.017,42.561,42.868,39.079
25.457,22.271,20.207,18.854,18.320,16.815,15.674,16.352,18.930,19.576,17.340,16.590,12.755,6.958,4.073,7.518,11.397,20.581,28.581,37.746,42.284,42.822,43.021,39.348
25.582,22.452,20.409,19.068,18.550,16.986,15.822,16.490,19.106,19.701,17.453,16.653,12.819,7.104,4.250,7.673,11.471,20.658,28.592,37.838,42.394,42.940,43.048,39.355
25.715,22.592,20.547,19.215,18.705,17.115,15.937,16.592,19.234,19.814,17.558,16.734,12.876,7.184,4.330,7.767,11.538,20.758,28.658,38.022,42.610,43.165,43.158,39.487
25.802,22.676,20.628,19.297,18.789,17.197,16.016,16.671,19.319,19.902,17.642,16.817,12.947,7.253,4.398,7.841,11.613,20.843,28.752,38.139,42.736,43.294,43.274,39.598
25.908,22.768,20.710,19.382,18.873,17.279,16.095,16.739,19.393,19.977,17.717,16.886,13.003,7.299,4.427,7.893,11.673,20.928,28.841,38.285,42.902,43.462,43.421,39.730
26.346,23.263,21.241,19.942,19.444,17.879,16.715,17.342,19.952,20.525,18.307,17.490,13.669,8.077,5.257,8.666,12.370,21.458,29.218,38.512,43.052,43.603,43.542,39.916
26.524,23.459,21.446,20.153,19.655,18.090,16.930,17.550,20.147,20.707,18.501,17.679,13.890,8.324,5.513,8.906,12.591,21.639,29.350,38.606,43.125,43.670,43.608,40.001
26.724,23.690,21.692,20.411,19.921,18.344,17.182,17.791,20.387,20.928,18.730,17.895,14.124,8.612,5.821,9.197,12.837,21.843,29.481,38.741,43.247,43.792,43.674,40.092
26.882,23.870,21.886,20.613,20.131,18.553,17.392,17.999,20.594,21.129,18.937,18.100,14.334,8.864,6.096,9.451,13.059,22.026,29.624,38.861,43.351,43.900,43.752,40.191
27.060,24.078,22.110,20.843,20.368,18.782,17.620,18.229,20.822,21.344,19.156,18.312,14.562,9.136,6.395,9.721,13.293,22.220,29.771,38.978,43.449,43.998,43.822,40.289
27.206,24.206,22.231,20.961,20.474,18.914,17.767,18.374,20.938,21.472,19.297,18.474,14.753,9.296,6.536,9.868,13.473,22.378,29.938,39.071,43.519,44.056,43.961,40.422
27.389,24.407,22.433,21.181,20.692,19.124,17.979,18.556,21.108,21.616,19.460,18.618,14.938,9.516,6.747,10.086,13.662,22.533,30.003,39.160,43.601,44.127,43.991,40.465
27.549,24.565,22.598,21.342,20.852,19.311,18.177,18.767,21.298,21.824,19.677,18.859,15.187,9.762,7.005,10.326,13.913,22.744,30.227,39.290,43.703,44.227,44.147,40.629
27.668,24.698,22.736,21.486,21.000,19.446,18.308,18.889,21.426,21.938,19.792,18.960,15.294,9.895,7.143,10.462,14.025,22.849,30.295,39.388,43.803,44.328,44.206,40.698
27.806,24.837,22.877,21.624,21.132,19.591,18.463,19.048,21.565,22.081,19.943,19.123,15.484,10.076,7.324,10.631,14.206,23.002,30.445,39.466,43.856,44.373,44.304,40.804
28.019,25.083,23.143,21.900,21.415,19.872,18.746,19.329,21.837,22.339,20.211,19.388,15.773,10.419,7.696,10.972,14.504,23.241,30.619,39.593,43.955,44.471,44.375,40.907
28.130,25.212,23.282,22.049,21.576,20.026,18.894,19.472,21.994,22.492,20.364,19.533,15.899,10.589,7.888,11.154,14.650,23.371,30.718,39.722,44.089,44.614,44.454,40.998
28.244,25.331,23.400,22.169,21.691,20.135,19.005,19.574,22.087,22.571,20.450,19.611,16.004,10.696,7.985,11.254,14.748,23.460,30.777,39.781,44.142,44.659,44.502,41.050
28.358,25.456,23.530,22.301,21.823,20.261,19.131,19.699,22.210,22.685,20.565,19.721,16.128,10.832,8.127,11.386,14.869,23.570,30.867,39.859,44.212,44.727,44.565,41.123
28.456,25.551,23.625,22.397,21.922,20.369,19.241,19.811,22.320,22.805,20.687,19.851,16.247,10.953,8.252,11.511,14.995,23.689,30.993,39.975,44.327,44.844,44.685,41.242
28.582,25.688,23.770,22.542,22.069,20.519,19.394,19.969,22.472,22.956,20.841,20.009,16.415,11.134,8.446,11.688,15.164,23.833,31.126,40.068,44.404,44.921,44.770,41.340
28.669,25.766,23.843,22.616,22.139,20.592,19.468,20.035,22.535,23.019,20.907,20.074,16.485,11.194,8.493,11.748,15.232,23.907,31.197,40.153,44.493,45.006,44.861,41.423
28.806,25.909,23.994,22.759,22.282,20.746,19.628,20.213,22.702,23.195,21.083,20.264,16.684,11.389,8.703,11.935,15.425,24.077,31.386,40.264,44.581,45.093,44.994,41.567
28.934,26.040,24.130,22.899,22.422,20.899,19.788,20.373,22.849,23.347,21.244,20.436,16.866,11.582,8.903,12.125,15.612,24.231,31.525,40.358,44.657,45.167,45.085,41.666
29.062,26.184,24.280,23.055,22.580,21.049,19.937,20.514,22.989,23.474,21.375,20.557,17.004,11.744,9.072,12.286,15.751,24.352,31.605,40.440,44.732,45.240,45.134,41.728
29.127,26.254,24.349,23.127,22.652,21.111,19.995,20.565,23.044,23.518,21.420,20.591,17.042,11.790,9.113,12.333,15.789,24.396,31.631,40.496,44.795,45.302,45.172,41.767
29.267,26.411,24.519,23.302,22.835,21.295,20.180,20.752,23.231,23.705,21.610,20.783,17.232,12.013,9.360,12.560,15.991,24.565,31.775,40.617,44.904,45.415,45.262,41.874
29.408,26.573,24.690,23.486,23.025,21.482,20.366,20.927,23.404,23.867,21.781,20.946,17.403,12.229,9.591,12.780,16.177,24.716,31.869,40.718,44.996,45.509,45.308,41.938
29.500,26.674,24.793,23.594,23.135,21.584,20.465,21.018,23.499,23.952,21.867,21.022,17.484,12.327,9.689,12.879,16.260,24.797,31.923,40.795,45.076,45.589,45.359,41.994
29.624,26.776,24.889,23.683,23.221,21.693,20.582,21.144,23.616,24.092,22.009,21.185,17.635,12.447,9.804,12.999,16.411,24.949,32.123,40.954,45.230,45.743,45.567,42.189
29.700,26.839,24.947,23.737,23.272,21.757,20.650,21.220,23.686,24.176,22.092,21.282,17.726,12.516,9.869,13.067,16.499,25.041,32.247,41.051,45.324,45.837,45.698,42.311
29.824,26.956,25.058,23.852,23.383,21.870,20.765,21.322,23.782,24.269,22.192,21.378,17.832,12.617,9.955,13.167,16.605,25.148,32.337,41.161,45.439,45.947,45.805,42.412
29.952,27.101,25.217,24.015,23.554,22.045,20.941,21.504,23.965,24.455,22.379,21.571,18.018,12.836,10.200,13.390,16.804,25.313,32.486,41.277,45.541,46.055,45.895,42.520
30.036,27.161,25.266,24.057,23.588,22.103,21.009,21.577,24.021,24.531,22.460,21.672,18.123,12.901,10.249,13.449,16.901,25.412,32.625,41.370,45.626,46.135,46.044,42.654
30.122,27.257,25.368,24.162,23.697,22.204,21.106,21.674,24.124,24.628,22.555,21.761,18.208,13.005,10.362,13.556,16.991,25.498,32.695,41.454,45.711,46.223,46.104,42.721
30.225,27.370,25.488,24.278,23.816,22.318,21.219,21.795,24.249,24.751,22.674,21.879,18.326,13.130,10.500,13.679,17.106,25.609,32.810,41.551,45.802,46.317,46.198,42.824
30.305,27.442,25.556,24.340,23.874,22.377,21.278,21.861,24.315,24.821,22.739,21.948,18.394,13.178,10.542,13.723,17.166,25.683,32.910,41.643,45.896,46.409,46.315,42.934
30.399,27.530,25.643,24.419,23.950,22.455,21.357,21.948,24.400,24.909,22.823,22.037,18.486,13.251,10.611,13.791,17.249,25.775,33.025,41.739,45.989,46.500,46.436,43.051
30.490,27.636,25.756,24.532,24.067,22.561,21.460,22.055,24.513,25.015,22.925,22.132,18.581,13.364,10.737,13.904,17.344,25.867,33.106,41.820,46.068,46.582,46.498,43.124
30.611,27.775,25.900,24.681,24.219,22.685,21.575,22.161,24.632,25.108,23.015,22.197,18.657,13.463,10.839,14.004,17.417,25.950,33.149,41.915,46.172,46.686,46.548,43.184
30.726,27.906,26.035,24.823,24.362,22.815,21.702,22.277,24.748,25.205,23.117,22.285,18.764,13.594,10.970,14.133,17.525,26.045,33.197,41.981,46.236,46.745,46.576,43.224
30.871,28.054,26.182,24.976,24.509,22.968,21.862,22.425,24.879,25.329,23.253,22.420,18.931,13.765,11.133,14.297,17.688,26.183,33.299,42.058,46.298,46.797,46.646,43.299
30.952,28.131,26.255,25.050,24.580,23.044,21.941,22.498,24.945,25.394,23.324,22.493,19.012,13.841,11.199,14.371,17.768,26.259,33.368,42.124,46.363,46.859,46.716,43.366
31.075,28.260,26.388,25.189,24.719,23.191,22.093,22.646,25.082,25.531,23.470,22.643,19.176,14.019,11.382,14.547,17.936,26.398,33.483,42.209,46.433,46.926,46.789,43.448
31.173,28.349,26.477,25.279,24.811,23.303,22.211,22.767,25.195,25.662,23.606,22.796,19.317,14.157,11.525,14.689,18.087,26.531,33.630,42.326,46.544,47.039,46.920,43.576
31.302,28.478,26.605,25.408,24.937,23.434,22.346,22.899,25.317,25.783,23.733,22.925,19.461,14.300,11.664,14.828,18.228,26.660,33.747,42.422,46.630,47.120,47.019,43.677
31.425,28.609,26.743,25.549,25.081,23.584,22.498,23.052,25.468,25.937,23.891,23.086,19.620,14.477,11.853,15.007,18.396,26.805,33.882,42.537,46.737,47.230,47.121,43.787
31.522,28.696,26.830,25.633,25.165,23.685,22.605,23.165,25.572,26.057,24.013,23.224,19.753,14.600,11.978,15.129,18.531,26.929,34.026,42.643,46.834,47.328,47.249,43.913
31.632,28.808,26.943,25.744,25.275,23.797,22.718,23.284,25.687,26.173,24.129,23.344,19.878,14.722,12.103,15.247,18.652,27.045,34.147,42.740,46.923,47.415,47.354,44.022
31.800,28.979,27.119,25.916,25.442,23.981,22.913,23.485,25.867,26.359,24.324,23.553,20.113,14.951,12.336,15.466,18.880,27.238,34.337,42.849,47.004,47.489,47.482,44.159
31.940,29.117,27.259,26.051,25.575,24.116,23.051,23.630,26.009,26.504,24.467,23.701,20.267,15.095,12.482,15.604,19.027,27.383,34.498,42.979,47.126,47.610,47.630,44.309
32.030,29.197,27.331,26.119,25.640,24.175,23.105,23.685,26.072,26.565,24.521,23.751,20.308,15.116,12.491,15.626,19.062,27.451,34.587,43.104,47.267,47.751,47.771,44.437
32.175,29.368,27.514,26.310,25.842,24.357,23.278,23.853,26.255,26.732,24.685,23.898,20.449,15.304,12.682,15.821,19.215,27.592,34.684,43.239,47.407,47.897,47.845,44.528
32.275,29.449,27.579,26.374,25.895,24.410,23.335,23.897,26.289,26.762,24.721,23.929,20.500,15.320,12.699,15.831,19.252,27.653,34.748,43.324,47.501,47.981,47.958,44.624
32.387,29.522,27.634,26.422,25.932,24.480,23.416,23.980,26.355,26.857,24.821,24.056,20.618,15.383,12.717,15.892,19.366,27.780,34.934,43.480,47.658,48.133,48.187,44.825
32.518,29.632,27.737,26.516,26.020,24.587,23.530,24.107,26.472,26.995,24.957,24.212,20.768,15.495,12.822,15.999,19.508,27.930,35.136,43.636,47.808,48.281,48.399,45.024
32.631,29.727,27.821,26.593,26.089,24.656,23.599,24.175,26.541,27.065,25.024,24.278,20.835,15.527,12.832,16.028,19.563,28.017,35.252,43.770,47.954,48.423,48.568,45.176
32.755,29.839,27.920,26.693,26.177,24.743,23.690,24.251,26.603,27.118,25.085,24.332,20.920,15.586,12.860,16.078,19.634,28.100,35.320,43.853,48.039,48.496,48.666,45.262
32.894,29.958,28.030,26.798,26.274,24.858,23.814,24.376,26.713,27.240,25.212,24.475,21.072,15.705,12.961,16.190,19.778,28.245,35.492,43.986,48.166,48.615,48.845,45.429
33.095,30.157,28.234,27.001,26.476,25.087,24.055,24.623,26.937,27.480,25.464,24.749,21.360,15.992,13.257,16.472,20.069,28.491,35.738,44.148,48.299,48.745,49.024,45.616
33.244,30.321,28.402,27.172,26.647,25.241,24.204,24.768,27.088,27.614,25.597,24.867,21.488,16.138,13.406,16.616,20.194,28.618,35.838,44.268,48.421,48.866,49.117,45.718
33.404,30.497,28.580,27.355,26.834,25.399,24.352,24.905,27.241,27.742,25.720,24.964,21.591,16.262,13.530,16.743,20.295,28.736,35.918,44.416,48.584,49.029,49.221,45.828
33.621,30.715,28.792,27.575,27.050,25.607,24.559,25.095,27.428,27.915,25.899,25.131,21.774,16.451,13.632,16.931,20.477,28.921,36.068,44.603,48.779,49.217,49.388,45.992
33.771,30.843,28.915,27.676,27.145,25.716,24.671,25.237,27.568,28.079,26.050,25.303,21.931,16.553,13.639,17.025,20.616,29.090,36.328,44.806,48.978,49.418,49.672,46.262
33.970,31.040,29.106,27.867,27.327,25.888,24.845,25.398,27.721,28.215,26.191,25.433,22.095,16.702,13.702,17.164,20.764,29.245,36.461,44.949,49.121,49.549,49.818,46.405
34.136,31.214,29.281,28.043,27.506,26.050,24.999,25.552,27.890,28.374,26.342,25.571,22.224,16.840,13.801,17.306,20.893,29.393,36.605,45.136,49.320,49.752,49.985,46.573
34.373,31.426,29.471,28.231,27.677,26.223,25.177,25.711,28.032,28.507,26.484,25.708,22.396,16.965,13.884,17.420,21.045,29.571,36.778,45.332,49.524,49.938,50.218,46.783
34.611,31.641,29.672,28.429,27.857,26.424,25.393,25.916,28.203,28.680,26.675,25.910,22.645,17.168,13.928,17.463,21.273,29.790,36.996,45.497,49.672,50.067,50.433,46.986
34.869,31.895,29.919,28.681,28.101,26.670,25.644,26.151,28.424,28.891,26.897,26.127,22.893,17.169,13.964,17.569,21.514,30.023,37.198,45.700,49.870,50.254,50.634,47.184
35.127,32.147,30.163,28.936,28.349,26.930,25.912,26.396,28.649,29.111,27.136,26.353,23.159,17.235,14.071,17.606,21.744,30.269,37.400,45.902,50.066,50.439,50.826,47.372
35.335,32.316,30.298,29.053,28.442,26.990,25.962,26.438,28.701,29.141,27.149,26.366,23.168,17.341,14.133,17.630,21.755,30.346,37.532,46.138,50.348,50.704,51.135,47.636
35.537,32.475,30.428,29.173,28.549,27.098,26.069,26.541,28.810,29.262,27.261,26.465,23.262,17.359,14.147,17.728,21.766,30.500,37.757,46.430,50.677,51.029,51.498,47.956
35.841,32.724,30.644,29.360,28.702,27.235,26.193,26.657,28.938,29.369,27.323,26.493,23.331,17.410,14.313,17.841,21.784,30.733,38.082,46.710,50.957,51.283,51.921,48.335
36.113,32.906,30.750,29.432,28.733,27.263,26.245,26.726,28.968,29.426,27.411,26.580,23.437,17.592,14.364,18.004,21.822,30.761,38.255,47.145,51.508,51.813,52.506,48.814
36.495,33.188,30.967,29.596,28.848,27.334,26.290,26.772,29.054,29.491,27.422,26.640,23.483,17.612,14.535,18.026,21.867,30.978,38.676,47.633,52.056,52.333,53.228,49.441
36.975,33.533,31.217,29.810,28.994,27.498,26.471,26.925,29.166,29.613,27.535,26.709,23.631,17.678,14.598,18.086,21.985,31.264,39.116,48.150,52.631,52.856,54.000,50.090
37.845,34.262,31.850,30.401,29.538,28.015,26.971,27.414,29.689,30.148,28.028,27.182,24.058,17.704,14.619,18.097,22.220,31.911,39.994,49.298,53.913,54.122,55.377,51.321
38.772,35.078,32.587,31.128,30.228,28.708,27.662,28.063,30.341,30.811,28.687,27.830,24.692,17.806,14.623,18.106,22.818,32.684,40.872,50.382,55.090,55.279,56.602,52.435
40.098,36.391,33.844,32.355,31.439,29.713,28.578,28.959,31.387,31.732,29.508,28.490,25.305,18.315,14.782,18.613,23.345,33.601,41.864,51.953,56.866,57.060,58.152,53.903
42.488,39.036,36.522,35.058,34.211,31.915,30.541,30.844,33.673,33.613,31.188,29.710,26.433,19.722,15.795,20.088,24.416,35.225,43.158,54.572,59.858,60.116,60.132,55.936
