15.905,14.430,12.120,10.022,9.479,10.551,17.510,27.537,34.663,37.472,36.185,36.666,34.725,33.414,32.855,33.579,36.095,40.176,37.459,34.146,27.290,25.467,24.164,20.129
19.955,18.657,16.684,14.725,14.366,15.226,22.071,31.094,37.185,40.145,39.260,39.365,37.874,36.900,36.589,37.371,39.728,43.369,40.516,37.735,31.638,29.673,28.289,24.342
22.294,21.006,18.715,16.696,16.594,17.084,23.759,32.091,37.789,41.028,40.426,40.207,39.022,38.456,38.470,39.065,41.311,44.884,41.340,38.951,33.476,31.329,30.245,26.278
23.752,22.463,20.239,18.304,18.220,18.750,25.245,33.185,38.703,41.812,41.221,40.991,39.845,39.328,39.398,39.989,42.102,45.554,42.032,39.740,34.497,32.450,31.439,27.612
24.696,23.334,21.133,19.272,19.182,19.858,26.283,33.938,39.469,42.416,41.760,41.562,40.375,39.867,40.001,40.611,42.579,45.988,42.428,40.147,35.019,33.110,32.191,28.477
25.544,24.231,22.210,20.444,20.341,21.060,27.338,34.708,39.995,42.818,42.187,41.990,40.850,40.340,40.467,41.114,43.002,46.253,42.876,40.674,35.708,33.877,32.922,29.334
26.254,24.943,22.990,21.275,21.159,21.930,28.124,35.342,40.558,43.288,42.641,42.465,41.322,40.803,40.930,41.592,43.420,46.609,43.309,41.128,36.234,34.470,33.525,30.015
26.867,25.574,23.684,22.004,21.903,22.673,28.830,35.885,40.965,43.678,43.068,42.859,41.762,41.276,41.432,42.107,43.896,47.014,43.726,41.609,36.821,35.067,34.116,30.642
27.482,26.188,24.359,22.729,22.614,23.437,29.506,36.412,41.433,44.050,43.419,43.235,42.131,41.633,41.789,42.476,44.204,47.264,44.051,41.950,37.232,35.549,34.613,31.218
27.893,26.598,24.800,23.200,23.092,23.935,29.959,36.733,41.689,44.265,43.641,43.448,42.360,41.879,42.057,42.750,44.432,47.450,44.242,42.175,37.532,35.880,34.961,31.608
28.212,26.913,25.134,23.558,23.447,24.312,30.288,36.977,41.905,44.436,43.802,43.619,42.528,42.048,42.232,42.926,44.575,47.566,44.379,42.324,37.725,36.108,35.206,31.894
28.623,27.336,25.543,23.978,23.877,24.711,30.590,37.183,42.063,44.569,43.944,43.760,42.685,42.224,42.414,43.080,44.706,47.671,44.490,42.466,37.941,36.341,35.479,32.211
28.891,27.602,25.867,24.331,24.218,25.100,30.971,37.505,42.352,44.810,44.174,44.001,42.920,42.445,42.634,43.325,44.922,47.854,44.724,42.702,38.193,36.628,35.749,32.511
29.172,27.894,26.070,24.504,24.427,25.216,31.034,37.540,42.368,44.885,44.288,44.080,43.034,42.611,42.826,43.464,45.075,48.023,44.798,42.817,38.369,36.761,35.937,32.686
29.467,28.209,26.351,24.771,24.703,25.435,31.194,37.708,42.522,45.057,44.474,44.264,43.230,42.817,43.022,43.628,45.256,48.207,44.985,43.015,38.587,36.963,36.159,32.913
29.717,28.466,26.663,25.110,25.011,25.786,31.498,38.015,42.831,45.297,44.681,44.515,43.452,42.993,43.159,43.780,45.398,48.325,45.219,43.222,38.769,37.192,36.367,33.164
29.894,28.629,26.841,25.306,25.208,26.016,31.728,38.176,42.981,45.418,44.794,44.628,43.563,43.110,43.294,43.926,45.512,48.425,45.306,43.318,38.894,37.341,36.528,33.344
30.083,28.819,27.054,25.532,25.431,26.253,31.956,38.369,43.150,45.571,44.947,44.781,43.719,43.266,43.452,44.091,45.664,48.560,45.458,43.477,39.070,37.529,36.711,33.541
30.274,29.027,27.269,25.751,25.655,26.451,32.107,38.481,43.218,45.634,45.025,44.854,43.808,43.363,43.546,44.174,45.745,48.620,45.538,43.577,39.206,37.665,36.852,33.700
30.432,29.194,27.459,25.951,25.849,26.650,32.288,38.651,43.366,45.768,45.158,44.993,43.948,43.495,43.668,44.301,45.870,48.729,45.683,43.725,39.358,37.826,37.002,33.863
30.607,29.362,27.705,26.234,26.116,26.988,32.646,38.943,43.623,45.971,45.346,45.191,44.138,43.668,43.843,44.517,46.050,48.872,45.880,43.921,39.565,38.071,37.219,34.107
30.763,29.517,27.879,26.420,26.301,27.186,32.831,39.088,43.747,46.076,45.450,45.297,44.245,43.775,43.954,44.634,46.152,48.958,45.978,44.027,39.690,38.210,37.359,34.263
30.899,29.652,27.994,26.531,26.431,27.294,32.942,39.152,43.782,46.135,45.531,45.351,44.323,43.884,44.089,44.761,46.271,49.071,46.036,44.113,39.818,38.323,37.488,34.386
31.099,29.872,28.206,26.746,26.655,27.476,33.050,39.205,43.783,46.136,45.550,45.362,44.355,43.932,44.137,44.785,46.291,49.072,46.046,44.152,39.911,38.414,37.599,34.521
31.186,29.956,28.310,26.855,26.761,27.600,33.193,39.345,43.919,46.265,45.677,45.490,44.481,44.053,44.259,44.919,46.421,49.195,46.180,44.283,40.036,38.543,37.716,34.637
31.276,30.060,28.419,26.958,26.865,27.683,33.276,39.453,44.012,46.374,45.797,45.606,44.605,44.177,44.373,45.031,46.550,49.322,46.321,44.428,40.174,38.665,37.824,34.736
31.365,30.146,28.506,27.041,26.956,27.772,33.403,39.576,44.123,46.510,45.947,45.736,44.749,44.334,44.545,45.211,46.732,49.505,46.470,44.588,40.339,38.813,37.964,34.857
31.517,30.289,28.627,27.157,27.083,27.890,33.523,39.670,44.224,46.612,46.049,45.832,44.847,44.444,44.670,45.328,46.838,49.617,46.547,44.671,40.440,38.917,38.089,34.985
31.583,30.343,28.639,27.161,27.089,27.898,33.537,39.704,44.292,46.705,46.144,45.917,44.932,44.543,44.783,45.429,46.945,49.740,46.623,44.745,40.507,38.969,38.160,35.035
31.776,30.523,28.876,27.435,27.341,28.219,33.824,39.922,44.512,46.831,46.228,46.043,45.024,44.601,44.827,45.497,46.967,49.749,46.695,44.798,40.568,39.101,38.292,35.226
31.805,30.524,28.951,27.532,27.415,28.393,34.108,40.163,44.718,47.019,46.420,46.223,45.213,44.801,45.050,45.741,47.182,49.931,46.873,44.994,40.776,39.334,38.474,35.394
31.986,30.722,29.110,27.689,27.598,28.511,34.139,40.223,44.775,47.067,46.465,46.273,45.262,44.831,45.060,45.779,47.216,49.962,46.913,45.035,40.796,39.343,38.530,35.474
32.089,30.828,29.211,27.792,27.700,28.608,34.210,40.228,44.847,47.135,46.504,46.331,45.286,44.849,45.095,45.790,47.243,50.013,46.993,45.065,40.846,39.401,38.596,35.552
32.183,30.919,29.330,27.926,27.828,28.762,34.363,40.346,44.885,47.153,46.545,46.358,45.343,44.923,45.169,45.866,47.289,50.019,46.994,45.115,40.933,39.505,38.693,35.663
32.286,31.018,29.437,28.040,27.938,28.885,34.479,40.449,44.989,47.241,46.626,46.446,45.425,45.001,45.246,45.946,47.360,50.086,47.070,45.189,41.010,39.594,38.784,35.764
32.390,31.120,29.524,28.123,28.027,28.966,34.560,40.522,45.065,47.325,46.713,46.527,45.510,45.094,45.347,46.041,47.454,50.185,47.147,45.271,41.100,39.680,38.879,35.856
32.517,31.252,29.622,28.207,28.128,29.027,34.602,40.552,45.083,47.370,46.776,46.574,45.574,45.180,45.445,46.119,47.537,50.274,47.194,45.337,41.193,39.753,38.974,35.944
32.597,31.331,29.711,28.301,28.217,29.126,34.702,40.649,45.179,47.458,46.859,46.661,45.657,45.259,45.521,46.199,47.615,50.347,47.280,45.420,41.273,39.839,39.056,36.030
32.684,31.433,29.804,28.386,28.308,29.185,34.740,40.694,45.205,47.500,46.916,46.711,45.720,45.328,45.585,46.251,47.680,50.409,47.347,45.497,41.360,39.911,39.127,36.098
32.758,31.510,29.892,28.477,28.406,29.279,34.847,40.776,45.258,47.564,46.994,46.773,45.797,45.417,45.685,46.357,47.781,50.501,47.424,45.590,41.472,40.014,39.224,36.191
32.846,31.598,29.979,28.566,28.497,29.369,34.933,40.851,45.326,47.632,47.064,46.841,45.868,45.491,45.763,46.434,47.856,50.572,47.491,45.662,41.551,40.094,39.307,36.276
32.921,31.667,30.050,28.640,28.572,29.453,35.021,40.919,45.393,47.694,47.124,46.899,45.926,45.553,45.832,46.505,47.918,50.632,47.541,45.715,41.613,40.161,39.379,36.352
33.021,31.766,30.155,28.750,28.681,29.569,35.135,41.021,45.490,47.784,47.213,46.988,46.015,45.642,45.922,46.598,48.006,50.715,47.628,45.803,41.706,40.260,39.477,36.454
33.099,31.849,30.247,28.842,28.773,29.657,35.222,41.109,45.567,47.863,47.296,47.070,46.100,45.726,46.003,46.682,48.092,50.797,47.719,45.897,41.801,40.352,39.562,36.539
33.182,31.927,30.324,28.919,28.851,29.742,35.322,41.206,45.664,47.967,47.399,47.170,46.200,45.828,46.112,46.794,48.201,50.908,47.818,45.995,41.898,40.448,39.659,36.632
33.270,32.018,30.392,28.980,28.925,29.789,35.356,41.217,45.668,47.982,47.429,47.184,46.229,45.878,46.175,46.842,48.250,50.957,47.833,46.028,41.958,40.495,39.723,36.692
33.355,32.108,30.470,29.055,29.006,29.851,35.398,41.250,45.686,48.011,47.466,47.216,46.269,45.926,46.225,46.882,48.292,50.998,47.865,46.070,42.016,40.546,39.783,36.754
33.481,32.223,30.543,29.115,29.086,29.910,35.470,41.295,45.736,48.090,47.559,47.286,46.353,46.041,46.369,47.012,48.416,51.136,47.924,46.147,42.120,40.634,39.899,36.855
33.573,32.322,30.640,29.212,29.188,29.998,35.545,41.357,45.779,48.138,47.617,47.337,46.413,46.107,46.437,47.076,48.481,51.194,47.982,46.215,42.203,40.712,39.978,36.937
33.665,32.412,30.741,29.318,29.289,30.111,35.659,41.466,45.889,48.237,47.710,47.436,46.507,46.196,46.524,47.168,48.568,51.277,48.077,46.307,42.292,40.809,40.072,37.036
33.758,32.495,30.820,29.400,29.370,30.207,35.759,41.559,45.998,48.336,47.800,47.530,46.593,46.280,46.611,47.258,48.649,51.363,48.155,46.378,42.361,40.888,40.159,37.126
33.837,32.567,30.862,29.430,29.415,30.235,35.804,41.592,46.033,48.399,47.876,47.586,46.662,46.372,46.725,47.362,48.754,51.479,48.210,46.448,42.447,40.956,40.243,37.194
33.932,32.658,30.924,29.483,29.480,30.281,35.852,41.628,46.072,48.458,47.945,47.641,46.727,46.455,46.824,47.450,48.841,51.575,48.260,46.509,42.525,41.022,40.327,37.269
34.011,32.736,31.013,29.581,29.573,30.387,35.947,41.710,46.152,48.520,47.999,47.703,46.783,46.505,46.870,47.499,48.882,51.609,48.313,46.559,42.577,41.087,40.392,37.346
34.098,32.828,31.107,29.674,29.667,30.474,36.029,41.792,46.225,48.596,48.079,47.782,46.865,46.588,46.951,47.579,48.964,51.688,48.398,46.647,42.668,41.175,40.477,37.432
34.236,32.958,31.244,29.823,29.805,30.637,36.165,41.912,46.363,48.697,48.159,47.883,46.948,46.656,47.011,47.640,49.011,51.731,48.468,46.704,42.723,41.258,40.571,37.548
34.335,33.069,31.341,29.905,29.895,30.692,36.221,41.995,46.435,48.800,48.279,47.990,47.069,46.786,47.139,47.757,49.148,51.874,48.600,46.844,42.862,41.372,40.680,37.642
34.418,33.151,31.439,30.011,29.990,30.807,36.334,42.120,46.572,48.916,48.382,48.109,47.174,46.874,47.215,47.841,49.229,51.954,48.711,46.941,42.941,41.466,40.766,37.736
34.501,33.231,31.516,30.082,30.065,30.880,36.438,42.237,46.690,49.054,48.526,48.243,47.314,47.020,47.368,47.999,49.393,52.124,48.859,47.091,43.085,41.596,40.889,37.842
34.603,33.330,31.603,30.165,30.148,30.961,36.516,42.325,46.795,49.158,48.626,48.346,47.412,47.117,47.464,48.090,49.486,52.225,48.954,47.180,43.168,41.680,40.980,37.932
34.665,33.389,31.652,30.208,30.195,31.004,36.576,42.395,46.871,49.248,48.720,48.433,47.502,47.212,47.565,48.191,49.591,52.337,49.045,47.273,43.256,41.759,41.060,38.001
34.791,33.507,31.771,30.336,30.312,31.144,36.690,42.504,47.008,49.349,48.797,48.534,47.581,47.275,47.619,48.243,49.631,52.379,49.112,47.323,43.298,41.829,41.141,38.103
34.899,33.608,31.842,30.398,30.383,31.202,36.746,42.558,47.076,49.429,48.880,48.610,47.659,47.364,47.718,48.331,49.718,52.478,49.176,47.390,43.372,41.897,41.228,38.185
34.978,33.690,31.918,30.469,30.452,31.263,36.806,42.640,47.168,49.526,48.976,48.709,47.756,47.458,47.805,48.414,49.810,52.577,49.278,47.487,43.458,41.978,41.308,38.260
35.102,33.807,32.029,30.580,30.566,31.385,36.936,42.759,47.294,49.651,49.098,48.829,47.874,47.581,47.937,48.547,49.936,52.705,49.389,47.599,43.574,42.097,41.433,38.384
35.235,33.940,32.139,30.685,30.678,31.479,37.010,42.821,47.357,49.720,49.171,48.899,47.948,47.664,48.026,48.622,50.010,52.784,49.448,47.664,43.654,42.174,41.529,38.483
35.343,34.047,32.259,30.815,30.799,31.616,37.131,42.934,47.473,49.812,49.252,48.993,48.032,47.737,48.090,48.690,50.070,52.837,49.530,47.738,43.726,42.263,41.617,38.586
35.456,34.157,32.374,30.933,30.912,31.742,37.256,43.062,47.610,49.938,49.369,49.118,48.149,47.847,48.196,48.799,50.176,52.944,49.648,47.849,43.829,42.375,41.727,38.701
35.554,34.239,32.457,31.021,30.997,31.855,37.396,43.196,47.767,50.084,49.504,49.256,48.277,47.972,48.330,48.944,50.309,53.083,49.770,47.962,43.933,42.490,41.846,38.818
35.654,34.338,32.594,31.172,31.131,32.025,37.570,43.380,47.958,50.242,49.644,49.416,48.419,48.089,48.431,49.063,50.422,53.187,49.927,48.101,44.048,42.628,41.963,38.949
35.776,34.474,32.730,31.306,31.261,32.135,37.645,43.473,48.044,50.325,49.726,49.509,48.511,48.172,48.495,49.117,50.488,53.249,50.025,48.196,44.139,42.718,42.051,39.046
35.910,34.608,32.847,31.417,31.375,32.237,37.738,43.572,48.151,50.438,49.841,49.623,48.626,48.290,48.614,49.227,50.602,53.370,50.134,48.306,44.251,42.826,42.168,39.160
36.042,34.735,32.970,31.541,31.497,32.365,37.865,43.701,48.292,50.574,49.970,49.756,48.753,48.415,48.738,49.351,50.722,53.494,50.258,48.424,44.365,42.945,42.292,39.286
36.188,34.870,33.078,31.645,31.609,32.477,37.978,43.796,48.404,50.688,50.083,49.864,48.859,48.533,48.873,49.477,50.839,53.621,50.343,48.513,44.466,43.048,42.417,39.410
36.314,34.982,33.194,31.764,31.730,32.620,38.153,43.955,48.571,50.854,50.246,50.021,49.015,48.694,49.047,49.663,51.013,53.798,50.494,48.664,44.618,43.203,42.573,39.560
36.405,35.060,33.268,31.840,31.806,32.715,38.262,44.052,48.680,50.960,50.344,50.120,49.108,48.788,49.152,49.772,51.111,53.901,50.577,48.743,44.697,43.291,42.669,39.656
36.533,35.203,33.376,31.926,31.921,32.764,38.316,44.093,48.684,51.021,50.450,50.182,49.212,48.935,49.322,49.922,51.279,54.071,50.677,48.883,44.878,43.422,42.809,39.768
36.659,35.321,33.476,32.021,32.020,32.861,38.430,44.215,48.820,51.171,50.599,50.327,49.355,49.083,49.478,50.075,51.433,54.237,50.816,49.019,45.008,43.548,42.943,39.892
36.786,35.427,33.563,32.104,32.105,32.967,38.564,44.352,48.996,51.347,50.762,50.491,49.507,49.238,49.648,50.247,51.596,54.417,50.956,49.149,45.127,43.673,43.082,40.023
36.930,35.559,33.684,32.228,32.228,33.106,38.699,44.473,49.139,51.474,50.877,50.613,49.619,49.348,49.764,50.362,51.698,54.526,51.052,49.239,45.218,43.778,43.203,40.151
37.095,35.724,33.869,32.425,32.407,33.310,38.877,44.661,49.343,51.639,51.020,50.784,49.767,49.471,49.865,50.468,51.798,54.621,51.204,49.370,45.331,43.918,43.338,40.308
37.319,35.929,34.091,32.662,32.628,33.584,39.157,44.936,49.657,51.907,51.255,51.046,50.000,49.680,50.069,50.687,51.996,54.821,51.429,49.570,45.508,44.132,43.554,40.543
37.455,36.069,34.203,32.762,32.741,33.666,39.235,45.010,49.722,52.001,51.365,51.138,50.108,49.808,50.208,50.811,52.128,54.960,51.528,49.684,45.640,44.244,43.680,40.657
37.645,36.242,34.405,32.985,32.962,33.933,39.521,45.232,49.934,52.182,51.538,51.310,50.275,49.978,50.396,51.020,52.305,55.120,51.681,49.842,45.818,44.448,43.883,40.876
37.833,36.415,34.594,33.186,33.158,34.165,39.770,45.455,50.164,52.391,51.735,51.512,50.468,50.166,50.592,51.231,52.497,55.307,51.866,50.022,45.999,44.648,44.083,41.083
38.044,36.618,34.782,33.369,33.357,34.358,39.995,45.652,50.351,52.602,51.961,51.713,50.685,50.408,50.861,51.501,52.760,55.574,52.073,50.247,46.246,44.879,44.324,41.308
38.208,36.783,34.935,33.507,33.522,34.493,40.187,45.822,50.478,52.793,52.192,51.895,50.906,50.670,51.160,51.802,53.068,55.882,52.297,50.508,46.538,45.126,44.566,41.511
38.351,36.911,35.094,33.685,33.685,34.710,40.418,46.034,50.708,52.981,52.356,52.077,51.067,50.812,51.299,51.963,53.207,56.013,52.456,50.650,46.667,45.288,44.720,41.682
38.582,37.127,35.347,33.957,33.934,35.021,40.748,46.376,51.083,53.308,52.649,52.400,51.359,51.071,51.545,52.234,53.462,56.266,52.757,50.920,46.901,45.558,44.974,41.952
38.814,37.374,35.571,34.165,34.146,35.192,40.900,46.569,51.278,53.529,52.881,52.629,51.595,51.309,51.771,52.442,53.695,56.510,53.003,51.167,47.139,45.775,45.191,42.158
39.132,37.657,35.883,34.495,34.455,35.588,41.350,47.026,51.796,53.998,53.308,53.083,52.010,51.695,52.158,52.863,54.090,56.914,53.419,51.545,47.473,46.150,45.558,42.532
39.499,38.021,36.276,34.910,34.855,36.024,41.755,47.401,52.172,54.322,53.609,53.409,52.317,51.981,52.432,53.146,54.352,57.159,53.717,51.832,47.761,46.476,45.885,42.892
39.925,38.422,36.725,35.398,35.287,36.568,42.248,47.917,52.782,54.799,53.996,53.888,52.712,52.295,52.694,53.432,54.603,57.410,54.107,52.144,48.004,46.820,46.227,43.301
40.270,38.799,37.070,35.713,35.618,36.815,42.480,48.209,53.045,55.128,54.363,54.232,53.086,52.686,53.074,53.785,55.002,57.819,54.504,52.559,48.419,47.180,46.580,43.623
40.616,39.197,37.435,36.033,35.979,37.038,42.723,48.499,53.235,55.454,54.779,54.574,53.508,53.164,53.563,54.244,55.529,58.344,54.967,53.084,48.980,47.631,47.004,43.981
41.153,39.613,37.891,36.538,36.452,37.756,43.618,49.329,54.232,56.334,55.554,55.391,54.232,53.852,54.309,55.078,56.257,59.106,55.648,53.691,49.518,48.280,47.670,44.657
41.955,40.415,38.667,37.265,37.200,38.463,44.493,50.349,55.275,57.507,56.771,56.552,55.423,55.066,55.542,56.327,57.572,60.469,56.909,54.951,50.709,49.374,48.713,45.590
43.155,41.468,39.996,38.710,38.522,40.265,46.668,52.586,57.728,59.729,58.804,58.701,57.397,56.873,57.341,58.364,59.492,62.390,58.977,56.838,52.341,51.196,50.380,47.265
44.846,43.172,42.038,40.866,40.482,42.538,48.946,55.140,60.421,62.114,60.987,61.128,59.623,58.803,59.038,60.216,61.352,64.196,61.394,59.022,54.196,53.256,52.222,49.222
