-43.038,-47.205,-50.171,-49.800,-43.954,-34.731,-25.572,-14.921,-15.065,-15.306,-23.840,-29.206,-36.388,-40.258,-36.339,-24.205,-9.892,8.079,26.891,39.906,27.929,14.663,13.089,2.793
-14.351,-17.418,-19.962,-19.662,-15.550,-9.027,-2.737,4.997,5.166,4.895,-1.120,-5.127,-10.300,-12.976,-9.722,-1.342,8.861,21.676,35.319,44.467,36.110,26.746,25.202,18.259
-7.167,-9.994,-12.650,-12.456,-8.745,-2.796,2.706,9.848,10.100,9.839,4.604,0.851,-4.247,-6.662,-3.320,4.196,13.492,25.049,37.471,45.854,38.382,29.890,28.227,22.018
-2.735,-5.355,-7.807,-7.578,-4.169,1.300,6.425,13.014,13.332,13.047,8.105,4.627,0.116,-2.088,0.975,7.844,16.400,27.150,38.699,46.356,39.459,31.658,30.077,24.469
0.406,-2.034,-4.451,-4.276,-1.110,4.074,8.968,15.183,15.623,15.298,10.640,7.340,3.063,0.998,3.940,10.317,18.311,28.540,39.409,46.648,40.160,32.877,31.272,26.102
2.582,0.212,-2.144,-2.003,1.072,6.061,10.648,16.657,16.978,16.719,12.364,9.180,4.858,2.855,5.770,11.975,19.726,29.439,39.862,46.880,40.665,33.601,32.079,26.994
4.075,1.827,-0.433,-0.369,2.607,7.511,12.065,17.876,18.180,17.934,13.742,10.687,6.365,4.390,7.156,13.224,20.718,30.197,40.207,47.133,41.049,34.191,32.758,27.728
5.137,2.963,0.654,0.632,3.534,8.419,12.948,18.674,19.029,18.773,14.728,11.719,7.269,5.310,8.084,14.042,21.378,30.749,40.515,47.442,41.446,34.720,33.255,28.286
6.165,4.063,1.717,1.614,4.444,9.296,13.770,19.404,19.789,19.531,15.648,12.689,8.118,6.177,8.958,14.805,21.981,31.206,40.715,47.623,41.731,35.140,33.655,28.744
7.250,5.225,2.972,2.870,5.611,10.343,14.772,20.234,20.643,20.373,16.546,13.682,9.299,7.410,10.057,15.733,22.686,31.724,40.966,47.689,41.931,35.538,34.103,29.343
7.891,5.896,3.644,3.533,6.232,10.915,15.301,20.701,21.134,20.856,17.078,14.243,9.900,8.035,10.666,16.256,23.112,32.061,41.189,47.839,42.153,35.850,34.406,29.726
8.588,6.624,4.397,4.303,6.947,11.546,15.884,21.195,21.670,21.373,17.614,14.817,10.619,8.797,11.384,16.843,23.571,32.415,41.426,47.936,42.346,36.169,34.716,30.175
9.329,7.382,5.144,5.052,7.655,12.179,16.409,21.656,22.135,21.841,18.163,15.389,11.224,9.436,12.039,17.398,24.032,32.722,41.615,48.018,42.535,36.453,34.986,30.537
9.872,7.948,5.637,5.517,8.074,12.574,16.765,21.985,22.531,22.214,18.601,15.827,11.630,9.864,12.522,17.781,24.332,32.975,41.786,48.155,42.740,36.742,35.204,30.855
10.286,8.395,6.052,5.899,8.417,12.907,17.095,22.278,22.870,22.538,18.975,16.217,11.989,10.236,12.901,18.093,24.565,33.178,41.892,48.249,42.877,36.949,35.379,31.085
10.549,8.666,6.295,6.137,8.635,13.111,17.289,22.459,23.090,22.743,19.191,16.431,12.219,10.479,13.162,18.303,24.738,33.341,42.034,48.364,43.021,37.132,35.527,31.292
10.617,8.742,6.349,6.170,8.665,13.164,17.365,22.544,23.191,22.839,19.299,16.535,12.271,10.524,13.219,18.366,24.800,33.431,42.116,48.484,43.128,37.237,35.617,31.370
10.721,8.836,6.455,6.288,8.796,13.310,17.543,22.740,23.367,23.030,19.449,16.677,12.443,10.689,13.373,18.543,25.006,33.618,42.315,48.517,43.228,37.370,35.796,31.619
10.957,9.056,6.739,6.451,8.918,13.539,17.636,22.771,23.389,23.033,19.457,16.710,12.655,10.941,13.594,18.697,25.113,33.688,42.424,48.761,43.418,37.500,35.886,31.625
11.104,9.294,6.760,6.644,9.140,13.636,18.150,23.236,23.916,23.548,20.028,17.307,13.011,11.211,13.919,19.081,25.446,33.970,42.528,48.787,43.495,37.728,36.113,31.993
11.495,9.655,7.298,7.135,9.575,13.992,18.210,23.429,24.083,23.724,20.200,17.446,13.188,11.480,14.119,19.143,25.508,34.087,42.583,48.805,43.529,37.786,36.224,32.094
11.664,9.843,7.550,7.390,9.822,14.219,18.387,23.475,24.278,23.909,20.256,17.513,13.448,11.742,14.311,19.331,25.599,34.246,42.728,48.915,43.673,37.954,36.374,32.278
11.881,10.066,7.758,7.596,10.016,14.404,18.568,23.601,24.370,23.913,20.391,17.704,13.651,11.954,14.529,19.520,25.764,34.388,42.832,49.016,43.774,38.082,36.506,32.427
12.037,10.240,7.946,7.774,10.179,14.568,18.762,23.773,24.470,24.092,20.567,17.895,13.864,12.168,14.713,19.684,25.893,34.592,42.977,49.093,43.886,38.275,36.684,32.550
12.353,10.584,8.303,8.135,10.501,14.858,19.075,24.033,24.788,24.383,20.839,18.189,14.265,12.592,15.093,19.980,26.103,34.604,43.044,49.181,43.974,38.378,36.774,32.700
12.473,10.719,8.423,8.234,10.588,14.958,19.196,24.149,24.925,24.513,20.983,18.336,14.381,12.706,15.208,20.082,26.183,34.689,43.210,49.368,44.188,38.567,36.801,32.796
12.950,11.252,8.913,8.663,10.964,15.347,19.636,24.544,25.403,24.960,21.478,18.854,14.846,13.178,15.673,20.467,26.460,34.982,43.272,49.517,44.320,38.681,37.032,33.117
13.103,11.510,9.189,8.825,11.072,15.544,19.951,24.823,25.697,25.246,21.765,19.166,15.181,13.516,15.907,20.682,26.554,35.200,43.365,49.568,44.340,38.870,37.239,33.304
13.211,11.540,9.229,8.964,11.245,15.626,20.056,24.902,25.820,25.374,21.898,19.311,15.227,13.532,15.961,20.733,26.677,35.223,43.368,49.621,44.438,38.885,37.249,33.335
13.328,11.664,9.370,9.100,11.383,15.766,20.098,24.961,25.857,25.376,21.900,19.331,15.317,13.648,16.074,20.858,26.799,35.315,43.459,49.727,44.479,38.966,37.354,33.429
13.464,11.802,9.504,9.239,11.514,15.890,20.225,25.082,25.960,25.507,22.021,19.431,15.468,13.805,16.229,20.992,26.919,35.439,43.584,49.746,44.552,39.096,37.474,33.578
13.724,12.080,9.814,9.547,11.806,16.154,20.474,25.290,26.158,25.709,22.242,19.679,15.749,14.095,16.482,21.217,27.097,35.564,43.641,49.872,44.599,39.182,37.584,33.706
13.804,12.164,9.876,9.598,11.853,16.214,20.554,25.377,26.268,25.810,22.342,19.773,15.823,14.167,16.567,21.295,27.172,35.667,43.748,49.902,44.718,39.304,37.686,33.816
13.974,12.334,10.054,9.786,12.034,16.372,20.683,25.491,26.377,25.921,22.463,19.899,15.978,14.331,16.727,21.435,27.295,35.751,43.813,49.980,44.773,39.378,37.763,33.915
14.063,12.424,10.170,9.910,12.159,16.489,20.804,25.601,26.474,26.022,22.553,19.998,16.107,14.462,16.833,21.545,27.401,35.849,43.905,50.000,44.850,39.457,37.862,34.009
14.200,12.560,10.342,10.110,12.354,16.649,20.944,25.715,26.579,26.127,22.638,20.096,16.298,14.665,17.003,21.691,27.527,35.939,43.987,50.020,44.891,39.520,37.946,34.126
14.381,12.742,10.539,10.321,12.557,16.823,21.089,25.838,26.696,26.246,22.762,20.229,16.478,14.857,17.183,21.846,27.659,36.027,44.054,50.025,44.939,39.593,38.026,34.235
14.465,12.832,10.635,10.418,12.647,16.910,21.191,25.931,26.803,26.346,22.850,20.322,16.597,14.979,17.291,21.940,27.738,36.117,44.137,50.093,45.013,39.680,38.112,34.337
14.560,12.919,10.729,10.532,12.761,17.006,21.270,26.007,26.881,26.422,22.909,20.379,16.704,15.095,17.405,22.041,27.837,36.205,44.243,50.165,45.096,39.769,38.199,34.450
14.576,12.936,10.753,10.558,12.789,17.045,21.342,26.083,26.969,26.503,22.963,20.432,16.777,15.165,17.460,22.102,27.903,36.309,44.366,50.297,45.209,39.876,38.307,34.557
14.760,13.123,10.945,10.765,12.981,17.210,21.492,26.213,27.118,26.642,23.093,20.566,16.979,15.381,17.667,22.267,28.037,36.422,44.466,50.346,45.285,39.987,38.408,34.712
14.840,13.218,11.027,10.824,13.032,17.279,21.593,26.312,27.239,26.755,23.213,20.690,17.068,15.466,17.749,22.344,28.098,36.511,44.532,50.442,45.371,40.082,38.493,34.795
14.947,13.329,11.131,10.926,13.126,17.372,21.693,26.407,27.351,26.860,23.315,20.792,17.181,15.582,17.866,22.444,28.184,36.604,44.619,50.523,45.456,40.181,38.581,34.903
15.108,13.500,11.293,11.070,13.264,17.512,21.821,26.527,27.465,26.979,23.470,20.953,17.294,15.693,17.985,22.560,28.286,36.681,44.657,50.574,45.519,40.253,38.653,34.965
15.204,13.604,11.406,11.183,13.369,17.611,21.932,26.624,27.572,27.081,23.565,21.056,17.422,15.826,18.100,22.660,28.366,36.763,44.723,50.627,45.576,40.327,38.730,35.057
15.273,13.674,11.487,11.271,13.455,17.689,22.012,26.696,27.647,27.153,23.627,21.121,17.518,15.925,18.186,22.739,28.438,36.833,44.791,50.679,45.631,40.390,38.797,35.136
15.475,13.869,11.664,11.457,13.634,17.846,22.125,26.806,27.760,27.266,23.759,21.248,17.653,16.071,18.360,22.885,28.573,36.928,44.882,50.737,45.721,40.496,38.886,35.257
15.518,13.894,11.710,11.532,13.721,17.915,22.170,26.855,27.789,27.301,23.770,21.255,17.716,16.138,18.421,22.955,28.665,37.004,44.995,50.817,45.804,40.565,38.968,35.343
15.535,13.898,11.725,11.563,13.766,17.957,22.200,26.897,27.807,27.328,23.786,21.266,17.737,16.157,18.441,22.997,28.735,37.070,45.092,50.911,45.889,40.627,39.043,35.398
15.678,14.040,11.893,11.749,13.948,18.111,22.332,27.009,27.908,27.432,23.882,21.373,17.904,16.334,18.596,23.136,28.858,37.157,45.168,50.940,45.938,40.693,39.125,35.503
15.789,14.146,12.010,11.877,14.078,18.228,22.435,27.107,27.999,27.526,23.970,21.462,18.021,16.455,18.712,23.248,28.969,37.252,45.267,51.018,46.025,40.782,39.221,35.606
15.856,14.204,12.075,11.960,14.164,18.301,22.493,27.165,28.051,27.579,24.011,21.500,18.095,16.534,18.791,23.323,29.051,37.323,45.357,51.083,46.096,40.852,39.292,35.690
15.992,14.344,12.232,12.130,14.325,18.443,22.635,27.290,28.185,27.707,24.122,21.619,18.276,16.724,18.959,23.466,29.172,37.435,45.462,51.151,46.176,40.954,39.399,35.828
16.093,14.433,12.347,12.268,14.472,18.566,22.721,27.369,28.231,27.766,24.179,21.680,18.373,16.826,19.052,23.567,29.285,37.505,45.539,51.194,46.232,41.002,39.471,35.895
16.210,14.524,12.444,12.404,14.616,18.675,22.774,27.426,28.273,27.812,24.210,21.701,18.464,16.931,19.173,23.675,29.409,37.587,45.665,51.258,46.321,41.090,39.556,36.012
16.339,14.654,12.574,12.538,14.746,18.795,22.886,27.532,28.382,27.920,24.319,21.812,18.591,17.062,19.303,23.792,29.515,37.683,45.753,51.330,46.404,41.184,39.647,36.120
16.454,14.767,12.710,12.682,14.897,18.937,23.013,27.653,28.474,28.023,24.426,21.926,18.712,17.182,19.408,23.913,29.645,37.786,45.851,51.420,46.496,41.266,39.755,36.205
16.482,14.795,12.727,12.692,14.907,18.963,23.063,27.713,28.551,28.093,24.486,21.979,18.753,17.219,19.451,23.960,29.698,37.874,45.954,51.543,46.604,41.368,39.845,36.294
16.554,14.859,12.801,12.783,15.003,19.050,23.148,27.800,28.636,28.177,24.547,22.037,18.854,17.324,19.549,24.057,29.804,37.983,46.089,51.658,46.718,41.478,39.957,36.418
16.662,14.970,12.910,12.882,15.104,19.160,23.260,27.914,28.742,28.288,24.670,22.162,18.947,17.412,19.639,24.159,29.908,38.087,46.182,51.770,46.824,41.578,40.062,36.503
16.752,15.070,13.016,12.978,15.195,19.257,23.377,28.023,28.859,28.401,24.784,22.283,19.062,17.525,19.738,24.256,29.993,38.182,46.259,51.857,46.906,41.667,40.155,36.593
16.888,15.206,13.167,13.145,15.355,19.396,23.505,28.136,28.974,28.513,24.885,22.390,19.225,17.696,19.894,24.391,30.111,38.282,46.353,51.913,46.978,41.757,40.250,36.716
16.946,15.260,13.218,13.204,15.414,19.450,23.557,28.190,29.037,28.572,24.931,22.432,19.291,17.766,19.967,24.455,30.176,38.353,46.439,51.985,47.052,41.834,40.320,36.802
17.031,15.339,13.327,13.336,15.549,19.564,23.663,28.285,29.120,28.656,24.992,22.499,19.425,17.907,20.083,24.567,30.287,38.448,46.546,52.054,47.127,41.913,40.416,36.912
17.109,15.409,13.389,13.405,15.620,19.632,23.718,28.347,29.183,28.720,25.053,22.554,19.484,17.968,20.158,24.640,30.367,38.527,46.640,52.142,47.219,42.001,40.496,36.999
17.263,15.556,13.549,13.583,15.799,19.784,23.832,28.450,29.268,28.812,25.150,22.654,19.621,18.114,20.301,24.772,30.496,38.610,46.721,52.182,47.282,42.072,40.577,37.095
17.347,15.654,13.620,13.623,15.833,19.849,23.929,28.557,29.395,28.933,25.288,22.790,19.686,18.169,20.370,24.847,30.567,38.716,46.809,52.322,47.405,42.193,40.682,37.182
17.420,15.730,13.704,13.713,15.919,19.931,24.026,28.647,29.497,29.028,25.366,22.871,19.800,18.286,20.472,24.939,30.648,38.810,46.904,52.405,47.486,42.284,40.773,37.289
17.608,15.917,13.902,13.927,16.125,20.113,24.195,28.800,29.660,29.185,25.509,23.018,20.012,18.510,20.684,25.121,30.809,38.954,47.044,52.500,47.601,42.423,40.910,37.467
17.773,16.083,14.079,14.114,16.307,20.277,24.344,28.935,29.792,29.317,25.641,23.156,20.184,18.689,20.854,25.275,30.949,39.070,47.149,52.575,47.692,42.529,41.021,37.596
17.867,16.175,14.165,14.201,16.394,20.367,24.434,29.029,29.889,29.414,25.737,23.248,20.271,18.776,20.947,25.369,31.048,39.173,47.260,52.690,47.805,42.639,41.125,37.701
18.050,16.345,14.351,14.417,16.610,20.548,24.579,29.164,30.017,29.542,25.851,23.362,20.459,18.978,21.145,25.546,31.220,39.309,47.411,52.782,47.922,42.768,41.258,37.870
18.128,16.433,14.424,14.481,16.664,20.615,24.679,29.264,30.152,29.662,25.956,23.466,20.569,19.088,21.253,25.637,31.296,39.425,47.528,52.909,48.040,42.899,41.370,38.003
18.257,16.555,14.524,14.585,16.767,20.717,24.776,29.371,30.277,29.780,26.069,23.567,20.674,19.197,21.385,25.757,31.419,39.559,47.683,53.059,48.195,43.056,41.503,38.158
18.405,16.690,14.669,14.755,16.941,20.870,24.899,29.494,30.387,29.894,26.171,23.665,20.821,19.352,21.541,25.907,31.578,39.693,47.841,53.178,48.328,43.188,41.639,38.311
18.526,16.813,14.825,14.930,17.112,21.019,25.051,29.625,30.518,30.021,26.272,23.778,21.012,19.551,21.705,26.055,31.708,39.813,47.957,53.253,48.410,43.287,41.755,38.452
18.581,16.873,14.888,14.992,17.171,21.085,25.143,29.716,30.626,30.121,26.353,23.860,21.112,19.651,21.792,26.137,31.784,39.918,48.067,53.367,48.514,43.395,41.860,38.565
18.678,16.974,14.999,15.107,17.282,21.200,25.287,29.856,30.782,30.268,26.473,23.982,21.272,19.812,21.932,26.270,31.909,40.073,48.230,53.525,48.661,43.549,42.014,38.733
18.834,17.126,15.131,15.236,17.411,21.329,25.402,29.979,30.911,30.395,26.612,24.114,21.383,19.924,22.068,26.402,32.045,40.203,48.367,53.664,48.808,43.695,42.144,38.869
19.005,17.299,15.301,15.417,17.581,21.482,25.550,30.115,31.069,30.543,26.748,24.250,21.570,20.123,22.263,26.563,32.182,40.337,48.498,53.760,48.920,43.833,42.269,39.039
19.067,17.368,15.367,15.481,17.639,21.559,25.687,30.256,31.251,30.706,26.869,24.367,21.719,20.270,22.393,26.685,32.297,40.523,48.707,53.984,49.119,44.036,42.456,39.245
19.264,17.571,15.554,15.654,17.806,21.733,25.863,30.432,31.437,30.888,27.068,24.566,21.887,20.438,22.572,26.856,32.459,40.686,48.853,54.142,49.281,44.206,42.614,39.407
19.390,17.703,15.706,15.799,17.956,21.887,26.022,30.585,31.567,31.029,27.218,24.726,22.027,20.570,22.686,26.992,32.599,40.815,48.963,54.268,49.398,44.314,42.747,39.506
19.534,17.839,15.835,15.944,18.098,22.018,26.147,30.712,31.713,31.165,27.333,24.834,22.182,20.734,22.857,27.141,32.744,40.969,49.142,54.418,49.557,44.482,42.898,39.694
19.760,18.087,16.124,16.226,18.369,22.287,26.453,30.986,31.987,31.437,27.594,25.120,22.501,21.053,23.119,27.398,32.968,41.196,49.322,54.593,49.725,44.672,43.119,39.911
20.039,18.385,16.394,16.453,18.590,22.546,26.749,31.291,32.307,31.754,27.943,25.470,22.749,21.286,23.364,27.657,33.221,41.482,49.572,54.913,50.026,44.969,43.404,40.162
20.336,18.717,16.736,16.747,18.870,22.845,27.075,31.589,32.596,32.051,28.293,25.846,23.037,21.563,23.613,27.913,33.438,41.682,49.672,55.062,50.173,45.136,43.594,40.310
20.607,19.001,17.013,16.981,19.115,23.134,27.389,31.917,32.896,32.366,28.651,26.210,23.268,21.769,23.825,28.179,33.725,41.983,49.940,55.418,50.497,45.427,43.905,40.534
21.069,19.492,17.433,17.318,19.439,23.512,27.777,32.318,33.304,32.782,29.175,26.734,23.556,22.036,24.150,28.523,34.055,42.311,50.176,55.772,50.846,45.775,44.225,40.789
21.324,19.767,17.743,17.614,19.730,23.808,28.102,32.619,33.594,33.076,29.472,27.052,23.876,22.350,24.418,28.799,34.309,42.563,50.381,55.989,51.053,45.992,44.474,41.016
21.729,20.181,18.129,17.955,20.079,24.194,28.486,33.021,33.968,33.468,29.929,27.509,24.175,22.628,24.728,29.155,34.685,42.930,50.710,56.401,51.451,46.360,44.847,41.312
22.350,20.851,18.743,18.458,20.565,24.739,29.040,33.567,34.498,34.019,30.630,28.229,24.603,23.027,25.168,29.623,35.120,43.328,50.949,56.781,51.831,46.747,45.232,41.597
22.585,21.098,18.971,18.636,20.755,24.993,29.350,33.905,34.825,34.354,30.994,28.591,24.814,23.209,25.360,29.879,35.407,43.673,51.281,57.229,52.226,47.098,45.590,41.862
22.902,21.395,19.232,18.902,21.035,25.282,29.615,34.205,35.123,34.654,31.298,28.871,25.058,23.450,25.651,30.185,35.753,44.029,51.689,57.652,52.645,47.488,45.955,42.220
23.334,21.909,19.659,19.175,21.275,25.673,30.217,34.824,35.848,35.343,32.043,29.623,25.517,23.860,26.063,30.626,36.145,44.619,52.164,58.376,53.273,48.123,46.537,42.716
23.739,22.284,20.032,19.556,21.702,26.160,30.764,35.441,36.445,35.946,32.584,30.133,25.985,24.299,26.515,31.175,36.799,45.387,53.059,59.359,54.169,48.920,47.342,43.434
24.735,23.316,21.066,20.456,22.649,27.259,31.969,36.700,37.598,37.156,33.909,31.474,26.903,25.131,27.342,32.211,37.928,46.586,54.174,60.777,55.458,50.075,48.582,44.362
25.596,24.189,21.987,21.298,23.556,28.300,33.132,37.925,38.712,38.320,35.099,32.674,27.825,25.974,28.141,33.228,39.070,47.836,55.428,62.282,56.812,51.274,49.884,45.376
26.823,25.387,23.091,22.145,24.609,29.762,34.774,39.866,40.352,40.115,37.110,34.614,28.675,26.596,28.928,34.640,40.939,49.961,57.667,65.311,59.465,53.421,52.169,46.840
