-4.327,-4.637,-0.825,3.077,6.700,12.970,30.564,47.480,51.626,47.314,43.911,41.808,41.364,41.688,41.180,39.738,40.960,42.347,35.157,26.810,17.945,11.901,6.294,-2.083
1.524,0.885,3.694,7.411,10.892,17.007,33.472,49.082,52.779,48.849,45.702,43.907,43.388,43.978,43.598,42.343,43.210,44.715,37.894,30.365,22.347,16.919,11.744,4.236
4.459,4.116,5.800,9.293,13.500,19.327,33.704,49.646,52.840,49.242,46.586,45.142,44.094,44.567,45.184,44.064,43.773,46.491,39.909,32.844,25.626,20.873,15.537,8.325
6.278,5.872,7.525,10.909,14.897,20.723,34.968,50.199,53.136,49.801,47.199,45.766,44.778,45.285,45.775,44.721,44.464,47.060,40.601,33.831,26.807,22.152,16.966,10.095
7.947,7.338,8.732,12.099,15.908,21.553,35.496,50.249,53.213,49.831,47.245,45.916,45.010,45.657,46.045,45.014,44.878,47.226,40.966,34.401,27.619,23.148,18.255,11.620
9.272,8.624,10.005,13.289,16.927,22.512,36.081,50.251,53.320,49.994,47.475,46.244,45.393,46.059,46.351,45.361,45.277,47.500,41.368,35.011,28.385,23.999,19.245,12.849
10.222,9.436,10.433,13.768,17.480,22.801,36.285,50.482,53.380,50.103,47.558,46.312,45.444,46.221,46.625,45.613,45.517,47.690,41.717,35.371,28.940,24.756,20.193,13.779
10.999,10.278,11.177,14.408,18.137,23.559,36.648,50.606,53.438,50.232,47.815,46.662,45.720,46.461,46.950,46.009,45.694,48.085,42.118,35.997,29.719,25.619,20.998,14.816
11.823,11.111,12.058,15.234,18.851,24.151,37.044,50.710,53.447,50.362,47.972,46.826,45.932,46.656,47.090,46.156,45.915,48.187,42.343,36.312,30.123,26.075,21.564,15.477
12.562,11.887,12.852,15.970,19.528,24.678,37.283,50.736,53.459,50.416,48.067,46.941,46.069,46.761,47.195,46.265,46.050,48.262,42.548,36.594,30.507,26.530,22.109,16.091
13.088,12.367,13.307,16.394,19.868,25.076,37.728,50.938,53.626,50.584,48.246,47.118,46.267,46.989,47.360,46.462,46.252,48.429,42.724,36.887,30.857,26.902,22.519,16.644
13.501,12.792,13.723,16.780,20.231,25.416,37.973,51.078,53.741,50.716,48.401,47.280,46.429,47.141,47.515,46.629,46.403,48.504,42.916,37.136,31.156,27.232,22.871,17.054
13.851,13.284,14.355,17.345,20.803,25.894,38.235,51.332,53.960,50.960,48.694,47.548,46.684,47.291,47.561,46.738,46.568,48.584,43.126,37.426,31.465,27.544,23.157,17.327
14.019,13.503,14.663,17.636,21.084,26.160,38.493,51.602,54.236,51.227,48.965,47.690,46.937,47.504,47.713,46.825,46.784,48.796,43.195,37.631,31.646,27.701,23.296,17.445
14.657,14.098,15.234,18.187,21.555,26.590,38.862,51.725,54.378,51.350,48.997,47.796,47.157,47.750,47.921,47.028,47.037,49.009,43.416,37.760,31.844,27.815,23.780,18.017
14.922,14.366,15.521,18.457,21.790,26.789,39.007,51.755,54.426,51.393,49.136,47.982,47.209,47.829,48.114,47.231,47.112,49.175,43.642,37.931,32.009,28.103,23.825,18.232
15.164,14.600,15.777,18.702,21.995,26.983,39.199,51.809,54.495,51.454,49.205,48.051,47.243,47.856,48.175,47.295,47.124,49.224,43.728,38.045,32.148,28.257,23.965,18.430
15.396,14.814,15.958,18.890,22.178,27.087,39.203,51.898,54.511,51.566,49.315,48.158,47.367,47.956,48.271,47.393,47.253,49.310,43.834,38.174,32.288,28.399,24.134,18.554
15.622,15.025,16.152,19.129,22.241,27.290,39.470,51.917,54.536,51.583,49.332,48.197,47.418,48.019,48.337,47.449,47.340,49.351,43.922,38.252,32.394,28.536,24.322,18.602
15.792,15.122,16.208,19.172,22.360,27.354,39.625,52.056,54.681,51.734,49.476,48.326,47.573,48.180,48.445,47.564,47.495,49.453,44.028,38.390,32.530,28.659,24.465,18.789
15.848,15.210,16.335,19.290,22.532,27.479,39.632,52.211,54.791,51.871,49.627,48.478,47.710,48.308,48.592,47.720,47.613,49.614,44.185,38.571,32.728,28.866,24.655,19.004
15.947,15.346,16.382,19.299,22.616,27.585,39.663,52.237,54.820,51.910,49.670,48.535,47.766,48.380,48.661,47.796,47.675,49.654,44.257,38.678,32.860,29.014,24.810,19.198
16.231,15.599,16.427,19.370,22.812,27.724,39.685,52.239,54.845,51.916,49.680,48.539,47.801,48.428,48.664,47.802,47.743,49.688,44.274,38.717,32.923,29.092,24.959,19.378
16.254,15.634,16.476,19.380,22.836,27.758,39.690,52.269,54.867,51.917,49.703,48.608,47.809,48.430,48.785,47.921,47.745,49.799,44.422,38.856,33.112,29.337,25.166,19.550
16.260,15.646,16.579,19.497,22.858,27.793,39.737,52.363,54.922,52.026,49.813,48.715,47.911,48.542,48.898,48.037,47.850,49.919,44.515,38.948,33.193,29.410,25.224,19.612
16.263,15.668,16.684,19.593,22.880,27.805,39.785,52.527,55.042,52.164,49.973,48.894,48.029,48.655,49.107,48.252,47.949,50.161,44.715,39.134,33.389,29.624,25.371,19.729
16.274,15.674,16.693,19.593,22.888,27.809,39.791,52.540,55.055,52.181,50.002,48.959,48.050,48.699,49.232,48.374,47.994,50.295,44.831,39.230,33.510,29.783,25.509,19.833
16.297,15.682,16.744,19.604,22.896,27.852,39.845,52.584,55.077,52.229,50.051,49.030,48.098,48.767,49.308,48.468,48.063,50.360,44.927,39.309,33.598,29.889,25.605,19.906
16.332,15.693,16.788,19.642,22.926,27.936,39.947,52.622,55.112,52.255,50.086,49.045,48.161,48.823,49.340,48.481,48.113,50.407,44.934,39.415,33.747,30.045,25.822,20.243
16.694,16.060,16.838,19.753,23.168,28.116,40.097,52.683,55.179,52.321,50.143,49.106,48.242,48.929,49.376,48.541,48.217,50.416,44.999,39.505,33.851,30.155,25.967,20.263
16.885,16.226,16.979,19.893,23.280,28.234,40.123,52.824,55.296,52.440,50.284,49.252,48.345,49.012,49.529,48.698,48.290,50.595,45.154,39.652,34.003,30.315,26.058,20.425
16.898,16.252,16.988,19.906,23.338,28.313,40.183,52.852,55.317,52.472,50.320,49.296,48.391,49.063,49.580,48.750,48.345,50.640,45.214,39.726,34.095,30.422,26.072,20.509
17.029,16.387,17.097,20.007,23.445,28.405,40.208,53.025,55.473,52.653,50.496,49.531,48.490,49.189,49.764,48.946,48.472,50.837,45.414,39.808,34.108,30.444,26.195,20.646
17.299,16.703,17.529,20.400,23.782,28.770,40.592,53.158,55.628,52.749,50.605,49.544,48.657,49.289,49.832,49.017,48.557,50.903,45.482,39.966,34.322,30.619,26.377,20.876
17.419,16.811,17.617,20.487,23.863,28.856,40.677,53.215,55.682,52.804,50.662,49.606,48.719,49.361,49.921,49.086,48.626,51.007,45.492,40.049,34.417,30.722,26.489,21.006
17.527,16.928,17.700,20.560,23.955,28.971,40.719,53.281,55.713,52.862,50.741,49.691,48.784,49.423,49.948,49.117,48.677,51.055,45.579,40.174,34.565,30.886,26.634,21.179
17.629,17.018,17.732,20.598,24.020,29.004,40.760,53.298,55.744,52.866,50.744,49.715,48.797,49.447,49.975,49.168,48.710,51.058,45.641,40.234,34.651,30.999,26.761,21.297
17.677,17.072,17.764,20.633,24.081,29.068,40.764,53.369,55.794,52.948,50.834,49.811,48.879,49.528,50.079,49.273,48.789,51.166,45.745,40.331,34.751,31.104,26.853,21.377
17.760,17.163,17.858,20.719,24.165,29.182,40.869,53.487,55.898,53.048,50.940,49.911,48.972,49.617,50.169,49.371,48.867,51.267,45.834,40.440,34.862,31.212,26.944,21.492
17.889,17.310,17.959,20.810,24.293,29.283,40.889,53.507,55.901,53.065,50.980,49.967,49.005,49.641,50.243,49.447,48.895,51.346,45.929,40.547,35.003,31.385,27.112,21.661
17.953,17.375,17.980,20.835,24.348,29.323,40.898,53.524,55.907,53.085,51.009,50.011,49.033,49.670,50.306,49.509,48.927,51.411,45.999,40.616,35.090,31.491,27.215,21.756
17.970,17.406,17.988,20.843,24.391,29.375,40.898,53.609,55.975,53.161,51.095,50.101,49.103,49.734,50.402,49.608,48.987,51.520,46.096,40.707,35.184,31.590,27.291,21.820
18.039,17.492,18.006,20.875,24.497,29.468,40.901,53.718,56.079,53.272,51.210,50.219,49.210,49.831,50.523,49.725,49.088,51.644,46.220,40.818,35.293,31.701,27.390,21.898
18.056,17.502,18.072,20.927,24.502,29.470,40.961,53.746,56.090,53.303,51.250,50.280,49.244,49.875,50.619,49.819,49.134,51.746,46.314,40.897,35.388,31.820,27.495,21.979
18.158,17.608,18.099,20.957,24.586,29.579,41.014,53.835,56.169,53.374,51.330,50.360,49.314,49.945,50.695,49.905,49.192,51.833,46.393,41.004,35.508,31.945,27.608,22.124
18.239,17.703,18.153,21.004,24.666,29.668,41.049,53.897,56.207,53.420,51.395,50.434,49.363,49.988,50.779,49.997,49.228,51.931,46.486,41.115,35.643,32.099,27.742,22.270
18.352,17.842,18.290,21.125,24.806,29.813,41.149,54.008,56.302,53.516,51.508,50.546,49.459,50.066,50.885,50.109,49.301,52.050,46.604,41.250,35.791,32.256,27.879,22.418
18.443,17.965,18.442,21.260,24.944,29.969,41.296,54.154,56.439,53.643,51.647,50.675,49.578,50.163,50.992,50.221,49.388,52.171,46.720,41.379,35.921,32.379,27.977,22.529
18.591,18.109,18.646,21.450,25.079,30.144,41.566,54.327,56.628,53.799,51.795,50.799,49.725,50.308,51.082,50.321,49.521,52.263,46.803,41.492,36.019,32.452,28.053,22.649
18.705,18.209,18.771,21.571,25.160,30.248,41.730,54.420,56.731,53.885,51.873,50.867,49.811,50.401,51.136,50.380,49.606,52.314,46.851,41.561,36.084,32.505,28.118,22.745
18.771,18.266,18.873,21.673,25.233,30.375,41.975,54.638,56.969,54.087,52.061,51.034,49.991,50.584,51.279,50.528,49.775,52.463,46.971,41.685,36.177,32.566,28.165,22.807
18.913,18.448,19.130,21.903,25.437,30.597,42.200,54.829,57.160,54.257,52.240,51.190,50.151,50.712,51.391,50.648,49.894,52.587,47.095,41.833,36.316,32.687,28.266,22.935
18.942,18.482,19.136,21.916,25.482,30.625,42.211,54.873,57.197,54.308,52.295,51.255,50.203,50.764,51.473,50.724,49.951,52.670,47.179,41.898,36.385,32.766,28.339,22.982
19.023,18.585,19.221,21.998,25.596,30.712,42.215,54.932,57.241,54.370,52.370,51.338,50.270,50.818,51.564,50.813,50.012,52.765,47.284,41.995,36.494,32.889,28.454,23.078
19.113,18.658,19.291,22.071,25.658,30.801,42.351,55.052,57.367,54.483,52.477,51.442,50.378,50.937,51.667,50.920,50.123,52.870,47.375,42.095,36.589,32.978,28.541,23.180
19.332,18.892,19.629,22.379,25.885,31.047,42.663,55.218,57.548,54.634,52.624,51.558,50.529,51.069,51.729,50.991,50.246,52.929,47.448,42.208,36.692,33.054,28.632,23.326
19.404,18.959,19.700,22.449,25.948,31.146,42.813,55.355,57.688,54.758,52.745,51.673,50.642,51.186,51.837,51.104,50.353,53.044,47.544,42.316,36.794,33.146,28.712,23.423
19.452,19.006,19.744,22.494,26.001,31.236,42.948,55.508,57.842,54.895,52.883,51.805,50.766,51.312,51.965,51.237,50.468,53.183,47.660,42.435,36.904,33.247,28.792,23.509
19.559,19.128,19.890,22.637,26.140,31.355,43.045,55.608,57.944,55.001,52.989,51.908,50.873,51.407,52.060,51.328,50.569,53.275,47.763,42.530,36.995,33.334,28.882,23.587
19.610,19.192,19.945,22.695,26.224,31.421,43.074,55.688,58.018,55.087,53.079,52.002,50.958,51.484,52.161,51.425,50.652,53.378,47.868,42.617,37.081,33.425,28.964,23.645
19.685,19.271,20.029,22.787,26.327,31.507,43.153,55.806,58.142,55.216,53.204,52.128,51.083,51.607,52.290,51.547,50.781,53.504,47.995,42.720,37.173,33.514,29.052,23.704
19.859,19.437,20.253,22.995,26.475,31.702,43.446,55.989,58.339,55.379,53.359,52.260,51.239,51.763,52.388,51.656,50.922,53.604,48.086,42.848,37.290,33.606,29.149,23.855
19.935,19.518,20.356,23.094,26.567,31.825,43.618,56.154,58.509,55.530,53.508,52.398,51.378,51.897,52.512,51.784,51.047,53.736,48.201,42.970,37.400,33.701,29.228,23.945
19.998,19.594,20.458,23.192,26.666,31.952,43.786,56.338,58.697,55.700,53.678,52.556,51.532,52.042,52.654,51.929,51.183,53.888,48.335,43.103,37.516,33.802,29.307,24.023
20.090,19.686,20.539,23.277,26.757,32.014,43.806,56.368,58.724,55.743,53.722,52.608,51.584,52.094,52.715,51.985,51.244,53.942,48.404,43.162,37.583,33.878,29.394,24.097
20.260,19.839,20.706,23.438,26.878,32.136,43.955,56.434,58.797,55.810,53.784,52.666,51.661,52.182,52.767,52.040,51.331,53.985,48.458,43.238,37.665,33.960,29.502,24.235
20.346,19.947,20.863,23.592,27.015,32.261,44.080,56.545,58.915,55.923,53.896,52.765,51.770,52.271,52.842,52.112,51.423,54.059,48.541,43.315,37.730,34.010,29.551,24.278
20.389,19.978,20.870,23.598,27.046,32.310,44.144,56.658,59.026,56.033,54.004,52.881,51.873,52.385,52.975,52.245,51.534,54.197,48.660,43.425,37.837,34.120,29.648,24.363
20.489,20.067,20.930,23.669,27.123,32.406,44.261,56.780,59.147,56.150,54.119,52.999,51.987,52.509,53.100,52.374,51.652,54.325,48.777,43.547,37.960,34.245,29.768,24.491
20.681,20.275,21.271,23.991,27.362,32.657,44.613,57.019,59.417,56.385,54.338,53.179,52.210,52.711,53.221,52.495,51.851,54.439,48.898,43.678,38.055,34.295,29.831,24.577
20.826,20.418,21.403,24.120,27.491,32.761,44.673,57.065,59.456,56.439,54.396,53.245,52.277,52.778,53.293,52.566,51.925,54.505,48.982,43.766,38.157,34.410,29.961,24.709
20.889,20.476,21.454,24.175,27.558,32.903,44.911,57.331,59.727,56.676,54.630,53.468,52.488,52.995,53.510,52.793,52.120,54.743,49.172,43.964,38.337,34.571,30.082,24.845
21.003,20.581,21.540,24.264,27.652,33.018,45.049,57.474,59.869,56.812,54.765,53.605,52.620,53.136,53.653,52.939,52.255,54.890,49.306,44.104,38.478,34.711,30.216,24.988
21.144,20.720,21.625,24.362,27.803,33.183,45.215,57.614,60.005,56.942,54.901,53.736,52.750,53.259,53.773,53.064,52.372,55.015,49.431,44.245,38.623,34.856,30.356,25.146
21.155,20.741,21.665,24.392,27.807,33.213,45.266,57.785,60.171,57.105,55.063,53.911,52.895,53.418,53.977,53.267,52.524,55.233,49.610,44.399,38.767,35.002,30.466,25.224
21.183,20.809,21.713,24.427,27.918,33.328,45.268,57.910,60.260,57.210,55.200,54.060,52.992,53.488,54.139,53.433,52.588,55.422,49.788,44.573,38.962,35.221,30.631,25.367
21.349,20.964,21.847,24.570,28.063,33.501,45.507,58.096,60.457,57.388,55.370,54.218,53.165,53.665,54.282,53.581,52.758,55.565,49.922,44.723,39.102,35.346,30.760,25.520
21.468,21.089,21.947,24.662,28.171,33.643,45.648,58.237,60.584,57.506,55.501,54.350,53.279,53.778,54.414,53.724,52.857,55.713,50.054,44.880,39.273,35.523,30.916,25.702
21.521,21.140,21.972,24.695,28.235,33.745,45.785,58.436,60.781,57.692,55.686,54.536,53.448,53.952,54.608,53.921,53.020,55.921,50.231,45.049,39.432,35.677,31.039,25.817
21.746,21.381,22.309,25.003,28.474,34.058,46.226,58.753,61.112,57.970,55.961,54.773,53.706,54.193,54.786,54.115,53.236,56.113,50.402,45.270,39.633,35.839,31.184,26.031
21.859,21.489,22.376,25.071,28.562,34.142,46.269,58.809,61.156,58.025,56.025,54.849,53.769,54.262,54.878,54.210,53.304,56.208,50.499,45.375,39.757,35.981,31.325,26.177
21.989,21.585,22.471,25.174,28.643,34.324,46.623,59.134,61.499,58.318,56.301,55.110,54.035,54.552,55.128,54.474,53.567,56.473,50.707,45.606,39.961,36.155,31.475,26.366
22.123,21.691,22.577,25.292,28.745,34.474,46.876,59.376,61.757,58.552,56.519,55.321,54.254,54.790,55.338,54.687,53.794,56.685,50.891,45.789,40.124,36.300,31.615,26.517
22.318,21.859,22.634,25.422,28.894,34.669,46.959,59.642,62.003,58.818,56.768,55.546,54.502,55.055,55.538,54.899,54.037,56.889,51.063,45.992,40.304,36.448,31.760,26.713
22.482,21.980,22.660,25.464,28.977,34.698,47.172,59.660,62.050,58.852,56.800,55.623,54.564,55.153,55.685,55.033,54.158,57.017,51.211,46.109,40.453,36.643,31.988,26.898
22.536,22.007,22.781,25.497,28.991,34.720,47.189,59.664,62.068,58.870,56.829,55.710,54.602,55.223,55.864,55.197,54.251,57.190,51.391,46.232,40.612,36.862,32.210,27.039
22.708,22.204,22.784,25.527,29.188,34.904,47.195,59.878,62.224,59.084,57.054,55.939,54.813,55.437,56.098,55.442,54.450,57.438,51.622,46.491,40.887,37.146,32.473,27.332
22.759,22.230,22.821,25.603,29.201,34.970,47.201,60.144,62.451,59.319,57.315,56.227,55.018,55.640,56.437,55.785,54.636,57.821,51.940,46.776,41.177,37.460,32.693,27.496
23.047,22.551,22.836,25.636,29.475,35.197,47.255,60.215,62.456,59.388,57.430,56.397,55.125,55.754,56.674,56.030,54.755,58.071,52.214,47.078,41.568,37.935,33.161,27.971
23.241,22.786,23.171,25.948,29.761,35.529,47.603,60.605,62.858,59.749,57.792,56.723,55.458,56.054,56.947,56.309,55.039,58.361,52.482,47.356,41.813,38.140,33.329,28.154
23.679,23.145,23.500,26.306,30.061,35.795,47.916,60.828,63.108,60.014,58.025,56.971,55.749,56.397,57.225,56.578,55.400,58.600,52.747,47.613,42.072,38.407,33.673,28.503
23.942,23.454,23.909,26.714,30.461,36.093,48.138,61.098,63.396,60.327,58.331,57.265,56.066,56.674,57.496,56.822,55.711,58.848,53.042,47.841,42.269,38.586,33.872,28.620
24.602,24.088,24.650,27.448,31.069,36.588,48.615,61.376,63.708,60.664,58.641,57.566,56.446,57.059,57.771,57.079,56.134,59.066,53.348,48.143,42.571,38.882,34.280,29.036
25.168,24.597,25.280,28.076,31.545,37.081,49.304,61.833,64.223,61.138,59.069,57.959,56.925,57.564,58.118,57.426,56.640,59.378,53.676,48.495,42.885,39.148,34.620,29.432
25.357,24.738,25.333,28.165,31.683,37.339,49.722,62.355,64.754,61.629,59.545,58.439,57.376,58.057,58.629,57.947,57.103,59.914,54.124,48.935,43.297,39.543,34.961,29.774
25.883,25.222,25.706,28.708,32.253,38.280,51.266,63.986,66.452,63.135,61.000,59.818,58.736,59.450,59.944,59.299,58.394,61.309,55.284,50.109,44.326,40.430,35.679,30.549
26.073,25.337,25.880,28.740,32.514,38.733,51.958,65.330,67.813,64.457,62.282,61.147,59.938,60.736,61.414,60.751,59.646,62.842,56.592,51.231,45.338,41.412,36.479,31.140
28.151,26.915,28.088,31.197,34.013,40.477,55.453,67.528,70.502,66.793,64.213,62.827,62.208,63.265,62.822,62.124,62.174,64.003,57.718,52.357,46.049,41.695,37.210,32.106
29.524,28.126,28.981,32.343,35.476,41.915,57.082,70.027,73.091,69.431,66.733,65.437,64.748,65.947,65.667,64.871,64.916,66.815,60.368,54.602,48.109,43.722,39.171,33.617
