4.340,1.008,-0.052,0.825,0.356,5.034,13.955,29.717,33.358,28.774,25.803,23.847,19.780,19.575,18.325,19.201,20.528,22.510,11.161,5.488,2.216,-3.579,-5.051,-17.817
20.575,18.146,17.282,16.733,16.792,20.201,27.919,38.638,40.694,37.023,35.179,34.567,32.669,30.943,29.437,29.695,30.429,32.289,25.958,22.123,18.477,14.606,12.959,3.993
23.503,21.257,20.402,19.680,19.767,22.919,30.495,40.194,41.350,38.361,36.762,35.957,34.865,32.411,30.960,30.843,31.024,32.528,28.347,25.082,21.283,17.614,15.891,7.496
25.800,23.685,22.909,22.364,22.385,25.273,32.276,41.174,41.797,39.084,37.766,36.250,35.711,32.688,31.150,31.206,31.776,33.591,28.753,27.111,23.467,19.154,17.556,9.535
26.457,24.426,23.634,23.055,23.088,25.947,32.846,41.285,42.710,39.555,38.098,37.523,36.236,34.214,32.855,32.821,33.320,34.958,30.129,27.279,23.739,20.225,18.606,10.697
26.707,25.240,24.045,23.866,23.553,26.326,33.503,41.649,43.043,39.962,38.514,37.948,36.716,34.692,33.315,33.339,33.838,35.468,30.716,27.846,24.386,20.961,19.391,11.681
27.206,25.299,24.475,24.007,23.906,26.739,33.567,42.044,43.397,40.428,38.977,38.392,37.228,35.204,33.801,33.920,34.424,36.043,31.351,28.439,25.103,21.777,20.283,12.820
27.991,26.131,25.321,24.708,24.752,27.522,34.153,42.482,43.549,40.806,39.475,38.911,37.796,35.787,34.404,34.517,35.006,36.595,32.042,29.201,25.921,22.675,21.206,13.921
28.799,27.038,26.228,25.529,25.621,28.346,34.795,42.486,43.791,40.888,39.566,39.142,38.320,36.131,34.757,34.750,35.144,36.682,32.847,29.928,26.779,23.723,22.329,15.374
29.093,27.354,26.586,25.845,25.932,28.493,34.893,42.859,44.120,41.350,39.947,39.469,38.390,36.444,35.040,35.244,35.748,37.331,32.858,30.314,27.046,24.036,22.550,15.780
29.180,27.427,26.640,25.985,26.060,28.732,35.079,43.034,44.181,41.515,40.164,39.656,38.607,36.694,35.333,35.501,35.935,37.338,33.144,30.350,27.200,24.160,22.776,15.886
29.580,27.826,27.050,26.419,26.485,29.133,35.437,43.056,44.323,41.535,40.282,39.675,38.701,36.776,35.577,35.546,35.988,37.533,33.349,30.719,27.617,24.579,23.196,16.325
29.855,28.075,27.339,26.793,26.825,29.402,35.512,43.351,44.625,41.854,40.498,40.002,38.937,37.038,35.698,35.845,36.324,37.852,33.499,31.033,27.947,24.863,23.471,16.614
29.893,28.165,27.441,27.000,26.972,29.444,35.610,43.445,44.669,41.933,40.626,40.102,39.040,37.174,35.908,35.964,36.412,37.887,33.645,31.044,27.962,24.884,23.487,16.687
30.260,28.497,27.759,27.133,27.198,29.764,35.954,43.625,44.816,42.107,40.823,40.357,39.363,37.451,36.156,36.228,36.668,38.152,34.041,31.440,28.341,25.339,23.927,17.141
30.261,28.527,27.787,27.166,27.229,29.780,35.994,43.739,44.940,42.198,40.910,40.452,39.448,37.520,36.221,36.274,36.714,38.208,34.081,31.476,28.347,25.371,23.982,17.263
30.482,28.738,28.003,27.383,27.444,29.989,36.173,43.844,45.024,42.310,41.034,40.572,39.586,37.661,36.370,36.422,36.856,38.338,34.256,31.682,28.569,25.585,24.184,17.453
30.569,28.818,28.086,27.421,27.509,30.069,36.260,43.965,45.190,42.446,41.158,40.750,39.741,37.842,36.534,36.611,37.059,38.558,34.440,31.789,28.680,25.740,24.343,17.639
30.777,29.046,28.304,27.648,27.728,30.287,36.471,44.142,45.349,42.627,41.338,40.904,39.912,37.998,36.687,36.774,37.220,38.716,34.605,31.963,28.866,25.919,24.531,17.840
30.896,29.191,28.434,27.732,27.828,30.395,36.601,44.226,45.420,42.704,41.413,40.998,40.041,38.085,36.743,36.854,37.301,38.814,34.736,32.062,28.957,26.038,24.652,18.011
31.072,29.373,28.619,27.951,28.031,30.585,36.755,44.354,45.535,42.841,41.556,41.113,40.154,38.213,36.890,36.994,37.436,38.933,34.859,32.221,29.138,26.206,24.828,18.190
31.194,29.494,28.755,28.066,28.184,30.725,36.823,44.420,45.639,42.949,41.659,41.236,40.236,38.373,37.069,37.188,37.642,39.126,35.009,32.342,29.311,26.417,25.063,18.472
31.298,29.562,28.838,28.098,28.220,30.792,36.929,44.547,45.754,43.032,41.764,41.370,40.382,38.488,37.188,37.257,37.697,39.184,35.133,32.519,29.427,26.521,25.130,18.498
31.304,29.564,28.839,28.170,28.261,30.810,36.959,44.618,45.806,43.092,41.815,41.435,40.497,38.535,37.190,37.294,37.737,39.251,35.232,32.532,29.456,26.577,25.189,18.606
31.381,29.683,28.933,28.201,28.311,30.863,37.050,44.704,46.050,43.257,41.935,41.652,40.579,38.783,37.436,37.608,38.103,39.635,35.401,32.565,29.487,26.688,25.331,18.764
31.655,29.932,29.221,28.517,28.635,31.159,37.224,44.812,46.069,43.345,42.070,41.734,40.715,38.894,37.595,37.701,38.160,39.647,35.564,32.875,29.839,27.016,25.654,19.127
31.736,30.000,29.297,28.599,28.718,31.238,37.296,44.903,46.169,43.437,42.164,41.835,40.802,38.998,37.707,37.805,38.264,39.748,35.658,32.972,29.935,27.112,25.748,19.211
31.852,30.121,29.415,28.742,28.847,31.361,37.415,45.008,46.255,43.538,42.269,41.911,40.887,39.073,37.791,37.879,38.333,39.808,35.727,33.075,30.040,27.194,25.830,19.277
31.960,30.235,29.530,28.853,28.961,31.473,37.507,45.086,46.341,43.628,42.357,42.007,40.978,39.179,37.898,37.996,38.453,39.926,35.840,33.175,30.156,27.327,25.971,19.444
32.093,30.363,29.665,29.005,29.107,31.606,37.622,45.190,46.436,43.730,42.467,42.110,41.080,39.289,38.021,38.103,38.554,40.017,35.949,33.317,30.299,27.463,26.105,19.575
32.183,30.454,29.761,29.106,29.207,31.699,37.695,45.249,46.495,43.794,42.535,42.179,41.146,39.367,38.105,38.185,38.636,40.094,36.031,33.406,30.399,27.569,26.215,19.699
32.300,30.585,29.884,29.210,29.317,31.816,37.819,45.355,46.599,43.903,42.640,42.289,41.268,39.475,38.199,38.296,38.749,40.215,36.155,33.508,30.503,27.687,26.337,19.844
32.358,30.637,29.937,29.240,29.359,31.864,37.885,45.436,46.692,43.979,42.714,42.386,41.365,39.567,38.281,38.381,38.837,40.312,36.253,33.582,30.565,27.761,26.406,19.916
32.427,30.691,30.005,29.317,29.438,31.935,37.927,45.496,46.772,44.050,42.788,42.476,41.429,39.671,38.402,38.493,38.953,40.421,36.345,33.674,30.669,27.877,26.525,20.038
32.506,30.767,30.080,29.394,29.513,32.013,38.016,45.595,46.871,44.146,42.882,42.567,41.519,39.757,38.486,38.576,39.036,40.505,36.424,33.753,30.743,27.944,26.588,20.089
32.612,30.877,30.194,29.520,29.636,32.127,38.099,45.662,46.940,44.226,42.964,42.644,41.588,39.848,38.588,38.679,39.139,40.599,36.516,33.852,30.862,28.069,26.723,20.241
32.725,30.980,30.306,29.656,29.760,32.234,38.195,45.742,46.998,44.291,43.043,42.711,41.664,39.916,38.674,38.733,39.182,40.629,36.586,33.982,30.980,28.169,26.812,20.313
32.818,31.068,30.401,29.763,29.863,32.325,38.270,45.806,47.057,44.353,43.114,42.780,41.731,39.992,38.761,38.807,39.251,40.690,36.662,34.085,31.084,28.271,26.912,20.415
32.889,31.131,30.471,29.834,29.936,32.397,38.334,45.882,47.144,44.434,43.195,42.870,41.810,40.086,38.860,38.903,39.350,40.787,36.751,34.169,31.170,28.363,27.004,20.506
32.968,31.202,30.546,29.908,30.013,32.471,38.408,45.964,47.230,44.512,43.276,42.961,41.896,40.177,38.954,38.990,39.435,40.872,36.840,34.262,31.258,28.454,27.090,20.588
33.042,31.272,30.619,29.967,30.079,32.537,38.479,46.037,47.310,44.583,43.348,43.051,41.985,40.266,39.040,39.074,39.521,40.962,36.937,34.350,31.339,28.547,27.180,20.686
33.124,31.352,30.702,30.046,30.159,32.611,38.552,46.096,47.360,44.634,43.406,43.114,42.057,40.330,39.105,39.130,39.573,41.013,37.012,34.441,31.422,28.633,27.261,20.773
33.217,31.435,30.796,30.135,30.256,32.703,38.626,46.181,47.465,44.728,43.501,43.232,42.157,40.459,39.240,39.263,39.710,41.148,37.138,34.555,31.543,28.773,27.402,20.927
33.288,31.497,30.863,30.183,30.316,32.766,38.692,46.262,47.565,44.811,43.583,43.342,42.257,40.570,39.347,39.373,39.825,41.269,37.252,34.645,31.629,28.878,27.505,21.040
33.362,31.562,30.933,30.250,30.384,32.828,38.763,46.333,47.628,44.869,43.648,43.414,42.335,40.637,39.417,39.426,39.873,41.316,37.324,34.738,31.705,28.951,27.568,21.093
33.451,31.640,31.024,30.357,30.488,32.919,38.826,46.396,47.697,44.937,43.723,43.494,42.400,40.729,39.527,39.521,39.966,41.399,37.410,34.845,31.820,29.069,27.686,21.212
33.512,31.690,31.081,30.394,30.538,32.973,38.879,46.470,47.795,45.016,43.800,43.602,42.494,40.842,39.636,39.635,40.086,41.525,37.524,34.929,31.902,29.175,27.790,21.330
33.585,31.759,31.156,30.467,30.614,33.042,38.936,46.521,47.850,45.068,43.857,43.671,42.558,40.917,39.716,39.708,40.159,41.595,37.603,35.014,31.989,29.271,27.885,21.434
33.653,31.821,31.223,30.519,30.676,33.106,38.999,46.597,47.943,45.148,43.935,43.772,42.649,41.020,39.816,39.812,40.268,41.708,37.708,35.098,32.072,29.371,27.985,21.544
33.749,31.917,31.321,30.635,30.783,33.204,39.088,46.672,48.003,45.219,44.012,43.832,42.715,41.083,39.889,39.873,40.323,41.754,37.770,35.191,32.166,29.451,28.064,21.615
33.817,31.983,31.390,30.704,30.852,33.268,39.145,46.721,48.050,45.267,44.064,43.889,42.773,41.143,39.952,39.930,40.378,41.808,37.835,35.265,32.239,29.529,28.140,21.699
33.931,32.105,31.514,30.856,30.991,33.394,39.241,46.786,48.097,45.337,44.140,43.938,42.827,41.203,40.026,39.997,40.440,41.855,37.896,35.362,32.352,29.630,28.248,21.812
34.035,32.210,31.618,30.968,31.096,33.492,39.345,46.870,48.160,45.407,44.219,44.006,42.912,41.265,40.092,40.047,40.481,41.893,37.967,35.468,32.445,29.710,28.320,21.876
34.131,32.297,31.712,31.077,31.199,33.587,39.433,46.962,48.247,45.494,44.312,44.094,42.995,41.355,40.195,40.134,40.563,41.968,38.050,35.577,32.551,29.806,28.412,21.953
34.218,32.374,31.791,31.164,31.280,33.664,39.529,47.061,48.330,45.575,44.400,44.174,43.086,41.424,40.267,40.185,40.607,42.010,38.117,35.678,32.629,29.864,28.457,21.971
34.284,32.437,31.852,31.217,31.338,33.729,39.604,47.156,48.436,45.670,44.491,44.274,43.179,41.520,40.358,40.281,40.707,42.116,38.208,35.749,32.697,29.935,28.527,22.035
34.425,32.586,31.999,31.384,31.492,33.874,39.740,47.262,48.518,45.772,44.598,44.356,43.276,41.604,40.449,40.363,40.781,42.181,38.297,35.875,32.825,30.047,28.639,22.146
34.503,32.649,32.075,31.455,31.573,33.952,39.793,47.339,48.626,45.864,44.689,44.475,43.366,41.737,40.591,40.506,40.931,42.328,38.420,35.977,32.939,30.184,28.780,22.298
34.585,32.720,32.153,31.530,31.651,34.027,39.874,47.433,48.724,45.951,44.781,44.577,43.463,41.837,40.694,40.598,41.022,42.420,38.517,36.080,33.032,30.277,28.866,22.374
34.675,32.811,32.243,31.623,31.742,34.118,39.963,47.519,48.807,46.037,44.866,44.659,43.547,41.919,40.777,40.681,41.105,42.502,38.600,36.165,33.119,30.362,28.952,22.461
34.761,32.893,32.323,31.688,31.814,34.197,40.063,47.636,48.931,46.149,44.975,44.781,43.668,42.032,40.882,40.788,41.214,42.619,38.713,36.262,33.203,30.450,29.034,22.536
34.888,33.032,32.454,31.829,31.947,34.330,40.196,47.750,49.028,46.261,45.088,44.871,43.772,42.121,40.969,40.878,41.301,42.704,38.805,36.366,33.311,30.546,29.134,22.635
34.987,33.133,32.558,31.935,32.052,34.431,40.286,47.827,49.103,46.341,45.169,44.952,43.854,42.206,41.057,40.966,41.387,42.787,38.894,36.463,33.413,30.651,29.241,22.751
35.094,33.238,32.664,32.059,32.166,34.536,40.389,47.917,49.174,46.421,45.258,45.023,43.935,42.276,41.137,41.028,41.441,42.833,38.964,36.572,33.515,30.735,29.319,22.816
35.190,33.326,32.755,32.158,32.260,34.627,40.489,48.023,49.271,46.516,45.357,45.117,44.032,42.364,41.230,41.105,41.514,42.903,39.049,36.680,33.609,30.815,29.391,22.867
35.268,33.401,32.833,32.221,32.331,34.696,40.562,48.091,49.341,46.579,45.424,45.201,44.120,42.448,41.309,41.182,41.590,42.983,39.144,36.771,33.692,30.911,29.482,22.969
35.398,33.527,32.957,32.357,32.460,34.827,40.704,48.247,49.492,46.729,45.574,45.337,44.255,42.576,41.440,41.307,41.713,43.105,39.260,36.899,33.813,31.014,29.582,23.044
35.462,33.594,33.019,32.415,32.519,34.894,40.783,48.337,49.585,46.820,45.659,45.420,44.338,42.654,41.512,41.387,41.796,43.192,39.333,36.957,33.870,31.068,29.637,23.092
35.584,33.722,33.142,32.511,32.623,35.001,40.913,48.445,49.681,46.913,45.756,45.532,44.473,42.757,41.599,41.474,41.880,43.286,39.462,37.084,33.977,31.185,29.746,23.217
35.652,33.782,33.207,32.566,32.686,35.066,40.976,48.526,49.779,46.999,45.839,45.633,44.562,42.861,41.703,41.581,41.991,43.400,39.563,37.165,34.059,31.280,29.841,23.316
35.748,33.869,33.303,32.663,32.787,35.159,41.053,48.604,49.867,47.081,45.926,45.734,44.652,42.970,41.820,41.691,42.102,43.507,39.672,37.278,34.176,31.408,29.968,23.451
35.858,33.985,33.416,32.774,32.898,35.274,41.165,48.716,49.982,47.199,46.040,45.846,44.763,43.085,41.931,41.811,42.225,43.632,39.786,37.378,34.284,31.520,30.085,23.575
36.003,34.106,33.551,32.933,33.050,35.416,41.298,48.876,50.147,47.355,46.202,46.007,44.905,43.248,42.116,41.969,42.379,43.775,39.928,37.553,34.451,31.672,30.228,23.686
36.096,34.172,33.636,33.024,33.145,35.503,41.371,48.983,50.275,47.462,46.315,46.144,45.015,43.391,42.275,42.108,42.519,43.909,40.055,37.689,34.582,31.808,30.357,23.800
36.239,34.300,33.776,33.183,33.298,35.644,41.496,49.117,50.409,47.593,46.455,46.281,45.141,43.535,42.437,42.249,42.656,44.035,40.188,37.853,34.744,31.963,30.506,23.934
36.352,34.421,33.888,33.301,33.411,35.762,41.625,49.247,50.530,47.721,46.579,46.389,45.255,43.636,42.534,42.351,42.757,44.138,40.284,37.949,34.840,32.046,30.591,24.008
36.488,34.538,34.013,33.442,33.546,35.898,41.766,49.424,50.715,47.894,46.753,46.559,45.410,43.802,42.711,42.513,42.919,44.296,40.427,38.105,34.987,32.176,30.714,24.096
36.647,34.702,34.176,33.623,33.718,36.065,41.920,49.566,50.848,48.040,46.900,46.686,45.538,43.933,42.850,42.650,43.053,44.423,40.553,38.249,35.142,32.319,30.861,24.240
36.763,34.804,34.290,33.745,33.842,36.181,42.015,49.676,50.973,48.157,47.020,46.819,45.651,44.076,43.006,42.796,43.201,44.564,40.687,38.387,35.286,32.470,31.012,24.390
36.905,34.946,34.434,33.890,33.983,36.311,42.151,49.781,51.053,48.243,47.119,46.915,45.769,44.168,43.101,42.871,43.265,44.625,40.797,38.538,35.419,32.597,31.129,24.507
37.064,35.093,34.592,34.059,34.153,36.476,42.288,49.938,51.232,48.415,47.290,47.098,45.925,44.364,43.311,43.079,43.478,44.831,40.979,38.712,35.609,32.798,31.334,24.716
37.202,35.201,34.722,34.220,34.308,36.619,42.398,50.092,51.410,48.580,47.459,47.272,46.058,44.552,43.529,43.275,43.675,45.013,41.132,38.885,35.792,32.974,31.509,24.864
37.316,35.302,34.831,34.316,34.415,36.729,42.509,50.232,51.574,48.725,47.601,47.439,46.206,44.722,43.699,43.446,43.853,45.195,41.294,39.022,35.928,33.125,31.658,25.012
37.468,35.455,34.984,34.498,34.584,36.896,42.658,50.390,51.732,48.893,47.766,47.580,46.335,44.869,43.858,43.605,44.012,45.345,41.420,39.159,36.083,33.263,31.803,25.143
37.643,35.642,35.170,34.669,34.767,37.086,42.818,50.551,51.926,49.087,47.947,47.779,46.512,45.086,44.070,43.852,44.273,45.609,41.637,39.315,36.277,33.492,32.053,25.437
37.958,35.989,35.500,35.025,35.107,37.428,43.135,50.829,52.186,49.384,48.236,48.021,46.764,45.337,44.321,44.127,44.549,45.877,41.887,39.567,36.565,33.766,32.350,25.751
38.144,36.170,35.682,35.232,35.303,37.624,43.328,51.042,52.398,49.600,48.449,48.211,46.944,45.526,44.519,44.322,44.744,46.065,42.053,39.745,36.749,33.928,32.513,25.885
38.438,36.445,35.967,35.509,35.592,37.923,43.620,51.397,52.800,49.974,48.811,48.603,47.292,45.924,44.922,44.736,45.172,46.497,42.422,40.063,37.079,34.276,32.866,26.231
38.629,36.612,36.149,35.701,35.785,38.114,43.797,51.616,53.044,50.200,49.038,48.844,47.502,46.173,45.185,44.988,45.428,46.748,42.646,40.284,37.303,34.503,33.089,26.435
38.963,36.971,36.504,36.080,36.152,38.467,44.104,51.866,53.278,50.470,49.309,49.088,47.754,46.436,45.458,45.272,45.709,47.016,42.921,40.578,37.634,34.836,33.441,26.825
39.184,37.177,36.712,36.226,36.329,38.662,44.344,52.145,53.588,50.738,49.571,49.411,48.074,46.746,45.741,45.565,46.012,47.343,43.245,40.839,37.863,35.101,33.694,27.087
39.613,37.642,37.146,36.608,36.723,39.079,44.824,52.582,53.994,51.153,49.979,49.818,48.537,47.125,46.073,45.927,46.373,47.731,43.669,41.227,38.226,35.470,34.060,27.478
40.097,38.195,37.655,37.123,37.220,39.592,45.349,53.021,54.382,51.602,50.413,50.178,48.954,47.476,46.393,46.300,46.743,48.107,44.048,41.594,38.623,35.844,34.461,27.914
40.557,38.707,38.137,37.664,37.723,40.095,45.825,53.427,54.737,52.027,50.828,50.494,49.301,47.796,46.718,46.651,47.087,48.435,44.364,41.946,39.022,36.195,34.841,28.296
40.925,39.046,38.481,37.977,38.056,40.453,46.229,53.930,55.289,52.529,51.314,51.020,49.792,48.307,47.214,47.157,47.608,48.975,44.841,42.355,39.409,36.591,35.226,28.642
41.610,39.637,39.098,38.589,38.682,41.115,46.982,54.918,56.357,53.494,52.263,52.018,50.703,49.264,48.181,48.086,48.552,49.939,45.693,43.157,40.143,37.287,35.880,29.135
42.594,40.541,39.993,39.467,39.564,42.074,48.137,56.350,57.842,54.872,53.606,53.364,51.999,50.519,49.405,49.294,49.774,51.205,46.826,44.216,41.091,38.141,36.680,29.702
43.887,41.850,41.259,40.766,40.844,43.427,49.557,57.921,59.458,56.483,55.153,54.830,53.415,51.951,50.811,50.780,51.290,52.741,48.149,45.412,42.324,39.304,37.872,30.785
46.631,44.798,43.981,43.611,43.556,46.329,52.773,61.199,62.555,59.749,58.280,57.499,56.239,54.445,53.163,53.340,53.856,55.367,50.498,47.658,44.593,41.227,39.859,32.479
