-32.961,-34.340,-39.353,-41.768,-40.737,-28.250,-10.569,7.389,7.388,4.957,4.566,6.654,6.122,7.434,9.262,12.590,16.576,22.758,19.074,15.664,8.152,2.639,0.608,-14.009
-24.701,-26.727,-31.319,-32.975,-31.895,-20.527,-4.600,11.822,12.547,9.893,9.366,11.462,11.006,12.846,14.772,17.321,20.964,26.657,22.928,19.862,12.550,8.101,6.158,-7.223
-19.391,-21.894,-25.489,-26.823,-25.739,-15.117,-1.005,14.593,15.680,13.568,12.431,14.455,13.991,15.941,18.141,20.069,23.899,29.796,25.508,22.834,15.827,12.301,10.463,-2.756
-17.292,-19.785,-23.235,-24.436,-23.408,-13.081,0.636,15.720,16.910,14.732,13.637,15.656,15.236,17.175,19.394,21.165,24.894,30.686,26.492,23.913,17.008,13.674,11.922,-0.955
-14.552,-17.122,-20.603,-21.661,-20.596,-10.662,2.581,17.170,18.422,16.216,15.174,17.136,16.718,18.776,20.880,22.555,26.080,31.534,27.485,24.971,18.250,15.092,13.334,1.046
-12.145,-14.719,-18.246,-19.184,-18.113,-8.532,4.338,18.423,19.713,17.438,16.499,18.414,18.010,20.134,22.126,23.732,27.049,32.187,28.332,25.871,19.321,16.284,14.546,2.824
-9.816,-12.488,-16.034,-16.895,-15.756,-6.490,5.943,19.726,21.021,18.835,17.871,19.714,19.282,21.517,23.390,24.952,28.132,32.993,29.197,26.784,20.422,17.520,15.740,4.454
-8.725,-11.526,-14.842,-15.602,-14.465,-5.369,6.654,20.231,21.646,19.545,18.448,20.288,19.862,22.141,24.094,25.488,28.709,33.624,29.696,27.376,21.056,18.389,16.639,5.389
-7.228,-9.937,-13.217,-13.961,-12.855,-3.974,7.809,21.047,22.418,20.332,19.300,21.096,20.685,22.906,24.794,26.173,29.291,34.056,30.266,27.990,21.821,19.189,17.482,6.542
-6.316,-9.000,-12.217,-12.906,-11.832,-3.098,8.502,21.479,22.884,20.767,19.768,21.557,21.168,23.370,25.258,26.572,29.634,34.337,30.611,28.379,22.271,19.717,18.054,7.297
-5.946,-8.603,-11.780,-12.485,-11.420,-2.723,8.809,21.737,23.115,21.042,20.032,21.807,21.416,23.586,25.468,26.783,29.846,34.548,30.827,28.609,22.544,19.996,18.343,7.609
-5.306,-7.878,-11.072,-11.801,-10.754,-2.130,9.359,22.160,23.478,21.413,20.457,22.207,21.821,23.939,25.771,27.119,30.129,34.752,31.125,28.913,22.924,20.340,18.705,8.109
-5.013,-7.425,-10.607,-11.411,-10.413,-1.799,9.736,22.453,23.667,21.622,20.734,22.463,22.089,24.078,25.880,27.291,30.283,34.897,31.371,29.158,23.237,20.560,18.967,8.413
-4.605,-7.041,-10.158,-10.947,-9.948,-1.391,10.016,22.673,23.900,21.900,20.972,22.692,22.316,24.306,26.119,27.496,30.496,35.116,31.559,29.372,23.483,20.862,19.275,8.742
-4.383,-6.803,-9.841,-10.639,-9.658,-1.120,10.212,22.832,24.053,22.099,21.141,22.856,22.483,24.435,26.271,27.628,30.656,35.321,31.737,29.573,23.706,21.110,19.544,8.978
-4.158,-6.516,-9.524,-10.353,-9.393,-0.867,10.455,23.034,24.214,22.285,21.339,23.044,22.676,24.570,26.401,27.775,30.806,35.481,31.924,29.767,23.933,21.313,19.767,9.206
-3.856,-6.258,-9.252,-10.053,-9.080,-0.592,10.656,23.205,24.414,22.492,21.524,23.228,22.856,24.785,26.619,27.964,30.989,35.647,32.069,29.923,24.096,21.521,19.968,9.440
-3.384,-5.780,-8.804,-9.625,-8.632,-0.189,11.006,23.540,24.704,22.830,21.862,23.537,23.151,25.085,26.869,28.247,31.245,35.833,32.279,30.130,24.360,21.769,20.196,9.749
-3.314,-5.665,-8.707,-9.532,-8.559,-0.107,11.143,23.644,24.800,22.885,21.959,23.641,23.266,25.173,26.956,28.344,31.325,35.910,32.401,30.246,24.470,21.850,20.295,9.866
-2.785,-5.116,-8.131,-8.943,-7.974,0.401,11.525,23.930,25.063,23.200,22.261,23.921,23.544,25.426,27.193,28.573,31.541,36.095,32.599,30.467,24.756,22.162,20.616,10.262
-2.695,-5.083,-8.112,-8.923,-7.935,0.449,11.605,24.035,25.213,23.298,22.368,24.041,23.663,25.609,27.374,28.738,31.688,36.214,32.713,30.570,24.820,22.244,20.680,10.346
-2.608,-5.019,-8.043,-8.807,-7.825,0.552,11.686,24.090,25.306,23.367,22.431,24.116,23.745,25.704,27.494,28.824,31.780,36.324,32.808,30.674,24.904,22.363,20.807,10.466
-2.451,-4.848,-7.884,-8.639,-7.664,0.700,11.840,24.205,25.427,23.460,22.547,24.235,23.871,25.827,27.612,28.940,31.877,36.405,32.915,30.782,25.012,22.469,20.922,10.617
-2.229,-4.810,-7.753,-8.440,-7.397,0.941,11.916,24.331,25.572,23.662,22.690,24.370,23.997,25.973,27.775,29.070,32.033,36.581,33.031,30.919,25.164,22.678,21.124,10.798
-2.215,-4.752,-7.693,-8.380,-7.392,0.976,11.969,24.348,25.621,23.784,22.718,24.401,24.017,26.017,27.863,29.117,32.144,36.772,33.108,31.016,25.245,22.825,21.260,10.820
-2.164,-4.700,-7.641,-8.374,-7.370,1.022,12.054,24.466,25.758,23.830,22.829,24.525,24.150,26.176,28.002,29.267,32.247,36.820,33.220,31.106,25.307,22.859,21.291,10.920
-2.137,-4.663,-7.638,-8.365,-7.333,1.041,12.083,24.556,25.895,23.980,22.939,24.641,24.271,26.311,28.174,29.382,32.382,36.988,33.341,31.255,25.451,23.075,21.519,11.016
-1.973,-4.652,-7.626,-8.337,-7.282,1.197,12.193,24.638,26.012,24.072,23.029,24.738,24.365,26.442,28.317,29.499,32.504,37.109,33.436,31.354,25.535,23.177,21.571,11.134
-1.921,-4.478,-7.381,-8.057,-7.057,1.264,12.267,24.683,26.041,24.094,23.047,24.764,24.371,26.477,28.353,29.559,32.523,37.115,33.532,31.439,25.568,23.196,21.631,11.206
-1.804,-4.410,-7.304,-7.954,-6.942,1.371,12.277,24.722,26.074,24.149,23.099,24.818,24.467,26.490,28.358,29.585,32.643,37.312,33.564,31.447,25.616,23.217,21.685,11.240
-1.757,-4.268,-7.205,-7.864,-6.891,1.429,12.429,24.995,26.380,24.456,23.354,25.077,24.668,26.847,28.725,29.879,32.837,37.392,33.746,31.689,25.834,23.451,21.804,11.354
-1.123,-3.757,-6.635,-7.217,-6.213,2.005,12.786,24.995,26.429,24.489,23.414,25.128,24.769,26.880,28.758,29.955,32.911,37.466,33.826,31.753,25.883,23.618,22.071,11.813
-0.991,-3.617,-6.481,-7.060,-6.063,2.140,12.901,25.079,26.515,24.541,23.502,25.215,24.860,26.961,28.842,29.956,33.017,37.603,33.888,31.776,25.977,23.720,22.180,11.937
-0.953,-3.591,-6.426,-7.021,-6.017,2.200,12.941,25.165,26.590,24.661,23.587,25.295,24.932,27.028,28.918,30.034,33.024,37.687,33.924,31.877,26.083,23.830,22.285,11.988
-0.747,-3.387,-6.172,-6.741,-5.757,2.439,13.134,25.293,26.752,24.803,23.726,25.445,25.095,27.182,29.102,30.177,33.167,37.781,34.095,32.066,26.263,24.051,22.528,12.231
-0.564,-3.220,-6.010,-6.561,-5.573,2.605,13.281,25.415,26.892,24.928,23.854,25.575,25.227,27.331,29.251,30.312,33.290,37.889,34.206,32.181,26.375,24.180,22.657,12.388
-0.543,-3.202,-5.954,-6.518,-5.531,2.655,13.304,25.462,26.931,25.006,23.902,25.619,25.267,27.358,29.290,30.349,33.353,37.986,34.270,32.252,26.452,24.266,22.743,12.427
-0.469,-3.162,-5.924,-6.449,-5.461,2.720,13.373,25.509,27.027,25.051,23.956,25.689,25.344,27.470,29.417,30.445,33.439,38.066,34.349,32.333,26.501,24.345,22.824,12.524
-0.358,-3.074,-5.789,-6.307,-5.318,2.853,13.446,25.582,27.113,25.169,24.037,25.770,25.423,27.550,29.517,30.521,33.538,38.196,34.439,32.436,26.607,24.486,22.967,12.636
-0.315,-3.008,-5.676,-6.229,-5.246,2.938,13.511,25.674,27.171,25.287,24.125,25.848,25.496,27.584,29.559,30.576,33.625,38.324,34.541,32.545,26.737,24.604,23.091,12.701
-0.178,-2.884,-5.557,-6.096,-5.110,3.060,13.619,25.765,27.275,25.380,24.221,25.945,25.594,27.696,29.670,30.677,33.718,38.405,34.623,32.630,26.819,24.700,23.185,12.817
-0.062,-2.773,-5.389,-5.967,-4.976,3.199,13.715,25.904,27.372,25.560,24.358,26.065,25.701,27.775,29.745,30.772,33.844,38.558,34.740,32.753,26.976,24.848,23.327,12.909
0.000,-2.758,-5.365,-5.901,-4.899,3.284,13.753,25.935,27.464,25.633,24.403,26.123,25.761,27.884,29.882,30.859,33.940,38.668,34.808,32.831,27.024,24.958,23.432,13.005
0.027,-2.736,-5.345,-5.877,-4.876,3.286,13.757,25.974,27.508,25.690,24.441,26.164,25.800,27.922,29.934,30.908,34.010,38.770,34.881,32.906,27.086,25.024,23.498,13.021
0.130,-2.630,-5.190,-5.720,-4.733,3.431,13.875,26.041,27.580,25.758,24.513,26.239,25.882,27.985,30.008,30.966,34.068,38.837,34.956,32.992,27.180,25.132,23.622,13.157
0.190,-2.627,-5.117,-5.631,-4.634,3.530,13.889,26.089,27.664,25.891,24.574,26.303,25.940,28.065,30.127,31.042,34.191,39.021,35.053,33.109,27.284,25.299,23.785,13.241
0.289,-2.541,-4.988,-5.490,-4.501,3.654,13.971,26.149,27.742,25.978,24.642,26.375,26.016,28.138,30.220,31.110,34.273,39.130,35.140,33.209,27.381,25.425,23.921,13.359
0.359,-2.446,-4.891,-5.383,-4.411,3.734,14.089,26.208,27.806,25.986,24.699,26.440,26.094,28.201,30.280,31.170,34.305,39.141,35.203,33.269,27.436,25.466,23.979,13.465
0.373,-2.422,-4.886,-5.365,-4.403,3.751,14.103,26.215,27.839,26.004,24.709,26.461,26.122,28.228,30.333,31.199,34.349,39.218,35.262,33.335,27.481,25.532,24.056,13.510
0.491,-2.335,-4.773,-5.232,-4.267,3.873,14.200,26.293,27.939,26.092,24.794,26.550,26.213,28.337,30.447,31.295,34.439,39.301,35.340,33.418,27.558,25.632,24.155,13.626
0.519,-2.247,-4.681,-5.163,-4.228,3.951,14.283,26.371,28.005,26.164,24.870,26.624,26.287,28.396,30.503,31.359,34.504,39.369,35.416,33.494,27.641,25.704,24.231,13.701
0.561,-2.237,-4.681,-5.150,-4.198,3.955,14.358,26.435,28.074,26.183,24.927,26.691,26.364,28.464,30.573,31.435,34.566,39.426,35.507,33.576,27.703,25.744,24.281,13.759
0.565,-2.219,-4.676,-5.146,-4.190,3.960,14.376,26.473,28.093,26.218,24.958,26.723,26.398,28.465,30.584,31.456,34.607,39.503,35.578,33.647,27.773,25.796,24.343,13.774
0.625,-2.096,-4.572,-5.068,-4.140,4.043,14.509,26.585,28.186,26.283,25.063,26.826,26.505,28.559,30.659,31.552,34.679,39.544,35.667,33.726,27.859,25.849,24.400,13.871
0.748,-1.979,-4.443,-4.951,-4.015,4.166,14.610,26.707,28.295,26.426,25.185,26.941,26.613,28.665,30.761,31.661,34.798,39.669,35.773,33.834,27.980,25.971,24.515,13.971
0.840,-1.907,-4.346,-4.830,-3.909,4.263,14.716,26.763,28.368,26.459,25.244,27.008,26.691,28.738,30.841,31.727,34.850,39.716,35.846,33.910,28.046,26.043,24.602,14.086
0.866,-1.873,-4.339,-4.798,-3.880,4.293,14.753,26.787,28.423,26.481,25.272,27.047,26.736,28.799,30.917,31.782,34.902,39.774,35.901,33.967,28.081,26.096,24.658,14.142
0.869,-1.864,-4.330,-4.793,-3.869,4.319,14.762,26.827,28.500,26.559,25.316,27.104,26.793,28.880,31.027,31.862,35.007,39.917,35.995,34.067,28.151,26.203,24.762,14.194
0.929,-1.815,-4.259,-4.732,-3.812,4.388,14.855,26.936,28.577,26.654,25.418,27.199,26.885,28.947,31.083,31.943,35.092,40.004,36.094,34.161,28.259,26.280,24.840,14.260
0.973,-1.730,-4.170,-4.670,-3.762,4.453,14.949,27.037,28.647,26.736,25.511,27.287,26.974,29.000,31.132,32.014,35.168,40.091,36.197,34.261,28.370,26.360,24.929,14.332
1.185,-1.566,-3.993,-4.471,-3.547,4.646,15.082,27.169,28.804,26.908,25.654,27.429,27.111,29.171,31.307,32.166,35.323,40.241,36.315,34.387,28.496,26.525,25.083,14.495
1.191,-1.523,-3.966,-4.434,-3.539,4.687,15.181,27.245,28.858,26.933,25.720,27.497,27.187,29.214,31.342,32.222,35.364,40.272,36.394,34.458,28.570,26.560,25.131,14.561
1.218,-1.481,-3.929,-4.423,-3.517,4.697,15.239,27.297,28.936,26.977,25.776,27.563,27.262,29.295,31.437,32.296,35.434,40.349,36.476,34.543,28.637,26.644,25.225,14.649
1.271,-1.439,-3.902,-4.358,-3.468,4.763,15.261,27.313,28.970,26.991,25.787,27.587,27.289,29.328,31.489,32.342,35.495,40.442,36.551,34.614,28.675,26.681,25.264,14.661
1.285,-1.418,-3.862,-4.335,-3.438,4.768,15.335,27.388,29.058,27.042,25.862,27.669,27.377,29.421,31.581,32.430,35.568,40.501,36.633,34.693,28.742,26.745,25.331,14.741
1.329,-1.304,-3.787,-4.290,-3.415,4.836,15.460,27.514,29.121,27.119,25.972,27.768,27.476,29.464,31.599,32.498,35.627,40.550,36.731,34.779,28.857,26.795,25.391,14.808
1.459,-1.181,-3.641,-4.157,-3.275,4.968,15.555,27.624,29.217,27.258,26.085,27.871,27.572,29.556,31.689,32.590,35.733,40.665,36.823,34.876,28.972,26.916,25.506,14.907
1.516,-1.180,-3.633,-4.117,-3.224,5.026,15.598,27.688,29.328,27.352,26.156,27.954,27.655,29.680,31.835,32.705,35.859,40.806,36.926,34.983,29.046,27.030,25.612,14.988
1.630,-1.041,-3.517,-4.015,-3.124,5.128,15.724,27.813,29.430,27.453,26.275,28.068,27.768,29.782,31.919,32.810,35.952,40.881,37.026,35.076,29.151,27.108,25.689,15.086
1.635,-1.030,-3.501,-4.005,-3.118,5.152,15.772,27.881,29.496,27.519,26.339,28.136,27.837,29.841,31.987,32.881,36.034,40.982,37.121,35.169,29.234,27.183,25.767,15.133
1.754,-0.915,-3.330,-3.819,-2.951,5.331,15.938,28.030,29.634,27.647,26.491,28.285,27.994,29.969,32.112,33.009,36.151,41.095,37.265,35.317,29.396,27.334,25.934,15.327
1.826,-0.800,-3.262,-3.773,-2.903,5.353,15.973,28.033,29.678,27.687,26.494,28.306,28.018,30.009,32.197,33.055,36.234,41.242,37.353,35.414,29.453,27.434,26.039,15.350
1.956,-0.766,-3.182,-3.648,-2.762,5.510,16.079,28.187,29.863,27.878,26.659,28.472,28.178,30.211,32.403,33.241,36.423,41.422,37.501,35.566,29.596,27.610,26.200,15.513
1.992,-0.748,-3.111,-3.596,-2.704,5.588,16.120,28.287,29.953,28.034,26.759,28.567,28.264,30.286,32.497,33.332,36.559,41.614,37.631,35.704,29.738,27.766,26.351,15.579
2.015,-0.745,-3.110,-3.567,-2.681,5.626,16.188,28.351,30.058,28.088,26.824,28.651,28.357,30.399,32.633,33.442,36.669,41.740,37.753,35.826,29.820,27.867,26.458,15.671
2.124,-0.651,-3.013,-3.438,-2.560,5.739,16.299,28.423,30.170,28.153,26.903,28.744,28.460,30.517,32.769,33.548,36.766,41.840,37.858,35.936,29.906,27.980,26.581,15.811
2.190,-0.626,-2.971,-3.367,-2.485,5.815,16.355,28.482,30.270,28.238,26.969,28.822,28.541,30.626,32.900,33.647,36.876,41.970,37.957,36.041,29.986,28.096,26.697,15.905
2.268,-0.584,-2.857,-3.232,-2.364,5.963,16.481,28.571,30.385,28.332,27.066,28.925,28.651,30.742,33.030,33.754,36.979,42.077,38.064,36.157,30.092,28.227,26.837,16.057
2.287,-0.515,-2.823,-3.200,-2.340,5.976,16.514,28.630,30.433,28.400,27.119,28.983,28.712,30.768,33.079,33.803,37.061,42.215,38.180,36.277,30.204,28.330,26.953,16.100
2.332,-0.494,-2.805,-3.198,-2.323,5.982,16.526,28.694,30.536,28.496,27.185,29.063,28.791,30.877,33.217,33.916,37.200,42.395,38.310,36.408,30.295,28.451,27.067,16.149
2.476,-0.411,-2.673,-2.992,-2.133,6.181,16.697,28.783,30.690,28.580,27.289,29.186,28.929,31.046,33.409,34.056,37.318,42.502,38.429,36.538,30.398,28.605,27.236,16.367
2.561,-0.406,-2.658,-2.905,-2.031,6.296,16.742,28.877,30.827,28.757,27.395,29.298,29.034,31.187,33.587,34.192,37.499,42.739,38.576,36.701,30.537,28.807,27.428,16.480
2.583,-0.395,-2.603,-2.900,-2.026,6.307,16.809,28.935,30.950,28.787,27.455,29.385,29.133,31.333,33.752,34.325,37.613,42.845,38.693,36.810,30.587,28.879,27.500,16.567
2.879,-0.159,-2.427,-2.645,-1.753,6.561,17.032,29.146,31.190,29.012,27.675,29.606,29.351,31.597,34.009,34.565,37.836,43.035,38.877,36.995,30.767,29.087,27.695,16.803
3.136,0.073,-2.290,-2.477,-1.569,6.748,17.289,29.405,31.475,29.218,27.929,29.870,29.617,31.917,34.303,34.867,38.090,43.221,39.108,37.204,30.948,29.253,27.843,17.026
3.524,0.363,-1.931,-2.108,-1.166,7.118,17.585,29.710,31.778,29.561,28.244,30.169,29.901,32.239,34.602,35.166,38.380,43.469,39.337,37.435,31.206,29.534,28.099,17.325
3.562,0.455,-1.919,-2.099,-1.163,7.153,17.588,29.786,31.886,29.719,28.325,30.261,29.987,32.334,34.750,35.278,38.559,43.746,39.511,37.624,31.362,29.738,28.300,17.388
3.902,0.584,-1.575,-1.704,-0.726,7.568,17.792,30.054,32.236,30.174,28.626,30.564,30.272,32.694,35.175,35.611,38.974,44.249,39.835,37.988,31.709,30.230,28.770,17.739
3.925,0.602,-1.516,-1.619,-0.663,7.649,17.886,30.125,32.352,30.248,28.701,30.662,30.385,32.801,35.327,35.723,39.104,44.435,40.003,38.167,31.847,30.398,28.961,17.882
4.381,1.015,-1.084,-1.171,-0.199,8.076,18.229,30.454,32.695,30.622,29.043,30.995,30.711,33.155,35.679,36.055,39.436,44.751,40.291,38.466,32.164,30.754,29.306,18.252
4.674,1.327,-0.733,-0.893,0.096,8.391,18.505,30.831,32.989,31.055,29.410,31.331,31.021,33.424,35.928,36.355,39.784,45.131,40.618,38.793,32.545,31.100,29.632,18.496
4.736,1.390,-0.514,-0.781,0.185,8.546,18.720,31.137,33.181,31.354,29.690,31.588,31.269,33.557,36.057,36.558,40.045,45.469,40.946,39.115,32.909,31.374,29.919,18.653
5.352,1.495,-0.213,-0.274,0.733,9.144,19.370,31.713,33.814,31.907,30.284,32.182,31.860,34.254,36.707,37.186,40.589,45.875,41.403,39.563,33.357,31.862,30.376,19.297
5.545,1.664,-0.206,-0.265,0.880,9.241,19.374,31.905,33.971,32.144,30.451,32.357,32.025,34.370,36.871,37.378,40.882,46.315,41.743,39.894,33.647,32.111,30.622,19.298
5.566,2.042,-0.005,-0.215,0.886,9.560,19.798,32.338,34.479,32.570,30.894,32.814,32.479,34.935,37.423,37.900,41.359,46.718,42.151,40.287,33.995,32.500,30.978,19.734
5.579,2.046,0.149,-0.046,0.957,9.653,19.838,32.537,35.070,33.075,31.154,33.197,32.882,35.570,38.338,38.500,42.150,47.837,42.873,41.078,34.496,33.364,31.841,20.188
5.847,2.263,0.155,0.130,1.165,9.759,19.987,33.139,35.693,33.755,31.710,33.795,33.455,36.175,39.035,39.225,43.043,48.964,43.790,41.951,35.207,34.029,32.457,20.352
5.861,2.459,0.321,0.202,1.263,9.933,20.238,33.971,36.595,34.941,32.531,34.647,34.252,37.030,40.083,40.203,44.350,50.699,45.040,43.220,36.319,35.259,33.622,20.803
7.284,3.171,0.608,0.758,1.969,11.110,22.368,35.996,38.768,36.229,34.471,36.695,36.366,39.469,42.260,42.545,46.191,51.902,46.886,44.827,37.660,36.281,34.560,22.480
