5.529,3.223,0.435,-0.712,0.779,0.164,4.931,8.491,14.417,13.679,8.406,2.829,-1.327,-8.239,-11.198,-10.981,-6.693,6.311,24.565,38.422,38.084,21.733,10.368,-0.213
19.629,17.900,15.956,15.108,15.752,15.680,18.876,21.603,25.895,25.590,21.570,17.371,14.516,9.727,7.540,7.825,10.955,20.681,33.568,42.921,42.716,31.399,23.227,15.547
24.440,22.868,21.295,20.486,20.789,20.886,23.388,26.130,29.898,30.045,26.116,22.275,19.577,15.478,13.196,13.474,16.484,25.294,36.521,44.349,44.304,34.580,27.824,20.859
26.666,25.325,23.814,23.038,23.315,23.383,25.733,28.227,31.718,31.789,28.218,24.741,22.387,18.695,16.724,16.903,19.605,27.649,37.797,44.969,44.794,35.945,29.658,23.519
27.506,26.125,24.714,23.990,24.213,24.339,26.558,28.988,32.345,32.467,28.979,25.562,23.225,19.620,17.636,17.885,20.534,28.384,38.289,45.170,45.099,36.534,30.490,24.362
28.721,27.399,26.073,25.407,25.621,25.751,27.851,30.107,33.261,33.350,30.099,26.878,24.688,21.277,19.427,19.685,22.159,29.547,38.901,45.388,45.337,37.261,31.533,25.732
29.203,27.836,26.549,25.944,26.107,26.322,28.387,30.507,33.578,33.602,30.501,27.318,25.237,21.877,20.132,20.478,22.831,30.099,39.294,45.578,45.575,37.707,31.972,26.201
29.845,28.468,27.250,26.690,26.829,27.075,29.053,31.084,34.036,34.064,31.077,27.975,25.944,22.670,20.962,21.351,23.625,30.678,39.624,45.673,45.729,38.117,32.564,26.875
30.261,28.948,27.724,27.141,27.259,27.495,29.445,31.497,34.437,34.490,31.493,28.430,26.442,23.244,21.559,21.898,24.162,31.151,39.928,45.885,45.888,38.398,32.926,27.393
30.730,29.481,28.263,27.665,27.815,27.994,29.923,31.977,34.884,34.951,31.972,28.980,26.999,23.859,22.183,22.464,24.718,31.570,40.192,46.040,46.076,38.674,33.333,27.951
31.171,29.784,28.694,28.169,28.176,28.522,30.282,32.302,35.095,35.257,32.302,29.269,27.278,24.181,22.434,22.877,25.113,31.948,40.468,46.109,46.193,39.044,33.807,28.283
31.295,30.120,28.889,28.272,28.358,28.572,30.467,32.509,35.395,35.464,32.510,29.565,27.702,24.682,23.089,23.334,25.530,32.308,40.615,46.199,46.287,39.107,33.871,28.653
31.780,30.503,29.424,28.904,29.062,29.243,31.013,32.940,35.631,35.736,32.931,30.083,28.110,25.084,23.404,23.747,25.909,32.360,40.665,46.395,46.303,39.270,34.327,29.026
32.118,31.076,29.876,29.224,29.189,29.435,31.234,33.306,36.109,36.261,33.311,30.490,28.705,25.883,24.316,24.464,26.630,33.164,41.055,46.493,46.312,39.495,34.504,29.707
32.181,31.192,29.933,29.234,29.265,29.454,31.235,33.368,36.250,36.411,33.382,30.515,28.814,26.041,24.521,24.632,26.804,33.491,41.339,46.734,46.450,39.668,34.543,29.854
32.319,31.319,30.073,29.377,29.339,29.579,31.367,33.508,36.382,36.558,33.521,30.652,28.925,26.143,24.585,24.714,26.900,33.580,41.444,46.844,46.582,39.788,34.697,29.975
32.485,31.410,30.214,29.562,29.545,29.794,31.555,33.656,36.481,36.661,33.665,30.791,29.005,26.175,24.598,24.768,26.954,33.594,41.536,46.934,46.772,39.954,34.916,30.041
32.624,31.538,30.355,29.713,29.667,29.947,31.688,33.772,36.580,36.761,33.783,30.909,29.148,26.339,24.763,24.967,27.133,33.763,41.656,46.985,46.834,40.080,35.051,30.181
32.714,31.661,30.439,29.769,29.712,29.989,31.761,33.883,36.741,36.920,33.896,31.002,29.259,26.451,24.873,25.058,27.241,33.947,41.867,47.243,47.036,40.237,35.133,30.306
32.811,31.723,30.516,29.860,29.816,30.093,31.863,33.979,36.830,37.011,33.990,31.082,29.304,26.463,24.888,25.068,27.263,33.980,41.968,47.300,47.072,40.363,35.262,30.351
33.157,32.161,30.959,30.295,30.270,30.502,32.243,34.312,37.097,37.264,34.323,31.528,29.830,27.103,25.589,25.721,27.847,34.341,42.030,47.373,47.175,40.439,35.486,30.843
33.317,32.362,31.142,30.454,30.415,30.640,32.378,34.482,37.287,37.472,34.495,31.706,30.023,27.326,25.815,25.909,28.048,34.554,42.191,47.447,47.199,40.566,35.625,31.059
33.418,32.499,31.262,30.563,30.521,30.739,32.487,34.583,37.391,37.560,34.598,31.829,30.188,27.523,26.052,26.120,28.237,34.715,42.279,47.513,47.206,40.635,35.685,31.212
33.573,32.693,31.439,30.721,30.660,30.880,32.626,34.741,37.562,37.737,34.757,31.999,30.391,27.764,26.314,26.351,28.464,34.944,42.435,47.637,47.277,40.760,35.810,31.427
33.666,32.792,31.540,30.830,30.799,30.996,32.753,34.835,37.637,37.788,34.850,32.119,30.518,27.891,26.462,26.496,28.586,35.004,42.473,47.687,47.327,40.817,35.881,31.524
33.791,32.905,31.665,30.965,30.939,31.137,32.885,34.954,37.741,37.890,34.968,32.242,30.635,28.004,26.571,26.618,28.703,35.098,42.565,47.768,47.428,40.927,36.011,31.635
33.960,33.077,31.852,31.156,31.120,31.322,33.046,35.113,37.879,38.044,35.127,32.416,30.811,28.202,26.764,26.812,28.892,35.251,42.663,47.814,47.484,41.036,36.173,31.818
34.078,33.217,31.976,31.270,31.246,31.432,33.173,35.241,38.018,38.171,35.255,32.553,30.960,28.356,26.934,26.961,29.037,35.390,42.791,47.968,47.609,41.152,36.271,31.959
34.179,33.341,32.096,31.389,31.374,31.547,33.291,35.341,38.105,38.243,35.354,32.680,31.113,28.533,27.139,27.150,29.204,35.505,42.840,47.995,47.616,41.201,36.339,32.095
34.268,33.438,32.187,31.479,31.438,31.634,33.374,35.417,38.183,38.314,35.432,32.758,31.226,28.668,27.301,27.315,29.351,35.659,42.950,48.060,47.666,41.297,36.413,32.205
34.369,33.567,32.304,31.593,31.561,31.745,33.496,35.517,38.277,38.386,35.533,32.886,31.389,28.855,27.527,27.522,29.532,35.792,43.019,48.115,47.691,41.360,36.474,32.346
34.464,33.655,32.400,31.695,31.675,31.852,33.600,35.612,38.360,38.467,35.627,32.986,31.479,28.940,27.607,27.608,29.615,35.854,43.085,48.184,47.774,41.440,36.572,32.430
34.584,33.788,32.523,31.812,31.780,31.963,33.716,35.731,38.489,38.591,35.747,33.107,31.620,29.093,27.775,27.767,29.769,36.017,43.226,48.315,47.884,41.566,36.680,32.571
34.691,33.904,32.638,31.927,31.913,32.078,33.836,35.843,38.595,38.691,35.858,33.233,31.743,29.216,27.902,27.884,29.882,36.101,43.299,48.402,47.967,41.646,36.775,32.685
34.750,33.979,32.704,31.986,31.979,32.132,33.898,35.909,38.666,38.758,35.924,33.306,31.822,29.301,27.995,27.962,29.959,36.171,43.356,48.470,48.017,41.695,36.822,32.762
34.888,34.108,32.850,32.134,32.115,32.277,34.017,36.040,38.785,38.902,36.056,33.435,31.937,29.424,28.095,28.069,30.077,36.284,43.453,48.532,48.098,41.801,36.972,32.896
34.990,34.222,32.960,32.236,32.195,32.371,34.103,36.138,38.889,39.015,36.155,33.531,32.051,29.558,28.236,28.203,30.210,36.431,43.566,48.612,48.163,41.898,37.068,33.021
35.056,34.286,33.027,32.307,32.269,32.445,34.176,36.200,38.942,39.063,36.216,33.599,32.123,29.632,28.316,28.287,30.286,36.490,43.614,48.652,48.208,41.953,37.129,33.085
35.146,34.364,33.117,32.409,32.379,32.553,34.278,36.284,39.010,39.127,36.300,33.691,32.208,29.713,28.395,28.380,30.371,36.547,43.669,48.699,48.274,42.028,37.222,33.161
35.255,34.476,33.230,32.522,32.492,32.666,34.388,36.391,39.113,39.228,36.407,33.803,32.325,29.836,28.522,28.505,30.491,36.655,43.762,48.782,48.355,42.122,37.325,33.276
35.334,34.560,33.317,32.611,32.587,32.754,34.474,36.470,39.183,39.296,36.485,33.892,32.416,29.932,28.622,28.602,30.583,36.723,43.810,48.824,48.397,42.177,37.396,33.362
35.423,34.671,33.416,32.701,32.676,32.836,34.562,36.562,39.282,39.391,36.578,33.995,32.537,30.069,28.775,28.736,30.711,36.843,43.897,48.907,48.454,42.249,37.464,33.481
35.494,34.754,33.494,32.769,32.732,32.895,34.616,36.636,39.366,39.489,36.654,34.065,32.610,30.153,28.854,28.804,30.789,36.940,43.979,48.978,48.511,42.316,37.535,33.570
35.584,34.848,33.586,32.858,32.822,32.983,34.706,36.727,39.458,39.581,36.745,34.158,32.704,30.250,28.952,28.898,30.883,37.033,44.068,49.069,48.598,42.403,37.621,33.665
35.665,34.948,33.673,32.937,32.923,33.059,34.799,36.823,39.561,39.673,36.839,34.263,32.810,30.354,29.064,28.988,30.974,37.110,44.146,49.184,48.692,42.474,37.686,33.763
35.760,35.049,33.779,33.046,33.055,33.168,34.908,36.924,39.650,39.759,36.938,34.381,32.916,30.459,29.166,29.080,31.065,37.159,44.183,49.236,48.747,42.527,37.773,33.862
35.897,35.185,33.923,33.187,33.212,33.306,35.041,37.070,39.791,39.916,37.083,34.529,33.035,30.570,29.251,29.159,31.161,37.244,44.284,49.356,48.879,42.638,37.919,33.992
35.972,35.257,33.994,33.261,33.288,33.383,35.122,37.145,39.867,39.985,37.158,34.603,33.109,30.639,29.323,29.235,31.234,37.318,44.368,49.448,48.973,42.724,37.996,34.060
36.052,35.342,34.073,33.344,33.391,33.472,35.227,37.227,39.945,40.039,37.239,34.699,33.216,30.742,29.447,29.356,31.338,37.394,44.440,49.540,49.057,42.802,38.059,34.143
36.150,35.434,34.174,33.450,33.490,33.578,35.321,37.319,40.027,40.128,37.331,34.792,33.307,30.837,29.537,29.454,31.435,37.482,44.516,49.592,49.121,42.885,38.162,34.238
36.245,35.531,34.272,33.551,33.593,33.680,35.423,37.411,40.113,40.207,37.423,34.891,33.413,30.949,29.658,29.575,31.547,37.577,44.594,49.663,49.191,42.968,38.248,34.337
36.360,35.633,34.387,33.669,33.718,33.799,35.530,37.529,40.223,40.336,37.540,35.004,33.496,31.020,29.699,29.622,31.611,37.640,44.681,49.758,49.309,43.069,38.383,34.432
36.439,35.715,34.467,33.746,33.794,33.874,35.605,37.611,40.310,40.426,37.622,35.084,33.573,31.096,29.771,29.690,31.684,37.720,44.766,49.848,49.396,43.150,38.464,34.513
36.541,35.823,34.575,33.850,33.906,33.975,35.705,37.717,40.416,40.537,37.728,35.195,33.677,31.202,29.871,29.782,31.781,37.808,44.850,49.939,49.484,43.235,38.563,34.621
36.621,35.905,34.658,33.932,33.989,34.056,35.785,37.799,40.496,40.618,37.809,35.278,33.759,31.286,29.953,29.862,31.862,37.885,44.922,50.011,49.555,43.307,38.642,34.705
36.675,35.975,34.712,33.982,34.053,34.106,35.855,37.860,40.566,40.669,37.871,35.349,33.843,31.370,30.059,29.952,31.943,37.958,44.992,50.109,49.630,43.369,38.677,34.774
36.784,36.083,34.820,34.082,34.148,34.200,35.945,37.977,40.695,40.818,37.988,35.451,33.927,31.448,30.113,30.001,32.015,38.062,45.122,50.252,49.774,43.490,38.803,34.879
36.869,36.168,34.905,34.166,34.243,34.284,36.033,38.068,40.787,40.910,38.078,35.543,34.007,31.520,30.177,30.061,32.081,38.125,45.200,50.350,49.874,43.571,38.890,34.959
36.983,36.289,35.022,34.278,34.367,34.394,36.150,38.191,40.916,41.038,38.200,35.668,34.124,31.631,30.284,30.158,32.185,38.228,45.314,50.489,50.007,43.684,39.003,35.077
37.117,36.418,35.158,34.409,34.485,34.520,36.260,38.325,41.052,41.201,38.335,35.790,34.228,31.737,30.363,30.239,32.286,38.351,45.446,50.608,50.136,43.813,39.155,35.206
37.192,36.489,35.230,34.481,34.563,34.593,36.335,38.403,41.132,41.282,38.413,35.865,34.294,31.795,30.414,30.290,32.342,38.412,45.523,50.700,50.232,43.893,39.236,35.273
37.285,36.577,35.320,34.575,34.658,34.689,36.432,38.494,41.220,41.368,38.504,35.956,34.384,31.881,30.501,30.382,32.432,38.499,45.616,50.793,50.330,43.990,39.331,35.359
37.400,36.699,35.446,34.701,34.805,34.815,36.556,38.616,41.333,41.481,38.624,36.092,34.506,32.003,30.615,30.486,32.538,38.571,45.679,50.870,50.410,44.065,39.439,35.478
37.480,36.792,35.530,34.779,34.889,34.888,36.639,38.704,41.428,41.572,38.712,36.184,34.603,32.102,30.721,30.579,32.631,38.664,45.767,50.973,50.497,44.144,39.510,35.573
37.602,36.912,35.655,34.903,35.011,35.012,36.755,38.824,41.545,41.696,38.832,36.304,34.718,32.219,30.831,30.690,32.746,38.776,45.875,51.073,50.602,44.255,39.635,35.694
37.716,37.024,35.775,35.025,35.134,35.131,36.864,38.938,41.650,41.814,38.945,36.421,34.822,32.326,30.924,30.783,32.846,38.864,45.955,51.144,50.683,44.344,39.754,35.806
37.853,37.166,35.922,35.169,35.265,35.269,36.986,39.071,41.780,41.959,39.080,36.555,34.958,32.476,31.067,30.923,32.991,39.007,46.071,51.231,50.769,44.457,39.892,35.956
37.992,37.303,36.068,35.314,35.403,35.410,37.113,39.207,41.910,42.106,39.216,36.691,35.086,32.610,31.187,31.044,33.119,39.133,46.184,51.323,50.869,44.574,40.037,36.096
38.091,37.412,36.174,35.414,35.506,35.504,37.205,39.313,42.019,42.224,39.321,36.798,35.186,32.714,31.282,31.128,33.213,39.227,46.273,51.419,50.959,44.659,40.135,36.205
38.185,37.521,36.280,35.511,35.604,35.593,37.291,39.412,42.121,42.335,39.421,36.904,35.290,32.829,31.393,31.223,33.314,39.322,46.347,51.491,51.018,44.726,40.221,36.319
38.295,37.650,36.395,35.611,35.709,35.685,37.395,39.535,42.262,42.479,39.544,37.026,35.413,32.954,31.518,31.326,33.428,39.453,46.482,51.652,51.154,44.842,40.323,36.449
38.417,37.786,36.520,35.728,35.814,35.796,37.509,39.657,42.395,42.611,39.667,37.147,35.553,33.106,31.683,31.481,33.581,39.620,46.629,51.787,51.268,44.970,40.435,36.593
38.536,37.941,36.653,35.843,35.928,35.898,37.626,39.786,42.542,42.752,39.797,37.287,35.717,33.291,31.890,31.655,33.752,39.793,46.764,51.931,51.367,45.078,40.525,36.758
38.625,38.028,36.742,35.937,36.026,35.996,37.725,39.872,42.620,42.822,39.883,37.378,35.813,33.388,31.995,31.765,33.852,39.878,46.842,52.003,51.443,45.163,40.610,36.845
38.719,38.113,36.823,36.021,36.118,36.086,37.826,39.970,42.726,42.919,39.981,37.468,35.896,33.452,32.058,31.834,33.923,39.966,46.970,52.162,51.606,45.291,40.713,36.921
38.846,38.238,36.948,36.154,36.244,36.224,37.967,40.085,42.832,43.006,40.096,37.591,36.045,33.611,32.244,32.030,34.095,40.120,47.096,52.262,51.705,45.420,40.826,37.051
38.950,38.355,37.053,36.254,36.336,36.323,38.075,40.186,42.940,43.100,40.198,37.697,36.180,33.759,32.420,32.198,34.248,40.276,47.225,52.380,51.798,45.533,40.910,37.177
39.097,38.507,37.203,36.397,36.496,36.461,38.217,40.348,43.109,43.283,40.359,37.856,36.312,33.879,32.515,32.279,34.352,40.384,47.361,52.555,51.973,45.670,41.066,37.321
39.228,38.636,37.329,36.520,36.595,36.582,38.334,40.473,43.244,43.421,40.486,37.968,36.437,34.011,32.651,32.422,34.495,40.561,47.536,52.707,52.121,45.831,41.203,37.455
39.378,38.801,37.480,36.655,36.728,36.707,38.466,40.637,43.431,43.623,40.650,38.122,36.581,34.152,32.778,32.529,34.624,40.727,47.723,52.923,52.317,45.996,41.357,37.618
39.502,38.916,37.599,36.782,36.855,36.840,38.599,40.753,43.539,43.719,40.766,38.241,36.709,34.280,32.917,32.679,34.761,40.853,47.843,53.032,52.433,46.124,41.478,37.734
39.630,39.078,37.728,36.889,36.967,36.938,38.729,40.901,43.722,43.889,40.915,38.386,36.873,34.447,33.106,32.833,34.920,41.047,48.045,53.282,52.632,46.288,41.586,37.898
39.788,39.243,37.882,37.056,37.160,37.118,38.937,41.055,43.863,43.978,41.067,38.566,37.090,34.664,33.377,33.107,35.148,41.220,48.194,53.445,52.781,46.447,41.708,38.063
39.960,39.434,38.049,37.224,37.357,37.292,39.151,41.236,44.051,44.117,41.247,38.766,37.318,34.887,33.648,33.362,35.374,41.418,48.391,53.691,52.996,46.638,41.845,38.250
40.158,39.644,38.252,37.429,37.567,37.500,39.370,41.430,44.240,44.282,41.441,38.976,37.558,35.139,33.934,33.644,35.631,41.645,48.582,53.870,53.159,46.827,42.017,38.467
40.271,39.761,38.356,37.528,37.668,37.600,39.487,41.548,44.373,44.403,41.559,39.088,37.678,35.252,34.058,33.763,35.748,41.785,48.743,54.057,53.331,46.974,42.126,38.581
40.457,39.912,38.519,37.710,37.867,37.799,39.692,41.731,44.547,44.565,41.741,39.261,37.826,35.364,34.158,33.891,35.876,41.914,48.939,54.286,53.598,47.197,42.337,38.714
40.684,40.099,38.727,37.944,38.091,38.051,39.933,41.936,44.729,44.734,41.945,39.458,38.025,35.550,34.348,34.127,36.092,42.121,49.165,54.480,53.835,47.451,42.583,38.895
40.970,40.336,38.997,38.235,38.348,38.354,40.200,42.194,44.964,44.989,42.204,39.695,38.250,35.769,34.544,34.373,36.338,42.384,49.442,54.690,54.102,47.753,42.906,39.132
41.291,40.603,39.297,38.561,38.635,38.695,40.505,42.483,45.229,45.271,42.494,39.960,38.507,36.018,34.772,34.660,36.621,42.689,49.767,54.945,54.417,48.105,43.269,39.397
41.593,40.914,39.604,38.866,38.899,38.996,40.793,42.765,45.511,45.550,42.779,40.243,38.839,36.384,35.171,35.065,37.003,43.081,50.090,55.192,54.646,48.409,43.553,39.728
41.956,41.200,39.934,39.244,39.271,39.407,41.181,43.092,45.791,45.815,43.105,40.559,39.140,36.653,35.433,35.406,37.317,43.367,50.422,55.481,55.023,48.802,43.954,40.000
42.285,41.466,40.222,39.574,39.568,39.770,41.536,43.377,46.048,46.035,43.391,40.827,39.442,36.940,35.755,35.806,37.669,43.725,50.801,55.792,55.390,49.211,44.303,40.262
42.684,41.818,40.604,39.970,39.897,40.168,41.886,43.744,46.404,46.433,43.760,41.156,39.765,37.269,36.051,36.153,38.029,44.146,51.230,56.125,55.772,49.645,44.751,40.621
43.131,42.336,41.065,40.378,40.304,40.545,42.302,44.230,46.961,46.998,44.249,41.633,40.261,37.782,36.575,36.600,38.509,44.706,51.790,56.757,56.306,50.126,45.169,41.148
43.704,42.898,41.616,40.935,40.777,41.107,42.857,44.761,47.503,47.521,44.786,42.141,40.859,38.416,37.273,37.335,39.200,45.463,52.488,57.338,56.868,50.786,45.730,41.737
44.849,43.851,42.605,42.051,41.959,42.346,44.177,45.852,48.538,48.376,45.868,43.192,41.913,39.303,38.242,38.497,40.244,46.489,53.808,58.779,58.474,52.232,46.941,42.610
45.934,44.790,43.597,43.157,43.139,43.550,45.421,46.886,49.481,49.180,46.894,44.235,42.953,40.232,39.235,39.643,41.279,47.402,54.878,59.900,59.746,53.441,48.057,43.493
47.900,46.188,45.239,45.157,45.327,45.852,47.755,48.699,51.018,50.436,48.679,45.968,44.488,41.342,40.326,41.273,42.710,48.625,56.814,62.012,62.476,55.850,50.303,44.678
