14.902,9.470,16.427,3.429,5.477,11.011,25.592,41.631,47.895,39.332,31.117,28.097,22.539,23.300,26.834,32.053,32.825,37.229,24.952,16.210,10.012,1.912,-0.823,-9.923
26.543,24.255,24.587,20.104,21.374,24.864,35.260,46.328,50.348,44.361,39.266,36.467,32.706,33.386,35.604,39.277,41.261,44.082,35.615,29.038,24.136,17.807,15.497,9.085
28.718,27.577,27.110,24.457,25.255,28.067,37.758,47.414,50.872,45.421,41.075,38.237,34.874,35.339,37.536,40.714,43.043,45.415,37.715,31.694,26.911,20.913,18.595,12.518
29.762,28.881,28.317,26.074,26.744,29.336,38.632,47.731,50.980,45.784,41.699,38.932,35.741,36.140,38.291,41.284,43.608,45.827,38.481,32.738,28.117,22.350,20.095,14.242
30.623,29.614,29.187,26.791,27.490,30.058,39.054,47.951,51.132,46.089,42.068,39.426,36.323,36.730,38.801,41.746,43.912,46.102,38.959,33.384,28.964,23.399,21.248,15.604
31.248,30.349,30.054,27.674,28.339,30.821,39.555,48.158,51.252,46.352,42.487,39.919,36.892,37.276,39.283,42.075,44.208,46.300,39.396,34.017,29.649,24.255,22.139,16.628
32.103,31.260,30.801,28.610,29.298,31.720,40.110,48.445,51.440,46.712,43.027,40.542,37.610,38.018,39.885,42.552,44.667,46.669,40.053,34.860,30.593,25.385,23.328,18.033
32.472,31.759,31.378,29.291,29.894,32.217,40.526,48.637,51.446,46.917,43.308,40.833,37.955,38.312,40.212,42.812,44.927,46.874,40.344,35.242,31.012,25.863,23.815,18.550
32.849,32.094,31.427,29.474,30.186,32.544,40.581,48.651,51.528,46.977,43.492,41.085,38.248,38.683,40.397,42.924,45.045,46.944,40.633,35.632,31.443,26.421,24.414,19.337
33.177,32.432,31.814,29.883,30.559,32.868,40.825,48.759,51.574,47.112,43.653,41.272,38.480,38.891,40.618,43.130,45.208,47.090,40.835,35.893,31.783,26.818,24.842,19.817
33.464,32.701,32.272,30.269,30.866,33.115,41.090,48.822,51.605,47.154,43.766,41.398,38.642,38.996,40.819,43.367,45.364,47.164,40.969,36.046,32.043,27.098,25.154,20.124
33.757,33.105,32.657,30.693,31.307,33.544,41.408,48.928,51.736,47.267,43.847,41.498,38.878,39.106,41.011,43.393,45.401,47.263,41.084,36.382,32.421,27.535,25.587,20.608
33.802,33.330,32.722,30.927,31.527,33.733,41.507,49.164,51.953,47.530,44.116,41.770,39.027,39.395,41.151,43.614,45.639,47.487,41.308,36.459,32.469,27.666,25.741,20.786
34.019,33.334,33.004,31.350,31.735,33.735,41.557,49.262,51.983,47.624,44.228,41.879,39.169,39.536,41.289,43.771,45.804,47.649,41.495,36.650,32.668,27.792,25.860,20.924
34.196,33.659,33.049,31.387,31.957,34.065,41.808,49.301,52.014,47.662,44.352,42.010,39.349,39.666,41.447,43.850,45.893,47.677,41.615,36.864,32.900,28.082,26.152,21.240
34.342,33.760,33.131,31.440,32.006,34.166,41.888,49.461,52.162,47.828,44.500,42.163,39.490,39.823,41.588,44.006,46.042,47.840,41.765,36.997,33.030,28.206,26.279,21.370
34.433,33.804,33.197,31.483,32.028,34.194,41.915,49.504,52.218,47.889,44.582,42.248,39.570,39.959,41.637,44.067,46.136,47.939,41.902,37.115,33.141,28.318,26.395,21.541
34.599,34.013,33.212,31.513,32.196,34.422,42.093,49.717,52.431,48.099,44.803,42.467,39.784,40.157,41.851,44.252,46.328,48.116,42.084,37.313,33.309,28.488,26.553,21.675
34.744,34.039,33.307,31.650,32.249,34.436,42.128,49.777,52.518,48.186,44.874,42.561,39.869,40.296,41.916,44.350,46.406,48.219,42.204,37.413,33.435,28.628,26.705,21.808
34.803,34.193,33.418,31.763,32.395,34.604,42.346,49.968,52.686,48.381,45.060,42.734,40.027,40.422,42.097,44.515,46.588,48.401,42.355,37.546,33.505,28.653,26.714,21.894
35.048,34.331,33.646,31.876,32.520,34.727,42.360,50.017,52.759,48.396,45.083,42.769,40.101,40.496,42.157,44.589,46.614,48.416,42.393,37.638,33.721,28.950,27.060,22.252
35.161,34.506,33.739,32.106,32.726,34.904,42.522,50.074,52.773,48.483,45.194,42.897,40.239,40.622,42.287,44.692,46.712,48.503,42.522,37.789,33.859,29.095,27.198,22.389
35.294,34.631,33.753,32.141,32.845,35.028,42.586,50.150,52.842,48.567,45.288,43.002,40.352,40.739,42.390,44.788,46.801,48.587,42.629,37.911,33.995,29.249,27.359,22.572
35.361,34.674,33.812,32.174,32.850,35.046,42.598,50.154,52.843,48.581,45.322,43.034,40.391,40.815,42.408,44.821,46.862,48.650,42.723,37.992,34.086,29.342,27.459,22.720
35.529,34.736,33.913,32.224,32.855,35.091,42.614,50.214,52.915,48.660,45.370,43.106,40.467,40.916,42.482,44.935,46.932,48.748,42.819,38.076,34.228,29.500,27.645,22.951
35.610,34.834,33.926,32.271,32.971,35.197,42.708,50.304,53.002,48.748,45.462,43.199,40.560,40.998,42.577,45.018,47.011,48.820,42.893,38.161,34.307,29.584,27.727,23.023
35.713,34.964,34.071,32.433,33.121,35.332,42.832,50.395,53.084,48.840,45.569,43.308,40.674,41.105,42.686,45.109,47.105,48.903,42.992,38.277,34.418,29.705,27.845,23.142
35.821,35.116,34.262,32.645,33.300,35.486,43.011,50.544,53.223,48.975,45.707,43.434,40.803,41.213,42.826,45.242,47.248,49.039,43.115,38.401,34.534,29.809,27.941,23.213
35.939,35.232,34.380,32.760,33.415,35.601,43.122,50.653,53.331,49.085,45.818,43.546,40.917,41.327,42.938,45.354,47.357,49.148,43.227,38.515,34.651,29.930,28.064,23.339
36.034,35.295,34.463,32.797,33.469,35.668,43.173,50.715,53.400,49.157,45.885,43.625,40.994,41.412,43.011,45.429,47.415,49.211,43.296,38.590,34.735,30.026,28.167,23.456
36.163,35.462,34.756,33.039,33.685,35.844,43.357,50.827,53.492,49.261,45.990,43.734,41.116,41.498,43.145,45.545,47.508,49.293,43.377,38.699,34.860,30.165,28.309,23.578
36.242,35.497,34.782,33.064,33.686,35.869,43.384,50.899,53.576,49.338,46.050,43.796,41.172,41.571,43.202,45.626,47.585,49.385,43.457,38.758,34.930,30.227,28.377,23.657
36.333,35.568,34.804,33.091,33.747,35.934,43.422,50.931,53.604,49.378,46.094,43.849,41.233,41.638,43.256,45.683,47.630,49.432,43.519,38.829,35.021,30.333,28.493,23.796
36.423,35.631,34.809,33.119,33.791,35.987,43.457,50.978,53.649,49.429,46.143,43.903,41.292,41.708,43.310,45.750,47.692,49.500,43.594,38.899,35.110,30.427,28.596,23.920
36.508,35.784,34.951,33.283,33.960,36.142,43.634,51.100,53.753,49.536,46.262,44.008,41.405,41.794,43.433,45.857,47.814,49.607,43.696,39.011,35.212,30.521,28.679,23.977
36.636,35.819,35.006,33.358,33.985,36.161,43.636,51.173,53.844,49.623,46.322,44.081,41.473,41.893,43.498,45.961,47.897,49.717,43.797,39.087,35.320,30.631,28.806,24.138
36.715,35.920,35.104,33.430,34.081,36.264,43.765,51.284,53.950,49.723,46.415,44.167,41.560,41.963,43.597,46.061,47.996,49.815,43.877,39.166,35.398,30.699,28.871,24.181
36.797,35.975,35.181,33.460,34.125,36.323,43.814,51.348,54.023,49.796,46.482,44.243,41.633,42.043,43.666,46.131,48.052,49.875,43.941,39.233,35.469,30.779,28.955,24.273
36.914,36.044,35.230,33.486,34.172,36.387,43.860,51.416,54.096,49.873,46.548,44.320,41.711,42.133,43.742,46.222,48.123,49.957,44.025,39.314,35.573,30.892,29.082,24.420
36.975,36.114,35.231,33.536,34.233,36.444,43.927,51.489,54.164,49.939,46.613,44.375,41.769,42.193,43.803,46.296,48.212,50.049,44.108,39.383,35.645,30.951,29.138,24.476
37.067,36.204,35.237,33.537,34.281,36.534,43.980,51.559,54.232,50.013,46.693,44.459,41.855,42.282,43.885,46.373,48.288,50.122,44.192,39.474,35.739,31.052,29.241,24.588
37.170,36.221,35.266,33.541,34.323,36.540,44.004,51.606,54.298,50.077,46.741,44.522,41.912,42.375,43.930,46.447,48.347,50.202,44.278,39.540,35.827,31.147,29.351,24.737
37.269,36.280,35.279,33.549,34.323,36.596,44.032,51.680,54.380,50.157,46.806,44.596,41.984,42.454,44.004,46.534,48.415,50.282,44.351,39.609,35.912,31.236,29.450,24.845
37.345,36.346,35.297,33.563,34.344,36.644,44.080,51.734,54.426,50.207,46.849,44.633,42.029,42.504,44.053,46.606,48.492,50.366,44.427,39.670,35.995,31.311,29.530,24.936
37.472,36.372,35.310,33.576,34.371,36.660,44.083,51.808,54.521,50.296,46.904,44.705,42.095,42.596,44.119,46.709,48.562,50.464,44.512,39.734,36.094,31.414,29.653,25.087
37.571,36.421,35.315,33.612,34.373,36.704,44.105,51.849,54.568,50.348,46.946,44.762,42.153,42.667,44.173,46.776,48.604,50.517,44.572,39.795,36.179,31.513,29.766,25.224
37.649,36.474,35.338,33.636,34.409,36.747,44.153,51.910,54.630,50.408,46.991,44.808,42.201,42.717,44.227,46.851,48.670,50.594,44.635,39.846,36.250,31.580,29.840,25.303
37.738,36.557,35.397,33.652,34.487,36.825,44.223,51.978,54.694,50.477,47.060,44.878,42.276,42.794,44.301,46.929,48.746,50.671,44.716,39.927,36.342,31.674,29.938,25.410
37.818,36.637,35.496,33.751,34.575,36.900,44.289,52.019,54.726,50.519,47.103,44.925,42.332,42.843,44.359,46.988,48.793,50.717,44.767,39.988,36.422,31.763,30.034,25.513
37.912,36.775,35.726,33.959,34.750,37.049,44.444,52.126,54.822,50.620,47.214,45.035,42.447,42.934,44.477,47.085,48.888,50.799,44.852,40.093,36.519,31.867,30.132,25.593
37.971,36.866,35.854,34.095,34.864,37.142,44.542,52.190,54.876,50.679,47.282,45.099,42.516,42.989,44.549,47.145,48.951,50.853,44.909,40.161,36.585,31.934,30.196,25.647
38.053,36.992,35.975,34.273,35.010,37.262,44.687,52.308,54.980,50.781,47.386,45.188,42.611,43.066,44.655,47.252,49.073,50.971,45.012,40.259,36.679,32.014,30.268,25.699
38.139,37.101,36.091,34.413,35.130,37.369,44.822,52.436,55.104,50.898,47.498,45.287,42.709,43.154,44.765,47.367,49.197,51.096,45.117,40.354,36.770,32.089,30.335,25.746
38.236,37.195,36.227,34.520,35.230,37.465,44.924,52.531,55.199,50.992,47.586,45.377,42.801,43.238,44.861,47.464,49.283,51.183,45.199,40.439,36.860,32.181,30.430,25.836
38.313,37.335,36.439,34.739,35.413,37.616,45.082,52.634,55.288,51.087,47.701,45.486,42.914,43.329,44.976,47.550,49.380,51.261,45.286,40.547,36.950,32.274,30.512,25.898
38.389,37.453,36.497,34.883,35.544,37.728,45.178,52.694,55.331,51.143,47.782,45.560,42.999,43.410,45.053,47.614,49.467,51.335,45.380,40.650,37.050,32.377,30.611,26.004
38.497,37.529,36.588,34.928,35.606,37.801,45.270,52.816,55.463,51.264,47.880,45.659,43.092,43.505,45.155,47.736,49.576,51.457,45.479,40.734,37.142,32.460,30.698,26.085
38.599,37.580,36.594,34.938,35.625,37.845,45.304,52.890,55.548,51.346,47.948,45.734,43.164,43.594,45.225,47.825,49.653,51.548,45.566,40.809,37.233,32.553,30.800,26.204
38.699,37.706,36.794,35.069,35.778,37.977,45.463,53.022,55.674,51.468,48.062,45.844,43.275,43.683,45.350,47.945,49.765,51.657,45.657,40.905,37.328,32.643,30.885,26.264
38.824,37.766,36.815,35.114,35.790,38.036,45.502,53.132,55.808,51.594,48.179,45.971,43.389,43.832,45.451,48.061,49.878,51.784,45.791,41.023,37.442,32.758,31.007,26.411
38.910,37.892,36.954,35.248,35.943,38.166,45.632,53.221,55.884,51.678,48.276,46.064,43.489,43.917,45.551,48.145,49.969,51.863,45.878,41.123,37.538,32.858,31.102,26.497
39.001,38.013,37.113,35.422,36.087,38.285,45.765,53.319,55.970,51.767,48.366,46.148,43.580,43.988,45.651,48.243,50.066,51.956,45.962,41.213,37.633,32.950,31.193,26.574
39.101,38.118,37.221,35.551,36.196,38.379,45.877,53.417,56.058,51.855,48.443,46.218,43.658,44.054,45.742,48.350,50.166,52.062,46.049,41.293,37.733,33.042,31.287,26.661
39.174,38.219,37.302,35.677,36.306,38.476,45.997,53.531,56.167,51.958,48.546,46.308,43.748,44.136,45.840,48.450,50.283,52.177,46.150,41.384,37.815,33.108,31.346,26.703
39.263,38.382,37.514,35.922,36.509,38.646,46.198,53.689,56.314,52.100,48.701,46.445,43.886,44.249,45.988,48.578,50.433,52.312,46.276,41.516,37.920,33.199,31.419,26.741
39.347,38.481,37.605,36.026,36.612,38.748,46.312,53.809,56.436,52.216,48.821,46.558,43.994,44.357,46.096,48.681,50.550,52.426,46.386,41.621,38.008,33.279,31.491,26.803
39.415,38.572,37.611,36.107,36.699,38.834,46.386,53.880,56.502,52.286,48.910,46.641,44.078,44.450,46.171,48.749,50.643,52.511,46.487,41.721,38.095,33.362,31.569,26.889
39.528,38.629,37.668,36.115,36.730,38.887,46.430,53.956,56.589,52.372,48.976,46.718,44.154,44.537,46.247,48.844,50.714,52.597,46.567,41.794,38.190,33.463,31.683,27.018
39.637,38.750,37.807,36.251,36.860,39.012,46.559,54.079,56.711,52.492,49.100,46.840,44.275,44.654,46.368,48.959,50.833,52.712,46.682,41.912,38.300,33.573,31.788,27.117
39.732,38.860,37.940,36.374,36.979,39.129,46.673,54.183,56.814,52.597,49.212,46.953,44.386,44.763,46.477,49.056,50.933,52.806,46.783,42.020,38.398,33.674,31.886,27.211
39.893,38.968,38.049,36.442,37.064,39.230,46.773,54.311,56.951,52.731,49.324,47.074,44.506,44.891,46.601,49.204,51.056,52.946,46.910,42.137,38.541,33.820,32.044,27.381
40.015,39.083,38.120,36.540,37.170,39.340,46.867,54.406,57.043,52.829,49.427,47.180,44.616,45.008,46.705,49.310,51.165,53.054,47.029,42.257,38.669,33.952,32.180,27.531
40.147,39.201,38.185,36.628,37.270,39.451,46.985,54.551,57.194,52.974,49.565,47.314,44.746,45.147,46.836,49.453,51.315,53.211,47.177,42.390,38.800,34.073,32.300,27.653
40.275,39.311,38.305,36.725,37.368,39.559,47.128,54.727,57.381,53.143,49.710,47.452,44.875,45.276,46.979,49.616,51.474,53.384,47.317,42.508,38.916,34.169,32.394,27.728
40.428,39.459,38.460,36.881,37.516,39.702,47.282,54.881,57.533,53.293,49.851,47.590,45.015,45.411,47.126,49.774,51.626,53.541,47.462,42.647,39.065,34.314,32.541,27.871
40.554,39.594,38.657,37.054,37.670,39.839,47.416,54.983,57.625,53.393,49.951,47.695,45.128,45.509,47.243,49.885,51.723,53.635,47.557,42.756,39.188,34.447,32.678,28.005
40.710,39.738,38.881,37.225,37.820,39.982,47.602,55.175,57.820,53.574,50.101,47.840,45.271,45.634,47.408,50.071,51.889,53.814,47.695,42.880,39.326,34.570,32.803,28.104
40.844,39.812,38.954,37.247,37.869,40.053,47.644,55.239,57.892,53.653,50.169,47.927,45.359,45.738,47.490,50.164,51.954,53.891,47.782,42.970,39.443,34.706,32.955,28.284
40.995,39.931,39.082,37.350,37.976,40.165,47.748,55.348,58.002,53.767,50.270,48.036,45.472,45.852,47.606,50.295,52.064,54.010,47.897,43.083,39.583,34.853,33.113,28.454
41.146,40.043,39.198,37.433,38.067,40.271,47.878,55.514,58.178,53.930,50.404,48.170,45.600,45.983,47.747,50.463,52.217,54.181,48.038,43.203,39.717,34.975,33.240,28.575
41.331,40.195,39.450,37.609,38.225,40.420,48.036,55.659,58.320,54.075,50.521,48.297,45.735,46.102,47.897,50.632,52.343,54.321,48.156,43.325,39.879,35.145,33.425,28.757
41.484,40.360,39.638,37.785,38.394,40.591,48.244,55.888,58.557,54.294,50.730,48.495,45.921,46.283,48.093,50.830,52.553,54.534,48.344,43.497,40.028,35.274,33.543,28.846
41.699,40.567,39.937,38.024,38.611,40.800,48.490,56.132,58.805,54.530,50.940,48.703,46.127,46.471,48.318,51.069,52.771,54.762,48.538,43.684,40.226,35.462,33.732,29.011
41.879,40.760,40.167,38.217,38.822,41.013,48.635,56.240,58.908,54.659,51.110,48.894,46.322,46.676,48.483,51.187,52.887,54.853,48.694,43.886,40.414,35.692,33.965,29.275
42.134,41.021,40.531,38.482,39.097,41.303,48.928,56.545,59.232,54.972,51.430,49.221,46.632,46.988,48.785,51.459,53.159,55.115,48.966,44.171,40.658,35.943,34.206,29.500
42.366,41.194,40.853,38.550,39.272,41.476,49.123,56.740,59.430,55.166,51.578,49.385,46.800,47.136,48.977,51.678,53.315,55.295,49.108,44.313,40.849,36.143,34.425,29.710
42.614,41.323,40.863,38.635,39.312,41.602,49.248,57.004,59.740,55.449,51.825,49.643,47.029,47.419,49.198,51.941,53.568,55.581,49.375,44.535,41.067,36.348,34.638,29.945
42.902,41.424,40.886,38.674,39.318,41.666,49.276,57.142,59.902,55.612,51.927,49.775,47.164,47.601,49.335,52.161,53.725,55.792,49.566,44.686,41.311,36.604,34.939,30.315
43.161,41.638,41.044,38.710,39.501,41.879,49.469,57.366,60.137,55.848,52.155,50.015,47.401,47.855,49.564,52.400,53.951,56.026,49.807,44.925,41.560,36.861,35.206,30.602
43.433,41.912,41.403,39.014,39.797,42.163,49.721,57.575,60.336,56.066,52.386,50.264,47.658,48.104,49.813,52.627,54.155,56.220,50.029,45.179,41.828,37.160,35.513,30.923
43.710,42.104,41.481,39.061,39.920,42.355,49.904,57.872,60.672,56.381,52.683,50.568,47.937,48.432,50.079,52.915,54.449,56.536,50.341,45.458,42.088,37.410,35.765,31.197
44.078,42.455,41.672,39.320,40.239,42.706,50.175,58.163,60.968,56.697,53.042,50.941,48.311,48.848,50.411,53.226,54.785,56.857,50.731,45.863,42.478,37.825,36.184,31.673
44.341,43.051,42.338,40.227,41.001,43.333,50.858,58.642,61.385,57.123,53.578,51.411,48.795,49.252,50.897,53.592,55.280,57.263,51.169,46.354,42.840,38.156,36.443,31.833
44.719,43.574,43.045,40.925,41.625,43.890,51.419,59.076,61.790,57.545,54.053,51.877,49.269,49.678,51.366,53.982,55.696,57.629,51.571,46.814,43.246,38.578,36.839,32.186
45.200,43.925,43.295,41.099,41.880,44.235,51.827,59.674,62.450,58.146,54.584,52.402,49.750,50.209,51.862,54.547,56.257,58.242,52.109,47.269,43.684,38.965,37.225,32.558
46.209,44.498,43.980,41.330,42.240,44.778,52.545,60.785,63.692,59.264,55.437,53.281,50.557,51.075,52.760,55.678,57.221,59.378,52.997,47.976,44.504,39.703,38.017,33.314
47.300,45.579,44.784,42.236,43.222,45.862,53.834,62.365,65.367,60.803,56.910,54.670,51.854,52.430,54.090,57.074,58.745,60.949,54.418,49.230,45.590,40.627,38.868,34.044
48.718,47.365,47.143,44.427,45.249,47.779,55.920,64.297,67.303,62.678,58.865,56.560,53.690,54.153,55.947,58.742,60.522,62.625,56.071,50.950,47.043,42.030,40.153,35.102
51.040,50.323,50.923,48.055,48.583,50.929,59.480,67.680,70.706,65.924,62.196,59.729,56.750,57.017,59.084,61.626,63.638,65.602,58.906,53.808,49.429,44.241,42.141,36.641
