-17.100,-15.199,-14.739,-14.404,-10.655,-2.028,16.451,32.992,40.126,38.318,33.447,31.475,26.683,24.501,23.094,20.851,25.818,35.548,47.140,56.037,42.374,25.009,14.402,3.307
3.621,4.746,4.888,5.066,7.696,14.282,27.312,39.392,44.500,43.041,39.727,38.714,35.244,33.686,32.616,31.353,34.761,41.452,50.355,56.298,45.891,33.648,26.222,18.355
8.923,9.707,9.809,9.931,12.258,18.387,30.096,40.943,45.558,44.006,41.299,40.550,37.408,36.047,35.019,34.216,37.093,42.900,51.078,56.380,46.837,35.773,29.191,22.148
12.237,12.991,13.002,13.109,15.252,20.984,31.687,41.835,46.078,44.725,42.130,41.542,38.638,37.356,36.420,35.633,38.337,43.692,51.410,56.431,47.118,37.051,31.002,24.523
14.220,14.940,14.872,14.963,16.987,22.522,32.602,42.371,46.386,45.151,42.624,42.181,39.420,38.183,37.310,36.559,39.138,44.195,51.444,56.449,47.233,37.796,32.092,25.959
15.515,16.135,16.164,16.254,18.209,23.505,33.382,42.667,46.571,45.243,42.959,42.435,39.769,38.609,37.743,37.129,39.528,44.387,51.472,56.466,47.555,38.247,32.717,26.766
16.666,17.297,17.360,17.457,19.353,24.422,34.061,43.035,46.818,45.554,43.313,42.748,40.178,39.051,38.245,37.611,39.926,44.670,51.516,56.496,47.776,38.711,33.334,27.548
17.257,17.899,17.960,18.062,19.917,24.905,34.497,43.422,47.141,45.944,43.670,43.126,40.612,39.485,38.769,38.125,40.352,45.040,51.618,56.507,47.969,39.022,33.736,28.009
17.881,18.456,18.546,18.643,20.451,25.369,34.891,43.649,47.301,46.072,43.905,43.372,40.908,39.811,39.127,38.581,40.677,45.246,51.634,56.536,48.129,39.252,34.073,28.428
18.614,19.153,19.252,19.346,21.111,25.937,35.312,43.892,47.313,46.171,44.147,43.628,41.218,40.147,39.490,38.994,41.003,45.388,51.686,56.657,48.179,39.545,34.480,28.940
19.290,19.852,19.903,19.994,21.721,26.472,35.587,43.914,47.485,46.243,44.166,43.681,41.367,40.359,39.601,39.025,41.143,45.462,51.750,56.680,48.261,39.802,34.854,29.443
20.210,20.694,20.714,20.788,22.462,27.184,35.876,44.062,47.567,46.414,44.289,43.829,41.469,40.403,39.773,39.237,41.244,45.620,51.817,56.693,48.278,40.107,35.291,30.126
20.368,20.934,20.967,21.050,22.754,27.319,36.046,44.343,47.675,46.530,44.574,44.202,41.889,40.856,40.219,39.789,41.705,45.905,51.986,56.872,48.290,40.189,35.395,30.131
21.030,21.488,21.471,21.536,23.157,27.779,36.292,44.361,47.767,46.583,44.583,44.274,42.024,41.021,40.382,39.977,41.855,45.909,52.067,56.964,48.387,40.372,35.743,30.663
21.128,21.584,21.540,21.602,23.214,27.876,36.403,44.550,47.860,46.736,44.757,44.497,42.251,41.237,40.628,40.232,42.084,46.122,52.253,57.048,48.425,40.495,35.886,30.800
21.236,21.674,21.617,21.676,23.276,27.972,36.530,44.730,48.037,46.912,44.928,44.708,42.467,41.447,40.867,40.502,42.310,46.326,52.475,57.051,48.498,40.608,36.020,30.928
21.323,21.760,21.678,21.733,23.328,28.060,36.612,44.872,48.176,47.067,45.058,44.881,42.641,41.611,41.048,40.687,42.485,46.491,52.698,57.058,48.574,40.714,36.140,31.048
21.416,21.871,21.772,21.829,23.424,28.170,36.726,45.037,48.341,47.262,45.211,45.051,42.810,41.770,41.222,40.835,42.646,46.666,52.910,57.067,48.693,40.852,36.276,31.176
21.585,22.027,21.933,21.989,23.585,28.357,36.884,45.071,48.348,47.262,45.258,45.090,42.856,41.834,41.239,40.852,42.696,46.680,52.919,57.115,48.770,41.023,36.476,31.381
21.784,22.233,22.130,22.183,23.775,28.479,36.976,45.292,48.529,47.478,45.463,45.297,43.100,42.057,41.519,41.147,42.935,46.883,53.000,57.206,48.885,41.093,36.506,31.442
22.153,22.607,22.512,22.568,24.135,28.777,37.154,45.325,48.643,47.546,45.501,45.346,43.100,42.081,41.539,41.155,42.942,46.966,53.209,57.288,48.961,41.204,36.713,31.716
22.297,22.764,22.643,22.699,24.259,28.915,37.264,45.445,48.671,47.655,45.601,45.470,43.278,42.249,41.727,41.318,43.108,47.051,53.214,57.289,48.984,41.335,36.862,31.875
22.469,22.947,22.809,22.864,24.417,29.069,37.372,45.560,48.769,47.782,45.705,45.594,43.411,42.379,41.868,41.442,43.236,47.169,53.342,57.368,49.020,41.452,37.000,32.032
22.644,23.124,22.969,23.023,24.570,29.229,37.503,45.707,48.906,47.936,45.844,45.759,43.582,42.546,42.046,41.618,43.406,47.326,53.521,57.427,49.115,41.591,37.158,32.204
22.898,23.406,23.210,23.262,24.801,29.456,37.610,45.823,48.992,48.081,45.942,45.897,43.730,42.687,42.191,41.720,43.544,47.450,53.708,57.524,49.143,41.747,37.347,32.437
23.015,23.531,23.336,23.390,24.919,29.552,37.707,45.917,49.071,48.182,46.025,45.984,43.831,42.786,42.319,41.840,43.640,47.538,53.749,57.529,49.181,41.809,37.429,32.528
23.151,23.665,23.455,23.508,25.024,29.665,37.815,46.055,49.195,48.327,46.151,46.141,44.001,42.950,42.515,42.042,43.811,47.690,53.900,57.616,49.236,41.901,37.550,32.659
23.275,23.784,23.571,23.622,25.133,29.767,37.890,46.114,49.244,48.379,46.208,46.207,44.073,43.024,42.592,42.124,43.885,47.748,53.951,57.649,49.274,41.968,37.633,32.758
23.411,23.946,23.703,23.754,25.261,29.903,37.983,46.252,49.368,48.552,46.327,46.358,44.229,43.169,42.753,42.249,44.030,47.897,54.151,57.780,49.333,42.095,37.774,32.912
23.535,24.078,23.836,23.889,25.396,30.023,38.087,46.343,49.454,48.647,46.417,46.441,44.315,43.255,42.840,42.323,44.112,47.981,54.221,57.843,49.421,42.197,37.878,33.022
23.655,24.212,23.954,24.008,25.508,30.133,38.174,46.453,49.551,48.778,46.514,46.558,44.441,43.374,42.979,42.442,44.230,48.097,54.348,57.876,49.467,42.289,37.987,33.141
23.822,24.377,24.120,24.174,25.661,30.258,38.273,46.521,49.597,48.837,46.575,46.625,44.527,43.463,43.091,42.559,44.317,48.158,54.354,57.915,49.481,42.345,38.076,33.255
23.955,24.517,24.260,24.315,25.803,30.392,38.394,46.634,49.708,48.955,46.688,46.732,44.634,43.570,43.195,42.652,44.420,48.267,54.460,57.981,49.599,42.471,38.200,33.382
24.079,24.640,24.384,24.438,25.924,30.501,38.476,46.689,49.756,49.003,46.745,46.787,44.692,43.631,43.251,42.707,44.479,48.317,54.501,58.021,49.658,42.549,38.286,33.483
24.161,24.720,24.462,24.516,26.002,30.581,38.550,46.761,49.828,49.073,46.818,46.862,44.767,43.707,43.324,42.783,44.555,48.390,54.579,58.100,49.731,42.626,38.364,33.563
24.309,24.871,24.616,24.671,26.158,30.719,38.651,46.825,49.887,49.131,46.885,46.918,44.824,43.769,43.371,42.822,44.610,48.443,54.623,58.152,49.818,42.731,38.471,33.683
24.449,25.017,24.750,24.804,26.288,30.843,38.725,46.888,49.937,49.198,46.943,46.988,44.899,43.844,43.444,42.884,44.683,48.506,54.702,58.205,49.855,42.817,38.572,33.805
24.545,25.119,24.843,24.896,26.377,30.930,38.793,46.961,50.003,49.279,47.012,47.067,44.982,43.925,43.533,42.965,44.764,48.583,54.785,58.261,49.899,42.888,38.653,33.895
24.659,25.245,24.956,25.009,26.490,31.043,38.865,47.039,50.073,49.369,47.084,47.150,45.065,44.005,43.609,43.021,44.842,48.662,54.893,58.348,49.957,42.986,38.756,34.010
24.800,25.392,25.096,25.148,26.629,31.174,38.956,47.112,50.140,49.444,47.157,47.225,45.142,44.083,43.679,43.081,44.917,48.732,54.975,58.421,50.028,43.089,38.865,34.134
24.892,25.486,25.179,25.229,26.710,31.267,39.027,47.198,50.223,49.535,47.239,47.322,45.237,44.176,43.769,43.166,45.011,48.825,55.101,58.533,50.097,43.181,38.961,34.235
25.055,25.665,25.336,25.386,26.863,31.419,39.126,47.310,50.321,49.667,47.340,47.446,45.367,44.300,43.900,43.274,45.134,48.943,55.251,58.633,50.156,43.303,39.100,34.393
25.153,25.765,25.425,25.474,26.947,31.508,39.195,47.390,50.394,49.752,47.415,47.537,45.461,44.392,43.997,43.369,45.228,49.029,55.355,58.713,50.205,43.380,39.189,34.491
25.222,25.821,25.479,25.526,26.996,31.570,39.266,47.469,50.474,49.820,47.495,47.629,45.553,44.485,44.094,43.485,45.327,49.116,55.446,58.804,50.275,43.445,39.260,34.561
25.309,25.912,25.563,25.611,27.074,31.646,39.336,47.549,50.545,49.905,47.567,47.712,45.644,44.573,44.197,43.585,45.415,49.198,55.521,58.848,50.314,43.505,39.334,34.641
25.402,26.011,25.665,25.714,27.175,31.732,39.416,47.617,50.608,49.977,47.634,47.774,45.710,44.639,44.269,43.649,45.478,49.261,55.563,58.879,50.374,43.575,39.408,34.720
25.485,26.096,25.742,25.791,27.247,31.804,39.474,47.685,50.667,50.050,47.694,47.848,45.790,44.717,44.359,43.735,45.557,49.332,55.637,58.923,50.403,43.630,39.477,34.797
25.552,26.171,25.811,25.859,27.319,31.879,39.534,47.752,50.735,50.127,47.760,47.916,45.854,44.779,44.415,43.778,45.618,49.400,55.728,59.012,50.473,43.711,39.553,34.874
25.694,26.302,25.938,25.983,27.444,32.008,39.622,47.810,50.791,50.167,47.826,47.986,45.921,44.852,44.465,43.841,45.692,49.459,55.810,59.113,50.558,43.814,39.661,34.998
25.801,26.416,26.053,26.100,27.563,32.113,39.699,47.863,50.841,50.221,47.881,48.030,45.966,44.899,44.501,43.864,45.733,49.503,55.851,59.159,50.627,43.898,39.744,35.090
25.900,26.520,26.151,26.196,27.665,32.222,39.783,47.948,50.928,50.310,47.967,48.118,46.047,44.980,44.565,43.919,45.812,49.589,55.967,59.286,50.731,44.013,39.850,35.199
26.010,26.632,26.269,26.315,27.782,32.317,39.857,47.985,50.958,50.340,48.007,48.146,46.079,45.017,44.599,43.949,45.844,49.615,55.972,59.290,50.777,44.071,39.915,35.276
26.125,26.746,26.367,26.411,27.880,32.432,39.929,48.064,51.036,50.421,48.086,48.243,46.171,45.108,44.673,44.021,45.937,49.703,56.111,59.427,50.856,44.181,40.028,35.400
26.268,26.880,26.500,26.541,28.008,32.554,40.007,48.104,51.069,50.444,48.132,48.290,46.220,45.163,44.712,44.069,45.990,49.740,56.151,59.476,50.913,44.263,40.121,35.512
26.350,26.970,26.587,26.629,28.093,32.631,40.081,48.185,51.144,50.533,48.207,48.369,46.303,45.244,44.806,44.154,46.071,49.820,56.220,59.522,50.965,44.330,40.195,35.589
26.456,27.068,26.693,26.734,28.208,32.755,40.210,48.297,51.270,50.633,48.331,48.477,46.399,45.345,44.877,44.234,46.170,49.929,56.348,59.705,51.147,44.478,40.321,35.707
26.594,27.209,26.844,26.887,28.357,32.877,40.328,48.386,51.351,50.719,48.420,48.553,46.483,45.432,44.973,44.325,46.252,50.007,56.379,59.726,51.230,44.568,40.420,35.814
26.675,27.292,26.929,26.973,28.446,32.970,40.430,48.491,51.462,50.826,48.527,48.654,46.580,45.529,45.064,44.414,46.348,50.111,56.488,59.848,51.352,44.676,40.518,35.906
26.777,27.399,27.026,27.069,28.545,33.082,40.530,48.610,51.583,50.953,48.644,48.780,46.701,45.647,45.176,44.518,46.468,50.236,56.649,60.006,51.468,44.802,40.640,36.026
26.921,27.553,27.173,27.217,28.692,33.217,40.629,48.698,51.662,51.049,48.728,48.866,46.792,45.737,45.265,44.591,46.554,50.320,56.737,60.075,51.541,44.910,40.755,36.155
26.987,27.616,27.240,27.283,28.760,33.286,40.707,48.775,51.742,51.124,48.807,48.941,46.865,45.811,45.337,44.665,46.628,50.397,56.812,60.159,51.629,44.987,40.828,36.224
27.080,27.715,27.335,27.378,28.852,33.373,40.788,48.861,51.822,51.216,48.888,49.028,46.956,45.900,45.436,44.758,46.716,50.483,56.892,60.217,51.689,45.063,40.911,36.312
27.156,27.788,27.411,27.454,28.930,33.452,40.868,48.936,51.899,51.287,48.966,49.101,47.027,45.973,45.502,44.827,46.789,50.556,56.968,60.306,51.780,45.145,40.990,36.389
27.296,27.937,27.551,27.594,29.072,33.591,40.972,49.034,51.993,51.392,49.062,49.202,47.127,46.072,45.593,44.903,46.885,50.654,57.087,60.416,51.875,45.270,41.116,36.526
27.396,28.043,27.657,27.700,29.183,33.697,41.054,49.100,52.061,51.460,49.132,49.262,47.183,46.130,45.634,44.933,46.938,50.714,57.160,60.503,51.969,45.370,41.208,36.622
27.487,28.148,27.742,27.785,29.265,33.788,41.118,49.198,52.150,51.580,49.218,49.372,47.296,46.234,45.751,45.029,47.045,50.822,57.305,60.603,52.012,45.458,41.306,36.727
27.558,28.220,27.805,27.847,29.324,33.864,41.211,49.328,52.281,51.720,49.342,49.512,47.437,46.370,45.901,45.180,47.186,50.963,57.463,60.739,52.107,45.555,41.406,36.820
27.649,28.307,27.895,27.938,29.414,33.949,41.294,49.396,52.348,51.780,49.412,49.579,47.504,46.440,45.967,45.253,47.255,51.028,57.518,60.802,52.185,45.630,41.484,36.901
27.758,28.419,27.991,28.032,29.502,34.047,41.377,49.506,52.448,51.899,49.512,49.705,47.637,46.567,46.111,45.395,47.387,51.149,57.658,60.900,52.238,45.717,41.588,37.013
27.923,28.578,28.153,28.192,29.663,34.201,41.495,49.589,52.529,51.969,49.602,49.790,47.720,46.656,46.182,45.470,47.473,51.227,57.738,60.997,52.349,45.842,41.716,37.155
28.057,28.718,28.276,28.314,29.784,34.328,41.581,49.683,52.616,52.072,49.691,49.897,47.827,46.761,46.284,45.561,47.579,51.327,57.875,61.110,52.418,45.953,41.836,37.289
28.160,28.824,28.382,28.421,29.891,34.440,41.711,49.830,52.765,52.225,49.835,50.042,47.972,46.903,46.431,45.706,47.721,51.476,58.026,61.257,52.557,46.083,41.962,37.406
28.354,29.019,28.562,28.598,30.071,34.631,41.843,49.951,52.884,52.344,49.960,50.179,48.102,47.035,46.539,45.808,47.854,51.602,58.206,61.442,52.693,46.256,42.137,37.598
28.486,29.153,28.679,28.713,30.185,34.759,41.934,50.056,52.984,52.455,50.061,50.301,48.224,47.154,46.654,45.918,47.975,51.716,58.364,61.580,52.774,46.374,42.264,37.736
28.618,29.278,28.796,28.828,30.299,34.889,42.059,50.194,53.123,52.590,50.199,50.454,48.373,47.303,46.800,46.074,48.129,51.863,58.538,61.752,52.905,46.510,42.404,37.877
28.779,29.430,28.942,28.971,30.438,35.028,42.157,50.271,53.191,52.653,50.277,50.544,48.467,47.401,46.889,46.175,48.227,51.942,58.627,61.836,52.976,46.612,42.522,38.013
28.918,29.589,29.074,29.102,30.573,35.183,42.269,50.423,53.341,52.834,50.420,50.711,48.628,47.554,47.037,46.293,48.381,52.106,58.866,62.045,53.097,46.780,42.688,38.185
29.059,29.744,29.221,29.250,30.728,35.338,42.393,50.548,53.467,52.972,50.544,50.832,48.743,47.667,47.134,46.366,48.490,52.229,59.023,62.204,53.237,46.938,42.836,38.336
29.215,29.903,29.374,29.401,30.878,35.486,42.514,50.661,53.574,53.085,50.656,50.949,48.862,47.786,47.250,46.477,48.608,52.342,59.146,62.318,53.342,47.067,42.972,38.483
29.307,29.998,29.460,29.487,30.966,35.598,42.655,50.851,53.772,53.289,50.840,51.148,49.056,47.973,47.446,46.671,48.801,52.544,59.380,62.543,53.512,47.224,43.121,38.615
29.493,30.190,29.627,29.652,31.124,35.769,42.779,51.000,53.908,53.452,50.978,51.321,49.234,48.145,47.627,46.843,48.977,52.707,59.588,62.699,53.597,47.371,43.290,38.802
29.701,30.440,29.848,29.876,31.345,35.978,42.933,51.193,54.081,53.694,51.148,51.511,49.434,48.331,47.837,46.992,49.157,52.902,59.813,62.838,53.700,47.558,43.489,39.018
29.819,30.544,29.961,29.989,31.452,36.079,43.054,51.301,54.186,53.788,51.258,51.621,49.550,48.451,47.969,47.144,49.279,53.010,59.885,62.909,53.799,47.644,43.588,39.117
29.955,30.685,30.097,30.124,31.596,36.242,43.227,51.500,54.397,53.994,51.459,51.822,49.739,48.637,48.141,47.311,49.467,53.213,60.130,63.176,54.023,47.850,43.774,39.289
30.164,30.927,30.314,30.343,31.809,36.448,43.393,51.705,54.584,54.241,51.642,52.029,49.957,48.843,48.374,47.497,49.670,53.424,60.364,63.327,54.135,48.036,43.976,39.505
30.352,31.139,30.524,30.557,32.026,36.660,43.637,51.989,54.870,54.558,51.916,52.297,50.226,49.101,48.654,47.743,49.925,53.706,60.641,63.578,54.390,48.283,44.211,39.724
30.585,31.334,30.730,30.759,32.220,36.870,43.872,52.205,55.090,54.733,52.143,52.532,50.462,49.346,48.896,48.043,50.180,53.929,60.845,63.812,54.624,48.485,44.426,39.939
30.968,31.719,31.175,31.214,32.668,37.215,44.264,52.476,55.347,54.977,52.423,52.730,50.685,49.585,49.158,48.303,50.397,54.147,60.847,63.837,54.940,48.750,44.696,40.215
31.223,31.962,31.463,31.507,32.961,37.481,44.649,52.843,55.730,55.329,52.799,53.059,51.018,49.922,49.518,48.686,50.732,54.496,61.079,64.112,55.349,49.054,44.980,40.465
31.494,32.223,31.730,31.774,33.218,37.727,44.911,53.097,55.974,55.573,53.049,53.314,51.285,50.191,49.809,48.994,51.002,54.749,61.287,64.297,55.567,49.274,45.220,40.710
31.771,32.505,32.026,32.073,33.519,38.026,45.278,53.488,56.376,55.973,53.439,53.687,51.658,50.560,50.196,49.378,51.371,55.138,61.572,64.660,55.963,49.618,45.548,41.011
32.237,32.910,32.522,32.574,33.998,38.403,45.746,53.769,56.645,56.154,53.749,53.912,51.915,50.852,50.510,49.784,51.651,55.365,61.640,64.666,56.328,49.875,45.835,41.311
32.571,33.198,32.875,32.931,34.343,38.717,46.224,54.200,57.090,56.529,54.197,54.309,52.325,51.276,50.972,50.323,52.080,55.777,61.796,64.951,56.805,50.205,46.164,41.604
32.863,33.507,33.171,33.228,34.647,39.045,46.575,54.613,57.513,56.973,54.602,54.724,52.732,51.672,51.374,50.701,52.479,56.201,62.273,65.416,57.200,50.593,46.533,41.953
33.257,33.898,33.587,33.649,35.077,39.491,47.158,55.250,58.180,57.618,55.243,55.337,53.334,52.268,51.986,51.323,53.080,56.839,62.878,66.068,57.876,51.152,47.050,42.412
33.912,34.583,34.259,34.324,35.768,40.233,48.016,56.252,59.213,58.680,56.230,56.334,54.313,53.223,52.969,52.271,54.045,57.864,63.972,67.152,58.848,52.054,47.905,43.202
34.895,35.597,35.478,35.579,37.045,41.309,49.548,57.660,60.680,60.086,57.668,57.489,55.485,54.409,54.236,53.507,55.183,59.144,64.706,68.073,60.495,53.277,48.997,44.146
35.937,36.649,36.640,36.759,38.248,42.437,50.966,59.049,62.122,61.475,59.079,58.748,56.737,55.666,55.521,54.787,56.421,60.475,65.790,69.298,62.054,54.556,50.179,45.221
37.545,38.267,38.548,38.716,40.256,44.316,53.805,61.970,65.210,64.415,62.043,61.346,59.316,58.239,58.245,57.538,58.971,63.282,67.938,71.788,65.327,56.983,52.339,47.027
