12.710,10.752,10.005,8.458,9.830,16.455,35.263,51.803,52.563,42.547,32.718,25.551,18.736,17.751,18.540,18.575,23.851,38.172,48.696,56.578,53.238,37.178,25.551,18.842
23.079,21.465,20.829,19.543,20.611,25.604,40.024,51.917,52.611,45.637,38.391,32.859,27.561,26.899,27.535,27.656,31.519,42.219,50.465,56.813,53.353,41.958,33.225,27.794
27.739,26.342,25.746,24.542,25.454,29.716,41.931,51.983,52.778,46.915,40.808,35.981,31.384,30.899,31.475,31.605,34.896,43.942,50.690,56.985,53.484,43.886,36.562,31.854
30.299,29.103,28.531,27.400,28.191,31.961,42.595,52.099,52.785,47.184,41.788,37.512,33.509,33.130,33.657,33.739,36.615,44.529,50.795,57.008,53.494,44.473,38.077,33.963
31.050,29.881,29.307,28.176,28.946,32.612,42.931,52.142,52.817,47.452,42.226,38.042,34.135,33.788,34.311,34.396,37.183,44.852,50.845,57.012,53.510,44.848,38.662,34.636
32.018,30.884,30.389,29.377,30.115,33.587,43.462,52.162,52.866,47.530,42.629,38.650,34.868,34.500,34.977,35.092,37.804,45.153,50.856,57.187,53.586,45.125,39.226,35.407
32.410,31.202,30.737,29.808,30.555,33.881,43.765,52.186,52.919,47.581,42.835,39.042,35.348,34.954,35.406,35.579,38.075,45.163,50.920,57.204,53.621,45.399,39.571,35.620
32.937,31.754,31.308,30.409,31.137,34.368,43.988,52.199,52.989,47.624,43.073,39.372,35.753,35.369,35.807,35.988,38.429,45.327,50.934,57.281,53.636,45.573,39.915,36.064
33.434,32.287,31.840,30.948,31.654,34.794,44.091,52.304,53.021,47.639,43.283,39.689,36.189,35.827,36.258,36.428,38.778,45.415,50.950,57.332,53.655,45.716,40.228,36.476
33.733,32.593,32.123,31.217,31.911,34.963,44.125,52.321,53.077,47.700,43.372,39.886,36.510,36.181,36.613,36.779,38.978,45.456,50.962,57.379,53.706,45.789,40.438,36.691
34.054,32.975,32.498,31.580,32.256,35.312,44.271,52.389,53.108,47.904,43.594,40.125,36.815,36.497,36.931,37.053,39.276,45.696,50.965,57.381,53.716,45.932,40.627,37.014
34.320,33.267,32.775,31.841,32.504,35.532,44.344,52.409,53.189,47.934,43.746,40.312,37.065,36.768,37.204,37.311,39.493,45.816,50.992,57.453,53.802,46.013,40.821,37.258
34.673,33.648,33.200,32.258,32.899,35.900,44.445,52.414,53.210,48.014,43.794,40.429,37.213,36.911,37.326,37.451,39.644,45.827,51.027,57.545,53.808,46.049,40.960,37.537
34.815,33.823,33.272,32.319,32.964,35.910,44.446,52.607,53.238,48.350,44.104,40.697,37.572,37.338,37.796,37.851,39.957,46.128,51.031,57.566,53.855,46.345,41.240,37.760
35.023,34.079,33.516,32.484,33.107,36.097,44.459,52.611,53.256,48.399,44.169,40.790,37.731,37.520,37.980,38.008,40.105,46.195,51.097,57.661,53.856,46.346,41.331,37.957
35.185,34.242,33.680,32.641,33.266,36.274,44.646,52.632,53.264,48.626,44.368,40.958,37.873,37.661,38.124,38.151,40.282,46.415,51.268,57.682,53.887,46.543,41.514,38.143
35.311,34.353,33.783,32.730,33.359,36.373,44.784,52.672,53.406,48.656,44.513,41.108,38.004,37.800,38.268,38.303,40.424,46.494,51.343,57.726,54.014,46.688,41.696,38.283
35.466,34.502,33.970,32.977,33.601,36.542,44.839,52.783,53.433,48.751,44.534,41.163,38.085,37.860,38.307,38.367,40.459,46.559,51.367,57.772,54.054,46.733,41.730,38.357
35.633,34.695,34.153,33.151,33.765,36.695,44.856,52.801,53.480,48.787,44.611,41.287,38.260,38.047,38.496,38.535,40.607,46.595,51.426,57.800,54.094,46.754,41.833,38.511
35.795,34.923,34.299,33.189,33.787,36.762,44.910,52.850,53.528,48.984,44.799,41.467,38.562,38.380,38.836,38.841,40.861,46.796,51.449,57.802,54.104,46.904,41.998,38.724
35.949,35.058,34.494,33.460,34.059,36.985,45.037,52.908,53.563,49.021,44.835,41.527,38.568,38.410,38.891,38.853,40.899,46.828,51.480,57.836,54.127,46.923,42.066,38.830
36.058,35.188,34.605,33.550,34.143,37.073,45.077,52.953,53.663,49.100,44.933,41.642,38.737,38.561,39.023,39.003,41.031,46.932,51.528,57.842,54.217,47.005,42.152,38.937
36.176,35.328,34.732,33.666,34.252,37.175,45.103,52.995,53.684,49.168,45.002,41.736,38.882,38.716,39.181,39.140,41.142,47.001,51.533,57.876,54.234,47.050,42.221,39.043
36.303,35.471,34.862,33.778,34.358,37.285,45.164,53.099,53.692,49.288,45.112,41.847,39.015,38.862,39.332,39.278,41.272,47.113,51.607,57.882,54.256,47.145,42.333,39.178
36.402,35.562,34.979,33.938,34.519,37.420,45.306,53.120,53.700,49.309,45.164,41.936,39.108,38.932,39.388,39.347,41.337,47.167,51.663,57.912,54.292,47.194,42.383,39.236
36.525,35.686,35.102,34.055,34.634,37.520,45.358,53.139,53.706,49.356,45.242,42.018,39.193,39.026,39.483,39.446,41.427,47.219,51.701,57.972,54.340,47.266,42.494,39.355
36.645,35.816,35.231,34.187,34.762,37.635,45.427,53.186,53.742,49.421,45.318,42.121,39.331,39.164,39.620,39.574,41.534,47.293,51.734,58.036,54.345,47.327,42.571,39.455
36.757,35.938,35.355,34.316,34.887,37.753,45.508,53.251,53.804,49.497,45.396,42.216,39.447,39.280,39.733,39.680,41.634,47.377,51.787,58.037,54.374,47.390,42.646,39.555
36.835,36.025,35.445,34.414,34.982,37.837,45.556,53.269,53.820,49.528,45.436,42.275,39.528,39.359,39.809,39.751,41.697,47.419,51.799,58.056,54.400,47.415,42.685,39.618
36.927,36.124,35.534,34.495,35.059,37.904,45.582,53.294,53.837,49.573,45.497,42.358,39.644,39.483,39.935,39.869,41.783,47.463,51.811,58.201,54.410,47.471,42.760,39.697
37.009,36.218,35.617,34.568,35.129,37.970,45.611,53.342,53.879,49.634,45.558,42.436,39.758,39.604,40.059,39.979,41.869,47.521,51.832,58.267,54.416,47.521,42.819,39.771
37.110,36.311,35.722,34.687,35.249,38.085,45.741,53.430,53.970,49.719,45.654,42.531,39.835,39.673,40.123,40.055,41.956,47.615,51.946,58.346,54.506,47.621,42.920,39.867
37.247,36.463,35.870,34.829,35.388,38.233,45.866,53.592,54.133,49.880,45.790,42.666,39.985,39.825,40.277,40.194,42.104,47.774,52.076,58.427,54.646,47.741,43.035,40.010
37.348,36.577,35.983,34.941,35.496,38.342,45.939,53.673,54.214,49.969,45.869,42.747,40.078,39.919,40.371,40.280,42.198,47.868,52.140,58.483,54.705,47.802,43.107,40.112
37.411,36.649,36.049,35.000,35.553,38.403,45.984,53.743,54.282,50.042,45.930,42.812,40.159,40.003,40.457,40.357,42.270,47.936,52.188,58.501,54.766,47.856,43.160,40.176
37.513,36.745,36.148,35.101,35.655,38.502,46.086,53.830,54.371,50.131,46.030,42.906,40.239,40.084,40.538,40.445,42.362,48.028,52.292,58.540,54.860,47.960,43.271,40.281
37.611,36.853,36.246,35.183,35.733,38.581,46.126,53.896,54.435,50.213,46.112,42.983,40.327,40.184,40.641,40.542,42.456,48.104,52.346,58.616,54.920,48.034,43.365,40.387
37.675,36.915,36.314,35.259,35.809,38.644,46.171,53.899,54.435,50.227,46.146,43.031,40.382,40.236,40.690,40.594,42.500,48.128,52.361,58.635,54.923,48.063,43.409,40.437
37.772,37.004,36.416,35.377,35.929,38.758,46.300,53.983,54.524,50.307,46.236,43.120,40.450,40.295,40.745,40.660,42.581,48.220,52.472,58.693,55.008,48.157,43.503,40.528
37.864,37.104,36.509,35.461,36.010,38.839,46.352,54.052,54.590,50.387,46.315,43.203,40.550,40.402,40.854,40.761,42.673,48.296,52.526,58.791,55.071,48.228,43.584,40.621
37.949,37.193,36.605,35.566,36.113,38.935,46.428,54.098,54.636,50.440,46.374,43.269,40.618,40.466,40.915,40.823,42.741,48.359,52.577,58.892,55.105,48.277,43.644,40.698
38.035,37.289,36.693,35.644,36.188,39.008,46.464,54.151,54.687,50.507,46.441,43.339,40.706,40.562,41.014,40.914,42.824,48.424,52.615,58.975,55.151,48.333,43.716,40.785
38.117,37.387,36.776,35.708,36.248,39.075,46.490,54.229,54.761,50.596,46.514,43.413,40.805,40.673,41.130,41.014,42.915,48.504,52.658,59.035,55.216,48.393,43.785,40.875
38.192,37.462,36.850,35.782,36.322,39.151,46.574,54.321,54.852,50.684,46.598,43.501,40.901,40.768,41.225,41.106,43.000,48.589,52.742,59.069,55.310,48.479,43.862,40.948
38.292,37.572,36.962,35.893,36.430,39.264,46.664,54.421,54.955,50.787,46.687,43.581,40.975,40.843,41.300,41.177,43.093,48.696,52.834,59.139,55.389,48.554,43.944,41.057
38.392,37.684,37.077,36.009,36.542,39.379,46.746,54.505,55.041,50.877,46.767,43.655,41.049,40.917,41.373,41.245,43.182,48.793,52.909,59.233,55.449,48.615,44.018,41.162
38.545,37.842,37.255,36.206,36.737,39.569,46.903,54.606,55.150,50.986,46.879,43.756,41.124,40.982,41.432,41.313,43.295,48.925,53.033,59.235,55.518,48.706,44.130,41.316
38.622,37.914,37.331,36.289,36.822,39.650,46.998,54.681,55.226,51.058,46.956,43.840,41.205,41.059,41.507,41.391,43.370,49.000,53.117,59.245,55.599,48.788,44.207,41.385
38.698,37.999,37.412,36.368,36.898,39.730,47.067,54.771,55.313,51.146,47.031,43.922,41.306,41.160,41.609,41.483,43.457,49.087,53.183,59.389,55.678,48.854,44.267,41.459
38.803,38.103,37.524,36.487,37.016,39.836,47.150,54.810,55.353,51.199,47.104,43.998,41.376,41.229,41.675,41.556,43.535,49.151,53.244,59.485,55.714,48.922,44.356,41.557
38.914,38.205,37.634,36.608,37.141,39.964,47.316,54.960,55.507,51.334,47.236,44.124,41.482,41.327,41.769,41.659,43.650,49.288,53.409,59.544,55.869,49.063,44.481,41.669
39.007,38.297,37.730,36.711,37.244,40.066,47.426,55.062,55.609,51.430,47.329,44.224,41.585,41.425,41.865,41.754,43.745,49.388,53.508,59.592,55.968,49.155,44.565,41.756
39.088,38.378,37.816,36.801,37.334,40.155,47.512,55.135,55.685,51.504,47.404,44.295,41.646,41.484,41.923,41.815,43.817,49.467,53.589,59.655,56.036,49.227,44.641,41.838
39.182,38.485,37.915,36.889,37.418,40.237,47.545,55.183,55.730,51.571,47.471,44.365,41.734,41.581,42.023,41.906,43.903,49.532,53.622,59.748,56.072,49.280,44.716,41.935
39.255,38.562,37.995,36.975,37.503,40.321,47.625,55.257,55.804,51.642,47.538,44.437,41.813,41.656,42.095,41.976,43.975,49.609,53.689,59.935,56.137,49.341,44.773,42.003
39.358,38.673,38.106,37.084,37.609,40.431,47.714,55.356,55.903,51.745,47.630,44.532,41.917,41.760,42.200,42.074,44.078,49.713,53.773,60.034,56.222,49.422,44.857,42.106
39.455,38.777,38.200,37.164,37.689,40.526,47.815,55.517,56.066,51.898,47.757,44.641,42.024,41.874,42.318,42.184,44.198,49.853,53.912,60.052,56.377,49.547,44.972,42.223
39.544,38.873,38.295,37.257,37.780,40.621,47.899,55.617,56.165,51.997,47.844,44.730,42.122,41.972,42.417,42.275,44.292,49.951,53.995,60.112,56.465,49.626,45.048,42.313
39.675,39.003,38.436,37.409,37.932,40.771,48.043,55.728,56.281,52.109,47.960,44.839,42.212,42.056,42.498,42.363,44.403,50.075,54.124,60.261,56.565,49.736,45.165,42.444
39.815,39.139,38.569,37.530,38.055,40.897,48.170,55.869,56.425,52.255,48.110,44.966,42.315,42.167,42.612,42.485,44.538,50.214,54.281,60.371,56.715,49.892,45.333,42.603
39.896,39.225,38.654,37.616,38.140,40.988,48.262,55.977,56.533,52.357,48.198,45.054,42.410,42.260,42.705,42.572,44.628,50.315,54.374,60.462,56.814,49.975,45.407,42.685
39.972,39.302,38.732,37.694,38.217,41.069,48.346,56.068,56.626,52.445,48.279,45.132,42.484,42.334,42.779,42.645,44.707,50.403,54.462,60.518,56.901,50.055,45.483,42.764
40.093,39.438,38.870,37.832,38.351,41.202,48.431,56.152,56.711,52.541,48.367,45.219,42.578,42.430,42.874,42.732,44.812,50.507,54.533,60.557,56.957,50.120,45.566,42.887
40.165,39.509,38.941,37.903,38.422,41.266,48.486,56.192,56.749,52.589,48.427,45.286,42.652,42.504,42.948,42.808,44.877,50.557,54.579,60.695,57.002,50.180,45.635,42.953
40.286,39.633,39.069,38.036,38.554,41.403,48.628,56.339,56.898,52.728,48.553,45.409,42.771,42.620,43.062,42.920,45.002,50.699,54.719,60.760,57.138,50.302,45.748,43.076
40.390,39.741,39.175,38.136,38.652,41.502,48.700,56.413,56.973,52.813,48.643,45.488,42.842,42.697,43.140,42.999,45.093,50.785,54.798,60.825,57.206,50.384,45.849,43.189
40.485,39.848,39.277,38.232,38.744,41.593,48.753,56.480,57.038,52.892,48.716,45.568,42.943,42.802,43.248,43.096,45.184,50.864,54.845,60.870,57.258,50.442,45.920,43.282
40.631,40.005,39.424,38.366,38.873,41.709,48.801,56.525,57.077,52.969,48.813,45.680,43.085,42.957,43.405,43.246,45.310,50.941,54.881,60.927,57.300,50.526,46.040,43.420
40.743,40.109,39.544,38.501,39.010,41.841,48.945,56.618,57.176,53.060,48.915,45.774,43.148,43.012,43.455,43.310,45.400,51.045,55.007,60.969,57.390,50.629,46.150,43.532
40.826,40.209,39.635,38.582,39.086,41.916,48.965,56.661,57.216,53.120,48.970,45.835,43.237,43.109,43.554,43.396,45.479,51.105,55.024,61.198,57.415,50.664,46.203,43.615
40.957,40.356,39.763,38.680,39.181,42.032,49.058,56.850,57.404,53.310,49.124,45.971,43.385,43.273,43.727,43.550,45.638,51.274,55.168,61.295,57.592,50.810,46.345,43.772
41.056,40.460,39.863,38.777,39.277,42.134,49.161,56.978,57.531,53.432,49.233,46.077,43.498,43.386,43.842,43.659,45.748,51.393,55.280,61.334,57.713,50.915,46.442,43.875
41.188,40.605,40.006,38.918,39.414,42.274,49.271,57.103,57.655,53.563,49.351,46.201,43.640,43.530,43.986,43.792,45.882,51.525,55.382,61.454,57.819,51.017,46.549,44.006
41.292,40.725,40.112,39.007,39.500,42.369,49.340,57.231,57.780,53.694,49.458,46.313,43.782,43.680,44.141,43.928,46.008,51.645,55.467,61.608,57.935,51.114,46.641,44.116
41.399,40.821,40.217,39.124,39.621,42.494,49.512,57.388,57.941,53.832,49.592,46.440,43.887,43.775,44.233,44.030,46.121,51.786,55.640,61.761,58.099,51.259,46.765,44.223
41.513,40.931,40.325,39.230,39.728,42.602,49.632,57.513,58.064,53.953,49.716,46.564,44.011,43.899,44.358,44.156,46.241,51.904,55.766,61.896,58.232,51.389,46.891,44.337
41.669,41.082,40.481,39.389,39.888,42.764,49.804,57.674,58.230,54.113,49.878,46.709,44.129,44.016,44.475,44.282,46.387,52.065,55.947,62.045,58.394,51.554,47.060,44.504
41.818,41.260,40.639,39.523,40.014,42.899,49.873,57.822,58.371,54.275,50.009,46.854,44.329,44.231,44.695,44.472,46.558,52.215,56.027,62.220,58.514,51.660,47.172,44.656
41.951,41.397,40.769,39.639,40.131,43.031,50.011,58.012,58.563,54.458,50.170,46.994,44.461,44.368,44.837,44.608,46.708,52.387,56.202,62.430,58.699,51.819,47.324,44.808
42.066,41.508,40.872,39.737,40.229,43.125,50.113,58.121,58.668,54.569,50.291,47.126,44.608,44.519,44.990,44.759,46.833,52.491,56.307,62.564,58.826,51.951,47.452,44.917
42.218,41.660,41.028,39.898,40.392,43.302,50.325,58.356,58.906,54.781,50.476,47.304,44.777,44.680,45.150,44.916,47.006,52.701,56.529,62.803,59.053,52.137,47.610,45.075
42.347,41.805,41.156,40.006,40.497,43.415,50.409,58.503,59.049,54.934,50.609,47.443,44.952,44.865,45.341,45.088,47.159,52.841,56.632,62.984,59.192,52.261,47.732,45.210
42.475,41.929,41.278,40.136,40.628,43.543,50.564,58.652,59.193,55.073,50.749,47.604,45.133,45.040,45.514,45.259,47.303,52.977,56.773,63.148,59.352,52.411,47.861,45.321
42.688,42.154,41.508,40.379,40.869,43.784,50.801,58.886,59.425,55.297,50.952,47.836,45.398,45.294,45.764,45.494,47.530,53.210,56.973,63.371,59.564,52.600,48.029,45.515
42.841,42.308,41.668,40.556,41.044,43.942,50.939,58.967,59.501,55.388,51.065,47.983,45.571,45.460,45.924,45.653,47.666,53.316,57.058,63.429,59.643,52.707,48.143,45.638
42.985,42.427,41.795,40.703,41.199,44.084,51.155,59.129,59.661,55.532,51.234,48.172,45.754,45.630,46.089,45.834,47.819,53.462,57.253,63.601,59.844,52.908,48.317,45.759
43.155,42.593,41.962,40.871,41.369,44.265,51.375,59.373,59.907,55.756,51.440,48.373,45.949,45.819,46.279,46.022,48.012,53.681,57.488,63.862,60.091,53.122,48.504,45.934
43.400,42.789,42.187,41.133,41.645,44.522,51.746,59.621,60.162,55.980,51.716,48.640,46.143,45.991,46.440,46.231,48.231,53.920,57.838,64.080,60.392,53.446,48.811,46.165
43.651,43.023,42.415,41.352,41.868,44.741,51.991,59.864,60.404,56.225,51.985,48.899,46.384,46.239,46.692,46.495,48.481,54.155,58.109,64.349,60.669,53.738,49.109,46.421
43.913,43.271,42.647,41.567,42.085,44.945,52.203,60.077,60.607,56.453,52.252,49.176,46.675,46.544,47.002,46.811,48.746,54.368,58.338,64.607,60.928,54.030,49.415,46.677
44.180,43.483,42.875,41.824,42.357,45.196,52.590,60.362,60.890,56.709,52.568,49.511,46.973,46.823,47.274,47.122,49.016,54.626,58.705,64.911,61.294,54.411,49.759,46.912
44.554,43.826,43.233,42.204,42.743,45.554,52.984,60.650,61.178,57.004,52.924,49.877,47.309,47.152,47.597,47.475,49.353,54.935,59.066,65.176,61.622,54.794,50.159,47.265
44.879,44.082,43.490,42.476,43.034,45.820,53.421,61.003,61.521,57.327,53.328,50.308,47.715,47.547,47.990,47.910,49.703,55.243,59.508,65.601,62.100,55.293,50.612,47.555
45.212,44.397,43.808,42.794,43.358,46.147,53.800,61.378,61.900,57.688,53.697,50.658,48.029,47.860,48.304,48.239,50.040,55.598,59.914,65.989,62.499,55.684,50.993,47.899
45.714,44.929,44.302,43.236,43.793,46.615,54.221,61.970,62.487,58.285,54.236,51.179,48.595,48.453,48.912,48.811,50.598,56.157,60.416,66.662,63.074,56.207,51.508,48.436
46.211,45.373,44.746,43.697,44.270,47.073,54.832,62.521,63.029,58.802,54.806,51.781,49.188,49.033,49.490,49.417,51.129,56.661,61.024,67.278,63.721,56.853,52.102,48.899
47.406,46.401,45.842,44.917,45.542,48.315,56.616,64.034,64.549,60.151,56.254,53.270,50.537,50.289,50.716,50.756,52.397,58.020,62.756,68.845,65.452,58.504,53.543,50.011
48.545,47.421,46.944,46.153,46.812,49.534,58.184,65.265,65.789,61.280,57.488,54.561,51.719,51.383,51.773,51.909,53.524,59.200,64.189,70.010,66.810,59.861,54.779,51.055
50.381,48.813,48.632,48.281,49.067,51.620,61.489,67.385,67.960,63.066,59.674,56.835,53.471,52.852,53.122,53.637,55.254,61.156,67.117,71.873,69.396,62.493,57.054,52.633
