5.132,-1.326,-1.121,-2.545,-1.401,-0.560,12.834,26.692,28.394,23.068,22.174,22.847,17.661,15.553,10.260,6.736,3.366,8.693,11.186,12.482,10.406,5.734,10.025,6.099
20.824,16.842,17.279,16.100,16.197,17.916,28.229,38.248,40.152,35.316,34.310,34.472,30.599,27.921,23.605,21.197,19.006,22.782,25.283,27.181,27.033,24.309,25.870,22.052
23.794,19.962,20.628,19.333,19.278,20.981,29.874,39.991,42.125,37.530,36.085,37.516,33.774,31.158,27.037,24.406,22.211,25.081,26.847,30.432,30.528,28.403,28.566,24.434
25.620,22.192,22.903,21.705,21.547,23.307,31.766,41.450,43.533,39.090,37.427,38.841,35.179,32.535,28.612,26.144,24.184,26.827,28.483,32.377,32.545,30.426,30.284,26.089
27.121,23.841,24.567,23.348,23.093,24.933,33.064,42.399,44.541,40.122,38.555,39.975,36.486,33.797,29.935,27.533,25.615,28.096,29.763,33.640,34.056,32.263,31.824,27.689
27.694,24.448,25.171,23.960,23.695,25.541,33.643,42.904,45.040,40.632,39.080,40.463,36.998,34.308,30.463,28.084,26.185,28.660,30.338,34.175,34.610,32.836,32.393,28.279
28.600,25.410,26.104,24.929,24.689,26.479,34.465,43.529,45.595,41.288,39.783,41.086,37.684,35.067,31.304,28.986,27.127,29.592,31.253,34.929,35.315,33.528,33.184,29.180
29.336,26.230,26.911,25.776,25.541,27.309,35.232,44.158,46.171,41.928,40.406,41.634,38.255,35.667,31.968,29.707,27.907,30.365,32.017,35.636,35.983,34.144,33.853,29.889
29.980,27.041,27.685,26.622,26.364,28.184,36.278,44.941,46.880,42.631,41.136,42.000,38.637,36.000,32.338,30.223,28.540,31.129,32.944,36.243,36.597,34.635,34.546,30.636
30.487,27.641,28.284,27.257,26.986,28.814,36.880,45.441,47.349,43.131,41.591,42.387,39.027,36.386,32.767,30.703,29.083,31.666,33.485,36.784,37.124,35.108,35.029,31.116
30.873,28.053,28.706,27.671,27.387,29.206,37.104,45.593,47.510,43.335,41.799,42.675,39.364,36.743,33.161,31.096,29.480,31.978,33.741,37.109,37.486,35.559,35.373,31.479
31.250,28.518,29.181,28.140,27.803,29.670,37.422,45.737,47.683,43.514,42.011,42.876,39.643,36.991,33.437,31.411,29.826,32.249,34.024,37.394,37.894,36.107,35.779,31.901
31.496,28.698,29.350,28.324,28.057,29.815,37.497,45.893,47.782,43.706,42.169,43.136,39.878,37.332,33.822,31.760,30.155,32.560,34.226,37.645,37.989,36.113,35.873,32.034
31.783,29.036,29.701,28.686,28.408,30.160,37.671,46.053,47.957,43.929,42.339,43.365,40.117,37.583,34.111,32.058,30.481,32.822,34.431,37.963,38.305,36.430,36.116,32.261
32.040,29.267,29.956,28.918,28.646,30.352,37.725,46.080,47.964,43.989,42.367,43.617,40.402,37.922,34.489,32.385,30.781,32.982,34.453,38.198,38.539,36.760,36.281,32.421
32.300,29.586,30.276,29.252,28.961,30.690,37.993,46.305,48.203,44.237,42.604,43.803,40.599,38.100,34.684,32.613,31.043,33.241,34.732,38.462,38.827,37.048,36.554,32.691
32.433,29.730,30.434,29.407,29.114,30.825,37.997,46.314,48.218,44.290,42.620,43.918,40.726,38.249,34.860,32.774,31.207,33.334,34.755,38.608,38.969,37.219,36.638,32.764
32.616,29.880,30.591,29.548,29.266,30.942,38.008,46.316,48.224,44.336,42.672,44.089,40.922,38.486,35.117,32.999,31.407,33.464,34.813,38.745,39.100,37.411,36.763,32.906
32.868,30.220,30.919,29.908,29.608,31.312,38.350,46.513,48.384,44.591,42.931,44.202,41.049,38.590,35.244,33.193,31.657,33.753,35.164,38.983,39.353,37.626,37.034,33.196
33.015,30.348,31.051,30.042,29.764,31.421,38.405,46.595,48.476,44.642,42.958,44.344,41.192,38.782,35.465,33.392,31.848,33.896,35.230,39.132,39.452,37.715,37.104,33.275
33.289,30.615,31.330,30.305,30.035,31.636,38.415,46.632,48.499,44.666,42.979,44.507,41.419,39.080,35.824,33.722,32.161,34.069,35.274,39.310,39.633,38.014,37.263,33.474
33.407,30.732,31.447,30.428,30.165,31.762,38.506,46.697,48.560,44.818,43.112,44.656,41.548,39.209,35.951,33.848,32.292,34.213,35.417,39.467,39.765,38.103,37.377,33.575
33.511,30.818,31.535,30.510,30.251,31.843,38.580,46.794,48.662,44.919,43.214,44.782,41.672,39.339,36.077,33.962,32.394,34.310,35.504,39.569,39.864,38.210,37.476,33.673
33.626,30.911,31.630,30.600,30.349,31.928,38.653,46.905,48.776,45.038,43.326,44.935,41.818,39.495,36.231,34.098,32.518,34.424,35.595,39.695,39.975,38.318,37.578,33.770
33.719,31.000,31.724,30.697,30.450,32.023,38.753,47.040,48.907,45.172,43.433,45.064,41.929,39.610,36.345,34.205,32.626,34.530,35.684,39.829,40.087,38.402,37.661,33.835
33.988,31.318,32.023,31.020,30.783,32.327,38.977,47.116,48.942,45.269,43.564,45.132,42.046,39.766,36.557,34.461,32.914,34.808,35.959,39.994,40.235,38.554,37.865,34.112
34.094,31.414,32.122,31.116,30.885,32.414,39.023,47.171,48.995,45.339,43.629,45.236,42.153,39.891,36.690,34.585,33.032,34.905,36.028,40.094,40.323,38.649,37.946,34.196
34.219,31.585,32.301,31.303,31.053,32.606,39.206,47.325,49.152,45.491,43.751,45.342,42.257,39.971,36.777,34.690,33.163,35.024,36.155,40.258,40.508,38.831,38.089,34.315
34.378,31.780,32.493,31.508,31.254,32.803,39.357,47.414,49.227,45.590,43.846,45.420,42.352,40.074,36.906,34.840,33.335,35.181,36.303,40.398,40.647,38.970,38.224,34.464
34.483,31.900,32.615,31.634,31.378,32.927,39.467,47.508,49.318,45.688,43.934,45.507,42.440,40.163,37.003,34.943,33.447,35.286,36.403,40.509,40.758,39.077,38.323,34.561
34.612,32.046,32.760,31.784,31.528,33.068,39.557,47.561,49.363,45.756,44.001,45.583,42.531,40.267,37.127,35.075,33.588,35.406,36.506,40.617,40.864,39.193,38.427,34.679
34.778,32.227,32.932,31.966,31.716,33.247,39.732,47.686,49.471,45.880,44.141,45.681,42.642,40.390,37.265,35.232,33.757,35.586,36.697,40.747,40.983,39.301,38.575,34.853
34.898,32.357,33.056,32.098,31.852,33.373,39.846,47.764,49.535,45.961,44.232,45.751,42.722,40.482,37.371,35.349,33.883,35.715,36.826,40.840,41.066,39.378,38.677,34.977
34.998,32.447,33.147,32.184,31.937,33.460,39.932,47.864,49.640,46.062,44.336,45.868,42.839,40.597,37.481,35.452,33.978,35.807,36.917,40.939,41.170,39.493,38.781,35.078
35.137,32.621,33.319,32.364,32.104,33.646,40.130,48.009,49.784,46.198,44.478,45.958,42.938,40.679,37.566,35.562,34.108,35.946,37.084,41.069,41.325,39.652,38.941,35.241
35.267,32.768,33.458,32.514,32.259,33.792,40.252,48.102,49.858,46.290,44.581,46.023,43.015,40.768,37.672,35.686,34.245,36.093,37.237,41.170,41.412,39.725,39.052,35.376
35.347,32.825,33.525,32.569,32.319,33.836,40.270,48.129,49.898,46.343,44.615,46.147,43.136,40.904,37.811,35.797,34.339,36.145,37.241,41.265,41.501,39.837,39.107,35.418
35.446,32.925,33.623,32.669,32.422,33.928,40.305,48.161,49.924,46.388,44.665,46.210,43.212,40.995,37.915,35.902,34.444,36.235,37.316,41.339,41.569,39.916,39.183,35.509
35.591,33.073,33.772,32.812,32.559,34.073,40.435,48.269,50.039,46.499,44.793,46.335,43.351,41.128,38.047,36.037,34.577,36.361,37.449,41.458,41.713,40.091,39.339,35.671
35.697,33.183,33.878,32.922,32.671,34.184,40.560,48.383,50.147,46.608,44.907,46.427,43.443,41.221,38.142,36.139,34.682,36.478,37.575,41.558,41.807,40.174,39.444,35.783
35.794,33.297,33.995,33.039,32.776,34.302,40.667,48.468,50.239,46.694,44.994,46.507,43.531,41.298,38.219,36.222,34.773,36.560,37.665,41.653,41.924,40.310,39.555,35.889
35.894,33.401,34.095,33.140,32.877,34.404,40.773,48.554,50.322,46.777,45.090,46.585,43.616,41.383,38.305,36.315,34.868,36.661,37.775,41.733,42.010,40.402,39.657,36.002
35.985,33.488,34.183,33.234,32.983,34.485,40.807,48.594,50.349,46.835,45.129,46.661,43.691,41.484,38.426,36.430,34.985,36.757,37.834,41.828,42.072,40.446,39.703,36.054
36.115,33.615,34.303,33.352,33.104,34.603,40.924,48.679,50.430,46.920,45.244,46.752,43.798,41.597,38.541,36.553,35.104,36.885,37.975,41.911,42.162,40.553,39.831,36.209
36.223,33.729,34.408,33.465,33.221,34.715,41.053,48.781,50.519,47.015,45.353,46.823,43.874,41.680,38.630,36.654,35.211,37.010,38.114,41.996,42.237,40.615,39.933,36.329
36.311,33.832,34.511,33.578,33.340,34.824,41.151,48.871,50.595,47.108,45.426,46.894,43.939,41.754,38.718,36.750,35.320,37.115,38.207,42.104,42.321,40.668,39.999,36.394
36.415,33.934,34.612,33.681,33.447,34.927,41.261,48.985,50.705,47.220,45.535,46.999,44.040,41.859,38.824,36.856,35.427,37.228,38.319,42.211,42.419,40.755,40.098,36.494
36.536,34.067,34.742,33.816,33.578,35.067,41.428,49.140,50.857,47.364,45.681,47.112,44.151,41.960,38.922,36.964,35.543,37.360,38.470,42.337,42.549,40.873,40.233,36.628
36.657,34.175,34.853,33.920,33.681,35.170,41.523,49.253,50.979,47.481,45.801,47.255,44.295,42.103,39.059,37.091,35.659,37.468,38.571,42.456,42.676,41.018,40.358,36.749
36.761,34.279,34.957,34.021,33.779,35.270,41.608,49.323,51.052,47.556,45.887,47.343,44.392,42.201,39.159,37.191,35.758,37.560,38.665,42.540,42.770,41.130,40.462,36.860
36.857,34.372,35.044,34.110,33.872,35.362,41.728,49.436,51.159,47.659,46.003,47.431,44.480,42.288,39.243,37.281,35.847,37.668,38.789,42.624,42.850,41.201,40.563,36.971
36.966,34.485,35.153,34.220,33.979,35.476,41.857,49.542,51.265,47.759,46.120,47.517,44.574,42.377,39.329,37.376,35.945,37.778,38.918,42.710,42.949,41.307,40.683,37.102
37.050,34.566,35.242,34.301,34.056,35.549,41.871,49.563,51.297,47.800,46.153,47.606,44.671,42.480,39.439,37.473,36.035,37.832,38.942,42.793,43.042,41.432,40.754,37.167
37.174,34.692,35.361,34.423,34.184,35.669,41.988,49.653,51.377,47.890,46.260,47.692,44.767,42.585,39.551,37.594,36.158,37.962,39.078,42.886,43.129,41.519,40.867,37.301
37.263,34.782,35.456,34.514,34.269,35.757,42.047,49.713,51.446,47.960,46.325,47.784,44.864,42.681,39.648,37.685,36.246,38.031,39.134,42.977,43.232,41.644,40.956,37.382
37.364,34.900,35.584,34.641,34.384,35.883,42.144,49.813,51.555,48.068,46.409,47.895,44.973,42.780,39.750,37.785,36.354,38.115,39.205,43.106,43.376,41.799,41.063,37.468
37.448,34.986,35.673,34.730,34.470,35.979,42.270,49.965,51.712,48.210,46.535,48.018,45.081,42.873,39.833,37.866,36.437,38.206,39.303,43.228,43.499,41.906,41.165,37.548
37.530,35.074,35.766,34.825,34.567,36.066,42.317,50.015,51.759,48.274,46.579,48.096,45.158,42.962,39.933,37.962,36.537,38.284,39.353,43.324,43.583,41.986,41.224,37.602
37.647,35.194,35.880,34.943,34.689,36.185,42.447,50.120,51.854,48.374,46.695,48.179,45.248,43.057,40.033,38.072,36.651,38.411,39.494,43.416,43.671,42.068,41.337,37.733
37.730,35.280,35.963,35.031,34.779,36.271,42.534,50.205,51.934,48.458,46.776,48.256,45.323,43.135,40.115,38.157,36.739,38.502,39.582,43.501,43.747,42.133,41.413,37.811
37.848,35.426,36.110,35.185,34.926,36.424,42.674,50.307,52.031,48.562,46.873,48.333,45.406,43.214,40.205,38.263,36.861,38.620,39.705,43.619,43.872,42.255,41.529,37.928
37.936,35.527,36.208,35.290,35.032,36.530,42.788,50.402,52.118,48.653,46.962,48.399,45.472,43.280,40.277,38.345,36.954,38.720,39.812,43.708,43.954,42.323,41.614,38.018
38.067,35.666,36.343,35.425,35.160,36.669,42.940,50.525,52.243,48.770,47.099,48.503,45.587,43.386,40.380,38.458,37.069,38.846,39.961,43.814,44.079,42.464,41.761,38.175
38.193,35.770,36.440,35.520,35.265,36.766,43.071,50.664,52.377,48.899,47.251,48.634,45.717,43.523,40.509,38.585,37.186,38.986,40.116,43.915,44.171,42.549,41.889,38.320
38.305,35.875,36.536,35.617,35.369,36.862,43.171,50.741,52.445,48.975,47.353,48.712,45.806,43.623,40.613,38.695,37.291,39.104,40.244,43.986,44.237,42.617,41.991,38.448
38.420,36.006,36.663,35.751,35.502,36.993,43.291,50.825,52.521,49.060,47.444,48.782,45.886,43.706,40.708,38.802,37.409,39.222,40.365,44.083,44.333,42.713,42.097,38.566
38.537,36.134,36.787,35.884,35.635,37.132,43.473,51.001,52.688,49.221,47.600,48.896,45.991,43.803,40.802,38.909,37.526,39.364,40.528,44.215,44.457,42.807,42.225,38.692
38.689,36.286,36.943,36.033,35.780,37.279,43.587,51.108,52.803,49.338,47.722,49.040,46.145,43.958,40.958,39.061,37.675,39.494,40.649,44.354,44.611,42.989,42.376,38.844
38.811,36.429,37.082,36.181,35.925,37.429,43.754,51.248,52.935,49.470,47.852,49.135,46.240,44.047,41.052,39.170,37.798,39.629,40.799,44.478,44.736,43.099,42.503,38.974
38.982,36.608,37.260,36.360,36.097,37.614,43.964,51.442,53.132,49.654,48.046,49.296,46.403,44.197,41.197,39.324,37.957,39.802,40.995,44.643,44.915,43.281,42.693,39.165
39.149,36.789,37.431,36.542,36.279,37.812,44.262,51.724,53.402,49.900,48.303,49.458,46.552,44.325,41.312,39.463,38.110,40.013,41.262,44.820,45.088,43.408,42.894,39.369
39.285,36.919,37.554,36.670,36.415,37.940,44.409,51.871,53.539,50.041,48.452,49.588,46.679,44.460,41.448,39.602,38.248,40.167,41.421,44.948,45.199,43.500,43.022,39.508
39.436,37.099,37.734,36.860,36.595,38.141,44.663,52.109,53.772,50.258,48.655,49.735,46.814,44.573,41.556,39.730,38.396,40.340,41.626,45.131,45.388,43.658,43.200,39.671
39.538,37.205,37.836,36.968,36.708,38.248,44.781,52.222,53.877,50.368,48.763,49.828,46.903,44.667,41.654,39.833,38.504,40.458,41.747,45.235,45.479,43.731,43.296,39.772
39.653,37.332,37.966,37.101,36.834,38.387,44.944,52.390,54.047,50.526,48.908,49.958,47.024,44.773,41.755,39.939,38.618,40.580,41.880,45.379,45.627,43.864,43.427,39.887
39.790,37.474,38.102,37.238,36.970,38.527,45.098,52.516,54.170,50.646,49.049,50.065,47.141,44.887,41.868,40.063,38.744,40.719,42.039,45.487,45.745,43.991,43.573,40.048
39.952,37.623,38.246,37.378,37.114,38.662,45.207,52.602,54.256,50.741,49.173,50.192,47.287,45.046,42.032,40.226,38.897,40.867,42.185,45.597,45.861,44.135,43.722,40.223
40.090,37.765,38.384,37.526,37.271,38.810,45.389,52.795,54.432,50.923,49.341,50.337,47.416,45.181,42.170,40.370,39.049,41.040,42.361,45.759,45.992,44.220,43.850,40.351
40.296,37.993,38.604,37.756,37.497,39.047,45.663,53.024,54.653,51.137,49.569,50.498,47.582,45.337,42.328,40.551,39.246,41.263,42.619,45.949,46.189,44.404,44.071,40.585
40.454,38.164,38.791,37.938,37.667,39.226,45.789,53.178,54.823,51.308,49.698,50.694,47.771,45.517,42.511,40.720,39.419,41.393,42.714,46.160,46.413,44.642,44.228,40.704
40.671,38.406,39.031,38.186,37.903,39.491,46.138,53.518,55.162,51.616,50.000,50.922,47.982,45.695,42.674,40.904,39.621,41.636,43.006,46.410,46.677,44.874,44.491,40.950
40.808,38.549,39.175,38.339,38.062,39.642,46.301,53.697,55.330,51.791,50.152,51.072,48.117,45.835,42.820,41.052,39.777,41.798,43.159,46.583,46.821,44.979,44.615,41.064
41.051,38.812,39.433,38.599,38.312,39.910,46.592,53.940,55.574,52.023,50.407,51.272,48.331,46.033,43.014,41.266,40.001,42.038,43.435,46.798,47.064,45.236,44.883,41.344
41.221,38.988,39.620,38.782,38.484,40.094,46.756,54.128,55.777,52.218,50.575,51.479,48.530,46.219,43.196,41.438,40.174,42.189,43.570,47.006,47.287,45.471,45.064,41.496
41.486,39.311,39.936,39.119,38.808,40.442,47.160,54.460,56.091,52.523,50.877,51.675,48.725,46.390,43.375,41.660,40.435,42.486,43.918,47.281,47.572,45.718,45.355,41.788
41.651,39.503,40.133,39.325,39.010,40.646,47.346,54.641,56.267,52.708,51.029,51.834,48.877,46.538,43.535,41.827,40.620,42.658,44.076,47.486,47.767,45.893,45.512,41.928
41.934,39.818,40.429,39.644,39.330,40.980,47.786,55.018,56.616,53.044,51.389,52.052,49.090,46.738,43.734,42.070,40.891,43.001,44.490,47.752,48.022,46.087,45.817,42.258
42.229,40.148,40.753,39.987,39.665,41.348,48.302,55.532,57.118,53.505,51.833,52.372,49.375,46.980,43.956,42.325,41.175,43.361,44.923,48.113,48.378,46.363,46.171,42.587
42.420,40.360,40.978,40.215,39.881,41.580,48.533,55.797,57.393,53.769,52.047,52.614,49.594,47.181,44.153,42.518,41.381,43.551,45.099,48.383,48.649,46.612,46.375,42.745
42.811,40.777,41.385,40.645,40.312,42.033,49.141,56.413,57.987,54.330,52.590,53.032,49.973,47.528,44.484,42.879,41.771,44.024,45.639,48.840,49.079,46.940,46.809,43.161
43.099,41.091,41.693,40.968,40.627,42.382,49.636,56.912,58.478,54.777,53.026,53.353,50.261,47.774,44.705,43.128,42.044,44.370,46.058,49.187,49.425,47.215,47.157,43.486
43.538,41.605,42.206,41.515,41.145,42.983,50.525,57.838,59.397,55.598,53.781,53.901,50.723,48.135,45.015,43.491,42.466,44.925,46.745,49.814,50.054,47.685,47.730,43.972
44.041,42.142,42.751,42.064,41.654,43.586,51.369,58.742,60.333,56.417,54.567,54.552,51.312,48.614,45.423,43.921,42.919,45.474,47.416,50.461,50.756,48.324,48.390,44.543
44.545,42.697,43.333,42.654,42.213,44.196,52.040,59.490,61.103,57.142,55.186,55.185,51.887,49.126,45.913,44.411,43.442,45.992,47.939,51.151,51.461,48.969,48.957,45.003
45.349,43.532,44.124,43.477,43.027,45.091,53.369,60.767,62.351,58.265,56.392,55.997,52.651,49.795,46.506,45.090,44.156,46.955,49.153,51.962,52.288,49.652,49.933,45.998
46.229,44.485,45.092,44.486,44.013,46.154,54.735,62.273,63.848,59.665,57.638,57.102,53.618,50.657,47.314,45.928,45.062,47.980,50.267,53.165,53.444,50.572,50.932,46.845
47.403,45.652,46.248,45.652,45.172,47.375,56.276,63.902,65.481,61.187,59.157,58.435,54.875,51.832,48.412,47.046,46.189,49.261,51.688,54.455,54.732,51.737,52.243,48.103
48.876,47.326,48.042,47.476,46.890,49.241,58.180,66.102,67.759,63.364,60.876,60.366,56.595,53.369,49.916,48.525,47.796,50.747,53.069,56.653,56.945,53.741,53.852,49.299
50.773,49.105,50.024,49.396,48.826,51.078,59.500,68.316,70.100,65.794,62.622,63.245,59.180,56.010,52.565,50.835,50.041,52.510,54.182,59.481,59.539,56.177,55.532,50.451
