-16.932,-23.426,-29.208,-30.480,-29.816,-27.812,-15.584,-16.099,-9.456,-15.167,-24.886,-36.856,-45.778,-54.784,-54.763,-48.501,-39.169,-22.533,-9.033,-2.547,-8.399,-18.966,-23.354,-32.315
0.970,-3.989,-8.412,-9.493,-8.906,-7.317,1.588,1.513,6.546,2.862,-4.770,-13.648,-20.422,-27.196,-27.827,-22.987,-15.809,-3.241,6.885,11.815,7.431,-0.737,-3.890,-10.646
9.389,5.199,1.472,0.541,1.092,2.583,9.692,9.955,14.122,11.511,4.890,-2.199,-7.835,-13.313,-14.376,-10.318,-4.413,6.013,14.362,18.813,15.075,7.915,5.237,-0.428
13.694,9.987,6.719,5.879,6.297,7.701,14.034,14.252,17.965,15.600,9.724,3.469,-1.537,-6.402,-7.316,-3.784,1.432,10.724,18.131,22.255,18.913,12.487,10.037,5.064
15.136,11.557,8.402,7.589,8.010,9.394,15.411,15.697,19.259,17.092,11.382,5.436,0.624,-4.014,-5.017,-1.611,3.388,12.310,19.413,23.447,20.214,13.957,11.593,6.797
16.720,13.255,10.165,9.415,9.904,11.143,16.941,17.219,20.634,18.545,13.055,7.279,2.648,-1.808,-2.765,0.595,5.417,13.973,20.832,24.542,21.435,15.478,13.255,8.551
17.913,14.574,11.589,10.754,11.198,12.295,17.993,18.159,21.541,19.578,14.276,8.434,3.882,-0.660,-1.568,1.749,6.687,15.087,21.790,25.028,22.168,16.636,14.704,10.239
18.697,15.405,12.445,11.604,12.092,13.132,18.661,18.880,22.200,20.409,15.154,9.413,4.937,0.472,-0.544,2.772,7.670,15.903,22.475,25.546,22.766,17.356,15.539,11.134
19.577,16.398,13.561,12.755,13.177,14.252,19.621,19.825,23.039,21.245,16.166,10.659,6.332,2.033,1.089,4.238,8.927,16.909,23.266,26.403,23.676,18.364,16.522,12.285
20.377,17.292,14.549,13.721,14.101,15.163,20.374,20.574,23.722,22.041,17.080,11.701,7.476,3.245,2.277,5.333,9.958,17.757,23.938,26.976,24.357,19.206,17.457,13.390
20.857,17.831,15.156,14.345,14.689,15.784,20.890,21.099,24.188,22.530,17.650,12.421,8.278,4.150,3.191,6.153,10.656,18.316,24.373,27.476,24.879,19.759,17.989,14.015
21.294,18.318,15.690,14.892,15.222,16.315,21.339,21.548,24.588,22.951,18.146,13.013,8.938,4.881,3.938,6.841,11.262,18.803,24.761,27.853,25.289,20.231,18.472,14.566
21.697,18.746,16.158,15.364,15.677,16.847,21.723,22.023,25.016,23.504,18.687,13.743,9.725,5.784,4.712,7.549,11.860,19.299,25.150,28.403,25.827,20.683,18.883,15.035
22.128,19.226,16.690,15.912,16.208,17.398,22.163,22.487,25.423,23.959,19.206,14.399,10.457,6.613,5.525,8.292,12.496,19.801,25.536,28.826,26.272,21.158,19.353,15.578
22.328,19.433,16.904,16.111,16.414,17.627,22.307,22.689,25.612,24.260,19.477,14.741,10.816,7.007,5.809,8.570,12.760,20.028,25.718,29.038,26.493,21.349,19.562,15.811
22.379,19.476,16.944,16.156,16.455,17.680,22.376,22.757,25.684,24.310,19.520,14.782,10.850,7.042,5.855,8.614,12.798,20.082,25.785,29.138,26.578,21.410,19.600,15.838
22.456,19.561,17.047,16.255,16.517,17.765,22.500,22.848,25.786,24.355,19.581,14.830,10.893,7.065,5.933,8.662,12.847,20.156,25.870,29.273,26.708,21.534,19.695,15.958
22.700,19.829,17.332,16.570,16.843,18.077,22.768,23.117,26.014,24.568,19.849,15.162,11.271,7.509,6.407,9.110,13.218,20.440,26.097,29.489,26.928,21.787,19.940,16.213
22.971,20.106,17.602,16.834,17.124,18.301,23.011,23.327,26.228,24.774,20.082,15.333,11.439,7.642,6.574,9.305,13.456,20.672,26.338,29.591,27.068,22.017,20.230,16.503
23.263,20.456,18.033,17.253,17.469,18.709,23.343,23.655,26.523,25.090,20.461,15.832,11.997,8.256,7.195,9.817,13.891,21.025,26.588,29.949,27.453,22.414,20.603,17.000
23.407,20.625,18.243,17.481,17.652,18.949,23.568,23.873,26.719,25.232,20.642,16.098,12.297,8.610,7.598,10.144,14.130,21.224,26.744,30.248,27.728,22.646,20.759,17.201
23.645,20.893,18.547,17.779,17.927,19.237,23.806,24.112,26.937,25.479,20.923,16.435,12.667,9.010,7.991,10.495,14.448,21.488,26.950,30.464,27.969,22.916,21.039,17.539
23.831,21.105,18.794,18.019,18.135,19.481,24.000,24.319,27.127,25.701,21.164,16.746,13.006,9.382,8.342,10.796,14.710,21.708,27.117,30.694,28.209,23.148,21.259,17.816
23.943,21.230,18.944,18.162,18.250,19.629,24.128,24.451,27.254,25.835,21.306,16.928,13.201,9.593,8.546,10.964,14.855,21.840,27.224,30.866,28.380,23.300,21.391,17.986
24.116,21.413,19.138,18.342,18.422,19.803,24.276,24.606,27.407,26.028,21.500,17.133,13.412,9.800,8.726,11.136,15.039,22.012,27.376,31.001,28.536,23.473,21.589,18.213
24.262,21.569,19.305,18.501,18.574,19.951,24.413,24.737,27.537,26.171,21.654,17.288,13.574,9.957,8.881,11.284,15.193,22.156,27.506,31.109,28.660,23.623,21.757,18.403
24.409,21.732,19.483,18.681,18.746,20.114,24.571,24.878,27.667,26.286,21.801,17.443,13.744,10.134,9.088,11.474,15.370,22.306,27.636,31.216,28.782,23.781,21.923,18.591
24.587,21.933,19.714,18.918,18.957,20.337,24.785,25.072,27.847,26.436,21.993,17.667,13.992,10.403,9.400,11.745,15.603,22.505,27.801,31.408,28.982,24.000,22.127,18.833
24.738,22.104,19.911,19.093,19.103,20.492,24.926,25.200,27.977,26.587,22.161,17.838,14.171,10.565,9.560,11.879,15.754,22.651,27.924,31.519,29.123,24.175,22.326,19.087
24.821,22.187,19.989,19.193,19.214,20.597,25.033,25.305,28.069,26.647,22.237,17.928,14.272,10.692,9.715,12.033,15.873,22.748,28.017,31.619,29.209,24.257,22.387,19.127
24.964,22.336,20.145,19.340,19.354,20.737,25.167,25.437,28.203,26.796,22.387,18.077,14.422,10.834,9.849,12.163,16.014,22.888,28.150,31.743,29.344,24.404,22.547,19.303
25.118,22.501,20.322,19.512,19.521,20.903,25.309,25.582,28.340,26.955,22.558,18.265,14.622,11.042,10.046,12.349,16.195,23.047,28.286,31.864,29.481,24.561,22.719,19.499
25.211,22.592,20.405,19.610,19.628,20.984,25.427,25.671,28.429,26.986,22.612,18.286,14.642,11.054,10.118,12.431,16.275,23.128,28.385,31.922,29.537,24.645,22.801,19.559
25.329,22.719,20.543,19.749,19.760,21.123,25.554,25.797,28.547,27.102,22.742,18.436,14.802,11.228,10.297,12.595,16.421,23.257,28.497,32.049,29.666,24.777,22.927,19.700
25.410,22.797,20.615,19.835,19.859,21.217,25.643,25.892,28.633,27.180,22.822,18.529,14.903,11.348,10.422,12.724,16.528,23.348,28.586,32.141,29.747,24.852,22.990,19.745
25.490,22.882,20.703,19.918,19.939,21.290,25.716,25.959,28.701,27.252,22.901,18.599,14.973,11.409,10.485,12.787,16.602,23.422,28.656,32.189,29.807,24.930,23.082,19.848
25.582,22.973,20.797,20.018,20.037,21.402,25.815,26.069,28.806,27.360,23.006,18.729,15.110,11.565,10.632,12.925,16.719,23.528,28.754,32.322,29.929,25.031,23.166,19.931
25.687,23.092,20.937,20.172,20.172,21.558,25.967,26.212,28.933,27.449,23.124,18.889,15.291,11.779,10.883,13.139,16.881,23.662,28.864,32.493,30.089,25.178,23.275,20.058
25.793,23.204,21.058,20.287,20.278,21.676,26.071,26.322,29.042,27.574,23.247,19.030,15.436,11.929,11.019,13.262,17.001,23.776,28.966,32.616,30.214,25.296,23.392,20.192
25.861,23.278,21.141,20.376,20.355,21.768,26.161,26.410,29.124,27.640,23.323,19.127,15.540,12.047,11.151,13.375,17.091,23.858,29.038,32.726,30.317,25.387,23.462,20.272
25.918,23.337,21.205,20.437,20.407,21.824,26.227,26.467,29.185,27.688,23.375,19.172,15.583,12.081,11.199,13.417,17.137,23.912,29.096,32.790,30.382,25.455,23.526,20.342
26.025,23.453,21.332,20.563,20.523,21.944,26.340,26.574,29.288,27.788,23.488,19.295,15.715,12.218,11.345,13.549,17.260,24.024,29.194,32.892,30.491,25.574,23.646,20.480
26.140,23.568,21.441,20.680,20.657,22.068,26.444,26.692,29.395,27.913,23.613,19.437,15.866,12.389,11.499,13.711,17.408,24.148,29.307,32.990,30.588,25.673,23.750,20.572
26.207,23.641,21.528,20.766,20.725,22.156,26.529,26.774,29.476,27.984,23.691,19.534,15.968,12.499,11.618,13.807,17.489,24.226,29.375,33.100,30.695,25.767,23.826,20.668
26.279,23.717,21.609,20.847,20.802,22.236,26.602,26.848,29.546,28.057,23.769,19.621,16.060,12.595,11.714,13.897,17.573,24.302,29.444,33.172,30.769,25.844,23.903,20.752
26.377,23.811,21.695,20.942,20.904,22.329,26.711,26.949,29.648,28.136,23.852,19.692,16.128,12.664,11.801,13.992,17.665,24.397,29.549,33.269,30.860,25.936,23.989,20.822
26.456,23.890,21.755,21.027,21.005,22.434,26.806,27.058,29.743,28.221,23.928,19.771,16.203,12.759,11.920,14.124,17.767,24.500,29.638,33.398,30.972,26.024,24.039,20.822
26.474,23.891,21.775,21.037,21.010,22.441,26.839,27.083,29.778,28.226,23.944,19.822,16.271,12.840,11.976,14.158,17.791,24.505,29.679,33.435,30.990,26.027,24.051,20.874
26.570,23.980,21.831,21.113,21.114,22.522,26.928,27.175,29.866,28.309,24.014,19.848,16.279,12.840,12.001,14.223,17.865,24.598,29.778,33.505,31.057,26.100,24.119,20.879
26.669,24.083,21.941,21.227,21.222,22.634,27.044,27.284,29.972,28.395,24.112,19.954,16.390,12.959,12.138,14.349,17.977,24.703,29.879,33.621,31.170,26.213,24.219,20.984
26.794,24.214,22.075,21.376,21.377,22.789,27.182,27.427,30.100,28.516,24.247,20.120,16.574,13.172,12.360,14.560,18.153,24.848,30.004,33.759,31.302,26.343,24.336,21.098
26.876,24.290,22.143,21.452,21.458,22.863,27.277,27.514,30.189,28.579,24.311,20.168,16.616,13.211,12.420,14.628,18.220,24.925,30.097,33.848,31.382,26.420,24.405,21.149
26.964,24.383,22.241,21.560,21.563,22.968,27.387,27.614,30.283,28.645,24.394,20.259,16.716,13.323,12.560,14.758,18.329,25.021,30.187,33.947,31.477,26.520,24.491,21.236
27.035,24.457,22.317,21.643,21.646,23.047,27.475,27.692,30.357,28.696,24.458,20.323,16.784,13.395,12.656,14.849,18.410,25.096,30.261,34.021,31.548,26.597,24.560,21.302
27.098,24.517,22.380,21.715,21.711,23.136,27.559,27.788,30.449,28.779,24.534,20.429,16.894,13.527,12.784,14.963,18.495,25.179,30.340,34.166,31.672,26.681,24.610,21.348
27.176,24.590,22.448,21.789,21.795,23.227,27.631,27.881,30.535,28.883,24.626,20.545,17.014,13.667,12.899,15.082,18.596,25.269,30.424,34.272,31.767,26.753,24.672,21.398
27.293,24.713,22.575,21.915,21.916,23.342,27.753,27.990,30.644,28.980,24.736,20.645,17.116,13.762,13.013,15.191,18.710,25.381,30.535,34.365,31.868,26.873,24.799,21.534
27.370,24.783,22.634,21.977,21.989,23.403,27.829,28.062,30.720,29.045,24.797,20.687,17.150,13.789,13.046,15.240,18.768,25.450,30.618,34.428,31.928,26.936,24.865,21.581
27.452,24.873,22.740,22.079,22.069,23.502,27.928,28.155,30.814,29.129,24.889,20.793,17.261,13.901,13.169,15.338,18.858,25.540,30.699,34.548,32.047,27.047,24.962,21.703
27.554,24.960,22.802,22.153,22.172,23.577,28.025,28.249,30.910,29.207,24.960,20.832,17.290,13.924,13.204,15.407,18.936,25.627,30.812,34.615,32.106,27.114,25.035,21.732
27.685,25.105,22.967,22.315,22.319,23.748,28.154,28.396,31.044,29.373,25.132,21.056,17.533,14.195,13.448,15.623,19.124,25.784,30.932,34.778,32.273,27.268,25.182,21.910
27.744,25.157,23.010,22.367,22.381,23.807,28.221,28.465,31.112,29.427,25.182,21.105,17.579,14.248,13.507,15.690,19.183,25.845,31.002,34.854,32.338,27.321,25.224,21.932
27.811,25.225,23.083,22.447,22.453,23.894,28.307,28.553,31.196,29.500,25.257,21.200,17.679,14.362,13.628,15.797,19.268,25.926,31.077,34.971,32.443,27.406,25.285,21.996
27.874,25.285,23.141,22.514,22.523,23.973,28.382,28.636,31.275,29.570,25.324,21.284,17.767,14.467,13.732,15.898,19.349,26.001,31.151,35.075,32.533,27.474,25.334,22.035
27.967,25.379,23.232,22.609,22.622,24.058,28.483,28.723,31.362,29.636,25.401,21.344,17.826,14.519,13.810,15.980,19.434,26.087,31.244,35.143,32.604,27.563,25.426,22.121
28.060,25.476,23.334,22.719,22.733,24.171,28.586,28.827,31.457,29.724,25.500,21.463,17.955,14.667,13.965,16.126,19.558,26.191,31.336,35.245,32.703,27.662,25.516,22.213
28.191,25.609,23.466,22.849,22.863,24.290,28.715,28.946,31.578,29.837,25.620,21.565,18.055,14.755,14.066,16.232,19.675,26.313,31.462,35.346,32.811,27.788,25.653,22.351
28.284,25.705,23.568,22.965,22.979,24.424,28.827,29.074,31.691,29.948,25.735,21.726,18.232,14.970,14.276,16.425,19.824,26.434,31.564,35.501,32.949,27.897,25.733,22.428
28.437,25.851,23.699,23.102,23.140,24.566,28.960,29.218,31.831,30.106,25.885,21.872,18.378,15.122,14.410,16.582,19.983,26.584,31.717,35.616,33.065,28.020,25.870,22.543
28.575,26.009,23.888,23.291,23.297,24.761,29.125,29.388,31.989,30.265,26.062,22.109,18.638,15.413,14.702,16.825,20.183,26.756,31.849,35.828,33.275,28.210,26.031,22.747
28.672,26.115,24.009,23.417,23.407,24.889,29.248,29.508,32.101,30.359,26.171,22.246,18.786,15.580,14.886,16.982,20.311,26.870,31.948,35.974,33.414,28.337,26.133,22.867
28.774,26.219,24.118,23.534,23.520,25.019,29.366,29.636,32.221,30.475,26.288,22.393,18.942,15.759,15.062,17.145,20.446,26.992,32.059,36.129,33.557,28.455,26.228,22.962
28.860,26.305,24.207,23.626,23.604,25.116,29.468,29.736,32.322,30.563,26.375,22.490,19.039,15.860,15.172,17.244,20.535,27.084,32.152,36.255,33.674,28.556,26.311,23.048
28.963,26.398,24.290,23.713,23.701,25.205,29.572,29.839,32.428,30.659,26.464,22.563,19.104,15.921,15.237,17.323,20.619,27.181,32.264,36.359,33.770,28.647,26.399,23.115
29.081,26.526,24.432,23.857,23.826,25.343,29.716,29.970,32.557,30.762,26.584,22.693,19.241,16.061,15.404,17.469,20.750,27.307,32.382,36.505,33.915,28.792,26.529,23.263
29.177,26.622,24.536,23.947,23.896,25.436,29.815,30.069,32.667,30.879,26.688,22.796,19.335,16.139,15.472,17.524,20.819,27.401,32.482,36.645,34.054,28.910,26.638,23.391
29.297,26.746,24.664,24.070,24.019,25.560,29.922,30.184,32.779,31.013,26.821,22.939,19.483,16.292,15.607,17.656,20.952,27.524,32.594,36.751,34.167,29.028,26.766,23.528
29.388,26.832,24.753,24.164,24.095,25.662,30.047,30.304,32.906,31.104,26.907,23.030,19.566,16.375,15.710,17.745,21.028,27.623,32.706,36.932,34.326,29.148,26.848,23.607
29.546,27.000,24.936,24.346,24.270,25.852,30.204,30.474,33.064,31.285,27.094,23.259,19.811,16.644,15.961,17.975,21.234,27.801,32.856,37.110,34.506,29.322,27.016,23.797
29.681,27.149,25.106,24.506,24.400,25.996,30.359,30.607,33.201,31.404,27.231,23.393,19.948,16.768,16.112,18.099,21.362,27.934,32.982,37.254,34.662,29.490,27.181,23.998
29.792,27.260,25.225,24.636,24.514,26.143,30.511,30.763,33.354,31.525,27.352,23.547,20.106,16.949,16.310,18.271,21.496,28.070,33.115,37.477,34.858,29.638,27.279,24.096
29.916,27.382,25.345,24.742,24.616,26.234,30.620,30.859,33.463,31.636,27.460,23.616,20.162,16.972,16.335,18.308,21.572,28.170,33.231,37.553,34.948,29.752,27.418,24.240
30.047,27.510,25.474,24.871,24.740,26.373,30.754,31.003,33.608,31.789,27.601,23.771,20.316,17.132,16.481,18.449,21.706,28.309,33.370,37.726,35.113,29.893,27.544,24.368
30.240,27.698,25.653,25.039,24.915,26.534,30.924,31.170,33.785,31.980,27.782,23.922,20.455,17.246,16.585,18.571,21.861,28.482,33.556,37.873,35.270,30.065,27.741,24.560
30.446,27.907,25.863,25.244,25.115,26.704,31.139,31.341,33.968,32.117,27.945,24.023,20.545,17.295,16.693,18.688,22.014,28.655,33.751,37.996,35.413,30.264,27.966,24.789
30.781,28.287,26.287,25.642,25.467,27.016,31.493,31.604,34.236,32.326,28.241,24.250,20.784,17.471,16.982,18.943,22.316,28.948,34.026,38.141,35.630,30.630,28.396,25.304
30.999,28.503,26.494,25.835,25.671,27.178,31.683,31.766,34.413,32.500,28.423,24.363,20.882,17.522,17.051,19.042,22.472,29.125,34.225,38.229,35.748,30.812,28.631,25.536
31.270,28.749,26.692,26.024,25.917,27.353,31.876,31.964,34.627,32.757,28.649,24.499,20.988,17.578,17.073,19.147,22.658,29.341,34.485,38.325,35.866,30.985,28.881,25.729
31.626,29.102,27.038,26.339,26.245,27.674,32.148,32.272,34.942,33.183,29.037,24.886,21.366,17.937,17.333,19.432,22.994,29.680,34.813,38.598,36.169,31.300,29.256,26.121
31.950,29.435,27.382,26.677,26.578,28.013,32.457,32.593,35.256,33.530,29.387,25.261,21.752,18.335,17.704,19.793,23.348,30.014,35.124,38.912,36.493,31.628,29.595,26.480
32.435,29.922,27.847,27.115,27.062,28.408,32.829,32.959,35.628,33.990,29.850,25.645,22.129,18.658,17.982,20.138,23.786,30.438,35.547,39.093,36.746,32.011,30.111,26.996
32.892,30.371,28.271,27.518,27.498,28.789,33.212,33.341,36.024,34.440,30.284,26.010,22.474,18.955,18.242,20.454,24.178,30.847,35.977,39.377,37.067,32.397,30.579,27.448
33.325,30.808,28.704,27.897,27.884,29.130,33.535,33.661,36.368,34.890,30.714,26.364,22.806,19.207,18.425,20.679,24.520,31.217,36.352,39.586,37.347,32.769,31.071,27.977
33.684,31.151,29.027,28.205,28.208,29.436,33.854,33.986,36.711,35.263,31.057,26.661,23.078,19.442,18.629,20.919,24.813,31.546,36.711,39.892,37.662,33.090,31.425,28.311
34.059,31.536,29.451,28.638,28.582,29.918,34.311,34.470,37.185,35.713,31.497,27.217,23.653,19.787,19.037,21.464,25.266,31.993,37.125,40.563,38.278,33.576,31.795,28.722
34.794,32.268,30.174,29.279,29.217,30.495,34.917,35.046,37.817,36.446,32.196,27.762,24.143,20.080,19.259,21.807,25.803,32.619,37.797,41.016,38.823,34.240,32.614,29.587
36.010,33.401,31.168,30.195,30.250,31.289,35.925,35.950,38.844,37.488,33.159,28.260,24.479,20.420,19.540,22.116,26.508,33.561,38.974,41.597,39.511,35.176,33.829,30.660
37.180,34.506,32.149,31.140,31.317,32.126,36.943,36.872,39.848,38.464,34.100,28.820,24.764,20.442,19.582,22.618,27.303,34.513,40.112,42.200,40.198,36.097,34.977,31.664
39.329,36.388,33.559,32.456,33.118,33.172,38.518,38.240,41.478,40.115,35.536,29.054,24.924,20.653,19.856,22.626,28.251,35.972,42.202,42.568,40.788,37.339,36.950,33.054
