4.909,0.730,1.045,0.971,2.472,7.569,27.502,44.439,50.844,39.585,38.113,36.267,33.203,30.591,24.757,21.308,18.013,25.674,25.149,30.461,20.683,7.680,-2.912,-7.344
17.575,14.595,14.612,14.617,15.716,19.486,34.559,47.334,51.667,44.309,42.334,41.066,38.450,36.845,32.798,30.168,27.503,33.246,32.965,36.653,29.339,19.527,11.712,8.328
23.229,20.814,20.696,20.720,21.654,24.819,37.222,48.023,51.722,45.905,43.725,42.734,40.266,39.160,36.100,33.857,31.540,36.351,36.124,38.995,32.900,24.661,18.139,15.338
26.165,24.015,23.884,23.906,24.680,27.575,38.549,48.100,51.740,46.331,44.370,43.497,41.255,40.309,37.673,35.683,33.586,37.836,37.480,40.293,34.806,27.394,21.644,19.177
27.093,25.048,24.906,24.934,25.690,28.438,38.998,48.183,51.769,46.518,44.550,43.722,41.552,40.671,38.152,36.237,34.215,38.300,38.016,40.608,35.365,28.273,22.756,20.376
28.243,26.291,26.147,26.174,26.896,29.530,39.606,48.396,51.832,46.834,44.921,44.134,42.037,41.211,38.829,36.994,35.055,38.960,38.679,41.158,36.143,29.354,24.081,21.809
28.894,27.030,26.917,26.956,27.736,30.116,40.133,48.707,51.870,47.025,45.139,44.371,42.445,41.597,39.100,37.321,35.474,39.301,39.342,41.280,36.535,30.105,24.955,22.673
29.471,27.655,27.548,27.583,28.367,30.671,40.387,48.779,51.875,47.135,45.278,44.530,42.636,41.813,39.394,37.654,35.865,39.606,39.682,41.476,36.874,30.631,25.585,23.368
30.107,28.361,28.229,28.271,29.014,31.259,40.725,48.781,51.897,47.346,45.450,44.738,42.866,42.109,39.797,38.105,36.339,39.964,40.023,41.793,37.311,31.225,26.356,24.195
30.540,28.831,28.698,28.739,29.445,31.664,40.887,48.809,51.965,47.352,45.515,44.819,42.986,42.251,40.013,38.364,36.631,40.160,40.164,41.987,37.590,31.621,26.884,24.782
30.927,29.251,29.104,29.152,29.803,32.012,41.195,48.863,52.000,47.545,45.721,45.042,43.249,42.537,40.321,38.707,36.967,40.424,40.373,42.322,37.951,32.024,27.413,25.325
31.279,29.652,29.479,29.536,30.144,32.324,41.392,48.937,52.035,47.673,45.799,45.147,43.367,42.708,40.561,38.980,37.236,40.614,40.451,42.521,38.210,32.359,27.884,25.823
31.711,30.103,29.887,29.939,30.429,32.741,41.459,48.953,52.061,47.742,45.885,45.261,43.410,42.833,40.915,39.371,37.601,40.859,40.533,42.926,38.567,32.658,28.352,26.394
31.858,30.266,30.055,30.110,30.660,32.888,41.650,49.045,52.217,47.957,46.033,45.411,43.565,42.988,41.029,39.474,37.724,41.013,40.771,42.943,38.653,32.825,28.471,26.488
31.935,30.325,30.113,30.166,30.685,32.970,41.754,49.140,52.247,48.067,46.182,45.554,43.702,43.118,41.166,39.610,37.842,41.130,40.795,43.149,38.799,32.900,28.551,26.572
32.065,30.450,30.221,30.276,30.766,33.098,41.901,49.284,52.383,48.270,46.356,45.732,43.849,43.285,41.367,39.809,38.012,41.297,40.886,43.379,38.980,33.014,28.679,26.701
32.249,30.649,30.415,30.471,31.005,33.288,42.052,49.391,52.418,48.381,46.446,45.837,43.968,43.421,41.519,39.949,38.167,41.470,41.157,43.434,39.088,33.179,28.810,26.830
32.410,30.781,30.547,30.604,31.097,33.451,42.082,49.493,52.537,48.479,46.493,45.874,43.971,43.427,41.548,40.007,38.261,41.506,41.200,43.438,39.169,33.367,28.997,26.997
32.449,30.874,30.649,30.703,31.229,33.471,42.314,49.515,52.540,48.520,46.670,46.060,44.221,43.668,41.810,40.237,38.419,41.736,41.322,43.762,39.398,33.371,29.071,27.127
32.770,31.193,30.974,31.024,31.510,33.784,42.351,49.621,52.673,48.673,46.833,46.216,44.314,43.748,41.811,40.290,38.550,41.752,41.348,43.841,39.483,33.679,29.444,27.528
32.948,31.366,31.139,31.187,31.644,33.964,42.449,49.701,52.720,48.727,46.844,46.225,44.365,43.825,42.010,40.493,38.740,41.926,41.433,43.994,39.680,33.832,29.619,27.720
33.052,31.466,31.248,31.293,31.761,34.075,42.524,49.758,52.903,48.787,46.916,46.304,44.452,43.899,42.080,40.563,38.825,42.013,41.531,44.060,39.759,33.931,29.706,27.814
33.199,31.622,31.384,31.435,31.837,34.197,42.688,49.804,52.969,48.866,47.050,46.448,44.602,44.072,42.277,40.777,39.002,42.149,41.554,44.327,39.977,34.090,29.952,28.060
33.291,31.716,31.476,31.528,31.916,34.284,42.767,49.806,52.977,48.927,47.121,46.521,44.680,44.153,42.363,40.870,39.091,42.225,41.605,44.429,40.074,34.183,30.066,28.179
33.413,31.842,31.585,31.639,32.003,34.400,42.875,49.890,53.091,49.070,47.233,46.640,44.776,44.272,42.519,41.027,39.229,42.351,41.674,44.595,40.215,34.289,30.198,28.316
33.555,32.000,31.739,31.796,32.154,34.528,42.990,49.956,53.160,49.153,47.302,46.716,44.864,44.372,42.623,41.141,39.344,42.446,41.787,44.681,40.329,34.437,30.383,28.502
33.672,32.115,31.869,31.924,32.291,34.647,43.104,50.056,53.241,49.203,47.403,46.811,44.992,44.475,42.694,41.218,39.440,42.540,41.905,44.764,40.432,34.572,30.515,28.635
33.788,32.228,31.993,32.046,32.405,34.759,43.215,50.133,53.328,49.252,47.503,46.907,45.117,44.583,42.780,41.312,39.543,42.632,41.988,44.880,40.551,34.703,30.661,28.783
33.874,32.318,32.080,32.135,32.486,34.839,43.299,50.195,53.405,49.325,47.574,46.980,45.194,44.664,42.863,41.399,39.627,42.707,42.056,44.967,40.639,34.792,30.766,28.888
33.975,32.417,32.180,32.233,32.576,34.942,43.367,50.246,53.454,49.383,47.651,47.057,45.270,44.738,42.951,41.490,39.720,42.792,42.112,45.067,40.734,34.883,30.866,28.998
34.091,32.539,32.307,32.361,32.698,35.050,43.469,50.303,53.517,49.429,47.722,47.128,45.366,44.829,43.028,41.578,39.815,42.871,42.196,45.153,40.838,35.013,31.022,29.156
34.181,32.624,32.393,32.446,32.773,35.139,43.572,50.398,53.634,49.523,47.833,47.237,45.480,44.938,43.132,41.683,39.916,42.970,42.271,45.282,40.951,35.107,31.121,29.254
34.294,32.740,32.518,32.572,32.913,35.249,43.707,50.532,53.755,49.620,47.943,47.346,45.613,45.056,43.218,41.771,40.016,43.073,42.422,45.360,41.052,35.242,31.251,29.375
34.367,32.797,32.587,32.637,32.983,35.334,43.795,50.649,53.864,49.700,48.067,47.460,45.732,45.155,43.300,41.848,40.100,43.170,42.508,45.467,41.144,35.317,31.298,29.423
34.458,32.895,32.683,32.733,33.068,35.420,43.853,50.668,53.889,49.733,48.109,47.505,45.784,45.211,43.367,41.924,40.177,43.230,42.548,45.540,41.223,35.405,31.411,29.545
34.532,32.979,32.760,32.812,33.150,35.488,43.900,50.705,53.913,49.793,48.137,47.539,45.809,45.252,43.425,41.982,40.235,43.282,42.618,45.567,41.268,35.470,31.488,29.624
34.636,33.083,32.866,32.916,33.257,35.596,43.959,50.760,53.942,49.851,48.202,47.605,45.870,45.313,43.503,42.061,40.322,43.364,42.694,45.635,41.345,35.559,31.576,29.723
34.737,33.184,32.962,33.010,33.339,35.698,44.011,50.791,53.973,49.910,48.265,47.670,45.923,45.376,43.596,42.157,40.416,43.446,42.733,45.734,41.436,35.639,31.670,29.832
34.803,33.242,33.025,33.071,33.386,35.766,44.091,50.855,54.065,49.966,48.358,47.759,46.021,45.463,43.675,42.239,40.495,43.521,42.770,45.853,41.533,35.712,31.750,29.913
34.908,33.347,33.127,33.174,33.492,35.871,44.198,50.974,54.180,50.092,48.468,47.870,46.123,45.571,43.788,42.350,40.603,43.633,42.887,45.956,41.635,35.812,31.844,30.006
34.963,33.401,33.177,33.224,33.538,35.928,44.236,51.015,54.220,50.150,48.517,47.921,46.162,45.616,43.850,42.411,40.660,43.689,42.926,46.016,41.689,35.855,31.887,30.054
35.051,33.483,33.263,33.309,33.613,36.016,44.343,51.110,54.339,50.233,48.630,48.030,46.283,45.726,43.948,42.511,40.758,43.785,42.998,46.145,41.803,35.953,31.991,30.156
35.125,33.561,33.344,33.390,33.692,36.086,44.406,51.149,54.377,50.266,48.676,48.076,46.342,45.783,43.998,42.566,40.819,43.837,43.055,46.198,41.866,36.034,32.084,30.251
35.217,33.648,33.427,33.471,33.761,36.182,44.469,51.205,54.441,50.344,48.763,48.163,46.415,45.860,44.101,42.669,40.917,43.929,43.098,46.317,41.965,36.107,32.162,30.341
35.289,33.724,33.501,33.545,33.831,36.253,44.511,51.232,54.461,50.384,48.800,48.203,46.451,45.902,44.158,42.728,40.977,43.983,43.143,46.367,42.021,36.171,32.235,30.421
35.389,33.828,33.603,33.647,33.934,36.351,44.577,51.286,54.501,50.450,48.860,48.265,46.510,45.968,44.237,42.810,41.062,44.060,43.221,46.433,42.098,36.261,32.334,30.526
35.483,33.916,33.689,33.732,34.023,36.451,44.692,51.435,54.650,50.601,48.997,48.401,46.630,46.090,44.363,42.928,41.175,44.186,43.344,46.556,42.207,36.349,32.402,30.591
35.546,33.974,33.757,33.798,34.093,36.516,44.759,51.499,54.709,50.637,49.065,48.464,46.710,46.155,44.409,42.976,41.232,44.244,43.408,46.616,42.271,36.421,32.469,30.657
35.660,34.083,33.876,33.913,34.226,36.641,44.829,51.590,54.746,50.701,49.152,48.547,46.791,46.226,44.485,43.049,41.323,44.341,43.523,46.674,42.347,36.520,32.544,30.744
35.743,34.157,33.958,33.992,34.303,36.730,44.894,51.653,54.801,50.746,49.235,48.626,46.876,46.298,44.555,43.121,41.402,44.418,43.580,46.763,42.430,36.599,32.617,30.825
35.844,34.253,34.056,34.088,34.393,36.833,45.002,51.758,54.919,50.849,49.354,48.742,46.994,46.411,44.666,43.232,41.511,44.527,43.669,46.893,42.547,36.701,32.718,30.927
35.952,34.368,34.180,34.211,34.528,36.938,45.082,51.818,54.948,50.881,49.407,48.794,47.069,46.477,44.715,43.288,41.585,44.594,43.774,46.927,42.616,36.818,32.841,31.053
36.026,34.426,34.243,34.271,34.583,37.022,45.175,51.934,55.077,50.985,49.540,48.921,47.190,46.586,44.822,43.390,41.684,44.702,43.844,47.067,42.724,36.888,32.892,31.106
36.095,34.492,34.309,34.336,34.644,37.092,45.235,51.992,55.137,51.046,49.609,48.990,47.256,46.651,44.893,43.461,41.754,44.771,43.896,47.147,42.797,36.952,32.956,31.174
36.196,34.591,34.401,34.427,34.730,37.200,45.311,52.080,55.222,51.164,49.710,49.093,47.333,46.740,45.014,43.578,41.864,44.882,43.975,47.264,42.898,37.030,33.029,31.255
36.272,34.663,34.470,34.495,34.784,37.276,45.366,52.119,55.275,51.222,49.779,49.161,47.394,46.806,45.098,43.663,41.944,44.955,44.004,47.365,42.983,37.094,33.104,31.339
36.374,34.770,34.576,34.601,34.893,37.376,45.463,52.211,55.362,51.318,49.864,49.248,47.482,46.898,45.191,43.757,42.039,45.047,44.110,47.447,43.074,37.197,33.212,31.446
36.463,34.849,34.667,34.691,34.991,37.470,45.583,52.350,55.497,51.411,49.996,49.373,47.625,47.017,45.278,43.843,42.134,45.153,44.230,47.553,43.178,37.302,33.296,31.524
36.547,34.929,34.744,34.766,35.062,37.558,45.665,52.442,55.595,51.518,50.095,49.472,47.710,47.108,45.383,43.945,42.229,45.251,44.305,47.663,43.273,37.376,33.365,31.596
36.662,35.049,34.859,34.883,35.178,37.671,45.758,52.530,55.674,51.624,50.182,49.563,47.792,47.200,45.490,44.052,42.336,45.354,44.410,47.754,43.371,37.481,33.476,31.711
36.769,35.156,34.967,34.988,35.295,37.785,45.826,52.612,55.720,51.708,50.261,49.642,47.859,47.270,45.578,44.137,42.429,45.449,44.512,47.820,43.448,37.570,33.553,31.797
36.848,35.225,35.041,35.059,35.362,37.870,45.899,52.690,55.800,51.777,50.358,49.734,47.950,47.353,45.662,44.220,42.514,45.536,44.572,47.925,43.538,37.643,33.618,31.868
36.920,35.292,35.104,35.122,35.412,37.944,45.974,52.763,55.895,51.867,50.451,49.827,48.034,47.440,45.761,44.318,42.602,45.623,44.619,48.044,43.633,37.708,33.686,31.939
36.994,35.360,35.178,35.193,35.492,38.026,46.048,52.859,55.973,51.942,50.543,49.915,48.121,47.518,45.832,44.386,42.677,45.706,44.708,48.117,43.706,37.780,33.739,31.993
37.100,35.476,35.290,35.306,35.605,38.125,46.112,52.898,55.997,51.999,50.584,49.962,48.167,47.574,45.905,44.464,42.759,45.776,44.787,48.167,43.777,37.878,33.854,32.115
37.177,35.547,35.365,35.379,35.672,38.205,46.174,52.949,56.051,52.046,50.657,50.032,48.241,47.642,45.976,44.537,42.834,45.847,44.833,48.256,43.858,37.951,33.930,32.198
37.286,35.649,35.476,35.488,35.786,38.319,46.306,53.096,56.196,52.161,50.801,50.170,48.390,47.776,46.088,44.647,42.950,45.970,44.963,48.383,43.981,38.071,34.034,32.298
37.384,35.754,35.574,35.586,35.881,38.416,46.351,53.126,56.210,52.223,50.843,50.217,48.421,47.823,46.168,44.729,43.031,46.042,45.022,48.442,44.048,38.147,34.123,32.399
37.531,35.910,35.726,35.738,36.034,38.561,46.438,53.193,56.249,52.310,50.917,50.296,48.493,47.906,46.277,44.842,43.151,46.149,45.133,48.525,44.152,38.276,34.266,32.554
37.666,36.042,35.848,35.860,36.133,38.695,46.557,53.293,56.383,52.453,51.054,50.436,48.615,48.042,46.443,45.009,43.303,46.291,45.208,48.716,44.311,38.395,34.403,32.699
37.756,36.124,35.933,35.943,36.209,38.789,46.645,53.383,56.481,52.542,51.161,50.540,48.717,48.139,46.544,45.109,43.400,46.390,45.280,48.835,44.415,38.481,34.485,32.785
37.853,36.213,36.021,36.029,36.278,38.888,46.730,53.451,56.574,52.624,51.267,50.645,48.817,48.237,46.656,45.223,43.509,46.491,45.324,48.981,44.535,38.569,34.582,32.891
37.956,36.310,36.118,36.125,36.371,38.996,46.832,53.565,56.690,52.742,51.389,50.765,48.928,48.348,46.775,45.339,43.622,46.608,45.422,49.108,44.648,38.664,34.668,32.980
38.087,36.437,36.248,36.254,36.505,39.131,46.966,53.714,56.829,52.879,51.534,50.907,49.070,48.485,46.907,45.469,43.754,46.747,45.565,49.241,44.779,38.794,34.787,33.098
38.183,36.524,36.344,36.349,36.596,39.228,47.097,53.842,56.978,52.977,51.671,51.039,49.220,48.616,47.010,45.574,43.862,46.857,45.667,49.379,44.905,38.908,34.897,33.203
38.286,36.622,36.435,36.441,36.676,39.332,47.253,54.015,57.194,53.166,51.846,51.212,49.383,48.783,47.175,45.734,44.003,47.007,45.788,49.567,45.059,39.017,35.002,33.298
38.391,36.729,36.534,36.541,36.763,39.435,47.347,54.093,57.291,53.275,51.941,51.311,49.470,48.882,47.295,45.855,44.115,47.111,45.860,49.694,45.173,39.113,35.114,33.414
38.547,36.875,36.684,36.689,36.917,39.599,47.524,54.303,57.498,53.469,52.146,51.511,49.665,49.068,47.474,46.027,44.287,47.297,46.041,49.882,45.346,39.268,35.243,33.541
38.680,37.014,36.812,36.818,37.030,39.726,47.621,54.370,57.580,53.581,52.237,51.609,49.748,49.170,47.608,46.166,44.416,47.411,46.120,50.015,45.473,39.385,35.386,33.693
38.780,37.103,36.909,36.915,37.107,39.823,47.782,54.509,57.777,53.695,52.402,51.767,49.933,49.334,47.736,46.299,44.542,47.535,46.209,50.207,45.634,39.514,35.527,33.823
38.918,37.223,37.032,37.035,37.218,39.973,47.944,54.698,57.987,53.876,52.615,51.972,50.129,49.518,47.920,46.477,44.713,47.717,46.339,50.433,45.818,39.646,35.637,33.936
39.055,37.361,37.171,37.176,37.361,40.106,48.114,54.870,58.171,54.037,52.773,52.130,50.296,49.681,48.065,46.622,44.856,47.863,46.505,50.580,45.968,39.799,35.790,34.079
39.199,37.508,37.308,37.315,37.492,40.249,48.260,55.019,58.335,54.218,52.924,52.285,50.433,49.833,48.236,46.791,45.014,48.020,46.642,50.747,46.122,39.933,35.931,34.220
39.396,37.706,37.519,37.526,37.716,40.441,48.497,55.252,58.565,54.399,53.133,52.490,50.674,50.052,48.407,46.965,45.200,48.210,46.885,50.922,46.319,40.163,36.156,34.432
39.570,37.868,37.699,37.705,37.907,40.620,48.741,55.519,58.836,54.593,53.381,52.726,50.945,50.288,48.582,47.139,45.386,48.412,47.122,51.128,46.524,40.372,36.339,34.600
39.775,38.074,37.932,37.939,38.129,40.805,49.013,55.705,59.073,54.687,53.586,52.922,51.237,50.530,48.725,47.305,45.571,48.575,47.316,51.342,46.761,40.654,36.663,34.905
39.961,38.259,38.132,38.139,38.345,40.989,49.243,55.940,59.300,54.865,53.793,53.123,51.473,50.743,48.887,47.469,45.748,48.760,47.558,51.507,46.948,40.873,36.871,35.100
40.228,38.549,38.425,38.437,38.694,41.250,49.526,56.264,59.546,55.150,54.013,53.349,51.712,50.986,49.096,47.674,45.974,49.003,47.960,51.618,47.139,41.160,37.134,35.343
40.561,38.922,38.764,38.787,39.046,41.561,49.824,56.537,59.810,55.518,54.240,53.599,51.928,51.261,49.423,48.002,46.285,49.298,48.309,51.849,47.413,41.477,37.494,35.698
40.879,39.256,39.091,39.119,39.379,41.864,50.154,56.841,60.124,55.834,54.522,53.888,52.228,51.573,49.726,48.311,46.590,49.594,48.644,52.129,47.717,41.810,37.852,36.047
41.250,39.662,39.499,39.536,39.824,42.209,50.539,57.185,60.433,56.147,54.792,54.168,52.555,51.903,50.008,48.604,46.903,49.895,49.091,52.337,48.017,42.226,38.299,36.473
41.643,40.075,39.915,39.953,40.281,42.598,50.910,57.575,60.749,56.515,55.112,54.494,52.888,52.243,50.336,48.931,47.251,50.249,49.562,52.580,48.330,42.624,38.684,36.852
42.068,40.560,40.381,40.439,40.796,42.978,51.412,58.032,61.204,56.978,55.440,54.843,53.281,52.668,50.704,49.310,47.630,50.616,50.136,52.832,48.692,43.117,39.232,37.353
42.431,40.929,40.744,40.806,41.170,43.335,51.822,58.462,61.645,57.415,55.834,55.241,53.674,53.069,51.095,49.696,48.007,51.003,50.558,53.203,49.066,43.492,39.603,37.708
42.893,41.368,41.163,41.223,41.541,43.810,52.291,58.949,62.209,57.984,56.393,55.799,54.173,53.590,51.680,50.272,48.542,51.541,50.937,53.855,49.618,43.912,40.022,38.141
43.556,42.054,41.837,41.913,42.232,44.440,53.166,59.821,63.181,58.838,57.172,56.584,55.003,54.422,52.416,51.010,49.252,52.265,51.772,54.590,50.363,44.668,40.803,38.857
44.837,43.373,43.210,43.302,43.787,45.695,54.808,61.621,64.860,60.327,58.602,58.002,56.580,55.913,53.596,52.176,50.488,53.594,53.668,55.603,51.585,46.155,42.176,40.099
46.037,44.591,44.488,44.586,45.203,46.885,56.219,63.138,66.245,61.568,59.871,59.253,57.971,57.215,54.657,53.232,51.621,54.791,55.282,56.554,52.707,47.502,43.428,41.271
48.293,46.947,46.980,47.101,48.179,49.118,58.978,66.318,68.863,64.029,62.179,61.535,60.562,59.628,56.467,55.002,53.624,57.007,58.889,57.803,54.560,50.111,45.711,43.326
