15.692,14.599,13.518,11.673,12.064,13.601,23.703,42.515,46.490,43.623,42.708,42.914,41.201,43.618,43.428,43.528,47.861,53.422,43.970,45.529,31.706,21.389,16.552,7.839
28.455,27.637,26.250,24.498,24.602,26.203,34.466,46.896,50.033,48.086,47.449,48.190,46.965,48.657,48.281,47.910,49.811,54.383,50.041,46.671,39.732,32.618,29.010,22.524
30.782,29.988,28.531,26.865,26.843,28.448,36.369,47.529,50.525,49.021,48.524,49.171,48.226,49.570,49.321,48.700,50.157,54.506,51.053,46.828,40.942,34.274,30.894,24.751
31.909,31.126,29.735,28.168,28.117,29.642,37.175,47.764,50.623,49.259,48.869,49.445,48.612,49.817,49.663,48.916,50.195,54.561,51.165,46.860,41.542,35.112,31.933,26.004
32.649,31.880,30.589,29.112,29.071,30.501,37.697,48.050,50.795,49.456,49.122,49.637,48.838,49.998,49.901,49.133,50.400,54.613,51.167,47.315,42.026,35.737,32.702,26.930
33.184,32.447,31.157,29.701,29.655,31.075,38.161,48.228,50.922,49.658,49.281,49.774,49.002,50.125,49.997,49.324,50.624,54.646,51.349,47.429,42.278,36.173,33.159,27.567
33.859,33.161,31.861,30.422,30.370,31.789,38.798,48.593,51.245,50.073,49.626,50.088,49.343,50.429,50.256,49.720,51.096,54.888,51.740,47.713,42.664,36.744,33.722,28.322
34.486,33.809,32.526,31.121,31.062,32.456,39.307,48.811,51.400,50.291,49.848,50.290,49.580,50.619,50.449,49.932,51.273,54.898,51.926,47.887,43.022,37.264,34.307,29.055
34.785,34.102,32.851,31.488,31.417,32.776,39.503,48.892,51.444,50.383,49.995,50.396,49.734,50.717,50.528,50.011,51.299,54.949,51.934,47.974,43.197,37.455,34.567,29.339
35.128,34.500,33.208,31.803,31.754,33.149,39.898,49.071,51.605,50.526,49.998,50.464,49.737,50.787,50.565,50.182,51.389,54.962,52.158,48.099,43.379,37.885,34.937,29.922
35.390,34.768,33.508,32.126,32.085,33.449,40.074,49.136,51.625,50.532,50.023,50.496,49.768,50.816,50.607,50.207,51.553,54.983,52.167,48.227,43.554,38.134,35.248,30.296
35.571,34.949,33.729,32.373,32.341,33.671,40.187,49.213,51.657,50.551,50.066,50.532,49.800,50.852,50.618,50.244,51.566,54.987,52.193,48.388,43.702,38.315,35.480,30.561
35.745,35.115,33.882,32.526,32.481,33.820,40.362,49.273,51.666,50.603,50.254,50.696,50.040,50.998,50.862,50.283,51.578,54.997,52.214,48.409,43.871,38.447,35.612,30.657
35.947,35.309,34.100,32.765,32.717,34.033,40.496,49.385,51.839,50.766,50.302,50.755,50.047,51.072,50.870,50.441,51.602,55.073,52.375,48.496,44.030,38.613,35.829,30.876
36.145,35.504,34.323,33.024,32.965,34.247,40.541,49.442,51.851,50.801,50.404,50.848,50.157,51.162,50.986,50.473,51.743,55.188,52.402,48.514,44.047,38.720,36.046,31.152
36.292,35.658,34.454,33.139,33.077,34.380,40.727,49.465,51.906,50.825,50.421,50.870,50.212,51.172,51.018,50.503,51.750,55.230,52.403,48.615,44.179,38.870,36.162,31.284
36.430,35.797,34.588,33.265,33.206,34.515,40.885,49.627,52.032,50.981,50.589,51.047,50.378,51.351,51.185,50.657,51.799,55.267,52.598,48.688,44.345,39.032,36.312,31.428
36.510,35.884,34.658,33.305,33.260,34.588,41.013,49.796,52.215,51.105,50.678,51.189,50.473,51.500,51.284,50.805,51.952,55.419,52.806,48.872,44.504,39.213,36.467,31.585
36.682,36.053,34.816,33.465,33.408,34.743,41.192,49.960,52.362,51.306,50.896,51.363,50.684,51.668,51.481,50.989,52.143,55.570,52.934,48.970,44.644,39.331,36.574,31.679
36.818,36.195,34.986,33.661,33.607,34.915,41.268,49.967,52.388,51.321,50.901,51.389,50.699,51.696,51.497,51.000,52.146,55.614,53.006,49.037,44.700,39.433,36.712,31.869
36.937,36.317,35.114,33.785,33.739,35.044,41.376,50.054,52.440,51.354,50.939,51.429,50.731,51.735,51.533,51.054,52.196,55.617,53.009,49.153,44.822,39.587,36.879,32.056
37.114,36.491,35.283,33.979,33.910,35.211,41.538,50.173,52.561,51.574,51.177,51.597,50.963,51.894,51.740,51.229,52.393,55.790,53.143,49.189,44.898,39.628,36.914,32.087
37.185,36.569,35.366,34.021,33.990,35.300,41.658,50.404,52.797,51.652,51.213,51.739,50.999,52.052,51.816,51.377,52.537,55.962,53.342,49.484,45.156,39.925,37.202,32.374
37.285,36.666,35.448,34.106,34.059,35.378,41.743,50.420,52.815,51.720,51.297,51.806,51.098,52.113,51.896,51.422,52.549,55.980,53.416,49.567,45.187,39.957,37.237,32.408
37.388,36.761,35.550,34.207,34.166,35.484,41.917,50.656,53.032,51.862,51.405,51.968,51.204,52.280,52.010,51.606,52.742,56.130,53.581,49.811,45.424,40.085,37.317,32.419
37.490,36.865,35.672,34.343,34.303,35.602,41.928,50.662,53.048,51.930,51.526,52.027,51.314,52.336,52.138,51.642,52.773,56.233,53.609,49.814,45.436,40.177,37.477,32.628
37.546,36.942,35.735,34.380,34.358,35.671,42.000,50.763,53.137,51.982,51.539,52.083,51.334,52.394,52.143,51.718,52.856,56.252,53.696,49.927,45.471,40.322,37.613,32.842
37.663,37.055,35.856,34.512,34.486,35.791,42.104,50.796,53.181,52.029,51.585,52.126,51.378,52.437,52.185,51.767,52.906,56.287,53.734,49.942,45.577,40.411,37.709,32.930
37.753,37.147,35.954,34.614,34.589,35.889,42.180,50.816,53.221,52.117,51.681,52.159,51.446,52.472,52.265,51.813,52.991,56.378,53.746,49.990,45.643,40.494,37.800,33.038
37.875,37.268,36.083,34.748,34.725,36.018,42.286,50.918,53.276,52.118,51.682,52.223,51.474,52.533,52.287,51.860,53.004,56.400,53.813,50.113,45.763,40.617,37.935,33.176
37.929,37.322,36.144,34.813,34.793,36.079,42.327,50.954,53.306,52.134,51.705,52.251,51.497,52.562,52.318,51.884,53.036,56.482,53.827,50.173,45.820,40.681,38.012,33.256
38.044,37.440,36.255,34.919,34.898,36.191,42.453,51.072,53.427,52.261,51.820,52.369,51.613,52.679,52.425,52.008,53.139,56.517,53.966,50.273,45.926,40.796,38.117,33.369
38.131,37.532,36.335,34.991,34.969,36.272,42.555,51.154,53.513,52.351,51.895,52.453,51.694,52.763,52.495,52.096,53.230,56.591,54.081,50.324,46.002,40.889,38.198,33.462
38.212,37.608,36.419,35.084,35.059,36.355,42.623,51.229,53.585,52.435,51.993,52.535,51.788,52.844,52.593,52.175,53.307,56.679,54.137,50.405,46.076,40.946,38.263,33.517
38.251,37.648,36.460,35.110,35.099,36.397,42.675,51.320,53.679,52.471,52.021,52.602,51.819,52.916,52.641,52.235,53.354,56.749,54.218,50.545,46.186,41.064,38.382,33.628
38.331,37.728,36.552,35.210,35.201,36.489,42.738,51.378,53.727,52.513,52.070,52.647,51.863,52.962,52.692,52.283,53.384,56.795,54.243,50.635,46.260,41.144,38.475,33.729
38.413,37.803,36.637,35.304,35.292,36.571,42.786,51.409,53.749,52.535,52.120,52.695,51.919,53.008,52.759,52.305,53.402,56.814,54.254,50.671,46.334,41.210,38.569,33.810
38.492,37.880,36.721,35.397,35.383,36.654,42.846,51.458,53.792,52.585,52.183,52.748,51.982,53.060,52.825,52.353,53.425,56.861,54.284,50.727,46.397,41.269,38.641,33.882
38.566,37.951,36.800,35.479,35.467,36.732,42.910,51.531,53.861,52.648,52.255,52.819,52.053,53.131,52.904,52.419,53.482,56.933,54.337,50.819,46.480,41.346,38.727,33.961
38.639,38.026,36.873,35.543,35.537,36.806,42.998,51.641,53.976,52.738,52.337,52.918,52.135,53.233,52.991,52.519,53.584,57.039,54.450,50.948,46.589,41.457,38.832,34.063
38.704,38.090,36.937,35.602,35.599,36.869,43.064,51.716,54.052,52.796,52.395,52.990,52.196,53.306,53.058,52.585,53.637,57.106,54.527,51.031,46.675,41.545,38.923,34.149
38.779,38.163,37.006,35.672,35.664,36.936,43.130,51.759,54.094,52.847,52.455,53.051,52.264,53.365,53.124,52.631,53.662,57.144,54.586,51.047,46.735,41.605,38.990,34.212
38.836,38.220,37.070,35.731,35.732,37.001,43.186,51.837,54.169,52.886,52.493,53.110,52.302,53.427,53.176,52.687,53.709,57.205,54.642,51.169,46.831,41.708,39.101,34.320
38.898,38.287,37.129,35.771,35.783,37.062,43.274,51.946,54.284,52.958,52.544,53.197,52.356,53.519,53.233,52.777,53.800,57.294,54.769,51.295,46.942,41.839,39.220,34.444
38.973,38.359,37.200,35.844,35.852,37.131,43.340,52.001,54.338,53.019,52.615,53.266,52.433,53.587,53.310,52.835,53.840,57.348,54.832,51.333,47.009,41.901,39.288,34.505
39.022,38.403,37.256,35.899,35.915,37.186,43.376,52.069,54.402,53.044,52.655,53.324,52.473,53.647,53.373,52.877,53.858,57.405,54.865,51.452,47.107,41.990,39.395,34.594
39.089,38.472,37.325,35.962,35.982,37.255,43.448,52.145,54.478,53.103,52.707,53.390,52.526,53.715,53.429,52.943,53.922,57.469,54.942,51.540,47.190,42.083,39.487,34.691
39.142,38.525,37.379,36.012,36.037,37.310,43.501,52.199,54.531,53.136,52.737,53.435,52.559,53.762,53.466,52.986,53.956,57.508,54.993,51.611,47.259,42.163,39.570,34.777
39.202,38.586,37.438,36.064,36.092,37.369,43.569,52.278,54.611,53.197,52.793,53.507,52.617,53.835,53.528,53.056,54.021,57.579,55.078,51.698,47.342,42.251,39.657,34.862
39.284,38.667,37.522,36.153,36.180,37.453,43.639,52.331,54.661,53.255,52.859,53.566,52.684,53.893,53.595,53.110,54.068,57.628,55.125,51.747,47.407,42.317,39.731,34.938
39.357,38.738,37.594,36.230,36.253,37.523,43.699,52.374,54.699,53.308,52.922,53.621,52.749,53.946,53.658,53.158,54.105,57.670,55.137,51.774,47.459,42.367,39.788,34.994
39.450,38.828,37.702,36.360,36.377,37.630,43.748,52.389,54.700,53.330,52.970,53.642,52.794,53.964,53.707,53.173,54.107,57.677,55.169,51.807,47.504,42.410,39.860,35.072
39.535,38.909,37.786,36.446,36.462,37.712,43.822,52.462,54.771,53.401,53.053,53.725,52.881,54.046,53.799,53.244,54.162,57.750,55.207,51.878,47.591,42.489,39.948,35.150
39.627,38.996,37.876,36.540,36.554,37.801,43.905,52.552,54.861,53.492,53.158,53.826,52.987,54.147,53.912,53.333,54.235,57.847,55.290,51.969,47.691,42.573,40.041,35.228
39.730,39.092,37.977,36.649,36.657,37.898,43.993,52.645,54.953,53.599,53.288,53.942,53.119,54.261,54.051,53.432,54.314,57.956,55.376,52.050,47.791,42.646,40.126,35.290
39.816,39.179,38.057,36.724,36.732,37.979,44.095,52.768,55.083,53.726,53.408,54.066,53.239,54.385,54.169,53.558,54.448,58.092,55.512,52.168,47.896,42.743,40.212,35.368
39.946,39.307,38.192,36.872,36.873,38.113,44.202,52.841,55.148,53.818,53.514,54.150,53.344,54.467,54.270,53.640,54.525,58.164,55.573,52.228,47.980,42.828,40.309,35.472
40.013,39.371,38.265,36.946,36.952,38.185,44.257,52.907,55.210,53.863,53.569,54.212,53.399,54.529,54.336,53.693,54.565,58.223,55.617,52.324,48.067,42.910,40.404,35.560
40.081,39.439,38.324,36.988,37.001,38.244,44.345,53.026,55.338,53.949,53.647,54.325,53.485,54.646,54.432,53.795,54.649,58.332,55.757,52.452,48.194,43.040,40.528,35.670
40.158,39.515,38.405,37.072,37.086,38.325,44.419,53.107,55.417,54.026,53.726,54.401,53.561,54.723,54.511,53.873,54.729,58.414,55.824,52.547,48.275,43.117,40.608,35.748
40.275,39.634,38.511,37.167,37.181,38.431,44.557,53.249,55.568,54.174,53.862,54.549,53.702,54.871,54.646,54.021,54.878,58.560,56.002,52.661,48.404,43.249,40.724,35.863
40.396,39.755,38.639,37.306,37.316,38.559,44.662,53.335,55.647,54.275,53.971,54.637,53.806,54.957,54.746,54.114,54.979,58.649,56.070,52.748,48.490,43.335,40.817,35.964
40.501,39.860,38.746,37.421,37.426,38.665,44.757,53.413,55.722,54.372,54.073,54.722,53.906,55.040,54.841,54.202,55.072,58.733,56.143,52.814,48.564,43.406,40.892,36.044
40.588,39.940,38.833,37.509,37.516,38.750,44.830,53.503,55.810,54.442,54.162,54.820,53.999,55.139,54.950,54.279,55.119,58.820,56.218,52.923,48.681,43.508,41.010,36.140
40.690,40.039,38.933,37.614,37.616,38.849,44.927,53.596,55.904,54.549,54.277,54.925,54.115,55.242,55.065,54.379,55.214,58.923,56.312,53.003,48.773,43.588,41.093,36.216
40.793,40.137,39.027,37.707,37.705,38.941,45.027,53.700,56.012,54.660,54.399,55.048,54.244,55.365,55.196,54.487,55.300,59.035,56.432,53.086,48.884,43.685,41.193,36.298
40.905,40.253,39.141,37.818,37.819,39.057,45.152,53.835,56.148,54.794,54.521,55.171,54.360,55.489,55.310,54.622,55.456,59.173,56.566,53.229,49.002,43.807,41.305,36.418
40.989,40.339,39.219,37.891,37.891,39.135,45.244,53.914,56.231,54.880,54.600,55.255,54.444,55.572,55.386,54.706,55.540,59.248,56.669,53.285,49.078,43.892,41.383,36.500
41.106,40.454,39.329,37.999,37.995,39.243,45.360,54.017,56.336,54.996,54.722,55.375,54.571,55.691,55.511,54.817,55.636,59.354,56.792,53.359,49.185,43.995,41.487,36.597
41.162,40.512,39.386,38.044,38.050,39.302,45.436,54.129,56.453,55.073,54.783,55.463,54.631,55.784,55.579,54.911,55.736,59.458,56.901,53.508,49.295,44.112,41.595,36.704
41.258,40.611,39.482,38.138,38.144,39.399,45.537,54.221,56.546,55.170,54.872,55.551,54.719,55.872,55.661,55.007,55.843,59.547,57.001,53.591,49.378,44.205,41.682,36.801
41.370,40.722,39.597,38.255,38.263,39.514,45.646,54.341,56.664,55.280,54.986,55.667,54.832,55.988,55.779,55.120,55.953,59.667,57.107,53.729,49.503,44.325,41.807,36.922
41.481,40.826,39.717,38.377,38.391,39.632,45.740,54.474,56.792,55.372,55.099,55.793,54.944,56.117,55.918,55.227,56.033,59.795,57.197,53.919,49.667,44.470,41.974,37.064
41.577,40.915,39.813,38.470,38.489,39.726,45.832,54.613,56.933,55.477,55.221,55.933,55.069,56.259,56.065,55.346,56.124,59.937,57.316,54.095,49.826,44.605,42.121,37.179
41.726,41.061,39.971,38.636,38.657,39.884,45.968,54.766,57.080,55.622,55.379,56.081,55.221,56.408,56.228,55.491,56.268,60.096,57.435,54.278,49.985,44.749,42.277,37.326
41.833,41.165,40.076,38.741,38.762,39.988,46.074,54.882,57.198,55.738,55.499,56.201,55.342,56.528,56.352,55.607,56.380,60.218,57.549,54.396,50.100,44.856,42.385,37.425
41.962,41.286,40.207,38.875,38.897,40.117,46.196,55.050,57.368,55.888,55.671,56.376,55.513,56.704,56.543,55.764,56.516,60.402,57.691,54.598,50.280,45.001,42.544,37.549
42.121,41.442,40.374,39.056,39.076,40.284,46.334,55.186,57.496,56.027,55.825,56.512,55.662,56.839,56.698,55.899,56.651,60.543,57.793,54.753,50.423,45.134,42.691,37.694
42.213,41.537,40.461,39.126,39.153,40.372,46.448,55.316,57.633,56.130,55.911,56.630,55.753,56.960,56.791,56.016,56.764,60.658,57.946,54.890,50.555,45.281,42.827,37.832
42.367,41.684,40.613,39.289,39.309,40.520,46.575,55.423,57.735,56.255,56.062,56.764,55.909,57.091,56.951,56.130,56.850,60.771,58.047,54.975,50.684,45.392,42.956,37.946
42.476,41.792,40.744,39.427,39.458,40.652,46.662,55.538,57.836,56.317,56.135,56.846,55.973,57.177,57.038,56.212,56.928,60.866,58.092,55.178,50.828,45.539,43.126,38.117
42.596,41.907,40.872,39.552,39.594,40.781,46.780,55.720,58.017,56.445,56.275,57.009,56.110,57.344,57.203,56.362,57.062,61.045,58.231,55.431,51.028,45.720,43.321,38.284
42.698,42.009,40.982,39.655,39.709,40.893,46.894,55.885,58.183,56.567,56.389,57.144,56.218,57.484,57.327,56.503,57.211,61.205,58.365,55.659,51.192,45.881,43.481,38.438
42.871,42.178,41.165,39.853,39.905,41.076,47.049,56.057,58.349,56.746,56.584,57.316,56.404,57.654,57.520,56.676,57.395,61.396,58.495,55.860,51.359,46.025,43.636,38.584
43.058,42.379,41.352,40.017,40.082,41.269,47.285,56.305,58.605,56.968,56.753,57.518,56.568,57.861,57.671,56.915,57.681,61.622,58.772,56.124,51.573,46.285,43.860,38.845
43.341,42.668,41.655,40.342,40.403,41.574,47.546,56.533,58.818,57.225,57.006,57.728,56.804,58.068,57.894,57.157,57.970,61.854,58.952,56.369,51.779,46.503,44.081,39.102
43.578,42.896,41.896,40.602,40.656,41.814,47.762,56.769,59.050,57.482,57.289,57.979,57.079,58.316,58.178,57.402,58.216,62.121,59.151,56.618,52.008,46.692,44.284,39.282
43.900,43.222,42.224,40.909,40.982,42.146,48.129,57.237,59.529,57.888,57.667,58.398,57.447,58.744,58.567,57.837,58.680,62.594,59.597,57.172,52.448,47.126,44.697,39.681
44.031,43.350,42.365,41.047,41.132,42.288,48.251,57.390,59.676,57.988,57.775,58.529,57.554,58.879,58.695,57.958,58.782,62.727,59.712,57.387,52.632,47.311,44.899,39.874
44.358,43.680,42.709,41.404,41.490,42.633,48.552,57.663,59.934,58.252,58.043,58.785,57.816,59.133,58.956,58.224,59.057,62.979,59.944,57.690,52.922,47.620,45.223,40.223
44.628,43.957,42.955,41.626,41.710,42.880,48.867,57.963,60.252,58.571,58.329,59.095,58.113,59.445,59.233,58.541,59.380,63.278,60.331,57.918,53.195,47.915,45.483,40.492
45.055,44.395,43.356,42.011,42.084,43.282,49.334,58.360,60.666,59.036,58.756,59.518,58.551,59.863,59.626,58.983,59.847,63.680,60.838,58.193,53.549,48.304,45.829,40.871
45.586,44.939,43.888,42.568,42.618,43.818,49.858,58.770,61.068,59.564,59.260,59.944,59.043,60.280,60.061,59.461,60.401,64.111,61.278,58.500,53.894,48.679,46.180,41.289
46.097,45.452,44.409,43.126,43.154,44.338,50.325,59.144,61.427,60.034,59.749,60.350,59.521,60.675,60.507,59.886,60.859,64.509,61.636,58.810,54.247,49.030,46.540,41.682
46.540,45.897,44.835,43.515,43.559,44.767,50.855,59.802,62.117,60.657,60.329,60.978,60.096,61.312,61.094,60.531,61.541,65.204,62.334,59.501,54.835,49.593,47.052,42.160
47.238,46.576,45.507,44.151,44.211,45.436,51.618,60.774,63.126,61.557,61.242,61.956,61.015,62.302,62.068,61.464,62.432,66.237,63.320,60.539,55.783,50.443,47.885,42.874
48.499,47.808,46.714,45.306,45.379,46.641,53.047,62.621,65.061,63.389,63.068,63.821,62.823,64.185,63.941,63.311,64.321,68.299,65.210,62.458,57.440,51.877,49.228,44.006
49.866,49.176,48.087,46.695,46.764,48.022,54.471,64.174,66.634,65.013,64.666,65.349,64.377,65.714,65.487,64.906,66.051,69.973,66.718,64.055,58.835,53.192,50.490,45.246
53.223,52.536,51.375,50.076,50.029,51.318,57.959,67.658,70.195,69.129,68.736,69.012,68.357,69.342,69.283,68.758,70.296,73.914,70.372,67.096,61.758,55.877,52.967,47.712
