-10.606,-13.400,-13.547,-13.148,-11.661,-12.685,-19.360,-17.486,-10.212,0.605,6.608,13.111,10.189,3.726,-2.695,-3.176,3.113,19.357,30.222,35.911,32.172,29.324,28.013,26.660
11.279,8.177,8.242,8.396,9.211,8.265,4.862,6.362,11.627,16.875,19.795,23.870,22.517,18.016,13.836,14.340,18.825,28.790,35.800,40.094,38.572,37.062,36.057,32.512
15.425,12.050,12.019,12.022,12.816,12.076,9.328,10.825,15.306,19.888,22.339,26.284,24.911,20.700,16.915,17.658,21.571,30.443,36.325,41.134,40.689,38.962,37.699,33.127
18.019,14.719,14.707,14.677,15.362,14.595,12.173,13.559,17.990,22.014,24.121,27.720,26.415,22.426,18.880,19.662,23.448,31.828,37.606,41.895,41.426,39.907,38.768,34.627
20.057,16.656,16.577,16.461,17.143,16.515,14.430,15.802,19.741,23.472,25.356,28.895,27.543,23.736,20.420,21.303,24.730,32.504,37.614,42.196,42.326,40.653,39.363,34.719
21.068,17.580,17.480,17.330,18.012,17.440,15.528,16.913,20.624,24.164,25.928,29.443,28.116,24.383,21.170,22.129,25.399,32.848,37.617,42.385,42.832,41.102,39.734,34.741
22.023,18.672,18.565,18.414,19.070,18.497,16.577,17.895,21.628,25.190,26.947,30.373,28.988,25.319,22.151,23.040,26.287,33.751,38.619,43.111,43.394,41.707,40.408,35.899
22.525,19.210,19.130,18.999,19.637,19.036,17.132,18.442,22.201,25.651,27.371,30.725,29.427,25.794,22.653,23.541,26.801,34.166,39.027,43.408,43.614,42.017,40.770,36.283
23.291,20.015,19.972,19.864,20.470,19.835,17.988,19.285,23.058,26.305,27.944,31.185,30.012,26.443,23.358,24.259,27.518,34.692,39.503,43.733,43.871,42.400,41.219,36.727
23.856,20.601,20.572,20.469,21.057,20.412,18.618,19.903,23.654,26.775,28.353,31.524,30.409,26.890,23.852,24.763,27.997,35.034,39.785,43.934,44.065,42.654,41.503,37.011
24.485,21.231,21.180,21.041,21.600,20.972,19.297,20.537,24.250,27.260,28.733,31.827,30.638,27.175,24.211,25.132,28.302,35.252,39.990,44.010,44.192,42.776,41.629,37.352
24.963,21.751,21.690,21.543,22.095,21.486,19.844,21.061,24.708,27.694,29.143,32.201,30.996,27.582,24.662,25.570,28.682,35.548,40.219,44.190,44.392,42.973,41.831,37.648
25.458,22.264,22.197,22.040,22.583,21.990,20.407,21.607,25.182,28.094,29.494,32.507,31.304,27.942,25.077,25.989,29.039,35.780,40.342,44.295,44.548,43.133,41.992,37.830
26.016,22.811,22.704,22.508,23.057,22.523,21.018,22.200,25.621,28.545,29.911,32.933,31.636,28.320,25.513,26.429,29.362,36.010,40.357,44.442,44.879,43.368,42.167,38.009
26.465,23.280,23.150,22.937,23.492,22.999,21.531,22.700,26.001,28.936,30.292,33.312,31.976,28.703,25.941,26.851,29.695,36.235,40.436,44.453,45.134,43.570,42.296,38.118
26.774,23.585,23.444,23.213,23.759,23.281,21.874,23.027,26.280,29.159,30.466,33.456,32.069,28.854,26.133,27.051,29.848,36.252,40.536,44.611,45.195,43.597,42.340,38.182
27.219,23.948,23.768,23.482,24.016,23.583,22.338,23.474,26.607,29.367,30.554,33.520,32.094,28.869,26.224,27.196,29.886,36.332,40.548,44.615,45.248,43.620,42.381,38.186
27.637,24.470,24.287,24.023,24.577,24.160,22.845,23.976,27.015,29.767,30.918,33.811,32.551,29.409,26.805,27.794,30.472,36.584,40.575,44.616,45.394,43.863,42.610,38.261
27.712,24.474,24.342,24.099,24.621,24.170,22.931,24.086,27.182,29.895,31.169,34.153,32.718,29.556,26.920,27.834,30.475,36.784,40.794,44.917,45.686,44.018,42.722,38.587
27.953,24.788,24.601,24.327,24.873,24.476,23.197,24.317,27.316,30.140,31.375,34.329,32.890,29.758,27.156,28.078,30.680,36.916,40.874,44.974,45.783,44.116,42.819,38.698
28.247,25.101,24.876,24.576,25.134,24.789,23.531,24.634,27.514,30.420,31.669,34.651,33.116,30.012,27.441,28.344,30.857,37.074,40.939,45.102,46.015,44.256,42.912,38.858
28.629,25.548,25.305,24.996,25.556,25.245,23.994,25.071,27.856,30.802,32.060,35.024,33.447,30.395,27.866,28.736,31.173,37.328,41.112,45.245,46.180,44.389,43.041,39.122
28.677,25.607,25.370,25.069,25.632,25.312,24.032,25.112,27.924,30.895,32.175,35.147,33.582,30.518,27.973,28.834,31.293,37.483,41.299,45.424,46.320,44.539,43.201,39.292
28.862,25.759,25.505,25.185,25.751,25.450,24.206,25.286,28.058,31.030,32.290,35.277,33.668,30.605,28.071,28.947,31.375,37.555,41.334,45.512,46.489,44.664,43.294,39.352
28.979,25.858,25.599,25.271,25.836,25.542,24.315,25.395,28.157,31.123,32.371,35.363,33.738,30.672,28.142,29.026,31.446,37.624,41.394,45.569,46.568,44.758,43.377,39.420
29.310,26.241,25.992,25.665,26.216,25.884,24.661,25.712,28.512,31.402,32.610,35.538,33.934,30.927,28.421,29.290,31.698,37.756,41.463,45.589,46.598,44.763,43.406,39.536
29.322,26.249,26.007,25.694,26.227,25.926,24.740,25.797,28.599,31.473,32.679,35.581,33.993,30.943,28.450,29.324,31.773,37.855,41.536,45.654,46.680,44.860,43.483,39.664
29.525,26.449,26.174,25.829,26.380,26.112,24.953,25.999,28.672,31.578,32.773,35.706,34.049,31.053,28.593,29.467,31.803,37.970,41.750,45.849,46.706,44.949,43.650,39.926
29.826,26.776,26.488,26.136,26.689,26.439,25.285,26.318,28.947,31.881,33.081,36.011,34.321,31.346,28.904,29.762,32.062,38.099,41.847,45.858,46.926,45.057,43.674,39.957
30.011,26.982,26.696,26.344,26.890,26.638,25.501,26.522,29.142,32.044,33.226,36.127,34.443,31.491,29.069,29.921,32.208,38.206,41.895,45.903,46.956,45.105,43.736,40.048
30.207,27.193,26.899,26.538,27.076,26.832,25.719,26.724,29.330,32.214,33.375,36.252,34.544,31.612,29.212,30.059,32.324,38.300,41.938,45.948,47.004,45.150,43.785,40.188
30.294,27.304,27.018,26.665,27.199,26.945,25.819,26.819,29.445,32.324,33.489,36.350,34.659,31.733,29.333,30.170,32.447,38.424,42.087,46.048,47.056,45.228,43.883,40.338
30.447,27.472,27.187,26.837,27.371,27.121,25.997,26.995,29.597,32.468,33.633,36.486,34.807,31.896,29.507,30.340,32.601,38.541,42.169,46.129,47.141,45.317,43.975,40.422
30.588,27.616,27.348,27.013,27.544,27.281,26.155,27.163,29.769,32.591,33.749,36.585,34.968,32.065,29.680,30.520,32.790,38.676,42.273,46.231,47.227,45.443,44.116,40.476
30.739,27.775,27.504,27.165,27.692,27.434,26.326,27.325,29.914,32.717,33.860,36.680,35.058,32.170,29.802,30.641,32.894,38.749,42.328,46.266,47.265,45.488,44.163,40.552
30.882,27.923,27.656,27.314,27.832,27.568,26.487,27.478,30.070,32.823,33.935,36.725,35.112,32.240,29.890,30.733,32.981,38.800,42.379,46.268,47.271,45.503,44.191,40.618
31.058,28.097,27.820,27.472,27.996,27.752,26.685,27.677,30.209,32.968,34.080,36.879,35.255,32.399,30.064,30.910,33.118,38.891,42.395,46.336,47.393,45.603,44.271,40.644
31.141,28.173,27.891,27.536,28.057,27.815,26.763,27.750,30.282,33.037,34.137,36.934,35.290,32.434,30.104,30.953,33.156,38.935,42.449,46.381,47.450,45.652,44.315,40.717
31.223,28.276,27.991,27.636,28.158,27.920,26.853,27.833,30.365,33.151,34.266,37.064,35.404,32.551,30.220,31.054,33.255,39.055,42.583,46.496,47.544,45.739,44.407,40.874
31.387,28.445,28.161,27.805,28.320,28.083,27.041,28.015,30.532,33.273,34.364,37.138,35.489,32.655,30.344,31.183,33.368,39.118,42.620,46.507,47.563,45.773,44.447,40.921
31.509,28.563,28.275,27.913,28.428,28.196,27.170,28.141,30.640,33.373,34.453,37.224,35.565,32.738,30.437,31.278,33.449,39.182,42.666,46.557,47.635,45.836,44.504,40.980
31.593,28.657,28.372,28.013,28.524,28.288,27.263,28.230,30.737,33.457,34.532,37.290,35.639,32.818,30.521,31.360,33.533,39.258,42.749,46.613,47.673,45.887,44.565,41.067
31.714,28.797,28.524,28.179,28.692,28.451,27.411,28.384,30.878,33.583,34.669,37.418,35.815,33.006,30.712,31.546,33.718,39.397,42.850,46.718,47.761,46.001,44.690,41.134
31.834,28.922,28.646,28.298,28.808,28.570,27.539,28.507,30.994,33.693,34.771,37.512,35.900,33.099,30.813,31.646,33.809,39.479,42.929,46.781,47.826,46.065,44.755,41.231
31.924,29.032,28.761,28.420,28.932,28.690,27.637,28.604,31.099,33.815,34.910,37.650,36.050,33.249,30.958,31.780,33.951,39.630,43.091,46.927,47.940,46.189,44.889,41.388
32.049,29.170,28.891,28.546,29.061,28.830,27.775,28.737,31.208,33.948,35.050,37.795,36.174,33.381,31.096,31.909,34.062,39.740,43.185,47.025,48.049,46.281,44.975,41.507
32.155,29.289,29.011,28.669,29.185,28.954,27.890,28.849,31.319,34.069,35.180,37.923,36.305,33.515,31.231,32.037,34.188,39.867,43.313,47.144,48.154,46.388,45.087,41.638
32.254,29.399,29.113,28.764,29.277,29.054,27.999,28.948,31.404,34.167,35.273,38.011,36.365,33.584,31.310,32.108,34.244,39.926,43.375,47.185,48.199,46.421,45.118,41.739
32.361,29.506,29.223,28.878,29.394,29.172,28.117,29.071,31.511,34.261,35.368,38.106,36.481,33.706,31.435,32.237,34.366,40.017,43.430,47.262,48.290,46.516,45.211,41.774
32.451,29.586,29.318,28.984,29.496,29.260,28.208,29.173,31.627,34.329,35.425,38.151,36.576,33.801,31.530,32.344,34.488,40.102,43.501,47.336,48.354,46.613,45.319,41.796
32.555,29.716,29.446,29.115,29.627,29.395,28.333,29.290,31.734,34.453,35.560,38.280,36.701,33.937,31.670,32.471,34.606,40.216,43.613,47.425,48.424,46.684,45.397,41.927
32.659,29.817,29.536,29.195,29.710,29.490,28.438,29.391,31.812,34.550,35.656,38.384,36.775,34.013,31.752,32.551,34.668,40.283,43.666,47.495,48.525,46.759,45.458,42.007
32.761,29.907,29.628,29.286,29.799,29.579,28.540,29.497,31.912,34.624,35.716,38.440,36.841,34.082,31.826,32.635,34.748,40.340,43.705,47.544,48.591,46.829,45.525,42.035
32.876,30.022,29.743,29.401,29.916,29.698,28.661,29.619,32.021,34.734,35.827,38.554,36.957,34.201,31.948,32.757,34.863,40.442,43.789,47.641,48.700,46.934,45.627,42.116
32.963,30.108,29.835,29.497,30.010,29.784,28.743,29.703,32.125,34.824,35.917,38.638,37.057,34.297,32.040,32.850,34.970,40.553,43.916,47.755,48.794,47.044,45.745,42.229
33.068,30.228,29.950,29.611,30.124,29.904,28.863,29.815,32.222,34.935,36.031,38.748,37.152,34.402,32.153,32.955,35.061,40.639,43.995,47.821,48.858,47.101,45.803,42.333
33.180,30.342,30.067,29.726,30.232,30.008,28.984,29.931,32.345,35.023,36.098,38.795,37.206,34.465,32.226,33.031,35.137,40.695,44.056,47.847,48.877,47.135,45.846,42.402
33.362,30.538,30.267,29.934,30.444,30.224,29.188,30.140,32.527,35.209,36.297,38.996,37.433,34.702,32.467,33.268,35.361,40.883,44.197,48.013,49.049,47.311,46.021,42.523
33.497,30.668,30.397,30.064,30.575,30.361,29.337,30.292,32.651,35.316,36.397,39.094,37.541,34.820,32.595,33.402,35.478,40.960,44.230,48.070,49.136,47.395,46.099,42.547
33.588,30.762,30.501,30.174,30.680,30.454,29.433,30.389,32.768,35.397,36.467,39.147,37.623,34.904,32.682,33.492,35.582,41.045,44.324,48.136,49.177,47.465,46.184,42.624
33.658,30.832,30.575,30.251,30.753,30.519,29.500,30.455,32.851,35.465,36.528,39.199,37.684,34.965,32.741,33.553,35.654,41.118,44.414,48.204,49.228,47.530,46.257,42.710
33.775,30.941,30.680,30.349,30.848,30.618,29.622,30.573,32.959,35.550,36.594,39.256,37.732,35.019,32.807,33.626,35.715,41.160,44.446,48.231,49.275,47.574,46.298,42.754
33.900,31.081,30.810,30.473,30.974,30.758,29.761,30.704,33.062,35.684,36.736,39.403,37.849,35.147,32.942,33.750,35.816,41.264,44.534,48.321,49.379,47.654,46.370,42.878
33.983,31.161,30.901,30.570,31.065,30.833,29.843,30.787,33.174,35.752,36.788,39.435,37.912,35.210,33.006,33.821,35.906,41.338,44.626,48.380,49.411,47.719,46.452,42.949
34.074,31.251,30.989,30.653,31.144,30.912,29.931,30.869,33.265,35.838,36.865,39.506,37.969,35.267,33.066,33.881,35.967,41.410,44.718,48.450,49.476,47.784,46.518,43.059
34.189,31.377,31.113,30.778,31.268,31.038,30.061,30.995,33.379,35.948,36.972,39.605,38.067,35.376,33.183,33.994,36.070,41.495,44.790,48.510,49.536,47.846,46.583,43.143
34.326,31.516,31.255,30.920,31.407,31.178,30.214,31.147,33.517,36.060,37.072,39.692,38.167,35.487,33.306,34.120,36.186,41.575,44.845,48.560,49.594,47.912,46.652,43.196
34.447,31.642,31.394,31.072,31.558,31.318,30.343,31.284,33.665,36.181,37.195,39.806,38.328,35.650,33.467,34.284,36.362,41.723,44.980,48.693,49.705,48.053,46.806,43.291
34.564,31.768,31.538,31.234,31.720,31.462,30.468,31.419,33.821,36.309,37.330,39.931,38.514,35.836,33.645,34.463,36.565,41.899,45.151,48.856,49.830,48.219,46.991,43.409
34.744,31.954,31.716,31.405,31.893,31.650,30.666,31.612,33.976,36.476,37.496,40.100,38.662,35.996,33.818,34.633,36.706,42.020,45.236,48.956,49.962,48.329,47.090,43.519
34.903,32.102,31.851,31.524,32.008,31.777,30.824,31.760,34.107,36.602,37.600,40.200,38.721,36.061,33.897,34.716,36.768,42.083,45.297,49.011,50.052,48.395,47.144,43.623
35.038,32.228,31.976,31.646,32.128,31.900,30.970,31.906,34.233,36.695,37.675,40.265,38.791,36.142,33.992,34.820,36.857,42.130,45.312,49.033,50.102,48.446,47.190,43.637
35.156,32.343,32.080,31.743,32.231,32.017,31.086,32.022,34.322,36.818,37.808,40.417,38.915,36.264,34.114,34.939,36.959,42.243,45.405,49.162,50.265,48.577,47.304,43.747
35.239,32.443,32.187,31.858,32.347,32.127,31.178,32.115,34.424,36.925,37.927,40.532,39.050,36.401,34.247,35.065,37.093,42.376,45.542,49.285,50.358,48.687,47.425,43.872
35.387,32.585,32.329,32.001,32.489,32.271,31.330,32.269,34.567,37.056,38.052,40.656,39.181,36.535,34.386,35.208,37.230,42.494,45.641,49.397,50.484,48.812,47.547,43.964
35.495,32.693,32.445,32.120,32.602,32.371,31.431,32.368,34.700,37.164,38.149,40.738,39.277,36.628,34.476,35.300,37.342,42.614,45.795,49.512,50.566,48.919,47.669,44.112
35.654,32.842,32.599,32.277,32.755,32.519,31.596,32.537,34.867,37.287,38.255,40.831,39.394,36.752,34.607,35.443,37.485,42.718,45.880,49.597,50.662,49.032,47.785,44.176
35.863,33.048,32.816,32.497,32.962,32.710,31.815,32.751,35.107,37.453,38.383,40.923,39.517,36.885,34.753,35.600,37.654,42.847,46.022,49.682,50.725,49.135,47.909,44.311
36.014,33.197,32.977,32.667,33.133,32.874,31.976,32.921,35.274,37.589,38.519,41.052,39.690,37.062,34.932,35.785,37.843,42.996,46.138,49.815,50.857,49.289,48.069,44.386
36.202,33.368,33.131,32.806,33.276,33.038,32.166,33.109,35.414,37.741,38.660,41.207,39.805,37.183,35.066,35.926,37.948,43.086,46.184,49.906,51.019,49.408,48.161,44.461
36.344,33.528,33.299,32.981,33.445,33.192,32.302,33.239,35.591,37.919,38.844,41.376,39.983,37.356,35.229,36.079,38.131,43.303,46.464,50.124,51.169,49.587,48.364,44.745
36.458,33.644,33.421,33.107,33.569,33.305,32.403,33.340,35.725,38.057,38.986,41.517,40.128,37.492,35.354,36.201,38.275,43.478,46.680,50.316,51.326,49.758,48.545,44.956
36.593,33.789,33.572,33.260,33.710,33.429,32.525,33.451,35.896,38.211,39.127,41.634,40.241,37.600,35.457,36.299,38.404,43.647,46.932,50.481,51.426,49.888,48.701,45.227
36.832,34.029,33.795,33.465,33.913,33.647,32.772,33.684,36.102,38.426,39.325,41.828,40.382,37.752,35.626,36.466,38.542,43.787,47.069,50.604,51.581,50.013,48.814,45.424
37.052,34.246,34.012,33.681,34.126,33.860,32.995,33.905,36.322,38.630,39.518,42.013,40.567,37.941,35.821,36.664,38.737,43.970,47.250,50.775,51.757,50.192,48.994,45.610
37.202,34.401,34.192,33.880,34.315,34.014,33.134,34.048,36.542,38.795,39.675,42.142,40.759,38.124,35.990,36.837,38.964,44.202,47.545,51.002,51.898,50.401,49.241,45.856
37.389,34.622,34.435,34.145,34.571,34.239,33.319,34.231,36.803,39.044,39.938,42.379,41.044,38.403,36.250,37.082,39.264,44.536,47.965,51.328,52.105,50.672,49.558,46.251
37.587,34.777,34.593,34.296,34.716,34.378,33.500,34.418,36.997,39.172,40.026,42.458,41.135,38.490,36.344,37.204,39.389,44.630,48.046,51.426,52.245,50.820,49.698,46.310
37.751,34.931,34.763,34.475,34.882,34.513,33.637,34.555,37.216,39.337,40.169,42.574,41.284,38.624,36.466,37.335,39.573,44.839,48.338,51.647,52.397,51.025,49.933,46.577
38.041,35.222,35.035,34.726,35.129,34.780,33.939,34.839,37.466,39.595,40.404,42.802,41.449,38.805,36.669,37.535,39.736,45.001,48.494,51.781,52.571,51.164,50.058,46.806
38.179,35.358,35.186,34.889,35.286,34.909,34.041,34.945,37.657,39.779,40.595,42.987,41.658,38.989,36.825,37.691,39.951,45.279,48.868,52.104,52.814,51.446,50.367,47.151
38.591,35.729,35.549,35.232,35.618,35.249,34.458,35.356,38.038,40.074,40.824,43.192,41.846,39.194,37.064,37.959,40.188,45.446,48.989,52.229,53.018,51.642,50.546,47.295
38.853,36.026,35.883,35.601,35.975,35.560,34.732,35.635,38.405,40.377,41.132,43.455,42.213,39.562,37.416,38.305,40.600,45.843,49.450,52.589,53.242,51.968,50.934,47.687
39.322,36.450,36.346,36.075,36.413,35.945,35.199,36.104,38.965,40.700,41.341,43.570,42.438,39.802,37.682,38.622,40.968,46.097,49.740,52.756,53.364,52.213,51.232,47.909
39.729,36.891,36.776,36.496,36.829,36.371,35.634,36.517,39.363,41.116,41.753,43.963,42.789,40.173,38.072,38.993,41.316,46.450,50.109,53.061,53.651,52.490,51.516,48.349
40.163,37.359,37.358,37.171,37.457,36.835,36.003,36.907,40.130,41.667,42.284,44.371,43.478,40.809,38.628,39.558,42.149,47.355,51.351,53.973,54.132,53.286,52.495,49.370
41.195,38.357,38.386,38.221,38.510,37.896,37.128,38.072,41.154,42.506,43.071,45.127,44.408,41.796,39.671,40.654,43.175,48.069,51.764,54.542,54.849,54.051,53.244,49.629
42.661,39.575,39.570,39.324,39.588,38.999,38.505,39.462,42.480,43.548,43.884,45.923,45.127,42.507,40.451,41.582,44.035,48.773,52.343,55.278,55.947,55.073,54.166,50.215
43.832,40.720,40.992,40.975,41.165,40.186,39.388,40.461,44.404,45.080,45.455,47.336,47.225,44.377,42.037,43.222,46.377,51.426,55.803,58.222,57.947,57.753,57.217,52.992
