-5.941,-12.649,-13.260,-14.059,-12.808,-5.972,14.314,30.582,31.957,20.954,14.284,12.145,9.029,7.211,11.080,11.557,11.688,25.522,37.592,51.811,52.200,39.276,26.958,14.797
12.408,8.005,7.394,6.907,7.540,12.396,26.616,37.752,38.891,31.313,26.739,25.200,23.191,22.207,24.273,24.847,25.569,34.142,42.861,52.945,53.154,43.963,34.968,26.549
16.051,12.209,11.580,11.182,11.562,16.186,29.255,39.383,40.366,33.510,29.405,28.122,26.467,25.789,26.992,27.867,29.096,36.175,44.181,53.016,53.223,45.165,36.740,29.037
19.728,16.300,15.608,15.348,15.627,19.740,31.545,40.207,41.490,35.489,31.786,30.410,29.033,28.597,29.639,30.372,31.545,37.455,44.531,53.056,53.271,45.437,37.926,31.251
20.823,17.561,16.845,16.624,16.825,20.853,32.322,40.618,41.922,36.157,32.588,31.246,29.983,29.657,30.464,31.263,32.578,37.995,44.849,53.077,53.276,45.723,38.390,31.966
21.561,18.365,17.648,17.437,17.638,21.562,32.801,40.892,42.220,36.578,33.076,31.724,30.480,30.163,30.998,31.746,33.010,38.307,45.040,53.258,53.441,45.894,38.705,32.432
22.634,19.538,18.855,18.636,18.839,22.640,33.523,41.425,42.668,37.174,33.781,32.491,31.264,30.932,31.759,32.480,33.694,38.883,45.451,53.478,53.646,46.271,39.277,33.162
23.255,20.218,19.562,19.319,19.540,23.254,33.927,41.795,42.951,37.504,34.171,32.924,31.669,31.291,32.168,32.846,34.001,39.207,45.763,53.490,53.669,46.551,39.621,33.551
23.805,20.820,20.164,19.926,20.131,23.807,34.354,42.124,43.269,37.890,34.602,33.371,32.139,31.779,32.608,33.293,34.471,39.559,46.058,53.709,53.859,46.832,39.958,33.959
24.446,21.528,20.889,20.640,20.845,24.449,34.790,42.481,43.562,38.253,35.030,33.841,32.608,32.231,33.054,33.723,34.883,39.909,46.357,53.800,53.945,47.104,40.308,34.380
24.926,22.113,21.481,21.238,21.398,24.969,35.103,42.666,43.674,38.476,35.339,34.222,33.044,32.709,33.362,34.101,35.309,40.146,46.493,53.884,54.004,47.214,40.498,34.666
25.209,22.351,21.726,21.481,21.695,25.192,35.282,42.781,43.858,38.673,35.520,34.338,33.119,32.739,33.601,34.219,35.363,40.255,46.559,53.906,54.033,47.288,40.661,34.880
25.665,22.860,22.235,21.999,22.206,25.636,35.559,42.909,43.994,38.903,35.802,34.621,33.425,33.059,33.913,34.510,35.583,40.419,46.629,53.911,54.036,47.343,40.819,35.148
26.044,23.278,22.625,22.418,22.593,26.003,35.868,43.054,44.217,39.209,36.134,34.923,33.777,33.471,34.255,34.865,35.988,40.626,46.754,53.946,54.071,47.468,40.999,35.430
26.322,23.598,22.919,22.731,22.878,26.270,36.087,43.158,44.376,39.427,36.376,35.142,34.031,33.771,34.493,35.113,36.289,40.757,46.855,53.984,54.115,47.561,41.108,35.609
26.575,23.910,23.229,23.045,23.161,26.547,36.276,43.291,44.474,39.575,36.567,35.371,34.292,34.062,34.671,35.340,36.595,40.911,46.935,54.068,54.198,47.617,41.231,35.771
26.773,24.126,23.427,23.262,23.364,26.732,36.427,43.333,44.575,39.728,36.733,35.510,34.458,34.263,34.850,35.515,36.783,40.994,46.976,54.121,54.249,47.668,41.302,35.911
26.931,24.281,23.573,23.418,23.517,26.880,36.578,43.390,44.685,39.889,36.892,35.647,34.608,34.428,35.019,35.676,36.940,41.119,47.003,54.124,54.252,47.696,41.425,36.064
27.452,24.855,24.151,24.004,24.098,27.393,36.833,43.434,44.716,40.049,37.151,35.923,34.950,34.810,35.339,35.992,37.254,41.193,47.097,54.126,54.266,47.795,41.471,36.327
27.488,24.932,24.228,24.097,24.174,27.436,36.914,43.617,44.901,40.172,37.230,35.992,34.977,34.816,35.390,36.029,37.274,41.346,47.215,54.205,54.341,47.900,41.645,36.397
27.737,25.179,24.466,24.337,24.412,27.676,37.099,43.663,44.978,40.331,37.424,36.182,35.205,35.075,35.605,36.251,37.519,41.451,47.223,54.206,54.344,47.905,41.731,36.578
27.858,25.287,24.574,24.440,24.528,27.782,37.216,43.799,45.122,40.458,37.542,36.285,35.291,35.144,35.725,36.345,37.577,41.563,47.361,54.291,54.430,48.042,41.858,36.693
27.985,25.405,24.682,24.551,24.647,27.884,37.332,43.896,45.261,40.595,37.668,36.378,35.373,35.223,35.856,36.441,37.644,41.644,47.462,54.428,54.567,48.144,41.952,36.796
28.099,25.509,24.780,24.650,24.752,27.986,37.455,44.021,45.409,40.734,37.796,36.487,35.475,35.322,35.985,36.553,37.738,41.759,47.553,54.430,54.573,48.235,42.075,36.916
28.367,25.749,25.004,24.879,24.998,28.211,37.613,44.048,45.446,40.851,37.950,36.641,35.645,35.495,36.184,36.723,37.857,41.842,47.593,54.587,54.725,48.276,42.161,37.101
28.404,25.835,25.117,24.995,25.104,28.281,37.722,44.272,45.673,41.043,38.080,36.711,35.677,35.516,36.277,36.785,37.910,41.984,47.774,54.593,54.740,48.449,42.325,37.171
28.734,26.164,25.461,25.329,25.460,28.600,37.866,44.297,45.734,41.085,38.195,36.890,35.873,35.642,36.449,36.950,37.921,42.076,47.847,54.622,54.761,48.519,42.415,37.368
28.882,26.283,25.617,25.459,25.638,28.738,37.948,44.397,45.757,41.144,38.251,36.964,35.896,35.691,36.538,36.977,38.018,42.186,47.854,54.634,54.772,48.540,42.544,37.496
29.028,26.490,25.776,25.659,25.774,28.888,38.082,44.441,45.808,41.285,38.421,37.105,36.119,35.968,36.690,37.193,38.280,42.220,47.870,54.636,54.779,48.541,42.567,37.574
29.192,26.684,25.967,25.860,25.957,29.064,38.198,44.442,45.849,41.376,38.538,37.237,36.281,36.157,36.813,37.343,38.467,42.305,47.882,54.657,54.797,48.555,42.609,37.688
29.356,26.854,26.159,26.038,26.149,29.234,38.303,44.567,45.922,41.450,38.629,37.356,36.382,36.228,36.915,37.431,38.519,42.418,47.973,54.663,54.802,48.635,42.733,37.809
29.503,27.014,26.324,26.202,26.318,29.376,38.384,44.606,45.957,41.513,38.708,37.438,36.465,36.308,37.008,37.511,38.578,42.465,47.987,54.676,54.815,48.645,42.783,37.893
29.649,27.164,26.481,26.358,26.479,29.521,38.489,44.689,46.031,41.604,38.809,37.544,36.571,36.407,37.122,37.615,38.661,42.558,48.050,54.699,54.836,48.707,42.879,38.009
29.776,27.295,26.618,26.494,26.621,29.646,38.575,44.752,46.088,41.677,38.891,37.629,36.655,36.485,37.218,37.699,38.722,42.631,48.094,54.704,54.839,48.749,42.956,38.106
29.877,27.402,26.728,26.605,26.732,29.750,38.652,44.810,46.140,41.744,38.966,37.710,36.740,36.570,37.298,37.780,38.801,42.699,48.142,54.734,54.872,48.796,43.022,38.187
30.021,27.562,26.893,26.769,26.893,29.900,38.756,44.894,46.206,41.828,39.067,37.825,36.861,36.692,37.404,37.892,38.917,42.791,48.211,54.769,54.909,48.860,43.110,38.293
30.124,27.675,27.002,26.883,27.000,30.003,38.844,44.950,46.272,41.912,39.158,37.915,36.962,36.805,37.497,37.990,39.029,42.861,48.262,54.797,54.940,48.911,43.173,38.376
30.238,27.797,27.122,27.007,27.118,30.120,38.947,45.030,46.356,42.011,39.263,38.021,37.078,36.930,37.603,38.104,39.154,42.955,48.337,54.827,54.968,48.984,43.261,38.480
30.391,27.961,27.282,27.173,27.285,30.260,39.037,45.052,46.403,42.093,39.358,38.102,37.166,37.025,37.714,38.196,39.228,42.994,48.337,54.871,55.011,48.986,43.301,38.567
30.480,28.047,27.370,27.258,27.377,30.340,39.108,45.125,46.477,42.164,39.429,38.167,37.221,37.070,37.789,38.254,39.262,43.055,48.405,54.876,55.019,49.050,43.372,38.637
30.578,28.144,27.476,27.363,27.489,30.441,39.179,45.183,46.523,42.223,39.493,38.239,37.293,37.135,37.867,38.326,39.313,43.127,48.445,54.918,55.056,49.091,43.446,38.726
30.677,28.256,27.582,27.475,27.589,30.546,39.272,45.248,46.594,42.311,39.590,38.340,37.409,37.268,37.961,38.437,39.453,43.208,48.510,54.924,55.069,49.155,43.516,38.813
30.778,28.358,27.685,27.579,27.696,30.641,39.349,45.306,46.658,42.384,39.667,38.412,37.480,37.337,38.045,38.510,39.511,43.269,48.559,54.963,55.108,49.203,43.581,38.891
30.881,28.462,27.795,27.684,27.810,30.739,39.420,45.376,46.719,42.449,39.736,38.481,37.541,37.384,38.122,38.570,39.545,43.332,48.617,55.011,55.154,49.259,43.652,38.968
30.953,28.525,27.859,27.750,27.877,30.815,39.513,45.470,46.818,42.545,39.826,38.571,37.634,37.481,38.215,38.668,39.643,43.438,48.711,55.101,55.248,49.358,43.756,39.070
31.061,28.649,27.986,27.878,27.994,30.940,39.617,45.570,46.893,42.632,39.927,38.695,37.771,37.627,38.311,38.792,39.800,43.553,48.808,55.168,55.314,49.452,43.857,39.175
31.159,28.742,28.087,27.977,28.098,31.042,39.707,45.665,46.974,42.714,40.011,38.787,37.860,37.708,38.402,38.881,39.875,43.654,48.893,55.233,55.382,49.539,43.961,39.280
31.267,28.849,28.199,28.086,28.217,31.141,39.777,45.717,47.028,42.778,40.079,38.850,37.917,37.756,38.483,38.941,39.903,43.706,48.929,55.254,55.402,49.574,44.022,39.356
31.392,28.987,28.339,28.231,28.351,31.280,39.890,45.803,47.102,42.874,40.188,38.976,38.061,37.913,38.595,39.077,40.064,43.819,49.004,55.287,55.438,49.649,44.122,39.475
31.504,29.100,28.455,28.348,28.473,31.386,39.966,45.849,47.154,42.943,40.263,39.047,38.132,37.981,38.683,39.151,40.116,43.876,49.034,55.293,55.446,49.680,44.183,39.559
31.600,29.189,28.541,28.437,28.570,31.469,40.043,45.904,47.233,43.028,40.345,39.110,38.191,38.037,38.774,39.220,40.157,43.932,49.081,55.342,55.498,49.728,44.248,39.640
31.707,29.296,28.657,28.550,28.688,31.580,40.131,45.993,47.303,43.103,40.425,39.202,38.281,38.118,38.863,39.307,40.229,44.028,49.158,55.392,55.548,49.805,44.346,39.741
31.782,29.366,28.730,28.623,28.764,31.657,40.207,46.067,47.374,43.176,40.498,39.277,38.356,38.191,38.941,39.384,40.299,44.110,49.226,55.449,55.608,49.876,44.429,39.826
31.889,29.501,28.865,28.761,28.882,31.784,40.301,46.136,47.422,43.249,40.592,39.395,38.497,38.353,39.026,39.508,40.477,44.201,49.292,55.477,55.635,49.937,44.498,39.912
31.970,29.573,28.939,28.834,28.959,31.865,40.397,46.252,47.534,43.349,40.685,39.488,38.585,38.434,39.120,39.598,40.557,44.312,49.410,55.604,55.762,50.057,44.613,40.015
32.063,29.665,29.031,28.928,29.053,31.960,40.490,46.333,47.620,43.442,40.778,39.581,38.682,38.536,39.217,39.698,40.657,44.405,49.487,55.668,55.830,50.136,44.704,40.114
32.144,29.752,29.110,29.014,29.126,32.043,40.586,46.410,47.713,43.543,40.880,39.679,38.794,38.665,39.312,39.808,40.799,44.493,49.572,55.757,55.921,50.223,44.782,40.199
32.233,29.844,29.204,29.108,29.218,32.139,40.677,46.498,47.795,43.629,40.969,39.774,38.894,38.769,39.402,39.907,40.904,44.590,49.657,55.829,55.994,50.308,44.874,40.295
32.327,29.929,29.290,29.196,29.306,32.237,40.795,46.625,47.921,43.750,41.085,39.892,39.015,38.891,39.518,40.030,41.031,44.727,49.787,55.955,56.125,50.442,45.009,40.423
32.426,30.030,29.389,29.298,29.404,32.338,40.897,46.713,48.016,43.852,41.188,39.993,39.123,39.008,39.622,40.140,41.149,44.825,49.873,56.035,56.207,50.530,45.103,40.525
32.493,30.106,29.462,29.373,29.475,32.407,40.953,46.757,48.060,43.904,41.246,40.053,39.187,39.077,39.679,40.200,41.220,44.871,49.916,56.072,56.243,50.571,45.145,40.575
32.597,30.210,29.573,29.482,29.586,32.515,41.046,46.847,48.138,43.987,41.334,40.150,39.285,39.172,39.772,40.296,41.310,44.970,49.997,56.131,56.303,50.652,45.244,40.678
32.746,30.372,29.728,29.643,29.739,32.662,41.173,46.937,48.242,44.112,41.467,40.278,39.426,39.326,39.905,40.434,41.463,45.071,50.083,56.206,56.378,50.737,45.338,40.795
32.879,30.524,29.881,29.800,29.886,32.804,41.274,47.001,48.298,44.195,41.568,40.391,39.553,39.465,40.010,40.553,41.601,45.156,50.133,56.215,56.389,50.784,45.412,40.897
33.003,30.667,30.031,29.946,30.025,32.943,41.378,47.105,48.368,44.277,41.665,40.515,39.684,39.598,40.104,40.668,41.740,45.265,50.231,56.282,56.453,50.876,45.511,40.999
33.106,30.769,30.122,30.046,30.122,33.034,41.473,47.159,48.461,44.384,41.770,40.596,39.773,39.699,40.214,40.766,41.834,45.331,50.283,56.339,56.513,50.931,45.577,41.089
33.201,30.878,30.227,30.158,30.221,33.137,41.561,47.211,48.518,44.464,41.860,40.692,39.888,39.835,40.304,40.877,41.976,45.409,50.330,56.358,56.536,50.978,45.640,41.175
33.321,30.996,30.346,30.280,30.348,33.250,41.652,47.274,48.593,44.553,41.952,40.775,39.972,39.916,40.407,40.966,42.042,45.481,50.380,56.391,56.571,51.029,45.717,41.273
33.429,31.099,30.454,30.387,30.463,33.355,41.741,47.354,48.671,44.636,42.037,40.860,40.053,39.990,40.503,41.050,42.103,45.566,50.448,56.442,56.624,51.098,45.808,41.373
33.542,31.211,30.558,30.490,30.566,33.456,41.863,47.488,48.821,44.773,42.166,40.975,40.159,40.095,40.624,41.160,42.212,45.677,50.596,56.631,56.808,51.244,45.925,41.478
33.657,31.336,30.685,30.619,30.685,33.585,41.984,47.604,48.922,44.883,42.285,41.108,40.305,40.251,40.739,41.297,42.377,45.808,50.711,56.723,56.902,51.358,46.044,41.600
33.820,31.504,30.852,30.788,30.858,33.736,42.099,47.681,49.013,44.993,42.402,41.216,40.412,40.356,40.867,41.406,42.464,45.888,50.774,56.772,56.950,51.419,46.129,41.712
33.971,31.662,31.020,30.949,31.020,33.901,42.245,47.854,49.148,45.124,42.540,41.378,40.571,40.507,41.002,41.554,42.620,46.056,50.943,56.924,57.099,51.584,46.294,41.865
34.086,31.762,31.118,31.044,31.126,34.001,42.369,47.991,49.304,45.263,42.667,41.486,40.664,40.588,41.131,41.658,42.692,46.176,51.085,57.099,57.273,51.729,46.428,41.988
34.227,31.921,31.273,31.205,31.277,34.145,42.479,48.061,49.376,45.362,42.780,41.603,40.795,40.733,41.245,41.783,42.837,46.261,51.146,57.132,57.306,51.786,46.503,42.090
34.360,32.065,31.410,31.344,31.408,34.277,42.610,48.182,49.506,45.496,42.917,41.737,40.935,40.883,41.375,41.918,42.994,46.378,51.275,57.273,57.444,51.912,46.614,42.206
34.507,32.201,31.551,31.482,31.563,34.407,42.720,48.280,49.614,45.607,43.026,41.831,41.014,40.945,41.500,42.008,43.030,46.469,51.357,57.351,57.523,51.995,46.723,42.326
34.646,32.338,31.689,31.618,31.699,34.548,42.870,48.448,49.775,45.758,43.174,41.983,41.163,41.089,41.645,42.155,43.179,46.629,51.530,57.533,57.703,52.167,46.884,42.475
34.767,32.450,31.811,31.734,31.821,34.679,43.008,48.616,49.918,45.890,43.303,42.127,41.301,41.217,41.775,42.291,43.309,46.798,51.696,57.690,57.861,52.335,47.054,42.628
34.914,32.582,31.943,31.862,31.962,34.811,43.158,48.792,50.103,46.053,43.454,42.262,41.417,41.315,41.927,42.415,43.398,46.947,51.877,57.908,58.075,52.517,47.219,42.776
35.097,32.780,32.120,32.048,32.135,34.978,43.332,48.922,50.279,46.244,43.645,42.427,41.591,41.512,42.109,42.593,43.600,47.072,52.021,58.082,58.247,52.656,47.339,42.917
35.293,32.975,32.323,32.243,32.347,35.160,43.471,49.059,50.408,46.375,43.782,42.560,41.705,41.603,42.258,42.708,43.666,47.189,52.142,58.198,58.357,52.772,47.474,43.059
35.523,33.190,32.554,32.466,32.583,35.399,43.711,49.338,50.654,46.606,44.009,42.804,41.937,41.814,42.493,42.940,43.871,47.467,52.412,58.452,58.612,53.045,47.759,43.325
35.718,33.374,32.752,32.652,32.778,35.606,43.933,49.629,50.900,46.821,44.218,43.036,42.153,42.006,42.697,43.149,44.070,47.738,52.707,58.755,58.911,53.340,48.037,43.560
35.947,33.598,32.986,32.871,33.005,35.842,44.186,49.962,51.189,47.071,44.462,43.300,42.394,42.222,42.926,43.380,44.297,48.028,53.056,59.138,59.284,53.683,48.336,43.809
36.139,33.818,33.184,33.079,33.182,36.039,44.407,50.161,51.412,47.303,44.700,43.532,42.650,42.517,43.135,43.626,44.626,48.225,53.285,59.400,59.542,53.906,48.508,43.985
36.364,34.059,33.431,33.320,33.421,36.272,44.606,50.367,51.588,47.485,44.895,43.747,42.863,42.725,43.327,43.826,44.835,48.424,53.485,59.583,59.720,54.100,48.705,44.181
36.664,34.400,33.781,33.662,33.731,36.626,44.949,50.775,51.904,47.792,45.226,44.150,43.287,43.165,43.620,44.206,45.328,48.829,53.915,59.988,60.116,54.519,49.074,44.507
36.971,34.697,34.127,33.963,34.069,36.954,45.234,51.237,52.216,48.034,45.473,44.470,43.542,43.332,43.860,44.431,45.488,49.204,54.371,60.452,60.555,54.960,49.480,44.815
37.216,34.963,34.378,34.217,34.309,37.190,45.468,51.456,52.455,48.277,45.721,44.706,43.781,43.585,44.091,44.663,45.752,49.401,54.607,60.723,60.818,55.187,49.673,45.012
37.463,35.193,34.620,34.440,34.553,37.433,45.736,51.821,52.780,48.550,45.979,44.973,44.009,43.772,44.340,44.889,45.938,49.706,54.987,61.157,61.240,55.562,50.000,45.279
37.725,35.436,34.863,34.673,34.799,37.682,46.031,52.181,53.139,48.866,46.275,45.258,44.267,44.008,44.626,45.153,46.178,50.020,55.369,61.604,61.680,55.942,50.331,45.565
38.129,35.810,35.224,35.041,35.187,38.045,46.425,52.540,53.573,49.296,46.682,45.606,44.600,44.333,45.051,45.517,46.474,50.370,55.726,62.006,62.087,56.307,50.706,45.958
38.498,36.196,35.611,35.410,35.553,38.420,46.816,53.025,54.009,49.687,47.073,46.019,44.987,44.702,45.406,45.883,46.870,50.782,56.245,62.596,62.656,56.811,51.120,46.310
39.099,36.865,36.257,36.057,36.150,39.046,47.439,53.667,54.621,50.300,47.712,46.689,45.682,45.438,45.985,46.534,47.669,51.386,56.936,63.335,63.374,57.479,51.685,46.851
39.858,37.605,37.015,36.794,36.907,39.809,48.225,54.557,55.457,51.084,48.483,47.481,46.438,46.152,46.747,47.284,48.386,52.225,57.839,64.276,64.305,58.378,52.544,47.645
40.915,38.536,38.062,37.714,37.975,40.867,49.371,56.303,56.892,52.219,49.541,48.643,47.362,46.796,47.786,48.190,49.001,53.661,59.623,66.264,66.233,60.140,54.122,48.865
42.289,39.945,39.583,39.117,39.379,42.413,50.965,58.543,58.618,53.693,51.033,50.440,49.054,48.339,49.139,49.731,50.701,55.666,61.967,68.690,68.587,62.436,56.115,50.456
44.214,42.058,41.755,41.197,41.369,44.519,52.967,60.994,60.589,55.536,52.980,52.702,51.291,50.537,50.891,51.755,53.103,57.894,64.538,71.314,71.113,64.918,58.257,52.314
