-1.487,-6.664,-5.962,-9.959,-8.804,-2.713,27.057,49.959,50.101,39.266,30.125,20.587,8.878,6.306,2.993,9.077,11.948,26.993,37.218,50.281,45.819,29.583,19.015,6.462
12.528,8.858,9.285,6.331,6.988,11.394,33.570,50.792,50.168,42.398,35.856,28.831,19.858,18.076,16.284,20.665,23.053,34.425,41.994,50.580,47.855,35.804,27.609,18.231
18.267,15.300,15.753,13.003,13.305,16.670,35.683,50.801,50.238,43.687,37.985,32.017,24.095,22.707,21.877,25.469,27.674,37.425,43.790,50.693,48.164,37.931,30.735,22.850
21.064,18.337,18.707,16.220,16.514,19.641,36.993,50.815,50.265,44.210,39.103,33.648,26.427,25.132,24.343,27.627,29.648,38.591,44.416,50.754,48.370,39.081,32.495,25.270
22.495,19.915,20.260,17.885,18.150,21.095,37.544,50.833,50.266,44.266,39.592,34.419,27.562,26.332,25.624,28.727,30.654,39.145,44.661,50.793,48.394,39.564,33.307,26.466
23.649,21.290,21.602,19.558,19.803,22.727,38.447,50.848,50.283,44.328,39.841,34.982,28.358,27.326,26.752,29.710,31.627,39.725,45.024,50.801,48.831,40.183,34.097,27.451
24.381,22.101,22.375,20.511,20.781,23.746,39.097,50.868,50.309,44.412,40.107,35.455,28.981,28.015,27.415,30.320,32.210,40.124,45.329,50.809,48.939,40.678,34.701,28.138
24.670,22.462,22.603,20.986,21.296,24.405,39.389,50.900,50.320,44.477,40.170,35.533,29.196,28.267,27.657,30.505,32.417,40.245,45.386,50.821,48.951,40.901,34.954,28.406
25.213,23.071,23.193,21.619,21.902,24.938,39.602,50.907,50.342,44.609,40.298,35.831,29.602,28.706,28.181,30.952,32.853,40.537,45.565,50.888,48.971,41.122,35.263,28.848
25.859,23.717,23.827,22.238,22.536,25.513,39.826,50.914,50.393,44.671,40.698,36.294,30.233,29.299,28.705,31.432,33.263,40.800,45.725,50.893,48.992,41.402,35.704,29.439
26.310,24.162,24.281,22.586,22.861,25.704,39.869,50.936,50.589,44.774,40.961,36.590,30.643,29.661,29.087,31.759,33.539,40.968,45.789,50.897,49.021,41.472,35.900,29.802
27.221,25.167,25.312,23.562,23.762,26.367,39.988,50.979,50.648,44.788,41.005,36.991,31.318,30.371,29.967,32.504,34.239,41.289,45.804,50.907,49.087,41.706,36.320,30.509
27.464,25.505,25.624,23.919,24.108,26.691,40.035,51.045,50.650,45.014,41.317,37.093,31.334,30.580,30.199,32.683,34.405,41.404,46.015,50.920,49.118,41.743,36.456,30.698
27.517,25.572,25.742,24.261,24.389,26.776,40.083,51.169,50.670,45.033,41.404,37.248,31.535,30.608,30.255,32.747,34.483,41.574,46.123,50.950,49.118,41.842,36.496,30.750
27.895,25.931,26.078,24.295,24.442,26.855,40.109,51.200,50.768,45.110,41.526,37.432,31.780,30.872,30.644,33.065,34.786,41.756,46.199,50.984,49.125,41.874,36.608,31.012
27.979,25.973,26.128,24.309,24.504,26.872,40.119,51.211,50.779,45.293,41.708,37.568,31.915,30.953,30.708,33.135,34.840,41.845,46.290,51.015,49.128,41.920,36.668,31.095
28.198,26.146,26.314,24.364,24.510,26.938,40.228,51.267,50.793,45.576,41.985,37.812,32.200,31.180,30.864,33.301,34.965,41.962,46.398,51.026,49.134,42.044,36.850,31.321
28.330,26.273,26.451,24.476,24.609,26.942,40.341,51.281,50.866,45.758,42.144,37.960,32.331,31.309,31.007,33.445,35.112,42.120,46.559,51.112,49.144,42.180,36.978,31.449
28.638,26.550,26.735,24.557,24.683,27.166,40.403,51.310,50.927,45.866,42.252,38.134,32.566,31.587,31.295,33.705,35.355,42.257,46.644,51.161,49.182,42.337,37.194,31.721
28.701,26.625,26.814,24.898,25.030,27.343,40.410,51.368,50.950,46.028,42.431,38.315,32.803,31.680,31.338,33.793,35.431,42.334,46.696,51.228,49.211,42.430,37.317,31.826
28.850,26.819,27.013,25.063,25.206,27.494,40.441,51.393,51.083,46.344,42.745,38.459,32.822,31.794,31.451,33.857,35.472,42.528,46.876,51.304,49.231,42.502,37.350,31.927
29.261,27.170,27.382,25.276,25.415,27.527,40.469,51.421,51.189,46.436,42.865,38.713,33.274,32.175,31.777,34.172,35.728,42.561,46.926,51.400,49.232,42.578,37.620,32.308
29.449,27.347,27.548,25.336,25.442,27.600,40.549,51.509,51.247,46.454,42.985,38.834,33.436,32.287,31.955,34.307,35.853,42.670,46.982,51.479,49.241,42.600,37.640,32.428
29.730,27.615,27.861,25.599,25.710,27.682,40.586,51.527,51.389,46.802,43.244,39.088,33.729,32.571,32.188,34.545,36.046,42.801,47.034,51.526,49.260,42.727,37.861,32.702
29.909,27.780,28.038,25.714,25.809,27.740,40.587,51.529,51.485,46.959,43.406,39.244,33.911,32.727,32.344,34.690,36.172,42.905,47.113,51.534,49.265,42.787,37.965,32.857
30.103,27.929,28.196,25.725,25.816,27.792,40.600,51.585,51.521,47.133,43.622,39.427,34.138,32.877,32.493,34.820,36.267,42.993,47.160,51.552,49.272,42.792,38.023,33.011
30.169,27.982,28.239,25.798,25.903,27.825,40.619,51.650,51.651,47.248,43.737,39.533,34.242,32.977,32.542,34.888,36.332,43.078,47.269,51.694,49.318,42.931,38.158,33.110
30.269,28.079,28.339,25.851,25.973,27.869,40.632,51.668,51.685,47.314,43.816,39.613,34.338,33.062,32.633,34.970,36.407,43.139,47.314,51.716,49.326,42.970,38.216,33.196
30.370,28.118,28.357,25.873,25.987,27.919,40.708,51.669,51.775,47.475,44.018,39.789,34.551,33.204,32.659,35.022,36.427,43.196,47.390,51.858,49.328,43.090,38.367,33.341
30.530,28.334,28.582,26.141,26.263,28.179,40.855,51.744,51.793,47.482,44.034,39.835,34.618,33.330,32.840,35.175,36.587,43.279,47.435,51.873,49.364,43.164,38.459,33.463
30.659,28.453,28.707,26.236,26.355,28.249,40.921,51.841,51.908,47.614,44.155,39.963,34.754,33.452,32.959,35.293,36.696,43.384,47.534,51.954,49.405,43.254,38.563,33.585
30.793,28.623,28.871,26.458,26.575,28.477,41.067,51.889,51.921,47.616,44.173,40.025,34.836,33.570,33.101,35.417,36.826,43.468,47.595,51.979,49.424,43.348,38.667,33.702
30.862,28.690,28.932,26.516,26.633,28.530,41.094,51.891,51.927,47.642,44.224,40.080,34.904,33.631,33.162,35.473,36.879,43.515,47.634,52.000,49.437,43.389,38.717,33.764
30.997,28.827,29.071,26.650,26.767,28.651,41.167,51.934,51.985,47.728,44.319,40.185,35.033,33.757,33.280,35.583,36.977,43.588,47.689,52.047,49.475,43.462,38.816,33.889
31.153,28.961,29.223,26.745,26.864,28.709,41.213,52.028,52.125,47.919,44.489,40.340,35.213,33.909,33.402,35.707,37.075,43.667,47.756,52.136,49.494,43.534,38.929,34.039
31.255,29.066,29.328,26.866,26.992,28.840,41.299,52.055,52.160,47.972,44.549,40.414,35.314,34.012,33.483,35.785,37.141,43.706,47.782,52.171,49.540,43.595,39.015,34.140
31.343,29.164,29.415,26.984,27.115,28.981,41.404,52.087,52.182,47.995,44.597,40.479,35.391,34.098,33.567,35.865,37.223,43.775,47.846,52.223,49.624,43.680,39.104,34.227
31.451,29.272,29.531,27.078,27.201,29.043,41.467,52.196,52.294,48.113,44.703,40.582,35.491,34.196,33.680,35.973,37.330,43.878,47.943,52.308,49.691,43.760,39.188,34.324
31.591,29.391,29.661,27.165,27.291,29.110,41.536,52.301,52.436,48.293,44.870,40.733,35.658,34.338,33.794,36.091,37.429,43.972,48.032,52.420,49.746,43.852,39.306,34.465
31.764,29.541,29.834,27.266,27.387,29.155,41.580,52.434,52.614,48.519,45.065,40.909,35.850,34.502,33.941,36.238,37.551,44.080,48.126,52.529,49.775,43.935,39.426,34.627
31.864,29.643,29.940,27.351,27.465,29.205,41.599,52.465,52.654,48.585,45.137,40.985,35.939,34.586,34.036,36.324,37.631,44.144,48.173,52.552,49.776,43.974,39.483,34.710
31.957,29.728,30.026,27.417,27.529,29.256,41.644,52.523,52.726,48.677,45.236,41.078,36.038,34.673,34.122,36.407,37.709,44.223,48.246,52.619,49.817,44.041,39.559,34.798
32.074,29.854,30.161,27.543,27.647,29.351,41.719,52.622,52.820,48.774,45.321,41.171,36.134,34.777,34.244,36.522,37.822,44.318,48.330,52.684,49.882,44.117,39.643,34.900
32.182,29.951,30.261,27.626,27.733,29.432,41.802,52.711,52.929,48.900,45.446,41.288,36.259,34.889,34.338,36.619,37.910,44.406,48.417,52.786,49.959,44.210,39.748,35.012
32.265,30.040,30.352,27.728,27.837,29.537,41.887,52.776,52.989,48.960,45.502,41.353,36.333,34.970,34.417,36.696,37.984,44.465,48.471,52.840,50.027,44.277,39.822,35.092
32.394,30.174,30.499,27.880,27.988,29.682,42.035,52.948,53.154,49.111,45.619,41.474,36.453,35.101,34.547,36.827,38.111,44.577,48.582,52.969,50.169,44.397,39.949,35.220
32.463,30.256,30.570,27.979,28.088,29.793,42.113,52.967,53.159,49.115,45.649,41.520,36.506,35.165,34.620,36.893,38.184,44.641,48.639,53.004,50.233,44.465,40.014,35.285
32.578,30.368,30.692,28.071,28.169,29.850,42.194,53.124,53.316,49.269,45.784,41.645,36.616,35.272,34.748,37.020,38.313,44.778,48.776,53.131,50.335,44.571,40.114,35.392
32.677,30.465,30.795,28.179,28.283,29.968,42.313,53.238,53.436,49.388,45.884,41.745,36.723,35.380,34.835,37.112,38.397,44.852,48.852,53.234,50.442,44.666,40.221,35.498
32.822,30.606,30.950,28.322,28.429,30.102,42.438,53.379,53.589,49.551,46.020,41.882,36.871,35.527,34.966,37.244,38.517,44.954,48.948,53.352,50.549,44.777,40.351,35.642
32.935,30.730,31.078,28.451,28.552,30.207,42.501,53.430,53.635,49.609,46.082,41.958,36.961,35.624,35.078,37.346,38.615,45.026,49.003,53.382,50.586,44.836,40.426,35.738
33.100,30.898,31.257,28.631,28.731,30.379,42.672,53.620,53.823,49.791,46.238,42.116,37.121,35.791,35.241,37.510,38.775,45.173,49.148,53.541,50.750,44.988,40.586,35.902
33.214,31.018,31.386,28.773,28.875,30.526,42.825,53.781,53.975,49.924,46.343,42.226,37.228,35.911,35.357,37.629,38.892,45.280,49.256,53.669,50.899,45.109,40.708,36.020
33.339,31.157,31.533,28.940,29.043,30.693,42.968,53.909,54.091,50.029,46.426,42.325,37.334,36.035,35.482,37.751,39.011,45.371,49.341,53.760,51.019,45.214,40.824,36.141
33.437,31.270,31.651,29.061,29.151,30.785,43.048,54.015,54.175,50.100,46.490,42.399,37.400,36.116,35.599,37.859,39.127,45.478,49.439,53.827,51.103,45.294,40.897,36.222
33.574,31.403,31.797,29.200,29.296,30.925,43.185,54.163,54.336,50.267,46.627,42.535,37.547,36.262,35.720,37.985,39.240,45.574,49.533,53.954,51.222,45.409,41.032,36.364
33.720,31.530,31.934,29.311,29.414,31.036,43.317,54.326,54.527,50.475,46.812,42.704,37.722,36.420,35.845,38.120,39.359,45.695,49.659,54.120,51.351,45.544,41.183,36.521
33.785,31.605,32.004,29.395,29.494,31.118,43.386,54.380,54.566,50.506,46.855,42.756,37.771,36.478,35.921,38.190,39.437,45.771,49.731,54.171,51.421,45.612,41.243,36.580
33.915,31.735,32.132,29.526,29.629,31.254,43.496,54.456,54.649,50.605,46.964,42.871,37.902,36.606,36.038,38.305,39.545,45.867,49.820,54.259,51.509,45.717,41.362,36.708
34.023,31.830,32.232,29.615,29.725,31.351,43.600,54.564,54.778,50.746,47.094,42.992,38.031,36.725,36.127,38.402,39.631,45.950,49.906,54.376,51.606,45.818,41.476,36.825
34.136,31.948,32.353,29.724,29.827,31.432,43.658,54.633,54.847,50.828,47.180,43.083,38.130,36.823,36.242,38.508,39.735,46.042,49.985,54.431,51.652,45.888,41.556,36.923
34.241,32.049,32.458,29.800,29.895,31.477,43.702,54.715,54.939,50.936,47.290,43.188,38.233,36.917,36.350,38.610,39.836,46.145,50.082,54.509,51.701,45.963,41.635,37.018
34.310,32.123,32.528,29.897,29.998,31.598,43.815,54.788,55.003,50.989,47.345,43.251,38.300,36.993,36.416,38.679,39.906,46.210,50.149,54.587,51.806,46.050,41.720,37.093
34.469,32.285,32.709,30.066,30.164,31.742,43.950,54.962,55.180,51.169,47.485,43.394,38.450,37.149,36.568,38.831,40.046,46.325,50.256,54.709,51.923,46.165,41.855,37.245
34.526,32.347,32.765,30.126,30.220,31.799,44.001,55.004,55.215,51.201,47.533,43.446,38.498,37.200,36.634,38.892,40.114,46.397,50.326,54.759,51.978,46.226,41.908,37.298
34.567,32.388,32.800,30.186,30.289,31.896,44.117,55.091,55.293,51.259,47.591,43.503,38.548,37.256,36.677,38.943,40.170,46.465,50.407,54.861,52.105,46.320,41.989,37.354
34.743,32.557,32.984,30.349,30.453,32.039,44.246,55.245,55.466,51.452,47.758,43.668,38.729,37.430,36.834,39.101,40.312,46.585,50.517,54.990,52.211,46.443,42.138,37.525
34.900,32.722,33.155,30.484,30.569,32.105,44.267,55.305,55.530,51.549,47.867,43.785,38.857,37.554,36.998,39.244,40.453,46.705,50.611,55.026,52.215,46.507,42.220,37.649
35.065,32.896,33.342,30.676,30.758,32.284,44.437,55.494,55.709,51.716,48.006,43.932,39.004,37.715,37.166,39.410,40.616,46.848,50.748,55.169,52.373,46.651,42.372,37.808
35.249,33.088,33.546,30.874,30.951,32.453,44.572,55.638,55.854,51.873,48.146,44.084,39.170,37.888,37.345,39.582,40.779,46.982,50.865,55.278,52.482,46.776,42.517,37.978
35.383,33.224,33.684,30.986,31.052,32.521,44.603,55.687,55.909,51.956,48.245,44.188,39.285,37.997,37.478,39.702,40.896,47.085,50.949,55.320,52.498,46.841,42.596,38.088
35.501,33.333,33.799,31.066,31.127,32.567,44.634,55.745,55.989,52.068,48.361,44.298,39.407,38.104,37.585,39.803,40.987,47.169,51.021,55.380,52.517,46.903,42.677,38.195
35.699,33.535,34.021,31.266,31.320,32.727,44.774,55.933,56.183,52.273,48.530,44.471,39.590,38.291,37.777,39.990,41.162,47.315,51.152,55.513,52.637,47.036,42.834,38.378
35.858,33.674,34.167,31.385,31.446,32.851,44.933,56.130,56.407,52.508,48.745,44.665,39.784,38.465,37.920,40.145,41.306,47.472,51.319,55.720,52.805,47.205,43.010,38.552
36.014,33.800,34.302,31.467,31.534,32.921,45.037,56.293,56.613,52.748,48.968,44.859,39.984,38.632,38.051,40.287,41.430,47.610,51.462,55.900,52.916,47.342,43.165,38.718
36.162,33.945,34.458,31.594,31.654,33.012,45.117,56.413,56.745,52.899,49.106,44.995,40.126,38.768,38.194,40.425,41.561,47.728,51.569,55.998,52.986,47.439,43.277,38.853
36.260,34.046,34.556,31.692,31.749,33.101,45.180,56.457,56.790,52.956,49.180,45.076,40.216,38.857,38.290,40.514,41.650,47.809,51.641,56.050,53.037,47.511,43.355,38.943
36.431,34.189,34.714,31.798,31.857,33.197,45.349,56.729,57.092,53.262,49.446,45.306,40.429,39.045,38.454,40.694,41.821,48.010,51.860,56.315,53.201,47.708,43.550,39.129
36.701,34.432,34.981,31.966,32.017,33.272,45.365,56.818,57.252,53.523,49.696,45.543,40.714,39.287,38.675,40.903,41.988,48.135,51.945,56.393,53.242,47.789,43.705,39.369
36.843,34.563,35.118,32.061,32.103,33.333,45.452,56.975,57.422,53.705,49.874,45.704,40.864,39.421,38.823,41.051,42.137,48.301,52.112,56.546,53.311,47.920,43.832,39.504
36.996,34.728,35.280,32.238,32.274,33.504,45.606,57.114,57.544,53.819,49.997,45.838,40.997,39.565,38.988,41.208,42.301,48.459,52.265,56.676,53.461,48.069,43.975,39.649
37.133,34.842,35.398,32.323,32.364,33.593,45.747,57.309,57.765,54.046,50.208,46.022,41.171,39.717,39.116,41.349,42.436,48.620,52.440,56.886,53.628,48.233,44.137,39.801
37.281,34.986,35.545,32.441,32.473,33.681,45.854,57.474,57.933,54.218,50.378,46.181,41.318,39.856,39.275,41.505,42.596,48.793,52.613,57.041,53.756,48.374,44.271,39.941
37.495,35.190,35.755,32.646,32.688,33.899,46.060,57.661,58.141,54.444,50.593,46.394,41.550,40.080,39.463,41.699,42.774,48.957,52.775,57.235,53.937,48.564,44.483,40.162
37.614,35.273,35.819,32.713,32.786,34.045,46.225,57.738,58.266,54.603,50.786,46.565,41.743,40.237,39.533,41.791,42.849,49.055,52.894,57.422,54.093,48.730,44.663,40.321
37.824,35.446,35.960,32.902,33.030,34.377,46.529,57.818,58.407,54.680,51.038,46.810,42.048,40.505,39.657,41.942,42.969,49.176,53.033,57.666,54.338,48.985,44.956,40.590
37.901,35.576,36.032,33.189,33.348,34.861,47.012,58.011,58.475,54.749,51.058,46.885,42.095,40.628,39.776,42.074,43.153,49.384,53.286,57.934,54.838,49.317,45.204,40.717
38.005,35.728,36.144,33.385,33.529,35.079,47.188,58.075,58.491,54.762,51.075,46.943,42.127,40.704,39.942,42.217,43.344,49.590,53.489,58.026,55.036,49.491,45.318,40.801
38.245,35.954,36.348,33.571,33.719,35.268,47.333,58.150,58.582,54.764,51.309,47.175,42.388,40.934,40.158,42.425,43.545,49.796,53.682,58.188,55.159,49.688,45.532,41.036
38.370,36.126,36.469,33.889,34.063,35.774,47.896,58.502,58.754,54.796,51.393,47.334,42.490,41.112,40.343,42.630,43.810,50.111,54.057,58.590,55.780,50.113,45.851,41.218
38.491,36.325,36.597,34.230,34.414,36.254,48.285,58.562,58.802,54.844,51.431,47.379,42.525,41.232,40.523,42.791,44.033,50.331,54.286,58.728,56.157,50.394,46.057,41.345
38.654,36.509,36.706,34.482,34.695,36.669,48.675,58.661,58.820,54.927,51.535,47.553,42.695,41.423,40.701,42.973,44.255,50.598,54.583,58.999,56.558,50.741,46.341,41.547
38.903,36.731,36.910,34.667,34.892,36.884,48.904,58.850,59.027,55.025,51.840,47.838,42.991,41.685,40.925,43.206,44.482,50.853,54.847,59.278,56.793,51.010,46.613,41.813
39.214,37.065,37.235,34.996,35.196,37.176,49.226,59.235,59.364,55.318,52.148,48.150,43.257,41.971,41.297,43.564,44.875,51.278,55.276,59.632,57.172,51.368,46.920,42.103
39.737,37.545,37.719,35.423,35.630,37.616,49.773,59.880,60.049,56.008,52.817,48.767,43.848,42.522,41.810,44.102,45.408,51.870,55.901,60.314,57.778,51.964,47.498,42.655
40.210,38.012,38.104,35.951,36.210,38.368,50.553,60.349,60.495,56.411,53.353,49.310,44.387,43.061,42.271,44.591,45.927,52.463,56.551,61.008,58.584,52.690,48.160,43.204
40.704,38.532,38.454,36.723,37.087,39.717,52.181,61.423,61.389,56.981,54.104,50.063,44.993,43.751,42.858,45.274,46.748,53.532,57.831,62.446,60.432,54.085,49.269,43.915
41.489,39.326,39.167,37.722,38.172,41.122,53.805,62.722,62.580,57.740,55.083,51.037,45.875,44.700,43.677,46.178,47.719,54.641,59.091,63.915,62.182,55.473,50.494,44.868
41.813,40.088,39.437,39.760,40.436,44.838,57.979,64.913,63.742,57.937,55.340,51.636,45.977,45.470,44.556,47.217,49.315,56.697,61.670,66.638,66.876,58.470,52.529,45.681
