3.406,0.905,-2.528,-0.329,3.348,6.349,22.413,35.872,37.081,28.696,16.907,9.692,6.257,5.773,-0.263,4.174,8.052,23.181,39.331,46.407,48.400,40.070,29.584,22.916
19.752,18.229,16.269,17.514,19.571,21.769,32.808,42.445,43.022,37.492,29.691,25.178,22.072,21.786,20.528,23.305,26.002,33.924,44.006,49.735,51.148,45.270,37.547,32.531
22.908,21.577,19.952,20.996,22.565,24.717,35.052,44.171,44.557,39.511,32.404,28.504,25.058,24.806,25.322,27.850,30.359,36.448,45.085,50.763,52.099,46.676,39.337,34.547
25.502,24.422,23.048,23.890,25.483,27.346,36.577,45.094,45.483,40.960,34.564,30.980,27.983,27.858,27.960,30.029,32.353,37.914,45.804,51.247,52.557,47.434,40.481,35.921
26.219,25.183,23.862,24.665,26.235,28.054,37.086,45.483,45.861,41.441,35.186,31.679,28.734,28.627,28.770,30.760,33.045,38.426,46.136,51.540,52.839,47.785,40.910,36.398
26.776,25.852,24.669,25.376,26.847,28.631,37.458,45.841,46.179,41.894,35.837,32.508,29.417,29.372,29.902,31.761,34.017,38.954,46.168,51.663,53.002,48.033,41.159,36.649
27.534,26.615,25.436,26.143,27.594,29.337,37.970,46.134,46.472,42.273,36.338,33.064,30.079,30.025,30.449,32.287,34.488,39.399,46.509,51.834,53.133,48.285,41.597,37.211
28.151,27.219,26.054,26.753,28.168,29.896,38.383,46.376,46.691,42.577,36.746,33.513,30.637,30.551,31.166,32.967,35.129,39.745,46.858,52.132,53.366,48.550,41.953,37.601
28.735,27.829,26.729,27.384,28.728,30.445,38.776,46.668,46.941,42.936,37.243,34.099,31.242,31.146,32.170,33.892,36.022,40.154,47.123,52.444,53.641,48.844,42.270,37.904
29.242,28.315,27.207,27.873,29.179,30.892,39.141,46.885,47.144,43.184,37.552,34.440,31.636,31.512,32.623,34.355,36.452,40.467,47.411,52.634,53.784,49.053,42.596,38.299
29.795,28.888,27.827,28.460,29.718,31.408,39.480,47.087,47.317,43.464,37.968,34.930,32.190,32.056,33.419,35.081,37.139,40.789,47.625,52.841,53.949,49.255,42.860,38.581
30.038,29.149,28.110,28.726,29.983,31.653,39.645,47.211,47.440,43.626,38.184,35.171,32.462,32.337,33.695,35.320,37.365,40.952,47.734,52.910,54.029,49.370,42.996,38.727
30.350,29.502,28.496,29.088,30.339,31.971,39.833,47.329,47.562,43.806,38.451,35.493,32.793,32.696,33.946,35.528,37.548,41.157,47.763,52.910,54.039,49.429,43.130,38.923
30.572,29.763,28.797,29.359,30.597,32.202,39.956,47.414,47.643,43.943,38.668,35.762,33.061,32.986,34.251,35.781,37.784,41.308,47.767,52.942,54.048,49.478,43.207,39.019
30.842,30.068,29.139,29.674,30.901,32.488,40.172,47.627,47.852,44.190,38.970,36.105,33.384,33.333,34.621,36.109,38.104,41.560,47.895,53.056,54.201,49.661,43.391,39.206
31.073,30.324,29.429,29.939,31.144,32.718,40.324,47.750,47.963,44.349,39.193,36.371,33.652,33.609,35.014,36.457,38.440,41.731,47.976,53.145,54.302,49.774,43.508,39.318
31.229,30.500,29.618,30.120,31.321,32.880,40.441,47.845,48.063,44.466,39.341,36.545,33.809,33.783,35.113,36.545,38.519,41.865,48.009,53.158,54.313,49.830,43.602,39.449
31.344,30.639,29.778,30.263,31.468,33.016,40.553,47.983,48.203,44.617,39.510,36.730,33.973,33.967,35.267,36.676,38.651,42.007,48.083,53.160,54.320,49.949,43.705,39.544
31.555,30.871,30.034,30.501,31.691,33.226,40.703,48.106,48.320,44.768,39.711,36.966,34.203,34.207,35.559,36.938,38.903,42.173,48.119,53.253,54.428,50.010,43.825,39.675
31.786,31.102,30.276,30.738,31.899,33.429,40.842,48.153,48.370,44.858,39.853,37.141,34.395,34.389,35.844,37.181,39.096,42.300,48.161,53.331,54.508,50.053,43.932,39.810
31.995,31.354,30.552,30.998,32.162,33.645,40.916,48.170,48.371,44.910,39.991,37.334,34.602,34.631,35.845,37.211,39.157,42.384,48.235,53.372,54.529,50.108,43.949,39.925
32.129,31.486,30.689,31.129,32.298,33.784,41.057,48.310,48.522,45.066,40.147,37.480,34.768,34.791,36.071,37.392,39.312,42.520,48.303,53.374,54.541,50.194,44.096,40.037
32.197,31.569,30.784,31.214,32.384,33.869,41.148,48.438,48.651,45.193,40.272,37.612,34.871,34.908,36.111,37.428,39.337,42.638,48.382,53.413,54.592,50.293,44.188,40.116
32.347,31.716,30.918,31.359,32.542,34.007,41.229,48.443,48.669,45.224,40.328,37.671,34.977,35.015,36.183,37.494,39.420,42.684,48.410,53.478,54.663,50.311,44.252,40.243
32.496,31.870,31.073,31.508,32.720,34.173,41.376,48.600,48.833,45.394,40.499,37.823,35.176,35.218,36.247,37.541,39.454,42.815,48.599,53.607,54.793,50.474,44.406,40.374
32.642,32.034,31.247,31.673,32.896,34.327,41.462,48.648,48.889,45.474,40.617,37.957,35.337,35.393,36.305,37.579,39.480,42.897,48.622,53.623,54.803,50.497,44.469,40.469
32.797,32.178,31.388,31.814,33.049,34.472,41.565,48.707,48.946,45.553,40.716,38.045,35.499,35.540,36.468,37.724,39.618,42.959,48.762,53.740,54.903,50.591,44.569,40.559
32.919,32.323,31.569,31.966,33.193,34.606,41.637,48.785,49.009,45.660,40.873,38.225,35.698,35.746,36.796,38.021,39.896,43.048,48.788,53.745,54.907,50.647,44.620,40.564
33.057,32.465,31.706,32.113,33.314,34.721,41.725,48.808,49.037,45.693,40.930,38.317,35.750,35.804,36.803,38.024,39.900,43.143,48.821,53.783,54.954,50.687,44.681,40.711
33.174,32.589,31.826,32.235,33.448,34.844,41.830,48.900,49.138,45.795,41.036,38.424,35.864,35.928,36.821,38.032,39.912,43.244,48.866,53.874,55.009,50.721,44.781,40.837
33.326,32.727,31.955,32.373,33.577,34.977,41.960,48.996,49.232,45.890,41.133,38.521,35.974,36.025,36.918,38.161,40.023,43.356,48.992,53.877,55.010,50.819,44.908,40.983
33.482,32.888,32.124,32.537,33.724,35.116,42.045,49.025,49.255,45.942,41.226,38.640,36.106,36.155,37.088,38.320,40.167,43.434,49.020,53.878,55.018,50.836,44.968,41.069
33.595,32.999,32.231,32.647,33.841,35.221,42.105,49.033,49.268,45.972,41.278,38.693,36.204,36.250,37.111,38.338,40.173,43.466,49.059,53.880,55.023,50.842,45.016,41.143
33.723,33.134,32.376,32.785,33.971,35.344,42.190,49.091,49.321,46.047,41.382,38.813,36.334,36.381,37.276,38.488,40.315,43.550,49.111,53.886,55.033,50.895,45.084,41.219
33.846,33.269,32.528,32.926,34.098,35.461,42.253,49.119,49.344,46.098,41.474,38.933,36.456,36.508,37.433,38.626,40.442,43.620,49.112,53.899,55.035,50.905,45.123,41.277
33.945,33.369,32.624,33.026,34.195,35.551,42.316,49.144,49.373,46.136,41.527,38.995,36.528,36.580,37.449,38.647,40.453,43.673,49.137,53.907,55.037,50.914,45.174,41.361
34.059,33.485,32.744,33.144,34.307,35.656,42.390,49.184,49.411,46.189,41.602,39.084,36.625,36.678,37.542,38.736,40.533,43.740,49.175,53.921,55.051,50.944,45.234,41.441
34.179,33.599,32.856,33.260,34.402,35.757,42.487,49.252,49.472,46.257,41.680,39.175,36.706,36.750,37.684,38.887,40.678,43.835,49.247,53.953,55.061,51.005,45.321,41.545
34.263,33.702,32.973,33.365,34.514,35.855,42.551,49.318,49.543,46.341,41.785,39.293,36.821,36.881,37.752,38.936,40.723,43.914,49.268,53.971,55.093,51.052,45.373,41.605
34.362,33.815,33.108,33.486,34.612,35.952,42.617,49.379,49.593,46.415,41.891,39.429,36.934,36.999,37.922,39.095,40.875,44.003,49.287,54.011,55.133,51.101,45.420,41.647
34.420,33.870,33.153,33.538,34.677,36.011,42.673,49.421,49.645,46.460,41.930,39.459,36.979,37.046,37.937,39.102,40.881,44.046,49.340,54.031,55.155,51.137,45.478,41.726
34.490,33.945,33.227,33.611,34.764,36.088,42.730,49.471,49.701,46.520,41.997,39.522,37.062,37.134,37.958,39.116,40.890,44.095,49.393,54.072,55.200,51.185,45.533,41.787
34.583,34.037,33.315,33.700,34.869,36.183,42.799,49.517,49.753,46.579,42.064,39.581,37.161,37.233,37.977,39.142,40.924,44.143,49.467,54.125,55.249,51.236,45.600,41.863
34.716,34.173,33.459,33.839,34.994,36.311,42.920,49.634,49.864,46.699,42.195,39.724,37.291,37.362,38.155,39.309,41.080,44.274,49.572,54.238,55.360,51.351,45.714,41.975
34.813,34.268,33.551,33.936,35.080,36.397,42.998,49.688,49.917,46.754,42.259,39.798,37.357,37.426,38.215,39.378,41.144,44.350,49.617,54.254,55.373,51.390,45.784,42.069
34.902,34.353,33.629,34.018,35.168,36.481,43.075,49.748,49.980,46.818,42.323,39.858,37.434,37.500,38.250,39.417,41.179,44.414,49.696,54.306,55.412,51.451,45.861,42.157
35.013,34.461,33.730,34.125,35.276,36.581,43.143,49.768,50.003,46.852,42.373,39.912,37.515,37.578,38.267,39.438,41.189,44.460,49.737,54.314,55.428,51.462,45.918,42.247
35.116,34.563,33.829,34.228,35.377,36.680,43.239,49.849,50.088,46.935,42.456,39.999,37.595,37.660,38.304,39.484,41.232,44.555,49.808,54.347,55.455,51.528,46.010,42.361
35.196,34.645,33.915,34.310,35.460,36.765,43.332,49.961,50.198,47.043,42.561,40.102,37.695,37.761,38.427,39.605,41.343,44.654,49.917,54.481,55.591,51.648,46.106,42.440
35.301,34.749,34.016,34.412,35.571,36.866,43.396,49.987,50.228,47.086,42.622,40.162,37.792,37.856,38.434,39.608,41.360,44.696,49.971,54.494,55.597,51.676,46.162,42.513
35.383,34.830,34.086,34.491,35.656,36.944,43.460,50.022,50.271,47.128,42.666,40.205,37.848,37.914,38.476,39.643,41.387,44.747,50.009,54.506,55.607,51.695,46.222,42.607
35.486,34.939,34.206,34.604,35.758,37.044,43.546,50.103,50.347,47.215,42.768,40.323,37.950,38.019,38.572,39.745,41.479,44.845,50.064,54.551,55.655,51.764,46.298,42.688
35.547,35.004,34.271,34.669,35.830,37.111,43.607,50.164,50.413,47.281,42.835,40.388,38.020,38.094,38.599,39.769,41.503,44.906,50.119,54.600,55.709,51.822,46.358,42.752
35.644,35.094,34.357,34.757,35.915,37.197,43.682,50.217,50.462,47.337,42.898,40.450,38.103,38.168,38.704,39.873,41.603,44.965,50.203,54.677,55.774,51.885,46.430,42.826
35.721,35.184,34.459,34.852,36.000,37.280,43.759,50.306,50.550,47.429,43.000,40.570,38.191,38.266,38.818,39.981,41.710,45.067,50.241,54.722,55.830,51.954,46.498,42.898
35.795,35.264,34.541,34.931,36.088,37.364,43.839,50.394,50.643,47.521,43.091,40.659,38.278,38.361,38.858,40.018,41.749,45.151,50.315,54.792,55.908,52.036,46.579,42.982
35.901,35.359,34.623,35.022,36.189,37.466,43.952,50.502,50.754,47.622,43.179,40.731,38.371,38.447,38.911,40.080,41.813,45.246,50.459,54.925,56.035,52.155,46.702,43.106
36.003,35.453,34.707,35.115,36.280,37.559,44.051,50.583,50.838,47.700,43.250,40.799,38.443,38.514,38.945,40.129,41.859,45.334,50.555,54.993,56.099,52.232,46.802,43.224
36.090,35.554,34.817,35.219,36.379,37.656,44.156,50.712,50.969,47.827,43.377,40.940,38.539,38.624,39.032,40.217,41.949,45.470,50.618,55.056,56.181,52.333,46.902,43.334
36.170,35.632,34.889,35.296,36.459,37.733,44.228,50.770,51.032,47.887,43.437,40.999,38.604,38.690,39.045,40.237,41.965,45.535,50.681,55.094,56.219,52.385,46.974,43.422
36.280,35.749,35.015,35.416,36.573,37.843,44.317,50.849,51.107,47.976,43.543,41.116,38.719,38.808,39.185,40.366,42.091,45.628,50.744,55.157,56.282,52.457,47.052,43.504
36.395,35.880,35.165,35.554,36.691,37.955,44.391,50.906,51.159,48.049,43.651,41.257,38.836,38.934,39.357,40.524,42.240,45.724,50.750,55.158,56.286,52.489,47.103,43.570
36.564,36.050,35.337,35.727,36.844,38.105,44.508,50.973,51.221,48.130,43.759,41.388,38.964,39.057,39.511,40.682,42.385,45.837,50.809,55.177,56.296,52.537,47.200,43.701
36.638,36.129,35.427,35.807,36.924,38.184,44.576,51.051,51.294,48.214,43.854,41.486,39.069,39.164,39.676,40.828,42.533,45.909,50.887,55.290,56.408,52.628,47.265,43.741
36.726,36.218,35.519,35.898,37.006,38.270,44.667,51.146,51.386,48.305,43.946,41.584,39.152,39.247,39.795,40.949,42.654,46.009,50.970,55.378,56.496,52.719,47.354,43.831
36.826,36.320,35.618,36.000,37.112,38.368,44.750,51.209,51.455,48.376,44.024,41.665,39.239,39.337,39.817,40.974,42.674,46.086,51.028,55.404,56.524,52.769,47.431,43.931
36.897,36.401,35.702,36.080,37.205,38.450,44.811,51.269,51.521,48.447,44.103,41.744,39.329,39.437,39.833,40.980,42.679,46.148,51.072,55.437,56.566,52.819,47.488,43.997
36.981,36.496,35.810,36.178,37.302,38.541,44.878,51.338,51.590,48.528,44.201,41.854,39.436,39.552,39.951,41.082,42.779,46.226,51.115,55.489,56.624,52.880,47.546,44.052
37.084,36.594,35.902,36.275,37.397,38.636,44.966,51.405,51.657,48.598,44.274,41.926,39.519,39.630,40.026,41.162,42.855,46.303,51.201,55.557,56.685,52.949,47.632,44.149
37.190,36.715,36.043,36.403,37.508,38.747,45.071,51.529,51.774,48.725,44.417,42.093,39.646,39.766,40.236,41.359,43.053,46.441,51.265,55.647,56.786,53.056,47.725,44.234
37.349,36.870,36.195,36.557,37.662,38.896,45.189,51.608,51.853,48.817,44.526,42.205,39.787,39.902,40.359,41.480,43.165,46.539,51.373,55.729,56.856,53.138,47.835,44.360
37.488,37.019,36.355,36.709,37.804,39.035,45.310,51.725,51.966,48.942,44.669,42.365,39.934,40.053,40.551,41.661,43.343,46.674,51.462,55.824,56.953,53.245,47.944,44.471
37.622,37.159,36.505,36.854,37.938,39.166,45.423,51.828,52.066,49.053,44.796,42.509,40.064,40.188,40.704,41.809,43.486,46.797,51.538,55.893,57.024,53.333,48.045,44.583
37.772,37.302,36.646,36.996,38.069,39.297,45.524,51.881,52.112,49.118,44.883,42.603,40.188,40.299,40.872,41.974,43.641,46.876,51.629,55.966,57.078,53.395,48.134,44.682
37.864,37.405,36.767,37.105,38.164,39.394,45.616,51.992,52.215,49.231,45.010,42.746,40.305,40.421,41.086,42.173,43.841,46.992,51.704,56.077,57.194,53.503,48.219,44.748
37.952,37.503,36.866,37.200,38.284,39.499,45.698,52.079,52.312,49.332,45.116,42.844,40.428,40.556,41.107,42.179,43.848,47.069,51.788,56.157,57.283,53.589,48.301,44.831
38.140,37.679,37.035,37.376,38.448,39.674,45.898,52.275,52.504,49.514,45.286,43.012,40.585,40.702,41.310,42.398,44.068,47.266,52.000,56.365,57.483,53.790,48.506,45.038
38.225,37.766,37.121,37.462,38.542,39.767,45.999,52.391,52.623,49.627,45.391,43.110,40.682,40.803,41.376,42.464,44.138,47.369,52.110,56.481,57.605,53.905,48.612,45.139
38.317,37.871,37.236,37.567,38.658,39.874,46.086,52.491,52.726,49.738,45.512,43.234,40.813,40.944,41.485,42.554,44.229,47.464,52.193,56.579,57.712,54.005,48.696,45.213
38.467,38.029,37.402,37.729,38.810,40.029,46.252,52.680,52.912,49.922,45.696,43.428,40.973,41.111,41.690,42.757,44.435,47.654,52.341,56.746,57.888,54.183,48.861,45.371
38.690,38.258,37.647,37.965,39.015,40.233,46.411,52.792,53.012,50.053,45.869,43.636,41.171,41.305,41.995,43.052,44.716,47.819,52.433,56.824,57.955,54.280,48.991,45.521
38.840,38.406,37.788,38.107,39.189,40.402,46.591,53.001,53.231,50.259,46.055,43.792,41.362,41.500,42.094,43.144,44.817,47.986,52.673,57.083,58.219,54.510,49.190,45.696
39.101,38.666,38.065,38.375,39.417,40.643,46.828,53.228,53.437,50.485,46.303,44.069,41.609,41.735,42.558,43.600,45.270,48.240,52.887,57.332,58.454,54.742,49.412,45.901
39.287,38.829,38.199,38.529,39.594,40.820,47.016,53.388,53.606,50.639,46.434,44.167,41.761,41.874,42.588,43.651,45.319,48.382,53.129,57.534,58.641,54.923,49.616,46.119
39.534,39.044,38.385,38.736,39.809,41.050,47.297,53.662,53.882,50.888,46.642,44.341,41.964,42.053,42.773,43.868,45.541,48.626,53.491,57.884,58.971,55.230,49.922,46.419
39.715,39.238,38.598,38.933,40.008,41.247,47.483,53.881,54.094,51.113,46.879,44.582,42.204,42.300,43.093,44.159,45.838,48.829,53.692,58.145,59.237,55.463,50.107,46.563
40.060,39.567,38.922,39.263,40.313,41.565,47.810,54.179,54.380,51.403,47.172,44.882,42.501,42.579,43.499,44.579,46.253,49.145,54.022,58.469,59.541,55.771,50.430,46.890
40.398,39.881,39.226,39.580,40.588,41.865,48.148,54.490,54.674,51.691,47.452,45.174,42.759,42.813,43.921,45.033,46.702,49.479,54.357,58.795,59.844,56.085,50.766,47.234
40.717,40.160,39.476,39.851,40.860,42.151,48.453,54.747,54.924,51.936,47.678,45.368,43.021,43.038,44.222,45.355,47.021,49.723,54.749,59.173,60.181,56.394,51.086,47.546
41.000,40.422,39.728,40.109,41.122,42.431,48.782,55.107,55.277,52.272,47.981,45.642,43.314,43.312,44.607,45.747,47.425,50.036,55.178,59.657,60.649,56.803,51.441,47.850
41.241,40.661,39.978,40.350,41.360,42.671,49.006,55.333,55.492,52.505,48.228,45.889,43.587,43.577,44.989,46.105,47.784,50.254,55.436,59.963,60.941,57.059,51.663,48.035
41.513,40.928,40.234,40.611,41.649,42.953,49.290,55.620,55.790,52.794,48.502,46.137,43.877,43.866,45.173,46.288,47.971,50.515,55.764,60.285,61.263,57.363,51.960,48.325
41.905,41.317,40.631,41.001,42.024,43.349,49.738,56.129,56.285,53.277,48.964,46.596,44.297,44.280,45.769,46.882,48.579,50.989,56.265,60.868,61.846,57.897,52.424,48.733
42.359,41.763,41.095,41.457,42.428,43.771,50.150,56.512,56.640,53.658,49.376,47.041,44.716,44.680,46.457,47.565,49.253,51.411,56.651,61.285,62.238,58.289,52.816,49.111
42.912,42.313,41.664,42.008,42.976,44.323,50.675,57.041,57.151,54.199,49.941,47.603,45.330,45.277,47.274,48.339,50.031,51.922,57.246,61.971,62.899,58.878,53.339,49.562
43.662,43.047,42.400,42.745,43.684,45.049,51.417,57.772,57.863,54.919,50.664,48.331,46.057,45.983,48.190,49.257,50.948,52.658,58.017,62.778,63.682,59.637,54.080,50.276
45.073,44.283,43.533,43.958,44.849,46.319,52.881,59.143,59.177,56.182,51.807,49.354,47.244,47.007,49.900,51.074,52.774,53.932,59.898,64.731,65.468,61.244,55.631,51.708
46.675,45.810,45.076,45.501,46.242,47.811,54.486,60.737,60.676,57.704,53.327,50.908,48.731,48.396,52.366,53.563,55.267,55.540,61.637,66.663,67.294,62.957,57.239,53.179
49.662,48.535,47.674,48.225,48.706,50.471,57.413,63.370,63.173,60.167,55.700,53.266,51.099,50.505,55.958,57.392,59.061,58.268,64.831,69.810,70.171,65.788,60.199,56.130
