5.334,2.442,1.106,-0.289,-0.428,5.471,30.627,48.538,52.082,47.807,43.059,43.444,41.099,41.262,35.972,30.403,25.031,33.414,39.225,47.381,47.036,31.836,19.827,6.338
19.635,17.604,16.800,15.888,15.754,20.059,37.346,49.803,52.291,49.608,46.541,46.662,44.831,44.935,41.331,36.796,33.467,39.171,43.193,49.354,48.247,38.069,29.614,20.616
23.930,22.141,21.542,20.777,20.727,24.678,39.429,49.886,52.301,50.058,47.821,47.619,45.712,45.803,42.761,38.418,35.996,40.791,44.312,49.815,48.470,39.818,32.275,24.855
26.478,24.884,24.230,23.417,23.161,26.773,40.252,49.942,52.339,50.079,48.018,48.016,46.476,46.524,43.972,39.918,37.781,41.873,44.778,50.100,48.574,40.297,33.523,27.253
27.390,25.851,25.243,24.461,24.211,27.752,40.665,49.977,52.358,50.159,48.279,48.212,46.659,46.703,44.285,40.241,38.319,42.197,44.978,50.135,48.598,40.624,34.056,28.166
28.578,27.126,26.551,25.808,25.557,28.914,41.100,50.192,52.397,50.215,48.327,48.265,46.798,46.837,44.572,40.715,38.927,42.564,45.170,50.191,48.612,41.033,34.828,29.318
29.015,27.565,27.063,26.411,26.264,29.531,41.560,50.314,52.434,50.450,48.587,48.493,46.995,47.053,44.664,40.910,39.024,42.816,45.563,50.310,48.878,41.761,35.638,29.836
29.644,28.232,27.775,27.167,27.059,30.239,41.861,50.355,52.459,50.498,48.693,48.555,47.050,47.111,44.769,41.093,39.296,43.001,45.710,50.327,48.880,42.091,36.134,30.471
30.187,28.803,28.351,27.747,27.625,30.761,42.152,50.473,52.506,50.634,48.893,48.754,47.275,47.332,45.059,41.417,39.689,43.290,45.923,50.475,49.023,42.336,36.486,30.998
30.607,29.253,28.781,28.163,28.003,31.076,42.324,50.505,52.518,50.663,48.949,48.868,47.471,47.520,45.311,41.744,40.014,43.528,46.068,50.589,49.149,42.472,36.743,31.388
30.838,29.494,29.019,28.403,28.237,31.280,42.468,50.598,52.556,50.748,49.035,48.972,47.603,47.652,45.456,41.926,40.187,43.681,46.199,50.691,49.270,42.624,36.944,31.611
31.158,29.836,29.362,28.746,28.560,31.567,42.594,50.598,52.563,50.766,49.096,49.050,47.714,47.758,45.616,42.105,40.407,43.823,46.276,50.752,49.293,42.717,37.126,31.925
31.400,30.091,29.609,28.986,28.788,31.773,42.725,50.609,52.572,50.828,49.181,49.146,47.833,47.875,45.766,42.287,40.606,43.975,46.387,50.839,49.341,42.819,37.272,32.146
31.724,30.434,29.957,29.327,29.112,32.094,42.856,50.623,52.598,50.861,49.306,49.243,47.923,47.959,45.930,42.425,40.859,44.109,46.444,50.899,49.387,42.853,37.362,32.453
31.919,30.642,30.159,29.521,29.268,32.240,42.938,50.653,52.620,50.863,49.395,49.346,48.048,48.078,46.130,42.590,41.053,44.241,46.515,50.925,49.397,42.893,37.456,32.660
32.141,30.883,30.390,29.742,29.453,32.401,42.987,50.662,52.628,50.887,49.412,49.366,48.084,48.114,46.170,42.701,41.234,44.340,46.537,51.030,49.408,42.896,37.527,32.873
32.467,31.228,30.778,30.167,29.915,32.845,43.141,50.675,52.653,50.915,49.435,49.412,48.174,48.198,46.273,42.734,41.291,44.352,46.563,51.073,49.421,43.065,37.770,33.186
32.541,31.298,30.827,30.193,29.943,32.848,43.241,50.757,52.656,51.044,49.623,49.589,48.333,48.356,46.469,42.926,41.504,44.546,46.715,51.210,49.509,43.124,37.816,33.278
32.715,31.472,31.002,30.371,30.105,33.031,43.414,50.923,52.815,51.199,49.776,49.729,48.463,48.487,46.596,43.076,41.655,44.701,46.879,51.341,49.679,43.301,37.991,33.440
32.835,31.596,31.106,30.456,30.161,33.086,43.499,50.929,52.856,51.204,49.823,49.838,48.621,48.641,46.775,43.257,41.828,44.846,46.986,51.458,49.809,43.344,38.047,33.544
33.040,31.808,31.285,30.610,30.245,33.155,43.541,50.985,52.901,51.244,49.857,49.854,48.658,48.673,46.863,43.409,41.996,44.933,46.998,51.483,49.810,43.348,38.132,33.752
33.079,31.863,31.357,30.693,30.373,33.253,43.660,51.005,52.927,51.285,49.870,49.916,48.796,48.809,47.021,43.632,42.141,45.102,47.124,51.539,49.925,43.495,38.235,33.762
33.370,32.172,31.657,30.994,30.658,33.483,43.682,51.064,53.002,51.321,49.929,50.031,48.956,48.965,47.172,43.638,42.194,45.139,47.213,51.674,50.055,43.500,38.376,34.029
33.503,32.311,31.777,31.100,30.736,33.547,43.769,51.092,53.021,51.339,49.939,50.058,49.003,49.012,47.194,43.827,42.357,45.247,47.234,51.700,50.063,43.572,38.474,34.152
33.616,32.431,31.895,31.221,30.854,33.641,43.828,51.128,53.047,51.377,50.006,50.105,49.004,49.014,47.245,43.913,42.425,45.310,47.287,51.726,50.105,43.647,38.583,34.260
33.796,32.620,32.088,31.414,31.053,33.830,43.927,51.190,53.120,51.458,50.052,50.139,49.044,49.052,47.309,43.996,42.546,45.393,47.350,51.825,50.147,43.720,38.683,34.424
33.962,32.792,32.258,31.579,31.208,33.987,44.034,51.193,53.159,51.480,50.120,50.213,49.152,49.158,47.444,44.117,42.706,45.510,47.437,51.826,50.217,43.786,38.763,34.583
34.059,32.895,32.348,31.663,31.279,34.032,44.086,51.233,53.164,51.484,50.122,50.253,49.233,49.237,47.526,44.244,42.791,45.595,47.505,51.878,50.304,43.852,38.863,34.668
34.149,32.986,32.445,31.764,31.386,34.138,44.172,51.310,53.234,51.560,50.204,50.327,49.299,49.304,47.592,44.308,42.862,45.666,47.581,51.946,50.370,43.943,38.957,34.763
34.294,33.137,32.597,31.917,31.536,34.280,44.255,51.351,53.270,51.607,50.271,50.389,49.364,49.367,47.674,44.395,42.973,45.748,47.644,51.998,50.415,44.009,39.045,34.901
34.403,33.247,32.701,32.020,31.634,34.361,44.358,51.461,53.381,51.703,50.344,50.487,49.487,49.491,47.789,44.538,43.077,45.868,47.763,52.109,50.550,44.136,39.188,35.009
34.476,33.324,32.772,32.088,31.690,34.405,44.406,51.502,53.425,51.742,50.374,50.542,49.567,49.569,47.870,44.630,43.148,45.938,47.820,52.173,50.610,44.192,39.264,35.083
34.578,33.430,32.875,32.195,31.794,34.485,44.488,51.580,53.496,51.805,50.413,50.607,49.659,49.662,47.952,44.745,43.225,46.029,47.912,52.248,50.708,44.306,39.406,35.188
34.663,33.517,32.960,32.285,31.881,34.555,44.563,51.656,53.557,51.873,50.461,50.675,49.747,49.751,48.031,44.841,43.290,46.110,47.995,52.325,50.777,44.410,39.530,35.280
34.758,33.617,33.073,32.406,32.009,34.679,44.614,51.665,53.565,51.893,50.501,50.697,49.756,49.760,48.051,44.852,43.333,46.134,48.014,52.331,50.793,44.458,39.597,35.383
34.903,33.768,33.222,32.549,32.152,34.823,44.694,51.692,53.585,51.927,50.574,50.752,49.802,49.804,48.125,44.931,43.457,46.213,48.067,52.368,50.819,44.493,39.641,35.508
34.985,33.856,33.309,32.636,32.233,34.890,44.723,51.695,53.591,51.931,50.575,50.762,49.827,49.828,48.160,44.982,43.508,46.248,48.087,52.376,50.830,44.520,39.696,35.586
35.086,33.960,33.419,32.749,32.349,35.005,44.794,51.737,53.623,51.980,50.644,50.821,49.878,49.879,48.220,45.034,43.584,46.307,48.139,52.424,50.862,44.583,39.769,35.690
35.185,34.056,33.526,32.865,32.489,35.149,44.920,51.866,53.735,52.101,50.762,50.908,49.936,49.940,48.267,45.091,43.651,46.391,48.250,52.496,50.968,44.724,39.895,35.787
35.284,34.160,33.625,32.962,32.576,35.222,44.976,51.900,53.770,52.135,50.797,50.961,50.009,50.012,48.349,45.184,43.736,46.464,48.305,52.553,51.020,44.778,39.973,35.884
35.375,34.253,33.711,33.044,32.653,35.286,45.048,51.969,53.843,52.191,50.841,51.022,50.090,50.093,48.429,45.294,43.822,46.552,48.387,52.621,51.117,44.857,40.066,35.965
35.469,34.353,33.810,33.141,32.740,35.370,45.089,51.976,53.852,52.210,50.881,51.065,50.140,50.140,48.498,45.353,43.903,46.603,48.414,52.659,51.128,44.876,40.106,36.058
35.551,34.438,33.882,33.201,32.781,35.409,45.143,52.024,53.919,52.261,50.939,51.142,50.239,50.236,48.611,45.469,44.017,46.696,48.480,52.747,51.207,44.904,40.141,36.129
35.653,34.542,33.980,33.294,32.873,35.496,45.233,52.108,54.008,52.336,51.011,51.219,50.323,50.320,48.698,45.579,44.118,46.794,48.573,52.824,51.315,44.988,40.230,36.217
35.741,34.630,34.070,33.385,32.966,35.589,45.310,52.176,54.074,52.405,51.087,51.289,50.389,50.386,48.768,45.648,44.197,46.866,48.643,52.889,51.379,45.060,40.303,36.303
35.880,34.776,34.211,33.519,33.098,35.719,45.389,52.211,54.114,52.441,51.149,51.340,50.436,50.432,48.840,45.737,44.316,46.948,48.702,52.926,51.436,45.101,40.356,36.419
35.962,34.855,34.292,33.606,33.203,35.815,45.500,52.336,54.228,52.546,51.233,51.416,50.505,50.504,48.891,45.820,44.376,47.036,48.815,52.999,51.563,45.240,40.488,36.495
36.044,34.938,34.373,33.685,33.281,35.889,45.569,52.399,54.292,52.604,51.290,51.475,50.569,50.568,48.957,45.900,44.453,47.109,48.884,53.058,51.638,45.305,40.558,36.570
36.154,35.051,34.490,33.806,33.408,36.013,45.652,52.457,54.341,52.664,51.360,51.534,50.621,50.620,49.015,45.962,44.531,47.176,48.950,53.106,51.689,45.386,40.649,36.678
36.217,35.110,34.550,33.871,33.479,36.070,45.759,52.600,54.476,52.788,51.444,51.638,50.739,50.741,49.106,46.077,44.592,47.282,49.080,53.224,51.838,45.543,40.807,36.750
36.347,35.239,34.680,34.005,33.623,36.215,45.904,52.749,54.620,52.929,51.581,51.762,50.852,50.855,49.213,46.196,44.711,47.410,49.221,53.343,51.984,45.694,40.949,36.875
36.404,35.298,34.734,34.054,33.664,36.253,45.944,52.784,54.661,52.964,51.617,51.810,50.912,50.914,49.278,46.265,44.775,47.466,49.266,53.395,52.033,45.726,40.989,36.928
36.528,35.424,34.866,34.187,33.803,36.395,46.040,52.851,54.724,53.039,51.713,51.886,50.973,50.974,49.351,46.333,44.876,47.546,49.339,53.456,52.090,45.803,41.069,37.047
36.614,35.514,34.954,34.274,33.885,36.469,46.093,52.886,54.758,53.075,51.753,51.934,51.031,51.031,49.416,46.405,44.948,47.607,49.388,53.504,52.134,45.853,41.136,37.131
36.675,35.575,35.011,34.328,33.938,36.519,46.151,52.944,54.820,53.127,51.802,51.986,51.088,51.088,49.474,46.476,45.012,47.671,49.450,53.558,52.206,45.908,41.191,37.184
36.766,35.663,35.094,34.406,34.009,36.598,46.270,53.087,54.974,53.270,51.940,52.132,51.238,51.238,49.622,46.615,45.142,47.806,49.585,53.713,52.356,46.022,41.291,37.275
36.861,35.759,35.183,34.490,34.087,36.675,46.356,53.172,55.067,53.352,52.024,52.223,51.337,51.336,49.725,46.725,45.249,47.907,49.676,53.807,52.457,46.097,41.368,37.361
36.977,35.878,35.298,34.598,34.191,36.783,46.444,53.242,55.144,53.426,52.116,52.308,51.420,51.418,49.823,46.824,45.368,48.002,49.757,53.887,52.538,46.158,41.430,37.465
37.125,36.022,35.450,34.752,34.357,36.963,46.610,53.406,55.305,53.597,52.301,52.465,51.548,51.547,49.954,46.941,45.514,48.143,49.908,54.030,52.681,46.309,41.561,37.611
37.215,36.112,35.535,34.834,34.436,37.045,46.707,53.510,55.416,53.698,52.403,52.568,51.652,51.651,50.059,47.049,45.620,48.248,50.011,54.135,52.794,46.399,41.644,37.695
37.306,36.202,35.622,34.917,34.516,37.129,46.799,53.606,55.518,53.794,52.502,52.669,51.754,51.752,50.165,47.152,45.726,48.349,50.107,54.238,52.896,46.480,41.721,37.781
37.409,36.305,35.727,35.026,34.639,37.245,46.913,53.721,55.623,53.894,52.589,52.746,51.825,51.826,50.225,47.242,45.803,48.443,50.217,54.310,53.015,46.612,41.851,37.876
37.518,36.419,35.834,35.124,34.725,37.327,46.968,53.745,55.658,53.924,52.638,52.802,51.893,51.891,50.315,47.336,45.913,48.520,50.266,54.364,53.063,46.635,41.890,37.972
37.619,36.517,35.934,35.229,34.843,37.441,47.098,53.891,55.796,54.056,52.753,52.913,51.998,51.998,50.404,47.444,46.003,48.633,50.400,54.474,53.207,46.789,42.036,38.072
37.738,36.644,36.063,35.357,34.964,37.556,47.148,53.894,55.796,54.071,52.792,52.949,52.038,52.036,50.466,47.502,46.090,48.685,50.428,54.499,53.210,46.817,42.090,38.189
37.874,36.782,36.209,35.510,35.127,37.714,47.251,53.965,55.854,54.144,52.879,53.018,52.095,52.094,50.530,47.571,46.182,48.764,50.506,54.554,53.269,46.916,42.201,38.323
37.990,36.903,36.336,35.636,35.252,37.843,47.324,54.001,55.887,54.196,52.960,53.083,52.148,52.146,50.603,47.626,46.278,48.829,50.554,54.605,53.292,46.963,42.257,38.439
38.116,37.033,36.453,35.742,35.339,37.929,47.414,54.079,55.982,54.277,53.052,53.192,52.277,52.272,50.749,47.775,46.429,48.954,50.652,54.721,53.400,47.023,42.327,38.552
38.215,37.135,36.550,35.833,35.421,38.012,47.480,54.126,56.038,54.331,53.123,53.265,52.355,52.348,50.843,47.864,46.535,49.036,50.713,54.792,53.459,47.063,42.373,38.643
38.298,37.220,36.638,35.921,35.515,38.105,47.547,54.177,56.086,54.382,53.181,53.313,52.396,52.390,50.889,47.917,46.600,49.093,50.769,54.832,53.510,47.124,42.438,38.721
38.443,37.365,36.767,36.035,35.606,38.200,47.682,54.320,56.255,54.526,53.330,53.485,52.591,52.582,51.096,48.124,46.799,49.274,50.925,55.019,53.689,47.229,42.541,38.853
38.544,37.469,36.861,36.125,35.682,38.259,47.761,54.401,56.341,54.599,53.386,53.576,52.716,52.705,51.219,48.266,46.905,49.385,51.022,55.126,53.799,47.321,42.656,38.953
38.651,37.575,36.957,36.214,35.764,38.339,47.888,54.551,56.503,54.740,53.512,53.718,52.873,52.861,51.371,48.430,47.044,49.534,51.171,55.281,53.973,47.451,42.780,39.053
38.759,37.681,37.083,36.359,35.934,38.507,48.015,54.671,56.593,54.859,53.626,53.804,52.931,52.923,51.412,48.469,47.092,49.605,51.273,55.350,54.048,47.614,42.942,39.179
38.890,37.809,37.213,36.491,36.064,38.640,48.169,54.844,56.766,55.035,53.794,53.979,53.108,53.100,51.582,48.623,47.237,49.762,51.437,55.532,54.209,47.780,43.103,39.322
38.992,37.912,37.323,36.609,36.189,38.760,48.271,54.942,56.851,55.133,53.886,54.068,53.192,53.185,51.659,48.700,47.312,49.847,51.532,55.617,54.291,47.903,43.233,39.434
39.135,38.057,37.457,36.732,36.299,38.872,48.395,55.060,56.986,55.253,54.015,54.207,53.345,53.336,51.825,48.870,47.483,49.999,51.663,55.762,54.436,48.000,43.331,39.564
39.279,38.206,37.608,36.883,36.438,39.014,48.496,55.132,57.060,55.345,54.131,54.324,53.464,53.453,51.962,48.979,47.622,50.108,51.750,55.875,54.497,48.078,43.425,39.717
39.413,38.336,37.742,37.018,36.575,39.159,48.657,55.310,57.237,55.528,54.312,54.501,53.633,53.622,52.126,49.125,47.771,50.265,51.915,56.054,54.660,48.242,43.577,39.858
39.543,38.463,37.855,37.124,36.669,39.247,48.818,55.510,57.452,55.713,54.469,54.690,53.849,53.838,52.329,49.346,47.944,50.461,52.112,56.265,54.892,48.420,43.750,39.984
39.649,38.568,37.970,37.250,36.810,39.385,48.943,55.637,57.562,55.836,54.581,54.790,53.936,53.927,52.402,49.425,48.018,50.555,52.228,56.358,54.998,48.573,43.902,40.100
39.797,38.711,38.081,37.343,36.877,39.435,49.155,55.930,57.888,56.093,54.773,55.055,54.267,54.256,52.704,49.776,48.257,50.846,52.520,56.674,55.370,48.818,44.142,40.234
39.925,38.834,38.198,37.464,37.008,39.542,49.343,56.169,58.120,56.292,54.908,55.221,54.458,54.451,52.855,49.989,48.381,51.036,52.745,56.861,55.641,49.077,44.401,40.360
40.126,39.025,38.368,37.625,37.169,39.696,49.647,56.563,58.532,56.643,55.192,55.543,54.810,54.804,53.165,50.355,48.649,51.373,53.114,57.216,56.088,49.427,44.722,40.545
40.289,39.191,38.525,37.775,37.306,39.826,49.792,56.707,58.687,56.784,55.329,55.701,54.990,54.983,53.349,50.550,48.828,51.546,53.272,57.384,56.258,49.568,44.874,40.703
40.486,39.379,38.757,38.044,37.617,40.157,50.054,56.973,58.902,57.076,55.630,55.938,55.154,55.154,53.489,50.621,48.952,51.702,53.487,57.590,56.398,49.877,45.159,40.953
40.750,39.638,39.037,38.336,37.940,40.503,50.357,57.273,59.181,57.386,55.961,56.211,55.369,55.372,53.700,50.803,49.185,51.939,53.755,57.835,56.637,50.176,45.426,41.225
40.991,39.879,39.302,38.622,38.251,40.814,50.601,57.497,59.372,57.620,56.202,56.419,55.542,55.549,53.864,50.948,49.359,52.122,53.964,58.021,56.801,50.449,45.702,41.490
41.216,40.098,39.563,38.922,38.596,41.158,50.883,57.784,59.600,57.912,56.479,56.649,55.720,55.734,54.005,51.060,49.484,52.300,54.207,58.227,56.983,50.812,46.059,41.766
41.553,40.427,39.973,39.401,39.161,41.742,51.300,58.179,59.889,58.341,56.921,56.974,55.919,55.945,54.160,51.126,49.639,52.511,54.524,58.487,57.161,51.329,46.556,42.193
41.801,40.664,40.225,39.668,39.456,42.046,51.639,58.565,60.256,58.717,57.271,57.299,56.212,56.243,54.419,51.380,49.878,52.802,54.866,58.807,57.505,51.714,46.907,42.456
42.060,40.920,40.492,39.949,39.728,42.316,51.941,58.902,60.581,59.072,57.600,57.656,56.584,56.615,54.767,51.678,50.146,53.106,55.186,59.185,57.797,52.070,47.272,42.767
42.371,41.233,40.777,40.215,39.949,42.525,52.244,59.237,60.952,59.403,57.905,58.035,57.032,57.058,55.217,52.136,50.540,53.502,55.545,59.608,58.197,52.371,47.592,43.076
42.740,41.605,41.171,40.617,40.336,42.942,52.573,59.527,61.235,59.758,58.323,58.429,57.397,57.420,55.614,52.411,50.911,53.819,55.834,59.988,58.401,52.658,47.884,43.493
43.221,42.077,41.628,41.061,40.767,43.398,53.142,60.166,61.904,60.396,58.948,59.066,58.038,58.059,56.243,53.018,51.496,54.423,56.446,60.647,59.053,53.213,48.393,43.970
43.848,42.695,42.237,41.676,41.364,43.971,53.878,61.009,62.749,61.216,59.672,59.875,58.911,58.934,57.055,53.841,52.181,55.207,57.264,61.515,59.912,54.060,49.247,44.641
44.853,43.660,43.277,42.793,42.586,45.230,55.266,62.593,64.236,62.786,61.128,61.250,60.164,60.206,58.158,54.864,53.136,56.390,58.662,62.883,61.267,55.677,50.746,45.766
45.766,44.521,44.188,43.790,43.707,46.316,56.708,64.368,65.900,64.432,62.484,62.622,61.498,61.569,59.234,56.043,53.994,57.651,60.225,64.309,62.918,57.535,52.498,46.785
47.649,46.290,46.297,46.215,46.658,49.381,59.632,67.641,68.704,67.636,65.465,65.032,63.259,63.414,60.558,57.223,55.242,59.541,62.896,66.479,65.295,61.149,55.740,48.981
