-14.650,-21.679,-20.764,-25.095,-25.682,-23.013,-14.288,-11.345,-9.692,-14.608,-9.844,-10.050,-11.094,-12.621,-13.791,-8.042,-1.701,9.422,11.650,11.123,0.694,-8.299,-6.556,-16.171
5.264,0.411,-0.244,-2.835,-3.454,-1.311,3.411,7.776,9.593,7.601,8.507,7.494,7.115,5.233,5.220,9.452,13.224,21.712,22.860,21.603,14.873,9.321,10.351,3.361
11.295,7.121,6.252,4.094,3.481,5.471,9.187,13.626,15.371,13.980,14.156,13.075,12.772,10.927,11.094,14.817,17.915,25.470,26.381,25.048,19.372,14.744,15.614,9.504
13.627,9.715,8.763,6.827,6.103,7.947,11.247,15.589,17.318,16.222,16.035,14.865,14.795,12.994,13.286,16.774,19.575,26.776,27.481,26.099,20.811,16.625,17.444,11.686
14.921,11.080,10.029,8.181,7.799,9.431,12.783,16.853,18.487,17.476,17.402,16.305,16.179,14.422,14.732,18.155,20.927,27.759,28.545,27.339,22.218,18.053,18.699,13.057
16.258,12.518,11.508,9.693,9.459,11.012,14.365,18.224,19.769,18.732,18.805,17.803,17.587,15.902,16.164,19.498,22.238,28.789,29.631,28.540,23.563,19.441,20.027,14.546
17.073,13.406,12.273,10.533,10.363,11.892,15.082,19.067,20.631,19.749,19.630,18.585,18.365,16.633,16.960,20.260,22.898,29.351,30.175,29.052,24.233,20.231,20.757,15.350
17.610,14.025,12.909,11.147,10.995,12.648,15.716,19.888,21.447,20.547,20.401,19.400,18.995,17.237,17.518,20.794,23.386,29.788,30.674,29.519,24.825,20.860,21.406,16.092
18.297,14.805,13.720,11.967,11.795,13.510,16.455,20.696,22.240,21.340,21.164,20.193,19.700,17.950,18.202,21.422,23.948,30.260,31.158,29.985,25.417,21.534,22.096,16.903
18.780,15.330,14.263,12.533,12.311,14.020,16.905,21.122,22.660,21.779,21.568,20.590,20.133,18.400,18.656,21.836,24.322,30.593,31.455,30.270,25.749,21.932,22.506,17.373
19.336,15.950,14.910,13.205,12.948,14.655,17.464,21.649,23.171,22.304,22.070,21.101,20.653,18.943,19.195,22.319,24.754,30.944,31.780,30.593,26.151,22.412,22.995,17.953
19.754,16.423,15.517,13.801,13.416,15.145,17.931,21.992,23.479,22.529,22.376,21.444,21.024,19.384,19.583,22.640,25.056,31.201,31.997,30.813,26.388,22.704,23.352,18.408
20.557,17.318,16.341,14.773,14.253,15.908,18.430,22.498,24.017,23.214,22.827,21.780,21.585,19.938,20.263,23.209,25.443,31.470,32.098,30.840,26.601,23.191,23.811,19.011
20.566,17.352,16.470,14.799,14.275,15.988,18.627,22.647,24.131,23.303,22.969,22.012,21.691,20.091,20.300,23.266,25.588,31.675,32.372,31.142,26.808,23.281,23.978,19.164
20.802,17.588,16.710,15.067,14.504,16.231,18.806,22.860,24.355,23.492,23.168,22.186,21.895,20.283,20.519,23.467,25.750,31.818,32.488,31.237,26.948,23.475,24.166,19.379
21.348,18.190,17.227,15.662,15.206,16.826,19.341,23.318,24.792,24.043,23.650,22.657,22.405,20.798,21.085,23.983,26.202,32.105,32.759,31.548,27.378,23.990,24.600,19.889
21.452,18.289,17.322,15.763,15.288,16.901,19.412,23.385,24.865,24.125,23.715,22.710,22.486,20.879,21.175,24.073,26.289,32.205,32.844,31.625,27.446,24.066,24.680,19.962
21.538,18.381,17.458,15.884,15.343,16.988,19.487,23.465,24.947,24.175,23.774,22.771,22.555,20.958,21.239,24.129,26.343,32.289,32.913,31.656,27.477,24.111,24.761,20.054
21.660,18.522,17.614,16.043,15.402,17.096,19.521,23.577,25.082,24.323,23.846,22.816,22.626,21.020,21.307,24.185,26.368,32.365,32.949,31.675,27.482,24.155,24.844,20.156
21.860,18.733,17.922,16.306,15.522,17.320,19.713,23.833,25.342,24.509,24.049,23.031,22.816,21.222,21.463,24.335,26.505,32.562,33.117,31.772,27.503,24.262,25.077,20.405
22.009,18.908,18.005,16.463,15.546,17.469,19.858,23.850,25.348,24.546,24.114,23.082,22.931,21.348,21.528,24.338,26.521,32.603,33.171,31.828,27.619,24.304,25.118,20.484
22.073,19.007,18.457,16.778,15.811,17.589,19.868,24.068,25.597,24.608,24.131,23.137,22.933,21.405,21.644,24.483,26.632,32.778,33.251,31.835,27.701,24.436,25.278,20.703
22.263,19.199,18.492,16.847,16.052,17.840,20.210,24.224,25.697,24.819,24.429,23.456,23.220,21.676,21.881,24.692,26.853,32.824,33.391,32.081,27.935,24.665,25.449,20.877
22.456,19.415,18.732,17.121,16.236,18.040,20.383,24.358,25.826,24.920,24.538,23.566,23.368,21.851,22.041,24.822,26.967,32.940,33.471,32.146,28.002,24.770,25.593,21.061
22.720,19.682,19.080,17.443,16.510,18.330,20.711,24.608,26.053,25.072,24.781,23.842,23.638,22.160,22.308,25.074,27.241,33.213,33.745,32.435,28.261,25.012,25.871,21.358
22.868,19.867,19.321,17.663,16.683,18.566,20.904,24.841,26.279,25.253,24.983,24.070,23.807,22.340,22.451,25.196,27.349,33.314,33.856,32.529,28.387,25.157,26.053,21.590
22.998,19.991,19.434,17.788,16.831,18.676,21.036,24.918,26.349,25.334,25.076,24.160,23.926,22.467,22.588,25.330,27.486,33.428,33.964,32.657,28.509,25.278,26.157,21.691
23.148,20.153,19.649,18.000,16.979,18.826,21.184,25.008,26.429,25.384,25.153,24.244,24.043,22.612,22.718,25.436,27.589,33.528,34.038,32.729,28.573,25.361,26.269,21.830
23.284,20.295,19.861,18.200,17.113,18.960,21.340,25.078,26.483,25.387,25.214,24.320,24.153,22.759,22.841,25.538,27.699,33.637,34.126,32.824,28.642,25.436,26.377,21.960
23.401,20.419,19.969,18.307,17.247,19.108,21.475,25.254,26.660,25.570,25.389,24.500,24.295,22.890,22.970,25.671,27.829,33.759,34.265,32.962,28.800,25.590,26.523,22.109
23.504,20.516,20.087,18.420,17.363,19.209,21.606,25.330,26.725,25.613,25.474,24.596,24.400,23.011,23.081,25.779,27.950,33.867,34.375,33.091,28.912,25.690,26.624,22.211
23.620,20.640,20.230,18.562,17.490,19.335,21.732,25.430,26.818,25.695,25.571,24.699,24.510,23.132,23.195,25.882,28.051,33.959,34.462,33.180,29.003,25.788,26.730,22.330
23.734,20.768,20.353,18.688,17.597,19.465,21.823,25.571,26.968,25.857,25.696,24.818,24.618,23.231,23.296,25.979,28.131,34.046,34.543,33.242,29.086,25.892,26.842,22.455
23.841,20.881,20.453,18.795,17.715,19.577,21.925,25.679,27.076,25.979,25.805,24.924,24.723,23.332,23.404,26.084,28.227,34.130,34.627,33.326,29.185,26.000,26.941,22.561
23.934,20.983,20.594,18.927,17.807,19.684,22.030,25.761,27.152,26.026,25.876,25.005,24.808,23.433,23.488,26.156,28.301,34.206,34.695,33.391,29.244,26.065,27.029,22.666
24.030,21.081,20.706,19.040,17.916,19.783,22.137,25.836,27.219,26.085,25.952,25.086,24.898,23.534,23.585,26.245,28.391,34.283,34.768,33.473,29.324,26.148,27.114,22.760
24.165,21.219,20.867,19.200,18.063,19.918,22.287,25.935,27.310,26.158,26.054,25.196,25.024,23.678,23.721,26.371,28.521,34.401,34.879,33.594,29.437,26.262,27.234,22.889
24.282,21.330,21.002,19.340,18.172,20.000,22.392,25.964,27.331,26.167,26.088,25.227,25.107,23.783,23.827,26.466,28.621,34.498,34.952,33.677,29.497,26.327,27.307,22.964
24.391,21.449,21.134,19.471,18.284,20.122,22.500,26.075,27.441,26.271,26.190,25.331,25.210,23.890,23.928,26.559,28.708,34.584,35.032,33.751,29.579,26.420,27.410,23.081
24.504,21.554,21.255,19.596,18.393,20.203,22.606,26.115,27.474,26.297,26.237,25.377,25.298,23.996,24.036,26.661,28.816,34.687,35.118,33.849,29.656,26.497,27.489,23.158
24.622,21.681,21.390,19.737,18.502,20.314,22.698,26.204,27.566,26.394,26.316,25.448,25.391,24.093,24.137,26.751,28.895,34.769,35.182,33.902,29.714,26.577,27.579,23.260
24.734,21.797,21.552,19.886,18.603,20.431,22.821,26.300,27.656,26.447,26.400,25.542,25.493,24.213,24.239,26.843,28.992,34.879,35.281,33.998,29.794,26.658,27.688,23.380
24.880,21.957,21.728,20.072,18.721,20.554,22.906,26.383,27.746,26.548,26.463,25.586,25.586,24.313,24.347,26.933,29.060,34.960,35.324,34.017,29.818,26.723,27.775,23.487
24.965,22.045,21.817,20.169,18.796,20.622,22.964,26.429,27.795,26.606,26.505,25.619,25.646,24.376,24.418,26.996,29.115,35.018,35.363,34.050,29.853,26.774,27.830,23.548
25.112,22.202,22.042,20.386,18.922,20.758,23.098,26.502,27.860,26.631,26.558,25.676,25.748,24.512,24.535,27.089,29.206,35.123,35.433,34.110,29.892,26.835,27.933,23.676
25.186,22.283,22.104,20.454,19.005,20.845,23.165,26.600,27.963,26.752,26.655,25.769,25.828,24.580,24.610,27.165,29.271,35.180,35.495,34.167,29.969,26.921,28.010,23.758
25.270,22.371,22.228,20.569,19.089,20.938,23.266,26.672,28.027,26.786,26.720,25.844,25.907,24.676,24.690,27.235,29.347,35.257,35.567,34.242,30.033,26.984,28.092,23.851
25.356,22.467,22.353,20.693,19.172,21.024,23.345,26.723,28.074,26.819,26.761,25.887,25.971,24.755,24.762,27.293,29.399,35.310,35.602,34.272,30.061,27.028,28.154,23.930
25.435,22.547,22.455,20.793,19.243,21.095,23.419,26.770,28.118,26.849,26.803,25.931,26.033,24.829,24.831,27.355,29.462,35.376,35.656,34.325,30.104,27.077,28.215,23.998
25.512,22.617,22.511,20.856,19.321,21.154,23.487,26.823,28.171,26.915,26.865,25.987,26.104,24.899,24.910,27.436,29.545,35.454,35.731,34.407,30.182,27.153,28.280,24.055
25.607,22.714,22.606,20.958,19.402,21.230,23.550,26.885,28.238,26.994,26.922,26.032,26.175,24.970,24.990,27.511,29.612,35.527,35.787,34.454,30.230,27.217,28.348,24.125
25.702,22.808,22.719,21.072,19.508,21.318,23.658,26.938,28.282,27.023,26.980,26.097,26.260,25.072,25.087,27.600,29.707,35.610,35.863,34.543,30.307,27.292,28.426,24.208
25.849,22.956,22.878,21.241,19.668,21.448,23.802,27.018,28.353,27.094,27.066,26.182,26.383,25.212,25.230,27.731,29.837,35.720,35.956,34.649,30.408,27.403,28.535,24.326
25.971,23.079,22.998,21.372,19.791,21.549,23.903,27.086,28.420,27.173,27.137,26.245,26.480,25.316,25.344,27.837,29.937,35.811,36.030,34.727,30.484,27.493,28.621,24.416
26.092,23.203,23.149,21.524,19.909,21.657,24.018,27.154,28.482,27.221,27.202,26.311,26.577,25.430,25.455,27.935,30.035,35.908,36.108,34.807,30.554,27.572,28.713,24.518
26.195,23.306,23.270,21.641,19.998,21.752,24.114,27.237,28.564,27.291,27.279,26.388,26.668,25.528,25.548,28.024,30.126,36.008,36.199,34.894,30.630,27.651,28.806,24.613
26.292,23.404,23.363,21.731,20.102,21.865,24.224,27.368,28.697,27.422,27.411,26.524,26.781,25.636,25.652,28.132,30.234,36.116,36.318,35.013,30.756,27.771,28.923,24.730
26.396,23.507,23.429,21.806,20.224,21.975,24.328,27.497,28.828,27.583,27.549,26.657,26.899,25.739,25.768,28.256,30.353,36.218,36.433,35.132,30.894,27.908,29.036,24.837
26.494,23.610,23.520,21.903,20.314,22.070,24.402,27.597,28.935,27.705,27.643,26.743,26.988,25.820,25.857,28.344,30.432,36.302,36.511,35.199,30.971,27.997,29.125,24.928
26.592,23.703,23.629,22.012,20.411,22.150,24.504,27.649,28.980,27.739,27.700,26.801,27.073,25.919,25.954,28.436,30.531,36.398,36.597,35.295,31.050,28.073,29.204,25.007
26.674,23.777,23.696,22.083,20.491,22.215,24.581,27.709,29.040,27.804,27.768,26.866,27.151,25.998,26.039,28.524,30.623,36.489,36.686,35.390,31.136,28.155,29.279,25.072
26.788,23.876,23.755,22.155,20.623,22.307,24.697,27.803,29.133,27.925,27.886,26.978,27.273,26.112,26.171,28.667,30.772,36.617,36.823,35.548,31.293,28.298,29.389,25.162
26.927,24.019,23.903,22.313,20.773,22.434,24.828,27.889,29.214,28.010,27.975,27.066,27.390,26.241,26.305,28.790,30.891,36.719,36.911,35.643,31.389,28.406,29.494,25.277
27.044,24.142,24.022,22.442,20.900,22.545,24.933,27.974,29.297,28.105,28.062,27.147,27.491,26.347,26.418,28.894,30.988,36.802,36.983,35.718,31.471,28.502,29.586,25.377
27.109,24.214,24.120,22.525,20.956,22.637,25.012,28.083,29.406,28.190,28.156,27.250,27.568,26.424,26.478,28.953,31.047,36.876,37.063,35.786,31.540,28.570,29.675,25.476
27.184,24.290,24.203,22.606,21.024,22.712,25.084,28.159,29.483,28.261,28.227,27.322,27.640,26.498,26.549,29.022,31.115,36.952,37.136,35.854,31.607,28.638,29.750,25.553
27.327,24.443,24.364,22.773,21.166,22.854,25.209,28.277,29.602,28.384,28.337,27.427,27.763,26.626,26.679,29.142,31.224,37.057,37.226,35.938,31.698,28.749,29.868,25.685
27.433,24.543,24.444,22.860,21.280,22.948,25.312,28.369,29.693,28.492,28.440,27.526,27.869,26.729,26.792,29.259,31.343,37.165,37.337,36.057,31.818,28.865,29.968,25.776
27.536,24.650,24.579,22.995,21.370,23.037,25.400,28.423,29.745,28.530,28.486,27.569,27.944,26.819,26.878,29.333,31.414,37.243,37.393,36.108,31.858,28.919,30.040,25.859
27.608,24.721,24.628,23.047,21.435,23.109,25.458,28.523,29.853,28.655,28.584,27.661,28.023,26.883,26.950,29.412,31.488,37.325,37.480,36.187,31.947,29.008,30.123,25.935
27.736,24.855,24.783,23.192,21.590,23.271,25.631,28.679,29.997,28.775,28.741,27.836,28.172,27.042,27.091,29.549,31.631,37.450,37.620,36.339,32.103,29.155,30.273,26.097
27.882,25.004,24.984,23.389,21.707,23.389,25.752,28.742,30.057,28.806,28.791,27.883,28.272,27.168,27.209,29.648,31.730,37.568,37.702,36.413,32.151,29.221,30.372,26.210
28.052,25.170,25.202,23.607,21.857,23.519,25.907,28.802,30.107,28.824,28.847,27.939,28.394,27.324,27.356,29.778,31.867,37.713,37.811,36.527,32.230,29.310,30.488,26.334
28.164,25.284,25.344,23.739,21.964,23.637,26.031,28.907,30.208,28.902,28.947,28.047,28.503,27.444,27.464,29.880,31.974,37.825,37.920,36.636,32.329,29.407,30.600,26.453
28.263,25.378,25.455,23.843,22.050,23.726,26.133,28.995,30.295,28.972,29.033,28.136,28.599,27.547,27.560,29.976,32.079,37.943,38.034,36.750,32.426,29.497,30.701,26.549
28.471,25.599,25.765,24.150,22.239,23.908,26.321,29.067,30.352,28.980,29.085,28.192,28.736,27.734,27.728,30.107,32.206,38.075,38.111,36.824,32.471,29.575,30.829,26.714
28.623,25.743,25.887,24.291,22.392,24.019,26.443,29.144,30.429,29.084,29.175,28.268,28.859,27.861,27.876,30.252,32.348,38.204,38.222,36.945,32.587,29.700,30.937,26.813
28.766,25.891,26.061,24.461,22.500,24.148,26.550,29.264,30.556,29.201,29.276,28.360,28.973,27.980,27.991,30.359,32.447,38.332,38.327,37.027,32.662,29.794,31.058,26.942
28.864,25.973,26.135,24.532,22.582,24.223,26.646,29.356,30.651,29.295,29.376,28.458,29.076,28.079,28.094,30.474,32.573,38.472,38.472,37.176,32.791,29.905,31.165,27.028
28.973,26.089,26.282,24.667,22.684,24.348,26.767,29.477,30.769,29.387,29.486,28.575,29.185,28.197,28.196,30.570,32.671,38.581,38.578,37.275,32.885,30.001,31.281,27.155
29.244,26.374,26.665,25.040,22.987,24.632,27.089,29.644,30.904,29.451,29.649,28.768,29.424,28.497,28.460,30.796,32.908,38.786,38.756,37.480,33.065,30.190,31.507,27.423
29.369,26.495,26.832,25.183,23.113,24.781,27.268,29.800,31.049,29.542,29.802,28.946,29.574,28.663,28.596,30.933,33.067,38.954,38.940,37.673,33.234,30.333,31.670,27.588
29.536,26.654,26.947,25.312,23.312,24.942,27.449,29.965,31.211,29.733,29.992,29.134,29.759,28.839,28.788,31.134,33.272,39.128,39.129,37.885,33.455,30.541,31.841,27.745
29.642,26.755,27.098,25.447,23.398,25.039,27.566,30.040,31.279,29.760,30.059,29.211,29.852,28.953,28.883,31.222,33.373,39.247,39.237,37.993,33.534,30.614,31.942,27.849
29.808,26.929,27.291,25.628,23.558,25.230,27.743,30.247,31.487,29.949,30.253,29.412,30.029,29.129,29.045,31.384,33.533,39.421,39.416,38.161,33.705,30.785,32.130,28.045
30.000,27.117,27.586,25.892,23.748,25.429,28.003,30.384,31.598,29.962,30.386,29.580,30.215,29.368,29.236,31.556,33.739,39.634,39.619,38.386,33.875,30.931,32.324,28.255
30.293,27.413,27.949,26.235,24.041,25.736,28.335,30.656,31.853,30.159,30.649,29.865,30.504,29.688,29.525,31.831,34.028,39.927,39.906,38.681,34.146,31.194,32.619,28.567
30.467,27.564,28.074,26.340,24.255,25.951,28.608,30.947,32.134,30.421,30.971,30.217,30.770,29.939,29.760,32.098,34.332,40.214,40.260,39.070,34.526,31.505,32.896,28.810
30.701,27.767,28.148,26.426,24.581,26.220,28.938,31.318,32.499,30.846,31.409,30.671,31.123,30.245,30.090,32.480,34.741,40.556,40.695,39.566,35.049,31.951,33.237,29.096
30.992,28.065,28.417,26.703,24.891,26.532,29.229,31.650,32.835,31.207,31.742,31.001,31.429,30.535,30.389,32.782,35.032,40.831,40.983,39.851,35.362,32.271,33.540,29.403
31.281,28.372,28.741,27.028,25.108,26.799,29.422,31.922,33.132,31.516,31.972,31.201,31.661,30.758,30.620,33.001,35.220,41.076,41.185,39.995,35.514,32.474,33.787,29.665
31.650,28.748,28.912,27.243,25.517,27.207,29.738,32.489,33.739,32.286,32.557,31.745,32.102,31.093,31.028,33.455,35.629,41.455,41.624,40.412,36.041,33.011,34.222,30.067
32.055,29.131,29.073,27.431,26.081,27.717,30.279,33.184,34.434,33.102,33.337,32.544,32.703,31.599,31.576,34.076,36.265,41.975,42.298,41.156,36.880,33.761,34.807,30.591
32.331,29.376,29.142,27.509,26.425,28.045,30.627,33.704,34.970,33.730,33.914,33.124,33.129,31.936,31.950,34.523,36.729,42.400,42.839,41.730,37.505,34.307,35.238,30.950
32.631,29.677,29.534,27.854,26.598,28.335,30.874,34.051,35.342,34.030,34.201,33.405,33.402,32.210,32.188,34.763,36.971,42.769,43.179,41.997,37.728,34.538,35.564,31.275
33.252,30.256,30.107,28.424,27.124,28.845,31.420,34.583,35.892,34.585,34.738,33.912,33.980,32.785,32.782,35.380,37.609,43.480,43.859,42.662,38.326,35.117,36.155,31.809
33.974,30.881,30.978,29.161,27.600,29.443,32.192,35.258,36.565,34.996,35.380,34.595,34.699,33.572,33.458,36.099,38.459,44.578,44.936,43.711,39.119,35.772,36.978,32.532
34.772,31.631,31.467,29.632,28.573,30.427,33.247,36.607,37.918,36.440,36.833,36.105,35.840,34.572,34.472,37.244,39.662,45.689,46.304,45.162,40.663,37.132,38.146,33.588
36.211,32.773,32.124,30.198,29.990,31.810,35.009,38.829,40.199,38.831,39.304,38.611,37.856,36.313,36.274,39.418,42.092,48.243,49.291,48.292,43.644,39.592,40.284,35.245
