-12.985,-18.868,-24.700,-28.809,-30.329,-28.284,-30.220,-32.883,-29.663,-33.106,-40.252,-50.931,-50.134,-60.114,-62.433,-55.724,-54.958,-49.963,-36.351,-20.656,-12.046,-12.637,-13.267,-27.008
8.759,4.145,-0.413,-3.290,-4.681,-3.880,-5.201,-7.151,-4.610,-6.395,-11.135,-17.415,-17.660,-24.802,-27.090,-22.362,-21.424,-16.621,-6.975,3.928,9.253,9.371,9.047,0.207
11.478,6.546,2.059,-0.723,-2.322,-2.034,-3.188,-5.346,-2.636,-3.596,-8.154,-14.024,-14.882,-21.801,-24.251,-19.605,-18.769,-13.491,-3.637,7.148,12.011,12.530,12.429,3.742
14.340,9.820,5.348,2.740,1.272,1.527,0.310,-1.538,0.965,-0.214,-4.392,-9.198,-10.022,-16.543,-19.084,-14.795,-13.669,-8.439,0.428,10.267,14.677,15.174,14.913,7.424
16.252,11.914,7.611,5.136,3.746,3.857,2.625,0.810,3.220,2.191,-1.879,-6.242,-7.198,-13.284,-15.763,-11.721,-10.635,-5.610,2.927,12.304,16.568,17.137,16.813,9.714
17.280,13.023,8.725,6.317,4.972,4.932,3.629,1.829,4.205,3.255,-0.797,-4.698,-5.822,-11.640,-14.172,-10.283,-9.144,-4.129,4.240,13.353,17.554,18.215,17.790,11.017
18.320,14.126,9.913,7.558,6.211,6.164,4.928,3.175,5.513,4.620,0.717,-3.092,-4.198,-9.938,-12.440,-8.620,-7.490,-2.503,5.661,14.561,18.581,19.240,18.871,12.288
19.190,15.032,10.848,8.534,7.191,7.082,5.853,4.117,6.438,5.611,1.775,-1.845,-3.014,-8.644,-11.160,-7.411,-6.268,-1.271,6.773,15.515,19.433,20.131,19.759,13.352
19.920,15.788,11.610,9.324,7.954,7.853,6.685,5.015,7.319,6.498,2.822,-0.679,-1.821,-7.480,-10.024,-6.302,-5.104,-0.016,7.835,16.414,20.128,20.821,20.507,14.325
20.420,16.298,12.129,9.852,8.466,8.388,7.259,5.623,7.919,7.093,3.499,0.007,-1.100,-6.795,-9.344,-5.622,-4.406,0.721,8.484,17.001,20.615,21.294,21.022,14.921
21.041,16.958,12.827,10.587,9.207,9.088,7.972,6.354,8.630,7.855,4.325,0.968,-0.175,-5.777,-8.325,-4.664,-3.444,1.671,9.322,17.699,21.224,21.927,21.658,15.700
21.582,17.583,13.532,11.338,10.007,9.854,8.717,7.102,9.335,8.590,5.057,1.807,0.637,-4.785,-7.279,-3.710,-2.530,2.439,9.996,18.230,21.769,22.480,22.168,16.288
22.040,18.111,14.092,11.931,10.626,10.464,9.322,7.743,9.940,9.183,5.699,2.581,1.414,-3.916,-6.400,-2.895,-1.699,3.219,10.637,18.724,22.209,22.918,22.584,16.853
22.603,18.724,14.720,12.595,11.310,11.093,9.935,8.378,10.551,9.824,6.381,3.470,2.248,-2.966,-5.466,-2.035,-0.814,4.096,11.394,19.328,22.749,23.489,23.124,17.572
23.031,19.230,15.274,13.185,11.945,11.704,10.516,8.970,11.104,10.377,6.928,4.136,2.896,-2.172,-4.640,-1.287,-0.079,4.717,11.925,19.734,23.173,23.916,23.501,18.040
23.376,19.548,15.609,13.541,12.290,11.954,10.765,9.182,11.332,10.728,7.276,4.593,3.241,-1.737,-4.224,-0.908,0.281,5.108,12.346,20.117,23.524,24.336,23.921,18.493
23.613,19.819,15.903,13.853,12.624,12.268,11.062,9.479,11.613,11.017,7.556,4.937,3.565,-1.335,-3.807,-0.530,0.649,5.422,12.625,20.339,23.760,24.579,24.137,18.749
23.957,20.245,16.346,14.322,13.132,12.785,11.553,10.012,12.104,11.452,8.015,5.523,4.174,-0.642,-3.104,0.114,1.319,6.023,13.091,20.676,24.082,24.884,24.397,19.148
24.244,20.552,16.694,14.687,13.503,13.147,11.929,10.388,12.468,11.848,8.432,5.947,4.593,-0.174,-2.610,0.581,1.762,6.424,13.459,20.992,24.375,25.180,24.703,19.472
24.646,21.017,17.209,15.233,14.079,13.712,12.488,10.963,13.010,12.395,9.001,6.597,5.241,0.579,-1.826,1.304,2.472,7.049,13.989,21.407,24.773,25.576,25.077,19.931
24.910,21.353,17.592,15.641,14.522,14.175,12.944,11.446,13.454,12.805,9.429,7.062,5.742,1.158,-1.207,1.875,3.032,7.507,14.347,21.667,25.033,25.810,25.288,20.207
25.207,21.669,17.922,15.991,14.873,14.500,13.276,11.790,13.789,13.169,9.832,7.554,6.209,1.673,-0.698,2.350,3.514,7.997,14.773,22.012,25.321,26.114,25.595,20.604
25.323,21.804,18.049,16.119,15.010,14.647,13.412,11.941,13.931,13.280,9.946,7.699,6.368,1.836,-0.540,2.501,3.682,8.159,14.901,22.118,25.428,26.212,25.678,20.724
25.616,22.157,18.444,16.535,15.454,15.109,13.872,12.423,14.380,13.704,10.390,8.169,6.870,2.401,0.061,3.061,4.232,8.623,15.281,22.414,25.718,26.481,25.932,21.031
25.825,22.409,18.730,16.836,15.772,15.448,14.219,12.791,14.724,14.027,10.739,8.520,7.255,2.819,0.508,3.484,4.645,8.978,15.568,22.638,25.926,26.668,26.119,21.255
25.984,22.541,18.870,16.978,15.902,15.547,14.326,12.874,14.821,14.180,10.885,8.662,7.357,2.935,0.621,3.598,4.741,9.091,15.722,22.811,26.094,26.860,26.323,21.431
26.200,22.773,19.125,17.252,16.187,15.789,14.560,13.101,15.040,14.444,11.151,9.010,7.659,3.316,1.005,3.943,5.076,9.403,16.010,23.039,26.310,27.102,26.551,21.707
26.432,23.046,19.401,17.540,16.490,16.106,14.870,13.441,15.359,14.724,11.458,9.379,8.051,3.732,1.422,4.335,5.489,9.797,16.320,23.280,26.527,27.304,26.738,21.978
26.573,23.196,19.543,17.687,16.634,16.248,15.016,13.602,15.516,14.876,11.638,9.611,8.283,3.963,1.639,4.542,5.718,10.050,16.528,23.448,26.656,27.436,26.871,22.175
26.728,23.357,19.717,17.868,16.813,16.428,15.209,13.802,15.712,15.081,11.868,9.844,8.521,4.206,1.887,4.784,5.957,10.287,16.738,23.631,26.810,27.588,27.036,22.362
27.000,23.689,20.095,18.265,17.237,16.880,15.663,14.278,16.155,15.492,12.297,10.272,8.992,4.731,2.455,5.318,6.473,10.710,17.083,23.903,27.083,27.832,27.269,22.630
27.140,23.854,20.286,18.465,17.448,17.102,15.888,14.511,16.374,15.706,12.521,10.490,9.228,4.994,2.739,5.586,6.729,10.924,17.263,24.049,27.225,27.963,27.400,22.772
27.310,24.057,20.516,18.709,17.707,17.366,16.154,14.788,16.633,15.959,12.787,10.773,9.524,5.331,3.098,5.919,7.053,11.199,17.491,24.226,27.395,28.124,27.555,22.958
27.436,24.168,20.644,18.843,17.831,17.471,16.275,14.897,16.748,16.121,12.962,10.939,9.668,5.486,3.257,6.076,7.192,11.347,17.651,24.382,27.528,28.271,27.722,23.115
27.584,24.311,20.796,19.002,17.979,17.611,16.434,15.058,16.912,16.310,13.181,11.167,9.890,5.707,3.476,6.291,7.405,11.580,17.864,24.572,27.675,28.425,27.896,23.314
27.734,24.485,20.989,19.207,18.199,17.820,16.634,15.259,17.101,16.504,13.371,11.396,10.109,5.978,3.758,6.547,7.654,11.790,18.047,24.715,27.825,28.578,28.033,23.477
27.885,24.628,21.138,19.362,18.348,17.945,16.763,15.381,17.227,16.665,13.540,11.594,10.279,6.167,3.942,6.721,7.825,11.974,18.233,24.886,27.977,28.748,28.208,23.668
27.997,24.754,21.260,19.487,18.476,18.083,16.902,15.537,17.375,16.793,13.689,11.768,10.467,6.352,4.122,6.896,8.015,12.169,18.387,25.011,28.079,28.843,28.302,23.805
28.136,24.922,21.450,19.687,18.691,18.305,17.121,15.762,17.585,16.994,13.890,11.974,10.687,6.606,4.398,7.152,8.260,12.365,18.553,25.143,28.220,28.974,28.424,23.939
28.246,25.045,21.591,19.836,18.849,18.456,17.267,15.906,17.722,17.139,14.030,12.128,10.834,6.789,4.593,7.330,8.427,12.501,18.679,25.247,28.332,29.088,28.530,24.050
28.380,25.205,21.751,20.002,19.030,18.639,17.437,16.088,17.891,17.285,14.175,12.313,11.025,7.006,4.812,7.532,8.639,12.690,18.833,25.369,28.460,29.211,28.632,24.190
28.486,25.316,21.861,20.115,19.142,18.750,17.550,16.207,18.008,17.401,14.304,12.464,11.175,7.160,4.961,7.676,8.789,12.848,18.970,25.487,28.562,29.313,28.736,24.321
28.588,25.406,21.955,20.213,19.235,18.822,17.624,16.268,18.075,17.500,14.399,12.569,11.254,7.254,5.052,7.763,8.868,12.935,19.076,25.596,28.668,29.435,28.861,24.438
28.706,25.532,22.090,20.353,19.377,18.963,17.767,16.415,18.218,17.646,14.554,12.735,11.421,7.434,5.236,7.939,9.042,13.100,19.223,25.722,28.784,29.551,28.978,24.572
28.823,25.670,22.248,20.517,19.552,19.148,17.955,16.609,18.400,17.820,14.733,12.906,11.608,7.641,5.462,8.153,9.246,13.266,19.364,25.840,28.904,29.659,29.084,24.683
28.946,25.807,22.408,20.681,19.725,19.331,18.138,16.790,18.572,17.991,14.896,13.035,11.751,7.803,5.648,8.332,9.404,13.380,19.479,25.952,29.035,29.781,29.205,24.777
29.063,25.929,22.542,20.817,19.863,19.479,18.294,16.947,18.725,18.140,15.050,13.162,11.893,7.943,5.801,8.486,9.549,13.506,19.600,26.071,29.155,29.893,29.322,24.882
29.178,26.058,22.681,20.960,20.013,19.633,18.447,17.105,18.877,18.286,15.201,13.320,12.057,8.123,5.989,8.664,9.725,13.663,19.737,26.188,29.269,30.002,29.429,25.001
29.313,26.208,22.848,21.138,20.196,19.810,18.627,17.289,19.052,18.472,15.398,13.538,12.273,8.368,6.242,8.900,9.955,13.873,19.920,26.336,29.404,30.139,29.564,25.162
29.411,26.322,22.976,21.267,20.332,19.966,18.786,17.455,19.209,18.610,15.541,13.657,12.417,8.513,6.404,9.060,10.108,13.996,20.024,26.431,29.504,30.223,29.649,25.242
29.514,26.430,23.102,21.397,20.464,20.101,18.929,17.594,19.345,18.756,15.688,13.774,12.540,8.646,6.554,9.207,10.237,14.101,20.133,26.539,29.615,30.330,29.764,25.335
29.591,26.494,23.164,21.460,20.521,20.138,18.968,17.624,19.382,18.820,15.751,13.855,12.597,8.710,6.609,9.261,10.290,14.172,20.218,26.625,29.693,30.423,29.860,25.434
29.706,26.629,23.305,21.609,20.676,20.299,19.128,17.798,19.546,18.971,15.919,14.051,12.802,8.931,6.833,9.471,10.506,14.377,20.381,26.751,29.801,30.525,29.959,25.573
29.832,26.760,23.441,21.751,20.821,20.430,19.257,17.928,19.673,19.110,16.063,14.231,12.968,9.120,7.019,9.643,10.681,14.545,20.539,26.884,29.924,30.657,30.086,25.727
29.903,26.819,23.504,21.811,20.879,20.481,19.308,17.963,19.715,19.170,16.105,14.244,12.970,9.123,7.029,9.659,10.681,14.550,20.571,26.944,30.005,30.743,30.174,25.773
30.042,26.958,23.650,21.962,21.025,20.623,19.459,18.117,19.868,19.336,16.289,14.436,13.159,9.316,7.221,9.847,10.869,14.739,20.750,27.106,30.143,30.884,30.326,25.942
30.181,27.116,23.824,22.144,21.220,20.814,19.643,18.303,20.043,19.511,16.459,14.627,13.348,9.541,7.458,10.066,11.080,14.916,20.908,27.236,30.282,31.023,30.451,26.082
30.278,27.224,23.938,22.259,21.332,20.950,19.795,18.472,20.206,19.654,16.632,14.779,13.533,9.703,7.626,10.238,11.257,15.093,21.048,27.359,30.376,31.099,30.544,26.193
30.417,27.367,24.101,22.428,21.506,21.113,19.959,18.625,20.356,19.827,16.798,14.940,13.681,9.883,7.821,10.421,11.421,15.229,21.192,27.495,30.521,31.251,30.694,26.328
30.545,27.474,24.221,22.554,21.622,21.197,20.050,18.690,20.437,19.964,16.931,15.073,13.777,10.000,7.938,10.534,11.514,15.332,21.329,27.640,30.659,31.412,30.867,26.479
30.661,27.591,24.350,22.686,21.737,21.240,20.093,18.695,20.460,20.091,17.028,15.195,13.807,10.070,7.994,10.586,11.539,15.392,21.454,27.752,30.780,31.549,30.996,26.607
30.719,27.599,24.352,22.693,21.767,21.316,20.164,18.796,20.538,20.096,17.051,15.219,13.893,10.160,8.103,10.682,11.648,15.448,21.477,27.823,30.849,31.657,31.119,26.684
30.834,27.730,24.475,22.813,21.871,21.383,20.229,18.839,20.600,20.206,17.148,15.340,13.964,10.231,8.151,10.737,11.703,15.550,21.606,27.932,30.956,31.757,31.208,26.804
30.969,27.885,24.640,22.985,22.048,21.573,20.426,19.054,20.803,20.394,17.363,15.570,14.215,10.486,8.413,10.988,11.960,15.797,21.802,28.087,31.084,31.874,31.329,26.967
31.072,27.986,24.759,23.101,22.161,21.707,20.576,19.201,20.950,20.538,17.510,15.645,14.315,10.568,8.516,11.103,12.055,15.870,21.888,28.194,31.198,31.972,31.445,27.036
31.212,28.154,24.926,23.277,22.348,21.898,20.759,19.403,21.138,20.703,17.690,15.880,14.559,10.834,8.779,11.347,12.316,16.119,22.082,28.338,31.326,32.095,31.553,27.207
31.333,28.286,25.071,23.429,22.505,22.050,20.912,19.558,21.287,20.861,17.855,16.062,14.737,11.036,8.988,11.542,12.506,16.293,22.237,28.467,31.447,32.217,31.674,27.346
31.484,28.464,25.266,23.634,22.721,22.273,21.136,19.795,21.510,21.071,18.080,16.307,14.997,11.321,9.285,11.821,12.785,16.541,22.439,28.626,31.595,32.356,31.808,27.515
31.630,28.606,25.417,23.785,22.862,22.428,21.312,19.977,21.692,21.257,18.293,16.486,15.194,11.493,9.463,12.008,12.967,16.734,22.620,28.804,31.743,32.495,31.972,27.677
31.782,28.771,25.587,23.960,23.044,22.611,21.492,20.162,21.871,21.431,18.470,16.678,15.389,11.704,9.679,12.214,13.173,16.926,22.792,28.956,31.893,32.643,32.114,27.836
31.933,28.935,25.769,24.154,23.251,22.788,21.655,20.313,22.016,21.603,18.624,16.878,15.556,11.936,9.919,12.426,13.371,17.088,22.955,29.092,32.048,32.815,32.265,27.998
32.027,29.020,25.857,24.245,23.339,22.858,21.724,20.363,22.080,21.692,18.709,16.977,15.633,12.028,9.993,12.506,13.445,17.173,23.053,29.190,32.144,32.924,32.375,28.106
32.125,29.085,25.909,24.293,23.370,22.862,21.733,20.373,22.089,21.742,18.754,17.030,15.648,12.032,10.007,12.510,13.450,17.214,23.137,29.301,32.245,33.050,32.512,28.226
32.228,29.185,25.996,24.380,23.456,22.937,21.799,20.431,22.159,21.813,18.822,17.134,15.738,12.126,10.073,12.583,13.534,17.321,23.242,29.401,32.343,33.156,32.609,28.345
32.397,29.363,26.172,24.567,23.644,23.102,21.963,20.600,22.325,21.994,19.021,17.405,15.986,12.403,10.337,12.827,13.791,17.592,23.478,29.591,32.502,33.330,32.778,28.576
32.535,29.498,26.320,24.713,23.786,23.259,22.134,20.772,22.497,22.167,19.205,17.543,16.142,12.542,10.489,12.987,13.940,17.734,23.621,29.742,32.645,33.463,32.928,28.704
32.656,29.615,26.434,24.829,23.899,23.362,22.237,20.874,22.601,22.282,19.325,17.684,16.270,12.675,10.615,13.109,14.066,17.873,23.757,29.872,32.764,33.590,33.056,28.845
32.825,29.800,26.618,25.019,24.093,23.558,22.432,21.084,22.803,22.471,19.531,17.927,16.520,12.934,10.869,13.353,14.322,18.130,23.974,30.053,32.925,33.748,33.209,29.046
33.004,29.957,26.765,25.169,24.234,23.657,22.526,21.161,22.893,22.608,19.661,18.110,16.649,13.084,10.999,13.475,14.447,18.292,24.162,30.242,33.104,33.959,33.418,29.267
33.123,30.043,26.855,25.254,24.296,23.715,22.610,21.232,22.979,22.732,19.798,18.193,16.726,13.126,11.040,13.537,14.495,18.374,24.279,30.393,33.232,34.094,33.587,29.396
33.235,30.144,26.961,25.352,24.388,23.829,22.737,21.356,23.108,22.853,19.920,18.244,16.802,13.167,11.092,13.610,14.556,18.432,24.359,30.507,33.351,34.200,33.710,29.471
33.453,30.383,27.192,25.587,24.635,24.074,22.966,21.596,23.338,23.062,20.128,18.506,17.062,13.450,11.368,13.870,14.833,18.699,24.595,30.712,33.560,34.408,33.897,29.702
33.632,30.574,27.369,25.753,24.797,24.296,23.204,21.869,23.602,23.255,20.355,18.680,17.310,13.622,11.541,14.069,15.056,18.936,24.785,30.906,33.729,34.535,34.042,29.863
33.840,30.807,27.598,25.985,25.032,24.559,23.475,22.165,23.890,23.501,20.637,18.978,17.648,13.936,11.821,14.368,15.389,19.275,25.057,31.136,33.924,34.709,34.219,30.100
33.980,30.898,27.661,26.039,25.058,24.560,23.486,22.170,23.911,23.563,20.705,19.053,17.684,13.939,11.857,14.381,15.391,19.354,25.183,31.303,34.063,34.874,34.406,30.275
34.243,31.184,27.959,26.337,25.367,24.898,23.824,22.518,24.251,23.866,21.012,19.333,18.003,14.196,12.083,14.699,15.718,19.647,25.447,31.555,34.325,35.113,34.640,30.510
34.445,31.357,28.117,26.470,25.478,25.066,24.023,22.724,24.469,24.047,21.207,19.375,18.119,14.237,12.090,14.724,15.750,19.747,25.582,31.770,34.534,35.287,34.856,30.647
34.549,31.433,28.169,26.507,25.501,25.102,24.064,22.761,24.520,24.088,21.242,19.388,18.122,14.251,12.154,14.747,15.784,19.752,25.627,31.870,34.640,35.388,34.970,30.720
34.741,31.570,28.264,26.589,25.547,25.126,24.104,22.795,24.583,24.183,21.361,19.514,18.225,14.256,12.163,14.766,15.802,19.918,25.826,32.105,34.823,35.597,35.207,30.972
34.982,31.801,28.464,26.778,25.720,25.329,24.321,23.035,24.828,24.389,21.601,19.745,18.491,14.429,12.253,14.942,16.031,20.206,26.086,32.373,35.051,35.808,35.437,31.235
35.185,32.007,28.649,26.954,25.894,25.532,24.526,23.260,25.051,24.567,21.791,19.920,18.701,14.592,12.406,15.113,16.224,20.419,26.280,32.576,35.245,35.983,35.614,31.425
35.520,32.355,29.018,27.324,26.267,25.923,24.934,23.672,25.455,24.960,22.194,20.276,19.086,14.869,12.660,15.436,16.548,20.777,26.625,32.916,35.585,36.306,35.948,31.740
35.745,32.488,29.102,27.379,26.268,25.928,24.965,23.685,25.514,25.060,22.314,20.319,19.112,14.973,12.810,15.517,16.614,20.856,26.794,33.192,35.813,36.552,36.253,31.982
36.307,33.089,29.649,27.931,26.809,26.507,25.563,24.367,26.177,25.628,22.993,21.136,19.988,15.675,13.410,16.181,17.394,21.801,27.556,33.838,36.325,37.035,36.745,32.699
36.721,33.471,29.988,28.251,27.107,26.825,25.890,24.703,26.529,25.954,23.332,21.448,20.318,15.918,13.623,16.433,17.676,22.159,27.933,34.263,36.730,37.434,37.161,33.109
37.276,33.944,30.430,28.651,27.436,27.248,26.406,25.240,27.102,26.498,23.966,21.841,20.818,16.170,13.791,16.785,18.041,22.665,28.474,34.926,37.288,37.943,37.792,33.647
37.991,34.543,30.953,29.133,27.858,27.652,26.829,25.627,27.551,26.989,24.440,22.235,21.172,16.378,13.861,16.948,18.292,23.084,29.043,35.656,38.009,38.695,38.589,34.340
38.953,35.263,31.396,29.498,28.080,27.772,26.955,25.735,27.794,27.294,24.782,22.764,21.540,16.431,14.006,17.015,18.416,23.763,29.895,36.715,38.912,39.715,39.666,35.513
40.560,36.581,32.622,30.605,28.997,28.830,28.208,26.946,29.142,28.687,26.272,23.616,22.531,16.847,14.159,17.620,19.067,24.778,31.226,38.501,40.565,41.317,41.546,36.975
