-12.344,-15.732,-26.837,-28.116,-22.087,-13.309,-2.391,10.887,12.065,1.426,-3.921,-6.263,-6.819,-5.122,0.217,3.812,3.882,5.975,-1.482,-4.968,-9.237,-9.569,-13.995,-23.067
7.059,4.396,-1.848,-3.528,-0.055,6.485,14.956,23.719,24.918,18.237,14.769,13.337,11.844,11.809,14.797,17.558,18.149,20.491,15.417,12.917,10.164,8.912,7.151,-0.193
10.914,8.483,3.415,1.623,4.419,10.439,18.586,26.259,27.395,21.493,18.317,17.105,15.458,15.029,17.519,20.145,20.950,23.328,18.633,16.230,13.804,12.324,11.106,4.134
12.798,10.498,5.847,4.075,6.624,12.362,20.247,27.452,28.534,22.951,19.907,18.778,17.150,16.645,18.958,21.494,22.344,24.660,20.152,17.814,15.523,14.027,12.955,6.260
13.580,11.245,6.586,4.864,7.473,13.125,20.788,27.952,29.048,23.614,20.703,19.590,17.960,17.445,19.731,22.147,22.876,25.204,20.875,18.691,16.472,15.020,14.011,7.338
15.297,13.110,8.599,6.941,9.415,14.890,22.226,29.136,30.196,24.898,22.037,20.938,19.392,18.987,21.179,23.616,24.411,26.554,22.310,20.097,17.877,16.495,15.431,9.192
16.691,14.573,10.259,8.626,10.988,16.308,23.405,30.075,31.122,26.023,23.266,22.204,20.665,20.246,22.331,24.718,25.522,27.608,23.506,21.349,19.193,17.822,16.830,10.802
17.328,15.278,11.147,9.500,11.732,16.969,24.044,30.533,31.552,26.531,23.776,22.743,21.210,20.761,22.779,25.178,26.051,28.108,24.013,21.821,19.693,18.296,17.343,11.423
18.025,15.923,11.792,10.129,12.400,17.680,24.480,31.004,32.124,27.263,24.656,23.606,21.957,21.497,23.416,25.827,26.676,28.739,24.810,22.702,20.562,19.142,18.286,12.468
18.536,16.488,12.420,10.783,13.001,18.198,24.955,31.373,32.455,27.620,25.009,23.974,22.377,21.939,23.849,26.241,27.102,29.117,25.196,23.080,20.961,19.567,18.689,12.966
18.833,16.816,12.830,11.188,13.348,18.504,25.267,31.600,32.664,27.859,25.243,24.224,22.635,22.181,24.066,26.458,27.347,29.352,25.429,23.298,21.196,19.791,18.929,13.242
19.394,17.402,13.451,11.847,13.994,19.060,25.749,31.870,32.763,28.138,25.609,24.677,23.148,22.703,24.586,26.917,27.635,29.555,25.812,23.793,21.734,20.365,19.502,13.863
19.724,17.823,13.986,12.512,14.612,19.365,25.911,31.998,33.030,28.277,25.691,24.690,23.326,22.902,24.814,26.920,27.768,29.750,25.879,23.866,21.969,20.723,19.838,14.291
20.054,18.156,14.473,12.885,14.866,19.736,26.368,32.308,33.269,28.667,26.117,25.179,23.686,23.184,24.991,27.249,28.127,30.081,26.276,24.213,22.253,20.879,20.086,14.559
20.154,18.235,14.479,12.902,14.933,19.829,26.434,32.439,33.413,28.792,26.250,25.298,23.806,23.327,25.154,27.409,28.259,30.212,26.416,24.369,22.396,21.039,20.226,14.690
20.248,18.326,14.532,12.934,15.010,19.926,26.563,32.577,33.557,28.925,26.371,25.418,23.912,23.422,25.246,27.519,28.387,30.348,26.534,24.470,22.489,21.116,20.309,14.757
20.310,18.346,14.578,12.987,15.013,19.984,26.574,32.672,33.693,29.067,26.546,25.576,24.029,23.542,25.363,27.644,28.487,30.468,26.685,24.649,22.649,21.272,20.480,14.903
20.561,18.597,14.783,13.129,15.201,20.248,26.825,32.896,33.926,29.318,26.796,25.826,24.258,23.766,25.557,27.872,28.756,30.725,26.936,24.872,22.858,21.462,20.682,15.152
20.587,18.612,14.844,13.229,15.270,20.277,26.900,32.968,33.970,29.343,26.813,25.850,24.325,23.837,25.635,27.931,28.773,30.748,26.959,24.922,22.935,21.520,20.757,15.168
20.624,18.673,14.878,13.289,15.353,20.296,26.901,33.072,34.148,29.505,26.975,25.986,24.354,23.848,25.665,28.002,28.910,30.913,27.097,25.008,22.954,21.565,20.766,15.191
20.895,18.864,14.932,13.299,15.457,20.563,27.206,33.313,34.331,29.728,27.226,26.253,24.715,24.228,26.070,28.365,29.200,31.141,27.388,25.362,23.347,21.942,21.147,15.479
21.056,19.111,15.286,13.712,15.794,20.735,27.235,33.392,34.410,29.832,27.332,26.329,24.727,24.277,26.090,28.407,29.249,31.213,27.457,25.404,23.359,22.010,21.196,15.704
21.149,19.195,15.401,13.821,15.894,20.824,27.336,33.480,34.543,29.865,27.344,26.380,24.843,24.363,26.168,28.424,29.252,31.274,27.477,25.470,23.488,22.127,21.344,15.817
21.354,19.411,15.607,14.046,16.126,21.028,27.493,33.534,34.558,29.976,27.498,26.535,25.020,24.562,26.370,28.610,29.420,31.363,27.645,25.652,23.675,22.337,21.538,16.050
21.639,19.665,15.816,14.273,16.405,21.304,27.670,33.742,34.774,30.253,27.833,26.866,25.337,24.883,26.687,28.889,29.644,31.595,27.951,26.022,24.059,22.738,21.959,16.470
21.719,19.744,15.857,14.336,16.495,21.376,27.730,33.815,34.834,30.300,27.879,26.911,25.411,24.977,26.805,28.982,29.705,31.649,28.010,26.100,24.145,22.851,22.048,16.554
21.840,19.878,16.033,14.496,16.620,21.504,27.892,33.950,34.966,30.430,27.993,27.029,25.521,25.073,26.888,29.086,29.842,31.786,28.125,26.187,24.228,22.915,22.121,16.633
21.969,20.019,16.197,14.668,16.777,21.632,28.026,34.050,35.049,30.519,28.078,27.122,25.633,25.183,27.000,29.182,29.935,31.875,28.214,26.279,24.334,23.028,22.231,16.748
22.067,20.106,16.263,14.736,16.862,21.728,28.103,34.148,35.157,30.631,28.202,27.242,25.744,25.297,27.115,29.294,30.036,31.979,28.331,26.408,24.461,23.157,22.363,16.875
22.233,20.300,16.512,14.979,17.060,21.903,28.288,34.278,35.274,30.757,28.316,27.363,25.873,25.422,27.223,29.416,30.191,32.119,28.456,26.507,24.561,23.249,22.457,17.008
22.374,20.456,16.668,15.153,17.230,22.041,28.424,34.390,35.365,30.841,28.392,27.444,25.986,25.549,27.364,29.539,30.302,32.215,28.549,26.604,24.669,23.376,22.563,17.129
22.430,20.507,16.706,15.196,17.285,22.095,28.473,34.446,35.421,30.900,28.455,27.507,26.052,25.615,27.435,29.599,30.349,32.267,28.609,26.675,24.744,23.457,22.644,17.199
22.519,20.588,16.782,15.275,17.374,22.181,28.538,34.515,35.495,30.986,28.556,27.608,26.148,25.710,27.528,29.682,30.420,32.341,28.700,26.782,24.857,23.572,22.767,17.319
22.632,20.682,16.818,15.334,17.482,22.283,28.587,34.600,35.585,31.083,28.677,27.724,26.276,25.856,27.690,29.814,30.505,32.424,28.819,26.942,25.023,23.765,22.949,17.496
22.720,20.788,16.969,15.486,17.603,22.371,28.711,34.673,35.634,31.135,28.717,27.777,26.347,25.912,27.748,29.857,30.555,32.476,28.859,26.976,25.077,23.817,23.005,17.543
22.809,20.863,16.996,15.533,17.690,22.450,28.766,34.755,35.714,31.211,28.806,27.862,26.449,26.028,27.886,29.965,30.621,32.544,28.948,27.097,25.206,23.970,23.146,17.665
22.903,20.967,17.119,15.644,17.781,22.551,28.887,34.869,35.828,31.317,28.897,27.952,26.533,26.110,27.960,30.062,30.746,32.664,29.046,27.170,25.268,24.020,23.194,17.727
23.024,21.101,17.267,15.800,17.923,22.672,29.006,34.962,35.909,31.400,28.975,28.035,26.631,26.214,28.064,30.161,30.847,32.754,29.134,27.254,25.358,24.117,23.284,17.835
23.112,21.189,17.342,15.888,18.024,22.756,29.075,35.028,35.968,31.464,29.047,28.109,26.719,26.306,28.165,30.241,30.906,32.812,29.206,27.344,25.459,24.232,23.394,17.941
23.217,21.292,17.414,15.982,18.140,22.858,29.164,35.104,36.041,31.551,29.145,28.211,26.825,26.408,28.266,30.325,30.977,32.886,29.296,27.450,25.577,24.353,23.523,18.066
23.278,21.333,17.440,16.000,18.178,22.912,29.194,35.181,36.130,31.632,29.238,28.295,26.907,26.503,28.374,30.425,31.051,32.963,29.387,27.562,25.682,24.471,23.632,18.162
23.334,21.364,17.452,16.003,18.206,22.961,29.210,35.250,36.215,31.716,29.340,28.389,26.993,26.599,28.482,30.521,31.115,33.035,29.482,27.683,25.800,24.600,23.758,18.269
23.450,21.482,17.507,16.092,18.334,23.073,29.298,35.342,36.299,31.799,29.429,28.476,27.100,26.723,28.618,30.639,31.212,33.122,29.580,27.797,25.919,24.740,23.882,18.402
23.516,21.553,17.616,16.193,18.412,23.141,29.378,35.392,36.347,31.863,29.495,28.550,27.166,26.770,28.653,30.673,31.255,33.173,29.634,27.849,25.981,24.788,23.950,18.466
23.625,21.653,17.618,16.265,18.538,23.234,29.440,35.475,36.411,31.917,29.561,28.616,27.275,26.906,28.826,30.793,31.315,33.226,29.710,27.971,26.122,24.973,24.105,18.604
23.682,21.693,17.653,16.268,18.592,23.276,29.452,35.528,36.456,31.948,29.603,28.653,27.344,27.000,28.956,30.882,31.345,33.254,29.761,28.063,26.224,25.114,24.218,18.695
23.782,21.804,17.759,16.408,18.717,23.377,29.557,35.598,36.515,32.021,29.676,28.734,27.433,27.081,29.032,30.947,31.412,33.320,29.830,28.135,26.309,25.198,24.310,18.791
23.887,21.911,17.882,16.530,18.831,23.483,29.649,35.674,36.592,32.115,29.780,28.842,27.536,27.177,29.120,31.030,31.495,33.404,29.927,28.237,26.418,25.304,24.427,18.915
23.974,22.008,17.983,16.645,18.942,23.566,29.749,35.751,36.648,32.163,29.818,28.886,27.609,27.253,29.211,31.099,31.553,33.458,29.974,28.289,26.484,25.384,24.494,18.975
24.107,22.157,18.161,16.825,19.100,23.702,29.890,35.857,36.741,32.262,29.910,28.985,27.719,27.363,29.315,31.202,31.666,33.561,30.073,28.380,26.582,25.483,24.591,19.090
24.173,22.226,18.238,16.902,19.171,23.768,29.957,35.916,36.798,32.320,29.968,29.044,27.781,27.423,29.374,31.260,31.726,33.620,30.131,28.437,26.642,25.542,24.651,19.153
24.255,22.319,18.380,17.033,19.269,23.853,30.077,35.996,36.868,32.398,30.036,29.121,27.856,27.478,29.419,31.306,31.791,33.692,30.191,28.485,26.699,25.585,24.709,19.202
24.338,22.399,18.454,17.099,19.336,23.938,30.175,36.111,36.990,32.510,30.142,29.223,27.947,27.568,29.507,31.411,31.906,33.811,30.298,28.580,26.783,25.661,24.784,19.273
24.427,22.501,18.579,17.228,19.447,24.027,30.284,36.189,37.052,32.570,30.192,29.280,28.021,27.637,29.581,31.474,31.973,33.875,30.353,28.631,26.845,25.725,24.846,19.334
24.531,22.619,18.738,17.378,19.566,24.136,30.414,36.284,37.139,32.663,30.276,29.370,28.110,27.716,29.648,31.550,32.070,33.970,30.437,28.698,26.916,25.785,24.913,19.410
24.642,22.734,18.898,17.524,19.684,24.253,30.534,36.376,37.238,32.784,30.402,29.502,28.222,27.807,29.716,31.629,32.170,34.078,30.548,28.801,27.022,25.871,25.024,19.528
24.713,22.806,18.930,17.582,19.760,24.321,30.608,36.450,37.303,32.844,30.459,29.560,28.293,27.881,29.800,31.701,32.231,34.139,30.608,28.867,27.094,25.951,25.097,19.592
24.783,22.852,18.961,17.594,19.807,24.380,30.625,36.527,37.391,32.921,30.554,29.644,28.384,27.996,29.939,31.820,32.306,34.213,30.706,28.998,27.221,26.103,25.232,19.713
24.898,22.992,19.107,17.766,19.956,24.496,30.784,36.636,37.471,32.992,30.601,29.702,28.469,28.076,30.024,31.898,32.399,34.298,30.767,29.041,27.277,26.161,25.280,19.764
24.979,23.049,19.110,17.770,20.006,24.571,30.827,36.735,37.588,33.103,30.727,29.818,28.576,28.197,30.156,32.026,32.499,34.403,30.890,29.186,27.412,26.307,25.419,19.891
25.086,23.161,19.227,17.888,20.116,24.680,30.944,36.846,37.696,33.207,30.826,29.917,28.676,28.298,30.255,32.131,32.613,34.513,30.992,29.279,27.503,26.396,25.506,19.983
25.198,23.290,19.415,18.066,20.254,24.798,31.085,36.935,37.776,33.302,30.913,30.015,28.774,28.376,30.318,32.196,32.700,34.603,31.074,29.348,27.582,26.461,25.587,20.071
25.278,23.378,19.531,18.182,20.351,24.877,31.183,37.003,37.832,33.364,30.971,30.081,28.847,28.438,30.378,32.246,32.754,34.660,31.128,29.401,27.648,26.523,25.657,20.132
25.334,23.432,19.584,18.238,20.411,24.928,31.263,37.081,37.899,33.423,31.024,30.138,28.914,28.496,30.449,32.301,32.798,34.714,31.176,29.456,27.714,26.592,25.725,20.169
25.428,23.531,19.702,18.349,20.507,25.024,31.384,37.190,38.003,33.521,31.111,30.227,29.003,28.579,30.529,32.389,32.899,34.818,31.265,29.531,27.789,26.659,25.794,20.233
25.476,23.575,19.759,18.397,20.548,25.073,31.448,37.253,38.070,33.592,31.181,30.300,29.063,28.626,30.570,32.435,32.952,34.881,31.326,29.589,27.847,26.705,25.853,20.278
25.565,23.660,19.852,18.480,20.627,25.165,31.538,37.348,38.176,33.705,31.300,30.416,29.162,28.717,30.650,32.526,33.052,34.987,31.434,29.694,27.948,26.794,25.955,20.379
25.690,23.786,19.973,18.604,20.754,25.291,31.651,37.462,38.291,33.821,31.418,30.534,29.282,28.842,30.775,32.651,33.176,35.105,31.557,29.818,28.070,26.920,26.077,20.512
25.782,23.875,20.055,18.677,20.828,25.386,31.751,37.579,38.418,33.940,31.533,30.643,29.379,28.941,30.871,32.766,33.302,35.232,31.674,29.922,28.161,27.004,26.159,20.597
25.922,24.015,20.183,18.817,20.977,25.523,31.867,37.694,38.529,34.056,31.655,30.766,29.512,29.084,31.018,32.900,33.422,35.345,31.799,30.061,28.305,27.160,26.309,20.755
26.031,24.129,20.299,18.938,21.096,25.629,31.991,37.809,38.632,34.150,31.741,30.855,29.617,29.188,31.132,33.004,33.521,35.444,31.890,30.152,28.403,27.264,26.406,20.842
26.153,24.239,20.382,19.030,21.212,25.746,32.081,37.918,38.746,34.270,31.875,30.986,29.749,29.327,31.278,33.135,33.630,35.555,32.020,30.302,28.556,27.428,26.568,20.999
26.256,24.336,20.474,19.112,21.297,25.851,32.201,38.056,38.893,34.408,32.009,31.117,29.866,29.439,31.388,33.259,33.762,35.695,32.150,30.424,28.669,27.531,26.675,21.094
26.306,24.378,20.503,19.150,21.350,25.892,32.260,38.119,38.945,34.456,32.057,31.168,29.930,29.499,31.464,33.309,33.789,35.732,32.192,30.484,28.744,27.614,26.757,21.140
26.492,24.564,20.647,19.322,21.551,26.069,32.414,38.282,39.093,34.595,32.200,31.311,30.107,29.697,31.688,33.501,33.943,35.876,32.348,30.665,28.936,27.838,26.956,21.338
26.620,24.707,20.820,19.495,21.701,26.199,32.562,38.396,39.193,34.694,32.287,31.405,30.214,29.801,31.790,33.602,34.056,35.982,32.443,30.749,29.027,27.928,27.043,21.435
26.771,24.879,21.009,19.698,21.886,26.347,32.743,38.538,39.305,34.792,32.365,31.492,30.338,29.928,31.933,33.726,34.177,36.095,32.537,30.838,29.132,28.046,27.144,21.534
26.902,25.001,21.080,19.789,22.015,26.472,32.827,38.652,39.420,34.904,32.489,31.610,30.471,30.085,32.107,33.880,34.299,36.207,32.670,30.995,29.289,28.229,27.307,21.703
27.053,25.157,21.212,19.943,22.185,26.616,32.958,38.779,39.532,35.009,32.594,31.717,30.608,30.239,32.280,34.028,34.421,36.319,32.788,31.130,29.434,28.398,27.456,21.856
27.141,25.237,21.263,20.013,22.281,26.693,33.038,38.867,39.605,35.076,32.666,31.792,30.706,30.341,32.406,34.118,34.474,36.378,32.858,31.228,29.550,28.534,27.582,21.951
27.351,25.468,21.506,20.277,22.535,26.899,33.244,39.031,39.741,35.210,32.790,31.925,30.881,30.528,32.607,34.293,34.636,36.522,33.001,31.377,29.717,28.724,27.752,22.138
27.438,25.550,21.566,20.334,22.602,26.983,33.367,39.180,39.887,35.326,32.888,32.020,30.979,30.627,32.722,34.414,34.758,36.651,33.106,31.471,29.804,28.810,27.826,22.184
27.619,25.739,21.744,20.527,22.801,27.160,33.555,39.358,40.047,35.473,33.024,32.159,31.147,30.806,32.919,34.593,34.923,36.809,33.257,31.626,29.967,28.991,27.987,22.342
27.906,26.036,22.067,20.830,23.076,27.463,33.819,39.620,40.334,35.776,33.333,32.459,31.413,31.078,33.155,34.879,35.256,37.124,33.570,31.907,30.220,29.222,28.228,22.649
28.135,26.259,22.263,21.007,23.259,27.702,34.055,39.906,40.646,36.065,33.611,32.721,31.646,31.326,33.394,35.170,35.579,37.438,33.862,32.165,30.438,29.426,28.422,22.867
28.350,26.493,22.461,21.249,23.519,27.905,34.265,40.096,40.793,36.182,33.709,32.825,31.822,31.535,33.648,35.377,35.746,37.581,33.996,32.316,30.610,29.647,28.592,23.039
28.502,26.607,22.462,21.259,23.609,28.046,34.379,40.320,41.042,36.396,33.932,33.026,32.017,31.759,33.903,35.632,35.962,37.803,34.225,32.567,30.838,29.894,28.813,23.230
28.727,26.802,22.551,21.403,23.845,28.245,34.499,40.488,41.200,36.562,34.139,33.230,32.265,32.040,34.230,35.876,36.101,37.942,34.429,32.859,31.160,30.278,29.171,23.557
29.006,27.078,22.775,21.654,24.134,28.515,34.741,40.750,41.450,36.799,34.381,33.470,32.538,32.339,34.557,36.172,36.357,38.186,34.687,33.143,31.451,30.603,29.468,23.854
29.342,27.427,23.125,22.016,24.490,28.853,35.047,41.038,41.732,37.089,34.675,33.764,32.846,32.663,34.878,36.491,36.676,38.485,34.994,33.451,31.759,30.923,29.776,24.202
29.541,27.581,23.185,22.064,24.605,29.050,35.208,41.318,42.062,37.400,35.004,34.067,33.103,32.935,35.155,36.799,36.971,38.794,35.314,33.779,32.048,31.206,30.057,24.463
29.958,27.974,23.551,22.424,24.993,29.468,35.560,41.710,42.487,37.851,35.491,34.543,33.544,33.380,35.582,37.237,37.399,39.226,35.782,34.267,32.522,31.676,30.545,24.966
30.328,28.392,24.274,23.013,25.360,29.893,36.128,42.122,42.934,38.363,35.965,35.041,33.904,33.612,35.672,37.476,37.852,39.718,36.196,34.535,32.763,31.755,30.757,25.212
30.786,28.878,24.804,23.521,25.817,30.368,36.633,42.604,43.418,38.828,36.397,35.470,34.323,34.036,36.075,37.936,38.378,40.222,36.654,34.931,33.131,32.100,31.093,25.600
31.038,29.076,24.854,23.583,25.983,30.600,36.883,42.999,43.834,39.181,36.747,35.796,34.646,34.385,36.479,38.330,38.715,40.583,37.007,35.312,33.490,32.481,31.440,25.862
31.593,29.576,24.974,23.845,26.501,31.082,37.405,43.742,44.500,39.658,37.177,36.200,35.241,35.114,37.434,39.124,39.280,41.131,37.534,35.953,34.155,33.323,32.089,26.347
32.237,30.122,25.417,24.185,26.903,31.729,38.241,44.824,45.678,40.720,38.188,37.166,36.062,35.886,38.210,40.036,40.262,42.207,38.504,36.842,34.945,34.012,32.811,26.886
33.502,31.398,26.716,25.385,28.033,33.031,39.729,46.405,47.307,42.226,39.583,38.529,37.336,37.151,39.447,41.468,41.870,43.816,39.943,38.097,36.084,35.054,33.836,27.915
35.630,33.604,29.284,27.616,29.886,35.291,42.516,49.212,50.243,44.973,42.055,40.959,39.452,39.129,41.224,43.803,44.792,46.769,42.456,40.076,37.790,36.404,35.274,29.415
