9.239,9.359,8.685,10.287,12.898,14.349,34.478,50.267,52.615,39.661,34.074,31.510,27.751,29.239,26.249,26.729,26.455,36.254,37.717,43.951,33.740,19.001,10.565,0.060
20.697,20.691,20.118,21.260,23.249,24.423,39.452,50.693,53.176,44.296,39.317,37.418,34.486,35.438,33.845,34.084,33.959,41.321,42.589,47.418,39.747,28.796,21.664,13.803
25.744,25.727,25.207,26.136,27.838,28.815,41.242,51.234,53.246,45.866,41.096,39.520,36.934,37.609,36.807,36.984,37.025,43.224,44.313,48.371,41.970,32.933,26.428,19.850
28.430,28.477,27.994,28.821,30.266,31.214,42.102,51.265,53.311,46.344,42.080,40.726,38.431,39.001,38.379,38.516,38.522,43.999,44.898,48.604,42.911,34.903,29.125,23.431
29.241,29.265,28.799,29.589,31.005,31.895,42.388,51.266,53.311,46.525,42.335,41.021,38.793,39.330,38.791,38.923,38.959,44.241,45.132,48.673,43.201,35.512,29.866,24.347
30.278,30.307,29.867,30.626,31.993,32.813,42.839,51.421,53.325,46.736,42.730,41.467,39.325,39.842,39.326,39.473,39.534,44.594,45.430,48.773,43.553,36.215,30.835,25.534
30.861,30.738,30.331,31.042,32.439,33.189,43.162,51.437,53.348,46.916,43.069,41.795,39.767,40.300,39.660,39.757,39.779,44.670,45.678,48.844,43.811,36.665,31.377,26.072
31.406,31.231,30.844,31.523,32.930,33.603,43.346,51.439,53.374,47.002,43.187,41.925,39.941,40.456,39.864,39.962,40.022,44.780,45.824,48.864,43.961,37.053,31.828,26.586
31.986,31.836,31.450,32.110,33.454,34.143,43.480,51.441,53.390,47.165,43.463,42.252,40.322,40.809,40.277,40.360,40.406,45.024,45.886,48.976,44.247,37.531,32.432,27.388
32.389,32.266,31.882,32.531,33.814,34.529,43.569,51.462,53.407,47.197,43.685,42.516,40.646,41.124,40.578,40.647,40.656,45.162,46.019,49.002,44.418,37.828,32.887,28.010
32.916,32.862,32.467,33.110,34.275,35.083,43.725,51.502,53.448,47.286,43.686,42.694,40.903,41.283,41.003,41.043,40.994,45.225,46.112,49.085,44.507,38.274,33.492,28.842
32.931,33.022,32.602,33.238,34.305,35.161,43.977,51.530,53.534,47.571,44.035,42.928,41.095,41.542,41.070,41.124,41.103,45.504,46.361,49.377,44.782,38.317,33.623,29.102
33.124,33.057,32.659,33.289,34.472,35.253,44.049,51.588,53.562,47.698,44.132,43.041,41.222,41.649,41.236,41.274,41.254,45.605,46.475,49.478,44.932,38.544,33.697,29.386
33.424,33.390,32.992,33.612,34.757,35.540,44.109,51.596,53.722,47.748,44.197,43.139,41.336,41.739,41.403,41.444,41.438,45.712,46.527,49.497,45.032,38.776,33.992,29.524
33.545,33.607,33.176,33.810,34.863,35.778,44.233,51.647,53.729,48.064,44.490,43.486,41.678,42.053,41.797,41.811,41.746,46.022,46.739,49.896,45.366,39.051,34.265,29.969
33.704,33.764,33.337,33.974,35.040,35.934,44.409,51.765,53.735,48.200,44.629,43.610,41.799,42.168,41.915,41.940,41.889,46.177,46.893,50.017,45.495,39.177,34.399,30.074
33.882,33.895,33.478,34.097,35.193,36.035,44.465,51.779,53.874,48.254,44.632,43.617,41.802,42.183,41.949,41.974,41.958,46.209,46.972,50.024,45.554,39.330,34.505,30.155
33.909,33.973,33.532,34.167,35.233,36.157,44.630,51.823,53.945,48.339,44.807,43.806,42.027,42.395,42.156,42.182,42.155,46.342,47.076,50.091,45.686,39.523,34.618,30.292
34.193,34.221,33.809,34.423,35.491,36.333,44.654,51.946,54.032,48.491,44.910,43.901,42.058,42.416,42.241,42.252,42.208,46.524,47.205,50.277,45.851,39.541,34.826,30.559
34.327,34.401,33.980,34.604,35.635,36.519,44.768,52.008,54.066,48.596,44.991,44.009,42.232,42.598,42.359,42.385,42.336,46.525,47.248,50.386,45.871,39.683,35.014,30.812
34.465,34.556,34.132,34.756,35.768,36.668,44.858,52.026,54.084,48.604,45.103,44.133,42.357,42.689,42.500,42.524,42.469,46.641,47.299,50.437,45.969,39.821,35.169,31.014
34.590,34.712,34.280,34.903,35.910,36.807,44.902,52.097,54.129,48.718,45.120,44.163,42.361,42.719,42.590,42.625,42.612,46.788,47.405,50.487,46.083,39.979,35.264,31.144
34.701,34.825,34.392,35.016,35.981,36.932,45.031,52.142,54.221,48.799,45.356,44.415,42.666,43.016,42.799,42.807,42.715,46.850,47.472,50.617,46.205,40.070,35.475,31.421
34.810,34.954,34.516,35.143,36.092,37.066,45.148,52.264,54.233,48.942,45.502,44.570,42.820,43.167,42.958,42.963,42.860,46.998,47.598,50.778,46.351,40.201,35.613,31.589
34.910,35.075,34.630,35.259,36.179,37.186,45.218,52.320,54.287,49.043,45.621,44.706,42.966,43.306,43.107,43.102,42.978,47.099,47.677,50.896,46.468,40.320,35.755,31.789
35.034,35.194,34.758,35.385,36.307,37.296,45.306,52.359,54.291,49.055,45.687,44.771,43.045,43.394,43.157,43.160,43.036,47.139,47.715,50.899,46.495,40.373,35.866,31.903
35.149,35.301,34.865,35.488,36.404,37.397,45.387,52.423,54.341,49.131,45.786,44.874,43.162,43.511,43.264,43.258,43.123,47.204,47.790,50.971,46.584,40.481,35.991,32.046
35.281,35.443,35.009,35.634,36.542,37.536,45.503,52.508,54.409,49.205,45.903,44.995,43.293,43.647,43.375,43.373,43.231,47.302,47.873,51.051,46.670,40.574,36.131,32.205
35.383,35.538,35.110,35.732,36.636,37.625,45.577,52.548,54.415,49.226,45.980,45.073,43.389,43.751,43.440,43.437,43.284,47.333,47.908,51.070,46.708,40.629,36.238,32.323
35.496,35.738,35.306,35.929,36.812,37.823,45.736,52.689,54.559,49.396,46.171,45.277,43.603,43.961,43.651,43.642,43.474,47.508,48.066,51.252,46.892,40.669,36.433,32.581
35.568,35.802,35.361,36.027,36.876,37.915,45.828,52.760,54.596,49.431,46.267,45.372,43.675,44.058,43.687,43.719,43.539,47.554,48.102,51.296,46.903,40.818,36.452,32.582
35.677,35.833,35.407,36.032,36.910,37.930,45.879,52.837,54.709,49.443,46.286,45.400,43.716,44.082,43.731,43.736,43.568,47.668,48.126,51.381,46.951,40.890,36.564,32.694
35.770,35.936,35.507,36.130,37.009,38.020,45.933,52.868,54.732,49.551,46.378,45.484,43.826,44.193,43.841,43.830,43.647,47.712,48.230,51.412,47.058,40.987,36.666,32.802
35.877,36.062,35.633,36.260,37.122,38.146,46.030,52.939,54.771,49.622,46.489,45.604,43.952,44.322,43.953,43.944,43.750,47.764,48.300,51.496,47.141,41.067,36.793,32.961
35.965,36.157,35.726,36.356,37.213,38.247,46.143,53.062,54.895,49.736,46.614,45.730,44.079,44.451,44.070,44.061,43.859,47.880,48.409,51.622,47.255,41.162,36.896,33.067
36.031,36.225,35.792,36.422,37.277,38.319,46.222,53.154,54.993,49.832,46.704,45.821,44.170,44.541,44.163,44.150,43.944,47.967,48.498,51.724,47.349,41.247,36.972,33.145
36.124,36.325,35.892,36.520,37.375,38.407,46.260,53.165,55.024,49.885,46.722,45.844,44.182,44.543,44.211,44.204,44.018,48.036,48.552,51.760,47.403,41.333,37.042,33.230
36.199,36.411,35.977,36.606,37.448,38.487,46.300,53.176,55.029,49.912,46.773,45.903,44.249,44.609,44.274,44.267,44.074,48.077,48.579,51.789,47.443,41.389,37.129,33.347
36.288,36.509,36.074,36.704,37.541,38.584,46.383,53.250,55.107,49.994,46.857,45.990,44.335,44.693,44.363,44.359,44.167,48.169,48.659,51.874,47.527,41.474,37.222,33.451
36.373,36.584,36.153,36.781,37.628,38.658,46.473,53.339,55.186,50.064,46.931,46.058,44.403,44.765,44.424,44.423,44.235,48.239,48.739,51.937,47.595,41.545,37.293,33.503
36.460,36.679,36.244,36.873,37.715,38.753,46.553,53.422,55.283,50.168,47.018,46.149,44.489,44.846,44.526,44.523,44.337,48.342,48.835,52.043,47.698,41.649,37.385,33.607
36.540,36.766,36.333,36.963,37.800,38.837,46.623,53.473,55.328,50.215,47.085,46.218,44.561,44.920,44.590,44.591,44.405,48.406,48.887,52.092,47.751,41.707,37.466,33.698
36.610,36.842,36.406,37.036,37.857,38.913,46.673,53.514,55.364,50.275,47.168,46.310,44.665,45.023,44.686,44.679,44.475,48.460,48.936,52.162,47.823,41.782,37.563,33.828
36.689,36.934,36.496,37.127,37.935,39.004,46.739,53.567,55.419,50.343,47.252,46.402,44.762,45.119,44.780,44.771,44.558,48.537,48.998,52.239,47.899,41.859,37.661,33.953
36.780,37.042,36.600,37.236,38.035,39.116,46.843,53.675,55.542,50.461,47.362,46.516,44.869,45.222,44.897,44.891,44.678,48.667,49.107,52.368,48.015,41.961,37.762,34.067
36.850,37.104,36.664,37.298,38.104,39.178,46.918,53.756,55.619,50.533,47.430,46.581,44.933,45.288,44.959,44.953,44.742,48.732,49.183,52.435,48.084,42.031,37.824,34.116
36.943,37.211,36.772,37.410,38.219,39.280,47.000,53.813,55.681,50.587,47.479,46.628,44.969,45.324,45.007,45.015,44.823,48.821,49.249,52.482,48.135,42.090,37.896,34.185
37.059,37.340,36.904,37.544,38.359,39.396,47.072,53.844,55.722,50.631,47.503,46.652,44.978,45.329,45.042,45.069,44.906,48.906,49.310,52.507,48.178,42.165,37.974,34.263
37.138,37.420,36.988,37.630,38.448,39.475,47.158,53.913,55.770,50.667,47.574,46.719,45.050,45.409,45.092,45.125,44.962,48.962,49.362,52.544,48.219,42.203,38.047,34.328
37.216,37.509,37.076,37.722,38.525,39.573,47.266,54.026,55.870,50.762,47.713,46.863,45.204,45.570,45.217,45.246,45.060,49.060,49.450,52.662,48.320,42.278,38.160,34.459
37.340,37.620,37.187,37.829,38.646,39.679,47.375,54.143,55.998,50.892,47.802,46.947,45.280,45.640,45.316,45.345,45.175,49.177,49.582,52.774,48.442,42.416,38.259,34.538
37.445,37.719,37.290,37.931,38.746,39.775,47.468,54.214,56.043,50.942,47.897,47.042,45.389,45.756,45.397,45.426,45.247,49.235,49.644,52.825,48.504,42.486,38.367,34.651
37.521,37.804,37.377,38.023,38.837,39.866,47.572,54.316,56.137,51.017,47.992,47.136,45.481,45.854,45.474,45.510,45.330,49.329,49.725,52.908,48.576,42.540,38.446,34.724
37.609,37.896,37.469,38.114,38.931,39.951,47.638,54.369,56.197,51.082,48.042,47.185,45.524,45.894,45.533,45.575,45.406,49.405,49.795,52.965,48.641,42.620,38.519,34.798
37.685,37.979,37.551,38.198,39.011,40.036,47.717,54.448,56.283,51.168,48.123,47.269,45.605,45.973,45.619,45.662,45.494,49.495,49.877,53.054,48.726,42.702,38.599,34.885
37.775,38.071,37.643,38.291,39.108,40.127,47.806,54.537,56.379,51.258,48.198,47.342,45.671,46.038,45.695,45.742,45.584,49.592,49.969,53.139,48.811,42.789,38.677,34.955
37.871,38.189,37.758,38.413,39.214,40.253,47.931,54.662,56.505,51.375,48.342,47.492,45.822,46.192,45.833,45.882,45.710,49.727,50.079,53.279,48.932,42.883,38.801,35.100
37.947,38.276,37.843,38.501,39.295,40.341,48.013,54.740,56.582,51.451,48.433,47.586,45.917,46.289,45.922,45.972,45.795,49.812,50.152,53.363,49.010,42.953,38.889,35.200
38.050,38.380,37.945,38.602,39.398,40.450,48.134,54.885,56.747,51.609,48.557,47.710,46.031,46.398,46.054,46.102,45.929,49.958,50.299,53.523,49.159,43.090,38.992,35.297
38.138,38.471,38.035,38.694,39.495,40.539,48.218,54.968,56.837,51.695,48.625,47.776,46.089,46.454,46.125,46.179,46.017,50.052,50.389,53.603,49.240,43.176,39.066,35.363
38.275,38.602,38.171,38.828,39.642,40.661,48.333,55.061,56.924,51.778,48.702,47.847,46.154,46.520,46.196,46.260,46.117,50.152,50.490,53.668,49.321,43.279,39.170,35.448
38.351,38.684,38.251,38.909,39.716,40.746,48.411,55.143,57.013,51.870,48.792,47.941,46.248,46.612,46.293,46.355,46.208,50.243,50.575,53.767,49.414,43.366,39.257,35.547
38.427,38.765,38.331,38.990,39.794,40.827,48.489,55.219,57.089,51.946,48.874,48.024,46.332,46.696,46.375,46.437,46.288,50.323,50.649,53.847,49.492,43.441,39.338,35.634
38.520,38.881,38.445,39.111,39.908,40.947,48.601,55.329,57.213,52.056,48.979,48.132,46.428,46.792,46.479,46.551,46.407,50.460,50.756,53.966,49.597,43.529,39.434,35.738
38.599,38.955,38.520,39.186,39.987,41.022,48.688,55.417,57.292,52.130,49.062,48.213,46.512,46.879,46.554,46.625,46.480,50.532,50.835,54.040,49.670,43.600,39.512,35.807
38.696,39.064,38.627,39.292,40.081,41.123,48.740,55.441,57.321,52.186,49.124,48.283,46.585,46.947,46.638,46.709,46.563,50.600,50.887,54.095,49.738,43.689,39.615,35.944
38.807,39.166,38.735,39.398,40.197,41.215,48.819,55.490,57.357,52.225,49.169,48.324,46.627,46.991,46.678,46.758,46.625,50.654,50.947,54.115,49.780,43.759,39.697,36.012
38.902,39.277,38.842,39.508,40.290,41.332,48.925,55.598,57.467,52.341,49.307,48.470,46.777,47.142,46.820,46.895,46.746,50.774,51.049,54.250,49.902,43.863,39.824,36.167
39.019,39.397,38.962,39.625,40.413,41.438,48.986,55.635,57.525,52.418,49.337,48.502,46.796,47.149,46.880,46.963,46.840,50.864,51.130,54.305,49.977,43.976,39.908,36.256
39.139,39.526,39.094,39.757,40.538,41.558,49.065,55.672,57.550,52.460,49.408,48.578,46.879,47.233,46.956,47.045,46.923,50.933,51.183,54.343,50.032,44.054,40.026,36.395
39.261,39.667,39.225,39.892,40.660,41.706,49.203,55.839,57.758,52.672,49.575,48.753,47.041,47.384,47.151,47.234,47.110,51.133,51.366,54.570,50.236,44.238,40.170,36.562
39.345,39.772,39.326,39.997,40.745,41.817,49.300,55.936,57.857,52.776,49.706,48.893,47.186,47.530,47.286,47.365,47.223,51.245,51.456,54.696,50.348,44.331,40.290,36.715
39.442,39.892,39.442,40.119,40.855,41.944,49.421,56.061,57.994,52.904,49.838,49.031,47.318,47.662,47.419,47.503,47.356,51.390,51.575,54.841,50.474,44.435,40.406,36.848
39.571,40.022,39.577,40.257,40.993,42.077,49.568,56.193,58.100,52.995,49.977,49.168,47.463,47.818,47.531,47.620,47.465,51.500,51.680,54.938,50.570,44.521,40.538,36.974
39.676,40.133,39.681,40.361,41.083,42.195,49.687,56.340,58.264,53.171,50.141,49.339,47.637,47.986,47.712,47.788,47.616,51.650,51.830,55.130,50.747,44.680,40.678,37.137
39.764,40.225,39.774,40.457,41.181,42.292,49.804,56.462,58.380,53.268,50.253,49.448,47.744,48.099,47.807,47.886,47.713,51.757,51.932,55.235,50.841,44.757,40.768,37.218
39.903,40.363,39.907,40.589,41.314,42.432,49.946,56.629,58.572,53.465,50.404,49.600,47.888,48.234,47.977,48.051,47.882,51.933,52.113,55.430,51.029,44.942,40.907,37.357
40.028,40.491,40.035,40.715,41.441,42.551,50.032,56.695,58.647,53.554,50.475,49.674,47.957,48.297,48.066,48.145,47.989,52.033,52.206,55.508,51.121,45.058,41.016,37.474
40.157,40.649,40.186,40.874,41.577,42.720,50.192,56.865,58.830,53.734,50.672,49.882,48.163,48.504,48.268,48.344,48.170,52.224,52.366,55.716,51.303,45.208,41.187,37.679
40.282,40.794,40.327,41.020,41.703,42.875,50.348,57.031,58.998,53.899,50.867,50.085,48.372,48.714,48.460,48.532,48.335,52.394,52.515,55.909,51.475,45.349,41.354,37.875
40.421,40.943,40.471,41.168,41.837,43.034,50.522,57.226,59.196,54.092,51.077,50.300,48.592,48.937,48.666,48.731,48.514,52.577,52.692,56.124,51.668,45.512,41.527,38.064
40.566,41.089,40.616,41.316,41.986,43.193,50.727,57.464,59.429,54.298,51.295,50.515,48.806,49.158,48.861,48.924,48.695,52.775,52.893,56.347,51.867,45.673,41.689,38.211
40.689,41.212,40.737,41.436,42.103,43.316,50.841,57.583,59.558,54.436,51.419,50.642,48.932,49.280,48.999,49.057,48.827,52.904,53.023,56.486,52.006,45.815,41.817,38.348
40.892,41.407,40.933,41.633,42.292,43.522,51.086,57.843,59.787,54.656,51.701,50.923,49.235,49.594,49.251,49.298,49.036,53.108,53.241,56.726,52.234,46.014,42.056,38.589
41.073,41.579,41.115,41.819,42.481,43.701,51.321,58.058,59.930,54.764,51.929,51.142,49.481,49.869,49.407,49.459,49.172,53.239,53.381,56.850,52.355,46.107,42.251,38.760
41.318,41.811,41.351,42.054,42.707,43.939,51.582,58.317,60.148,54.986,52.225,51.439,49.805,50.205,49.677,49.718,49.398,53.447,53.607,57.087,52.593,46.333,42.528,39.046
41.525,41.970,41.522,42.218,42.896,44.100,51.818,58.562,60.331,55.147,52.448,51.643,50.035,50.454,49.843,49.877,49.544,53.580,53.798,57.236,52.757,46.496,42.720,39.183
41.810,42.191,41.756,42.439,43.173,44.310,52.091,58.851,60.604,55.397,52.639,51.805,50.188,50.609,50.009,50.049,49.757,53.795,54.085,57.431,52.986,46.764,42.915,39.278
42.104,42.462,42.023,42.694,43.438,44.569,52.323,59.100,60.888,55.722,52.875,52.043,50.418,50.820,50.297,50.323,50.048,54.071,54.392,57.728,53.304,47.125,43.188,39.551
42.423,42.767,42.322,42.987,43.723,44.877,52.633,59.440,61.240,56.101,53.235,52.408,50.794,51.188,50.681,50.685,50.391,54.400,54.745,58.112,53.686,47.508,43.536,39.916
42.779,43.033,42.604,43.244,44.024,45.120,52.899,59.694,61.446,56.346,53.465,52.618,51.030,51.425,50.908,50.895,50.614,54.573,55.023,58.293,53.938,47.844,43.826,40.144
43.165,43.370,42.949,43.577,44.391,45.442,53.235,60.023,61.763,56.675,53.754,52.892,51.306,51.697,51.199,51.183,50.928,54.871,55.375,58.577,54.261,48.218,44.152,40.421
43.582,43.697,43.280,43.884,44.730,45.768,53.640,60.497,62.216,57.155,54.194,53.316,51.758,52.146,51.641,51.585,51.312,55.222,55.846,59.026,54.737,48.721,44.560,40.773
43.901,44.012,43.594,44.196,45.040,46.082,53.950,60.813,62.536,57.484,54.516,53.640,52.084,52.469,51.972,51.910,51.635,55.539,56.168,59.355,55.067,49.055,44.884,41.103
44.378,44.533,44.101,44.715,45.538,46.624,54.503,61.422,63.205,58.127,55.104,54.238,52.654,53.029,52.579,52.519,52.239,56.186,56.771,60.035,55.691,49.616,45.401,41.643
44.952,45.048,44.614,45.211,46.033,47.147,55.084,62.063,63.818,58.777,55.777,54.911,53.369,53.746,53.254,53.146,52.814,56.722,57.393,60.691,56.353,50.274,46.027,42.269
46.389,46.234,45.848,46.416,47.419,48.370,56.821,64.013,65.585,60.335,57.367,56.380,54.873,55.322,54.575,54.449,54.127,58.082,59.067,62.170,57.834,51.677,47.307,43.139
47.662,47.325,46.985,47.531,48.668,49.465,58.227,65.480,66.879,61.498,58.616,57.541,56.071,56.580,55.620,55.497,55.198,59.158,60.356,63.252,58.964,52.808,48.430,43.974
50.067,49.099,48.908,49.360,50.992,51.209,60.886,68.326,69.269,63.517,60.636,59.263,57.848,58.502,57.091,56.997,56.890,60.865,62.791,64.895,60.837,54.822,50.186,44.739
