7.810,1.144,-0.732,-1.241,-2.762,-4.885,-9.561,-0.704,8.705,15.897,17.202,11.178,11.471,4.999,1.228,-1.085,0.717,2.599,15.096,27.049,25.625,24.828,25.455,16.246
22.829,19.031,17.948,17.520,16.434,15.029,12.011,17.423,24.122,29.026,29.680,25.922,25.583,20.700,17.748,16.519,17.881,20.226,28.828,36.039,35.753,34.935,34.884,28.948
25.427,22.373,21.560,21.052,19.891,18.648,15.815,20.517,26.788,31.464,31.745,28.666,27.964,23.511,20.607,19.446,20.426,23.262,31.334,37.846,37.836,36.995,36.468,31.177
27.412,24.594,23.761,23.271,22.262,21.063,18.715,22.969,28.662,32.880,33.006,30.175,29.380,25.038,22.238,21.318,22.412,25.387,32.750,38.561,38.717,38.063,37.610,32.449
29.251,27.073,26.495,25.899,24.772,23.726,21.517,25.180,30.389,34.448,34.124,31.995,30.837,27.057,24.331,23.361,23.946,27.388,34.272,39.674,39.991,39.400,38.447,33.798
29.770,27.605,27.031,26.433,25.306,24.264,22.065,25.712,30.893,34.940,34.602,32.494,31.331,27.575,24.859,23.887,24.456,27.901,34.758,40.149,40.464,39.883,38.923,34.285
30.574,28.455,27.889,27.319,26.236,25.218,23.076,26.631,31.705,35.637,35.349,33.259,32.151,28.452,25.805,24.881,25.480,28.801,35.484,40.696,41.012,40.424,39.520,35.017
31.176,29.125,28.573,28.007,26.942,25.943,23.863,27.324,32.295,36.148,35.839,33.811,32.692,29.050,26.437,25.543,26.131,29.450,36.000,41.084,41.421,40.850,39.941,35.516
31.698,29.743,29.200,28.634,27.602,26.619,24.658,27.979,32.819,36.562,36.205,34.259,33.095,29.470,26.869,26.045,26.658,30.052,36.430,41.302,41.707,41.165,40.249,35.884
32.154,30.291,29.769,29.198,28.177,27.212,25.321,28.530,33.277,36.950,36.547,34.684,33.476,29.892,27.303,26.515,27.113,30.570,36.829,41.556,42.008,41.482,40.532,36.238
32.812,31.229,30.728,30.162,29.170,28.234,26.413,29.371,34.050,37.631,37.186,35.426,34.198,30.706,28.169,27.428,28.007,31.468,37.514,42.042,42.527,41.965,40.849,36.895
32.988,31.247,30.861,30.285,29.229,28.347,26.446,29.506,34.083,37.663,37.233,35.579,34.317,30.917,28.384,27.606,28.049,31.519,37.622,42.074,42.598,42.033,41.075,36.961
33.345,31.660,31.188,30.621,29.630,28.719,26.957,29.934,34.423,37.918,37.447,35.763,34.524,31.119,28.619,27.882,28.413,31.864,37.802,42.242,42.734,42.245,41.258,37.177
33.689,32.066,31.628,31.052,30.045,29.158,27.399,30.317,34.715,38.184,37.665,36.072,34.816,31.537,29.079,28.310,28.747,32.190,38.044,42.471,42.943,42.472,41.434,37.436
34.012,32.465,32.060,31.474,30.450,29.582,27.819,30.676,35.049,38.512,37.959,36.434,35.143,31.915,29.461,28.686,29.070,32.556,38.380,42.760,43.253,42.770,41.674,37.749
34.341,32.900,32.541,31.940,30.898,30.059,28.314,31.071,35.354,38.785,38.165,36.758,35.417,32.300,29.870,29.084,29.376,32.913,38.645,42.954,43.465,42.991,41.815,37.994
34.571,33.189,32.860,32.244,31.181,30.360,28.617,31.324,35.541,38.964,38.284,36.963,35.587,32.566,30.156,29.340,29.547,33.120,38.801,43.111,43.616,43.160,41.923,38.152
34.790,33.442,33.132,32.507,31.432,30.626,28.889,31.563,35.709,39.116,38.394,37.137,35.746,32.816,30.434,29.592,29.730,33.304,38.927,43.245,43.731,43.299,42.028,38.295
35.033,33.704,33.389,32.765,31.706,30.906,29.232,31.857,35.909,39.256,38.504,37.286,35.886,32.997,30.638,29.813,29.947,33.528,39.051,43.308,43.798,43.405,42.143,38.416
35.245,34.007,33.735,33.105,32.031,31.254,29.561,32.116,36.160,39.501,38.734,37.580,36.154,33.312,30.960,30.135,30.221,33.826,39.320,43.505,44.022,43.594,42.273,38.658
35.535,34.281,34.007,33.383,32.317,31.555,29.888,32.430,36.346,39.632,38.850,37.735,36.344,33.629,31.348,30.493,30.523,34.029,39.406,43.611,44.065,43.688,42.392,38.805
35.720,34.550,34.310,33.671,32.587,31.843,30.189,32.658,36.527,39.802,38.961,37.934,36.491,33.835,31.554,30.694,30.661,34.242,39.574,43.729,44.210,43.836,42.469,38.944
35.830,34.687,34.459,33.812,32.718,31.978,30.325,32.774,36.633,39.913,39.046,38.049,36.583,33.946,31.661,30.794,30.736,34.352,39.681,43.832,44.322,43.951,42.554,39.040
35.962,34.806,34.568,33.919,32.828,32.084,30.448,32.903,36.747,40.022,39.143,38.145,36.674,34.032,31.744,30.879,30.826,34.457,39.779,43.940,44.429,44.075,42.685,39.140
36.187,35.057,34.833,34.186,33.098,32.371,30.751,33.167,36.920,40.150,39.255,38.308,36.849,34.305,32.065,31.185,31.082,34.660,39.889,44.026,44.487,44.155,42.761,39.276
36.362,35.257,35.044,34.401,33.315,32.596,30.968,33.362,37.120,40.342,39.463,38.521,37.069,34.531,32.299,31.426,31.323,34.882,40.098,44.196,44.665,44.313,42.915,39.479
36.472,35.403,35.205,34.557,33.465,32.753,31.130,33.492,37.235,40.452,39.552,38.645,37.172,34.655,32.422,31.550,31.425,35.013,40.210,44.281,44.763,44.409,42.983,39.577
36.639,35.593,35.401,34.748,33.656,32.951,31.351,33.683,37.380,40.575,39.649,38.776,37.289,34.804,32.581,31.710,31.566,35.171,40.324,44.370,44.856,44.518,43.080,39.687
36.767,35.739,35.549,34.897,33.812,33.113,31.540,33.842,37.487,40.651,39.710,38.864,37.373,34.920,32.713,31.848,31.693,35.296,40.393,44.405,44.891,44.570,43.131,39.756
36.943,35.919,35.729,35.079,33.999,33.306,31.750,34.036,37.639,40.779,39.832,39.000,37.516,35.094,32.906,32.040,31.876,35.459,40.511,44.508,44.985,44.678,43.247,39.884
37.086,36.065,35.877,35.227,34.149,33.459,31.914,34.190,37.759,40.884,39.929,39.112,37.631,35.239,33.065,32.195,32.017,35.586,40.607,44.600,45.067,44.772,43.342,39.990
37.216,36.182,35.986,35.342,34.278,33.591,32.069,34.338,37.855,40.946,39.994,39.180,37.719,35.357,33.211,32.343,32.166,35.692,40.657,44.635,45.084,44.811,43.407,40.058
37.264,36.231,36.032,35.393,34.336,33.648,32.126,34.393,37.931,41.018,40.087,39.255,37.801,35.411,33.260,32.407,32.256,35.774,40.745,44.697,45.157,44.869,43.478,40.138
37.354,36.309,36.103,35.474,34.429,33.738,32.218,34.489,38.040,41.116,40.215,39.356,37.924,35.512,33.364,32.526,32.406,35.889,40.857,44.785,45.245,44.946,43.582,40.251
37.460,36.433,36.232,35.607,34.569,33.885,32.376,34.623,38.154,41.208,40.314,39.463,38.037,35.634,33.497,32.671,32.555,36.023,40.957,44.842,45.308,45.005,43.646,40.347
37.581,36.588,36.402,35.774,34.729,34.052,32.535,34.757,38.294,41.350,40.450,39.621,38.180,35.786,33.646,32.821,32.690,36.178,41.110,44.970,45.451,45.134,43.749,40.485
37.668,36.686,36.500,35.870,34.829,34.151,32.651,34.858,38.387,41.434,40.525,39.703,38.251,35.846,33.700,32.887,32.765,36.277,41.197,45.031,45.527,45.212,43.825,40.559
37.779,36.800,36.614,35.985,34.949,34.275,32.792,34.985,38.473,41.499,40.581,39.775,38.327,35.951,33.821,33.007,32.875,36.373,41.253,45.075,45.562,45.263,43.881,40.622
37.870,36.889,36.704,36.074,35.035,34.364,32.879,35.074,38.540,41.563,40.637,39.842,38.398,36.054,33.937,33.110,32.956,36.438,41.303,45.145,45.616,45.327,43.943,40.688
37.996,37.029,36.849,36.215,35.174,34.508,33.039,35.214,38.644,41.653,40.704,39.938,38.482,36.167,34.058,33.227,33.054,36.549,41.383,45.215,45.685,45.412,44.016,40.768
38.115,37.178,37.010,36.371,35.325,34.667,33.209,35.353,38.752,41.749,40.777,40.046,38.573,36.289,34.186,33.353,33.155,36.672,41.475,45.286,45.762,45.496,44.077,40.853
38.193,37.270,37.109,36.470,35.421,34.766,33.299,35.436,38.840,41.840,40.871,40.147,38.672,36.395,34.293,33.459,33.253,36.767,41.572,45.375,45.854,45.578,44.150,40.947
38.275,37.342,37.178,36.543,35.499,34.844,33.377,35.518,38.917,41.910,40.950,40.218,38.757,36.485,34.392,33.557,33.355,36.845,41.641,45.444,45.914,45.640,44.224,41.024
38.350,37.410,37.240,36.611,35.577,34.921,33.460,35.602,39.004,41.985,41.045,40.296,38.848,36.558,34.468,33.647,33.469,36.938,41.726,45.506,45.979,45.699,44.305,41.108
38.447,37.513,37.345,36.717,35.684,35.030,33.572,35.706,39.098,42.073,41.131,40.389,38.941,36.662,34.577,33.756,33.573,37.038,41.813,45.585,46.057,45.778,44.382,41.196
38.550,37.600,37.431,36.807,35.774,35.120,33.648,35.799,39.198,42.177,41.253,40.495,39.068,36.796,34.720,33.891,33.707,37.134,41.916,45.708,46.163,45.879,44.496,41.316
38.643,37.672,37.499,36.880,35.847,35.193,33.703,35.877,39.285,42.270,41.366,40.589,39.184,36.919,34.854,34.014,33.830,37.215,42.007,45.826,46.261,45.973,44.605,41.427
38.746,37.782,37.616,36.997,35.961,35.313,33.814,35.983,39.379,42.362,41.457,40.692,39.293,37.058,35.006,34.157,33.952,37.315,42.094,45.919,46.343,46.054,44.680,41.525
38.844,37.874,37.707,37.086,36.048,35.399,33.903,36.076,39.461,42.445,41.532,40.771,39.370,37.144,35.095,34.239,34.027,37.392,42.169,46.007,46.425,46.145,44.770,41.605
38.920,37.949,37.778,37.162,36.134,35.486,34.001,36.166,39.539,42.506,41.602,40.837,39.445,37.217,35.175,34.330,34.131,37.479,42.234,46.048,46.467,46.188,44.828,41.670
39.002,38.026,37.852,37.240,36.216,35.567,34.081,36.250,39.630,42.593,41.704,40.926,39.543,37.306,35.265,34.425,34.239,37.573,42.327,46.133,46.552,46.267,44.919,41.765
39.104,38.165,38.007,37.388,36.355,35.714,34.229,36.368,39.733,42.694,41.782,41.040,39.636,37.424,35.384,34.540,34.325,37.689,42.429,46.216,46.646,46.360,44.980,41.854
39.205,38.285,38.137,37.515,36.476,35.840,34.348,36.474,39.837,42.802,41.881,41.157,39.746,37.550,35.511,34.662,34.428,37.799,42.538,46.321,46.753,46.461,45.063,41.960
39.282,38.364,38.213,37.592,36.558,35.922,34.447,36.563,39.910,42.862,41.938,41.217,39.802,37.603,35.565,34.725,34.501,37.878,42.598,46.361,46.799,46.514,45.122,42.015
39.404,38.492,38.345,37.722,36.686,36.054,34.581,36.690,40.012,42.957,42.022,41.318,39.903,37.735,35.708,34.858,34.614,37.984,42.683,46.452,46.881,46.606,45.207,42.109
39.494,38.587,38.442,37.822,36.788,36.158,34.683,36.787,40.111,43.052,42.124,41.419,40.009,37.840,35.817,34.971,34.730,38.089,42.784,46.539,46.969,46.688,45.292,42.209
39.611,38.726,38.584,37.962,36.932,36.306,34.860,36.931,40.217,43.134,42.186,41.507,40.082,37.928,35.909,35.074,34.828,38.210,42.863,46.580,47.022,46.754,45.350,42.276
39.696,38.808,38.667,38.050,37.023,36.398,34.935,37.013,40.324,43.245,42.322,41.625,40.216,38.050,36.032,35.200,34.965,38.321,42.986,46.698,47.139,46.853,45.458,42.403
39.793,38.903,38.763,38.148,37.121,36.498,35.030,37.111,40.420,43.339,42.423,41.724,40.323,38.164,36.153,35.318,35.081,38.419,43.081,46.795,47.229,46.940,45.550,42.504
39.879,38.997,38.866,38.256,37.226,36.605,35.110,37.193,40.543,43.476,42.587,41.873,40.483,38.309,36.295,35.462,35.232,38.549,43.239,46.942,47.381,47.061,45.670,42.657
39.996,39.134,39.011,38.395,37.359,36.743,35.251,37.319,40.650,43.581,42.671,41.983,40.578,38.426,36.414,35.575,35.322,38.661,43.337,47.038,47.480,47.167,45.755,42.752
40.091,39.236,39.113,38.498,37.467,36.852,35.375,37.428,40.740,43.657,42.742,42.063,40.656,38.511,36.503,35.670,35.418,38.759,43.413,47.094,47.539,47.232,45.822,42.825
40.161,39.298,39.168,38.557,37.531,36.913,35.441,37.498,40.817,43.731,42.826,42.133,40.731,38.569,36.558,35.734,35.500,38.836,43.491,47.164,47.612,47.303,45.906,42.901
40.273,39.431,39.307,38.694,37.671,37.059,35.602,37.633,40.929,43.825,42.911,42.237,40.828,38.678,36.672,35.855,35.617,38.962,43.587,47.226,47.684,47.378,45.975,42.989
40.355,39.478,39.338,38.735,37.726,37.105,35.651,37.707,41.021,43.912,43.030,42.314,40.930,38.745,36.739,35.935,35.738,39.047,43.682,47.320,47.772,47.463,46.098,43.090
40.428,39.554,39.414,38.812,37.805,37.185,35.733,37.785,41.097,43.984,43.104,42.388,41.006,38.820,36.816,36.015,35.820,39.126,43.756,47.385,47.839,47.529,46.165,43.163
40.556,39.697,39.560,38.956,37.950,37.334,35.900,37.931,41.211,44.082,43.185,42.491,41.099,38.932,36.934,36.136,35.931,39.250,43.848,47.458,47.916,47.617,46.246,43.251
40.656,39.810,39.679,39.076,38.069,37.456,36.015,38.037,41.328,44.201,43.311,42.618,41.226,39.056,37.056,36.262,36.058,39.375,43.977,47.572,48.036,47.725,46.349,43.374
40.763,39.895,39.752,39.156,38.163,37.548,36.123,38.151,41.419,44.270,43.395,42.686,41.316,39.149,37.164,36.376,36.190,39.468,44.041,47.628,48.079,47.779,46.435,43.453
40.906,40.059,39.932,39.336,38.334,37.729,36.279,38.298,41.566,44.422,43.551,42.859,41.495,39.363,37.392,36.590,36.372,39.627,44.197,47.786,48.228,47.913,46.551,43.617
41.028,40.221,40.115,39.511,38.493,37.899,36.441,38.431,41.681,44.542,43.642,42.996,41.608,39.519,37.551,36.734,36.472,39.755,44.312,47.897,48.344,48.028,46.625,43.726
41.156,40.358,40.250,39.644,38.631,38.036,36.602,38.575,41.804,44.649,43.735,43.101,41.701,39.610,37.639,36.833,36.576,39.883,44.417,47.978,48.435,48.131,46.726,43.820
41.277,40.501,40.401,39.788,38.770,38.179,36.753,38.706,41.913,44.755,43.814,43.211,41.790,39.721,37.750,36.940,36.660,39.997,44.516,48.070,48.534,48.239,46.811,43.911
41.385,40.607,40.511,39.900,38.876,38.287,36.844,38.805,42.026,44.879,43.948,43.339,41.927,39.862,37.894,37.076,36.789,40.109,44.643,48.211,48.668,48.362,46.933,44.045
41.461,40.689,40.592,39.981,38.962,38.373,36.937,38.890,42.112,44.958,44.030,43.420,42.006,39.930,37.960,37.151,36.875,40.201,44.728,48.276,48.741,48.433,47.007,44.122
41.587,40.808,40.708,40.105,39.093,38.502,37.058,39.018,42.265,45.110,44.211,43.576,42.177,40.075,38.102,37.305,37.055,40.358,44.897,48.427,48.897,48.572,47.163,44.288
41.688,40.910,40.801,40.204,39.208,38.615,37.200,39.143,42.373,45.191,44.300,43.657,42.264,40.144,38.174,37.401,37.181,40.478,44.985,48.468,48.950,48.629,47.241,44.368
41.863,41.106,41.003,40.405,39.410,38.819,37.408,39.332,42.576,45.391,44.501,43.862,42.458,40.317,38.336,37.578,37.369,40.691,45.200,48.647,49.151,48.817,47.421,44.562
41.993,41.255,41.161,40.562,39.561,38.973,37.552,39.466,42.728,45.551,44.662,44.030,42.617,40.469,38.480,37.723,37.512,40.850,45.372,48.805,49.322,48.973,47.561,44.721
42.137,41.383,41.281,40.684,39.686,39.093,37.669,39.599,42.872,45.701,44.819,44.171,42.764,40.603,38.612,37.855,37.654,40.984,45.520,48.968,49.480,49.132,47.731,44.874
42.294,41.542,41.439,40.843,39.849,39.257,37.846,39.767,43.026,45.843,44.960,44.314,42.908,40.748,38.759,38.009,37.814,41.144,45.662,49.094,49.609,49.266,47.870,45.014
42.492,41.774,41.692,41.087,40.075,39.494,38.065,39.967,43.210,46.038,45.128,44.526,43.102,40.994,39.013,38.240,37.990,41.336,45.848,49.295,49.804,49.460,48.022,45.203
42.683,41.920,41.814,41.217,40.225,39.637,38.243,40.161,43.355,46.151,45.248,44.625,43.226,41.126,39.165,38.397,38.172,41.474,45.942,49.395,49.881,49.571,48.181,45.320
42.848,42.068,41.937,41.350,40.388,39.788,38.445,40.354,43.547,46.306,45.426,44.765,43.374,41.201,39.227,38.509,38.362,41.673,46.115,49.496,50.012,49.707,48.366,45.470
43.029,42.226,42.085,41.498,40.538,39.933,38.594,40.522,43.712,46.474,45.594,44.920,43.534,41.355,39.380,38.659,38.519,41.825,46.274,49.679,50.185,49.892,48.563,45.637
43.289,42.469,42.317,41.737,40.788,40.179,38.845,40.783,43.983,46.737,45.878,45.178,43.808,41.604,39.629,38.920,38.810,42.095,46.544,49.938,50.445,50.148,48.844,45.909
43.528,42.651,42.475,41.903,40.965,40.339,38.995,40.986,44.242,47.016,46.196,45.430,44.086,41.813,39.821,39.122,39.066,42.327,46.832,50.258,50.760,50.455,49.193,46.203
43.683,42.742,42.533,41.975,41.061,40.417,39.083,41.121,44.419,47.190,46.421,45.575,44.267,41.913,39.910,39.237,39.262,42.484,47.018,50.447,50.948,50.639,49.444,46.394
43.892,43.003,42.801,42.240,41.332,40.689,39.388,41.372,44.675,47.430,46.643,45.820,44.473,42.074,40.044,39.409,39.461,42.764,47.284,50.621,51.178,50.858,49.640,46.606
44.138,43.231,43.011,42.452,41.558,40.905,39.638,41.624,44.920,47.659,46.871,46.030,44.680,42.242,40.200,39.588,39.679,43.002,47.513,50.829,51.400,51.095,49.900,46.824
44.405,43.444,43.203,42.647,41.757,41.091,39.815,41.853,45.183,47.942,47.174,46.285,44.952,42.473,40.421,39.806,39.928,43.234,47.790,51.158,51.715,51.414,50.251,47.114
44.711,43.779,43.542,42.987,42.105,41.446,40.202,42.198,45.479,48.203,47.418,46.560,45.217,42.763,40.722,40.120,40.238,43.554,48.050,51.364,51.932,51.643,50.476,47.365
44.993,43.991,43.710,43.179,42.336,41.650,40.423,42.469,45.842,48.561,47.865,46.883,45.586,42.972,40.898,40.359,40.620,43.902,48.454,51.719,52.316,51.997,50.923,47.747
45.407,44.413,44.098,43.579,42.787,42.087,40.967,42.958,46.308,48.952,48.270,47.255,45.944,43.209,41.105,40.663,41.054,44.397,48.881,51.976,52.649,52.342,51.327,48.108
45.860,44.834,44.501,43.990,43.214,42.504,41.396,43.407,46.771,49.408,48.751,47.696,46.404,43.627,41.519,41.094,41.529,44.852,49.343,52.431,53.105,52.799,51.820,48.571
46.425,45.253,44.824,44.360,43.672,42.911,41.875,43.968,47.444,50.035,49.530,48.253,47.052,43.996,41.843,41.542,42.255,45.500,50.037,53.020,53.737,53.410,52.628,49.236
47.310,46.133,45.695,45.241,44.557,43.779,42.703,44.827,48.469,51.112,50.675,49.312,48.110,44.889,42.669,42.414,43.226,46.513,51.183,54.127,54.905,54.500,53.732,50.326
48.585,47.550,47.115,46.626,45.948,45.149,44.213,46.193,49.876,52.507,51.946,50.657,49.263,45.830,43.460,43.330,44.243,47.943,52.635,55.347,56.338,55.935,55.067,51.571
50.222,48.882,48.288,47.905,47.360,46.459,45.461,47.712,51.901,54.592,54.465,52.622,51.463,47.381,44.878,44.957,46.430,49.887,54.931,57.544,58.613,58.012,57.510,53.817
