-8.687,-9.727,-14.801,-18.274,-18.386,-8.523,3.611,15.539,17.759,16.428,12.274,11.996,17.493,23.361,23.463,29.924,31.592,42.916,41.548,36.308,27.788,25.981,24.372,21.927
10.116,9.180,5.461,2.613,2.975,10.016,18.778,26.178,27.675,26.662,25.726,26.758,28.671,30.945,33.523,37.251,39.503,49.006,46.000,41.249,37.009,33.342,32.813,30.021
14.834,13.939,10.548,8.104,8.427,14.667,22.365,28.949,30.250,29.402,28.597,29.641,31.460,33.421,35.856,39.179,41.231,49.719,46.771,42.693,39.034,35.712,35.227,32.747
16.737,15.879,12.631,10.331,10.648,16.563,23.868,29.987,31.192,30.361,29.842,31.010,32.577,34.233,36.840,39.908,41.958,50.121,47.128,43.170,39.881,36.485,36.075,33.623
17.877,17.060,13.903,11.752,12.014,17.716,24.748,30.663,31.806,30.990,30.484,31.645,33.255,34.881,37.393,40.380,42.333,50.148,47.295,43.521,40.311,37.079,36.656,34.320
18.808,17.899,14.810,12.514,12.905,18.557,25.455,31.554,32.777,32.146,31.173,31.993,33.743,35.613,37.666,40.722,42.587,50.357,47.464,43.955,40.658,37.743,37.296,35.091
19.658,18.916,15.962,13.787,14.066,19.560,26.398,32.047,33.177,32.355,31.889,32.909,34.274,35.835,38.180,41.013,42.879,50.408,47.839,44.054,40.934,37.814,37.443,35.165
20.594,19.853,16.987,14.771,15.100,20.489,27.208,32.717,33.846,33.058,32.628,33.600,34.799,36.275,38.602,41.336,43.205,50.667,48.089,44.317,41.323,38.189,37.865,35.586
21.028,20.278,17.446,15.192,15.557,20.912,27.592,33.044,34.179,33.411,33.006,33.961,35.065,36.489,38.831,41.518,43.404,50.877,48.255,44.475,41.554,38.383,38.088,35.792
21.449,20.740,17.964,15.703,16.058,21.373,28.042,33.403,34.531,33.728,33.391,34.335,35.334,36.718,39.058,41.695,43.565,50.972,48.470,44.623,41.718,38.539,38.264,35.963
21.974,21.242,18.504,16.221,16.617,21.869,28.441,33.766,34.900,34.152,33.757,34.643,35.614,36.992,39.267,41.872,43.733,51.099,48.546,44.779,41.934,38.798,38.536,36.261
22.303,21.564,18.833,16.585,16.975,22.184,28.687,34.001,35.125,34.398,33.963,34.836,35.863,37.261,39.490,42.096,43.933,51.228,48.675,44.988,42.149,39.073,38.799,36.562
22.587,21.840,19.118,16.892,17.285,22.454,28.891,34.179,35.294,34.588,34.139,35.009,36.055,37.445,39.659,42.252,44.079,51.328,48.749,45.122,42.315,39.266,38.991,36.775
22.902,22.144,19.411,17.243,17.626,22.747,29.107,34.342,35.432,34.741,34.331,35.259,36.329,37.672,39.945,42.515,44.350,51.338,48.794,45.341,42.602,39.538,39.262,37.057
23.289,22.545,19.825,17.787,18.119,23.128,29.328,34.462,35.503,34.818,34.434,35.413,36.569,37.887,40.159,42.700,44.490,51.504,48.877,45.419,42.762,39.776,39.478,37.341
23.764,23.050,20.395,18.408,18.727,23.620,29.685,34.676,35.686,34.998,34.665,35.644,36.752,38.019,40.270,42.741,44.493,51.556,48.902,45.451,42.798,39.859,39.571,37.475
23.837,23.102,20.436,18.411,18.753,23.676,29.773,34.800,35.828,35.157,34.805,35.770,36.857,38.123,40.383,42.862,44.639,51.562,48.950,45.561,42.949,39.977,39.699,37.580
23.910,23.153,20.475,18.415,18.781,23.730,29.851,34.908,35.951,35.300,34.933,35.889,36.953,38.213,40.488,42.971,44.774,51.773,49.086,45.686,43.092,40.083,39.816,37.674
24.002,23.236,20.549,18.479,18.857,23.814,29.938,35.015,36.060,35.417,35.034,35.990,37.071,38.339,40.613,43.105,44.912,51.925,49.216,45.827,43.229,40.222,39.951,37.810
24.197,23.437,20.770,18.580,19.065,24.013,30.122,35.124,36.162,35.511,35.215,36.205,37.182,38.371,40.723,43.164,44.999,52.028,49.286,45.852,43.330,40.246,40.004,37.830
24.362,23.513,20.793,18.687,19.078,24.102,30.287,35.359,36.410,35.806,35.365,36.271,37.351,38.631,40.841,43.319,45.112,52.089,49.355,46.031,43.460,40.501,40.235,38.120
24.447,23.665,21.004,18.919,19.324,24.238,30.295,35.504,36.608,36.051,35.537,36.414,37.474,38.776,41.019,43.548,45.400,52.450,49.638,46.304,43.760,40.707,40.457,38.274
24.706,23.901,21.234,19.105,19.543,24.477,30.551,35.637,36.703,36.120,35.668,36.564,37.610,38.877,41.104,43.580,45.417,52.560,49.714,46.340,43.764,40.761,40.509,38.370
24.835,24.026,21.365,19.218,19.670,24.603,30.677,35.754,36.824,36.248,35.802,36.694,37.708,38.960,41.196,43.661,45.492,52.610,49.729,46.383,43.858,40.841,40.598,38.449
24.994,24.179,21.528,19.372,19.831,24.756,30.813,35.915,36.993,36.434,35.925,36.771,37.818,39.111,41.277,43.756,45.565,52.653,49.800,46.490,43.939,40.978,40.727,38.602
25.076,24.263,21.608,19.467,19.918,24.839,30.887,35.988,37.061,36.501,35.991,36.844,37.909,39.207,41.372,43.854,45.658,52.687,49.882,46.585,44.030,41.079,40.822,38.705
25.271,24.457,21.812,19.677,20.126,25.032,31.057,36.170,37.245,36.696,36.137,36.955,38.057,39.390,41.493,43.985,45.766,52.755,49.981,46.722,44.144,41.248,40.982,38.892
25.371,24.561,21.909,19.803,20.236,25.133,31.142,36.253,37.319,36.767,36.208,37.041,38.178,39.517,41.621,44.120,45.892,52.851,50.086,46.850,44.265,41.387,41.111,39.033
25.522,24.688,22.031,19.915,20.368,25.259,31.240,36.377,37.450,36.930,36.316,37.125,38.293,39.652,41.722,44.231,46.002,52.970,50.151,46.967,44.390,41.538,41.259,39.195
25.667,24.855,22.212,20.124,20.554,25.423,31.390,36.484,37.545,37.003,36.428,37.253,38.408,39.752,41.832,44.325,46.083,53.000,50.239,47.042,44.467,41.620,41.339,39.282
25.784,24.970,22.331,20.247,20.678,25.537,31.488,36.585,37.645,37.111,36.515,37.327,38.499,39.855,41.911,44.407,46.155,53.053,50.298,47.124,44.543,41.720,41.436,39.391
25.887,25.065,22.423,20.335,20.773,25.631,31.572,36.679,37.742,37.219,36.604,37.408,38.590,39.952,41.998,44.497,46.246,53.149,50.373,47.216,44.640,41.824,41.539,39.498
26.020,25.206,22.574,20.504,20.931,25.770,31.688,36.783,37.840,37.316,36.690,37.484,38.684,40.059,42.076,44.575,46.306,53.162,50.424,47.288,44.701,41.919,41.628,39.606
26.097,25.285,22.656,20.566,21.004,25.850,31.789,36.859,37.918,37.385,36.810,37.625,38.761,40.094,42.164,44.642,46.397,53.293,50.531,47.347,44.793,41.952,41.678,39.626
26.195,25.378,22.745,20.671,21.105,25.941,31.856,36.931,37.986,37.463,36.868,37.683,38.853,40.197,42.254,44.738,46.485,53.361,50.587,47.440,44.885,42.066,41.785,39.747
26.344,25.528,22.902,20.856,21.280,26.087,31.959,37.021,38.067,37.551,36.938,37.747,38.950,40.304,42.334,44.816,46.544,53.366,50.609,47.506,44.951,42.173,41.883,39.871
26.448,25.629,23.005,20.954,21.382,26.187,32.054,37.124,38.173,37.665,37.031,37.825,39.037,40.403,42.411,44.897,46.621,53.439,50.682,47.591,45.031,42.269,41.977,39.971
26.542,25.720,23.085,21.055,21.474,26.277,32.132,37.214,38.259,37.753,37.106,37.907,39.160,40.540,42.542,45.041,46.757,53.560,50.798,47.735,45.165,42.421,42.119,40.126
26.649,25.835,23.210,21.190,21.603,26.390,32.230,37.289,38.328,37.818,37.183,37.987,39.230,40.601,42.602,45.090,46.800,53.576,50.836,47.773,45.210,42.471,42.171,40.182
26.705,25.893,23.269,21.235,21.652,26.450,32.311,37.366,38.408,37.891,37.276,38.085,39.300,40.659,42.679,45.162,46.882,53.682,50.939,47.847,45.289,42.525,42.231,40.228
26.823,25.998,23.371,21.337,21.763,26.553,32.390,37.462,38.507,38.010,37.356,38.149,39.395,40.772,42.765,45.256,46.971,53.764,50.994,47.944,45.387,42.649,42.350,40.361
26.934,26.094,23.460,21.418,21.857,26.649,32.475,37.562,38.611,38.133,37.457,38.246,39.502,40.880,42.871,45.365,47.088,53.901,51.084,48.057,45.512,42.773,42.475,40.486
27.047,26.185,23.537,21.499,21.949,26.738,32.542,37.650,38.700,38.246,37.538,38.325,39.619,41.006,42.991,45.496,47.222,54.046,51.169,48.190,45.656,42.928,42.625,40.645
27.174,26.314,23.667,21.660,22.100,26.862,32.625,37.711,38.750,38.300,37.595,38.393,39.710,41.093,43.076,45.575,47.292,54.072,51.194,48.251,45.732,43.023,42.714,40.751
27.271,26.400,23.753,21.733,22.187,26.948,32.704,37.791,38.834,38.397,37.688,38.484,39.788,41.161,43.151,45.645,47.372,54.172,51.257,48.321,45.820,43.098,42.795,40.826
27.334,26.451,23.796,21.752,22.223,27.000,32.773,37.876,38.927,38.500,37.786,38.582,39.870,41.236,43.242,45.737,47.482,54.328,51.367,48.422,45.933,43.186,42.889,40.905
27.434,26.547,23.890,21.862,22.328,27.094,32.844,37.955,39.004,38.585,37.845,38.632,39.957,41.342,43.322,45.825,47.557,54.377,51.418,48.509,46.012,43.296,42.991,41.025
27.508,26.614,23.957,21.924,22.398,27.160,32.900,38.019,39.071,38.664,37.902,38.677,40.012,41.404,43.368,45.874,47.605,54.424,51.452,48.560,46.065,43.361,43.055,41.095
27.587,26.692,24.034,22.007,22.478,27.238,32.974,38.092,39.141,38.734,37.974,38.754,40.096,41.489,43.455,45.962,47.692,54.507,51.532,48.646,46.152,43.450,43.142,41.184
27.677,26.787,24.131,22.122,22.583,27.331,33.052,38.153,39.194,38.783,38.037,38.829,40.175,41.559,43.534,46.036,47.761,54.553,51.587,48.709,46.221,43.522,43.212,41.259
27.792,26.904,24.247,22.260,22.713,27.444,33.139,38.224,39.258,38.848,38.108,38.911,40.271,41.650,43.629,46.126,47.845,54.610,51.642,48.786,46.309,43.619,43.306,41.363
27.899,27.016,24.360,22.403,22.843,27.552,33.217,38.285,39.307,38.896,38.159,38.972,40.360,41.739,43.713,46.208,47.915,54.636,51.682,48.855,46.380,43.712,43.392,41.465
28.034,27.139,24.482,22.535,22.978,27.673,33.305,38.380,39.401,39.010,38.240,39.044,40.464,41.856,43.808,46.307,48.007,54.710,51.731,48.951,46.483,43.841,43.515,41.605
28.123,27.229,24.572,22.625,23.070,27.762,33.393,38.459,39.479,39.085,38.330,39.142,40.550,41.929,43.896,46.389,48.094,54.801,51.815,49.029,46.570,43.917,43.594,41.679
28.228,27.331,24.669,22.736,23.177,27.862,33.478,38.541,39.556,39.166,38.409,39.228,40.655,42.035,44.004,46.499,48.201,54.896,51.899,49.133,46.679,44.033,43.706,41.798
28.319,27.409,24.740,22.796,23.248,27.941,33.557,38.643,39.664,39.289,38.506,39.315,40.754,42.144,44.103,46.606,48.314,55.030,51.999,49.249,46.796,44.153,43.825,41.918
28.434,27.536,24.870,22.945,23.382,28.067,33.680,38.748,39.761,39.372,38.611,39.433,40.874,42.258,44.226,46.725,48.426,55.116,52.117,49.359,46.902,44.261,43.931,42.026
28.539,27.642,24.983,23.055,23.494,28.173,33.779,38.834,39.847,39.458,38.704,39.526,40.952,42.327,44.298,46.789,48.490,55.176,52.178,49.418,46.971,44.325,43.999,42.093
28.604,27.705,25.045,23.099,23.547,28.238,33.862,38.927,39.946,39.557,38.802,39.618,41.026,42.401,44.374,46.866,48.575,55.286,52.281,49.503,47.054,44.395,44.074,42.158
28.704,27.809,25.145,23.215,23.654,28.340,33.957,39.019,40.033,39.640,38.889,39.714,41.140,42.517,44.492,46.986,48.690,55.385,52.389,49.619,47.166,44.515,44.189,42.279
28.810,27.920,25.259,23.341,23.771,28.450,34.061,39.109,40.118,39.719,38.980,39.813,41.240,42.612,44.593,47.083,48.783,55.460,52.478,49.709,47.258,44.609,44.281,42.374
28.940,28.064,25.403,23.525,23.929,28.591,34.182,39.213,40.208,39.796,39.067,39.916,41.375,42.753,44.728,47.221,48.902,55.525,52.586,49.834,47.370,44.748,44.409,42.521
29.061,28.188,25.529,23.669,24.066,28.712,34.281,39.297,40.285,39.873,39.151,40.007,41.477,42.850,44.828,47.315,48.991,55.587,52.653,49.918,47.461,44.848,44.507,42.627
29.180,28.304,25.646,23.792,24.200,28.824,34.357,39.353,40.333,39.928,39.210,40.079,41.562,42.924,44.908,47.387,49.060,55.629,52.678,49.974,47.538,44.933,44.590,42.720
29.228,28.339,25.675,23.807,24.208,28.864,34.438,39.479,40.477,40.084,39.331,40.171,41.642,43.025,44.990,47.484,49.168,55.798,52.823,50.099,47.646,45.031,44.692,42.809
29.357,28.470,25.812,23.939,24.353,28.993,34.547,39.563,40.554,40.160,39.428,40.280,41.740,43.103,45.084,47.565,49.251,55.865,52.884,50.165,47.734,45.111,44.776,42.892
29.448,28.572,25.916,24.058,24.458,29.094,34.648,39.654,40.640,40.234,39.513,40.371,41.837,43.202,45.183,47.664,49.340,55.931,52.984,50.260,47.817,45.203,44.863,42.985
29.529,28.647,25.988,24.114,24.525,29.170,34.735,39.746,40.737,40.335,39.618,40.477,41.926,43.282,45.277,47.755,49.444,56.064,53.090,50.355,47.923,45.288,44.955,43.065
29.644,28.757,26.096,24.231,24.644,29.278,34.824,39.820,40.806,40.408,39.707,40.581,42.026,43.363,45.379,47.849,49.544,56.162,53.160,50.437,48.029,45.381,45.051,43.159
29.726,28.841,26.180,24.305,24.719,29.364,34.927,39.932,40.921,40.521,39.817,40.687,42.125,43.467,45.481,47.954,49.651,56.281,53.287,50.549,48.132,45.480,45.150,43.254
29.820,28.924,26.259,24.363,24.790,29.450,35.027,40.065,41.066,40.677,39.935,40.779,42.230,43.597,45.581,48.069,49.766,56.421,53.414,50.682,48.248,45.610,45.278,43.383
29.920,29.007,26.327,24.419,24.860,29.533,35.114,40.183,41.191,40.821,40.050,40.888,42.359,43.736,45.717,48.218,49.924,56.613,53.555,50.843,48.410,45.770,45.436,43.539
30.111,29.203,26.522,24.665,25.082,29.723,35.255,40.302,41.293,40.922,40.151,41.007,42.530,43.912,45.886,48.387,50.073,56.692,53.651,50.991,48.561,45.958,45.610,43.741
30.241,29.323,26.639,24.776,25.201,29.844,35.369,40.436,41.431,41.074,40.271,41.113,42.655,44.053,46.005,48.514,50.199,56.824,53.765,51.127,48.691,46.104,45.754,43.892
30.363,29.442,26.748,24.914,25.327,29.959,35.458,40.531,41.519,41.168,40.348,41.198,42.789,44.202,46.142,48.663,50.336,56.931,53.866,51.270,48.828,46.270,45.907,44.064
30.512,29.573,26.871,25.036,25.461,30.088,35.564,40.663,41.655,41.331,40.461,41.292,42.923,44.358,46.267,48.800,50.470,57.066,53.960,51.414,48.972,46.442,46.073,44.246
30.681,29.751,27.047,25.250,25.654,30.262,35.715,40.785,41.762,41.426,40.588,41.449,43.095,44.514,46.448,48.973,50.637,57.193,54.102,51.568,49.136,46.607,46.233,44.413
30.807,29.873,27.161,25.378,25.775,30.383,35.826,40.922,41.898,41.570,40.693,41.543,43.243,44.694,46.594,49.139,50.788,57.325,54.240,51.742,49.285,46.795,46.407,44.608
30.916,29.967,27.248,25.438,25.857,30.479,35.936,41.044,42.028,41.713,40.837,41.687,43.362,44.798,46.721,49.263,50.933,57.523,54.380,51.871,49.437,46.913,46.534,44.716
31.035,30.088,27.371,25.569,25.983,30.599,36.046,41.152,42.134,41.819,40.935,41.782,43.468,44.912,46.822,49.366,51.029,57.601,54.471,51.973,49.533,47.024,46.642,44.832
31.221,30.276,27.566,25.759,26.171,30.789,36.237,41.373,42.362,42.053,41.114,41.920,43.642,45.133,46.975,49.539,51.178,57.726,54.642,52.163,49.680,47.226,46.833,45.045
31.482,30.540,27.831,26.080,26.470,31.044,36.423,41.541,42.513,42.215,41.249,42.058,43.850,45.359,47.167,49.733,51.343,57.804,54.736,52.337,49.853,47.463,47.052,45.306
31.610,30.658,27.938,26.193,26.581,31.163,36.537,41.699,42.675,42.391,41.365,42.152,44.008,45.562,47.321,49.916,51.511,57.961,54.894,52.536,50.018,47.676,47.249,45.525
31.758,30.814,28.101,26.367,26.745,31.318,36.684,41.846,42.820,42.532,41.490,42.264,44.140,45.713,47.441,50.041,51.618,58.035,55.009,52.662,50.123,47.813,47.380,45.672
31.871,30.915,28.190,26.417,26.814,31.425,36.836,42.046,43.036,42.756,41.686,42.440,44.311,45.902,47.622,50.240,51.831,58.313,55.259,52.889,50.332,48.007,47.576,45.852
32.147,31.203,28.491,26.744,27.123,31.710,37.094,42.294,43.277,42.992,41.902,42.640,44.543,46.160,47.834,50.455,52.017,58.432,55.441,53.098,50.517,48.246,47.803,46.108
32.374,31.437,28.716,26.971,27.336,31.948,37.365,42.598,43.585,43.287,42.179,42.909,44.845,46.493,48.146,50.791,52.344,58.762,55.809,53.454,50.827,48.575,48.121,46.430
32.602,31.685,28.972,27.197,27.558,32.203,37.685,42.933,43.930,43.605,42.508,43.222,45.121,46.782,48.425,51.077,52.627,59.072,56.190,53.761,51.092,48.829,48.378,46.670
32.845,31.938,29.236,27.489,27.833,32.453,37.904,43.134,44.123,43.794,42.688,43.395,45.317,46.991,48.605,51.254,52.782,59.167,56.331,53.927,51.248,49.025,48.567,46.882
33.168,32.256,29.557,27.824,28.168,32.768,38.186,43.406,44.389,44.071,42.956,43.663,45.602,47.275,48.880,51.526,53.048,59.407,56.558,54.189,51.522,49.316,48.855,47.182
33.416,32.495,29.800,27.998,28.379,33.014,38.489,43.712,44.715,44.397,43.316,44.019,45.858,47.493,49.146,51.774,53.337,59.799,56.899,54.451,51.815,49.526,49.092,47.369
33.776,32.878,30.201,28.364,28.752,33.401,38.931,44.088,45.091,44.732,43.776,44.521,46.214,47.764,49.521,52.101,53.702,60.220,57.335,54.760,52.172,49.768,49.369,47.586
34.212,33.404,30.788,28.972,29.301,33.931,39.515,44.539,45.520,45.055,44.271,45.053,46.597,48.080,49.893,52.414,53.994,60.425,57.783,55.036,52.430,49.978,49.600,47.787
34.553,33.805,31.217,29.421,29.705,34.335,39.970,44.928,45.894,45.355,44.677,45.489,46.959,48.412,50.262,52.758,54.323,60.703,58.227,55.365,52.728,50.248,49.877,48.047
34.849,34.052,31.421,29.526,29.865,34.596,40.338,45.438,46.449,45.946,45.175,45.940,47.426,48.932,50.763,53.315,54.921,61.484,58.887,55.997,53.319,50.803,50.434,48.567
35.460,34.636,31.969,30.070,30.427,35.179,40.929,46.043,47.054,46.568,45.824,46.637,48.122,49.590,51.503,54.055,55.703,62.343,59.618,56.735,54.105,51.519,51.157,49.261
36.168,35.314,32.568,30.573,30.950,35.881,41.844,47.200,48.266,47.778,46.900,47.657,49.242,50.846,52.701,55.377,57.047,63.899,61.148,58.188,55.391,52.807,52.417,50.487
37.198,36.435,33.710,31.706,32.009,37.020,43.165,48.533,49.603,48.990,48.194,48.946,50.476,52.124,53.964,56.665,58.300,65.137,62.696,59.521,56.564,53.977,53.577,51.619
39.125,38.545,35.746,33.693,33.826,39.184,45.943,51.473,52.566,51.632,51.094,51.954,53.393,55.123,57.117,59.946,61.589,68.641,66.751,62.964,59.605,56.841,56.413,54.298
