5.308,0.818,-1.822,-3.229,-0.726,1.458,11.083,16.333,22.529,26.020,23.013,22.314,18.989,22.448,26.852,30.962,38.245,47.012,49.123,39.284,35.046,27.384,23.369,16.223
22.027,19.488,17.740,17.542,18.675,19.878,25.458,28.887,33.416,36.012,34.196,33.432,32.276,33.591,36.097,39.370,44.217,50.313,51.667,46.119,41.657,35.666,34.083,29.766
25.010,22.978,21.438,21.353,22.197,23.252,27.789,31.116,35.237,37.768,36.230,35.487,34.812,35.767,38.090,40.947,45.199,50.730,51.710,47.067,42.859,37.298,36.093,32.317
26.271,24.414,22.960,22.924,23.674,24.660,28.819,32.078,36.000,38.463,37.040,36.323,35.801,36.629,38.855,41.551,45.553,50.833,51.715,47.375,43.299,37.950,36.874,33.323
27.144,25.318,23.905,23.802,24.563,25.548,29.637,32.809,36.604,38.993,37.591,36.908,36.331,37.210,39.418,41.987,45.881,50.993,51.807,47.569,43.736,38.600,37.478,33.989
27.761,25.942,24.554,24.513,25.272,26.207,30.240,33.365,37.046,39.345,37.994,37.347,36.778,37.616,39.732,42.295,46.098,51.118,51.897,47.750,43.936,38.895,37.797,34.402
28.663,26.928,25.594,25.603,26.327,27.205,31.021,34.145,37.650,39.874,38.614,38.013,37.515,38.286,40.330,42.793,46.417,51.277,51.921,47.985,44.276,39.396,38.341,35.094
29.037,27.310,25.986,25.968,26.694,27.576,31.385,34.459,37.944,40.149,38.886,38.286,37.768,38.556,40.594,43.026,46.631,51.443,52.107,48.176,44.532,39.708,38.647,35.412
29.450,27.706,26.396,26.365,27.107,27.980,31.815,34.793,38.219,40.357,39.095,38.512,37.941,38.753,40.744,43.158,46.728,51.458,52.164,48.229,44.667,39.945,38.867,35.664
29.899,28.203,26.916,26.976,27.674,28.495,32.209,35.155,38.524,40.620,39.413,38.835,38.352,39.063,40.966,43.398,46.893,51.566,52.219,48.446,44.797,40.089,39.106,36.006
30.042,28.379,27.105,27.182,27.871,28.677,32.299,35.332,38.641,40.741,39.574,39.020,38.575,39.268,41.185,43.568,47.002,51.658,52.234,48.502,44.891,40.211,39.221,36.152
30.253,28.593,27.322,27.385,28.080,28.889,32.501,35.552,38.844,40.943,39.779,39.234,38.780,39.487,41.417,43.776,47.198,51.799,52.345,48.667,45.097,40.439,39.429,36.359
30.485,28.847,27.587,27.630,28.314,29.127,32.706,35.715,38.999,41.094,39.929,39.377,38.928,39.635,41.561,43.892,47.295,51.843,52.384,48.762,45.233,40.611,39.615,36.562
30.819,29.215,27.969,27.994,28.650,29.466,33.007,35.905,39.202,41.291,40.114,39.537,39.105,39.794,41.691,44.008,47.371,51.900,52.453,48.859,45.396,40.809,39.864,36.843
31.182,29.675,28.469,28.489,29.095,29.894,33.244,36.115,39.336,41.417,40.284,39.710,39.352,39.995,41.874,44.091,47.399,51.944,52.561,48.912,45.434,40.948,40.058,37.128
31.305,29.776,28.563,28.589,29.205,30.004,33.397,36.255,39.492,41.567,40.425,39.848,39.474,40.122,41.992,44.239,47.542,51.988,52.562,49.045,45.591,41.086,40.192,37.250
31.398,29.856,28.638,28.662,29.288,30.090,33.505,36.383,39.622,41.699,40.554,39.982,39.596,40.254,42.134,44.385,47.699,52.161,52.730,49.190,45.737,41.224,40.313,37.356
31.543,29.962,28.733,28.764,29.405,30.208,33.705,36.530,39.793,41.849,40.684,40.106,39.684,40.354,42.209,44.508,47.859,52.337,52.972,49.377,45.887,41.357,40.444,37.471
31.700,30.099,28.858,28.912,29.579,30.373,33.870,36.699,39.942,41.978,40.826,40.257,39.840,40.494,42.324,44.641,47.980,52.455,53.081,49.499,45.983,41.455,40.549,37.592
31.727,30.111,28.883,28.942,29.585,30.374,33.947,36.781,40.040,42.070,40.903,40.338,39.881,40.563,42.401,44.744,48.118,52.613,53.275,49.628,46.104,41.558,40.620,37.629
32.082,30.486,29.263,29.268,29.918,30.726,34.268,36.982,40.239,42.255,41.071,40.488,40.020,40.713,42.535,44.835,48.189,52.625,53.328,49.706,46.262,41.791,40.876,37.911
32.184,30.558,29.328,29.331,29.998,30.808,34.408,37.100,40.366,42.368,41.171,40.590,40.089,40.800,42.614,44.938,48.314,52.749,53.498,49.831,46.380,41.905,40.975,37.994
32.264,30.660,29.434,29.474,30.127,30.919,34.458,37.212,40.453,42.462,41.294,40.723,40.268,40.943,42.753,45.073,48.419,52.862,53.544,49.934,46.451,41.960,41.047,38.091
32.449,30.864,29.647,29.699,30.335,31.118,34.620,37.339,40.572,42.571,41.411,40.834,40.402,41.053,42.839,45.156,48.483,52.897,53.588,50.020,46.526,42.048,41.169,38.241
32.622,31.011,29.789,29.841,30.487,31.270,34.833,37.479,40.727,42.701,41.523,40.938,40.474,41.134,42.889,45.240,48.591,52.998,53.760,50.153,46.641,42.168,41.294,38.363
32.732,31.127,29.907,29.953,30.593,31.379,34.938,37.554,40.811,42.785,41.601,41.008,40.547,41.204,42.953,45.303,48.657,53.052,53.835,50.234,46.721,42.252,41.391,38.464
32.838,31.228,30.009,30.038,30.682,31.475,35.050,37.647,40.907,42.878,41.686,41.091,40.613,41.285,43.039,45.383,48.741,53.128,53.928,50.311,46.822,42.367,41.496,38.562
32.902,31.292,30.072,30.125,30.769,31.551,35.112,37.750,40.997,42.968,41.790,41.205,40.742,41.400,43.151,45.502,48.851,53.253,54.017,50.415,46.902,42.433,41.562,38.635
33.045,31.431,30.213,30.252,30.903,31.689,35.259,37.883,41.119,43.081,41.900,41.319,40.838,41.511,43.264,45.602,48.946,53.331,54.103,50.491,47.013,42.569,41.684,38.755
33.143,31.556,30.344,30.387,31.022,31.805,35.322,37.967,41.198,43.175,42.005,41.421,40.972,41.627,43.387,45.707,49.032,53.411,54.152,50.581,47.103,42.657,41.789,38.875
33.245,31.655,30.444,30.472,31.111,31.900,35.426,38.062,41.295,43.272,42.096,41.512,41.051,41.718,43.484,45.796,49.125,53.498,54.248,50.665,47.207,42.771,41.895,38.974
33.373,31.780,30.570,30.577,31.220,32.017,35.560,38.154,41.390,43.358,42.171,41.582,41.099,41.784,43.548,45.851,49.185,53.538,54.320,50.721,47.295,42.883,42.001,39.076
33.450,31.867,30.659,30.675,31.312,32.105,35.625,38.235,41.464,43.437,42.258,41.670,41.204,41.877,43.641,45.940,49.263,53.617,54.380,50.801,47.367,42.951,42.076,39.160
33.546,31.946,30.736,30.758,31.401,32.190,35.742,38.320,41.553,43.509,42.324,41.735,41.254,41.928,43.672,45.993,49.327,53.678,54.472,50.876,47.427,43.012,42.140,39.225
33.688,32.101,30.896,30.895,31.530,32.328,35.871,38.402,41.643,43.599,42.403,41.804,41.318,42.000,43.744,46.048,49.379,53.703,54.527,50.935,47.516,43.125,42.262,39.351
33.801,32.203,30.995,30.989,31.628,32.429,36.002,38.497,41.753,43.703,42.495,41.889,41.390,42.076,43.810,46.130,49.479,53.802,54.664,51.051,47.621,43.227,42.368,39.450
33.906,32.327,31.124,31.120,31.748,32.547,36.084,38.589,41.839,43.798,42.597,41.990,41.510,42.185,43.924,46.229,49.563,53.878,54.720,51.135,47.711,43.320,42.472,39.565
33.984,32.409,31.207,31.197,31.824,32.627,36.156,38.672,41.925,43.892,42.691,42.083,41.607,42.284,44.031,46.330,49.664,53.983,54.817,51.234,47.814,43.420,42.570,39.659
34.086,32.494,31.289,31.273,31.910,32.714,36.281,38.763,42.018,43.967,42.757,42.149,41.647,42.337,44.073,46.383,49.728,54.039,54.906,51.297,47.885,43.502,42.644,39.729
34.177,32.592,31.389,31.361,31.996,32.805,36.361,38.848,42.105,44.065,42.853,42.243,41.743,42.439,44.187,46.482,49.825,54.134,54.994,51.388,47.993,43.615,42.753,39.834
34.278,32.692,31.488,31.466,32.096,32.904,36.468,38.924,42.194,44.149,42.931,42.314,41.816,42.503,44.236,46.548,49.898,54.205,55.093,51.486,48.069,43.684,42.839,39.924
34.433,32.820,31.610,31.580,32.222,33.034,36.662,39.052,42.339,44.273,43.035,42.410,41.877,42.580,44.291,46.631,50.009,54.310,55.266,51.615,48.190,43.810,42.963,40.038
34.533,32.903,31.691,31.651,32.301,33.118,36.787,39.133,42.430,44.352,43.099,42.470,41.910,42.628,44.329,46.682,50.076,54.371,55.370,51.688,48.268,43.897,43.045,40.111
34.663,33.038,31.826,31.769,32.414,33.240,36.916,39.222,42.539,44.466,43.200,42.558,41.993,42.716,44.419,46.769,50.175,54.460,55.494,51.804,48.392,44.024,43.182,40.243
34.805,33.173,31.962,31.897,32.540,33.369,37.071,39.310,42.643,44.558,43.276,42.622,42.044,42.769,44.451,46.816,50.236,54.504,55.595,51.892,48.473,44.114,43.286,40.350
34.914,33.274,32.059,31.997,32.641,33.471,37.195,39.409,42.758,44.669,43.379,42.719,42.136,42.859,44.530,46.915,50.350,54.624,55.743,52.026,48.585,44.214,43.395,40.454
35.009,33.359,32.143,32.068,32.716,33.552,37.304,39.478,42.836,44.739,43.436,42.770,42.167,42.903,44.568,46.957,50.404,54.668,55.824,52.085,48.656,44.296,43.474,40.528
35.123,33.468,32.251,32.163,32.813,33.655,37.427,39.568,42.940,44.841,43.526,42.852,42.236,42.981,44.644,47.038,50.497,54.755,55.944,52.188,48.764,44.408,43.587,40.634
35.197,33.550,32.337,32.249,32.896,33.736,37.490,39.632,42.995,44.895,43.585,42.913,42.304,43.045,44.706,47.090,50.538,54.787,55.966,52.225,48.809,44.463,43.646,40.701
35.281,33.651,32.443,32.355,32.992,33.830,37.552,39.697,43.051,44.953,43.650,42.978,42.383,43.116,44.778,47.147,50.578,54.813,55.977,52.262,48.858,44.523,43.715,40.782
35.346,33.720,32.515,32.428,33.066,33.901,37.609,39.768,43.108,45.009,43.713,43.046,42.455,43.187,44.851,47.209,50.629,54.858,56.004,52.300,48.908,44.582,43.769,40.842
35.439,33.830,32.629,32.533,33.162,34.001,37.681,39.841,43.181,45.091,43.797,43.127,42.547,43.276,44.948,47.289,50.700,54.919,56.056,52.370,48.993,44.673,43.867,40.946
35.554,33.964,32.769,32.666,33.283,34.124,37.773,39.925,43.269,45.189,43.895,43.219,42.656,43.377,45.053,47.379,50.781,54.989,56.121,52.459,49.090,44.775,43.983,41.070
35.652,34.065,32.871,32.763,33.380,34.222,37.868,40.015,43.356,45.275,43.981,43.305,42.740,43.464,45.140,47.461,50.860,55.061,56.196,52.535,49.175,44.868,44.075,41.163
35.717,34.142,32.949,32.840,33.453,34.296,37.915,40.099,43.437,45.371,44.084,43.410,42.860,43.580,45.275,47.580,50.971,55.179,56.281,52.635,49.283,44.970,44.173,41.260
35.832,34.243,33.047,32.926,33.545,34.394,38.053,40.191,43.543,45.467,44.164,43.484,42.910,43.644,45.328,47.647,51.056,55.259,56.407,52.732,49.382,45.074,44.276,41.353
35.968,34.388,33.194,33.086,33.696,34.540,38.177,40.317,43.669,45.596,44.300,43.616,43.062,43.779,45.456,47.778,51.181,55.383,56.523,52.870,49.500,45.184,44.403,41.491
36.071,34.483,33.287,33.165,33.779,34.630,38.293,40.404,43.768,45.692,44.383,43.694,43.121,43.852,45.529,47.855,51.271,55.470,56.642,52.965,49.605,45.294,44.508,41.587
36.171,34.579,33.383,33.267,33.879,34.728,38.399,40.490,43.858,45.776,44.465,43.773,43.200,43.925,45.590,47.927,51.348,55.544,56.732,53.055,49.680,45.367,44.590,41.673
36.256,34.677,33.483,33.362,33.970,34.820,38.467,40.581,43.948,45.878,44.571,43.879,43.319,44.041,45.720,48.042,51.455,55.653,56.818,53.155,49.790,45.474,44.697,41.781
36.329,34.739,33.540,33.426,34.042,34.891,38.551,40.696,44.061,45.993,44.689,44.004,43.439,44.166,45.852,48.181,51.599,55.817,56.966,53.290,49.916,45.588,44.797,41.870
36.397,34.818,33.624,33.516,34.129,34.973,38.601,40.776,44.120,46.054,44.763,44.087,43.535,44.255,45.945,48.258,51.656,55.868,56.981,53.329,49.967,45.648,44.855,41.939
36.534,34.966,33.774,33.655,34.259,35.108,38.726,40.875,44.231,46.171,44.873,44.186,43.639,44.358,46.050,48.356,51.755,55.955,57.086,53.441,50.087,45.773,44.992,42.078
36.666,35.129,33.945,33.813,34.399,35.252,38.822,40.957,44.316,46.270,44.974,44.278,43.754,44.463,46.160,48.441,51.826,56.005,57.132,53.522,50.185,45.882,45.121,42.221
36.765,35.245,34.066,33.930,34.507,35.361,38.899,41.040,44.395,46.356,45.065,44.367,43.858,44.560,46.264,48.528,51.900,56.069,57.181,53.595,50.269,45.972,45.219,42.327
36.869,35.318,34.129,33.999,34.590,35.445,39.045,41.162,44.536,46.486,45.181,44.480,43.946,44.658,46.348,48.649,52.052,56.240,57.394,53.763,50.405,46.090,45.330,42.421
36.931,35.402,34.216,34.107,34.684,35.530,39.078,41.246,44.610,46.576,45.290,44.593,44.098,44.783,46.480,48.773,52.157,56.357,57.460,53.872,50.490,46.155,45.411,42.516
37.027,35.494,34.309,34.197,34.778,35.624,39.178,41.340,44.698,46.656,45.370,44.676,44.172,44.863,46.558,48.848,52.229,56.422,57.527,53.935,50.566,46.243,45.492,42.598
37.140,35.600,34.411,34.292,34.876,35.728,39.300,41.459,44.833,46.798,45.503,44.804,44.293,44.992,46.694,48.991,52.387,56.591,57.710,54.098,50.725,46.390,45.636,42.728
37.281,35.743,34.556,34.434,35.014,35.865,39.443,41.557,44.936,46.893,45.591,44.885,44.370,45.066,46.752,49.054,52.452,56.640,57.791,54.181,50.806,46.481,45.741,42.841
37.408,35.854,34.664,34.525,35.112,35.972,39.595,41.653,45.051,46.998,45.676,44.961,44.418,45.130,46.807,49.123,52.544,56.724,57.931,54.287,50.916,46.599,45.856,42.945
37.552,35.985,34.791,34.632,35.230,36.100,39.754,41.808,45.214,47.163,45.829,45.113,44.546,45.283,46.974,49.285,52.720,56.905,58.127,54.449,51.104,46.792,46.028,43.097
37.773,36.202,35.008,34.833,35.424,36.304,39.989,41.952,45.393,47.335,45.976,45.239,44.658,45.397,47.068,49.398,52.858,57.026,58.328,54.631,51.273,46.964,46.224,43.291
37.895,36.342,35.150,34.972,35.553,36.434,40.090,42.060,45.505,47.460,46.104,45.362,44.799,45.530,47.208,49.527,52.981,57.146,58.437,54.760,51.404,47.090,46.362,43.434
38.018,36.469,35.278,35.098,35.677,36.559,40.209,42.176,45.623,47.580,46.224,45.480,44.920,45.649,47.328,49.645,53.097,57.260,58.552,54.879,51.524,47.211,46.486,43.559
38.189,36.621,35.426,35.227,35.814,36.706,40.406,42.316,45.785,47.734,46.355,45.601,45.011,45.759,47.431,49.761,53.240,57.397,58.748,55.035,51.687,47.380,46.651,43.709
38.343,36.781,35.587,35.372,35.959,36.858,40.552,42.467,45.939,47.897,46.515,45.759,45.166,45.924,47.610,49.926,53.404,57.560,58.907,55.191,51.865,47.564,46.827,43.879
38.471,36.924,35.735,35.507,36.090,36.992,40.659,42.589,46.054,48.021,46.643,45.888,45.303,46.065,47.766,50.056,53.521,57.668,58.993,55.292,51.995,47.707,46.965,44.019
38.645,37.069,35.872,35.625,36.220,37.134,40.876,42.732,46.227,48.180,46.772,46.006,45.378,46.164,47.851,50.170,53.673,57.818,59.225,55.466,52.166,47.879,47.133,44.165
38.811,37.256,36.068,35.811,36.398,37.312,41.014,42.868,46.344,48.297,46.897,46.133,45.515,46.299,47.990,50.278,53.757,57.874,59.262,55.532,52.271,48.013,47.269,44.317
38.974,37.411,36.221,35.944,36.536,37.460,41.189,43.011,46.504,48.457,47.041,46.269,45.632,46.432,48.127,50.416,53.912,58.025,59.449,55.693,52.444,48.192,47.443,44.478
39.180,37.596,36.401,36.097,36.699,37.638,41.426,43.185,46.708,48.656,47.212,46.427,45.753,46.579,48.271,50.576,54.104,58.216,59.708,55.902,52.663,48.414,47.658,44.671
39.362,37.764,36.563,36.231,36.836,37.792,41.631,43.325,46.889,48.840,47.366,46.562,45.861,46.707,48.399,50.719,54.285,58.397,59.962,56.110,52.873,48.618,47.864,44.854
39.521,37.899,36.694,36.368,36.986,37.938,41.823,43.480,47.039,48.964,47.483,46.683,45.954,46.810,48.479,50.820,54.395,58.500,60.099,56.220,52.978,48.736,47.974,44.964
39.688,38.035,36.823,36.499,37.138,38.090,42.026,43.697,47.250,49.161,47.677,46.888,46.128,47.004,48.674,51.031,54.619,58.741,60.343,56.422,53.184,48.940,48.149,45.121
39.790,38.175,36.974,36.668,37.301,38.239,42.064,43.895,47.385,49.321,47.886,47.130,46.420,47.279,48.993,51.289,54.813,58.945,60.389,56.542,53.344,49.108,48.291,45.282
39.994,38.369,37.164,36.830,37.475,38.426,42.277,44.114,47.611,49.555,48.108,47.353,46.617,47.506,49.244,51.525,55.062,59.200,60.649,56.767,53.608,49.382,48.536,45.504
40.367,38.689,37.469,37.107,37.779,38.749,42.724,44.483,48.024,49.952,48.462,47.695,46.890,47.823,49.553,51.878,55.476,59.630,61.184,57.200,54.037,49.802,48.932,45.856
40.629,38.945,37.723,37.342,38.013,38.994,43.000,44.698,48.268,50.194,48.683,47.901,47.078,48.022,49.746,52.081,55.702,59.849,61.460,57.451,54.289,50.056,49.194,46.108
40.882,39.202,37.985,37.619,38.296,39.264,43.239,44.992,48.516,50.432,48.946,48.185,47.370,48.309,50.036,52.351,55.938,60.076,61.625,57.643,54.505,50.293,49.413,46.344
41.183,39.456,38.226,37.858,38.554,39.528,43.607,45.283,48.844,50.738,49.221,48.449,47.585,48.544,50.244,52.614,56.253,60.407,62.051,57.993,54.817,50.588,49.705,46.610
41.411,39.675,38.445,38.129,38.834,39.782,43.837,45.607,49.116,50.992,49.514,48.774,47.928,48.865,50.555,52.934,56.539,60.714,62.270,58.242,55.038,50.800,49.902,46.827
41.698,40.046,38.831,38.614,39.274,40.175,44.002,46.027,49.453,51.378,49.998,49.294,48.602,49.437,51.154,53.485,56.986,61.198,62.496,58.657,55.384,51.093,50.232,47.224
41.936,40.338,39.140,38.953,39.604,40.482,44.146,46.401,49.730,51.686,50.380,49.725,49.107,49.915,51.692,53.934,57.337,61.560,62.625,58.897,55.684,51.409,50.512,47.536
42.405,40.744,39.522,39.318,39.995,40.892,44.708,46.872,50.276,52.224,50.865,50.187,49.503,50.346,52.108,54.426,57.919,62.184,63.383,59.535,56.265,51.945,51.038,48.008
43.313,41.558,40.296,39.997,40.715,41.678,45.755,47.744,51.311,53.277,51.800,51.065,50.249,51.192,52.978,55.383,59.046,63.375,64.825,60.744,57.455,53.074,52.129,48.973
44.406,42.596,41.296,40.987,41.724,42.716,46.930,48.929,52.614,54.629,53.099,52.333,51.487,52.455,54.276,56.766,60.548,64.995,66.529,62.320,58.921,54.411,53.454,50.209
45.395,43.571,42.249,42.051,42.826,43.779,47.892,50.431,54.009,56.098,54.681,54.015,53.252,54.195,56.145,58.608,62.329,66.971,68.094,63.928,60.469,55.829,54.746,51.462
47.162,45.394,44.044,44.005,44.801,45.703,49.518,53.008,56.429,58.709,57.488,56.971,56.419,57.296,59.512,61.864,65.459,70.421,70.797,66.783,63.251,58.380,57.121,53.780
