-51.596,-50.564,-51.500,-46.054,-38.682,-22.927,3.773,33.344,41.837,30.805,25.199,21.194,15.693,15.892,17.575,18.096,22.958,36.141,39.846,49.230,27.687,7.978,-1.415,-15.653
-21.475,-20.848,-21.610,-17.745,-12.385,-1.339,18.074,39.292,44.599,38.082,33.546,30.808,26.856,27.171,28.548,29.000,32.420,41.433,44.653,50.874,35.628,21.232,14.501,4.221
-13.780,-13.261,-13.976,-10.521,-5.633,4.145,21.901,40.905,45.083,40.135,35.718,33.333,29.702,30.134,31.446,31.996,34.969,42.806,46.080,51.281,37.846,24.653,18.556,9.244
-9.240,-8.805,-9.537,-6.295,-1.735,7.341,23.659,41.438,45.409,40.884,36.797,34.556,31.260,31.666,32.932,33.358,36.195,43.491,46.564,51.413,38.775,26.536,20.927,12.290
-6.066,-5.675,-6.377,-3.336,0.966,9.531,25.020,41.914,45.600,41.481,37.512,35.437,32.346,32.712,33.955,34.313,37.018,43.836,46.809,51.461,39.360,27.787,22.488,14.298
-3.651,-3.246,-3.883,-0.969,3.181,11.385,26.426,42.514,45.876,42.032,38.179,36.192,33.136,33.541,34.698,35.164,37.675,44.196,47.099,51.500,40.044,28.838,23.696,15.812
-2.064,-1.664,-2.276,0.558,4.580,12.587,27.178,42.847,46.216,42.327,38.627,36.687,33.729,34.092,35.209,35.633,38.094,44.476,47.239,51.550,40.391,29.535,24.540,16.879
-0.724,-0.282,-0.793,1.914,5.801,13.699,28.279,43.646,46.911,42.950,39.238,37.411,34.462,34.737,35.817,36.238,38.617,44.824,47.477,51.708,40.854,30.243,25.283,17.723
0.373,0.812,0.330,2.969,6.793,14.514,28.981,44.012,46.945,43.346,39.605,37.842,34.900,35.201,36.265,36.742,39.027,45.045,47.733,51.814,41.249,30.764,25.861,18.412
1.764,2.212,1.777,4.322,8.031,15.569,29.779,44.169,47.035,43.565,40.013,38.323,35.430,35.701,36.728,37.208,39.413,45.257,47.743,51.918,41.586,31.370,26.565,19.287
2.386,2.806,2.353,4.864,8.519,15.956,29.923,44.413,47.314,43.693,40.158,38.498,35.687,35.936,36.982,37.395,39.613,45.279,47.862,51.993,41.680,31.626,26.909,19.728
3.597,3.972,3.484,5.946,9.515,16.747,30.226,44.446,47.326,43.808,40.230,38.550,35.827,36.174,37.113,37.621,39.688,45.364,47.948,52.004,41.841,32.108,27.555,20.573
4.312,4.716,4.248,6.718,10.267,17.331,30.484,44.457,47.350,43.956,40.403,38.776,36.096,36.337,37.393,37.730,39.944,45.542,48.085,52.022,41.880,32.174,27.685,20.886
4.530,4.935,4.521,6.896,10.388,17.480,30.855,44.772,47.351,44.336,40.734,39.193,36.481,36.714,37.734,38.142,40.246,45.679,48.211,52.049,42.197,32.540,27.998,21.090
4.696,5.051,4.580,6.957,10.458,17.497,31.016,44.845,47.360,44.386,40.740,39.200,36.547,36.815,37.886,38.258,40.384,45.725,48.361,52.062,42.243,32.599,28.116,21.243
5.065,5.408,4.936,7.290,10.771,17.716,31.037,44.933,47.487,44.514,40.832,39.326,36.685,36.970,38.047,38.431,40.529,45.782,48.457,52.070,42.361,32.758,28.304,21.473
5.268,5.615,5.162,7.485,10.942,17.876,31.256,45.061,47.560,44.721,40.989,39.519,36.881,37.140,38.229,38.598,40.690,45.891,48.573,52.142,42.482,32.905,28.448,21.611
5.292,5.635,5.180,7.501,10.958,17.914,31.317,45.083,47.606,44.802,41.110,39.645,37.018,37.259,38.361,38.701,40.816,46.023,48.703,52.257,42.577,33.000,28.539,21.684
5.649,5.977,5.488,7.834,11.296,18.184,31.348,45.191,47.652,44.857,41.156,39.652,37.054,37.339,38.421,38.778,40.881,46.101,48.765,52.287,42.676,33.151,28.747,21.973
5.908,6.239,5.765,8.086,11.524,18.385,31.543,45.224,47.669,44.928,41.270,39.791,37.198,37.469,38.550,38.904,40.993,46.169,48.824,52.333,42.767,33.286,28.893,22.138
6.172,6.497,6.021,8.330,11.741,18.583,31.631,45.284,47.787,44.987,41.369,39.894,37.338,37.585,38.666,38.981,41.086,46.253,48.865,52.342,42.820,33.421,29.062,22.346
6.397,6.724,6.260,8.547,11.932,18.768,31.811,45.464,47.984,45.147,41.521,40.069,37.530,37.746,38.832,39.117,41.229,46.371,48.958,52.419,42.922,33.575,29.226,22.520
6.472,6.803,6.349,8.627,12.003,18.871,31.958,45.592,48.123,45.322,41.691,40.249,37.716,37.901,38.995,39.251,41.382,46.534,49.100,52.537,43.048,33.712,29.353,22.626
6.730,7.043,6.565,8.845,12.216,19.019,31.962,45.662,48.189,45.330,41.708,40.261,37.757,37.967,39.065,39.320,41.444,46.559,49.143,52.541,43.094,33.800,29.486,22.812
6.999,7.300,6.819,9.077,12.419,19.185,32.056,45.674,48.239,45.426,41.803,40.381,37.914,38.103,39.216,39.431,41.567,46.630,49.209,52.569,43.153,33.929,29.648,23.005
7.136,7.436,6.956,9.209,12.543,19.299,32.135,45.719,48.257,45.480,41.871,40.450,37.992,38.176,39.287,39.496,41.631,46.689,49.256,52.578,43.210,34.013,29.742,23.114
7.265,7.555,7.070,9.312,12.634,19.379,32.199,45.809,48.345,45.603,41.970,40.566,38.130,38.299,39.427,39.605,41.755,46.783,49.359,52.629,43.285,34.114,29.857,23.232
7.496,7.793,7.326,9.542,12.842,19.568,32.419,45.992,48.487,45.767,42.107,40.731,38.293,38.447,39.576,39.753,41.889,46.873,49.447,52.711,43.399,34.258,30.001,23.383
7.641,7.931,7.460,9.670,12.956,19.672,32.449,46.015,48.552,45.796,42.161,40.786,38.375,38.513,39.645,39.793,41.943,46.924,49.472,52.711,43.424,34.332,30.099,23.504
7.713,8.004,7.531,9.743,13.028,19.761,32.544,46.146,48.717,45.922,42.289,40.913,38.507,38.634,39.770,39.902,42.066,47.060,49.598,52.837,43.535,34.446,30.210,23.607
7.834,8.125,7.652,9.866,13.146,19.881,32.627,46.222,48.825,45.986,42.378,40.996,38.599,38.720,39.851,39.975,42.144,47.150,49.667,52.905,43.613,34.544,30.317,23.724
8.220,8.516,8.060,10.244,13.488,20.172,32.851,46.327,48.901,46.064,42.475,41.116,38.730,38.839,39.958,40.083,42.227,47.183,49.670,52.912,43.683,34.696,30.495,23.952
8.356,8.647,8.187,10.369,13.609,20.286,32.946,46.429,49.004,46.184,42.590,41.235,38.860,38.965,40.091,40.204,42.354,47.300,49.791,53.003,43.792,34.816,30.624,24.085
8.484,8.774,8.314,10.491,13.723,20.388,33.013,46.473,49.055,46.227,42.646,41.293,38.927,39.028,40.152,40.258,42.408,47.347,49.827,53.031,43.839,34.888,30.707,24.183
8.602,8.889,8.421,10.608,13.850,20.499,33.087,46.511,49.075,46.281,42.717,41.351,38.981,39.104,40.222,40.347,42.487,47.431,49.921,53.124,43.941,34.981,30.806,24.295
8.726,9.010,8.539,10.725,13.956,20.597,33.124,46.530,49.127,46.298,42.761,41.393,39.039,39.154,40.269,40.380,42.526,47.472,49.939,53.133,43.968,35.044,30.886,24.396
8.846,9.125,8.648,10.829,14.049,20.677,33.149,46.548,49.166,46.331,42.805,41.441,39.108,39.214,40.333,40.422,42.578,47.515,49.969,53.135,43.994,35.107,30.968,24.495
9.040,9.315,8.837,11.010,14.215,20.821,33.213,46.575,49.214,46.358,42.860,41.498,39.186,39.283,40.400,40.473,42.632,47.558,49.989,53.136,44.031,35.194,31.079,24.637
9.076,9.344,8.852,11.038,14.251,20.859,33.217,46.590,49.255,46.397,42.915,41.540,39.238,39.341,40.462,40.525,42.697,47.639,50.071,53.203,44.093,35.254,31.147,24.709
9.128,9.388,8.884,11.076,14.293,20.905,33.223,46.628,49.322,46.459,42.986,41.605,39.318,39.419,40.547,40.593,42.780,47.733,50.164,53.274,44.161,35.326,31.229,24.793
9.226,9.485,8.979,11.171,14.382,20.989,33.269,46.661,49.378,46.488,43.035,41.650,39.373,39.470,40.595,40.632,42.824,47.780,50.195,53.302,44.199,35.387,31.301,24.878
9.255,9.503,8.983,11.179,14.396,21.002,33.276,46.712,49.425,46.585,43.111,41.729,39.464,39.563,40.705,40.724,42.931,47.878,50.318,53.382,44.279,35.457,31.376,24.945
9.336,9.583,9.064,11.255,14.468,21.073,33.354,46.797,49.506,46.676,43.191,41.815,39.554,39.647,40.794,40.806,43.016,47.953,50.396,53.449,44.351,35.534,31.454,25.021
9.480,9.722,9.204,11.384,14.586,21.165,33.421,46.831,49.513,46.726,43.232,41.869,39.618,39.709,40.860,40.868,43.072,47.978,50.427,53.452,44.388,35.597,31.530,25.113
9.583,9.828,9.315,11.490,14.688,21.267,33.527,46.932,49.616,46.815,43.322,41.962,39.711,39.797,40.946,40.952,43.155,48.058,50.501,53.531,44.470,35.687,31.619,25.204
9.709,9.950,9.432,11.606,14.798,21.364,33.585,46.972,49.659,46.866,43.383,42.023,39.782,39.868,41.018,41.018,43.222,48.118,50.556,53.571,44.529,35.764,31.709,25.308
9.779,10.019,9.501,11.673,14.862,21.425,33.633,47.017,49.710,46.913,43.433,42.074,39.838,39.921,41.071,41.067,43.273,48.166,50.601,53.610,44.574,35.819,31.768,25.372
9.932,10.167,9.642,11.815,15.009,21.542,33.724,47.083,49.712,47.015,43.518,42.162,39.921,40.027,41.179,41.196,43.385,48.250,50.719,53.705,44.694,35.925,31.879,25.492
9.956,10.187,9.652,11.839,15.043,21.585,33.742,47.096,49.771,47.041,43.572,42.199,39.963,40.075,41.224,41.236,43.436,48.330,50.789,53.779,44.753,35.981,31.940,25.556
9.980,10.206,9.658,11.858,15.068,21.616,33.747,47.104,49.807,47.045,43.606,42.216,39.992,40.107,41.256,41.257,43.471,48.390,50.838,53.822,44.789,36.022,31.992,25.615
10.033,10.261,9.712,11.919,15.138,21.697,33.829,47.215,49.926,47.162,43.720,42.324,40.091,40.212,41.360,41.369,43.582,48.514,50.967,53.961,44.914,36.124,32.084,25.696
10.203,10.427,9.877,12.076,15.280,21.820,33.870,47.226,49.969,47.190,43.768,42.377,40.164,40.275,41.422,41.414,43.631,48.551,50.984,53.965,44.943,36.200,32.181,25.820
10.226,10.442,9.877,12.086,15.300,21.836,33.885,47.234,49.970,47.225,43.806,42.406,40.200,40.323,41.477,41.465,43.690,48.615,51.064,54.017,44.998,36.244,32.233,25.874
10.347,10.555,9.980,12.193,15.406,21.922,33.886,47.239,49.970,47.243,43.845,42.438,40.246,40.376,41.530,41.514,43.741,48.662,51.110,54.041,45.045,36.309,32.316,25.978
10.404,10.608,10.015,12.250,15.475,21.995,33.892,47.240,50.006,47.245,43.897,42.462,40.280,40.423,41.570,41.551,43.789,48.750,51.181,54.117,45.112,36.378,32.398,26.074
10.477,10.675,10.071,12.315,15.551,22.055,33.927,47.249,50.014,47.301,43.951,42.509,40.324,40.488,41.636,41.633,43.864,48.819,51.275,54.196,45.198,36.445,32.470,26.151
10.589,10.787,10.183,12.429,15.665,22.171,34.032,47.351,50.119,47.399,44.058,42.613,40.429,40.593,41.739,41.735,43.967,48.929,51.379,54.304,45.305,36.555,32.581,26.265
10.699,10.898,10.296,12.542,15.776,22.289,34.155,47.486,50.268,47.525,44.186,42.741,40.558,40.716,41.862,41.853,44.088,49.056,51.498,54.429,45.424,36.677,32.701,26.382
10.738,10.932,10.319,12.573,15.816,22.325,34.173,47.509,50.286,47.572,44.235,42.782,40.602,40.772,41.921,41.913,44.152,49.123,51.578,54.495,45.489,36.731,32.759,26.441
10.830,11.023,10.414,12.660,15.895,22.411,34.270,47.631,50.425,47.690,44.343,42.900,40.728,40.881,42.036,42.010,44.259,49.224,51.671,54.579,45.573,36.829,32.858,26.535
10.978,11.180,10.586,12.823,16.050,22.572,34.459,47.805,50.598,47.827,44.480,43.043,40.862,41.006,42.153,42.134,44.373,49.338,51.769,54.705,45.696,36.960,32.981,26.656
11.090,11.291,10.694,12.932,16.156,22.672,34.525,47.859,50.665,47.889,44.555,43.115,40.940,41.084,42.230,42.207,44.449,49.414,51.839,54.769,45.769,37.046,33.074,26.759
11.181,11.374,10.762,13.012,16.238,22.749,34.529,47.863,50.707,47.903,44.606,43.151,40.995,41.141,42.287,42.248,44.504,49.489,51.897,54.811,45.818,37.116,33.164,26.868
11.219,11.407,10.788,13.040,16.270,22.781,34.558,47.913,50.758,47.979,44.670,43.216,41.065,41.213,42.366,42.320,44.583,49.564,51.985,54.880,45.886,37.176,33.226,26.924
11.278,11.463,10.834,13.097,16.331,22.849,34.581,47.949,50.835,48.020,44.739,43.271,41.130,41.278,42.431,42.375,44.649,49.654,52.062,54.956,45.954,37.250,33.309,27.013
11.328,11.511,10.883,13.144,16.377,22.894,34.633,48.004,50.883,48.080,44.791,43.326,41.185,41.333,42.488,42.431,44.706,49.705,52.118,55.006,46.006,37.301,33.358,27.061
11.405,11.586,10.954,13.216,16.456,22.972,34.730,48.112,50.970,48.205,44.899,43.436,41.292,41.446,42.606,42.553,44.827,49.818,52.250,55.128,46.125,37.403,33.456,27.151
11.518,11.698,11.064,13.328,16.568,23.076,34.814,48.181,51.037,48.277,44.980,43.513,41.371,41.530,42.688,42.637,44.909,49.900,52.331,55.207,46.211,37.494,33.552,27.255
11.578,11.754,11.115,13.378,16.617,23.131,34.870,48.268,51.136,48.379,45.072,43.609,41.476,41.627,42.795,42.728,45.012,50.000,52.436,55.292,46.293,37.578,33.639,27.336
11.755,11.925,11.284,13.539,16.764,23.264,34.951,48.337,51.224,48.458,45.161,43.705,41.592,41.731,42.903,42.814,45.106,50.081,52.502,55.331,46.360,37.686,33.765,27.481
11.831,11.996,11.341,13.611,16.848,23.346,34.985,48.369,51.274,48.509,45.237,43.763,41.655,41.808,42.977,42.891,45.188,50.184,52.606,55.431,46.455,37.773,33.861,27.585
11.958,12.114,11.446,13.720,16.958,23.441,35.025,48.407,51.318,48.582,45.318,43.840,41.749,41.907,43.083,42.985,45.290,50.280,52.708,55.500,46.541,37.872,33.977,27.714
12.078,12.219,11.536,13.812,17.056,23.538,35.127,48.500,51.400,48.691,45.425,43.947,41.860,42.023,43.201,43.103,45.408,50.389,52.826,55.602,46.654,37.988,34.098,27.841
12.093,12.245,11.573,13.847,17.085,23.558,35.134,48.575,51.469,48.810,45.507,44.036,41.959,42.118,43.318,43.198,45.522,50.491,52.958,55.692,46.733,38.047,34.156,27.878
12.136,12.270,11.573,13.861,17.116,23.604,35.175,48.642,51.558,48.902,45.608,44.125,42.056,42.221,43.426,43.298,45.635,50.621,53.093,55.813,46.843,38.147,34.260,27.980
12.287,12.414,11.701,14.006,17.271,23.746,35.239,48.682,51.615,48.966,45.708,44.205,42.144,42.328,43.528,43.406,45.744,50.749,53.219,55.931,46.969,38.274,34.403,28.143
12.343,12.462,11.737,14.049,17.318,23.793,35.250,48.714,51.671,49.023,45.774,44.264,42.217,42.402,43.608,43.470,45.823,50.835,53.307,55.997,47.035,38.344,34.483,28.227
12.363,12.478,11.748,14.062,17.332,23.830,35.298,48.827,51.823,49.143,45.886,44.377,42.341,42.510,43.728,43.563,45.938,50.963,53.430,56.106,47.124,38.433,34.569,28.298
12.461,12.569,11.832,14.144,17.412,23.906,35.360,48.911,51.909,49.254,45.986,44.481,42.458,42.623,43.852,43.670,46.057,51.070,53.547,56.191,47.217,38.533,34.678,28.406
12.545,12.650,11.905,14.226,17.500,23.997,35.431,48.992,52.006,49.345,46.089,44.575,42.555,42.725,43.954,43.770,46.163,51.190,53.666,56.308,47.327,38.637,34.785,28.515
12.662,12.758,12.004,14.325,17.604,24.090,35.528,49.099,52.081,49.493,46.211,44.702,42.687,42.865,44.106,43.920,46.314,51.320,53.827,56.435,47.462,38.761,34.912,28.638
12.716,12.802,12.034,14.361,17.640,24.151,35.564,49.226,52.279,49.643,46.362,44.851,42.864,43.019,44.279,44.044,46.478,51.503,53.998,56.571,47.579,38.891,35.051,28.766
12.871,12.964,12.210,14.521,17.790,24.303,35.769,49.433,52.465,49.831,46.524,45.030,43.036,43.178,44.440,44.204,46.632,51.637,54.133,56.712,47.723,39.039,35.189,28.895
13.066,13.172,12.431,14.746,18.022,24.543,36.048,49.673,52.685,50.028,46.732,45.230,43.207,43.363,44.606,44.408,46.812,51.834,54.324,56.960,47.954,39.244,35.376,29.076
13.160,13.250,12.490,14.810,18.091,24.614,36.097,49.785,52.813,50.196,46.882,45.381,43.381,43.533,44.798,44.568,46.999,52.014,54.525,57.104,48.098,39.386,35.529,29.222
13.374,13.465,12.706,15.022,18.283,24.821,36.233,49.943,53.072,50.324,47.055,45.552,43.582,43.699,44.962,44.687,47.145,52.184,54.636,57.216,48.212,39.564,35.727,29.437
13.839,13.941,13.208,15.497,18.732,25.244,36.673,50.302,53.387,50.638,47.363,45.883,43.905,44.010,45.261,45.000,47.430,52.430,54.864,57.463,48.500,39.893,36.056,29.786
14.607,14.751,14.090,16.322,19.503,25.988,37.507,50.966,53.981,51.144,47.868,46.434,44.415,44.488,45.697,45.484,47.845,52.791,55.162,57.865,48.955,40.419,36.563,30.319
15.076,15.249,14.628,16.843,20.008,26.502,38.100,51.480,54.467,51.550,48.285,46.861,44.801,44.867,46.044,45.876,48.196,53.145,55.480,58.278,49.363,40.830,36.947,30.702
15.516,15.704,15.115,17.296,20.431,26.918,38.571,51.912,54.876,51.923,48.636,47.245,45.178,45.214,46.384,46.214,48.518,53.429,55.738,58.559,49.668,41.178,37.288,31.046
15.869,16.070,15.506,17.668,20.792,27.296,39.058,52.415,55.351,52.379,49.051,47.683,45.596,45.613,46.782,46.619,48.912,53.805,56.113,58.965,50.059,41.560,37.644,31.378
16.907,17.148,16.655,18.756,21.822,28.237,40.030,53.082,55.856,52.912,49.593,48.272,46.135,46.156,47.269,47.198,49.381,54.179,56.447,59.391,50.602,42.185,38.267,32.067
17.656,17.940,17.523,19.569,22.598,29.006,41.008,53.941,56.587,53.622,50.243,48.976,46.772,46.771,47.852,47.848,49.956,54.691,56.941,59.998,51.225,42.814,38.845,32.628
17.919,18.204,17.788,19.836,22.878,29.309,41.395,54.386,57.014,54.074,50.656,49.393,47.176,47.175,48.265,48.264,50.377,55.114,57.391,60.451,51.645,43.189,39.197,32.947
18.314,18.615,18.227,20.257,23.295,29.790,42.069,55.183,57.818,54.817,51.325,50.090,47.850,47.809,48.913,48.895,51.022,55.760,58.038,61.135,52.263,43.768,39.728,33.410
19.068,19.407,19.066,21.091,24.130,30.718,43.208,56.398,59.080,55.882,52.376,51.145,48.849,48.773,49.854,49.859,51.977,56.777,59.008,62.249,53.273,44.723,40.614,34.229
20.819,21.282,21.110,23.066,26.042,32.752,45.655,58.714,61.426,57.717,54.241,53.052,50.606,50.441,51.410,51.529,53.540,58.411,60.448,64.103,55.014,46.476,42.231,35.785
22.016,22.540,22.428,24.404,27.403,34.228,47.359,60.427,63.204,59.194,55.771,54.547,51.999,51.829,52.732,52.940,54.909,59.912,61.866,65.786,56.547,47.912,43.572,37.059
24.534,25.243,25.384,27.272,30.225,37.349,51.406,64.565,67.378,62.633,59.115,57.966,55.154,54.834,55.615,55.976,57.827,62.970,64.714,69.265,59.705,50.922,46.297,39.552
