-8.347,-11.849,-13.264,-19.622,-20.638,-12.664,5.857,21.087,24.461,17.337,11.442,7.993,5.377,7.756,12.327,14.809,18.660,30.460,40.575,49.078,46.994,38.669,28.108,16.548
12.282,9.755,7.828,4.270,3.978,9.449,22.104,32.910,35.478,29.942,25.528,24.114,21.329,22.943,25.888,28.653,31.687,38.364,45.125,51.984,50.724,44.029,36.924,29.082
15.597,12.988,10.841,7.817,7.618,12.595,24.493,34.909,37.327,31.994,28.143,27.193,23.821,25.434,28.233,31.339,34.362,39.954,46.025,52.587,51.501,44.875,38.473,31.244
19.016,17.386,14.953,12.558,12.779,17.554,28.002,36.846,39.214,34.274,29.573,29.132,26.681,27.897,30.030,32.746,35.424,40.513,46.222,52.677,51.542,45.515,39.441,32.880
20.236,19.056,16.246,14.230,14.702,19.394,29.404,37.723,40.069,35.313,30.218,30.202,27.785,28.914,30.794,33.509,36.112,40.958,46.434,52.807,51.548,45.725,39.835,33.537
21.029,19.643,16.926,14.922,15.319,19.887,29.826,38.223,40.529,35.766,31.010,30.962,28.361,29.521,31.456,34.269,36.895,41.500,46.853,53.160,52.001,46.132,40.390,34.183
21.933,20.763,17.967,16.114,16.599,21.088,30.708,38.756,41.025,36.403,31.525,31.611,29.135,30.232,32.033,34.766,37.311,41.806,47.022,53.215,52.027,46.333,40.716,34.686
22.734,21.442,18.790,16.938,17.368,21.773,31.206,39.194,41.448,36.797,32.103,32.113,29.702,30.762,32.551,35.290,37.817,42.102,47.266,53.481,52.378,46.697,41.162,35.223
23.313,21.813,19.320,17.440,17.783,22.098,31.436,39.480,41.716,37.011,32.600,32.511,30.059,31.116,32.945,35.738,38.276,42.345,47.458,53.690,52.693,46.967,41.519,35.641
23.873,22.300,19.834,17.996,18.327,22.589,31.829,39.862,42.097,37.356,33.043,32.964,30.477,31.520,33.338,36.189,38.736,42.625,47.688,53.933,52.885,47.254,41.869,36.050
24.544,23.127,20.585,18.878,19.281,23.474,32.467,40.240,42.447,37.809,33.415,33.456,31.034,32.032,33.748,36.558,39.050,42.823,47.768,53.957,52.946,47.354,42.078,36.402
24.868,23.516,20.942,19.290,19.723,23.890,32.780,40.446,42.643,38.044,33.612,33.703,31.311,32.288,33.961,36.755,39.226,42.949,47.848,53.961,52.968,47.447,42.212,36.595
25.271,24.042,21.444,19.857,20.330,24.451,33.168,40.634,42.803,38.301,33.813,33.958,31.652,32.597,34.202,36.927,39.344,43.041,47.865,53.994,52.969,47.471,42.306,36.785
25.675,24.558,21.872,20.375,20.904,24.994,33.602,40.934,43.086,38.652,34.092,34.339,32.028,32.958,34.507,37.223,39.616,43.265,48.016,54.009,52.977,47.600,42.495,37.049
26.076,25.174,22.335,20.984,21.622,25.697,34.127,41.223,43.371,39.015,34.244,34.657,32.409,33.295,34.730,37.419,39.773,43.365,48.044,54.021,52.992,47.639,42.584,37.232
26.409,25.604,22.696,21.420,22.106,26.147,34.475,41.445,43.576,39.287,34.461,34.960,32.711,33.584,34.970,37.645,39.974,43.527,48.136,54.025,52.998,47.709,42.713,37.431
26.588,25.843,22.908,21.660,22.366,26.393,34.673,41.572,43.690,39.449,34.593,35.124,32.889,33.757,35.120,37.769,40.080,43.641,48.217,54.028,53.016,47.772,42.802,37.554
26.759,26.060,23.066,21.864,22.605,26.638,34.891,41.755,43.882,39.637,34.713,35.301,33.061,33.919,35.254,37.921,40.234,43.764,48.326,54.057,53.018,47.893,42.926,37.690
27.086,26.453,23.425,22.294,23.068,27.058,35.079,41.885,43.898,39.780,34.877,35.526,33.313,34.146,35.430,38.086,40.375,43.822,48.331,54.087,53.026,47.907,43.000,37.841
27.580,26.632,23.949,22.672,23.247,27.061,35.181,41.917,44.030,39.829,35.283,35.816,33.532,34.410,35.814,38.412,40.607,44.010,48.381,54.135,53.043,47.935,43.171,38.165
27.748,27.291,24.251,23.201,24.014,27.908,35.768,42.197,44.240,40.241,35.329,35.997,33.878,34.681,35.883,38.425,40.673,44.045,48.395,54.190,53.075,47.937,43.214,38.181
27.868,27.499,24.394,23.388,24.248,28.164,35.990,42.351,44.406,40.412,35.411,36.099,34.026,34.809,35.968,38.487,40.678,44.120,48.479,54.228,53.083,48.034,43.253,38.268
27.966,27.640,24.526,23.517,24.389,28.324,36.150,42.480,44.540,40.555,35.418,36.183,34.158,34.932,36.077,38.567,40.744,44.237,48.616,54.274,53.089,48.176,43.372,38.376
28.181,27.879,24.771,23.773,24.648,28.563,36.340,42.618,44.664,40.714,35.579,36.356,34.349,35.118,36.251,38.717,40.877,44.366,48.717,54.301,53.115,48.273,43.495,38.531
28.385,28.147,25.030,24.059,24.956,28.861,36.557,42.737,44.777,40.860,35.673,36.471,34.531,35.277,36.372,38.801,40.935,44.418,48.751,54.332,53.122,48.328,43.565,38.638
28.623,28.454,25.331,24.387,25.304,29.195,36.805,42.879,44.910,41.036,35.801,36.617,34.747,35.471,36.529,38.912,41.017,44.501,48.795,54.333,53.145,48.375,43.661,38.774
28.783,28.677,25.525,24.622,25.562,29.429,36.962,42.944,44.959,41.137,35.878,36.737,34.881,35.595,36.622,38.983,41.065,44.531,48.811,54.346,53.146,48.403,43.674,38.837
28.964,28.861,25.698,24.821,25.767,29.607,37.100,43.056,45.060,41.258,36.026,36.908,35.025,35.740,36.759,39.130,41.208,44.630,48.855,54.371,53.157,48.426,43.763,38.960
29.123,29.014,25.878,24.994,25.932,29.761,37.225,43.159,45.159,41.363,36.150,37.015,35.158,35.866,36.882,39.238,41.308,44.719,48.939,54.409,53.198,48.526,43.872,39.081
29.284,29.177,26.059,25.176,26.110,29.927,37.357,43.263,45.256,41.472,36.272,37.128,35.295,35.996,37.004,39.346,41.405,44.806,49.016,54.441,53.233,48.613,43.972,39.198
29.470,29.380,26.273,25.405,26.337,30.124,37.492,43.341,45.316,41.573,36.404,37.265,35.441,36.138,37.135,39.455,41.496,44.877,49.046,54.445,53.242,48.635,44.036,39.304
29.644,29.589,26.514,25.644,26.577,30.352,37.648,43.415,45.382,41.668,36.484,37.327,35.586,36.262,37.235,39.505,41.518,44.907,49.069,54.449,53.264,48.685,44.096,39.393
29.778,29.693,26.620,25.768,26.697,30.450,37.720,43.493,45.456,41.734,36.594,37.448,35.672,36.349,37.323,39.621,41.640,44.964,49.101,54.471,53.270,48.725,44.164,39.483
29.943,29.859,26.810,25.964,26.886,30.608,37.823,43.550,45.498,41.807,36.709,37.556,35.792,36.465,37.432,39.711,41.714,45.014,49.118,54.478,53.291,48.742,44.217,39.573
30.048,29.980,26.925,26.087,27.011,30.721,37.920,43.625,45.561,41.899,36.811,37.668,35.894,36.571,37.535,39.804,41.799,45.106,49.187,54.479,53.294,48.790,44.286,39.659
30.191,30.149,27.104,26.267,27.192,30.888,38.052,43.710,45.634,42.007,36.921,37.775,36.029,36.701,37.656,39.893,41.871,45.194,49.257,54.505,53.315,48.854,44.366,39.761
30.323,30.294,27.227,26.423,27.363,31.048,38.171,43.799,45.724,42.095,36.996,37.880,36.129,36.792,37.729,39.982,41.959,45.231,49.275,54.536,53.351,48.886,44.417,39.835
30.457,30.433,27.337,26.563,27.514,31.181,38.285,43.904,45.823,42.204,37.119,38.038,36.242,36.910,37.841,40.117,42.098,45.328,49.340,54.587,53.406,48.935,44.496,39.936
30.550,30.556,27.465,26.697,27.656,31.323,38.387,43.958,45.877,42.269,37.154,38.073,36.326,36.979,37.892,40.144,42.110,45.344,49.357,54.602,53.415,48.972,44.532,39.985
30.668,30.740,27.638,26.888,27.869,31.544,38.550,44.039,45.961,42.370,37.178,38.111,36.444,37.074,37.951,40.164,42.111,45.358,49.376,54.624,53.419,49.018,44.570,40.040
30.785,30.900,27.801,27.053,28.042,31.711,38.683,44.115,46.026,42.474,37.260,38.194,36.567,37.190,38.052,40.226,42.152,45.433,49.438,54.644,53.424,49.073,44.634,40.122
30.900,31.029,27.900,27.178,28.178,31.832,38.791,44.209,46.113,42.579,37.371,38.339,36.672,37.301,38.159,40.347,42.273,45.531,49.507,54.688,53.467,49.120,44.707,40.214
30.984,31.097,27.984,27.248,28.239,31.898,38.870,44.305,46.212,42.666,37.467,38.416,36.758,37.387,38.252,40.438,42.367,45.632,49.621,54.813,53.596,49.241,44.818,40.314
31.103,31.183,28.107,27.358,28.329,31.968,38.922,44.359,46.256,42.719,37.581,38.506,36.843,37.474,38.349,40.532,42.456,45.702,49.675,54.843,53.642,49.296,44.895,40.406
31.190,31.266,28.212,27.443,28.401,32.032,38.994,44.431,46.315,42.804,37.697,38.601,36.938,37.578,38.464,40.625,42.541,45.821,49.787,54.910,53.706,49.386,44.992,40.506
31.314,31.392,28.336,27.580,28.538,32.152,39.089,44.507,46.383,42.889,37.802,38.716,37.040,37.681,38.564,40.725,42.636,45.896,49.838,54.936,53.737,49.430,45.060,40.594
31.437,31.556,28.515,27.748,28.708,32.322,39.234,44.600,46.467,43.008,37.898,38.797,37.178,37.811,38.682,40.795,42.684,45.995,49.936,54.994,53.779,49.525,45.153,40.696
31.533,31.682,28.621,27.872,28.848,32.465,39.354,44.688,46.558,43.104,37.956,38.876,37.273,37.898,38.752,40.861,42.745,46.050,49.989,55.053,53.830,49.585,45.213,40.765
31.639,31.824,28.767,28.019,29.000,32.612,39.472,44.759,46.620,43.197,38.031,38.952,37.384,38.002,38.844,40.920,42.787,46.119,50.048,55.078,53.843,49.639,45.274,40.842
31.733,31.916,28.865,28.118,29.095,32.696,39.545,44.822,46.676,43.267,38.122,39.041,37.466,38.087,38.931,41.002,42.864,46.193,50.108,55.114,53.882,49.691,45.341,40.919
31.847,31.982,28.976,28.207,29.157,32.738,39.585,44.884,46.728,43.321,38.252,39.135,37.549,38.176,39.039,41.109,42.971,46.285,50.190,55.174,53.962,49.772,45.439,41.024
31.939,32.090,29.072,28.317,29.273,32.843,39.669,44.945,46.782,43.395,38.328,39.227,37.632,38.260,39.116,41.183,43.039,46.346,50.230,55.190,53.975,49.800,45.486,41.089
32.022,32.191,29.145,28.410,29.379,32.946,39.767,45.032,46.867,43.489,38.406,39.333,37.718,38.347,39.196,41.272,43.129,46.426,50.297,55.250,54.030,49.855,45.551,41.162
32.134,32.339,29.263,28.551,29.539,33.103,39.904,45.137,46.969,43.609,38.494,39.452,37.834,38.461,39.295,41.368,43.221,46.515,50.371,55.312,54.081,49.920,45.625,41.251
32.217,32.418,29.359,28.634,29.613,33.179,39.984,45.217,47.048,43.690,38.583,39.522,37.921,38.548,39.386,41.446,43.294,46.606,50.469,55.402,54.171,50.019,45.720,41.341
32.320,32.495,29.470,28.721,29.682,33.246,40.059,45.309,47.138,43.775,38.700,39.607,38.018,38.646,39.496,41.548,43.395,46.716,50.587,55.519,54.296,50.145,45.840,41.455
32.440,32.659,29.628,28.883,29.853,33.413,40.204,45.405,47.224,43.900,38.800,39.715,38.153,38.778,39.616,41.633,43.463,46.822,50.682,55.568,54.328,50.223,45.926,41.554
32.537,32.789,29.717,29.008,29.999,33.548,40.312,45.480,47.294,43.990,38.869,39.827,38.242,38.866,39.688,41.715,43.543,46.877,50.708,55.578,54.332,50.235,45.961,41.613
32.673,32.874,29.855,29.124,30.085,33.606,40.353,45.534,47.334,44.039,39.010,39.931,38.332,38.963,39.803,41.827,43.650,46.961,50.771,55.606,54.383,50.296,46.051,41.721
32.861,33.080,30.038,29.341,30.313,33.810,40.513,45.655,47.444,44.174,39.156,40.110,38.488,39.118,39.944,41.975,43.792,47.062,50.833,55.639,54.419,50.348,46.140,41.845
32.957,33.174,30.114,29.426,30.401,33.885,40.599,45.751,47.532,44.279,39.284,40.257,38.586,39.229,40.063,42.107,43.928,47.193,50.940,55.714,54.494,50.422,46.235,41.949
33.048,33.297,30.203,29.538,30.532,34.024,40.731,45.864,47.650,44.397,39.355,40.357,38.689,39.327,40.146,42.195,44.016,47.278,51.025,55.814,54.584,50.509,46.318,42.033
33.138,33.374,30.291,29.629,30.620,34.104,40.791,45.919,47.704,44.445,39.421,40.419,38.754,39.388,40.205,42.258,44.079,47.314,51.055,55.850,54.629,50.552,46.370,42.095
33.250,33.487,30.424,29.752,30.736,34.214,40.887,45.999,47.780,44.532,39.519,40.502,38.858,39.489,40.305,42.341,44.154,47.398,51.137,55.915,54.695,50.637,46.459,42.190
33.348,33.573,30.545,29.847,30.815,34.293,40.970,46.084,47.859,44.619,39.628,40.578,38.959,39.590,40.416,42.428,44.233,47.507,51.254,56.015,54.796,50.755,46.572,42.298
33.478,33.708,30.688,30.003,30.972,34.434,41.066,46.147,47.917,44.686,39.706,40.659,39.055,39.678,40.492,42.499,44.296,47.538,51.269,56.021,54.808,50.784,46.619,42.370
33.584,33.847,30.800,30.138,31.124,34.580,41.188,46.234,48.000,44.789,39.784,40.765,39.159,39.779,40.579,42.582,44.373,47.610,51.322,56.057,54.836,50.827,46.677,42.444
33.729,33.972,30.933,30.287,31.269,34.707,41.279,46.315,48.080,44.860,39.885,40.871,39.256,39.871,40.665,42.685,44.477,47.655,51.349,56.095,54.891,50.874,46.746,42.535
33.868,34.114,31.081,30.433,31.410,34.829,41.392,46.414,48.164,44.977,40.036,41.021,39.389,40.012,40.811,42.819,44.602,47.791,51.459,56.151,54.947,50.956,46.853,42.659
34.030,34.283,31.236,30.611,31.598,35.012,41.545,46.549,48.302,45.108,40.155,41.161,39.528,40.143,40.929,42.950,44.735,47.882,51.541,56.252,55.052,51.054,46.960,42.781
34.170,34.463,31.414,30.798,31.794,35.201,41.695,46.643,48.389,45.225,40.248,41.260,39.665,40.271,41.039,43.029,44.797,47.961,51.608,56.288,55.076,51.120,47.037,42.877
34.289,34.576,31.529,30.917,31.911,35.305,41.789,46.733,48.472,45.318,40.365,41.380,39.768,40.378,41.148,43.142,44.908,48.058,51.688,56.350,55.144,51.192,47.126,42.979
34.385,34.670,31.591,31.000,32.005,35.403,41.899,46.861,48.608,45.437,40.472,41.516,39.867,40.480,41.249,43.273,45.052,48.174,51.801,56.487,55.282,51.301,47.236,43.085
34.493,34.811,31.721,31.144,32.163,35.563,42.027,46.949,48.697,45.533,40.529,41.586,39.971,40.572,41.322,43.333,45.102,48.223,51.849,56.540,55.327,51.364,47.297,43.157
34.620,34.975,31.840,31.297,32.339,35.736,42.184,47.077,48.824,45.675,40.637,41.739,40.103,40.703,41.437,43.458,45.227,48.332,51.938,56.621,55.399,51.439,47.386,43.262
34.762,35.151,31.980,31.468,32.532,35.928,42.350,47.211,48.960,45.818,40.739,41.878,40.242,40.835,41.549,43.576,45.343,48.430,52.023,56.712,55.481,51.526,47.481,43.371
34.892,35.212,32.082,31.544,32.580,35.969,42.416,47.335,49.087,45.913,40.905,42.007,40.346,40.947,41.686,43.736,45.517,48.574,52.176,56.886,55.680,51.691,47.645,43.523
35.054,35.420,32.247,31.748,32.810,36.190,42.599,47.469,49.216,46.067,41.022,42.170,40.501,41.098,41.814,43.865,45.638,48.677,52.252,56.945,55.729,51.757,47.732,43.636
35.211,35.582,32.415,31.919,32.980,36.349,42.737,47.588,49.329,46.193,41.159,42.307,40.644,41.239,41.951,43.993,45.760,48.793,52.356,57.030,55.815,51.859,47.848,43.766
35.402,35.738,32.565,32.078,33.134,36.492,42.891,47.776,49.516,46.366,41.373,42.529,40.814,41.418,42.142,44.218,45.999,48.989,52.537,57.220,56.021,52.034,48.039,43.960
35.558,35.837,32.682,32.188,33.224,36.564,42.979,47.911,49.648,46.484,41.567,42.711,40.941,41.558,42.304,44.411,46.204,49.154,52.687,57.367,56.190,52.175,48.200,44.125
35.742,36.147,32.907,32.470,33.566,36.928,43.293,48.123,49.868,46.732,41.659,42.880,41.165,41.759,42.450,44.532,46.308,49.283,52.815,57.504,56.284,52.308,48.320,44.260
35.931,36.232,33.075,32.585,33.632,36.988,43.385,48.293,50.040,46.862,41.893,43.038,41.318,41.919,42.648,44.743,46.532,49.485,53.040,57.756,56.572,52.559,48.563,44.481
36.096,36.393,33.262,32.756,33.794,37.154,43.544,48.446,50.194,47.012,42.043,43.164,41.480,42.074,42.803,44.881,46.664,49.630,53.199,57.921,56.738,52.736,48.728,44.642
36.245,36.519,33.411,32.880,33.904,37.271,43.689,48.620,50.370,47.177,42.226,43.320,41.640,42.238,42.981,45.056,46.843,49.829,53.415,58.143,56.964,52.953,48.931,44.827
36.483,36.610,33.621,33.005,33.960,37.339,43.822,48.880,50.645,47.370,42.536,43.514,41.847,42.451,43.248,45.343,47.153,50.124,53.771,58.572,57.438,53.362,49.299,45.143
36.722,36.740,33.829,33.158,34.049,37.395,43.959,49.109,50.873,47.562,42.850,43.755,42.056,42.676,43.519,45.633,47.459,50.414,54.077,58.888,57.790,53.676,49.611,45.432
36.938,36.747,33.968,33.229,34.061,37.429,43.964,49.267,51.041,47.628,43.120,43.912,42.167,42.798,43.705,45.884,47.746,50.588,54.279,59.175,58.157,53.942,49.878,45.672
37.109,36.896,34.135,33.379,34.125,37.497,44.182,49.516,51.303,47.865,43.324,44.104,42.374,43.005,43.917,46.098,47.968,50.843,54.570,59.501,58.476,54.241,50.140,45.902
37.349,36.915,34.257,33.404,34.198,37.572,44.222,49.794,51.603,48.023,43.707,44.353,42.539,43.195,44.201,46.475,48.404,51.180,54.967,60.021,59.083,54.697,50.567,46.260
37.602,37.283,34.558,33.754,34.532,37.923,44.614,50.085,51.895,48.364,43.901,44.621,42.851,43.493,44.451,46.689,48.598,51.429,55.207,60.236,59.249,54.917,50.778,46.486
37.919,37.567,34.813,34.054,34.831,38.167,44.829,50.308,52.095,48.592,44.228,44.995,43.104,43.767,44.734,47.023,48.941,51.678,55.377,60.347,59.385,55.040,50.981,46.741
38.218,37.707,35.048,34.232,34.951,38.291,45.002,50.614,52.423,48.816,44.573,45.253,43.342,44.007,45.021,47.368,49.321,51.978,55.725,60.801,59.897,55.455,51.368,47.087
38.585,38.026,35.410,34.558,35.264,38.654,45.397,51.065,52.914,49.208,44.917,45.544,43.713,44.355,45.371,47.732,49.703,52.350,56.185,61.405,60.513,56.006,51.842,47.503
39.227,38.565,35.967,35.158,35.859,39.229,45.902,51.611,53.490,49.668,45.431,46.067,44.215,44.830,45.832,48.293,50.298,52.723,56.561,61.939,61.111,56.495,52.346,48.029
39.922,38.952,36.585,35.627,36.187,39.544,46.319,52.271,54.164,50.203,46.264,46.688,44.805,45.441,46.555,49.072,51.123,53.470,57.380,62.858,62.135,57.395,53.216,48.829
40.654,39.339,37.110,36.047,36.469,39.761,46.726,53.016,54.887,50.845,47.332,47.629,45.451,46.179,47.453,50.114,52.242,54.478,58.358,63.812,63.203,58.300,54.179,49.747
41.938,40.281,37.995,36.994,37.414,40.789,47.907,54.602,56.625,52.123,48.633,48.972,46.589,47.297,48.609,51.656,53.972,55.740,59.777,65.844,65.376,59.972,55.727,51.157
43.996,41.385,39.685,38.281,38.300,41.637,49.165,56.706,58.774,53.831,51.258,51.044,48.373,49.189,50.865,54.187,56.689,58.176,62.402,68.782,68.632,62.760,58.442,53.643
