-2.340,-7.563,-12.308,-13.817,-8.092,-10.690,2.179,14.541,17.613,6.304,3.547,8.472,6.747,8.184,5.430,1.449,-0.854,6.994,13.573,23.754,25.054,19.816,18.927,13.668
14.974,12.230,9.869,8.653,10.428,9.960,18.464,28.734,30.790,23.090,20.719,22.530,20.502,20.716,18.373,16.277,15.440,21.861,26.862,34.670,36.513,31.366,30.878,26.607
18.289,15.931,14.102,13.031,14.008,14.867,22.702,31.936,34.166,27.029,24.018,26.329,24.694,25.043,23.052,20.555,19.028,24.285,29.050,37.279,38.549,34.301,33.453,29.115
20.559,18.424,16.819,15.832,16.457,17.584,24.994,33.846,35.956,29.236,26.230,28.263,26.650,26.918,25.052,22.716,21.287,26.240,30.809,38.793,40.002,35.875,34.977,30.717
22.298,20.292,18.810,17.844,18.353,19.558,26.607,35.077,37.149,30.709,27.755,29.798,28.281,28.547,26.748,24.444,22.987,27.688,32.075,39.819,40.963,37.068,36.212,32.125
23.197,21.344,20.047,19.119,19.322,20.893,27.702,35.940,38.025,31.786,28.689,30.733,29.275,29.526,27.806,25.472,23.916,28.354,32.667,40.471,41.520,37.786,36.856,32.757
24.167,22.294,20.956,20.056,20.340,21.774,28.573,36.757,38.768,32.589,29.594,31.511,30.031,30.267,28.573,26.332,24.886,29.335,33.601,41.240,42.299,38.529,37.603,33.541
24.789,22.959,21.660,20.768,21.008,22.462,29.152,37.234,39.227,33.136,30.162,32.057,30.596,30.824,29.148,26.931,25.493,29.877,34.090,41.650,42.698,38.980,38.067,34.054
25.669,23.943,22.723,21.831,21.940,23.354,29.842,37.892,39.804,33.874,31.009,32.672,31.157,31.300,29.610,27.551,26.276,30.698,34.831,42.179,43.322,39.524,38.684,34.757
26.147,24.482,23.332,22.475,22.454,23.996,30.405,38.379,40.256,34.429,31.529,33.088,31.566,31.683,30.039,28.023,26.776,31.109,35.210,42.544,43.659,39.869,38.979,35.024
26.673,25.064,23.957,23.099,23.019,24.538,30.818,38.736,40.576,34.847,32.007,33.476,31.944,32.025,30.378,28.431,27.250,31.578,35.623,42.831,43.984,40.188,39.343,35.453
27.078,25.479,24.398,23.571,23.462,25.098,31.352,39.134,40.984,35.304,32.398,33.929,32.447,32.559,30.971,28.976,27.718,31.898,35.918,43.168,44.229,40.544,39.632,35.721
27.436,25.845,24.775,23.967,23.858,25.518,31.729,39.409,41.249,35.621,32.712,34.260,32.807,32.933,31.378,29.376,28.097,32.197,36.182,43.398,44.416,40.796,39.865,35.972
27.792,26.220,25.174,24.385,24.244,25.963,32.133,39.727,41.561,35.984,33.054,34.604,33.173,33.305,31.784,29.777,28.477,32.497,36.455,43.664,44.641,41.074,40.113,36.221
28.110,26.535,25.496,24.737,24.597,26.382,32.538,40.017,41.850,36.314,33.347,34.938,33.546,33.706,32.235,30.197,28.847,32.753,36.686,43.907,44.810,41.329,40.315,36.412
28.427,26.881,25.873,25.121,24.943,26.770,32.860,40.263,42.092,36.610,33.638,35.230,33.858,34.018,32.565,30.529,29.165,33.010,36.911,44.106,44.988,41.554,40.536,36.653
28.647,27.131,26.159,25.414,25.193,27.084,33.101,40.410,42.245,36.819,33.825,35.453,34.113,34.281,32.851,30.795,29.391,33.155,37.024,44.208,45.056,41.696,40.670,36.810
28.870,27.374,26.423,25.688,25.447,27.363,33.322,40.552,42.379,37.005,34.013,35.643,34.324,34.496,33.086,31.032,29.618,33.322,37.159,44.307,45.132,41.820,40.789,36.952
29.069,27.536,26.547,25.818,25.654,27.533,33.532,40.724,42.560,37.163,34.173,35.866,34.572,34.773,33.376,31.291,29.844,33.522,37.357,44.507,45.298,42.030,40.986,37.154
29.328,27.802,26.819,26.105,25.943,27.821,33.786,40.912,42.729,37.377,34.401,36.072,34.789,34.991,33.617,31.549,30.113,33.746,37.552,44.654,45.425,42.184,41.130,37.312
29.504,27.975,26.995,26.291,26.136,28.045,34.003,41.069,42.892,37.554,34.558,36.271,35.013,35.233,33.881,31.787,30.314,33.889,37.683,44.797,45.529,42.342,41.266,37.448
29.745,28.249,27.321,26.640,26.401,28.472,34.383,41.339,43.185,37.896,34.814,36.586,35.372,35.613,34.308,32.160,30.602,34.040,37.818,45.005,45.660,42.572,41.437,37.592
30.040,28.525,27.572,26.909,26.734,28.738,34.637,41.518,43.334,38.081,35.045,36.798,35.597,35.846,34.566,32.443,30.910,34.316,38.059,45.160,45.794,42.733,41.593,37.778
30.160,28.627,27.654,26.993,26.844,28.830,34.769,41.674,43.488,38.211,35.176,36.928,35.720,35.974,34.693,32.568,31.040,34.463,38.218,45.332,45.965,42.888,41.740,37.910
30.256,28.705,27.719,27.061,26.935,28.932,34.903,41.803,43.631,38.331,35.275,37.067,35.872,36.142,34.868,32.715,31.156,34.563,38.330,45.479,46.090,43.033,41.868,38.023
30.343,28.781,27.786,27.135,27.018,29.028,35.028,41.931,43.762,38.448,35.377,37.178,35.985,36.262,34.996,32.832,31.262,34.660,38.437,45.612,46.208,43.153,41.969,38.105
30.599,29.076,28.119,27.480,27.316,29.352,35.259,42.072,43.880,38.650,35.595,37.357,36.176,36.442,35.198,33.063,31.510,34.847,38.576,45.682,46.267,43.249,42.068,38.238
30.760,29.258,28.327,27.694,27.489,29.579,35.450,42.220,44.030,38.832,35.756,37.523,36.353,36.619,35.390,33.249,31.677,34.970,38.686,45.798,46.364,43.377,42.183,38.353
30.873,29.390,28.479,27.839,27.607,29.713,35.544,42.300,44.116,38.935,35.858,37.636,36.472,36.735,35.499,33.355,31.774,35.059,38.765,45.869,46.442,43.470,42.292,38.480
31.095,29.619,28.706,28.084,27.858,29.928,35.731,42.449,44.225,39.094,36.058,37.755,36.580,36.827,35.610,33.519,31.996,35.270,38.947,45.972,46.547,43.559,42.376,38.578
31.252,29.802,28.910,28.281,28.024,30.088,35.839,42.551,44.318,39.218,36.202,37.870,36.688,36.920,35.693,33.626,32.126,35.409,39.069,46.054,46.652,43.656,42.499,38.727
31.416,29.977,29.093,28.472,28.194,30.255,35.994,42.711,44.458,39.380,36.378,37.987,36.788,37.004,35.781,33.747,32.285,35.577,39.230,46.187,46.798,43.773,42.613,38.838
31.561,30.116,29.226,28.610,28.344,30.400,36.144,42.846,44.589,39.515,36.516,38.125,36.930,37.149,35.934,33.901,32.438,35.719,39.368,46.319,46.920,43.903,42.735,38.960
31.675,30.232,29.346,28.737,28.465,30.544,36.287,42.967,44.711,39.645,36.632,38.250,37.062,37.288,36.084,34.041,32.566,35.820,39.467,46.429,47.013,44.013,42.831,39.049
31.793,30.352,29.466,28.847,28.586,30.639,36.359,43.032,44.779,39.717,36.722,38.355,37.173,37.398,36.184,34.142,32.666,35.929,39.566,46.503,47.098,44.108,42.949,39.193
31.931,30.488,29.597,28.983,28.743,30.778,36.479,43.108,44.851,39.806,36.825,38.470,37.302,37.535,36.330,34.287,32.807,36.046,39.665,46.569,47.152,44.190,43.034,39.298
32.045,30.606,29.716,29.100,28.864,30.883,36.567,43.185,44.922,39.890,36.923,38.560,37.393,37.623,36.417,34.383,32.912,36.152,39.762,46.641,47.229,44.269,43.124,39.402
32.164,30.723,29.832,29.220,28.982,31.009,36.703,43.322,45.057,40.024,37.051,38.683,37.514,37.745,36.543,34.510,33.039,36.275,39.887,46.774,47.357,44.395,43.240,39.509
32.313,30.883,30.001,29.381,29.138,31.155,36.814,43.417,45.155,40.136,37.176,38.817,37.654,37.883,36.674,34.643,33.171,36.405,40.005,46.867,47.459,44.510,43.375,39.670
32.423,31.018,30.161,29.542,29.257,31.299,36.915,43.502,45.233,40.246,37.287,38.905,37.740,37.957,36.750,34.732,33.269,36.491,40.078,46.924,47.522,44.576,43.447,39.751
32.534,31.143,30.303,29.689,29.380,31.457,37.044,43.591,45.324,40.362,37.389,39.018,37.866,38.086,36.890,34.865,33.385,36.570,40.144,46.990,47.571,44.655,43.519,39.827
32.612,31.212,30.363,29.757,29.464,31.543,37.143,43.673,45.404,40.441,37.464,39.099,37.953,38.181,36.997,34.966,33.479,36.646,40.218,47.069,47.633,44.728,43.577,39.878
32.729,31.313,30.444,29.830,29.578,31.602,37.214,43.757,45.488,40.509,37.558,39.202,38.055,38.286,37.090,35.062,33.584,36.779,40.352,47.178,47.756,44.844,43.712,40.031
32.851,31.438,30.570,29.964,29.713,31.729,37.329,43.851,45.567,40.609,37.671,39.288,38.138,38.365,37.179,35.168,33.709,36.893,40.454,47.251,47.826,44.913,43.777,40.101
33.018,31.596,30.715,30.117,29.883,31.876,37.494,44.021,45.722,40.765,37.840,39.426,38.267,38.491,37.310,35.318,33.883,37.076,40.635,47.415,47.991,45.059,43.915,40.232
33.128,31.706,30.825,30.228,29.986,31.979,37.608,44.158,45.856,40.893,37.968,39.534,38.364,38.581,37.397,35.414,33.992,37.201,40.769,47.555,48.140,45.186,44.040,40.348
33.250,31.818,30.924,30.320,30.113,32.069,37.693,44.229,45.930,40.962,38.056,39.649,38.489,38.714,37.526,35.535,34.107,37.318,40.878,47.641,48.226,45.290,44.160,40.490
33.359,31.922,31.023,30.420,30.233,32.179,37.793,44.298,46.002,41.040,38.139,39.756,38.611,38.845,37.662,35.662,34.219,37.411,40.961,47.711,48.284,45.375,44.247,40.591
33.469,32.050,31.161,30.545,30.337,32.261,37.850,44.388,46.086,41.130,38.252,39.836,38.674,38.890,37.686,35.710,34.298,37.531,41.079,47.802,48.412,45.470,44.372,40.734
33.578,32.184,31.323,30.707,30.454,32.415,37.960,44.476,46.174,41.248,38.361,39.936,38.777,38.986,37.784,35.813,34.398,37.610,41.145,47.864,48.474,45.544,44.450,40.819
33.666,32.271,31.404,30.779,30.535,32.461,38.007,44.554,46.248,41.314,38.447,40.006,38.835,39.034,37.817,35.860,34.467,37.717,41.256,47.956,48.591,45.635,44.561,40.941
33.765,32.371,31.505,30.882,30.636,32.567,38.110,44.650,46.344,41.413,38.545,40.105,38.935,39.136,37.922,35.964,34.568,37.811,41.348,48.048,48.679,45.728,44.652,41.031
33.856,32.455,31.587,30.976,30.731,32.691,38.251,44.769,46.465,41.534,38.645,40.216,39.055,39.266,38.069,36.098,34.684,37.895,41.434,48.158,48.763,45.830,44.726,41.086
33.976,32.566,31.690,31.084,30.854,32.810,38.384,44.893,46.588,41.653,38.762,40.340,39.183,39.399,38.209,36.234,34.815,38.017,41.557,48.283,48.877,45.951,44.838,41.193
34.110,32.714,31.854,31.245,30.994,32.965,38.507,44.997,46.693,41.777,38.886,40.466,39.314,39.528,38.337,36.362,34.940,38.129,41.658,48.375,48.970,46.057,44.952,41.320
34.206,32.821,31.972,31.363,31.091,33.078,38.606,45.097,46.792,41.886,38.989,40.561,39.407,39.616,38.425,36.453,35.032,38.218,41.746,48.464,49.062,46.148,45.043,41.411
34.292,32.909,32.061,31.454,31.180,33.171,38.696,45.179,46.873,41.971,39.074,40.643,39.490,39.699,38.511,36.541,35.121,38.301,41.826,48.541,49.136,46.224,45.116,41.483
34.441,33.054,32.196,31.591,31.346,33.294,38.801,45.255,46.936,42.052,39.186,40.746,39.598,39.808,38.624,36.669,35.264,38.439,41.945,48.610,49.206,46.305,45.209,41.601
34.544,33.161,32.310,31.711,31.451,33.425,38.931,45.372,47.055,42.178,39.297,40.860,39.716,39.927,38.751,36.790,35.376,38.533,42.038,48.717,49.301,46.409,45.301,41.685
34.648,33.275,32.434,31.834,31.551,33.536,39.034,45.491,47.168,42.297,39.416,40.954,39.800,40.001,38.822,36.873,35.473,38.640,42.148,48.826,49.422,46.512,45.405,41.784
34.767,33.399,32.556,31.949,31.671,33.621,39.105,45.577,47.247,42.380,39.525,41.041,39.876,40.068,38.876,36.947,35.572,38.768,42.270,48.916,49.535,46.605,45.521,41.918
34.855,33.495,32.662,32.057,31.763,33.726,39.198,45.663,47.331,42.475,39.617,41.123,39.958,40.146,38.957,37.033,35.660,38.848,42.346,48.990,49.608,46.679,45.592,41.988
34.973,33.607,32.760,32.143,31.878,33.784,39.250,45.733,47.398,42.534,39.709,41.215,40.045,40.230,39.023,37.109,35.754,38.978,42.474,49.082,49.724,46.782,45.727,42.150
35.102,33.734,32.882,32.263,32.009,33.886,39.348,45.838,47.494,42.633,39.829,41.315,40.137,40.317,39.105,37.207,35.873,39.115,42.606,49.188,49.843,46.886,45.841,42.274
35.215,33.855,33.010,32.392,32.119,34.006,39.464,45.967,47.619,42.763,39.956,41.420,40.234,40.405,39.192,37.304,35.982,39.232,42.725,49.308,49.972,46.999,45.953,42.380
35.363,34.010,33.168,32.550,32.268,34.131,39.581,46.106,47.740,42.896,40.112,41.522,40.316,40.470,39.251,37.397,36.116,39.394,42.884,49.436,50.123,47.113,46.078,42.508
35.542,34.179,33.318,32.698,32.450,34.257,39.711,46.244,47.867,43.020,40.270,41.662,40.449,40.600,39.374,37.539,36.284,39.588,43.073,49.585,50.286,47.261,46.241,42.688
35.659,34.287,33.418,32.792,32.553,34.343,39.820,46.391,48.016,43.147,40.401,41.787,40.564,40.711,39.473,37.641,36.395,39.731,43.229,49.751,50.468,47.417,46.404,42.844
35.797,34.432,33.569,32.947,32.691,34.495,39.972,46.549,48.168,43.306,40.555,41.919,40.688,40.829,39.594,37.772,36.537,39.872,43.371,49.897,50.615,47.552,46.531,42.961
35.935,34.588,33.739,33.113,32.831,34.630,40.076,46.662,48.273,43.429,40.693,42.024,40.782,40.908,39.665,37.865,36.654,40.005,43.497,49.997,50.737,47.655,46.651,43.094
36.109,34.781,33.957,33.344,33.013,34.870,40.299,46.864,48.466,43.651,40.893,42.193,40.948,41.067,39.841,38.049,36.841,40.159,43.646,50.158,50.884,47.805,46.776,43.200
36.237,34.911,34.090,33.482,33.149,35.016,40.435,46.975,48.576,43.773,41.012,42.316,41.078,41.201,39.984,38.190,36.975,40.272,43.750,50.258,50.972,47.909,46.873,43.299
36.346,35.025,34.209,33.598,33.263,35.130,40.534,47.061,48.664,43.869,41.109,42.424,41.193,41.316,40.099,38.301,37.080,40.369,43.841,50.341,51.055,48.005,46.976,43.412
36.485,35.163,34.341,33.725,33.392,35.232,40.644,47.208,48.806,44.000,41.257,42.545,41.297,41.410,40.179,38.399,37.203,40.531,44.011,50.500,51.238,48.153,47.138,43.576
36.596,35.262,34.419,33.794,33.493,35.265,40.695,47.310,48.895,44.071,41.366,42.618,41.348,41.449,40.199,38.447,37.294,40.682,44.169,50.624,51.397,48.264,47.273,43.721
36.733,35.407,34.576,33.963,33.629,35.441,40.880,47.501,49.078,44.263,41.538,42.757,41.476,41.570,40.331,38.589,37.446,40.823,44.315,50.792,51.557,48.408,47.393,43.813
36.919,35.575,34.721,34.097,33.801,35.558,41.025,47.689,49.267,44.421,41.720,42.939,41.648,41.741,40.484,38.746,37.618,41.044,44.548,51.015,51.803,48.627,47.631,44.058
37.114,35.782,34.941,34.322,34.000,35.771,41.224,47.886,49.454,44.626,41.926,43.110,41.810,41.892,40.639,38.920,37.811,41.234,44.733,51.190,51.983,48.793,47.792,44.215
37.336,36.041,35.243,34.632,34.224,36.088,41.505,48.155,49.724,44.929,42.189,43.349,42.046,42.116,40.875,39.157,38.038,41.426,44.923,51.415,52.199,49.013,47.992,44.392
37.519,36.224,35.427,34.817,34.416,36.278,41.681,48.303,49.873,45.089,42.351,43.528,42.237,42.313,41.076,39.352,38.223,41.591,45.078,51.558,52.333,49.170,48.151,44.563
37.689,36.400,35.610,35.007,34.587,36.470,41.876,48.500,50.063,45.287,42.541,43.691,42.392,42.462,41.233,39.520,38.401,41.763,45.252,51.738,52.510,49.335,48.301,44.698
37.906,36.638,35.875,35.277,34.809,36.745,42.124,48.731,50.295,45.542,42.774,43.916,42.620,42.685,41.465,39.750,38.621,41.956,45.440,51.942,52.705,49.541,48.496,44.885
38.126,36.876,36.132,35.540,35.039,37.007,42.359,48.941,50.498,45.774,42.998,44.122,42.827,42.886,41.676,39.969,38.843,42.153,45.626,52.122,52.878,49.723,48.670,45.058
38.387,37.168,36.452,35.855,35.291,37.272,42.593,49.223,50.766,46.061,43.295,44.342,43.016,43.043,41.817,40.152,39.074,42.425,45.901,52.381,53.179,49.967,48.930,45.315
38.611,37.398,36.683,36.083,35.504,37.470,42.797,49.473,51.006,46.296,43.543,44.544,43.193,43.203,41.964,40.325,39.283,42.676,46.160,52.633,53.460,50.200,49.174,45.553
38.835,37.647,36.957,36.361,35.731,37.724,43.022,49.705,51.223,46.542,43.791,44.733,43.366,43.356,42.118,40.509,39.498,42.894,46.372,52.831,53.673,50.387,49.359,45.732
39.147,37.985,37.325,36.745,36.053,38.109,43.382,50.045,51.549,46.907,44.134,45.027,43.653,43.629,42.411,40.820,39.821,43.184,46.654,53.120,53.951,50.660,49.606,45.958
39.429,38.277,37.635,37.064,36.306,38.432,43.750,50.489,51.988,47.328,44.512,45.341,43.931,43.887,42.670,41.096,40.119,43.506,47.012,53.549,54.391,51.033,49.943,46.229
39.731,38.579,37.941,37.385,36.608,38.768,44.104,50.843,52.333,47.679,44.845,45.644,44.227,44.180,42.979,41.412,40.442,43.813,47.325,53.882,54.709,51.341,50.220,46.477
40.032,38.897,38.275,37.725,36.888,39.068,44.425,51.246,52.712,48.059,45.222,45.912,44.446,44.364,43.155,41.639,40.734,44.159,47.693,54.263,55.128,51.667,50.536,46.752
40.423,39.296,38.692,38.144,37.236,39.489,44.904,51.831,53.301,48.610,45.725,46.357,44.849,44.745,43.527,42.020,41.134,44.606,48.188,54.850,55.736,52.194,51.032,47.174
40.872,39.839,39.339,38.788,37.628,40.068,45.452,52.546,54.006,49.336,46.375,46.829,45.235,45.051,43.806,42.364,41.549,45.094,48.726,55.497,56.460,52.764,51.583,47.631
41.325,40.309,39.836,39.290,38.058,40.574,45.981,53.131,54.591,49.914,46.909,47.316,45.697,45.496,44.251,42.817,42.011,45.567,49.227,56.064,57.033,53.291,52.082,48.078
41.966,40.986,40.543,39.990,38.667,41.199,46.601,53.871,55.308,50.633,47.637,47.912,46.229,45.975,44.700,43.334,42.613,46.261,49.946,56.785,57.827,53.964,52.771,48.737
42.560,41.602,41.207,40.683,39.229,41.962,47.424,54.740,56.189,51.502,48.383,48.620,46.917,46.654,45.413,44.023,43.269,46.868,50.601,57.607,58.608,54.714,53.424,49.267
43.576,42.634,42.246,41.722,40.221,42.920,48.400,55.832,57.240,52.554,49.472,49.552,47.779,47.465,46.200,44.896,44.253,47.954,51.708,58.682,59.755,55.726,54.449,50.266
44.657,43.810,43.547,43.055,41.223,44.255,49.784,57.418,58.814,54.134,50.882,50.732,48.852,48.455,47.202,45.953,45.368,49.100,52.946,60.159,61.263,57.045,55.651,51.261
46.334,45.464,45.284,44.916,42.824,46.541,52.372,59.986,61.477,56.700,52.968,52.952,51.117,50.800,49.725,48.246,47.369,50.764,54.771,62.627,63.434,59.319,57.520,52.708
48.209,47.128,46.834,46.584,44.584,48.736,55.144,62.805,64.423,59.344,55.179,55.476,53.716,53.569,52.662,50.862,49.638,52.777,57.008,65.548,66.011,62.015,59.796,54.545
