15.736,13.459,12.544,10.890,14.161,14.849,21.892,37.150,40.907,27.158,24.581,19.095,18.122,20.748,26.862,33.830,40.520,47.352,49.540,40.805,28.378,20.954,15.181,10.360
26.254,24.610,23.832,23.163,25.006,25.972,31.686,42.404,43.736,34.636,31.099,27.552,27.850,29.242,34.262,39.705,45.136,49.769,49.984,44.428,36.214,29.939,27.056,22.230
29.585,28.115,27.448,26.949,28.275,29.308,34.532,43.654,44.571,36.735,33.277,30.388,30.836,31.907,36.335,41.230,46.043,50.158,50.010,45.339,38.421,32.649,30.499,26.080
30.576,29.203,28.521,28.164,29.418,30.429,35.461,44.147,44.761,37.528,33.963,31.243,31.831,32.771,37.118,41.789,46.473,50.264,50.015,45.619,39.152,33.549,31.680,27.203
31.221,29.936,29.230,28.904,30.302,31.157,35.918,44.469,45.106,38.193,34.856,32.115,32.607,33.562,37.796,42.198,46.707,50.292,50.208,45.885,39.542,34.241,32.274,27.930
32.090,30.861,30.167,29.837,31.288,32.049,36.584,44.940,45.619,38.921,35.795,33.075,33.495,34.460,38.553,42.759,47.103,50.357,50.265,46.327,40.115,35.074,33.058,28.898
32.524,31.339,30.603,30.353,31.800,32.521,37.054,45.291,45.920,39.480,36.340,33.689,34.056,34.964,39.027,43.102,47.353,50.430,50.354,46.635,40.581,35.536,33.563,29.352
32.938,31.780,31.018,30.806,32.216,32.906,37.464,45.561,46.252,39.972,36.906,34.340,34.574,35.443,39.417,43.370,47.479,50.507,50.545,46.929,41.003,35.943,33.961,29.799
33.389,32.245,31.499,31.282,32.629,33.312,37.825,45.732,46.478,40.293,37.329,34.845,35.006,35.854,39.711,43.577,47.558,50.599,50.707,47.115,41.313,36.317,34.353,30.316
33.782,32.639,31.925,31.698,32.973,33.688,38.151,45.904,46.612,40.476,37.516,35.091,35.298,36.126,39.924,43.784,47.731,50.804,50.859,47.262,41.561,36.617,34.736,30.764
34.089,32.954,32.236,32.023,33.240,33.957,38.446,46.078,46.827,40.769,37.848,35.497,35.631,36.429,40.158,43.960,47.816,50.908,51.025,47.455,41.850,36.887,35.025,31.100
34.390,33.251,32.578,32.327,33.476,34.220,38.636,46.116,46.877,40.814,37.954,35.650,35.807,36.604,40.249,44.047,47.854,51.020,51.098,47.492,41.958,37.080,35.266,31.466
34.706,33.560,32.922,32.665,33.705,34.507,38.912,46.219,46.927,40.905,38.007,35.787,36.005,36.767,40.358,44.174,47.956,51.196,51.124,47.570,42.155,37.285,35.590,31.835
34.835,33.707,33.062,32.840,33.899,34.697,39.055,46.342,46.936,41.021,38.049,35.825,36.129,36.872,40.501,44.303,48.120,51.242,51.169,47.623,42.260,37.423,35.795,31.969
35.035,33.903,33.268,33.050,34.039,34.865,39.250,46.435,46.975,41.142,38.161,35.998,36.295,37.012,40.600,44.398,48.177,51.259,51.226,47.681,42.431,37.568,35.993,32.194
35.145,34.022,33.391,33.186,34.166,34.997,39.348,46.480,47.027,41.200,38.192,36.042,36.382,37.087,40.674,44.462,48.245,51.353,51.250,47.719,42.496,37.661,36.131,32.320
35.319,34.225,33.605,33.403,34.411,35.210,39.429,46.487,47.028,41.262,38.305,36.154,36.530,37.236,40.784,44.502,48.248,51.377,51.259,47.738,42.508,37.811,36.300,32.542
35.439,34.333,33.723,33.509,34.473,35.292,39.548,46.560,47.091,41.346,38.400,36.280,36.629,37.328,40.849,44.579,48.303,51.392,51.278,47.788,42.628,37.899,36.396,32.669
35.577,34.460,33.855,33.652,34.555,35.416,39.724,46.693,47.183,41.441,38.425,36.346,36.730,37.404,40.931,44.698,48.438,51.582,51.400,47.911,42.794,38.002,36.569,32.808
35.737,34.604,34.017,33.802,34.642,35.546,39.890,46.812,47.295,41.511,38.463,36.419,36.827,37.488,41.004,44.815,48.563,51.799,51.576,48.030,42.943,38.111,36.728,32.978
35.909,34.785,34.222,33.987,34.827,35.724,39.976,46.825,47.297,41.540,38.542,36.500,36.937,37.607,41.082,44.868,48.593,51.806,51.590,48.037,42.970,38.239,36.869,33.191
36.055,34.903,34.331,34.085,34.897,35.818,40.191,46.985,47.527,41.681,38.728,36.736,37.111,37.785,41.222,45.049,48.716,52.139,51.943,48.240,43.234,38.402,36.993,33.297
36.278,35.124,34.607,34.323,35.036,35.996,40.282,47.115,47.662,41.785,38.774,36.768,37.179,37.839,41.277,45.118,48.850,52.199,52.035,48.382,43.254,38.482,37.159,33.580
36.295,35.157,34.615,34.333,35.194,36.086,40.303,47.162,47.728,41.861,38.933,36.854,37.276,37.985,41.429,45.234,48.855,52.263,52.072,48.430,43.296,38.613,37.185,33.606
36.542,35.387,34.877,34.582,35.265,36.227,40.517,47.193,47.753,41.905,39.003,37.074,37.437,38.095,41.444,45.255,48.960,52.316,52.171,48.442,43.463,38.717,37.383,33.890
36.699,35.545,35.046,34.735,35.427,36.382,40.629,47.261,47.867,42.006,39.142,37.203,37.567,38.239,41.554,45.352,48.987,52.426,52.289,48.543,43.557,38.860,37.512,34.061
36.813,35.650,35.168,34.840,35.500,36.475,40.722,47.320,47.932,42.038,39.178,37.254,37.631,38.303,41.600,45.419,49.025,52.549,52.402,48.608,43.631,38.937,37.608,34.189
36.911,35.752,35.272,34.936,35.612,36.572,40.793,47.388,48.022,42.133,39.312,37.380,37.737,38.417,41.699,45.497,49.084,52.591,52.471,48.682,43.701,39.038,37.684,34.294
37.061,35.887,35.433,35.069,35.690,36.681,40.905,47.438,48.097,42.152,39.351,37.448,37.811,38.491,41.734,45.561,49.134,52.742,52.623,48.751,43.785,39.125,37.796,34.467
37.169,35.999,35.548,35.184,35.805,36.793,40.996,47.508,48.161,42.237,39.444,37.546,37.912,38.592,41.825,45.639,49.202,52.794,52.671,48.813,43.863,39.225,37.901,34.585
37.253,36.085,35.629,35.273,35.900,36.888,41.096,47.622,48.259,42.342,39.531,37.626,38.004,38.682,41.930,45.749,49.325,52.901,52.763,48.920,43.966,39.321,38.002,34.663
37.346,36.180,35.724,35.373,35.987,36.978,41.188,47.684,48.316,42.424,39.609,37.722,38.097,38.765,42.003,45.811,49.374,52.948,52.809,48.979,44.052,39.403,38.099,34.763
37.436,36.272,35.819,35.463,36.076,37.060,41.258,47.737,48.388,42.501,39.714,37.832,38.188,38.859,42.078,45.872,49.414,52.989,52.871,49.039,44.118,39.487,38.171,34.861
37.528,36.365,35.915,35.552,36.163,37.142,41.331,47.792,48.464,42.576,39.817,37.940,38.278,38.952,42.152,45.933,49.456,53.039,52.943,49.103,44.188,39.570,38.244,34.962
37.602,36.441,35.994,35.627,36.255,37.231,41.395,47.876,48.531,42.635,39.873,37.976,38.339,39.022,42.234,46.023,49.566,53.130,53.012,49.175,44.244,39.650,38.322,35.035
37.712,36.548,36.118,35.736,36.349,37.337,41.471,47.921,48.564,42.653,39.896,38.003,38.396,39.082,42.282,46.084,49.632,53.217,53.074,49.211,44.290,39.727,38.420,35.162
37.811,36.645,36.227,35.840,36.440,37.439,41.550,47.971,48.590,42.684,39.917,38.029,38.455,39.140,42.334,46.145,49.701,53.290,53.114,49.247,44.342,39.802,38.522,35.273
37.908,36.738,36.330,35.932,36.525,37.534,41.633,48.048,48.658,42.729,39.957,38.067,38.517,39.206,42.401,46.230,49.799,53.408,53.210,49.320,44.410,39.882,38.614,35.375
38.001,36.829,36.421,36.019,36.624,37.632,41.729,48.172,48.782,42.833,40.059,38.153,38.610,39.305,42.512,46.352,49.935,53.545,53.344,49.444,44.513,39.985,38.707,35.462
38.105,36.928,36.530,36.120,36.712,37.732,41.821,48.251,48.850,42.885,40.102,38.200,38.680,39.376,42.581,46.437,50.031,53.662,53.440,49.519,44.590,40.069,38.809,35.572
38.245,37.060,36.680,36.260,36.810,37.859,41.947,48.328,48.906,42.925,40.121,38.241,38.757,39.446,42.639,46.523,50.124,53.805,53.544,49.589,44.686,40.164,38.949,35.727
38.357,37.167,36.797,36.374,36.897,37.964,42.053,48.399,48.959,42.978,40.157,38.295,38.834,39.515,42.701,46.598,50.202,53.907,53.622,49.652,44.772,40.248,39.065,35.849
38.442,37.249,36.886,36.458,36.961,38.040,42.132,48.456,49.015,43.024,40.199,38.348,38.895,39.573,42.751,46.658,50.262,53.993,53.699,49.711,44.841,40.314,39.147,35.942
38.546,37.345,36.998,36.551,37.037,38.130,42.210,48.518,49.081,43.052,40.235,38.386,38.950,39.635,42.802,46.731,50.341,54.116,53.811,49.777,44.901,40.389,39.231,36.056
38.631,37.428,37.082,36.643,37.101,38.210,42.309,48.586,49.134,43.120,40.280,38.454,39.026,39.697,42.860,46.794,50.400,54.191,53.871,49.840,44.994,40.458,39.331,36.145
38.704,37.502,37.162,36.714,37.174,38.277,42.356,48.618,49.182,43.167,40.354,38.528,39.091,39.767,42.913,46.836,50.428,54.221,53.915,49.877,45.033,40.522,39.384,36.228
38.778,37.574,37.238,36.793,37.232,38.348,42.434,48.673,49.218,43.210,40.377,38.566,39.145,39.813,42.958,46.890,50.485,54.291,53.964,49.924,45.100,40.580,39.469,36.307
38.842,37.636,37.302,36.852,37.279,38.399,42.495,48.718,49.281,43.265,40.443,38.642,39.207,39.873,43.004,46.936,50.517,54.347,54.036,49.980,45.162,40.634,39.521,36.375
38.922,37.715,37.387,36.931,37.374,38.494,42.562,48.806,49.347,43.317,40.487,38.665,39.263,39.939,43.086,47.031,50.639,54.454,54.113,50.054,45.217,40.715,39.605,36.454
39.011,37.801,37.480,37.021,37.446,38.579,42.649,48.872,49.399,43.365,40.520,38.707,39.326,39.997,43.142,47.100,50.714,54.547,54.186,50.115,45.291,40.786,39.699,36.549
39.107,37.894,37.588,37.114,37.542,38.683,42.712,48.933,49.438,43.381,40.533,38.709,39.370,40.051,43.199,47.177,50.815,54.653,54.253,50.161,45.327,40.862,39.789,36.654
39.188,37.975,37.677,37.199,37.623,38.767,42.777,48.980,49.471,43.419,40.571,38.747,39.428,40.109,43.252,47.232,50.872,54.708,54.290,50.198,45.374,40.929,39.869,36.745
39.281,38.070,37.778,37.301,37.728,38.877,42.861,49.059,49.513,43.471,40.602,38.771,39.494,40.175,43.330,47.320,50.981,54.796,54.335,50.255,45.438,41.014,39.978,36.843
39.359,38.147,37.862,37.379,37.801,38.957,42.928,49.116,49.556,43.507,40.630,38.798,39.545,40.227,43.383,47.384,51.055,54.877,54.393,50.305,45.490,41.079,40.057,36.927
39.483,38.264,37.991,37.492,37.907,39.071,43.032,49.219,49.669,43.584,40.719,38.882,39.637,40.328,43.476,47.493,51.170,55.025,54.540,50.414,45.585,41.187,40.162,37.056
39.595,38.378,38.105,37.613,38.009,39.181,43.145,49.299,49.737,43.676,40.800,38.982,39.742,40.422,43.562,47.575,51.242,55.098,54.602,50.488,45.688,41.284,40.283,37.175
39.698,38.478,38.205,37.713,38.102,39.277,43.256,49.409,49.854,43.787,40.909,39.097,39.848,40.526,43.665,47.680,51.345,55.214,54.726,50.603,45.804,41.386,40.385,37.276
39.770,38.556,38.281,37.790,38.194,39.358,43.314,49.469,49.912,43.860,40.996,39.176,39.927,40.609,43.745,47.746,51.406,55.247,54.762,50.657,45.858,41.465,40.454,37.351
39.880,38.665,38.390,37.903,38.309,39.479,43.438,49.605,50.023,43.971,41.079,39.253,40.029,40.709,43.864,47.879,51.561,55.395,54.881,50.782,45.980,41.578,40.583,37.456
39.947,38.741,38.455,37.982,38.419,39.572,43.519,49.714,50.111,44.090,41.187,39.343,40.128,40.808,43.984,47.985,51.678,55.453,54.927,50.875,46.067,41.675,40.672,37.515
40.055,38.848,38.567,38.092,38.534,39.693,43.623,49.826,50.194,44.171,41.246,39.393,40.213,40.896,44.086,48.101,51.818,55.583,55.022,50.972,46.159,41.779,40.792,37.622
40.139,38.935,38.658,38.177,38.621,39.774,43.685,49.872,50.251,44.232,41.332,39.479,40.292,40.978,44.153,48.156,51.859,55.620,55.070,51.020,46.212,41.856,40.862,37.716
40.221,39.018,38.737,38.257,38.711,39.856,43.769,49.968,50.359,44.340,41.450,39.593,40.390,41.079,44.254,48.250,51.947,55.701,55.167,51.121,46.305,41.949,40.939,37.794
40.301,39.094,38.822,38.337,38.779,39.938,43.843,50.032,50.401,44.370,41.461,39.604,40.435,41.123,44.303,48.319,52.034,55.803,55.237,51.175,46.363,42.012,41.025,37.879
40.434,39.218,38.960,38.456,38.867,40.040,43.950,50.105,50.505,44.436,41.553,39.709,40.531,41.222,44.372,48.399,52.096,55.930,55.383,51.267,46.460,42.110,41.125,38.025
40.527,39.314,39.068,38.560,38.972,40.152,44.020,50.155,50.510,44.456,41.554,39.715,40.580,41.271,44.428,48.464,52.182,55.993,55.392,51.289,46.496,42.184,41.232,38.131
40.623,39.408,39.159,38.650,39.066,40.244,44.123,50.272,50.640,44.574,41.676,39.827,40.686,41.380,44.540,48.578,52.296,56.114,55.525,51.414,46.609,42.288,41.324,38.220
40.724,39.504,39.256,38.750,39.142,40.333,44.240,50.376,50.745,44.673,41.760,39.928,40.783,41.469,44.625,48.674,52.389,56.237,55.649,51.524,46.730,42.379,41.430,38.321
40.803,39.582,39.334,38.829,39.214,40.409,44.321,50.449,50.817,44.748,41.831,40.006,40.861,41.543,44.697,48.745,52.458,56.312,55.722,51.597,46.811,42.453,41.510,38.400
40.881,39.669,39.416,38.917,39.321,40.499,44.388,50.514,50.882,44.843,41.943,40.112,40.958,41.642,44.792,48.816,52.518,56.330,55.749,51.656,46.876,42.543,41.588,38.482
41.092,39.865,39.642,39.109,39.479,40.688,44.556,50.652,51.018,44.908,42.011,40.184,41.074,41.768,44.902,48.973,52.693,56.588,55.974,51.797,47.008,42.699,41.771,38.712
41.224,39.994,39.776,39.236,39.610,40.821,44.678,50.783,51.147,45.020,42.126,40.290,41.190,41.891,45.028,49.108,52.838,56.738,56.117,51.927,47.125,42.828,41.897,38.844
41.359,40.122,39.922,39.362,39.725,40.950,44.784,50.880,51.240,45.072,42.182,40.340,41.271,41.981,45.113,49.218,52.964,56.899,56.254,52.022,47.209,42.936,42.016,38.989
41.519,40.277,40.095,39.524,39.876,41.121,44.923,51.003,51.315,45.131,42.209,40.361,41.362,42.074,45.218,49.356,53.138,57.083,56.370,52.119,47.311,43.066,42.188,39.160
41.659,40.415,40.237,39.669,39.987,41.247,45.067,51.102,51.413,45.243,42.313,40.495,41.491,42.189,45.316,49.453,53.218,57.189,56.476,52.220,47.447,43.183,42.331,39.310
41.796,40.544,40.384,39.801,40.104,41.383,45.182,51.204,51.490,45.288,42.341,40.520,41.564,42.267,45.397,49.567,53.359,57.360,56.603,52.311,47.534,43.289,42.465,39.456
41.948,40.687,40.544,39.949,40.222,41.527,45.319,51.312,51.575,45.347,42.379,40.568,41.654,42.355,45.482,49.684,53.493,57.537,56.739,52.410,47.644,43.404,42.617,39.619
42.049,40.787,40.649,40.052,40.321,41.633,45.417,51.407,51.653,45.421,42.440,40.628,41.736,42.437,45.569,49.782,53.603,57.650,56.829,52.496,47.732,43.497,42.725,39.723
42.250,40.975,40.861,40.235,40.478,41.813,45.581,51.548,51.801,45.509,42.537,40.728,41.863,42.574,45.691,49.938,53.771,57.885,57.046,52.643,47.869,43.655,42.898,39.938
42.354,41.091,40.953,40.354,40.629,41.940,45.723,51.725,51.972,45.732,42.750,40.931,42.041,42.746,45.883,50.099,53.927,57.972,57.151,52.814,48.040,43.807,43.029,40.024
42.571,41.290,41.191,40.547,40.769,42.113,45.871,51.805,52.080,45.762,42.817,41.019,42.149,42.864,45.954,50.206,54.024,58.182,57.355,52.912,48.144,43.945,43.189,40.274
42.742,41.459,41.363,40.711,40.927,42.270,46.030,51.955,52.258,45.926,43.006,41.214,42.320,43.038,46.111,50.359,54.159,58.340,57.540,53.077,48.306,44.110,43.340,40.449
42.860,41.582,41.475,40.832,41.070,42.399,46.163,52.114,52.417,46.099,43.179,41.375,42.471,43.190,46.276,50.512,54.314,58.464,57.673,53.235,48.454,44.253,43.467,40.558
43.037,41.750,41.654,40.999,41.203,42.552,46.330,52.251,52.569,46.222,43.307,41.522,42.614,43.332,46.398,50.651,54.445,58.653,57.867,53.385,48.612,44.399,43.626,40.743
43.278,41.976,41.919,41.221,41.388,42.766,46.497,52.365,52.690,46.272,43.385,41.606,42.741,43.473,46.506,50.796,54.596,58.889,58.075,53.502,48.729,44.569,43.821,41.016
43.522,42.213,42.151,41.443,41.611,42.983,46.749,52.645,53.030,46.564,43.711,41.929,43.010,43.751,46.774,51.066,54.849,59.188,58.435,53.819,49.012,44.825,44.033,41.248
43.774,42.458,42.405,41.683,41.828,43.211,46.990,52.867,53.280,46.783,43.948,42.180,43.244,43.986,46.989,51.290,55.059,59.450,58.718,54.059,49.252,45.056,44.261,41.508
44.023,42.739,42.644,41.977,42.186,43.515,47.278,53.177,53.559,47.210,44.369,42.590,43.620,44.347,47.371,51.587,55.330,59.548,58.833,54.339,49.568,45.381,44.564,41.742
44.248,43.000,42.838,42.213,42.575,43.795,47.556,53.620,54.070,47.802,45.037,43.179,44.079,44.829,47.894,52.001,55.710,59.731,59.148,54.802,49.949,45.773,44.796,41.914
44.502,43.263,43.085,42.479,42.853,44.056,47.830,53.892,54.347,48.128,45.366,43.515,44.385,45.125,48.190,52.265,55.953,59.932,59.372,55.075,50.239,46.050,45.062,42.162
44.819,43.569,43.392,42.785,43.122,44.348,48.172,54.227,54.695,48.443,45.662,43.833,44.692,45.424,48.486,52.586,56.274,60.317,59.765,55.426,50.593,46.352,45.379,42.474
45.051,43.859,43.589,43.076,43.571,44.671,48.495,54.671,55.144,49.117,46.365,44.485,45.220,45.942,49.055,52.991,56.626,60.358,59.909,55.850,51.016,46.772,45.682,42.653
45.428,44.260,43.918,43.479,44.011,45.059,49.000,55.234,55.757,49.855,47.097,45.238,45.828,46.517,49.648,53.493,57.063,60.690,60.361,56.442,51.630,47.264,46.109,42.982
45.746,44.596,44.212,43.799,44.417,45.402,49.360,55.695,56.269,50.409,47.694,45.794,46.293,46.994,50.149,53.932,57.478,61.001,60.762,56.924,52.061,47.682,46.430,43.263
46.301,45.135,44.773,44.336,44.915,45.933,49.896,56.210,56.784,50.858,48.135,46.244,46.774,47.479,50.625,54.453,58.017,61.624,61.362,57.446,52.576,48.192,46.966,43.828
47.270,46.020,45.760,45.214,45.595,46.781,50.818,57.045,57.620,51.371,48.567,46.732,47.406,48.120,51.240,55.306,58.967,62.997,62.613,58.324,53.416,48.956,47.867,44.828
48.221,46.982,46.626,46.133,46.705,47.794,51.952,58.543,59.190,52.900,50.079,48.109,48.655,49.405,52.671,56.713,60.439,64.320,64.065,59.868,54.749,50.158,48.868,45.643
49.197,48.024,47.536,47.123,47.946,48.826,53.022,59.863,60.713,54.588,51.967,49.894,50.105,50.888,54.174,57.974,61.562,65.122,65.206,61.269,56.032,51.429,49.816,46.530
51.648,50.533,49.814,49.512,50.916,51.486,55.811,63.577,64.610,58.430,55.878,53.394,53.300,54.215,57.847,61.518,65.253,68.290,68.707,65.069,59.273,54.534,52.349,48.671
