5.963,6.216,3.891,1.737,2.453,5.264,13.415,22.274,24.683,21.631,17.698,16.265,13.912,13.150,15.239,17.642,20.300,24.767,18.593,18.626,14.914,13.868,15.407,8.699
12.063,12.063,8.859,6.953,7.874,10.383,18.056,26.730,28.926,26.146,22.575,21.471,19.836,19.506,21.600,23.711,26.108,29.526,24.582,23.668,20.811,19.968,20.811,14.742
15.404,15.333,11.910,10.148,11.130,13.488,20.756,29.117,31.181,28.577,25.220,24.225,22.862,22.643,24.679,26.609,28.832,31.776,27.356,26.349,23.782,23.051,23.684,18.009
16.698,16.668,13.470,11.738,12.642,14.860,21.868,29.914,31.874,29.417,26.124,25.202,23.881,23.672,25.643,27.592,29.724,32.555,28.391,27.165,24.893,24.176,24.736,19.199
18.246,18.226,15.488,13.789,14.525,16.575,23.318,30.894,32.759,30.394,27.260,26.447,25.114,24.972,26.815,28.791,30.897,33.845,29.809,28.154,26.144,25.365,25.867,20.522
19.328,19.282,16.537,14.887,15.615,17.587,24.172,31.585,33.394,31.097,28.057,27.304,26.063,25.980,27.788,29.715,31.766,34.584,30.744,28.940,27.083,26.325,26.736,21.543
20.020,19.970,17.317,15.691,16.388,18.328,24.820,32.095,33.882,31.604,28.626,27.889,26.651,26.579,28.348,30.250,32.287,35.118,31.300,29.483,27.641,26.877,27.289,22.179
20.819,20.772,18.002,16.403,17.135,19.013,25.387,32.626,34.354,32.176,29.201,28.506,27.373,27.320,29.099,30.985,32.941,35.531,31.974,30.072,28.434,27.728,28.039,22.997
21.308,21.260,18.450,16.874,17.624,19.489,25.790,32.981,34.690,32.543,29.593,28.898,27.798,27.741,29.512,31.363,33.282,35.786,32.297,30.473,28.847,28.168,28.469,23.487
21.882,21.829,19.014,17.465,18.216,20.049,26.259,33.364,35.045,32.936,30.028,29.351,28.290,28.244,29.998,31.817,33.702,36.130,32.731,30.905,29.331,28.670,28.944,24.039
22.332,22.273,19.509,17.973,18.703,20.502,26.656,33.678,35.338,33.250,30.380,29.728,28.684,28.661,30.393,32.206,34.080,36.503,33.152,31.238,29.722,29.056,29.304,24.450
22.714,22.697,20.068,18.540,19.238,21.003,27.035,33.913,35.535,33.509,30.644,29.987,28.916,28.844,30.544,32.362,34.191,36.589,33.279,31.463,29.986,29.333,29.616,24.803
23.080,23.076,20.501,18.988,19.678,21.442,27.404,34.201,35.812,33.802,30.960,30.285,29.198,29.096,30.774,32.567,34.376,36.771,33.445,31.769,30.243,29.599,29.922,25.153
23.299,23.289,20.690,19.188,19.890,21.662,27.602,34.385,35.997,33.985,31.160,30.477,29.397,29.290,30.964,32.731,34.532,36.907,33.579,31.979,30.416,29.780,30.114,25.373
23.591,23.593,21.043,19.549,20.238,21.990,27.871,34.585,36.177,34.194,31.382,30.703,29.622,29.505,31.163,32.926,34.706,37.061,33.765,32.185,30.650,30.021,30.358,25.648
23.844,23.840,21.251,19.771,20.476,22.231,28.083,34.786,36.375,34.397,31.602,30.918,29.855,29.736,31.393,33.129,34.895,37.211,33.934,32.417,30.862,30.246,30.583,25.906
23.946,23.936,21.328,19.846,20.555,22.319,28.196,34.925,36.522,34.531,31.733,31.048,29.984,29.871,31.533,33.270,35.047,37.375,34.081,32.554,30.985,30.365,30.701,26.013
24.174,24.149,21.560,20.089,20.788,22.545,28.406,35.098,36.694,34.694,31.930,31.254,30.196,30.103,31.751,33.472,35.255,37.606,34.304,32.748,31.168,30.540,30.870,26.216
24.312,24.290,21.741,20.266,20.951,22.702,28.562,35.234,36.829,34.828,32.066,31.395,30.326,30.233,31.875,33.606,35.394,37.772,34.460,32.873,31.301,30.664,30.998,26.341
24.498,24.483,21.986,20.508,21.172,22.894,28.729,35.359,36.938,34.958,32.200,31.549,30.484,30.403,32.036,33.785,35.568,37.945,34.674,32.986,31.488,30.845,31.156,26.506
24.680,24.663,22.180,20.706,21.364,23.081,28.903,35.513,37.089,35.112,32.363,31.715,30.652,30.573,32.200,33.948,35.728,38.107,34.842,33.144,31.653,31.008,31.317,26.678
24.907,24.880,22.383,20.917,21.575,23.275,29.079,35.671,37.238,35.270,32.539,31.909,30.870,30.813,32.437,34.178,35.952,38.305,35.085,33.321,31.871,31.229,31.508,26.895
25.003,24.979,22.498,21.031,21.684,23.379,29.177,35.759,37.323,35.359,32.628,32.000,30.958,30.900,32.521,34.267,36.040,38.397,35.180,33.404,31.965,31.321,31.600,26.986
25.243,25.202,22.730,21.275,21.918,23.593,29.367,35.906,37.461,35.500,32.805,32.200,31.181,31.154,32.763,34.497,36.271,38.626,35.443,33.576,32.172,31.522,31.771,27.198
25.341,25.321,22.874,21.415,22.054,23.713,29.455,35.972,37.511,35.582,32.868,32.264,31.243,31.197,32.806,34.555,36.307,38.627,35.486,33.627,32.273,31.633,31.881,27.302
25.413,25.385,22.919,21.459,22.107,23.762,29.521,36.049,37.591,35.655,32.943,32.349,31.334,31.304,32.916,34.670,36.431,38.759,35.623,33.703,32.366,31.720,31.952,27.369
25.478,25.444,22.932,21.471,22.118,23.779,29.551,36.126,37.669,35.736,33.014,32.420,31.429,31.405,33.031,34.779,36.534,38.815,35.710,33.792,32.466,31.832,32.046,27.457
25.582,25.544,22.967,21.505,22.178,23.841,29.634,36.251,37.796,35.864,33.128,32.538,31.564,31.548,33.188,34.940,36.692,38.940,35.862,33.918,32.615,31.989,32.183,27.580
25.661,25.626,23.051,21.583,22.254,23.913,29.717,36.346,37.890,35.961,33.214,32.629,31.654,31.640,33.284,35.049,36.802,39.051,35.982,34.001,32.721,32.093,32.279,27.661
25.939,25.908,23.434,21.983,22.625,24.268,29.993,36.502,38.031,36.114,33.413,32.827,31.835,31.812,33.421,35.164,36.907,39.189,36.102,34.176,32.870,32.235,32.449,27.893
26.051,26.028,23.599,22.146,22.773,24.403,30.111,36.587,38.108,36.201,33.503,32.923,31.923,31.898,33.499,35.252,36.993,39.286,36.207,34.251,32.970,32.330,32.545,27.992
26.184,26.159,23.736,22.287,22.909,24.524,30.215,36.669,38.181,36.286,33.597,33.029,32.042,32.028,33.625,35.378,37.113,39.392,36.345,34.340,33.096,32.456,32.652,28.115
26.304,26.283,23.882,22.433,23.047,24.644,30.313,36.742,38.242,36.364,33.677,33.121,32.141,32.131,33.724,35.486,37.213,39.477,36.466,34.410,33.214,32.575,32.756,28.225
26.417,26.405,24.037,22.587,23.192,24.782,30.431,36.833,38.326,36.459,33.772,33.216,32.228,32.210,33.796,35.563,37.283,39.549,36.543,34.495,33.308,32.669,32.857,28.331
26.576,26.563,24.210,22.768,23.366,24.943,30.564,36.930,38.414,36.558,33.886,33.338,32.359,32.346,33.924,35.685,37.397,39.651,36.670,34.603,33.439,32.801,32.980,28.477
26.642,26.640,24.323,22.876,23.466,25.043,30.658,37.010,38.492,36.641,33.960,33.405,32.408,32.380,33.954,35.725,37.435,39.705,36.707,34.667,33.496,32.857,33.052,28.540
26.730,26.724,24.354,22.908,23.513,25.089,30.712,37.096,38.577,36.731,34.042,33.494,32.518,32.499,34.085,35.853,37.558,39.789,36.826,34.762,33.616,32.986,33.160,28.644
26.803,26.792,24.416,22.973,23.579,25.156,30.780,37.164,38.647,36.796,34.114,33.566,32.593,32.578,34.163,35.927,37.633,39.865,36.900,34.836,33.684,33.052,33.225,28.715
26.886,26.876,24.471,23.029,23.646,25.228,30.852,37.250,38.733,36.886,34.198,33.646,32.680,32.661,34.251,36.010,37.710,39.919,36.964,34.928,33.772,33.149,33.320,28.810
26.994,26.982,24.561,23.125,23.750,25.323,30.943,37.339,38.817,36.977,34.288,33.744,32.786,32.773,34.364,36.127,37.824,40.022,37.089,35.017,33.888,33.265,33.424,28.915
27.085,27.076,24.577,23.135,23.792,25.390,31.030,37.440,38.920,37.079,34.388,33.834,32.875,32.852,34.445,36.198,37.890,40.076,37.135,35.124,33.968,33.353,33.523,29.016
27.127,27.111,24.651,23.212,23.837,25.419,31.036,37.514,38.999,37.161,34.448,33.887,32.963,32.940,34.559,36.299,37.979,40.082,37.184,35.218,34.063,33.473,33.623,29.103
27.267,27.254,24.819,23.385,24.014,25.594,31.198,37.593,39.071,37.234,34.550,33.997,33.047,33.026,34.618,36.363,38.050,40.220,37.292,35.289,34.135,33.524,33.690,29.197
27.376,27.355,24.904,23.474,24.105,25.685,31.292,37.690,39.169,37.326,34.653,34.105,33.164,33.155,34.746,36.485,38.175,40.343,37.420,35.396,34.243,33.631,33.787,29.303
27.499,27.482,25.041,23.616,24.246,25.821,31.404,37.778,39.251,37.418,34.751,34.201,33.262,33.246,34.832,36.564,38.245,40.400,37.488,35.491,34.339,33.732,33.892,29.423
27.577,27.557,25.108,23.681,24.311,25.881,31.470,37.853,39.324,37.494,34.824,34.282,33.350,33.343,34.932,36.670,38.352,40.500,37.604,35.564,34.436,33.828,33.975,29.501
27.643,27.623,25.130,23.704,24.351,25.929,31.524,37.935,39.408,37.580,34.900,34.351,33.428,33.415,35.014,36.745,38.420,40.524,37.653,35.652,34.516,33.918,34.064,29.585
27.766,27.750,25.176,23.758,24.436,26.017,31.592,38.030,39.495,37.688,34.995,34.439,33.544,33.519,35.131,36.846,38.494,40.538,37.693,35.769,34.642,34.073,34.209,29.739
27.851,27.837,25.257,23.840,24.521,26.099,31.663,38.098,39.558,37.761,35.066,34.510,33.621,33.594,35.207,36.921,38.562,40.573,37.760,35.840,34.726,34.162,34.294,29.827
27.921,27.913,25.335,23.916,24.598,26.177,31.738,38.174,39.633,37.840,35.137,34.579,33.686,33.651,35.265,36.983,38.619,40.623,37.813,35.911,34.799,34.238,34.374,29.902
27.980,27.976,25.373,23.952,24.643,26.221,31.784,38.240,39.695,37.911,35.196,34.637,33.753,33.714,35.336,37.056,38.686,40.662,37.874,35.975,34.879,34.327,34.455,29.975
28.120,28.128,25.602,24.177,24.842,26.400,31.939,38.342,39.787,38.017,35.305,34.755,33.855,33.812,35.422,37.160,38.787,40.789,38.007,36.059,35.001,34.438,34.569,30.091
28.183,28.187,25.653,24.228,24.894,26.458,32.007,38.421,39.870,38.093,35.381,34.831,33.930,33.891,35.502,37.239,38.871,40.882,38.089,36.139,35.069,34.504,34.636,30.155
28.326,28.329,25.782,24.364,25.036,26.598,32.130,38.533,39.979,38.207,35.503,34.951,34.059,34.019,35.628,37.354,38.978,40.968,38.188,36.265,35.191,34.633,34.764,30.299
28.401,28.411,25.873,24.450,25.120,26.678,32.209,38.613,40.054,38.291,35.576,35.025,34.130,34.083,35.694,37.429,39.049,41.032,38.262,36.334,35.278,34.722,34.852,30.378
28.466,28.478,25.953,24.529,25.195,26.753,32.284,38.683,40.125,38.361,35.645,35.093,34.193,34.144,35.754,37.492,39.114,41.106,38.330,36.399,35.343,34.784,34.918,30.440
28.589,28.600,26.056,24.634,25.306,26.860,32.384,38.787,40.225,38.469,35.752,35.202,34.313,34.267,35.879,37.615,39.229,41.197,38.445,36.509,35.469,34.917,35.041,30.568
28.673,28.693,26.163,24.742,25.412,26.964,32.469,38.855,40.287,38.542,35.822,35.268,34.374,34.315,35.925,37.660,39.265,41.221,38.475,36.576,35.536,34.989,35.122,30.653
28.797,28.833,26.367,24.939,25.591,27.135,32.626,38.979,40.405,38.670,35.943,35.387,34.471,34.398,35.999,37.750,39.353,41.335,38.577,36.678,35.649,35.095,35.243,30.766
28.897,28.929,26.451,25.027,25.683,27.229,32.717,39.070,40.498,38.760,36.039,35.483,34.572,34.502,36.103,37.847,39.450,41.429,38.671,36.778,35.740,35.188,35.335,30.866
28.956,28.981,26.471,25.046,25.710,27.257,32.762,39.142,40.571,38.831,36.105,35.553,34.654,34.592,36.201,37.946,39.551,41.515,38.770,36.852,35.826,35.276,35.409,30.933
29.016,29.048,26.521,25.092,25.763,27.318,32.833,39.237,40.670,38.930,36.188,35.628,34.725,34.653,36.270,38.019,39.622,41.577,38.828,36.940,35.907,35.362,35.501,31.008
29.120,29.154,26.645,25.212,25.875,27.424,32.940,39.339,40.769,39.033,36.287,35.733,34.828,34.758,36.374,38.133,39.737,41.698,38.956,37.032,36.021,35.472,35.606,31.107
29.222,29.277,26.824,25.386,26.036,27.578,33.069,39.434,40.854,39.137,36.378,35.817,34.892,34.798,36.406,38.179,39.772,41.738,38.996,37.107,36.106,35.558,35.712,31.205
29.309,29.366,26.914,25.473,26.123,27.667,33.165,39.536,40.959,39.239,36.476,35.914,34.985,34.890,36.500,38.275,39.871,41.843,39.093,37.205,36.201,35.652,35.808,31.295
29.375,29.423,26.930,25.490,26.151,27.697,33.211,39.611,41.036,39.312,36.548,35.989,35.075,34.991,36.609,38.381,39.979,41.933,39.198,37.287,36.290,35.744,35.885,31.369
29.481,29.536,27.066,25.625,26.279,27.818,33.318,39.701,41.120,39.405,36.639,36.083,35.165,35.076,36.691,38.470,40.062,42.016,39.290,37.371,36.390,35.844,35.986,31.470
29.573,29.625,27.158,25.718,26.372,27.916,33.419,39.799,41.222,39.500,36.740,36.180,35.258,35.169,36.781,38.554,40.151,42.117,39.374,37.473,36.471,35.923,36.072,31.560
29.690,29.748,27.304,25.865,26.515,28.065,33.559,39.924,41.348,39.625,36.865,36.294,35.357,35.253,36.860,38.630,40.226,42.206,39.438,37.594,36.563,36.014,36.185,31.675
29.818,29.882,27.508,26.062,26.686,28.222,33.713,40.044,41.465,39.743,36.986,36.426,35.472,35.374,36.971,38.760,40.365,42.390,39.610,37.694,36.689,36.124,36.295,31.780
29.952,30.028,27.689,26.244,26.860,28.389,33.850,40.146,41.558,39.850,37.094,36.532,35.569,35.457,37.046,38.837,40.431,42.452,39.680,37.791,36.795,36.233,36.414,31.907
30.051,30.125,27.784,26.337,26.952,28.478,33.949,40.253,41.666,39.957,37.198,36.640,35.679,35.573,37.164,38.961,40.558,42.582,39.813,37.895,36.910,36.346,36.520,32.006
30.160,30.233,27.867,26.417,27.037,28.557,34.038,40.365,41.775,40.072,37.303,36.753,35.806,35.708,37.308,39.112,40.707,42.709,39.970,38.004,37.054,36.493,36.647,32.123
30.294,30.373,28.030,26.576,27.187,28.696,34.168,40.480,41.883,40.192,37.418,36.875,35.928,35.830,37.428,39.245,40.835,42.833,40.114,38.109,37.195,36.632,36.778,32.251
30.388,30.475,28.133,26.673,27.284,28.783,34.252,40.571,41.966,40.290,37.501,36.964,36.022,35.922,37.525,39.357,40.939,42.916,40.229,38.188,37.317,36.758,36.891,32.351
30.510,30.591,28.225,26.766,27.383,28.887,34.373,40.714,42.114,40.430,37.639,37.102,36.164,36.069,37.678,39.507,41.095,43.070,40.378,38.333,37.455,36.896,37.025,32.480
30.676,30.759,28.408,26.950,27.562,29.059,34.529,40.851,42.245,40.569,37.783,37.250,36.314,36.220,37.824,39.655,41.237,43.208,40.530,38.471,37.609,37.050,37.176,32.639
30.782,30.857,28.416,26.963,27.608,29.127,34.618,40.997,42.402,40.716,37.921,37.373,36.453,36.354,37.974,39.784,41.363,43.293,40.612,38.637,37.732,37.189,37.318,32.776
30.939,31.023,28.570,27.121,27.772,29.289,34.757,41.128,42.525,40.856,38.055,37.503,36.589,36.477,38.099,39.904,41.467,43.360,40.705,38.774,37.878,37.348,37.478,32.943
31.054,31.154,28.743,27.287,27.927,29.434,34.886,41.236,42.624,40.972,38.157,37.606,36.679,36.554,38.172,39.994,41.549,43.443,40.799,38.862,37.993,37.464,37.600,33.055
31.177,31.278,28.869,27.405,28.041,29.541,35.010,41.376,42.763,41.114,38.287,37.745,36.821,36.704,38.328,40.167,41.726,43.622,40.992,38.988,38.156,37.622,37.742,33.179
31.357,31.462,29.103,27.635,28.249,29.722,35.176,41.508,42.882,41.249,38.425,37.904,36.984,36.880,38.497,40.357,41.914,43.816,41.223,39.106,38.346,37.803,37.899,33.338
31.521,31.634,29.339,27.864,28.455,29.917,35.369,41.673,43.043,41.412,38.588,38.073,37.135,37.031,38.639,40.518,42.082,44.024,41.418,39.249,38.510,37.953,38.054,33.484
31.684,31.805,29.550,28.073,28.652,30.107,35.546,41.824,43.190,41.565,38.741,38.227,37.278,37.168,38.770,40.657,42.219,44.175,41.566,39.391,38.661,38.100,38.207,33.638
31.915,32.016,29.697,28.226,28.820,30.274,35.730,42.041,43.409,41.777,38.963,38.462,37.543,37.460,39.071,40.947,42.513,44.442,41.862,39.629,38.917,38.359,38.434,33.874
32.106,32.198,29.845,28.370,28.967,30.408,35.883,42.222,43.587,41.960,39.140,38.660,37.766,37.709,39.329,41.218,42.785,44.690,42.158,39.809,39.162,38.603,38.637,34.068
32.290,32.381,30.035,28.557,29.147,30.572,36.046,42.381,43.739,42.122,39.300,38.836,37.953,37.910,39.532,41.435,43.000,44.895,42.399,39.962,39.371,38.810,38.818,34.246
32.541,32.647,30.419,28.933,29.478,30.862,36.304,42.562,43.899,42.306,39.491,39.055,38.159,38.127,39.730,41.669,43.234,45.166,42.702,40.112,39.616,39.035,39.024,34.455
32.772,32.871,30.611,29.127,29.679,31.056,36.502,42.774,44.108,42.521,39.706,39.279,38.403,38.385,39.993,41.932,43.494,45.399,42.969,40.332,39.868,39.291,39.257,34.690
32.956,33.044,30.651,29.166,29.764,31.177,36.678,43.060,44.414,42.807,39.964,39.518,38.660,38.636,40.274,42.197,43.761,45.618,43.177,40.632,40.114,39.556,39.523,34.927
33.271,33.346,30.989,29.496,30.079,31.502,37.047,43.439,44.811,43.167,40.337,39.892,39.012,39.006,40.639,42.568,44.166,46.108,43.597,40.999,40.440,39.856,39.833,35.223
33.756,33.866,31.797,30.302,30.794,32.172,37.615,43.795,45.139,43.522,40.731,40.295,39.343,39.311,40.883,42.841,44.438,46.508,43.948,41.312,40.779,40.159,40.186,35.616
34.098,34.224,32.324,30.819,31.258,32.631,38.062,44.154,45.501,43.870,41.093,40.653,39.636,39.588,41.129,43.108,44.729,46.928,44.273,41.633,41.060,40.405,40.483,35.909
34.436,34.534,32.414,30.923,31.437,32.853,38.330,44.555,45.923,44.271,41.483,41.021,40.057,40.015,41.593,43.525,45.136,47.229,44.596,42.088,41.446,40.828,40.889,36.315
34.726,34.799,32.538,31.041,31.598,33.055,38.629,44.991,46.392,44.694,41.886,41.412,40.467,40.442,42.054,43.974,45.612,47.697,45.026,42.535,41.831,41.216,41.267,36.651
35.260,35.374,33.270,31.723,32.211,33.598,39.204,45.556,46.926,45.280,42.401,41.984,41.018,41.011,42.631,44.677,46.321,48.445,45.870,42.983,42.540,41.892,41.875,37.160
35.990,36.075,33.788,32.203,32.735,34.164,39.974,46.584,48.002,46.293,43.338,42.928,41.987,42.024,43.710,45.802,47.501,49.638,47.035,43.968,43.542,42.882,42.810,37.963
37.317,37.466,36.047,34.365,34.588,35.924,41.795,48.066,49.490,47.715,44.787,44.442,43.220,43.278,44.841,47.157,49.016,51.830,48.878,45.172,44.846,43.967,43.996,39.027
39.306,39.605,39.655,37.835,37.577,38.830,44.708,50.343,51.789,49.903,47.023,46.680,44.918,44.878,46.214,48.822,50.906,54.839,51.157,47.019,46.572,45.372,45.742,40.613
