14.121,12.439,11.821,11.072,11.984,15.599,32.221,47.974,51.418,54.322,51.391,50.329,50.085,51.043,51.539,51.780,52.905,58.906,58.179,54.377,44.868,34.978,29.178,25.769
24.837,23.592,23.312,23.000,23.589,26.255,36.363,50.581,54.260,54.330,52.063,52.514,51.973,52.292,52.332,52.094,53.015,58.944,58.243,54.456,47.819,40.583,36.517,32.708
27.918,26.846,26.648,26.390,26.891,29.241,37.709,50.880,54.336,54.338,52.170,52.613,52.000,52.355,52.500,52.271,53.067,58.987,58.300,54.506,48.247,41.913,38.394,34.781
29.268,28.220,28.072,27.905,28.362,30.618,38.537,51.205,54.390,54.369,52.307,52.804,52.275,52.522,52.547,52.274,53.079,59.091,58.332,54.531,48.622,42.652,39.322,35.807
30.035,29.008,28.875,28.733,29.171,31.369,39.132,51.243,54.440,54.445,52.344,52.863,52.308,52.555,52.625,52.368,53.082,59.100,58.409,54.577,48.782,43.025,39.793,36.442
30.708,29.719,29.537,29.343,29.791,31.905,39.530,51.307,54.505,54.532,52.428,52.903,52.349,52.598,52.627,52.377,53.085,59.293,58.420,54.780,48.947,43.250,40.074,36.837
31.311,30.301,30.118,29.973,30.412,32.512,40.013,51.494,54.528,54.542,52.432,52.985,52.538,52.728,52.805,52.529,53.141,59.299,58.442,54.810,49.397,43.726,40.562,37.306
31.956,30.961,30.790,30.679,31.101,33.148,40.341,51.562,54.528,54.618,52.452,52.987,52.544,52.733,52.825,52.548,53.197,59.328,58.459,54.818,49.448,44.049,40.972,37.736
32.364,31.430,31.241,31.070,31.492,33.456,40.417,51.592,54.580,54.659,52.499,53.049,52.623,52.805,52.904,52.618,53.204,59.339,58.463,54.825,49.571,44.053,41.073,37.925
32.751,31.827,31.618,31.433,31.858,33.792,40.668,51.595,54.583,54.671,52.554,53.104,52.687,52.866,52.977,52.672,53.216,59.344,58.475,54.829,49.632,44.281,41.318,38.183
33.032,32.135,31.928,31.729,32.149,34.047,40.802,51.618,54.641,54.673,52.608,53.113,52.696,52.885,52.977,52.714,53.374,59.408,58.487,54.841,49.661,44.365,41.458,38.378
33.322,32.458,32.256,32.035,32.449,34.306,40.927,51.700,54.649,54.765,52.692,53.160,52.720,52.933,53.038,52.733,53.383,59.424,58.506,54.844,49.670,44.444,41.602,38.584
33.592,32.718,32.520,32.323,32.732,34.586,41.226,51.704,54.711,54.766,52.738,53.240,52.818,53.000,53.106,52.771,53.481,59.441,58.507,54.847,49.798,44.649,41.815,38.848
33.785,32.920,32.753,32.569,32.968,34.829,41.405,51.998,54.883,54.776,52.879,53.403,52.935,53.128,53.171,52.931,53.492,59.449,58.549,54.859,49.976,44.892,42.088,39.106
33.957,33.097,32.932,32.752,33.147,34.995,41.490,52.047,54.929,54.797,52.899,53.442,52.951,53.143,53.179,52.936,53.493,59.501,58.564,54.863,50.028,44.988,42.205,39.221
34.128,33.289,33.135,32.949,33.337,35.164,41.572,52.065,54.933,54.805,52.906,53.446,52.979,53.165,53.182,52.954,53.510,59.546,58.628,54.866,50.041,45.054,42.316,39.366
34.281,33.435,33.286,33.120,33.504,35.324,41.666,52.113,54.954,54.908,52.931,53.481,52.987,53.171,53.186,52.960,53.514,59.561,58.639,54.894,50.087,45.151,42.425,39.470
34.406,33.577,33.434,33.260,33.640,35.444,41.727,52.121,54.959,55.014,52.940,53.488,52.989,53.190,53.191,52.972,53.534,59.611,58.654,54.909,50.097,45.196,42.502,39.574
34.508,33.702,33.558,33.355,33.737,35.526,41.753,52.183,55.058,55.025,52.956,53.535,52.994,53.200,53.198,52.983,53.538,59.617,58.671,54.921,50.124,45.254,42.584,39.658
34.617,33.815,33.668,33.459,33.842,35.629,41.825,52.220,55.066,55.031,52.960,53.535,53.007,53.200,53.215,53.012,53.547,59.629,58.682,54.948,50.178,45.369,42.699,39.748
34.839,34.068,33.919,33.679,34.060,35.810,41.970,52.225,55.078,55.123,52.973,53.539,53.011,53.203,53.226,53.018,53.567,59.635,58.731,54.990,50.219,45.389,42.770,39.925
35.009,34.254,34.096,33.836,34.219,35.947,42.054,52.300,55.176,55.163,53.017,53.607,53.049,53.263,53.239,53.084,53.602,59.786,58.784,55.035,50.251,45.452,42.854,40.031
35.117,34.373,34.211,33.935,34.320,36.040,42.121,52.309,55.220,55.236,53.062,53.666,53.128,53.319,53.314,53.096,53.633,59.874,58.837,55.039,50.295,45.532,42.943,40.120
35.221,34.473,34.311,34.041,34.425,36.149,42.238,52.405,55.263,55.287,53.117,53.696,53.130,53.353,53.320,53.189,53.714,59.907,58.897,55.101,50.404,45.650,43.056,40.229
35.352,34.626,34.461,34.165,34.550,36.252,42.317,52.423,55.295,55.340,53.144,53.732,53.179,53.390,53.369,53.209,53.729,59.955,58.909,55.291,50.419,45.679,43.113,40.336
35.481,34.756,34.585,34.285,34.671,36.367,42.436,52.459,55.301,55.499,53.177,53.745,53.189,53.414,53.389,53.259,53.773,60.034,58.928,55.416,50.485,45.765,43.200,40.442
35.600,34.868,34.700,34.411,34.796,36.499,42.597,52.617,55.441,55.611,53.352,53.905,53.356,53.581,53.559,53.425,53.952,60.053,59.010,55.473,50.637,45.913,43.342,40.586
35.716,34.985,34.821,34.533,34.916,36.619,42.728,52.705,55.503,55.729,53.450,53.987,53.416,53.662,53.617,53.516,54.060,60.082,59.078,55.575,50.714,46.013,43.447,40.714
35.835,35.128,34.967,34.652,35.035,36.720,42.807,52.731,55.521,55.820,53.462,53.993,53.437,53.667,53.643,53.525,54.090,60.154,59.097,55.614,50.717,46.059,43.524,40.836
35.938,35.230,35.069,34.756,35.139,36.823,42.918,52.819,55.597,55.821,53.556,54.079,53.483,53.752,53.678,53.618,54.186,60.171,59.099,55.620,50.806,46.155,43.620,40.940
36.025,35.299,35.133,34.843,35.226,36.918,43.004,52.866,55.678,55.979,53.560,54.103,53.506,53.753,53.710,53.637,54.207,60.208,59.186,55.628,50.831,46.228,43.711,40.998
36.129,35.464,35.297,34.926,35.313,36.967,43.008,52.921,55.702,55.994,53.666,54.195,53.651,53.882,53.860,53.736,54.274,60.286,59.237,55.736,50.950,46.266,43.735,41.100
36.244,35.539,35.366,35.045,35.431,37.103,43.182,53.006,55.782,56.032,53.742,54.265,53.709,53.953,53.923,53.827,54.362,60.295,59.316,55.792,51.048,46.392,43.859,41.191
36.316,35.610,35.439,35.122,35.506,37.178,43.247,53.068,55.840,56.123,53.803,54.326,53.770,54.013,53.982,53.884,54.422,60.351,59.376,55.915,51.107,46.458,43.928,41.260
36.406,35.694,35.526,35.220,35.602,37.278,43.367,53.160,55.907,56.183,53.911,54.417,53.870,54.112,54.085,53.985,54.534,60.367,59.382,55.958,51.198,46.555,44.022,41.365
36.473,35.764,35.594,35.282,35.665,37.339,43.415,53.220,55.980,56.216,53.962,54.477,53.926,54.168,54.135,54.041,54.583,60.495,59.460,55.969,51.260,46.615,44.084,41.422
36.573,35.875,35.708,35.390,35.772,37.434,43.473,53.241,55.992,56.354,53.972,54.488,53.927,54.172,54.140,54.046,54.594,60.540,59.504,56.093,51.272,46.661,44.150,41.506
36.662,35.971,35.810,35.487,35.866,37.528,43.572,53.329,56.067,56.419,54.061,54.568,53.993,54.247,54.197,54.124,54.697,60.656,59.613,56.169,51.331,46.744,44.244,41.620
36.742,36.052,35.891,35.567,35.947,37.607,43.661,53.382,56.103,56.552,54.122,54.617,54.045,54.301,54.253,54.184,54.763,60.782,59.708,56.325,51.386,46.809,44.311,41.703
36.849,36.155,35.997,35.679,36.057,37.721,43.803,53.497,56.193,56.670,54.253,54.729,54.162,54.422,54.375,54.308,54.902,60.849,59.752,56.419,51.496,46.924,44.424,41.831
36.944,36.257,36.103,35.780,36.157,37.819,43.883,53.595,56.297,56.755,54.341,54.823,54.242,54.505,54.447,54.389,54.993,60.916,59.789,56.469,51.570,47.015,44.525,41.934
37.040,36.365,36.210,35.871,36.249,37.900,43.951,53.637,56.342,56.781,54.373,54.856,54.262,54.532,54.466,54.424,55.033,61.022,59.865,56.499,51.606,47.069,44.593,42.022
37.129,36.468,36.314,35.962,36.340,37.981,43.999,53.680,56.393,56.827,54.399,54.891,54.280,54.556,54.477,54.449,55.062,61.099,59.941,56.598,51.633,47.121,44.662,42.102
37.220,36.563,36.415,36.061,36.437,38.077,44.087,53.764,56.470,56.936,54.482,54.970,54.348,54.628,54.541,54.522,55.152,61.146,59.954,56.686,51.696,47.204,44.755,42.206
37.294,36.642,36.500,36.143,36.517,38.157,44.151,53.857,56.569,57.046,54.564,55.060,54.423,54.706,54.605,54.595,55.238,61.162,59.955,56.694,51.761,47.284,44.843,42.292
37.381,36.738,36.598,36.236,36.608,38.239,44.199,53.877,56.585,57.074,54.574,55.072,54.427,54.712,54.607,54.601,55.248,61.279,60.051,56.776,51.775,47.325,44.901,42.363
37.455,36.819,36.679,36.308,36.681,38.310,44.263,53.962,56.683,57.183,54.649,55.156,54.498,54.787,54.673,54.677,55.327,61.307,60.062,56.815,51.847,47.400,44.981,42.442
37.525,36.897,36.758,36.378,36.751,38.373,44.322,53.981,56.690,57.236,54.668,55.166,54.503,54.798,54.678,54.695,55.354,61.346,60.092,56.841,51.861,47.435,45.027,42.511
37.581,36.958,36.818,36.432,36.805,38.422,44.360,54.012,56.725,57.279,54.693,55.194,54.525,54.821,54.698,54.720,55.379,61.414,60.149,56.930,51.889,47.471,45.070,42.560
37.649,37.025,36.889,36.508,36.879,38.498,44.443,54.080,56.778,57.355,54.768,55.260,54.591,54.889,54.764,54.788,55.460,61.508,60.245,57.024,51.948,47.541,45.142,42.641
37.719,37.091,36.956,36.579,36.950,38.572,44.523,54.174,56.873,57.441,54.864,55.356,54.689,54.986,54.862,54.883,55.554,61.586,60.304,57.101,52.041,47.628,45.224,42.716
37.800,37.176,37.044,36.666,37.036,38.656,44.600,54.242,56.933,57.525,54.931,55.419,54.746,55.046,54.917,54.944,55.626,61.674,60.366,57.188,52.096,47.698,45.302,42.804
37.882,37.263,37.135,36.752,37.121,38.738,44.681,54.309,56.991,57.623,54.997,55.480,54.798,55.103,54.967,55.004,55.700,61.768,60.446,57.306,52.146,47.767,45.379,42.896
37.989,37.369,37.246,36.871,37.237,38.857,44.800,54.410,57.071,57.724,55.105,55.578,54.897,55.202,55.064,55.101,55.812,61.853,60.514,57.385,52.235,47.873,45.490,43.015
38.068,37.451,37.331,36.954,37.319,38.937,44.875,54.482,57.140,57.812,55.174,55.646,54.958,55.266,55.123,55.166,55.885,61.979,60.592,57.494,52.295,47.945,45.568,43.100
38.169,37.562,37.448,37.064,37.427,39.041,44.968,54.569,57.219,57.944,55.256,55.724,55.018,55.334,55.176,55.236,55.978,62.110,60.725,57.589,52.351,48.029,45.668,43.218
38.280,37.677,37.560,37.167,37.533,39.144,45.060,54.686,57.358,58.063,55.362,55.843,55.132,55.448,55.288,55.349,56.081,62.177,60.798,57.682,52.471,48.140,45.779,43.319
38.362,37.753,37.638,37.255,37.619,39.234,45.156,54.772,57.430,58.133,55.455,55.929,55.225,55.539,55.382,55.438,56.174,62.203,60.854,57.718,52.557,48.229,45.865,43.406
38.466,37.852,37.736,37.362,37.725,39.338,45.236,54.846,57.506,58.154,55.526,56.007,55.314,55.619,55.470,55.512,56.231,62.344,60.999,57.863,52.651,48.320,45.954,43.482
38.551,37.930,37.815,37.446,37.810,39.430,45.349,54.980,57.640,58.284,55.668,56.146,55.457,55.761,55.615,55.652,56.374,62.375,61.018,57.884,52.784,48.438,46.062,43.583
38.629,38.019,37.902,37.521,37.885,39.496,45.398,55.001,57.664,58.333,55.680,56.160,55.463,55.772,55.620,55.669,56.390,62.495,61.152,58.023,52.805,48.475,46.112,43.648
38.725,38.115,37.997,37.615,37.979,39.593,45.512,55.125,57.788,58.472,55.808,56.285,55.585,55.896,55.743,55.795,56.522,62.516,61.191,58.256,52.922,48.587,46.221,43.758
38.842,38.211,38.100,37.747,38.108,39.740,45.703,55.325,57.957,58.630,56.037,56.494,55.816,56.119,55.980,56.010,56.750,62.685,61.339,58.347,53.121,48.771,46.384,43.909
38.939,38.310,38.212,37.867,38.223,39.855,45.786,55.417,58.035,58.726,56.121,56.578,55.886,56.191,56.037,56.073,56.839,62.790,61.398,58.404,53.174,48.861,46.491,44.021
39.032,38.408,38.310,37.962,38.318,39.944,45.867,55.467,58.077,58.787,56.171,56.624,55.930,56.237,56.082,56.123,56.892,62.835,61.438,58.460,53.226,48.927,46.564,44.108
39.115,38.495,38.392,38.034,38.392,40.015,45.928,55.544,58.175,58.868,56.238,56.702,56.004,56.312,56.156,56.199,56.955,62.922,61.531,58.477,53.311,49.002,46.639,44.176
39.201,38.585,38.484,38.124,38.481,40.100,46.011,55.600,58.217,58.939,56.295,56.752,56.052,56.362,56.203,56.253,57.017,62.978,61.575,58.530,53.361,49.068,46.713,44.264
39.290,38.670,38.568,38.214,38.571,40.191,46.073,55.701,58.340,58.993,56.384,56.860,56.162,56.464,56.308,56.345,57.093,63.059,61.674,58.580,53.470,49.165,46.808,44.332
39.387,38.760,38.659,38.313,38.670,40.297,46.213,55.834,58.456,59.128,56.534,56.995,56.305,56.608,56.457,56.490,57.247,63.189,61.809,58.745,53.603,49.290,46.923,44.451
39.476,38.858,38.763,38.414,38.767,40.388,46.261,55.884,58.509,59.184,56.567,57.039,56.334,56.638,56.475,56.516,57.281,63.249,61.839,58.774,53.633,49.349,46.999,44.531
39.585,38.957,38.861,38.521,38.876,40.504,46.410,56.033,58.648,59.323,56.732,57.193,56.500,56.802,56.648,56.681,57.446,63.389,61.995,58.945,53.790,49.489,47.126,44.655
39.692,39.071,38.972,38.622,38.977,40.599,46.510,56.095,58.703,59.416,56.796,57.249,56.554,56.861,56.705,56.749,57.516,63.457,62.058,59.026,53.856,49.565,47.209,44.758
39.810,39.198,39.099,38.732,39.089,40.710,46.628,56.241,58.866,59.616,56.933,57.392,56.679,56.995,56.827,56.887,57.662,63.663,62.232,59.186,53.981,49.691,47.338,44.892
39.962,39.367,39.272,38.885,39.242,40.854,46.782,56.350,58.957,59.819,57.042,57.485,56.751,57.083,56.898,56.988,57.793,63.830,62.341,59.353,54.059,49.806,47.472,45.069
40.083,39.496,39.400,39.005,39.362,40.969,46.881,56.454,59.071,59.940,57.136,57.586,56.841,57.176,56.984,57.082,57.888,63.953,62.448,59.449,54.155,49.911,47.585,45.185
40.189,39.606,39.512,39.113,39.470,41.074,46.989,56.541,59.147,60.051,57.224,57.667,56.918,57.257,57.061,57.167,57.983,64.051,62.530,59.554,54.233,50.002,47.683,45.297
40.324,39.750,39.664,39.259,39.613,41.217,47.142,56.687,59.277,60.265,57.372,57.804,57.035,57.385,57.173,57.300,58.150,64.254,62.672,59.750,54.337,50.137,47.831,45.470
40.470,39.893,39.811,39.408,39.762,41.373,47.308,56.899,59.497,60.482,57.584,58.019,57.244,57.595,57.378,57.504,58.363,64.494,62.896,59.966,54.529,50.322,48.011,45.638
40.603,40.030,39.951,39.545,39.899,41.508,47.434,57.037,59.638,60.633,57.716,58.154,57.371,57.724,57.501,57.632,58.498,64.650,63.034,60.103,54.653,50.455,48.149,45.777
40.754,40.172,40.095,39.699,40.052,41.671,47.636,57.234,59.815,60.838,57.932,58.354,57.578,57.931,57.713,57.841,58.721,64.851,63.233,60.341,54.844,50.639,48.324,45.956
40.898,40.331,40.247,39.829,40.185,41.790,47.750,57.299,59.883,60.951,57.990,58.410,57.626,57.988,57.765,57.911,58.785,64.931,63.307,60.417,54.920,50.727,48.423,46.082
41.118,40.586,40.501,40.038,40.395,41.975,47.923,57.370,59.940,61.168,58.048,58.454,57.636,58.024,57.775,57.973,58.872,65.076,63.380,60.550,54.967,50.835,48.570,46.302
41.262,40.718,40.632,40.181,40.539,42.128,48.123,57.543,60.088,61.331,58.246,58.630,57.832,58.217,57.981,58.170,59.073,65.225,63.553,60.763,55.154,51.007,48.726,46.464
41.421,40.874,40.789,40.341,40.699,42.289,48.307,57.696,60.220,61.498,58.412,58.780,57.988,58.376,58.143,58.334,59.245,65.373,63.700,60.949,55.308,51.165,48.882,46.635
41.583,41.046,40.956,40.494,40.853,42.435,48.471,57.797,60.305,61.654,58.520,58.872,58.077,58.474,58.238,58.447,59.364,65.488,63.805,61.091,55.414,51.286,49.011,46.798
41.805,41.285,41.189,40.698,41.061,42.631,48.671,57.966,60.485,61.896,58.680,59.032,58.221,58.631,58.386,58.618,59.535,65.702,63.999,61.281,55.583,51.464,49.200,47.013
42.025,41.505,41.403,40.908,41.273,42.841,48.906,58.154,60.660,62.095,58.880,59.219,58.419,58.831,58.594,58.828,59.738,65.873,64.191,61.494,55.794,51.668,49.400,47.229
42.367,41.838,41.731,41.239,41.606,43.183,49.316,58.545,61.035,62.506,59.297,59.614,58.829,59.244,59.018,59.250,60.162,66.268,64.607,61.940,56.199,52.047,49.759,47.597
42.687,42.113,41.999,41.555,41.924,43.530,49.752,58.983,61.441,62.817,59.788,60.078,59.357,59.750,59.570,59.749,60.634,66.589,65.046,62.396,56.702,52.472,50.129,47.928
42.961,42.380,42.268,41.837,42.204,43.812,50.056,59.232,61.654,63.059,60.058,60.325,59.618,60.011,59.838,60.012,60.908,66.805,65.271,62.681,56.959,52.739,50.394,48.211
43.243,42.688,42.579,42.117,42.484,44.076,50.215,59.487,61.983,63.334,60.251,60.575,59.822,60.218,60.015,60.208,61.093,67.131,65.542,62.835,57.178,52.980,50.665,48.456
43.553,42.954,42.843,42.448,42.811,44.419,50.477,59.827,62.347,63.380,60.585,60.950,60.256,60.603,60.444,60.550,61.362,67.260,65.822,62.991,57.598,53.341,50.993,48.677
44.066,43.400,43.278,42.961,43.323,44.967,51.088,60.463,62.963,63.749,61.275,61.630,61.033,61.336,61.248,61.258,62.001,67.672,66.438,63.561,58.352,53.980,51.556,49.153
44.475,43.757,43.624,43.365,43.729,45.402,51.583,60.983,63.471,64.069,61.840,62.186,61.666,61.935,61.903,61.839,62.528,68.026,66.954,64.038,58.965,54.496,52.010,49.538
44.829,44.124,43.981,43.692,44.062,45.731,51.913,61.375,63.918,64.506,62.209,62.582,62.043,62.318,62.279,62.228,62.898,68.485,67.406,64.405,59.358,54.860,52.371,49.885
45.599,44.908,44.778,44.467,44.838,46.521,52.734,62.376,64.969,65.632,63.190,63.584,62.989,63.280,63.203,63.184,63.905,69.686,68.483,65.448,60.251,55.749,53.260,50.753
46.627,45.929,45.772,45.416,45.807,47.522,53.967,63.760,66.419,67.183,64.611,64.994,64.396,64.709,64.644,64.645,65.356,71.270,70.080,66.974,61.639,56.989,54.424,51.896
47.855,47.109,46.925,46.592,46.996,48.751,55.404,65.234,67.894,68.601,66.162,66.509,65.985,66.285,66.280,66.234,66.898,72.696,71.663,68.531,63.211,58.402,55.741,53.169
50.524,49.583,49.332,49.126,49.566,51.499,58.789,69.138,71.904,72.153,70.277,70.591,70.291,70.517,70.702,70.443,70.947,76.505,75.968,72.550,67.354,61.941,58.925,56.041
