5.382,4.029,3.281,3.273,3.743,4.326,13.813,20.687,21.855,15.144,11.371,9.586,7.697,4.441,0.978,-0.685,3.068,11.326,19.314,24.143,25.405,19.659,14.082,9.896
11.455,9.908,8.970,8.706,9.268,10.163,18.117,24.678,26.020,20.209,17.267,14.942,13.247,11.148,7.763,5.488,9.425,16.180,23.621,28.927,29.262,23.314,18.551,15.176
14.044,12.437,11.344,11.073,11.675,12.673,20.057,26.371,27.704,22.308,19.677,17.250,15.580,13.732,10.470,8.276,12.218,18.645,25.846,30.947,30.998,25.184,20.762,17.619
15.366,13.813,12.750,12.557,13.127,14.154,21.325,27.452,28.641,23.325,20.809,18.689,17.126,15.398,12.524,10.401,13.916,19.987,26.849,31.889,32.113,26.389,22.019,18.880
16.688,15.176,14.138,13.956,14.509,15.532,22.418,28.343,29.477,24.345,21.950,19.928,18.435,16.823,14.108,12.028,15.370,21.152,27.751,32.674,32.894,27.320,23.101,20.071
17.525,16.030,15.006,14.818,15.365,16.382,23.137,28.978,30.101,25.056,22.714,20.709,19.244,17.691,15.018,12.938,16.234,21.886,28.379,33.264,33.461,27.948,23.804,20.837
18.283,16.841,15.877,15.738,16.251,17.284,23.896,29.616,30.630,25.609,23.339,21.588,20.223,18.786,16.416,14.331,17.272,22.595,28.816,33.734,34.093,28.615,24.484,21.519
18.861,17.442,16.503,16.353,16.859,17.867,24.381,30.020,31.032,26.089,23.847,22.097,20.752,19.340,16.972,14.898,17.825,23.068,29.205,34.063,34.399,29.003,24.939,22.033
19.346,17.917,16.959,16.794,17.307,18.322,24.739,30.340,31.370,26.504,24.307,22.503,21.157,19.785,17.390,15.316,18.291,23.490,29.605,34.430,34.693,29.325,25.328,22.478
19.747,18.352,17.427,17.300,17.793,18.813,25.177,30.709,31.668,26.801,24.631,22.992,21.699,20.365,18.153,16.102,18.860,23.907,29.872,34.694,35.071,29.733,25.729,22.859
20.095,18.731,17.840,17.745,18.219,19.240,25.578,31.062,31.960,27.078,24.921,23.424,22.175,20.868,18.807,16.769,19.344,24.269,30.117,34.945,35.430,30.111,26.087,23.194
20.412,19.072,18.207,18.106,18.571,19.561,25.872,31.308,32.208,27.359,25.195,23.699,22.456,21.131,19.050,17.033,19.612,24.529,30.339,35.109,35.594,30.344,26.350,23.482
20.674,19.344,18.487,18.378,18.842,19.809,26.107,31.515,32.428,27.609,25.436,23.911,22.661,21.311,19.183,17.187,19.809,24.756,30.566,35.281,35.744,30.545,26.577,23.730
20.993,19.667,18.810,18.691,19.155,20.115,26.339,31.699,32.619,27.862,25.717,24.169,22.924,21.595,19.453,17.466,20.107,25.013,30.785,35.457,35.880,30.727,26.813,24.010
21.259,19.955,19.124,19.015,19.467,20.419,26.602,31.917,32.811,28.070,25.937,24.451,23.232,21.924,19.846,17.865,20.421,25.246,30.941,35.602,36.066,30.946,27.042,24.248
21.496,20.209,19.405,19.305,19.746,20.692,26.879,32.182,33.054,28.293,26.155,24.729,23.531,22.230,20.206,18.217,20.698,25.472,31.121,35.801,36.318,31.200,27.280,24.475
21.732,20.461,19.672,19.586,20.018,20.970,27.097,32.355,33.193,28.451,26.344,24.993,23.827,22.569,20.641,18.653,21.024,25.687,31.244,35.928,36.486,31.385,27.479,24.682
21.911,20.648,19.867,19.794,20.220,21.184,27.260,32.487,33.298,28.569,26.492,25.202,24.062,22.849,21.005,19.009,21.289,25.853,31.338,36.040,36.630,31.528,27.631,24.839
22.114,20.864,20.091,20.029,20.449,21.410,27.458,32.652,33.441,28.727,26.660,25.416,24.291,23.085,21.292,19.315,21.536,26.057,31.491,36.168,36.787,31.712,27.824,25.033
22.271,21.030,20.270,20.219,20.631,21.606,27.600,32.766,33.527,28.822,26.787,25.608,24.515,23.362,21.659,19.663,21.783,26.189,31.545,36.255,36.909,31.826,27.945,25.161
22.479,21.261,20.526,20.484,20.885,21.841,27.831,32.961,33.704,29.001,26.956,25.826,24.746,23.577,21.906,19.934,22.001,26.386,31.696,36.370,37.066,32.027,28.147,25.360
22.611,21.389,20.652,20.610,21.013,21.977,27.955,33.087,33.826,29.125,27.090,25.966,24.891,23.739,22.085,20.104,22.156,26.517,31.818,36.510,37.206,32.153,28.274,25.488
22.753,21.534,20.802,20.761,21.162,22.125,28.106,33.238,33.975,29.268,27.232,26.116,25.044,23.896,22.249,20.261,22.303,26.653,31.948,36.649,37.353,32.297,28.414,25.627
22.898,21.689,20.969,20.938,21.332,22.298,28.264,33.380,34.096,29.384,27.357,26.292,25.239,24.109,22.520,20.529,22.502,26.796,32.045,36.759,37.499,32.444,28.555,25.762
23.102,21.914,21.218,21.195,21.579,22.532,28.480,33.561,34.257,29.552,27.524,26.509,25.474,24.345,22.798,20.819,22.731,26.980,32.174,36.868,37.647,32.625,28.741,25.950
23.254,22.063,21.357,21.340,21.726,22.678,28.636,33.715,34.409,29.706,27.674,26.658,25.614,24.464,22.913,20.959,22.880,27.165,32.370,37.034,37.813,32.804,28.918,26.119
23.361,22.173,21.466,21.457,21.841,22.798,28.743,33.811,34.493,29.793,27.771,26.779,25.742,24.602,23.083,21.135,23.022,27.282,32.465,37.127,37.920,32.912,29.028,26.226
23.509,22.327,21.631,21.612,21.995,22.937,28.887,33.951,34.645,29.951,27.917,26.902,25.862,24.710,23.154,21.203,23.122,27.399,32.590,37.242,38.022,33.032,29.155,26.363
23.615,22.435,21.741,21.720,22.102,23.045,28.971,34.022,34.715,30.035,28.011,26.999,25.964,24.824,23.276,21.323,23.234,27.486,32.660,37.308,38.083,33.101,29.237,26.457
23.718,22.534,21.835,21.818,22.201,23.152,29.077,34.134,34.821,30.136,28.118,27.116,26.083,24.952,23.423,21.467,23.362,27.603,32.774,37.434,38.216,33.220,29.350,26.564
23.889,22.708,22.016,21.986,22.368,23.309,29.210,34.253,34.955,30.295,28.280,27.245,26.211,25.084,23.516,21.552,23.485,27.721,32.891,37.539,38.291,33.316,29.470,26.710
24.044,22.868,22.184,22.153,22.533,23.481,29.332,34.354,35.046,30.405,28.416,27.405,26.390,25.306,23.780,21.795,23.682,27.836,32.956,37.628,38.384,33.405,29.576,26.835
24.176,22.997,22.310,22.274,22.655,23.602,29.439,34.456,35.156,30.530,28.546,27.515,26.497,25.417,23.873,21.887,23.797,27.952,33.076,37.740,38.475,33.504,29.688,26.959
24.284,23.104,22.414,22.379,22.761,23.707,29.542,34.556,35.255,30.634,28.651,27.619,26.599,25.515,23.971,21.993,23.904,28.066,33.191,37.844,38.577,33.612,29.799,27.070
24.394,23.221,22.538,22.508,22.887,23.832,29.656,34.656,35.344,30.725,28.746,27.740,26.729,25.652,24.135,22.160,24.038,28.172,33.270,37.921,38.672,33.715,29.903,27.174
24.530,23.356,22.669,22.641,23.020,23.968,29.780,34.774,35.460,30.849,28.877,27.873,26.864,25.791,24.282,22.311,24.184,28.311,33.401,38.047,38.795,33.840,30.035,27.309
24.588,23.411,22.721,22.706,23.083,24.053,29.862,34.867,35.531,30.897,28.940,27.987,26.993,25.952,24.515,22.527,24.327,28.398,33.462,38.155,38.939,33.944,30.118,27.373
24.653,23.472,22.781,22.771,23.147,24.132,29.933,34.947,35.602,30.957,29.011,28.080,27.096,26.081,24.680,22.674,24.438,28.468,33.518,38.249,39.046,34.023,30.187,27.436
24.806,23.629,22.937,22.925,23.302,24.279,30.052,35.041,35.696,31.080,29.143,28.205,27.221,26.204,24.797,22.807,24.578,28.604,33.637,38.333,39.116,34.124,30.312,27.577
24.944,23.770,23.080,23.067,23.442,24.420,30.157,35.124,35.776,31.183,29.262,28.328,27.351,26.352,24.958,22.967,24.726,28.717,33.723,38.409,39.185,34.208,30.416,27.697
25.036,23.864,23.176,23.161,23.536,24.513,30.232,35.187,35.838,31.258,29.343,28.410,27.436,26.442,25.051,23.063,24.819,28.797,33.789,38.466,39.238,34.271,30.490,27.780
25.142,23.964,23.270,23.258,23.634,24.626,30.319,35.274,35.918,31.343,29.449,28.530,27.566,26.605,25.248,23.244,24.970,28.899,33.872,38.577,39.349,34.361,30.583,27.877
25.265,24.081,23.379,23.368,23.746,24.749,30.430,35.389,36.032,31.460,29.577,28.656,27.694,26.749,25.402,23.391,25.112,29.025,33.996,38.715,39.481,34.478,30.704,28.000
25.351,24.164,23.458,23.449,23.828,24.839,30.515,35.477,36.115,31.540,29.666,28.755,27.795,26.861,25.534,23.518,25.223,29.121,34.086,38.818,39.588,34.572,30.795,28.088
25.440,24.249,23.535,23.537,23.916,24.945,30.608,35.573,36.194,31.612,29.754,28.878,27.929,27.020,25.747,23.725,25.378,29.234,34.177,38.935,39.724,34.684,30.899,28.181
25.566,24.361,23.628,23.616,24.004,25.038,30.676,35.646,36.290,31.737,29.892,28.957,27.995,27.095,25.773,23.745,25.465,29.340,34.311,39.061,39.794,34.752,30.993,28.300
25.655,24.450,23.718,23.703,24.091,25.123,30.750,35.713,36.360,31.818,29.976,29.032,28.070,27.171,25.841,23.814,25.544,29.417,34.385,39.127,39.850,34.817,31.067,28.382
25.769,24.572,23.847,23.841,24.224,25.253,30.879,35.829,36.462,31.917,30.074,29.162,28.207,27.306,26.005,23.988,25.681,29.537,34.481,39.214,39.963,34.941,31.188,28.496
25.921,24.713,23.973,23.961,24.350,25.389,30.985,35.932,36.574,32.052,30.229,29.289,28.331,27.447,26.134,24.114,25.832,29.681,34.629,39.361,40.076,35.049,31.316,28.641
26.033,24.830,24.091,24.088,24.475,25.518,31.104,36.041,36.668,32.145,30.329,29.422,28.472,27.596,26.322,24.309,25.984,29.807,34.730,39.460,40.196,35.172,31.437,28.755
26.134,24.931,24.188,24.190,24.576,25.622,31.202,36.131,36.753,32.236,30.424,29.524,28.574,27.697,26.434,24.432,26.097,29.920,34.836,39.553,40.293,35.276,31.544,28.860
26.242,25.044,24.306,24.306,24.692,25.727,31.314,36.237,36.862,32.347,30.526,29.622,28.669,27.776,26.498,24.506,26.183,30.024,34.943,39.641,40.381,35.381,31.651,28.968
26.343,25.160,24.441,24.451,24.828,25.855,31.450,36.358,36.965,32.437,30.607,29.750,28.810,27.912,26.671,24.686,26.309,30.126,35.012,39.706,40.489,35.503,31.760,29.066
26.449,25.274,24.572,24.575,24.948,25.969,31.534,36.425,37.032,32.518,30.697,29.845,28.918,28.041,26.808,24.805,26.412,30.180,35.034,39.740,40.522,35.546,31.817,29.142
26.558,25.383,24.678,24.685,25.057,26.084,31.635,36.519,37.119,32.610,30.800,29.961,29.039,28.175,26.963,24.960,26.547,30.292,35.131,39.839,40.626,35.647,31.922,29.248
26.677,25.506,24.801,24.814,25.185,26.213,31.753,36.625,37.215,32.712,30.907,30.088,29.171,28.308,27.120,25.128,26.689,30.422,35.242,39.939,40.738,35.768,32.045,29.369
26.799,25.638,24.945,24.954,25.321,26.333,31.871,36.726,37.321,32.828,31.014,30.188,29.271,28.394,27.185,25.201,26.776,30.516,35.330,40.002,40.798,35.858,32.145,29.479
26.910,25.749,25.056,25.063,25.431,26.440,31.980,36.834,37.432,32.942,31.126,30.292,29.371,28.487,27.267,25.287,26.874,30.627,35.447,40.110,40.901,35.966,32.256,29.592
27.002,25.845,25.159,25.168,25.532,26.542,32.067,36.912,37.504,33.017,31.207,30.389,29.478,28.608,27.407,25.421,26.983,30.703,35.500,40.172,40.972,36.039,32.332,29.672
27.112,25.951,25.261,25.265,25.632,26.642,32.164,37.012,37.610,33.130,31.322,30.487,29.571,28.701,27.484,25.497,27.080,30.809,35.617,40.285,41.070,36.137,32.436,29.781
27.198,26.042,25.357,25.363,25.728,26.734,32.261,37.106,37.701,33.217,31.404,30.578,29.665,28.792,27.580,25.593,27.166,30.892,35.694,40.362,41.157,36.228,32.523,29.866
27.319,26.169,25.495,25.500,25.862,26.863,32.389,37.229,37.821,33.333,31.518,30.704,29.797,28.928,27.724,25.731,27.288,30.997,35.785,40.461,41.267,36.340,32.634,29.978
27.423,26.282,25.620,25.627,25.984,26.978,32.499,37.327,37.914,33.427,31.610,30.812,29.912,29.043,27.850,25.857,27.395,31.087,35.856,40.527,41.347,36.433,32.727,30.074
27.526,26.380,25.711,25.718,26.078,27.076,32.615,37.457,38.047,33.550,31.726,30.921,30.015,29.138,27.937,25.945,27.495,31.210,36.000,40.676,41.494,36.568,32.853,30.190
27.662,26.516,25.847,25.854,26.214,27.205,32.762,37.607,38.202,33.700,31.865,31.050,30.136,29.240,28.018,26.037,27.607,31.355,36.161,40.821,41.637,36.721,33.002,30.334
27.823,26.685,26.026,26.026,26.384,27.361,32.902,37.729,38.330,33.848,32.011,31.182,30.268,29.364,28.119,26.143,27.732,31.482,36.278,40.914,41.718,36.831,33.129,30.479
27.936,26.796,26.134,26.135,26.493,27.478,32.998,37.819,38.415,33.941,32.118,31.298,30.390,29.505,28.281,26.300,27.870,31.590,36.370,41.013,41.817,36.924,33.230,30.584
28.079,26.935,26.269,26.269,26.629,27.611,33.159,37.995,38.600,34.113,32.276,31.439,30.520,29.615,28.364,26.388,27.988,31.750,36.561,41.200,41.998,37.102,33.397,30.742
28.233,27.078,26.402,26.401,26.764,27.768,33.284,38.128,38.729,34.248,32.438,31.605,30.697,29.838,28.619,26.613,28.190,31.893,36.688,41.374,42.162,37.229,33.529,30.884
28.367,27.217,26.548,26.542,26.904,27.903,33.397,38.227,38.830,34.364,32.560,31.724,30.820,29.971,28.749,26.738,28.315,31.995,36.774,41.457,42.238,37.317,33.631,31.000
28.487,27.343,26.682,26.683,27.041,28.042,33.543,38.373,38.962,34.481,32.676,31.873,30.980,30.136,28.949,26.935,28.468,32.125,36.885,41.582,42.392,37.464,33.765,31.122
28.637,27.497,26.841,26.844,27.200,28.198,33.696,38.520,39.107,34.626,32.820,32.026,31.135,30.291,29.109,27.097,28.621,32.271,37.022,41.716,42.533,37.610,33.911,31.269
28.800,27.647,26.972,26.967,27.331,28.332,33.829,38.663,39.266,34.801,32.997,32.156,31.249,30.395,29.171,27.165,28.748,32.441,37.228,41.905,42.682,37.760,34.074,31.440
28.968,27.813,27.135,27.124,27.491,28.485,33.995,38.834,39.450,34.987,33.172,32.304,31.386,30.514,29.251,27.252,28.876,32.608,37.420,42.081,42.841,37.928,34.244,31.613
29.111,27.952,27.267,27.264,27.631,28.637,34.133,38.969,39.573,35.110,33.311,32.465,31.553,30.698,29.473,27.475,29.065,32.769,37.563,42.233,43.003,38.078,34.394,31.758
29.216,28.056,27.366,27.372,27.738,28.757,34.240,39.073,39.663,35.198,33.412,32.595,31.692,30.856,29.674,27.674,29.222,32.891,37.664,42.349,43.135,38.197,34.509,31.866
29.350,28.204,27.540,27.542,27.901,28.906,34.389,39.212,39.799,35.328,33.532,32.733,31.842,31.008,29.831,27.817,29.343,32.984,37.732,42.429,43.235,38.308,34.616,31.979
29.523,28.389,27.735,27.740,28.094,29.085,34.572,39.376,39.960,35.494,33.688,32.898,32.008,31.154,29.972,27.978,29.500,33.154,37.892,42.554,43.372,38.476,34.789,32.152
29.706,28.570,27.911,27.920,28.274,29.270,34.738,39.531,40.109,35.655,33.861,33.080,32.192,31.345,30.182,28.196,29.704,33.343,38.066,42.718,43.535,38.646,34.967,32.333
29.896,28.763,28.112,28.112,28.466,29.451,34.932,39.730,40.320,35.864,34.057,33.253,32.360,31.501,30.302,28.310,29.850,33.511,38.251,42.901,43.708,38.825,35.147,32.518
30.075,28.949,28.303,28.303,28.655,29.625,35.122,39.912,40.505,36.052,34.229,33.418,32.517,31.630,30.406,28.435,29.994,33.693,38.442,43.058,43.866,39.010,35.333,32.703
30.246,29.130,28.495,28.502,28.850,29.816,35.306,40.080,40.658,36.203,34.382,33.606,32.717,31.834,30.645,28.679,30.194,33.864,38.581,43.192,44.027,39.183,35.503,32.869
30.377,29.269,28.646,28.655,28.998,29.959,35.452,40.219,40.791,36.329,34.504,33.748,32.867,31.983,30.809,28.841,30.332,33.985,38.685,43.301,44.155,39.316,35.631,32.993
30.531,29.434,28.820,28.849,29.184,30.152,35.641,40.395,40.936,36.458,34.639,33.955,33.093,32.223,31.129,29.167,30.566,34.166,38.818,43.445,44.354,39.511,35.809,33.152
30.751,29.657,29.046,29.074,29.408,30.369,35.863,40.610,41.154,36.679,34.854,34.165,33.300,32.416,31.309,29.357,30.767,34.385,39.040,43.648,44.556,39.728,36.029,33.373
30.984,29.905,29.318,29.358,29.682,30.647,36.126,40.860,41.374,36.882,35.065,34.452,33.615,32.763,31.739,29.770,31.077,34.606,39.198,43.845,44.809,39.970,36.255,33.590
31.211,30.134,29.549,29.580,29.905,30.857,36.334,41.060,41.588,37.112,35.289,34.643,33.799,32.932,31.865,29.901,31.252,34.808,39.413,44.035,44.976,40.160,36.460,33.809
31.513,30.433,29.841,29.859,30.188,31.132,36.573,41.279,41.825,37.392,35.579,34.885,34.032,33.164,32.049,30.095,31.503,35.073,39.683,44.267,45.160,40.375,36.712,34.092
31.760,30.685,30.094,30.106,30.435,31.371,36.767,41.439,41.990,37.599,35.800,35.090,34.237,33.374,32.246,30.305,31.730,35.284,39.872,44.417,45.284,40.538,36.911,34.318
32.056,30.960,30.333,30.361,30.699,31.667,37.070,41.766,42.304,37.899,36.118,35.423,34.564,33.711,32.627,30.698,32.100,35.666,40.271,44.829,45.701,40.914,37.271,34.652
32.330,31.243,30.625,30.670,31.002,31.966,37.404,42.100,42.617,38.182,36.386,35.742,34.888,34.014,32.970,31.060,32.409,35.984,40.576,45.129,46.052,41.267,37.596,34.947
32.661,31.575,30.963,30.985,31.320,32.263,37.708,42.407,42.957,38.539,36.725,36.011,35.140,34.242,33.106,31.191,32.634,36.263,40.896,45.425,46.300,41.540,37.888,35.264
32.943,31.864,31.262,31.304,31.632,32.584,38.064,42.777,43.298,38.833,37.010,36.370,35.514,34.619,33.557,31.640,32.994,36.595,41.205,45.770,46.713,41.924,38.229,35.567
33.463,32.361,31.723,31.748,32.090,33.061,38.451,43.144,43.689,39.300,37.526,36.810,35.945,35.092,33.992,32.069,33.495,37.073,41.687,46.233,47.082,42.299,38.669,36.059
33.900,32.748,32.040,32.071,32.435,33.464,38.846,43.595,44.147,39.754,38.020,37.264,36.377,35.560,34.474,32.542,34.003,37.606,42.281,46.871,47.670,42.801,39.166,36.541
34.407,33.248,32.530,32.566,32.933,33.963,39.410,44.194,44.750,40.320,38.559,37.794,36.891,36.035,34.926,33.007,34.494,38.174,42.902,47.493,48.302,43.414,39.746,37.089
35.086,33.862,33.060,33.086,33.482,34.584,39.972,44.814,45.395,40.996,39.304,38.450,37.525,36.748,35.629,33.670,35.233,38.901,43.695,48.357,49.058,44.065,40.424,37.785
35.894,34.643,33.811,33.832,34.240,35.374,40.757,45.640,46.231,41.824,40.152,39.268,38.336,37.593,36.471,34.481,36.069,39.731,44.560,49.279,49.948,44.891,41.245,38.604
37.501,36.150,35.201,35.185,35.637,36.902,42.066,47.008,47.641,43.338,41.837,40.811,39.883,39.377,38.280,36.147,37.813,41.269,46.117,51.027,51.490,46.246,42.694,40.149
