-9.526,-14.136,-16.583,-15.895,-11.808,-0.482,12.922,23.560,25.671,21.542,14.127,13.911,11.547,13.378,14.535,16.939,20.549,31.694,46.815,57.705,55.895,50.178,43.366,33.834
-1.091,-4.782,-6.870,-5.625,-1.613,8.124,20.398,29.442,30.938,27.242,22.136,22.470,21.017,21.777,21.768,24.155,27.451,36.516,48.455,58.693,55.898,50.201,45.237,38.075
3.599,0.982,-0.574,0.466,3.559,11.335,22.391,32.631,33.776,30.428,24.969,25.570,24.356,23.765,25.662,26.902,30.093,38.736,50.337,58.749,56.059,50.244,45.342,38.766
6.804,4.922,3.626,4.854,7.734,14.442,24.871,35.083,35.857,32.743,27.997,28.941,28.148,26.569,28.780,29.580,32.677,40.537,50.341,58.885,56.108,50.294,45.346,39.734
8.885,7.097,5.960,7.121,9.703,15.801,25.622,35.396,36.138,33.184,28.688,29.597,28.892,27.404,29.427,30.235,33.171,40.541,50.346,58.914,56.149,50.340,45.359,39.795
9.840,8.237,7.071,8.206,10.830,16.888,26.421,35.939,36.598,33.760,29.390,30.306,29.607,27.962,30.206,30.808,33.660,40.872,50.400,58.919,56.165,50.402,45.437,39.916
10.815,9.339,8.228,9.297,11.792,17.597,26.823,36.281,36.905,34.158,29.776,30.679,29.984,28.262,30.716,31.167,33.951,41.032,50.436,59.196,56.170,50.477,45.467,39.941
11.325,10.052,8.929,9.951,12.445,18.193,27.231,36.758,37.310,34.641,30.190,31.114,30.399,28.436,31.335,31.509,34.260,41.334,50.442,59.250,56.209,50.501,45.491,39.970
11.920,10.717,9.624,10.584,12.986,18.584,27.398,36.867,37.407,34.803,30.314,31.211,30.479,28.500,31.552,31.624,34.322,41.345,50.500,59.338,56.274,50.533,45.560,39.993
12.259,11.053,9.976,10.935,13.312,18.854,27.610,37.003,37.541,34.952,30.512,31.405,30.686,28.735,31.722,31.817,34.496,41.443,50.809,59.549,56.280,50.625,45.588,40.055
12.525,11.463,10.390,11.364,13.757,19.247,27.982,37.519,37.996,35.429,30.980,31.929,31.236,29.056,32.296,32.232,34.925,41.885,50.916,59.554,56.301,50.667,45.616,40.273
12.954,12.058,11.020,11.997,14.352,19.684,28.308,37.963,38.372,35.848,31.410,32.415,31.762,29.348,32.844,32.609,35.295,42.206,51.002,59.578,56.336,50.778,45.754,40.358
13.227,12.363,11.353,12.333,14.647,19.887,28.482,38.184,38.581,36.063,31.633,32.654,32.022,29.563,33.084,32.832,35.518,42.400,51.184,59.605,56.384,50.816,45.800,40.510
13.482,12.683,11.687,12.668,14.965,20.138,28.677,38.408,38.777,36.281,31.862,32.902,32.287,29.741,33.356,33.038,35.717,42.570,51.290,59.619,56.455,50.846,45.814,40.591
13.692,12.817,11.812,12.787,15.088,20.299,28.828,38.418,38.817,36.318,31.939,32.947,32.320,29.909,33.356,33.130,35.791,42.608,51.313,59.619,56.486,50.867,45.863,40.764
13.899,13.098,12.106,13.087,15.376,20.521,29.007,38.645,39.012,36.532,32.165,33.199,32.593,30.076,33.628,33.330,35.989,42.783,51.425,59.646,56.664,50.903,45.922,40.835
14.079,13.232,12.261,13.262,15.532,20.631,29.122,38.679,39.057,36.568,32.282,33.317,32.739,30.290,33.660,33.455,36.110,42.833,51.439,59.648,56.807,50.968,45.953,40.977
14.264,13.425,12.451,13.440,15.704,20.796,29.246,38.773,39.150,36.674,32.383,33.408,32.822,30.380,33.774,33.552,36.194,42.907,51.489,59.755,56.808,51.045,46.007,41.046
14.366,13.612,12.635,13.644,15.936,21.014,29.459,39.026,39.373,36.910,32.648,33.706,33.131,30.571,34.058,33.775,36.423,43.128,51.627,59.883,56.813,51.126,46.017,41.144
14.526,13.715,12.737,13.735,16.015,21.105,29.533,39.037,39.386,36.922,32.670,33.712,33.149,30.654,34.079,33.815,36.450,43.135,51.644,59.920,56.819,51.238,46.146,41.246
14.652,13.798,12.815,13.823,16.114,21.234,29.695,39.140,39.515,37.039,32.814,33.842,33.268,30.851,34.150,33.967,36.605,43.281,51.798,59.945,56.847,51.386,46.375,41.462
14.748,13.953,12.951,13.953,16.275,21.432,29.883,39.372,39.725,37.261,33.007,34.046,33.461,30.956,34.406,34.134,36.773,43.484,51.965,60.003,56.910,51.388,46.434,41.567
14.936,14.118,13.116,14.107,16.420,21.572,29.984,39.396,39.758,37.304,33.067,34.088,33.497,31.048,34.443,34.197,36.820,43.501,51.975,60.065,56.954,51.412,46.494,41.634
15.116,14.312,13.328,14.318,16.601,21.692,30.069,39.486,39.844,37.397,33.169,34.195,33.615,31.155,34.551,34.301,36.918,43.570,52.016,60.068,57.028,51.436,46.547,41.691
15.232,14.497,13.521,14.511,16.788,21.837,30.188,39.676,40.006,37.573,33.332,34.381,33.812,31.248,34.773,34.443,37.063,43.718,52.134,60.148,57.034,51.488,46.552,41.733
15.336,14.637,13.662,14.673,16.967,22.003,30.362,39.860,40.169,37.739,33.540,34.613,34.066,31.437,34.977,34.626,37.251,43.886,52.244,60.246,57.040,51.559,46.618,41.852
15.483,14.813,13.856,14.876,17.152,22.129,30.475,40.006,40.301,37.874,33.694,34.785,34.259,31.585,35.138,34.774,37.401,44.012,52.346,60.261,57.210,51.615,46.690,41.940
15.597,14.943,13.986,15.003,17.277,22.246,30.580,40.120,40.409,37.989,33.802,34.896,34.368,31.673,35.263,34.877,37.502,44.113,52.439,60.270,57.247,51.696,46.758,42.018
15.755,15.110,14.143,15.139,17.413,22.396,30.678,40.177,40.467,38.064,33.858,34.935,34.388,31.705,35.344,34.927,37.536,44.147,52.449,60.444,57.318,51.727,46.767,42.045
15.929,15.291,14.328,15.321,17.586,22.549,30.797,40.261,40.548,38.155,33.967,35.042,34.499,31.820,35.449,35.031,37.629,44.213,52.478,60.465,57.329,51.755,46.812,42.114
16.045,15.380,14.437,15.436,17.674,22.597,30.875,40.379,40.677,38.268,34.076,35.154,34.622,31.968,35.538,35.162,37.772,44.355,52.675,60.484,57.353,51.925,47.041,42.288
16.175,15.524,14.590,15.593,17.819,22.678,30.955,40.438,40.730,38.329,34.163,35.246,34.726,32.060,35.619,35.242,37.845,44.395,52.676,60.529,57.353,51.941,47.048,42.320
16.208,15.531,14.623,15.645,17.842,22.704,30.989,40.518,40.826,38.425,34.260,35.359,34.834,32.199,35.690,35.363,37.969,44.492,52.735,60.530,57.390,52.054,47.217,42.492
16.379,15.679,14.730,15.733,17.979,22.914,31.157,40.552,40.852,38.426,34.302,35.363,34.861,32.257,35.700,35.381,37.989,44.544,52.769,60.649,57.398,52.090,47.260,42.507
16.494,15.797,14.849,15.848,18.089,23.015,31.239,40.580,40.887,38.493,34.375,35.433,34.904,32.331,35.773,35.451,38.033,44.545,52.847,60.707,57.424,52.116,47.264,42.561
16.582,15.879,14.938,15.944,18.178,23.085,31.314,40.655,40.963,38.566,34.463,35.524,35.004,32.436,35.845,35.541,38.125,44.623,52.898,60.781,57.426,52.123,47.273,42.608
16.746,16.140,15.222,16.218,18.417,23.227,31.388,40.828,41.101,38.729,34.597,35.686,35.179,32.476,36.071,35.654,38.236,44.725,52.912,60.782,57.427,52.126,47.286,42.618
16.942,16.371,15.463,16.444,18.617,23.375,31.474,40.922,41.185,38.832,34.686,35.775,35.267,32.533,36.199,35.737,38.307,44.779,52.938,60.798,57.438,52.161,47.337,42.652
17.027,16.503,15.598,16.592,18.775,23.516,31.623,41.127,41.366,39.017,34.878,35.991,35.498,32.681,36.418,35.910,38.489,44.964,53.096,60.802,57.469,52.220,47.340,42.727
17.160,16.674,15.778,16.782,18.959,23.657,31.739,41.244,41.465,39.126,35.020,36.150,35.676,32.807,36.566,36.034,38.609,45.051,53.125,60.816,57.587,52.231,47.341,42.770
17.243,16.782,15.887,16.887,19.062,23.748,31.807,41.323,41.535,39.205,35.094,36.228,35.755,32.854,36.663,36.098,38.670,45.110,53.164,60.818,57.605,52.242,47.355,42.793
17.338,16.862,15.971,16.976,19.147,23.823,31.880,41.360,41.576,39.245,35.160,36.293,35.826,32.951,36.702,36.166,38.734,45.151,53.188,60.828,57.616,52.276,47.408,42.865
17.437,16.969,16.085,17.103,19.276,23.932,31.991,41.463,41.671,39.340,35.290,36.434,35.985,33.092,36.814,36.287,38.856,45.249,53.253,60.849,57.660,52.323,47.477,42.958
17.507,17.057,16.168,17.206,19.405,24.077,32.165,41.644,41.838,39.503,35.486,36.649,36.214,33.280,36.998,36.465,39.043,45.430,53.394,60.895,57.718,52.454,47.596,43.113
17.622,17.174,16.285,17.319,19.513,24.176,32.236,41.680,41.873,39.546,35.541,36.699,36.263,33.339,37.050,36.516,39.084,45.453,53.400,60.922,57.721,52.454,47.607,43.142
17.723,17.332,16.448,17.482,19.671,24.298,32.334,41.836,42.007,39.693,35.675,36.851,36.423,33.415,37.233,36.634,39.203,45.575,53.492,60.970,57.755,52.498,47.614,43.177
17.853,17.464,16.578,17.602,19.789,24.419,32.430,41.909,42.080,39.774,35.751,36.919,36.483,33.484,37.317,36.708,39.269,45.635,53.539,60.995,57.784,52.555,47.666,43.239
17.959,17.587,16.694,17.700,19.885,24.524,32.505,41.989,42.158,39.863,35.807,36.966,36.514,33.505,37.409,36.761,39.316,45.698,53.605,61.086,57.797,52.624,47.690,43.276
18.062,17.697,16.804,17.803,19.983,24.613,32.566,42.034,42.203,39.916,35.857,37.012,36.557,33.549,37.469,36.809,39.356,45.730,53.622,61.103,57.893,52.641,47.700,43.303
18.156,17.863,16.961,17.950,20.143,24.774,32.694,42.214,42.356,40.088,35.999,37.168,36.706,33.598,37.685,36.925,39.469,45.865,53.720,61.204,57.917,52.695,47.712,43.324
18.226,17.963,17.055,18.046,20.254,24.893,32.803,42.330,42.459,40.199,36.114,37.291,36.831,33.680,37.818,37.023,39.567,45.964,53.787,61.229,57.948,52.746,47.717,43.381
18.299,18.059,17.157,18.163,20.372,24.990,32.919,42.485,42.607,40.343,36.269,37.465,37.012,33.821,37.980,37.171,39.724,46.102,53.911,61.360,58.045,52.861,47.820,43.499
18.441,18.173,17.278,18.272,20.461,25.063,32.967,42.491,42.621,40.365,36.292,37.466,37.021,33.877,37.986,37.207,39.749,46.121,53.938,61.374,58.200,52.869,47.895,43.554
18.583,18.306,17.419,18.400,20.566,25.139,32.997,42.497,42.627,40.370,36.299,37.472,37.022,33.901,37.990,37.219,39.751,46.129,53.954,61.403,58.297,52.901,47.897,43.557
18.684,18.407,17.524,18.510,20.670,25.233,33.105,42.616,42.752,40.496,36.422,37.594,37.143,34.027,38.112,37.347,39.882,46.239,54.064,61.547,58.383,53.013,48.043,43.688
18.738,18.490,17.595,18.588,20.778,25.374,33.265,42.804,42.925,40.670,36.596,37.780,37.331,34.160,38.305,37.502,40.044,46.421,54.228,61.667,58.390,53.161,48.143,43.820
18.860,18.582,17.691,18.680,20.854,25.442,33.329,42.844,42.980,40.721,36.644,37.817,37.363,34.242,38.335,37.566,40.104,46.474,54.303,61.767,58.494,53.257,48.271,43.919
18.952,18.648,17.759,18.754,20.931,25.523,33.423,42.902,43.045,40.780,36.730,37.899,37.448,34.367,38.384,37.656,40.194,46.547,54.351,61.775,58.580,53.346,48.394,44.039
19.068,18.760,17.858,18.837,21.022,25.643,33.505,42.922,43.070,40.818,36.763,37.913,37.451,34.392,38.422,37.683,40.205,46.554,54.372,61.780,58.684,53.359,48.395,44.060
19.156,18.794,17.895,18.888,21.071,25.697,33.588,42.946,43.112,40.846,36.832,37.975,37.519,34.538,38.424,37.767,40.289,46.612,54.414,61.805,58.710,53.459,48.562,44.208
19.235,18.869,17.976,18.979,21.163,25.786,33.713,43.113,43.278,41.000,36.986,38.139,37.692,34.698,38.571,37.925,40.461,46.795,54.624,61.982,58.780,53.655,48.760,44.387
19.303,18.914,18.012,19.021,21.220,25.872,33.808,43.156,43.327,41.047,37.058,38.204,37.756,34.798,38.610,37.996,40.527,46.850,54.662,62.005,58.812,53.723,48.846,44.483
19.426,19.072,18.182,19.200,21.391,25.999,33.923,43.288,43.454,41.180,37.208,38.365,37.921,34.928,38.748,38.133,40.667,46.971,54.751,62.014,58.864,53.768,48.891,44.555
19.556,19.164,18.271,19.276,21.458,26.078,33.982,43.296,43.468,41.196,37.223,38.372,37.941,34.981,38.766,38.162,40.684,46.977,54.765,62.038,58.931,53.827,48.981,44.627
19.676,19.225,18.327,19.335,21.522,26.167,34.076,43.300,43.482,41.204,37.270,38.392,37.945,35.102,38.774,38.219,40.732,46.996,54.772,62.068,58.983,53.895,49.109,44.748
19.808,19.379,18.478,19.466,21.645,26.288,34.157,43.382,43.572,41.307,37.337,38.451,37.988,35.129,38.858,38.284,40.788,47.066,54.844,62.144,59.156,53.962,49.141,44.783
19.872,19.425,18.531,19.554,21.749,26.392,34.331,43.568,43.756,41.469,37.554,38.689,38.256,35.390,39.019,38.499,41.021,47.285,55.060,62.265,59.214,54.165,49.384,45.027
19.938,19.477,18.583,19.622,21.827,26.476,34.443,43.663,43.852,41.557,37.674,38.816,38.395,35.540,39.104,38.618,41.145,47.395,55.159,62.304,59.327,54.270,49.513,45.162
20.083,19.567,18.677,19.737,21.947,26.604,34.605,43.749,43.953,41.643,37.824,38.963,38.558,35.777,39.171,38.776,41.304,47.516,55.264,62.307,59.479,54.412,49.733,45.378
20.190,19.632,18.734,19.795,22.014,26.700,34.711,43.791,44.011,41.695,37.896,39.019,38.609,35.896,39.200,38.856,41.379,47.580,55.329,62.337,59.595,54.523,49.876,45.512
20.348,19.792,18.880,19.930,22.165,26.891,34.895,43.963,44.184,41.873,38.052,39.166,38.739,36.029,39.375,39.009,41.527,47.749,55.500,62.522,59.786,54.715,50.032,45.675
20.434,19.935,19.026,20.096,22.345,27.050,35.061,44.176,44.368,42.062,38.268,39.413,39.009,36.202,39.611,39.198,41.725,47.937,55.637,62.573,59.857,54.793,50.084,45.779
20.537,20.091,19.170,20.260,22.547,27.274,35.308,44.464,44.628,42.324,38.550,39.724,39.334,36.430,39.915,39.449,41.986,48.208,55.858,62.692,60.038,54.973,50.209,45.965
20.699,20.278,19.367,20.461,22.738,27.432,35.465,44.668,44.823,42.519,38.741,39.928,39.548,36.600,40.125,39.636,42.179,48.401,56.053,62.906,60.196,55.131,50.361,46.118
20.783,20.381,19.484,20.596,22.867,27.526,35.585,44.842,44.984,42.674,38.912,40.122,39.764,36.768,40.295,39.803,42.359,48.575,56.227,63.060,60.335,55.261,50.498,46.258
20.903,20.539,19.639,20.756,23.039,27.698,35.762,45.063,45.189,42.882,39.113,40.339,39.985,36.925,40.527,39.990,42.551,48.780,56.417,63.236,60.492,55.418,50.616,46.401
21.066,20.701,19.802,20.908,23.179,27.832,35.880,45.189,45.319,43.015,39.223,40.441,40.078,37.028,40.652,40.107,42.665,48.903,56.559,63.434,60.635,55.564,50.755,46.523
21.239,20.841,19.928,21.043,23.341,28.044,36.114,45.351,45.490,43.181,39.424,40.634,40.270,37.267,40.806,40.305,42.860,49.087,56.720,63.504,60.846,55.769,50.981,46.764
21.357,20.950,20.014,21.130,23.465,28.232,36.309,45.490,45.630,43.323,39.582,40.783,40.408,37.424,40.949,40.450,43.000,49.232,56.835,63.540,60.998,55.922,51.113,46.927
21.504,21.116,20.173,21.283,23.626,28.401,36.447,45.599,45.732,43.438,39.702,40.902,40.522,37.524,41.082,40.557,43.097,49.319,56.882,63.545,61.027,55.971,51.146,46.995
21.669,21.232,20.295,21.412,23.747,28.523,36.595,45.713,45.864,43.556,39.841,41.032,40.657,37.726,41.170,40.713,43.256,49.465,57.053,63.714,61.243,56.172,51.401,47.217
21.793,21.358,20.422,21.544,23.882,28.661,36.754,45.903,46.052,43.737,40.016,41.213,40.841,37.895,41.349,40.890,43.440,49.662,57.267,63.942,61.459,56.376,51.596,47.403
22.028,21.563,20.635,21.740,24.051,28.809,36.876,45.996,46.162,43.850,40.112,41.289,40.906,38.021,41.437,41.005,43.546,49.759,57.391,64.140,61.602,56.526,51.779,47.549
22.143,21.745,20.829,21.939,24.238,28.945,36.995,46.204,46.343,44.040,40.289,41.493,41.125,38.132,41.670,41.165,43.713,49.931,57.545,64.310,61.669,56.604,51.817,47.614
22.332,21.903,20.978,22.077,24.380,29.119,37.170,46.344,46.499,44.194,40.427,41.612,41.227,38.288,41.798,41.314,43.857,50.086,57.724,64.521,61.894,56.824,52.040,47.815
22.418,22.113,21.197,22.348,24.688,29.385,37.496,46.837,46.928,44.619,40.894,42.159,41.829,38.653,42.316,41.729,44.306,50.543,58.111,64.763,62.148,57.065,52.205,48.071
22.605,22.288,21.374,22.534,24.877,29.577,37.712,47.054,47.148,44.831,41.119,42.388,42.064,38.897,42.521,41.958,44.540,50.775,58.352,64.987,62.402,57.308,52.463,48.321
22.724,22.490,21.560,22.755,25.156,29.889,38.072,47.493,47.543,45.225,41.543,42.860,42.561,39.238,42.979,42.335,44.938,51.193,58.703,65.188,62.693,57.590,52.661,48.605
22.889,22.631,21.674,22.880,25.330,30.153,38.390,47.782,47.837,45.508,41.836,43.149,42.840,39.538,43.244,42.622,45.231,51.513,59.027,65.445,63.086,57.957,53.001,48.954
23.139,22.935,22.007,23.247,25.681,30.423,38.706,48.234,48.261,45.919,42.266,43.629,43.363,39.941,43.693,43.043,45.680,51.958,59.478,65.888,63.451,58.303,53.347,49.304
23.383,23.231,22.336,23.613,26.027,30.678,39.015,48.687,48.686,46.328,42.698,44.114,43.897,40.352,44.138,43.468,46.134,52.406,59.936,66.339,63.820,58.650,53.704,49.660
23.682,23.557,22.628,23.865,26.305,31.036,39.330,49.008,49.006,46.668,42.951,44.342,44.076,40.517,44.473,43.713,46.368,52.704,60.252,66.750,64.159,59.000,53.942,49.905
23.965,23.759,22.833,24.131,26.607,31.363,39.749,49.296,49.306,46.937,43.376,44.781,44.562,41.094,44.730,44.134,46.798,53.055,60.537,66.755,64.514,59.331,54.409,50.403
24.288,24.065,23.146,24.481,26.972,31.719,40.152,49.665,49.671,47.287,43.807,45.233,45.048,41.583,45.092,44.557,47.230,53.444,60.882,66.941,64.862,59.670,54.806,50.829
24.796,24.608,23.691,25.002,27.474,32.207,40.616,50.219,50.220,47.844,44.284,45.708,45.503,41.990,45.648,45.041,47.717,53.979,61.471,67.691,65.423,60.229,55.301,51.292
25.320,25.033,24.150,25.514,27.967,32.666,41.227,50.879,50.909,48.472,44.975,46.419,46.261,42.828,46.211,45.776,48.492,54.740,62.337,68.556,66.371,61.096,56.299,52.186
26.265,25.853,24.957,26.285,28.721,33.519,42.179,51.910,52.008,49.526,45.879,47.271,47.051,43.780,47.117,46.763,49.502,55.882,63.745,70.345,67.976,62.605,57.786,53.461
27.272,26.477,25.601,27.024,29.470,34.357,43.299,52.731,52.957,50.352,46.938,48.284,48.118,45.342,47.730,47.932,50.702,56.976,64.978,71.341,69.596,64.086,59.674,55.152
28.893,27.758,27.019,28.645,31.003,35.719,45.205,54.856,55.178,52.353,49.168,50.605,50.621,48.100,49.512,50.325,53.244,59.460,67.842,74.219,72.712,66.914,62.987,58.084
