19.820,18.922,21.034,19.213,21.528,20.461,18.576,28.785,34.546,37.324,36.360,35.021,32.634,30.756,31.718,31.826,35.822,43.397,44.759,39.767,32.354,28.833,27.153,24.623
23.955,23.015,24.084,22.876,24.625,23.692,22.311,32.027,37.264,39.678,38.572,37.062,34.863,32.728,33.474,33.925,37.765,45.503,47.028,42.562,35.946,32.127,30.185,27.725
25.886,24.815,25.370,24.457,25.962,25.175,24.122,33.655,38.617,40.906,39.679,37.980,35.818,33.704,34.358,34.947,38.614,46.256,47.981,43.861,37.655,33.736,31.787,29.435
27.409,26.316,26.082,25.607,26.856,26.471,25.566,34.857,39.728,41.983,40.699,38.869,36.767,34.813,35.438,36.116,39.575,46.861,48.888,44.895,38.891,34.893,33.164,30.874
28.121,27.121,26.703,26.344,27.525,27.280,26.316,35.319,40.145,42.369,41.148,39.399,37.375,35.512,36.143,36.799,40.159,47.158,49.181,45.186,39.256,35.348,33.753,31.491
28.890,27.929,27.561,27.191,28.342,28.058,27.115,35.885,40.579,42.728,41.546,39.860,37.895,36.037,36.645,37.292,40.592,47.475,49.408,45.513,39.742,35.925,34.325,32.108
29.592,28.721,28.072,27.870,28.912,28.780,27.806,36.307,40.950,43.052,41.916,40.289,38.408,36.602,37.203,37.861,41.076,47.739,49.694,45.804,40.128,36.346,34.845,32.641
30.124,29.363,28.666,28.508,29.511,29.432,28.381,36.592,41.176,43.228,42.173,40.664,38.867,37.105,37.708,38.335,41.486,47.932,49.807,45.912,40.313,36.638,35.211,33.026
30.556,29.846,28.975,28.921,29.851,29.851,28.795,36.845,41.388,43.403,42.371,40.894,39.148,37.402,37.995,38.638,41.743,48.081,49.966,46.086,40.559,36.894,35.508,33.329
30.879,30.135,29.251,29.204,30.136,30.169,29.147,37.184,41.703,43.728,42.681,41.171,39.415,37.725,38.319,38.953,42.011,48.265,50.189,46.354,40.857,37.218,35.880,33.734
31.322,30.550,29.544,29.566,30.446,30.526,29.572,37.561,42.022,44.025,42.954,41.403,39.654,37.985,38.562,39.221,42.232,48.437,50.412,46.650,41.239,37.587,36.266,34.147
31.745,31.022,29.882,29.986,30.810,30.959,29.991,37.829,42.256,44.229,43.184,41.669,39.966,38.321,38.893,39.556,42.524,48.615,50.591,46.838,41.485,37.856,36.581,34.471
31.976,31.266,30.060,30.204,31.006,31.207,30.238,37.996,42.401,44.367,43.333,41.825,40.140,38.535,39.109,39.766,42.691,48.680,50.673,46.937,41.617,38.016,36.791,34.699
32.189,31.484,30.346,30.455,31.285,31.492,30.505,38.202,42.591,44.565,43.549,42.063,40.382,38.831,39.414,40.038,42.928,48.809,50.782,47.059,41.749,38.214,37.039,34.973
32.358,31.685,30.514,30.645,31.461,31.693,30.678,38.313,42.703,44.669,43.674,42.216,40.557,39.015,39.600,40.219,43.098,48.931,50.893,47.153,41.845,38.327,37.175,35.105
32.640,32.018,30.745,30.936,31.726,32.039,30.977,38.500,42.898,44.863,43.901,42.483,40.856,39.361,39.957,40.562,43.404,49.106,51.075,47.303,41.994,38.509,37.431,35.363
32.827,32.220,31.069,31.197,32.030,32.326,31.229,38.684,43.068,45.038,44.106,42.728,41.108,39.660,40.269,40.830,43.645,49.244,51.167,47.398,42.091,38.688,37.652,35.608
33.064,32.470,31.229,31.409,32.216,32.574,31.475,38.860,43.232,45.199,44.275,42.900,41.296,39.889,40.499,41.058,43.834,49.337,51.287,47.526,42.242,38.857,37.873,35.842
33.224,32.647,31.439,31.606,32.407,32.739,31.638,38.965,43.304,45.248,44.337,42.989,41.403,39.981,40.585,41.143,43.914,49.409,51.320,47.578,42.333,38.969,37.969,35.944
33.349,32.760,31.544,31.714,32.522,32.875,31.777,39.114,43.461,45.419,44.503,43.141,41.547,40.152,40.761,41.312,44.069,49.528,51.340,47.655,42.466,39.110,38.137,36.120
33.560,32.994,31.850,31.987,32.797,33.105,32.003,39.250,43.543,45.468,44.575,43.254,41.684,40.277,40.876,41.418,44.165,49.530,51.462,47.722,42.503,39.255,38.261,36.258
33.710,33.184,32.095,32.225,33.058,33.378,32.234,39.311,43.558,45.472,44.627,43.370,41.834,40.501,41.112,41.603,44.286,49.602,51.471,47.765,42.567,39.310,38.394,36.431
33.873,33.328,32.123,32.285,33.058,33.406,32.306,39.481,43.755,45.663,44.777,43.467,41.920,40.521,41.116,41.667,44.391,49.778,51.657,47.959,42.796,39.486,38.513,36.514
34.007,33.470,32.187,32.406,33.159,33.531,32.434,39.572,43.835,45.735,44.852,43.545,42.009,40.616,41.208,41.764,44.475,49.834,51.721,48.031,42.888,39.578,38.616,36.620
34.184,33.644,32.338,32.572,33.309,33.681,32.605,39.715,43.951,45.836,44.949,43.637,42.109,40.713,41.293,41.862,44.560,49.911,51.799,48.137,43.031,39.722,38.754,36.767
34.288,33.728,32.512,32.698,33.448,33.748,32.702,39.836,44.038,45.905,45.009,43.691,42.156,40.722,41.297,41.865,44.582,50.008,51.860,48.236,43.163,39.850,38.824,36.841
34.397,33.822,32.594,32.787,33.530,33.834,32.811,39.941,44.126,45.989,45.083,43.750,42.212,40.784,41.337,41.928,44.632,50.050,51.915,48.316,43.267,39.953,38.928,36.956
34.538,33.950,32.616,32.867,33.570,33.909,32.922,40.054,44.226,46.080,45.155,43.791,42.256,40.799,41.351,41.982,44.676,50.102,52.009,48.432,43.413,40.064,39.037,37.066
34.677,34.037,32.668,32.932,33.615,33.918,33.003,40.246,44.406,46.251,45.278,43.851,42.291,40.823,41.380,41.982,44.708,50.281,52.224,48.686,43.678,40.260,39.158,37.177
34.762,34.153,32.720,33.022,33.694,34.065,33.113,40.278,44.450,46.303,45.354,43.952,42.411,40.971,41.521,42.147,44.838,50.292,52.248,48.686,43.689,40.284,39.253,37.280
34.883,34.278,32.888,33.169,33.851,34.205,33.249,40.389,44.547,46.396,45.455,44.066,42.528,41.093,41.643,42.260,44.946,50.382,52.317,48.764,43.768,40.397,39.366,37.399
34.990,34.399,33.035,33.304,33.989,34.332,33.364,40.471,44.618,46.458,45.529,44.160,42.632,41.195,41.745,42.356,45.039,50.461,52.371,48.819,43.834,40.482,39.449,37.485
35.092,34.508,33.123,33.404,34.086,34.450,33.475,40.560,44.710,46.553,45.629,44.264,42.741,41.322,41.875,42.481,45.151,50.534,52.452,48.896,43.910,40.568,39.559,37.598
35.235,34.644,33.212,33.521,34.177,34.548,33.601,40.663,44.784,46.610,45.678,44.302,42.786,41.359,41.901,42.523,45.182,50.568,52.496,48.970,44.025,40.671,39.652,37.698
35.334,34.726,33.253,33.582,34.231,34.626,33.697,40.781,44.907,46.741,45.795,44.394,42.868,41.456,41.999,42.626,45.275,50.651,52.613,49.096,44.151,40.784,39.779,37.830
35.426,34.835,33.336,33.682,34.319,34.732,33.793,40.828,44.943,46.770,45.835,44.449,42.939,41.536,42.079,42.703,45.338,50.673,52.629,49.113,44.183,40.830,39.842,37.897
35.527,34.935,33.387,33.761,34.380,34.816,33.887,40.904,45.012,46.834,45.896,44.503,42.998,41.602,42.141,42.772,45.396,50.713,52.686,49.178,44.264,40.905,39.927,37.984
35.639,35.034,33.441,33.839,34.446,34.907,33.997,41.013,45.113,46.937,45.988,44.576,43.068,41.688,42.225,42.862,45.469,50.764,52.764,49.274,44.373,41.008,40.046,38.112
35.746,35.136,33.485,33.914,34.504,34.994,34.095,41.110,45.212,47.038,46.083,44.657,43.149,41.778,42.314,42.959,45.557,50.838,52.864,49.376,44.480,41.102,40.153,38.220
35.840,35.245,33.533,33.996,34.565,35.080,34.175,41.170,45.276,47.097,46.145,44.724,43.226,41.851,42.386,43.039,45.635,50.909,52.945,49.447,44.553,41.163,40.221,38.281
35.942,35.342,33.610,34.085,34.646,35.170,34.276,41.260,45.355,47.173,46.217,44.790,43.294,41.925,42.458,43.114,45.700,50.959,53.004,49.519,44.641,41.251,40.314,38.380
36.030,35.418,33.649,34.143,34.692,35.230,34.355,41.348,45.438,47.254,46.288,44.842,43.343,41.977,42.506,43.171,45.750,51.012,53.080,49.608,44.740,41.336,40.401,38.470
36.101,35.500,33.708,34.216,34.754,35.297,34.418,41.394,45.481,47.291,46.329,44.890,43.399,42.026,42.553,43.222,45.802,51.064,53.129,49.653,44.792,41.385,40.447,38.512
36.165,35.551,33.772,34.271,34.817,35.359,34.487,41.484,45.575,47.392,46.423,44.974,43.473,42.107,42.635,43.303,45.882,51.146,53.219,49.748,44.880,41.472,40.537,38.606
36.282,35.670,33.807,34.352,34.873,35.459,34.594,41.572,45.663,47.480,46.507,45.048,43.553,42.201,42.729,43.405,45.968,51.200,53.303,49.833,44.975,41.556,40.645,38.715
36.379,35.761,33.907,34.446,34.973,35.553,34.689,41.688,45.786,47.607,46.631,45.165,43.665,42.310,42.839,43.515,46.084,51.330,53.437,49.964,45.096,41.672,40.755,38.823
36.510,35.887,33.976,34.546,35.055,35.660,34.809,41.808,45.905,47.726,46.741,45.262,43.762,42.412,42.938,43.624,46.185,51.425,53.556,50.089,45.229,41.789,40.881,38.950
36.575,35.952,34.035,34.608,35.113,35.718,34.871,41.865,45.956,47.773,46.788,45.308,43.810,42.457,42.982,43.670,46.230,51.471,53.602,50.140,45.288,41.847,40.936,39.005
36.664,36.045,34.103,34.692,35.185,35.801,34.956,41.929,46.013,47.825,46.841,45.363,43.872,42.520,43.043,43.734,46.287,51.516,53.650,50.192,45.353,41.911,41.005,39.076
36.757,36.138,34.189,34.782,35.267,35.873,35.038,42.010,46.085,47.888,46.901,45.421,43.932,42.566,43.083,43.783,46.340,51.591,53.721,50.272,45.446,41.996,41.072,39.142
36.871,36.256,34.248,34.874,35.338,35.970,35.142,42.096,46.166,47.964,46.975,45.490,44.008,42.645,43.159,43.868,46.416,51.652,53.799,50.355,45.541,42.081,41.166,39.236
36.997,36.390,34.312,34.976,35.421,36.087,35.253,42.209,46.296,48.097,47.107,45.618,44.140,42.778,43.294,44.011,46.560,51.793,53.963,50.499,45.672,42.192,41.289,39.349
37.092,36.497,34.338,35.046,35.466,36.171,35.335,42.265,46.355,48.153,47.164,45.675,44.207,42.851,43.366,44.092,46.631,51.839,54.030,50.560,45.739,42.247,41.362,39.418
37.205,36.591,34.420,35.135,35.542,36.230,35.428,42.378,46.449,48.236,47.231,45.721,44.248,42.871,43.375,44.118,46.662,51.916,54.115,50.672,45.878,42.363,41.448,39.506
37.301,36.698,34.471,35.218,35.604,36.313,35.510,42.441,46.510,48.291,47.287,45.779,44.316,42.935,43.436,44.188,46.729,51.978,54.186,50.739,45.953,42.427,41.515,39.568
37.412,36.811,34.620,35.348,35.741,36.428,35.624,42.549,46.611,48.386,47.386,45.886,44.424,43.033,43.533,44.283,46.829,52.091,54.279,50.838,46.058,42.538,41.613,39.667
37.491,36.882,34.659,35.403,35.790,36.496,35.700,42.635,46.700,48.480,47.473,45.960,44.494,43.114,43.614,44.367,46.906,52.156,54.366,50.927,46.147,42.620,41.707,39.763
37.579,36.963,34.729,35.478,35.871,36.601,35.802,42.743,46.819,48.613,47.605,46.083,44.611,43.258,43.765,44.509,47.036,52.249,54.479,51.035,46.240,42.721,41.837,39.899
37.669,37.040,34.811,35.555,35.958,36.700,35.903,42.865,46.952,48.759,47.745,46.210,44.728,43.394,43.907,44.644,47.163,52.358,54.605,51.160,46.351,42.837,41.971,40.039
37.761,37.134,34.907,35.650,36.058,36.804,35.997,42.968,47.067,48.881,47.869,46.337,44.852,43.522,44.038,44.772,47.295,52.488,54.737,51.279,46.454,42.939,42.079,40.143
37.846,37.207,35.021,35.740,36.162,36.890,36.091,43.079,47.173,48.989,47.973,46.434,44.941,43.612,44.128,44.858,47.382,52.585,54.828,51.381,46.557,43.049,42.182,40.251
37.973,37.326,35.116,35.845,36.268,37.009,36.212,43.235,47.348,49.177,48.152,46.599,45.097,43.770,44.289,45.023,47.553,52.768,55.033,51.573,46.728,43.202,42.340,40.403
38.078,37.407,35.226,35.937,36.370,37.091,36.312,43.384,47.498,49.333,48.293,46.719,45.201,43.866,44.383,45.121,47.660,52.914,55.187,51.738,46.888,43.350,42.470,40.534
38.160,37.486,35.446,36.081,36.557,37.213,36.422,43.506,47.614,49.450,48.420,46.866,45.341,43.997,44.517,45.234,47.788,53.065,55.286,51.840,46.982,43.476,42.573,40.642
38.286,37.620,35.526,36.190,36.651,37.332,36.536,43.616,47.734,49.571,48.541,46.986,45.465,44.121,44.641,45.366,47.920,53.192,55.429,51.971,47.105,43.586,42.691,40.753
38.367,37.722,35.626,36.292,36.757,37.455,36.629,43.684,47.818,49.660,48.646,47.112,45.599,44.269,44.797,45.510,48.060,53.296,55.525,52.041,47.156,43.653,42.782,40.840
38.478,37.848,35.744,36.415,36.881,37.595,36.751,43.778,47.917,49.762,48.759,47.239,45.733,44.417,44.950,45.654,48.196,53.395,55.621,52.125,47.234,43.746,42.895,40.954
38.607,37.977,35.826,36.523,36.969,37.695,36.864,43.884,48.014,49.851,48.842,47.314,45.813,44.490,45.017,45.734,48.273,53.479,55.717,52.231,47.356,43.853,42.996,41.054
38.699,38.045,35.961,36.621,37.083,37.766,36.960,44.007,48.117,49.949,48.930,47.389,45.876,44.540,45.062,45.779,48.324,53.567,55.791,52.334,47.478,43.977,43.092,41.159
38.796,38.138,36.032,36.701,37.169,37.876,37.060,44.136,48.275,50.126,49.103,47.553,46.031,44.711,45.241,45.954,48.500,53.733,55.981,52.501,47.610,44.101,43.238,41.299
38.950,38.317,36.122,36.841,37.278,38.023,37.193,44.236,48.383,50.226,49.211,47.672,46.167,44.841,45.370,46.094,48.639,53.859,56.119,52.619,47.729,44.204,43.350,41.400
39.034,38.401,36.297,36.967,37.435,38.149,37.306,44.342,48.485,50.332,49.328,47.804,46.296,44.980,45.513,46.218,48.762,53.967,56.196,52.698,47.801,44.310,43.458,41.516
39.155,38.524,36.406,37.083,37.558,38.303,37.444,44.479,48.641,50.504,49.504,47.980,46.468,45.184,45.727,46.420,48.951,54.106,56.352,52.837,47.917,44.439,43.625,41.686
39.223,38.579,36.462,37.136,37.614,38.358,37.511,44.566,48.727,50.594,49.585,48.047,46.528,45.246,45.788,46.483,49.013,54.176,56.433,52.927,48.008,44.524,43.708,41.772
39.330,38.676,36.509,37.211,37.675,38.449,37.617,44.666,48.822,50.691,49.674,48.119,46.599,45.335,45.876,46.576,49.088,54.221,56.507,53.014,48.107,44.619,43.823,41.895
39.467,38.848,36.693,37.388,37.866,38.654,37.769,44.799,48.990,50.872,49.880,48.361,46.849,45.595,46.150,46.831,49.352,54.456,56.723,53.177,48.223,44.753,43.981,42.039
39.578,38.986,36.837,37.531,38.014,38.814,37.895,44.881,49.081,50.963,49.992,48.503,47.005,45.765,46.326,46.994,49.509,54.566,56.815,53.246,48.280,44.835,44.087,42.143
39.696,39.126,36.935,37.653,38.126,38.951,38.007,44.977,49.197,51.083,50.123,48.649,47.160,45.921,46.487,47.155,49.673,54.717,56.969,53.370,48.383,44.933,44.199,42.243
39.793,39.239,37.035,37.760,38.230,39.064,38.102,45.063,49.295,51.181,50.229,48.768,47.285,46.043,46.612,47.279,49.802,54.843,57.090,53.471,48.471,45.020,44.291,42.327
39.962,39.420,37.102,37.890,38.326,39.219,38.256,45.187,49.426,51.312,50.360,48.894,47.421,46.195,46.764,47.441,49.948,54.949,57.232,53.603,48.608,45.141,44.442,42.475
40.095,39.549,37.180,37.994,38.418,39.333,38.376,45.325,49.575,51.466,50.506,49.026,47.551,46.324,46.893,47.579,50.087,55.096,57.404,53.768,48.764,45.277,44.582,42.609
40.292,39.711,37.433,38.196,38.642,39.493,38.569,45.578,49.810,51.697,50.719,49.218,47.723,46.468,47.030,47.720,50.248,55.334,57.624,54.021,49.030,45.533,44.788,42.821
40.452,39.863,37.734,38.417,38.910,39.707,38.775,45.775,49.989,51.879,50.911,49.427,47.925,46.686,47.252,47.914,50.436,55.498,57.742,54.158,49.172,45.729,44.983,43.034
40.689,40.125,37.801,38.593,39.018,39.901,38.976,45.905,50.110,51.983,51.017,49.529,48.055,46.824,47.383,48.071,50.566,55.577,57.868,54.282,49.330,45.858,45.143,43.189
40.872,40.325,37.924,38.759,39.157,40.065,39.132,46.055,50.276,52.144,51.180,49.696,48.231,46.984,47.541,48.244,50.749,55.778,58.082,54.474,49.512,46.012,45.294,43.324
41.087,40.583,38.041,38.956,39.310,40.292,39.331,46.179,50.411,52.272,51.325,49.864,48.428,47.194,47.753,48.464,50.952,55.917,58.242,54.604,49.644,46.136,45.457,43.476
41.317,40.854,38.321,39.237,39.583,40.565,39.573,46.330,50.544,52.386,51.469,50.055,48.647,47.414,47.974,48.674,51.151,56.067,58.351,54.705,49.766,46.293,45.625,43.645
41.518,41.042,38.473,39.408,39.740,40.731,39.762,46.527,50.730,52.567,51.638,50.205,48.795,47.559,48.113,48.825,51.297,56.221,58.524,54.898,49.977,46.489,45.815,43.839
41.697,41.212,38.736,39.618,39.992,40.960,39.974,46.765,50.985,52.842,51.918,50.490,49.065,47.850,48.415,49.103,51.577,56.486,58.774,55.136,50.183,46.723,46.063,44.093
41.942,41.455,38.931,39.839,40.195,41.174,40.198,47.000,51.220,53.073,52.141,50.703,49.279,48.051,48.611,49.313,51.792,56.725,59.028,55.390,50.443,46.959,46.289,44.312
42.233,41.691,39.222,40.094,40.466,41.394,40.472,47.382,51.596,53.455,52.485,50.996,49.539,48.281,48.832,49.551,52.053,57.090,59.410,55.807,50.862,47.341,46.618,44.643
42.483,41.937,39.583,40.392,40.801,41.676,40.742,47.673,51.887,53.750,52.787,51.311,49.846,48.579,49.134,49.836,52.354,57.416,59.697,56.092,51.133,47.635,46.891,44.918
42.899,42.416,39.804,40.758,41.096,42.132,41.151,47.952,52.194,54.059,53.125,51.675,50.252,49.048,49.614,50.320,52.785,57.678,60.022,56.366,51.400,47.904,47.271,45.292
43.265,42.805,39.908,41.019,41.269,42.438,41.465,48.216,52.474,54.335,53.392,51.921,50.522,49.336,49.898,50.640,53.076,57.911,60.345,56.669,51.715,48.162,47.582,45.588
43.664,43.213,40.568,41.539,41.884,42.965,41.927,48.721,53.015,54.903,53.989,52.565,51.147,49.967,50.550,51.240,53.708,58.555,60.907,57.186,52.158,48.669,48.081,46.085
44.320,43.981,40.962,42.138,42.379,43.642,42.506,49.224,53.620,55.514,54.637,53.260,51.895,50.706,51.303,52.027,54.509,59.309,61.731,57.861,52.748,49.179,48.659,46.592
45.190,44.950,41.451,42.891,42.991,44.480,43.277,49.905,54.391,56.283,55.428,54.072,52.764,51.577,52.179,52.957,55.432,60.164,62.701,58.703,53.535,49.862,49.425,47.294
46.305,46.168,42.058,43.821,43.779,45.578,44.261,50.942,55.643,57.593,56.746,55.379,54.099,52.919,53.551,54.392,56.900,61.617,64.352,60.112,54.746,50.891,50.572,48.329
48.365,48.554,44.165,46.085,45.991,47.953,46.252,52.782,57.766,59.744,59.069,57.968,56.804,55.544,56.238,57.059,59.702,64.409,67.048,62.364,56.678,52.776,52.525,50.094
