-5.919,-7.237,-9.054,-10.672,-9.627,-6.256,0.395,6.880,8.873,1.439,-3.845,-6.551,-9.923,-13.911,-15.319,-15.845,-14.795,-7.108,0.003,8.641,10.373,10.500,7.421,4.457
2.443,1.301,0.876,-0.957,-2.310,1.965,8.022,15.399,16.767,9.950,5.938,3.352,1.216,-3.298,-4.782,-6.205,-5.034,2.537,9.816,17.145,19.333,16.075,12.586,10.502
5.418,4.281,4.145,2.467,0.917,4.972,10.626,18.220,19.385,12.874,9.262,6.864,4.852,0.469,-1.000,-2.430,-1.405,6.057,13.343,19.977,22.155,18.350,14.942,12.876
6.776,5.577,5.254,3.845,2.854,6.504,11.971,19.327,20.546,14.140,10.491,8.155,5.889,1.821,0.385,-0.750,0.005,7.498,14.720,21.147,23.130,19.800,16.624,14.302
8.318,7.097,6.798,5.563,4.618,8.223,13.523,20.679,21.905,15.639,12.096,9.738,7.484,3.559,2.134,1.081,1.611,9.195,16.372,22.572,24.454,20.960,17.897,15.535
9.399,8.225,7.998,6.714,5.681,9.208,14.395,21.543,22.688,16.560,13.136,10.881,8.724,4.823,3.428,2.333,2.957,10.282,17.313,23.349,25.251,21.773,18.725,16.466
10.285,9.110,8.816,7.606,6.626,10.223,15.391,22.223,23.439,17.365,13.917,11.579,9.441,5.616,4.234,3.188,3.695,11.068,17.990,24.065,25.885,22.445,19.468,17.225
10.937,9.777,9.443,8.250,7.340,10.885,16.005,22.675,23.900,17.897,14.458,12.137,10.007,6.249,4.890,3.879,4.377,11.643,18.443,24.490,26.268,22.975,20.051,17.832
11.564,10.422,10.147,8.943,7.950,11.485,16.546,23.240,24.421,18.482,15.117,12.834,10.762,7.004,5.653,4.611,5.130,12.320,19.083,25.031,26.823,23.441,20.517,18.345
12.074,10.948,10.612,9.417,8.477,12.026,17.081,23.553,24.772,18.880,15.490,13.182,11.128,7.419,6.087,5.071,5.577,12.698,19.332,25.327,27.074,23.835,20.956,18.821
12.436,11.294,10.893,9.772,8.969,12.463,17.487,23.816,25.073,19.206,15.790,13.463,11.357,7.730,6.408,5.467,5.884,13.036,19.632,25.615,27.299,24.178,21.363,19.176
12.795,11.644,11.230,10.152,9.413,12.851,17.837,24.145,25.403,19.558,16.150,13.835,11.699,8.117,6.798,5.896,6.268,13.430,20.024,25.956,27.614,24.526,21.744,19.522
13.076,11.943,11.504,10.393,9.638,13.119,18.130,24.337,25.612,19.778,16.349,14.017,11.914,8.324,7.015,6.096,6.504,13.607,20.127,26.124,27.779,24.759,21.976,19.803
13.445,12.335,11.889,10.754,9.992,13.460,18.445,24.562,25.828,20.048,16.637,14.327,12.261,8.691,7.399,6.474,6.920,13.906,20.325,26.309,27.957,25.018,22.252,20.131
13.711,12.598,12.111,11.008,10.291,13.781,18.769,24.756,26.058,20.288,16.852,14.505,12.432,8.894,7.608,6.710,7.107,14.121,20.502,26.520,28.132,25.237,22.501,20.375
14.074,12.965,12.433,11.365,10.724,14.180,19.135,24.977,26.300,20.577,17.133,14.782,12.701,9.224,7.952,7.096,7.455,14.430,20.731,26.737,28.304,25.519,22.833,20.705
14.314,13.192,12.637,11.612,11.042,14.457,19.391,25.200,26.536,20.820,17.369,15.016,12.899,9.462,8.192,7.376,7.684,14.691,20.998,26.980,28.519,25.770,23.114,20.946
14.582,13.473,12.891,11.863,11.288,14.746,19.684,25.347,26.707,21.020,17.558,15.177,13.093,9.672,8.412,7.596,7.900,14.870,21.094,27.117,28.634,25.933,23.295,21.169
14.810,13.697,13.123,12.122,11.559,14.995,19.901,25.556,26.910,21.245,17.805,15.431,13.342,9.945,8.687,7.885,8.157,15.137,21.362,27.335,28.839,26.114,23.493,21.355
15.016,13.890,13.276,12.326,11.828,15.266,20.168,25.723,27.112,21.450,17.986,15.577,13.461,10.105,8.847,8.087,8.288,15.327,21.544,27.532,28.996,26.304,23.718,21.548
15.236,14.105,13.461,12.542,12.090,15.530,20.426,25.889,27.303,21.652,18.172,15.740,13.612,10.288,9.034,8.302,8.459,15.522,21.713,27.714,29.148,26.493,23.934,21.752
15.465,14.345,13.696,12.765,12.326,15.736,20.613,26.048,27.452,21.830,18.360,15.951,13.833,10.523,9.279,8.550,8.731,15.722,21.865,27.848,29.278,26.686,24.139,21.975
15.627,14.513,13.855,12.916,12.463,15.903,20.791,26.180,27.595,21.974,18.496,16.073,13.970,10.655,9.414,8.676,8.863,15.847,21.966,27.977,29.405,26.819,24.271,22.126
15.760,14.646,13.961,13.037,12.648,16.040,20.911,26.255,27.675,22.072,18.586,16.176,14.051,10.771,9.538,8.829,9.006,15.959,22.045,28.045,29.452,26.958,24.435,22.276
15.977,14.875,14.172,13.237,12.865,16.243,21.104,26.384,27.806,22.230,18.742,16.342,14.230,10.966,9.744,9.039,9.237,16.122,22.146,28.151,29.550,27.133,24.624,22.488
16.176,15.073,14.375,13.449,13.097,16.437,21.274,26.572,27.982,22.421,18.948,16.568,14.447,11.199,9.979,9.285,9.479,16.346,22.369,28.335,29.731,27.326,24.827,22.681
16.301,15.186,14.489,13.596,13.281,16.581,21.397,26.724,28.130,22.570,19.105,16.734,14.585,11.358,10.136,9.465,9.624,16.525,22.578,28.503,29.888,27.474,24.989,22.806
16.420,15.296,14.604,13.726,13.430,16.705,21.512,26.881,28.282,22.715,19.254,16.891,14.721,11.501,10.275,9.616,9.759,16.685,22.769,28.671,30.055,27.628,25.145,22.936
16.600,15.486,14.797,13.901,13.574,16.875,21.687,27.023,28.424,22.868,19.411,17.044,14.900,11.671,10.448,9.773,9.936,16.831,22.884,28.800,30.189,27.761,25.273,23.095
16.726,15.605,14.908,14.036,13.728,17.030,21.838,27.153,28.565,23.007,19.546,17.165,15.010,11.794,10.569,9.909,10.038,16.970,23.035,28.947,30.322,27.883,25.406,23.210
16.847,15.725,15.050,14.177,13.821,17.163,21.972,27.291,28.701,23.144,19.696,17.301,15.168,11.937,10.708,10.030,10.151,17.109,23.186,29.095,30.476,27.957,25.470,23.289
17.042,15.935,15.245,14.354,13.986,17.351,22.163,27.395,28.815,23.280,19.827,17.425,15.321,12.094,10.875,10.189,10.331,17.232,23.242,29.179,30.553,28.084,25.604,23.462
17.175,16.059,15.331,14.478,14.180,17.527,22.335,27.493,28.938,23.406,19.931,17.511,15.376,12.186,10.970,10.322,10.415,17.349,23.347,29.294,30.637,28.225,25.775,23.603
17.415,16.319,15.652,14.755,14.346,17.716,22.501,27.712,29.116,23.618,20.199,17.809,15.739,12.516,11.303,10.602,10.752,17.610,23.585,29.483,30.859,28.356,25.880,23.769
17.543,16.448,15.770,14.876,14.489,17.844,22.625,27.819,29.226,23.733,20.309,17.923,15.846,12.634,11.424,10.732,10.882,17.726,23.688,29.586,30.956,28.489,26.020,23.907
17.661,16.565,15.901,15.011,14.605,17.969,22.743,27.949,29.351,23.862,20.450,18.062,15.993,12.777,11.564,10.867,11.009,17.867,23.840,29.722,31.094,28.584,26.113,24.001
17.747,16.648,15.972,15.092,14.695,18.072,22.853,28.031,29.446,23.951,20.528,18.125,16.051,12.840,11.627,10.936,11.062,17.942,23.914,29.813,31.177,28.670,26.204,24.087
17.799,16.689,16.003,15.148,14.779,18.155,22.938,28.104,29.531,24.026,20.593,18.175,16.081,12.882,11.665,10.993,11.082,18.011,24.005,29.906,31.257,28.741,26.284,24.142
17.939,16.819,16.131,15.304,14.940,18.333,23.114,28.261,29.701,24.191,20.756,18.316,16.215,13.025,11.802,11.141,11.188,18.174,24.190,30.088,31.426,28.865,26.416,24.257
18.080,16.951,16.266,15.469,15.134,18.492,23.247,28.410,29.845,24.345,20.923,18.491,16.371,13.204,11.980,11.340,11.354,18.362,24.397,30.250,31.577,29.003,26.569,24.383
18.188,17.053,16.379,15.598,15.252,18.618,23.366,28.542,29.977,24.476,21.063,18.624,16.502,13.336,12.108,11.470,11.460,18.503,24.561,30.397,31.722,29.099,26.665,24.468
18.289,17.150,16.490,15.714,15.348,18.730,23.479,28.675,30.109,24.601,21.195,18.748,16.630,13.456,12.223,11.579,11.556,18.631,24.713,30.541,31.870,29.192,26.752,24.552
18.387,17.232,16.575,15.839,15.523,18.844,23.564,28.814,30.239,24.731,21.337,18.909,16.752,13.603,12.367,11.753,11.692,18.803,24.928,30.699,32.017,29.332,26.908,24.658
18.530,17.378,16.738,15.997,15.659,18.977,23.685,28.955,30.368,24.871,21.494,19.076,16.930,13.779,12.543,11.920,11.867,18.963,25.088,30.835,32.159,29.449,27.021,24.780
18.629,17.476,16.849,16.103,15.755,19.065,23.770,29.080,30.483,24.982,21.614,19.206,17.060,13.900,12.662,12.034,11.989,19.084,25.224,30.958,32.292,29.562,27.128,24.883
18.765,17.620,17.011,16.248,15.852,19.190,23.895,29.201,30.596,25.106,21.752,19.342,17.226,14.052,12.815,12.165,12.137,19.212,25.337,31.070,32.413,29.646,27.201,24.986
18.876,17.730,17.153,16.387,15.949,19.293,23.991,29.360,30.738,25.246,21.916,19.514,17.408,14.217,12.975,12.308,12.283,19.374,25.533,31.234,32.594,29.748,27.288,25.074
19.012,17.866,17.276,16.524,16.133,19.426,24.099,29.454,30.827,25.355,22.030,19.648,17.526,14.364,13.128,12.483,12.452,19.512,25.648,31.320,32.666,29.882,27.443,25.216
19.141,17.986,17.404,16.677,16.282,19.587,24.250,29.598,30.977,25.506,22.189,19.793,17.659,14.514,13.274,12.637,12.568,19.675,25.832,31.485,32.823,29.984,27.551,25.311
19.234,18.073,17.438,16.742,16.450,19.707,24.364,29.638,31.041,25.574,22.225,19.826,17.669,14.550,13.317,12.727,12.626,19.732,25.863,31.531,32.834,30.118,27.721,25.446
19.356,18.198,17.557,16.856,16.560,19.828,24.490,29.740,31.147,25.683,22.329,19.925,17.765,14.654,13.423,12.830,12.735,19.831,25.946,31.628,32.930,30.227,27.830,25.565
19.496,18.346,17.697,16.989,16.694,19.964,24.621,29.826,31.235,25.788,22.435,20.032,17.885,14.782,13.557,12.963,12.877,19.938,26.016,31.703,32.999,30.328,27.938,25.692
19.580,18.424,17.761,17.074,16.815,20.067,24.716,29.894,31.312,25.869,22.511,20.105,17.940,14.859,13.635,13.062,12.951,20.025,26.100,31.780,33.061,30.415,28.041,25.777
19.673,18.515,17.843,17.165,16.932,20.164,24.807,29.982,31.400,25.960,22.598,20.197,18.019,14.949,13.727,13.166,13.048,20.121,26.195,31.868,33.142,30.523,28.158,25.882
19.838,18.690,18.021,17.327,17.077,20.312,24.950,30.104,31.517,26.093,22.739,20.346,18.188,15.116,13.899,13.327,13.232,20.261,26.301,31.974,33.252,30.649,28.283,26.032
19.926,18.771,18.092,17.419,17.210,20.412,25.035,30.190,31.604,26.184,22.829,20.443,18.262,15.211,13.995,13.445,13.328,20.367,26.415,32.067,33.333,30.755,28.404,26.128
20.098,18.957,18.262,17.572,17.371,20.567,25.187,30.280,31.696,26.298,22.940,20.562,18.397,15.356,14.150,13.598,13.508,20.480,26.467,32.132,33.393,30.887,28.546,26.298
20.196,19.051,18.324,17.646,17.459,20.706,25.354,30.352,31.804,26.393,23.001,20.578,18.413,15.377,14.170,13.628,13.508,20.523,26.494,32.221,33.462,30.973,28.640,26.394
20.291,19.144,18.405,17.733,17.570,20.808,25.458,30.447,31.905,26.490,23.088,20.663,18.486,15.457,14.251,13.719,13.591,20.613,26.585,32.320,33.555,31.089,28.762,26.506
20.393,19.243,18.522,17.854,17.665,20.915,25.561,30.576,32.028,26.611,23.222,20.795,18.624,15.588,14.377,13.838,13.702,20.745,26.738,32.457,33.697,31.176,28.842,26.585
20.480,19.334,18.599,17.924,17.746,20.997,25.650,30.634,32.093,26.678,23.278,20.849,18.680,15.646,14.439,13.901,13.775,20.799,26.769,32.507,33.744,31.263,28.932,26.683
20.655,19.520,18.786,18.094,17.906,21.152,25.796,30.755,32.206,26.812,23.421,21.005,18.854,15.823,14.623,14.077,13.976,20.944,26.873,32.607,33.846,31.399,29.071,26.847
20.782,19.646,18.942,18.242,18.016,21.265,25.905,30.930,32.364,26.965,23.594,21.187,19.045,15.996,14.791,14.228,14.138,21.114,27.073,32.783,34.039,31.529,29.184,26.963
20.921,19.790,19.094,18.383,18.150,21.384,26.016,31.060,32.482,27.092,23.731,21.342,19.206,16.154,14.952,14.382,14.311,21.256,27.207,32.901,34.164,31.661,29.314,27.101
21.043,19.909,19.206,18.498,18.253,21.529,26.183,31.202,32.641,27.234,23.856,21.438,19.305,16.243,15.036,14.463,14.376,21.364,27.326,33.057,34.318,31.788,29.435,27.222
21.229,20.103,19.420,18.700,18.429,21.692,26.326,31.364,32.784,27.399,24.046,21.649,19.535,16.471,15.268,14.683,14.618,21.561,27.507,33.204,34.473,31.932,29.576,27.382
21.406,20.285,19.645,18.908,18.561,21.852,26.479,31.570,32.969,27.590,24.270,21.879,19.799,16.707,15.501,14.882,14.835,21.774,27.736,33.406,34.698,32.059,29.682,27.513
21.510,20.389,19.738,18.999,18.660,21.961,26.602,31.676,33.085,27.696,24.362,21.962,19.877,16.784,15.576,14.960,14.912,21.860,27.821,33.515,34.804,32.179,29.802,27.632
21.678,20.560,19.899,19.165,18.834,22.136,26.769,31.795,33.208,27.836,24.503,22.099,20.022,16.942,15.739,15.128,15.075,22.005,27.935,33.629,34.908,32.307,29.941,27.781
21.856,20.744,20.088,19.343,19.011,22.297,26.920,31.953,33.357,27.996,24.671,22.283,20.212,17.133,15.934,15.320,15.285,22.179,28.093,33.774,35.057,32.476,30.110,27.959
21.948,20.825,20.175,19.450,19.126,22.404,27.024,32.094,33.497,28.124,24.801,22.411,20.322,17.245,16.040,15.434,15.375,22.314,28.268,33.932,35.214,32.596,30.230,28.054
22.075,20.944,20.291,19.590,19.291,22.550,27.158,32.233,33.638,28.266,24.945,22.555,20.448,17.387,16.180,15.592,15.504,22.470,28.441,34.085,35.356,32.732,30.377,28.177
22.235,21.098,20.461,19.780,19.488,22.720,27.299,32.401,33.795,28.436,25.139,22.760,20.647,17.600,16.392,15.813,15.703,22.682,28.669,34.262,35.529,32.870,30.524,28.308
22.387,21.258,20.606,19.915,19.627,22.867,27.454,32.511,33.912,28.560,25.253,22.870,20.766,17.721,16.518,15.937,15.840,22.791,28.745,34.361,35.625,33.007,30.665,28.465
22.491,21.354,20.680,20.008,19.755,22.997,27.591,32.615,34.034,28.672,25.345,22.945,20.822,17.790,16.586,16.024,15.899,22.884,28.843,34.479,35.727,33.133,30.802,28.583
22.631,21.492,20.789,20.125,19.927,23.141,27.737,32.730,34.159,28.796,25.449,23.052,20.905,17.892,16.693,16.153,16.023,22.997,28.941,34.591,35.825,33.310,30.994,28.759
22.757,21.617,20.881,20.232,20.078,23.291,27.891,32.798,34.250,28.893,25.525,23.111,20.954,17.966,16.772,16.254,16.104,23.077,28.986,34.662,35.873,33.423,31.129,28.890
22.923,21.777,21.037,20.406,20.285,23.464,28.049,32.976,34.425,29.070,25.704,23.301,21.122,18.150,16.956,16.455,16.288,23.271,29.196,34.847,36.051,33.613,31.329,29.066
23.135,22.005,21.270,20.608,20.467,23.637,28.215,33.136,34.570,29.236,25.881,23.501,21.346,18.368,17.182,16.665,16.544,23.449,29.329,34.976,36.191,33.794,31.505,29.275
23.323,22.203,21.468,20.795,20.652,23.810,28.373,33.259,34.687,29.379,26.035,23.669,21.531,18.563,17.385,16.865,16.762,23.611,29.446,35.080,36.292,33.932,31.651,29.444
23.552,22.446,21.747,21.047,20.823,24.017,28.571,33.463,34.873,29.587,26.276,23.916,21.828,18.837,17.660,17.103,17.031,23.840,29.652,35.268,36.499,34.069,31.772,29.612
23.668,22.560,21.856,21.162,20.949,24.138,28.693,33.586,34.998,29.709,26.393,24.032,21.935,18.948,17.771,17.219,17.141,23.959,29.777,35.394,36.622,34.199,31.904,29.736
23.856,22.755,22.029,21.329,21.163,24.307,28.848,33.709,35.119,29.849,26.528,24.189,22.083,19.118,17.952,17.415,17.356,24.110,29.883,35.496,36.714,34.392,32.114,29.948
24.101,22.989,22.277,21.601,21.466,24.549,29.062,34.001,35.392,30.124,26.822,24.511,22.375,19.425,18.255,17.738,17.661,24.431,30.247,35.797,37.016,34.680,32.409,30.204
24.253,23.141,22.417,21.734,21.610,24.698,29.228,34.164,35.562,30.280,26.961,24.644,22.500,19.545,18.375,17.858,17.789,24.563,30.380,35.958,37.179,34.870,32.595,30.387
24.523,23.418,22.696,22.013,21.888,24.961,29.470,34.377,35.768,30.513,27.210,24.906,22.776,19.835,18.671,18.155,18.092,24.823,30.605,36.159,37.374,35.084,32.819,30.627
24.729,23.615,22.908,22.242,22.151,25.155,29.633,34.626,35.994,30.743,27.460,25.191,23.031,20.105,18.939,18.440,18.369,25.101,30.921,36.410,37.628,35.337,33.079,30.850
25.093,23.982,23.296,22.652,22.568,25.517,29.938,34.942,36.286,31.080,27.842,25.608,23.452,20.557,19.398,18.910,18.826,25.518,31.319,36.719,37.930,35.626,33.388,31.157
25.363,24.248,23.578,22.947,22.866,25.786,30.183,35.231,36.560,31.363,28.145,25.929,23.765,20.878,19.718,19.235,19.141,25.837,31.658,37.012,38.224,35.894,33.660,31.414
25.545,24.420,23.740,23.119,23.062,25.979,30.390,35.453,36.791,31.573,28.338,26.112,23.926,21.038,19.873,19.402,19.293,26.028,31.877,37.247,38.456,36.132,33.897,31.627
25.825,24.718,24.008,23.360,23.281,26.265,30.704,35.626,36.992,31.787,28.527,26.267,24.121,21.229,20.073,19.587,19.499,26.189,31.955,37.403,38.601,36.333,34.102,31.887
26.063,24.945,24.200,23.570,23.547,26.528,30.989,35.880,37.270,32.041,28.745,26.465,24.285,21.405,20.247,19.786,19.672,26.405,32.185,37.672,38.855,36.637,34.416,32.171
26.420,25.275,24.584,23.992,24.036,26.842,31.235,36.414,37.737,32.496,29.253,27.068,24.806,21.944,20.774,20.347,20.222,26.981,32.898,38.218,39.424,37.164,34.941,32.592
26.820,25.674,25.026,24.449,24.428,27.263,31.629,36.827,38.136,32.915,29.715,27.524,25.293,22.425,21.251,20.806,20.655,27.444,33.380,38.646,39.857,37.466,35.238,32.903
27.259,26.111,25.523,24.943,24.788,27.729,32.105,37.333,38.637,33.409,30.243,28.013,25.838,22.924,21.736,21.243,21.070,27.938,33.919,39.179,40.410,37.801,35.541,33.238
27.673,26.513,25.933,25.339,25.208,28.103,32.501,37.885,39.172,33.892,30.712,28.510,26.290,23.349,22.150,21.656,21.513,28.407,34.473,39.733,40.993,38.391,36.104,33.757
28.201,26.998,26.455,25.930,25.777,28.715,33.126,38.632,39.930,34.587,31.410,29.158,26.896,23.937,22.706,22.226,21.973,29.096,35.331,40.565,41.826,38.994,36.690,34.262
29.058,27.854,27.419,26.873,26.558,29.546,33.941,39.633,40.879,35.529,32.427,30.190,27.981,24.956,23.708,23.161,22.925,30.096,36.426,41.578,42.893,39.793,37.434,35.029
30.621,29.300,29.046,28.544,28.093,31.116,35.631,42.176,43.360,37.702,34.599,32.343,29.972,26.746,25.386,24.788,24.469,32.208,39.196,44.297,45.756,42.015,39.476,36.818
