6.937,9.258,8.383,7.486,10.725,16.570,34.505,49.535,52.625,49.099,43.304,40.100,35.319,31.791,29.218,31.787,37.291,48.720,55.215,62.364,60.780,48.754,38.120,27.808
13.022,14.901,14.092,14.197,17.161,22.203,36.863,49.726,52.669,49.142,45.181,41.530,37.025,33.250,30.646,32.856,38.380,49.037,55.251,62.395,60.797,48.821,39.734,31.938
15.400,17.278,16.679,16.773,19.453,24.262,37.964,49.780,52.730,49.271,45.440,42.388,38.871,35.855,33.526,35.580,40.537,49.217,55.349,62.415,60.825,49.035,40.914,33.982
18.328,20.010,19.550,19.590,21.902,26.311,38.788,49.789,52.744,49.315,45.551,43.113,39.847,37.358,35.347,37.108,41.402,49.390,55.411,62.418,60.837,49.251,41.860,35.611
19.746,21.318,20.892,20.961,23.126,27.270,38.956,49.861,52.750,49.370,45.597,43.180,39.953,37.612,35.718,37.361,41.402,49.427,55.421,62.486,60.850,49.293,41.873,36.054
20.796,22.375,21.976,21.864,23.947,27.969,39.466,49.868,52.764,49.381,45.724,43.431,40.609,38.513,36.748,38.371,42.147,49.448,55.446,62.520,60.866,49.318,42.277,36.443
21.341,22.886,22.485,22.348,24.395,28.345,39.680,50.015,52.832,49.437,45.758,43.596,40.765,38.690,36.960,38.553,42.254,49.523,55.448,62.545,60.870,49.450,42.446,36.646
21.857,23.400,23.029,22.834,24.824,28.720,39.918,50.027,52.870,49.442,45.771,43.784,41.118,39.193,37.531,39.098,42.657,49.625,55.462,62.589,60.872,49.495,42.687,36.955
22.325,23.859,23.510,23.253,25.192,29.047,40.167,50.043,52.907,49.448,45.876,44.037,41.437,39.629,38.028,39.564,42.999,49.858,55.525,62.602,60.911,49.653,42.968,37.248
22.652,24.184,23.836,23.549,25.471,29.284,40.316,50.056,52.934,49.453,45.907,44.100,41.598,39.830,38.254,39.788,43.171,49.910,55.531,62.643,60.989,49.664,43.053,37.355
22.971,24.498,24.168,23.860,25.748,29.514,40.410,50.060,52.968,49.479,45.921,44.132,41.751,40.066,38.529,40.046,43.348,49.912,55.545,62.646,60.998,49.680,43.121,37.505
23.180,24.696,24.388,24.113,25.972,29.721,40.508,50.133,52.972,49.506,45.965,44.248,41.899,40.265,38.743,40.235,43.504,49.974,55.588,62.666,61.024,49.732,43.258,37.758
23.406,24.908,24.607,24.349,26.192,29.922,40.630,50.179,53.011,49.540,46.084,44.372,42.018,40.396,38.882,40.357,43.608,50.045,55.595,62.723,61.038,49.821,43.387,37.947
23.758,25.250,24.955,24.652,26.467,30.171,40.844,50.290,53.029,49.684,46.247,44.595,42.244,40.672,39.194,40.650,43.831,50.234,55.621,62.736,61.070,50.018,43.616,38.153
23.848,25.332,25.054,24.803,26.603,30.300,40.875,50.300,53.134,49.766,46.287,44.630,42.310,40.759,39.280,40.720,43.902,50.240,55.638,62.742,61.083,50.024,43.668,38.329
23.963,25.447,25.172,24.941,26.741,30.433,40.969,50.319,53.195,49.785,46.370,44.693,42.412,40.849,39.364,40.799,43.989,50.247,55.659,62.772,61.131,50.034,43.742,38.462
24.094,25.568,25.290,25.078,26.874,30.541,40.996,50.359,53.202,49.786,46.372,44.709,42.414,40.865,39.382,40.821,44.009,50.268,55.754,62.772,61.160,50.058,43.754,38.500
24.232,25.700,25.414,25.196,26.995,30.646,41.074,50.362,53.323,49.887,46.423,44.738,42.453,40.872,39.386,40.823,44.014,50.301,55.771,62.782,61.192,50.091,43.783,38.533
24.409,25.874,25.581,25.348,27.149,30.793,41.230,50.508,53.329,49.956,46.572,44.886,42.584,40.992,39.508,40.946,44.133,50.413,55.877,62.806,61.199,50.202,43.925,38.642
24.554,26.014,25.723,25.494,27.288,30.922,41.324,50.575,53.467,50.022,46.656,44.974,42.674,41.086,39.606,41.038,44.217,50.479,55.889,62.811,61.275,50.272,44.015,38.754
24.633,26.090,25.802,25.596,27.391,31.020,41.382,50.612,53.501,50.024,46.711,45.018,42.736,41.145,39.660,41.091,44.280,50.508,55.906,62.815,61.279,50.304,44.065,38.851
24.778,26.237,25.949,25.726,27.518,31.143,41.513,50.736,53.509,50.031,46.821,45.143,42.870,41.290,39.812,41.243,44.418,50.641,55.914,62.819,61.294,50.429,44.191,38.958
24.910,26.366,26.078,25.857,27.647,31.272,41.638,50.864,53.516,50.044,46.958,45.277,42.992,41.409,39.932,41.360,44.534,50.767,55.917,62.822,61.307,50.561,44.323,39.092
24.997,26.462,26.183,25.962,27.747,31.375,41.734,50.950,53.520,50.055,47.022,45.365,43.135,41.585,40.115,41.544,44.704,50.873,55.994,62.838,61.308,50.652,44.426,39.221
25.150,26.607,26.329,26.108,27.883,31.489,41.787,50.953,53.521,50.106,47.040,45.394,43.179,41.638,40.176,41.597,44.739,50.876,56.061,62.856,61.311,50.655,44.460,39.284
25.267,26.717,26.444,26.224,27.987,31.581,41.841,50.974,53.634,50.213,47.079,45.446,43.238,41.711,40.250,41.658,44.795,50.890,56.101,62.857,61.345,50.685,44.518,39.365
25.359,26.800,26.526,26.333,28.097,31.680,41.882,50.981,53.650,50.221,47.128,45.471,43.255,41.712,40.259,41.672,44.795,50.904,56.123,62.864,61.391,50.686,44.542,39.439
25.521,26.962,26.679,26.460,28.226,31.799,42.014,51.096,53.706,50.312,47.229,45.580,43.364,41.814,40.358,41.771,44.898,51.007,56.149,62.904,61.425,50.791,44.647,39.498
25.612,27.041,26.764,26.576,28.331,31.896,42.049,51.110,53.760,50.386,47.294,45.634,43.394,41.842,40.386,41.783,44.911,51.010,56.158,62.916,61.431,50.819,44.702,39.615
25.729,27.158,26.888,26.680,28.424,31.992,42.167,51.187,53.816,50.397,47.398,45.736,43.507,41.957,40.503,41.894,45.017,51.081,56.208,62.945,61.473,50.895,44.809,39.747
25.806,27.228,26.953,26.778,28.527,32.075,42.170,51.247,53.817,50.427,47.417,45.785,43.535,42.012,40.570,41.960,45.060,51.170,56.216,62.983,61.533,50.976,44.854,39.765
25.908,27.334,27.068,26.880,28.620,32.166,42.254,51.259,53.817,50.430,47.447,45.816,43.630,42.115,40.673,42.062,45.160,51.177,56.278,63.004,61.574,50.980,44.901,39.865
25.972,27.401,27.136,26.956,28.698,32.246,42.329,51.333,53.841,50.461,47.518,45.884,43.714,42.200,40.755,42.146,45.250,51.249,56.282,63.100,61.644,51.046,44.973,39.951
26.036,27.465,27.212,27.056,28.789,32.336,42.373,51.361,53.907,50.483,47.562,45.936,43.794,42.304,40.862,42.245,45.342,51.284,56.328,63.140,61.669,51.087,45.037,40.085
26.122,27.552,27.295,27.148,28.888,32.438,42.476,51.465,53.943,50.523,47.667,46.024,43.885,42.377,40.926,42.314,45.430,51.376,56.489,63.159,61.877,51.177,45.123,40.173
26.242,27.677,27.425,27.252,28.983,32.523,42.555,51.518,54.024,50.531,47.691,46.086,43.994,42.523,41.088,42.476,45.558,51.455,56.536,63.164,61.901,51.236,45.197,40.238
26.357,27.793,27.545,27.357,29.081,32.617,42.646,51.599,54.047,50.583,47.758,46.177,44.103,42.654,41.230,42.615,45.675,51.552,56.554,63.181,61.909,51.326,45.294,40.329
26.475,27.903,27.660,27.478,29.189,32.714,42.697,51.622,54.201,50.743,47.805,46.234,44.158,42.724,41.309,42.682,45.724,51.580,56.564,63.222,61.909,51.362,45.355,40.424
26.654,28.078,27.836,27.633,29.336,32.856,42.850,51.767,54.226,50.773,47.955,46.403,44.308,42.886,41.482,42.849,45.869,51.745,56.593,63.241,61.933,51.529,45.520,40.560
26.728,28.148,27.921,27.736,29.420,32.934,42.867,51.777,54.232,50.817,47.966,46.435,44.369,42.986,41.594,42.945,45.941,51.752,56.604,63.249,61.940,51.545,45.568,40.680
26.821,28.233,28.016,27.856,29.527,33.036,42.916,51.801,54.233,50.827,48.037,46.507,44.432,43.062,41.673,43.010,45.998,51.786,56.606,63.250,61.944,51.598,45.645,40.818
26.916,28.323,28.115,27.957,29.614,33.112,42.949,51.805,54.249,50.832,48.051,46.542,44.486,43.144,41.767,43.093,46.057,51.803,56.607,63.250,61.959,51.617,45.689,40.898
27.007,28.407,28.197,28.049,29.704,33.195,43.005,51.845,54.270,50.883,48.117,46.597,44.522,43.169,41.789,43.111,46.079,51.832,56.610,63.277,61.996,51.657,45.741,40.966
27.068,28.474,28.264,28.118,29.777,33.263,43.056,51.869,54.308,50.891,48.125,46.609,44.587,43.239,41.859,43.188,46.158,51.859,56.626,63.289,62.061,51.665,45.763,41.004
27.127,28.535,28.327,28.199,29.861,33.351,43.133,51.948,54.351,50.892,48.209,46.683,44.674,43.323,41.936,43.266,46.250,51.932,56.670,63.320,62.128,51.740,45.841,41.112
27.175,28.592,28.392,28.280,29.944,33.442,43.217,52.033,54.483,50.910,48.280,46.757,44.795,43.458,42.068,43.402,46.394,52.023,56.681,63.324,62.134,51.822,45.927,41.237
27.311,28.743,28.537,28.374,30.045,33.545,43.383,52.196,54.517,50.923,48.382,46.892,44.977,43.658,42.277,43.628,46.600,52.212,56.706,63.367,62.136,51.973,46.066,41.296
27.394,28.822,28.621,28.469,30.132,33.620,43.409,52.206,54.550,50.971,48.387,46.905,45.013,43.707,42.331,43.676,46.637,52.220,56.739,63.420,62.147,51.980,46.087,41.360
27.478,28.903,28.704,28.553,30.212,33.698,43.478,52.260,54.606,51.040,48.458,46.978,45.082,43.780,42.406,43.747,46.704,52.278,56.882,63.501,62.286,52.042,46.161,41.440
27.560,28.984,28.775,28.619,30.287,33.766,43.548,52.318,54.713,51.157,48.518,47.024,45.119,43.793,42.413,43.760,46.729,52.321,56.885,63.523,62.292,52.081,46.200,41.457
27.653,29.075,28.873,28.724,30.382,33.865,43.637,52.415,54.741,51.179,48.624,47.139,45.229,43.921,42.548,43.886,46.843,52.427,56.958,63.606,62.379,52.197,46.319,41.598
27.761,29.180,28.986,28.837,30.485,33.963,43.711,52.477,54.773,51.187,48.691,47.224,45.324,44.039,42.674,44.004,46.942,52.501,57.051,63.671,62.420,52.274,46.410,41.712
27.811,29.231,29.043,28.921,30.568,34.044,43.747,52.489,54.860,51.214,48.718,47.243,45.378,44.096,42.726,44.055,47.004,52.508,57.151,63.840,62.432,52.281,46.439,41.803
27.947,29.368,29.166,29.039,30.702,34.179,43.912,52.663,54.925,51.383,48.890,47.388,45.498,44.143,42.756,44.094,47.077,52.662,57.215,63.988,62.506,52.432,46.571,41.892
28.063,29.471,29.258,29.133,30.798,34.261,43.973,52.702,54.989,51.533,48.965,47.439,45.499,44.177,42.795,44.135,47.109,52.676,57.369,64.250,62.511,52.461,46.609,41.914
28.181,29.589,29.373,29.229,30.892,34.346,44.060,52.772,55.064,51.592,49.026,47.512,45.577,44.225,42.844,44.183,47.152,52.752,57.499,64.406,62.643,52.529,46.682,41.963
28.280,29.686,29.464,29.314,30.980,34.435,44.163,52.884,55.196,51.746,49.141,47.620,45.660,44.295,42.912,44.252,47.225,52.858,57.535,64.590,62.766,52.638,46.782,42.038
28.376,29.777,29.562,29.418,31.076,34.530,44.242,52.964,55.287,51.862,49.236,47.720,45.748,44.394,43.016,44.347,47.311,52.942,57.745,64.628,63.003,52.733,46.884,42.160
28.520,29.923,29.699,29.547,31.217,34.678,44.434,53.182,55.525,52.108,49.445,47.912,45.914,44.534,43.148,44.488,47.469,53.150,57.894,64.640,63.127,52.940,47.065,42.297
28.630,30.031,29.799,29.641,31.315,34.775,44.544,53.297,55.658,52.267,49.564,48.021,45.997,44.598,43.208,44.551,47.539,53.255,58.077,64.769,63.279,53.047,47.165,42.370
28.732,30.131,29.899,29.757,31.437,34.904,44.678,53.448,55.816,52.462,49.730,48.167,46.121,44.706,43.307,44.649,47.656,53.394,58.128,64.909,63.297,53.198,47.306,42.522
28.825,30.218,29.985,29.849,31.525,34.984,44.731,53.484,55.854,52.533,49.786,48.219,46.162,44.743,43.345,44.683,47.687,53.424,58.390,64.923,63.453,53.235,47.357,42.587
28.976,30.365,30.128,29.987,31.663,35.124,44.890,53.659,56.064,52.783,49.971,48.397,46.299,44.868,43.458,44.789,47.811,53.595,58.427,64.924,63.501,53.416,47.524,42.728
29.024,30.406,30.170,30.063,31.741,35.201,44.928,53.688,56.083,52.871,50.040,48.437,46.321,44.869,43.469,44.796,47.818,53.596,58.451,64.998,63.537,53.442,47.562,42.816
29.124,30.495,30.262,30.184,31.855,35.304,44.967,53.696,56.083,52.944,50.096,48.478,46.348,44.889,43.476,44.805,47.829,53.602,58.562,65.010,63.554,53.456,47.605,42.917
29.242,30.613,30.377,30.299,31.975,35.423,45.091,53.820,56.205,53.069,50.220,48.594,46.461,44.991,43.574,44.898,47.939,53.714,58.602,65.097,63.560,53.572,47.718,43.022
29.358,30.730,30.488,30.423,32.110,35.557,45.215,53.932,56.291,53.162,50.338,48.688,46.566,45.070,43.641,44.973,48.039,53.808,58.719,65.241,63.685,53.662,47.811,43.125
29.479,30.858,30.610,30.544,32.243,35.696,45.378,54.105,56.450,53.295,50.494,48.833,46.721,45.210,43.772,45.115,48.199,53.973,58.861,65.273,63.824,53.817,47.953,43.250
29.586,30.965,30.721,30.670,32.368,35.826,45.502,54.239,56.580,53.434,50.636,48.970,46.859,45.351,43.911,45.251,48.340,54.107,58.890,65.363,63.889,53.957,48.093,43.414
29.707,31.085,30.850,30.790,32.474,35.924,45.574,54.287,56.618,53.440,50.678,49.042,46.959,45.485,44.060,45.392,48.452,54.175,59.023,65.414,64.022,54.019,48.175,43.516
29.825,31.199,30.973,30.919,32.591,36.039,45.667,54.377,56.714,53.550,50.780,49.158,47.073,45.621,44.203,45.524,48.568,54.275,59.054,65.425,64.027,54.129,48.296,43.665
29.942,31.319,31.090,31.057,32.740,36.194,45.816,54.529,56.827,53.659,50.940,49.291,47.214,45.739,44.307,45.636,48.709,54.409,59.115,65.474,64.090,54.264,48.429,43.819
30.028,31.406,31.180,31.161,32.842,36.288,45.870,54.551,56.841,53.686,50.969,49.322,47.280,45.812,44.380,45.707,48.780,54.431,59.130,65.628,64.092,54.281,48.469,43.902
30.154,31.534,31.304,31.286,32.973,36.418,46.001,54.675,56.937,53.758,51.089,49.434,47.402,45.924,44.486,45.819,48.903,54.548,59.140,65.804,64.323,54.392,48.580,44.009
30.274,31.660,31.438,31.429,33.115,36.573,46.168,54.869,57.124,53.919,51.272,49.623,47.604,46.143,44.706,46.038,49.122,54.752,59.323,65.825,64.460,54.596,48.775,44.223
30.396,31.779,31.554,31.569,33.262,36.726,46.319,55.034,57.292,54.142,51.460,49.781,47.735,46.247,44.796,46.129,49.241,54.896,59.513,65.875,64.521,54.755,48.927,44.390
30.527,31.906,31.683,31.724,33.417,36.885,46.459,55.178,57.436,54.333,51.632,49.933,47.870,46.369,44.910,46.239,49.368,55.028,59.623,65.960,64.584,54.902,49.077,44.576
30.626,32.012,31.787,31.846,33.550,37.017,46.572,55.270,57.471,54.334,51.717,50.003,47.988,46.475,45.005,46.345,49.496,55.108,59.682,65.988,64.587,54.968,49.154,44.685
30.758,32.144,31.919,31.984,33.688,37.152,46.690,55.376,57.563,54.422,51.827,50.111,48.108,46.595,45.124,46.464,49.618,55.212,59.696,66.245,64.685,55.071,49.265,44.811
30.878,32.260,32.044,32.145,33.846,37.314,46.815,55.502,57.674,54.575,51.984,50.254,48.249,46.738,45.260,46.593,49.759,55.331,59.828,66.318,64.887,55.207,49.413,45.024
31.047,32.421,32.206,32.303,33.997,37.461,46.955,55.643,57.845,54.793,52.144,50.415,48.375,46.863,45.390,46.714,49.871,55.471,60.057,66.461,65.055,55.360,49.568,45.173
31.212,32.580,32.363,32.472,34.165,37.628,47.111,55.801,58.019,55.022,52.327,50.583,48.512,46.986,45.509,46.828,49.993,55.618,60.271,66.612,65.214,55.521,49.730,45.345
31.329,32.700,32.489,32.623,34.317,37.791,47.267,55.974,58.176,55.181,52.507,50.754,48.692,47.170,45.686,47.004,50.183,55.788,60.429,66.726,65.379,55.699,49.905,45.561
31.447,32.829,32.619,32.760,34.464,37.952,47.454,56.182,58.357,55.312,52.690,50.930,48.899,47.374,45.881,47.210,50.408,55.996,60.559,66.867,65.528,55.895,50.086,45.744
31.534,32.920,32.724,32.931,34.640,38.152,47.630,56.393,58.527,55.510,52.929,51.136,49.118,47.590,46.077,47.403,50.643,56.193,60.732,67.044,65.710,56.112,50.300,46.061
31.698,33.086,32.892,33.103,34.811,38.326,47.804,56.571,58.702,55.679,53.105,51.314,49.301,47.778,46.265,47.590,50.830,56.373,60.907,67.239,65.939,56.293,50.481,46.250
31.944,33.327,33.115,33.313,35.036,38.552,48.075,56.864,59.008,55.995,53.406,51.583,49.505,47.932,46.407,47.741,51.005,56.641,61.168,67.443,66.031,56.568,50.728,46.426
32.052,33.442,33.252,33.501,35.214,38.732,48.170,56.924,59.041,56.078,53.478,51.664,49.679,48.147,46.620,47.947,51.214,56.712,61.285,67.537,66.187,56.635,50.838,46.674
32.326,33.706,33.513,33.744,35.450,38.954,48.381,57.117,59.235,56.263,53.686,51.881,49.863,48.330,46.813,48.133,51.379,56.906,61.442,67.751,66.487,56.837,51.048,46.859
32.570,33.956,33.802,34.070,35.741,39.256,48.614,57.350,59.418,56.375,53.919,52.171,50.236,48.804,47.310,48.604,51.806,57.190,61.637,68.127,66.791,57.128,51.376,47.328
32.839,34.221,34.060,34.371,36.059,39.588,48.949,57.716,59.790,56.843,54.326,52.517,50.531,49.042,47.519,48.819,52.078,57.515,62.041,68.315,66.984,57.478,51.707,47.684
33.057,34.441,34.288,34.663,36.361,39.907,49.236,58.021,60.050,57.145,54.664,52.812,50.836,49.328,47.781,49.081,52.389,57.796,62.286,68.699,67.077,57.776,52.008,48.077
33.338,34.710,34.577,35.040,36.725,40.284,49.527,58.329,60.349,57.585,55.061,53.171,51.157,49.649,48.088,49.363,52.701,58.083,62.690,69.727,67.284,58.118,52.371,48.593
33.845,35.242,35.131,35.644,37.339,40.966,50.302,59.247,61.256,58.426,55.940,54.036,52.039,50.555,48.973,50.254,53.638,59.016,63.635,70.723,68.338,59.062,53.246,49.520
34.465,35.879,35.779,36.258,37.950,41.618,51.083,60.141,62.206,59.279,56.762,54.899,52.891,51.452,49.882,51.166,54.528,59.953,64.661,70.914,69.522,59.992,54.109,50.310
35.327,36.735,36.592,37.021,38.754,42.438,52.070,61.223,63.426,60.622,57.838,55.904,53.722,52.164,50.566,51.875,55.294,60.983,66.003,72.362,70.765,61.036,55.055,51.040
35.952,37.357,37.295,37.987,39.687,43.466,52.954,62.268,64.414,61.841,59.052,57.039,54.826,53.327,51.684,52.934,56.446,62.013,67.258,73.644,71.920,62.202,56.226,52.667
37.026,38.323,38.240,39.313,41.046,44.826,53.970,63.291,65.530,64.036,60.619,58.202,55.508,53.665,51.875,53.062,56.872,62.739,68.893,75.027,72.538,63.213,57.295,54.162
38.494,39.846,39.824,40.924,42.642,46.511,55.766,65.247,67.397,65.569,62.432,60.107,57.599,55.918,54.142,55.331,59.118,64.799,70.689,76.952,74.721,65.238,59.259,56.234
