17.203,13.792,9.447,2.694,5.658,9.291,18.392,27.233,30.021,29.465,26.806,26.153,25.967,24.410,28.480,29.869,32.613,35.874,35.075,34.447,25.721,18.431,17.435,8.976
20.614,17.984,13.560,6.190,9.028,12.767,22.143,30.144,33.003,32.011,29.737,29.402,29.098,28.076,31.407,32.828,35.564,39.078,37.978,37.697,29.555,23.061,21.827,13.769
22.068,20.222,15.380,8.311,11.253,14.991,25.096,32.476,35.430,33.525,31.468,31.426,31.097,30.499,33.496,34.891,37.599,41.147,39.736,39.763,32.131,25.974,24.572,16.475
22.406,20.834,16.136,10.455,13.234,16.832,26.723,33.755,36.676,34.565,32.596,32.627,32.336,32.258,34.763,36.183,38.620,42.120,40.573,40.361,33.472,27.604,26.141,18.202
22.848,21.211,16.682,11.393,14.073,17.617,27.227,34.241,37.120,35.161,33.190,33.187,32.910,32.931,35.307,36.740,39.082,42.560,41.036,40.676,33.962,28.164,26.717,18.886
23.793,22.190,17.861,12.878,15.434,18.867,28.099,34.895,37.684,35.840,33.932,33.923,33.655,33.747,35.967,37.373,39.607,42.998,41.513,41.099,34.665,29.079,27.667,20.104
24.554,22.943,18.801,13.779,16.215,19.633,28.574,35.253,38.003,36.354,34.505,34.492,34.206,34.382,36.413,37.832,40.016,43.438,41.970,41.506,35.217,29.826,28.406,21.055
24.880,23.304,19.238,14.355,16.733,20.127,28.944,35.535,38.265,36.652,34.835,34.831,34.544,34.801,36.717,38.140,40.277,43.698,42.221,41.721,35.568,30.279,28.852,21.596
25.246,23.675,19.713,15.250,17.564,20.879,29.497,36.006,38.688,37.109,35.302,35.284,35.018,35.352,37.181,38.595,40.643,43.998,42.535,41.947,35.989,30.770,29.365,22.207
25.384,23.903,19.953,15.829,18.113,21.396,29.998,36.409,39.088,37.423,35.641,35.650,35.393,35.857,37.570,38.987,40.972,44.315,42.810,42.178,36.405,31.256,29.833,22.702
25.678,24.290,20.345,16.374,18.639,21.887,30.472,36.763,39.428,37.685,35.939,35.976,35.722,36.252,37.893,39.299,41.249,44.566,43.037,42.419,36.780,31.713,30.283,23.211
26.119,24.666,20.802,16.862,19.096,22.303,30.723,37.009,39.633,37.995,36.244,36.250,36.003,36.479,38.146,39.537,41.467,44.736,43.258,42.615,36.986,31.935,30.540,23.546
26.438,24.966,21.186,17.274,19.462,22.638,30.902,37.136,39.727,38.172,36.438,36.432,36.185,36.659,38.288,39.670,41.574,44.819,43.368,42.707,37.138,32.152,30.775,23.880
26.674,25.210,21.431,17.639,19.829,22.972,31.212,37.423,39.997,38.415,36.677,36.667,36.431,36.894,38.545,39.913,41.799,45.001,43.560,42.896,37.363,32.371,31.011,24.127
26.905,25.520,21.677,18.140,20.363,23.453,31.762,37.904,40.466,38.728,36.991,37.000,36.784,37.257,38.944,40.285,42.144,45.274,43.819,43.176,37.728,32.722,31.374,24.466
27.170,25.697,21.970,18.567,20.765,23.808,31.990,38.108,40.634,38.943,37.203,37.193,36.988,37.439,39.137,40.462,42.290,45.366,43.943,43.274,37.875,32.883,31.565,24.716
27.194,25.734,22.035,18.878,21.006,24.039,32.039,38.204,40.718,39.172,37.416,37.372,37.173,37.707,39.305,40.657,42.427,45.522,44.111,43.310,37.996,33.023,31.705,24.896
27.250,25.755,22.123,19.122,21.218,24.237,32.156,38.319,40.789,39.321,37.562,37.509,37.315,37.896,39.442,40.802,42.537,45.574,44.222,43.364,38.114,33.162,31.844,25.060
27.601,26.099,22.502,19.369,21.461,24.463,32.337,38.444,40.824,39.437,37.699,37.649,37.451,37.979,39.549,40.890,42.614,45.632,44.316,43.455,38.252,33.340,32.038,25.318
28.006,26.458,22.907,19.638,21.719,24.699,32.399,38.445,40.927,39.607,37.872,37.801,37.602,38.045,39.630,40.936,42.637,45.705,44.350,43.509,38.266,33.460,32.188,25.536
28.194,26.635,23.172,20.045,22.070,25.029,32.469,38.565,41.016,39.749,38.027,37.878,37.687,38.079,39.667,40.989,42.747,45.780,44.438,43.656,38.357,33.502,32.301,25.875
28.379,26.780,23.402,20.266,22.273,25.177,32.659,38.717,41.149,39.814,38.093,38.014,37.817,38.322,39.853,41.183,42.897,45.930,44.593,43.753,38.553,33.723,32.451,25.930
28.496,26.844,23.531,20.354,22.286,25.227,32.823,38.836,41.261,39.934,38.231,38.161,37.960,38.485,39.978,41.307,43.011,46.048,44.706,43.872,38.713,33.930,32.654,26.120
28.612,27.173,23.690,20.587,22.643,25.571,33.255,39.173,41.596,40.049,38.396,38.389,38.186,38.715,40.223,41.518,43.237,46.228,44.845,44.118,39.046,34.308,33.024,26.504
28.669,27.314,23.752,20.658,22.674,25.605,33.336,39.184,41.610,40.153,38.477,38.438,38.240,38.806,40.269,41.585,43.274,46.286,44.917,44.141,39.051,34.329,33.043,26.518
28.725,27.382,23.817,20.676,22.738,25.691,33.502,39.375,41.819,40.255,38.600,38.597,38.390,38.939,40.431,41.738,43.468,46.491,45.093,44.386,39.274,34.542,33.240,26.685
28.762,27.462,23.884,20.714,22.756,25.731,33.556,39.443,41.908,40.346,38.692,38.698,38.487,39.125,40.534,41.866,43.576,46.645,45.216,44.458,39.396,34.679,33.350,26.772
28.816,27.517,23.960,20.874,22.930,25.908,33.815,39.637,42.112,40.455,38.825,38.862,38.647,39.321,40.702,42.030,43.743,46.816,45.355,44.607,39.619,34.936,33.590,27.009
28.816,27.521,23.961,21.089,23.116,26.066,33.880,39.715,42.176,40.558,38.914,38.932,38.730,39.440,40.792,42.123,43.794,46.846,45.394,44.639,39.655,34.968,33.633,27.066
28.853,27.592,23.978,21.241,23.268,26.205,34.006,39.829,42.283,40.658,39.014,39.031,38.832,39.539,40.896,42.222,43.885,46.923,45.475,44.687,39.751,35.066,33.737,27.179
28.923,27.632,24.074,21.288,23.291,26.259,34.105,39.921,42.407,40.750,39.117,39.156,38.952,39.799,41.027,42.386,44.021,47.110,45.618,44.773,39.927,35.278,33.905,27.316
29.025,27.756,24.246,21.497,23.527,26.462,34.202,39.986,42.440,40.837,39.210,39.235,39.034,39.805,41.083,42.423,44.052,47.122,45.643,44.811,39.970,35.346,34.000,27.481
29.210,27.991,24.475,21.541,23.648,26.579,34.493,40.250,42.700,40.960,39.344,39.423,39.221,39.827,41.310,42.604,44.273,47.307,45.838,45.040,40.199,35.534,34.209,27.580
29.258,28.032,24.483,21.771,23.780,26.703,34.544,40.279,42.733,41.034,39.412,39.447,39.249,40.019,41.330,42.637,44.313,47.325,45.851,45.043,40.252,35.568,34.227,27.698
29.268,28.067,24.521,21.888,23.867,26.791,34.684,40.412,42.880,41.079,39.467,39.508,39.309,40.157,41.364,42.706,44.348,47.368,45.879,45.195,40.274,35.683,34.327,27.817
29.296,28.087,24.563,21.939,23.927,26.867,34.697,40.419,42.890,41.194,39.584,39.639,39.437,40.316,41.504,42.853,44.464,47.541,46.029,45.237,40.434,35.841,34.468,27.928
29.413,28.214,24.614,22.087,24.064,26.991,34.768,40.513,42.977,41.298,39.681,39.726,39.530,40.421,41.601,42.952,44.545,47.610,46.104,45.282,40.503,35.904,34.536,28.000
29.454,28.296,24.695,22.222,24.197,27.113,34.873,40.595,43.051,41.368,39.757,39.804,39.609,40.494,41.675,43.019,44.609,47.662,46.160,45.302,40.582,35.997,34.635,28.117
29.515,28.366,24.751,22.323,24.305,27.223,35.033,40.730,43.196,41.458,39.855,39.917,39.722,40.640,41.800,43.145,44.731,47.789,46.266,45.416,40.726,36.151,34.777,28.245
29.524,28.393,24.834,22.440,24.414,27.324,35.108,40.795,43.255,41.524,39.923,39.983,39.790,40.713,41.864,43.208,44.785,47.836,46.316,45.459,40.788,36.223,34.852,28.335
29.667,28.542,24.991,22.533,24.514,27.427,35.241,40.894,43.356,41.594,40.007,40.081,39.883,40.804,41.952,43.291,44.878,47.930,46.403,45.578,40.909,36.366,34.990,28.482
29.732,28.602,25.067,22.623,24.595,27.505,35.294,40.944,43.401,41.655,40.070,40.141,39.944,40.870,42.007,43.347,44.928,47.980,46.455,45.622,40.965,36.430,35.055,28.561
29.798,28.705,25.135,22.674,24.659,27.580,35.435,41.070,43.540,41.742,40.164,40.252,40.051,40.996,42.123,43.466,45.054,48.118,46.574,45.760,41.107,36.576,35.188,28.672
29.890,28.826,25.234,22.756,24.749,27.675,35.569,41.185,43.662,41.828,40.258,40.357,40.154,41.108,42.230,43.572,45.165,48.234,46.677,45.881,41.234,36.712,35.317,28.794
29.941,28.890,25.298,22.846,24.835,27.763,35.664,41.271,43.752,41.909,40.342,40.447,40.243,41.221,42.320,43.666,45.253,48.331,46.764,45.963,41.335,36.824,35.422,28.898
29.943,28.939,25.312,22.932,24.935,27.857,35.797,41.394,43.877,41.986,40.419,40.530,40.330,41.310,42.422,43.763,45.349,48.415,46.841,46.050,41.432,36.909,35.507,28.965
29.988,28.959,25.339,23.034,25.033,27.954,35.919,41.508,44.001,42.074,40.507,40.628,40.430,41.467,42.537,43.887,45.455,48.530,46.933,46.116,41.549,37.032,35.617,29.055
30.019,29.070,25.403,23.155,25.168,28.089,36.118,41.671,44.171,42.169,40.614,40.754,40.557,41.616,42.677,44.023,45.590,48.663,47.045,46.252,41.713,37.207,35.781,29.206
30.092,29.180,25.481,23.263,25.289,28.204,36.281,41.808,44.311,42.250,40.701,40.854,40.658,41.726,42.790,44.130,45.698,48.762,47.132,46.358,41.837,37.333,35.904,29.317
30.152,29.249,25.562,23.398,25.415,28.324,36.382,41.894,44.395,42.333,40.788,40.943,40.748,41.837,42.879,44.220,45.776,48.838,47.204,46.418,41.929,37.440,36.010,29.434
30.172,29.259,25.587,23.479,25.486,28.397,36.438,41.962,44.466,42.420,40.871,41.022,40.829,41.942,42.961,44.310,45.855,48.926,47.288,46.476,42.004,37.515,36.080,29.501
30.232,29.346,25.646,23.612,25.632,28.535,36.618,42.130,44.637,42.536,40.986,41.146,40.957,42.084,43.107,44.453,45.992,49.052,47.403,46.595,42.145,37.645,36.209,29.608
30.275,29.407,25.693,23.721,25.746,28.644,36.751,42.253,44.762,42.628,41.078,41.243,41.058,42.199,43.219,44.563,46.097,49.150,47.492,46.682,42.253,37.750,36.311,29.698
30.338,29.446,25.754,23.812,25.828,28.719,36.787,42.302,44.804,42.701,41.145,41.300,41.117,42.254,43.275,44.620,46.146,49.194,47.546,46.718,42.290,37.783,36.351,29.747
30.366,29.484,25.780,23.899,25.918,28.813,36.906,42.427,44.938,42.811,41.252,41.412,41.230,42.393,43.400,44.750,46.270,49.325,47.665,46.824,42.413,37.898,36.458,29.833
30.543,29.677,25.949,24.021,26.056,28.944,37.064,42.568,45.075,42.918,41.361,41.526,41.345,42.476,43.518,44.856,46.388,49.425,47.769,46.961,42.533,38.013,36.580,29.955
30.729,29.879,26.116,24.102,26.160,29.048,37.215,42.711,45.219,43.026,41.472,41.643,41.461,42.554,43.638,44.966,46.517,49.543,47.890,47.124,42.660,38.128,36.700,30.064
30.814,29.941,26.210,24.216,26.257,29.145,37.264,42.770,45.273,43.123,41.567,41.729,41.547,42.649,43.715,45.048,46.590,49.621,47.975,47.185,42.729,38.206,36.779,30.159
30.869,29.967,26.244,24.289,26.328,29.219,37.328,42.870,45.375,43.248,41.679,41.830,41.651,42.754,43.826,45.164,46.703,49.738,48.096,47.281,42.813,38.264,36.839,30.201
30.918,29.971,26.290,24.408,26.429,29.311,37.350,42.922,45.418,43.350,41.767,41.899,41.725,42.830,43.896,45.239,46.762,49.792,48.165,47.307,42.847,38.289,36.873,30.245
31.007,30.074,26.374,24.508,26.539,29.419,37.485,43.052,45.550,43.452,41.869,42.005,41.833,42.936,44.013,45.353,46.877,49.900,48.269,47.421,42.962,38.395,36.979,30.338
31.155,30.204,26.518,24.702,26.731,29.590,37.617,43.183,45.666,43.579,41.989,42.116,41.950,43.028,44.132,45.462,46.978,49.971,48.358,47.503,43.049,38.472,37.073,30.445
31.210,30.281,26.568,24.798,26.841,29.695,37.763,43.323,45.811,43.678,42.087,42.220,42.057,43.143,44.254,45.582,47.096,50.083,48.459,47.612,43.168,38.580,37.178,30.529
31.298,30.336,26.643,24.892,26.929,29.781,37.815,43.401,45.884,43.788,42.186,42.307,42.147,43.223,44.343,45.672,47.183,50.167,48.555,47.686,43.232,38.629,37.234,30.585
31.351,30.393,26.697,25.003,27.039,29.890,37.931,43.521,46.008,43.901,42.297,42.418,42.260,43.355,44.464,45.796,47.300,50.286,48.667,47.785,43.346,38.739,37.341,30.681
31.519,30.566,26.872,25.156,27.193,30.033,38.060,43.631,46.109,43.999,42.400,42.521,42.364,43.438,44.562,45.886,47.391,50.360,48.750,47.885,43.446,38.847,37.457,30.816
31.601,30.644,26.958,25.268,27.300,30.137,38.151,43.721,46.197,44.093,42.493,42.613,42.457,43.536,44.654,45.979,47.478,50.446,48.837,47.964,43.534,38.938,37.548,30.912
31.687,30.723,27.044,25.371,27.400,30.236,38.239,43.814,46.288,44.194,42.591,42.708,42.553,43.635,44.751,46.076,47.572,50.540,48.933,48.051,43.625,39.027,37.638,31.002
31.822,30.829,27.180,25.467,27.481,30.324,38.282,43.874,46.346,44.307,42.702,42.810,42.651,43.730,44.834,46.165,47.662,50.642,49.044,48.147,43.708,39.116,37.729,31.110
31.908,30.919,27.264,25.537,27.553,30.405,38.383,43.982,46.462,44.418,42.814,42.925,42.764,43.855,44.949,46.285,47.785,50.778,49.173,48.274,43.831,39.239,37.844,31.214
32.023,31.025,27.381,25.608,27.617,30.477,38.441,44.044,46.524,44.505,42.903,43.012,42.848,43.936,45.023,46.363,47.867,50.870,49.267,48.369,43.915,39.330,37.933,31.312
32.174,31.192,27.529,25.769,27.789,30.641,38.627,44.216,46.694,44.641,43.040,43.154,42.992,44.070,45.175,46.507,48.013,51.001,49.397,48.515,44.064,39.475,38.082,31.456
32.292,31.297,27.633,25.957,27.984,30.815,38.786,44.384,46.851,44.789,43.177,43.281,43.129,44.187,45.324,46.647,48.144,51.102,49.510,48.619,44.173,39.558,38.180,31.547
32.358,31.342,27.711,26.101,28.120,30.950,38.896,44.512,46.979,44.941,43.322,43.418,43.267,44.332,45.463,46.791,48.280,51.240,49.652,48.736,44.294,39.672,38.296,31.660
32.395,31.382,27.735,26.245,28.248,31.075,39.006,44.631,47.102,45.063,43.437,43.532,43.387,44.511,45.595,46.935,48.396,51.364,49.762,48.797,44.410,39.788,38.403,31.754
32.398,31.407,27.744,26.396,28.412,31.236,39.223,44.848,47.331,45.229,43.599,43.703,43.563,44.723,45.798,47.140,48.591,51.558,49.936,48.959,44.603,39.964,38.570,31.883
32.488,31.556,27.832,26.490,28.534,31.365,39.456,45.060,47.558,45.365,43.741,43.867,43.726,44.902,45.983,47.323,48.783,51.754,50.105,49.160,44.809,40.163,38.756,32.029
32.547,31.625,27.917,26.576,28.607,31.445,39.530,45.115,47.617,45.425,43.812,43.945,43.801,45.007,46.049,47.395,48.850,51.836,50.177,49.227,44.902,40.283,38.866,32.154
32.559,31.631,27.925,26.699,28.721,31.561,39.634,45.248,47.755,45.577,43.951,44.078,43.938,45.181,46.197,47.554,48.993,51.988,50.322,49.328,45.027,40.392,38.970,32.237
32.580,31.673,27.943,26.823,28.855,31.697,39.827,45.442,47.962,45.726,44.097,44.234,44.098,45.379,46.381,47.743,49.172,52.172,50.484,49.479,45.205,40.557,39.123,32.352
32.611,31.689,27.986,26.937,28.952,31.797,39.896,45.527,48.051,45.846,44.213,44.344,44.208,45.525,46.490,47.864,49.278,52.293,50.600,49.556,45.307,40.663,39.223,32.452
32.738,31.764,28.110,27.212,29.205,32.032,40.045,45.709,48.220,46.074,44.422,44.531,44.404,45.733,46.689,48.067,49.453,52.454,50.777,49.672,45.451,40.790,39.363,32.600
32.909,31.942,28.293,27.418,29.408,32.225,40.222,45.870,48.374,46.223,44.575,44.683,44.559,45.885,46.842,48.214,49.595,52.583,50.910,49.808,45.603,40.951,39.529,32.779
33.085,32.147,28.481,27.610,29.606,32.420,40.444,46.066,48.572,46.385,44.745,44.865,44.740,46.074,47.025,48.395,49.775,52.761,51.079,49.993,45.803,41.163,39.737,32.989
33.253,32.336,28.663,27.769,29.751,32.575,40.568,46.197,48.703,46.558,44.922,45.037,44.907,46.244,47.177,48.553,49.936,52.937,51.259,50.166,45.968,41.342,39.913,33.182
33.290,32.365,28.694,27.818,29.812,32.682,40.824,46.464,49.019,46.782,45.151,45.299,45.162,46.617,47.463,48.870,50.251,53.323,51.577,50.464,46.304,41.679,40.199,33.386
33.320,32.502,28.774,28.033,30.030,32.894,41.084,46.677,49.239,46.927,45.310,45.479,45.344,46.851,47.659,49.065,50.432,53.503,51.730,50.621,46.526,41.924,40.430,33.609
33.330,32.539,28.817,28.154,30.126,33.020,41.242,46.814,49.402,47.071,45.472,45.664,45.520,47.143,47.833,49.267,50.614,53.746,51.925,50.780,46.760,42.207,40.674,33.844
33.413,32.573,28.909,28.384,30.328,33.213,41.343,46.958,49.538,47.282,45.665,45.832,45.696,47.341,48.007,49.452,50.772,53.902,52.095,50.881,46.885,42.319,40.793,33.971
33.614,32.807,29.084,28.563,30.535,33.438,41.676,47.304,49.907,47.577,45.956,46.139,46.001,47.664,48.339,49.789,51.121,54.268,52.435,51.236,47.225,42.630,41.089,34.208
34.113,33.262,29.546,28.833,30.817,33.715,41.920,47.567,50.153,47.876,46.248,46.415,46.275,47.839,48.594,50.027,51.390,54.514,52.721,51.562,47.464,42.850,41.333,34.475
34.281,33.272,29.729,29.263,31.163,34.037,41.962,47.700,50.254,48.211,46.548,46.650,46.523,48.120,48.813,50.269,51.569,54.691,52.947,51.628,47.580,42.961,41.469,34.672
34.607,33.615,30.094,29.586,31.467,34.349,42.250,47.958,50.514,48.489,46.844,46.955,46.820,48.445,49.090,50.552,51.848,54.991,53.238,51.921,47.900,43.325,41.823,35.059
35.221,33.979,30.659,30.302,32.115,34.923,42.435,48.267,50.742,49.029,47.322,47.326,47.216,48.706,49.447,50.892,52.143,55.195,53.572,52.126,48.058,43.420,42.006,35.344
35.908,34.816,31.288,30.541,32.466,35.307,43.145,48.904,51.413,49.451,47.773,47.840,47.715,49.109,49.978,51.391,52.736,55.781,54.121,52.880,48.687,44.024,42.594,35.851
36.056,34.932,31.452,30.841,32.725,35.609,43.427,49.251,51.792,49.898,48.210,48.272,48.142,49.661,50.406,51.866,53.182,56.309,54.614,53.270,49.123,44.466,42.998,36.220
36.369,35.315,31.744,31.503,33.397,36.378,44.103,50.395,53.044,51.010,49.299,49.401,49.268,51.067,51.620,53.162,54.447,57.728,55.896,54.419,50.364,45.651,44.079,37.085
36.935,35.409,32.337,32.327,33.941,37.066,44.464,50.868,53.553,52.323,50.530,50.483,50.324,52.416,52.550,54.271,55.443,59.019,57.222,55.228,51.197,46.513,44.880,37.956
39.103,36.314,34.422,34.307,35.396,38.528,44.525,51.207,53.692,54.416,52.409,51.894,51.734,53.625,53.589,55.455,56.467,60.171,58.828,56.034,51.723,47.001,45.553,39.141
