11.951,6.310,6.622,3.109,1.090,1.150,-2.637,-1.752,1.766,2.478,-1.767,-3.841,-6.657,-10.478,-10.028,-5.929,3.425,9.872,17.654,22.972,20.105,17.803,17.220,10.129
18.732,13.454,13.033,11.344,9.567,8.835,6.356,6.739,10.567,11.578,8.265,6.891,4.425,3.039,2.388,6.504,11.619,18.765,25.755,29.898,26.658,24.405,23.859,17.886
20.830,16.326,15.465,14.036,12.509,12.093,9.778,10.172,13.488,14.158,11.036,9.743,8.056,6.059,5.420,9.145,14.815,21.123,27.474,31.450,28.709,26.607,26.182,20.681
22.319,18.108,16.385,15.707,14.436,13.964,12.068,12.213,15.418,16.019,13.432,12.350,10.911,9.359,8.351,12.067,16.850,23.404,29.331,33.047,30.457,28.571,28.383,23.429
23.368,19.383,17.343,16.950,15.822,15.367,13.660,13.705,16.759,17.305,15.003,14.019,12.700,11.308,10.206,13.818,18.221,24.691,30.293,33.836,31.401,29.670,29.597,24.986
24.079,20.083,17.948,17.760,16.702,16.130,14.600,14.527,17.573,18.204,16.192,15.303,13.782,12.890,11.708,15.295,18.903,25.505,30.899,34.237,31.804,30.223,30.225,25.895
24.522,20.648,18.493,18.295,17.291,16.778,15.264,15.185,18.107,18.696,16.770,15.889,14.399,13.452,12.327,15.812,19.453,25.869,31.099,34.382,32.067,30.569,30.611,26.416
24.937,21.127,19.074,18.820,17.807,17.320,15.792,15.748,18.629,19.197,17.225,16.339,14.915,13.887,12.805,16.231,19.962,26.225,31.415,34.678,32.389,30.874,30.883,26.690
25.332,21.538,19.629,19.303,18.293,17.798,16.272,16.233,19.065,19.657,17.730,16.848,15.330,14.384,13.372,16.726,20.325,26.468,31.565,34.758,32.500,31.036,31.039,26.922
25.666,22.032,20.167,19.737,18.737,18.366,16.772,16.802,19.516,20.007,17.980,17.063,15.754,14.455,13.528,16.783,20.863,26.711,31.753,34.992,32.846,31.357,31.338,27.196
25.950,22.343,20.363,20.040,19.065,18.677,17.138,17.140,19.860,20.345,18.367,17.477,16.215,14.973,13.982,17.254,21.222,27.129,32.144,35.359,33.212,31.730,31.732,27.635
26.169,22.621,20.613,20.296,19.347,18.989,17.460,17.457,20.121,20.582,18.643,17.757,16.523,15.246,14.274,17.503,21.500,27.329,32.272,35.466,33.374,31.928,31.950,27.913
26.361,22.914,20.861,20.565,19.633,19.323,17.798,17.814,20.429,20.836,18.867,17.983,16.897,15.479,14.503,17.694,21.858,27.573,32.476,35.676,33.633,32.168,32.186,28.159
26.607,23.233,21.144,20.893,19.973,19.680,18.180,18.203,20.793,21.169,19.191,18.321,17.345,15.875,14.876,18.042,22.244,27.894,32.761,35.944,33.922,32.440,32.453,28.447
26.768,23.466,21.353,21.109,20.208,19.948,18.454,18.485,21.028,21.370,19.393,18.525,17.628,16.079,15.088,18.217,22.507,28.067,32.885,36.060,34.084,32.607,32.625,28.648
26.946,23.650,21.544,21.314,20.417,20.147,18.669,18.695,21.235,21.583,19.623,18.763,17.861,16.349,15.353,18.474,22.699,28.253,33.050,36.203,34.227,32.757,32.774,28.820
27.148,23.817,21.750,21.530,20.628,20.321,18.865,18.875,21.436,21.818,19.892,19.046,18.070,16.680,15.679,18.803,22.850,28.442,33.226,36.341,34.340,32.886,32.903,28.977
27.251,24.001,21.818,21.647,20.780,20.519,19.076,19.080,21.588,21.922,20.021,19.180,18.302,16.814,15.799,18.901,23.065,28.606,33.338,36.463,34.522,33.087,33.132,29.247
27.381,24.198,21.997,21.825,20.972,20.748,19.302,19.320,21.783,22.082,20.171,19.328,18.532,16.949,15.946,19.013,23.291,28.741,33.435,36.560,34.661,33.226,33.272,29.403
27.481,24.336,22.092,21.935,21.096,20.894,19.451,19.470,21.909,22.184,20.276,19.433,18.688,17.049,16.043,19.099,23.445,28.864,33.538,36.670,34.798,33.365,33.421,29.564
27.637,24.495,22.348,22.104,21.253,21.071,19.590,19.633,22.047,22.320,20.383,19.521,18.750,17.059,16.112,19.135,23.570,28.904,33.570,36.708,34.854,33.426,33.467,29.596
27.750,24.627,22.478,22.245,21.396,21.216,19.743,19.788,22.196,22.463,20.524,19.666,18.922,17.223,16.271,19.286,23.720,29.034,33.689,36.819,34.968,33.536,33.573,29.709
27.858,24.738,22.601,22.375,21.528,21.340,19.877,19.918,22.325,22.598,20.672,19.821,19.066,17.400,16.447,19.455,23.834,29.142,33.781,36.892,35.041,33.615,33.651,29.805
28.021,24.890,22.732,22.526,21.683,21.485,20.034,20.063,22.477,22.758,20.854,20.009,19.233,17.607,16.643,19.658,23.980,29.320,33.954,37.057,35.201,33.786,33.831,29.999
28.151,24.984,22.848,22.645,21.801,21.574,20.136,20.151,22.580,22.890,21.020,20.183,19.332,17.804,16.839,19.862,24.048,29.431,34.058,37.138,35.264,33.868,33.918,30.108
28.265,25.074,22.950,22.756,21.912,21.663,20.239,20.240,22.680,23.011,21.170,20.340,19.437,17.984,17.017,20.043,24.121,29.535,34.152,37.210,35.325,33.946,34.001,30.213
28.415,25.188,23.099,22.883,22.032,21.767,20.337,20.334,22.786,23.138,21.308,20.476,19.508,18.106,17.150,20.184,24.203,29.644,34.270,37.324,35.425,34.056,34.111,30.322
28.513,25.288,23.162,22.995,22.159,21.875,20.479,20.454,22.908,23.271,21.489,20.675,19.689,18.367,17.386,20.421,24.311,29.784,34.378,37.400,35.501,34.153,34.222,30.479
28.653,25.439,23.356,23.141,22.291,22.029,20.602,20.602,23.048,23.395,21.562,20.731,19.780,18.369,17.415,20.439,24.464,29.884,34.500,37.548,35.654,34.283,34.335,30.551
28.777,25.579,23.527,23.288,22.436,22.185,20.748,20.759,23.191,23.532,21.686,20.851,19.911,18.473,17.536,20.543,24.605,29.980,34.586,37.632,35.748,34.375,34.419,30.634
28.907,25.731,23.684,23.446,22.590,22.347,20.909,20.931,23.360,23.690,21.818,20.982,20.091,18.611,17.670,20.672,24.784,30.130,34.741,37.791,35.908,34.515,34.548,30.748
29.011,25.810,23.745,23.512,22.662,22.411,20.976,20.983,23.416,23.757,21.916,21.081,20.140,18.702,17.762,20.773,24.835,30.221,34.828,37.877,35.994,34.623,34.671,30.887
29.130,25.944,23.926,23.658,22.804,22.564,21.115,21.136,23.552,23.888,22.032,21.191,20.255,18.788,17.873,20.862,24.964,30.293,34.889,37.933,36.062,34.691,34.729,30.944
29.217,26.041,24.021,23.740,22.893,22.665,21.210,21.231,23.629,23.959,22.114,21.270,20.326,18.843,17.943,20.921,25.046,30.354,34.932,37.977,36.124,34.768,34.815,31.043
29.297,26.121,24.071,23.818,22.981,22.744,21.307,21.314,23.711,24.046,22.232,21.397,20.439,18.996,18.084,21.064,25.125,30.455,35.016,38.047,36.197,34.856,34.915,31.170
29.402,26.253,24.227,23.968,23.126,22.898,21.460,21.480,23.868,24.193,22.353,21.518,20.606,19.127,18.217,21.182,25.284,30.566,35.121,38.148,36.302,34.944,34.989,31.236
29.485,26.354,24.348,24.080,23.235,23.013,21.572,21.602,23.985,24.302,22.445,21.609,20.725,19.220,18.315,21.269,25.401,30.649,35.200,38.226,36.383,35.013,35.047,31.288
29.573,26.452,24.468,24.176,23.334,23.123,21.674,21.708,24.070,24.384,22.534,21.694,20.797,19.279,18.398,21.332,25.481,30.691,35.220,38.240,36.415,35.061,35.098,31.354
29.646,26.557,24.549,24.272,23.442,23.243,21.803,21.835,24.176,24.476,22.638,21.803,20.937,19.397,18.514,21.433,25.600,30.780,35.281,38.294,36.490,35.143,35.187,31.466
29.736,26.659,24.627,24.360,23.538,23.346,21.910,21.939,24.270,24.563,22.734,21.899,21.046,19.494,18.608,21.525,25.705,30.881,35.372,38.385,36.592,35.252,35.303,31.592
29.830,26.766,24.744,24.479,23.654,23.464,22.030,22.065,24.396,24.683,22.841,22.008,21.181,19.616,18.727,21.638,25.830,30.986,35.476,38.486,36.692,35.340,35.383,31.667
29.902,26.841,24.777,24.552,23.737,23.538,22.125,22.146,24.479,24.769,22.955,22.133,21.307,19.779,18.868,21.785,25.915,31.100,35.576,38.573,36.779,35.437,35.491,31.798
29.967,26.931,24.826,24.620,23.823,23.635,22.233,22.244,24.555,24.834,23.048,22.231,21.416,19.881,18.968,21.874,26.004,31.175,35.619,38.609,36.840,35.518,35.589,31.929
30.057,27.056,24.930,24.731,23.941,23.772,22.371,22.388,24.677,24.936,23.146,22.329,21.561,19.975,19.063,21.955,26.146,31.278,35.705,38.697,36.949,35.627,35.700,32.047
30.130,27.117,24.974,24.792,24.010,23.830,22.441,22.443,24.735,25.004,23.247,22.437,21.633,20.100,19.182,22.077,26.193,31.354,35.766,38.745,36.997,35.694,35.781,32.153
30.231,27.264,25.166,24.936,24.147,24.003,22.586,22.619,24.881,25.122,23.311,22.486,21.754,20.101,19.215,22.079,26.360,31.417,35.825,38.821,37.098,35.773,35.839,32.185
30.322,27.351,25.238,25.017,24.231,24.085,22.671,22.700,24.964,25.206,23.404,22.581,21.843,20.200,19.308,22.177,26.445,31.518,35.927,38.923,37.199,35.877,35.948,32.298
30.409,27.486,25.317,25.131,24.358,24.230,22.829,22.859,25.105,25.321,23.513,22.695,22.037,20.336,19.425,22.287,26.619,31.664,36.057,39.058,37.353,36.023,36.098,32.456
30.475,27.578,25.434,25.237,24.463,24.344,22.942,22.982,25.215,25.421,23.600,22.782,22.154,20.426,19.524,22.366,26.727,31.722,36.101,39.094,37.399,36.061,36.127,32.488
30.549,27.668,25.523,25.326,24.556,24.445,23.044,23.087,25.308,25.506,23.684,22.867,22.257,20.511,19.612,22.445,26.825,31.796,36.162,39.152,37.468,36.131,36.197,32.565
30.642,27.768,25.644,25.424,24.655,24.553,23.143,23.190,25.396,25.592,23.773,22.952,22.330,20.572,19.693,22.511,26.910,31.850,36.202,39.189,37.519,36.193,36.260,32.636
30.717,27.851,25.702,25.493,24.731,24.635,23.227,23.271,25.469,25.660,23.851,23.030,22.416,20.649,19.767,22.584,26.993,31.936,36.279,39.269,37.607,36.288,36.363,32.748
30.786,27.950,25.811,25.590,24.826,24.748,23.332,23.390,25.573,25.746,23.912,23.087,22.522,20.694,19.820,22.622,27.111,32.003,36.342,39.339,37.690,36.357,36.423,32.798
30.884,28.031,25.942,25.687,24.919,24.835,23.410,23.469,25.648,25.835,24.010,23.181,22.564,20.766,19.917,22.709,27.162,32.040,36.370,39.356,37.707,36.389,36.454,32.837
30.963,28.126,26.043,25.779,25.013,24.939,23.510,23.575,25.742,25.921,24.088,23.257,22.659,20.833,19.991,22.773,27.262,32.112,36.434,39.421,37.783,36.464,36.526,32.910
31.080,28.226,26.165,25.877,25.107,25.033,23.592,23.658,25.825,26.011,24.180,23.343,22.710,20.891,20.066,22.847,27.338,32.188,36.514,39.504,37.867,36.556,36.619,33.000
31.192,28.339,26.304,26.007,25.232,25.155,23.713,23.784,25.953,26.142,24.301,23.464,22.834,21.017,20.196,22.972,27.456,32.293,36.619,39.604,37.961,36.644,36.698,33.075
31.343,28.468,26.453,26.154,25.374,25.280,23.843,23.909,26.091,26.295,24.463,23.629,22.963,21.192,20.371,23.152,27.574,32.433,36.764,39.739,38.083,36.768,36.821,33.200
31.419,28.556,26.516,26.220,25.449,25.368,23.929,23.992,26.160,26.355,24.535,23.699,23.039,21.249,20.432,23.208,27.656,32.507,36.824,39.804,38.164,36.861,36.924,33.315
31.515,28.631,26.598,26.306,25.534,25.437,24.005,24.059,26.238,26.448,24.644,23.812,23.113,21.373,20.553,23.336,27.718,32.597,36.915,39.885,38.234,36.941,37.007,33.406
31.640,28.730,26.727,26.416,25.637,25.529,24.090,24.144,26.334,26.558,24.755,23.920,23.181,21.470,20.660,23.448,27.797,32.692,37.020,39.989,38.326,37.035,37.098,33.491
31.708,28.818,26.795,26.502,25.729,25.627,24.197,24.250,26.430,26.646,24.849,24.019,23.306,21.586,20.767,23.549,27.901,32.783,37.097,40.060,38.406,37.116,37.182,33.588
31.775,28.917,26.855,26.589,25.826,25.735,24.316,24.369,26.537,26.736,24.939,24.114,23.453,21.701,20.868,23.644,28.028,32.893,37.194,40.156,38.515,37.221,37.291,33.705
31.893,29.026,26.974,26.717,25.950,25.845,24.435,24.484,26.666,26.874,25.077,24.257,23.588,21.869,21.026,23.808,28.143,33.025,37.330,40.283,38.628,37.329,37.393,33.807
32.036,29.138,27.109,26.844,26.068,25.946,24.534,24.581,26.781,27.006,25.212,24.391,23.681,22.005,21.163,23.956,28.239,33.152,37.473,40.424,38.750,37.450,37.511,33.917
32.121,29.277,27.249,26.970,26.199,26.109,24.687,24.752,26.921,27.116,25.291,24.465,23.833,22.058,21.228,23.996,28.407,33.238,37.543,40.504,38.858,37.545,37.598,33.997
32.229,29.400,27.323,27.082,26.316,26.229,24.820,24.880,27.052,27.236,25.413,24.594,24.002,22.216,21.361,24.137,28.556,33.403,37.709,40.673,39.028,37.706,37.764,34.165
32.337,29.490,27.430,27.181,26.413,26.316,24.907,24.963,27.141,27.337,25.526,24.706,24.078,22.327,21.478,24.256,28.629,33.490,37.796,40.752,39.101,37.788,37.847,34.254
32.440,29.631,27.574,27.328,26.563,26.480,25.075,25.141,27.301,27.480,25.653,24.835,24.263,22.466,21.618,24.377,28.800,33.608,37.897,40.849,39.212,37.888,37.939,34.350
32.574,29.753,27.693,27.462,26.693,26.597,25.200,25.262,27.438,27.625,25.798,24.985,24.408,22.641,21.778,24.549,28.929,33.766,38.066,41.014,39.361,38.030,38.078,34.484
32.742,29.894,27.857,27.620,26.845,26.731,25.336,25.393,27.584,27.790,25.971,25.159,24.539,22.822,21.960,24.739,29.054,33.918,38.226,41.165,39.496,38.170,38.215,34.621
32.931,30.056,28.040,27.817,27.032,26.889,25.509,25.560,27.780,28.007,26.189,25.385,24.738,23.089,22.211,25.004,29.222,34.126,38.449,41.374,39.674,38.338,38.374,34.775
33.074,30.178,28.179,27.967,27.181,27.015,25.650,25.690,27.923,28.171,26.376,25.581,24.891,23.318,22.433,25.230,29.338,34.269,38.585,41.486,39.771,38.444,38.481,34.900
33.185,30.294,28.200,28.039,27.278,27.114,25.769,25.784,28.007,28.249,26.508,25.723,25.023,23.475,22.568,25.377,29.443,34.424,38.716,41.616,39.919,38.624,38.694,35.153
33.308,30.400,28.347,28.161,27.398,27.225,25.877,25.889,28.108,28.366,26.643,25.856,25.100,23.595,22.709,25.507,29.519,34.493,38.771,41.656,39.960,38.684,38.756,35.231
33.445,30.516,28.457,28.270,27.508,27.329,25.980,25.984,28.209,28.476,26.768,25.981,25.191,23.712,22.827,25.634,29.616,34.619,38.901,41.789,40.088,38.823,38.903,35.381
33.650,30.714,28.587,28.468,27.709,27.509,26.190,26.178,28.434,28.705,27.005,26.233,25.470,24.033,23.096,25.935,29.849,34.926,39.228,42.113,40.388,39.107,39.191,35.666
33.775,30.851,28.697,28.593,27.842,27.648,26.334,26.318,28.566,28.829,27.139,26.370,25.622,24.175,23.232,26.069,29.992,35.067,39.359,42.244,40.528,39.253,39.344,35.830
33.916,30.972,28.866,28.728,27.970,27.770,26.445,26.432,28.681,28.958,27.271,26.496,25.699,24.278,23.357,26.188,30.085,35.153,39.445,42.324,40.605,39.339,39.426,35.912
34.063,31.119,29.003,28.897,28.139,27.922,26.619,26.598,28.860,29.144,27.465,26.702,25.913,24.534,23.591,26.427,30.253,35.342,39.631,42.494,40.760,39.488,39.572,36.068
34.275,31.356,29.286,29.133,28.364,28.174,26.842,26.848,29.093,29.358,27.629,26.851,26.110,24.635,23.719,26.537,30.500,35.516,39.814,42.697,40.976,39.681,39.746,36.209
34.481,31.565,29.490,29.347,28.581,28.386,27.062,27.065,29.310,29.577,27.856,27.082,26.340,24.882,23.961,26.778,30.713,35.733,40.023,42.898,41.176,39.885,39.952,36.424
34.621,31.711,29.681,29.515,28.743,28.549,27.219,27.232,29.470,29.738,28.006,27.230,26.487,25.024,24.119,26.920,30.860,35.842,40.124,42.990,41.270,39.975,40.031,36.503
34.821,31.878,29.847,29.677,28.900,28.695,27.360,27.366,29.624,29.906,28.178,27.400,26.616,25.185,24.277,27.097,31.006,36.034,40.338,43.211,41.475,40.183,40.242,36.703
34.958,32.057,30.037,29.834,29.058,28.890,27.531,27.559,29.784,30.036,28.275,27.484,26.761,25.219,24.337,27.132,31.195,36.143,40.438,43.332,41.627,40.325,40.378,36.824
35.161,32.261,30.260,30.068,29.287,29.105,27.759,27.787,30.023,30.281,28.514,27.730,27.016,25.501,24.607,27.402,31.419,36.366,40.662,43.541,41.822,40.508,40.550,36.996
35.433,32.559,30.585,30.348,29.559,29.409,28.031,28.085,30.303,30.538,28.720,27.919,27.258,25.632,24.764,27.545,31.725,36.605,40.916,43.823,42.120,40.785,40.812,37.222
35.690,32.747,30.808,30.547,29.758,29.577,28.198,28.230,30.462,30.739,28.980,28.179,27.370,25.873,25.026,27.817,31.837,36.783,41.086,43.973,42.257,40.969,41.015,37.455
35.987,32.979,31.091,30.848,30.044,29.803,28.452,28.465,30.745,31.074,29.344,28.559,27.653,26.323,25.457,28.270,32.054,37.084,41.399,44.247,42.477,41.193,41.230,37.683
36.306,33.310,31.409,31.158,30.351,30.126,28.761,28.785,31.064,31.376,29.615,28.822,27.959,26.561,25.695,28.513,32.398,37.414,41.751,44.624,42.858,41.555,41.587,38.011
36.661,33.667,31.853,31.547,30.723,30.503,29.117,29.162,31.435,31.751,29.955,29.153,28.284,26.863,26.030,28.827,32.749,37.704,42.043,44.912,43.144,41.829,41.837,38.243
36.909,33.974,32.139,31.802,30.987,30.821,29.405,29.473,31.702,31.972,30.139,29.319,28.540,26.960,26.152,28.923,33.070,37.934,42.264,45.169,43.447,42.123,42.132,38.519
37.366,34.477,32.689,32.310,31.486,31.353,29.912,30.012,32.214,32.457,30.570,29.738,29.033,27.342,26.561,29.302,33.599,38.362,42.688,45.606,43.905,42.554,42.541,38.903
37.874,34.855,33.042,32.756,31.924,31.681,30.306,30.345,32.647,32.978,31.179,30.383,29.502,28.127,27.273,30.090,33.947,38.950,43.312,46.177,44.381,43.052,43.054,39.447
38.301,35.258,33.280,33.112,32.313,32.042,30.721,30.706,33.030,33.373,31.669,30.899,29.981,28.724,27.800,30.663,34.347,39.499,43.847,46.699,44.896,43.607,43.659,40.109
38.929,35.679,33.670,33.511,32.716,32.356,31.046,30.953,33.352,33.802,32.251,31.487,30.214,29.288,28.361,31.310,34.591,40.036,44.419,47.257,45.393,44.208,44.324,40.824
40.050,36.686,34.524,34.448,33.646,33.244,31.940,31.809,34.305,34.784,33.242,32.477,31.150,30.296,29.287,32.354,35.579,41.288,45.796,48.699,46.761,45.556,45.699,42.129
41.047,37.526,35.135,35.205,34.440,33.957,32.714,32.478,35.054,35.605,34.245,33.509,31.949,31.398,30.297,33.484,36.318,42.393,46.933,49.833,47.843,46.731,46.969,43.468
43.001,39.325,36.497,37.002,36.241,35.582,34.522,34.164,36.995,37.616,36.327,35.682,34.177,33.999,32.550,35.999,38.289,44.984,49.720,52.630,50.424,49.216,49.490,45.937
