5.328,3.763,2.034,1.011,3.590,8.076,19.338,26.574,28.945,24.704,20.205,16.510,15.128,16.480,18.925,20.214,20.745,25.873,19.096,6.919,2.841,-1.010,-1.796,-9.615
12.901,11.778,10.331,9.691,11.809,15.470,25.425,31.814,34.364,30.011,25.578,22.162,20.661,21.707,24.276,25.680,26.329,30.511,25.289,15.742,10.894,7.130,6.244,-0.819
16.896,16.092,14.735,14.211,16.070,19.522,28.586,34.717,37.286,32.853,28.246,24.921,23.281,23.927,26.529,28.302,29.011,32.901,28.852,20.772,15.093,11.108,10.386,3.556
18.735,18.060,16.755,16.299,18.042,21.357,30.042,36.018,38.605,34.146,29.504,26.233,24.546,25.052,27.671,29.555,30.291,34.006,30.430,23.009,17.036,13.003,12.319,5.630
20.068,19.469,18.194,17.899,19.546,22.657,31.091,36.855,39.497,35.069,30.702,27.538,25.839,26.449,29.203,30.876,31.649,34.743,31.376,24.692,18.804,14.884,14.093,7.530
20.844,20.274,19.039,18.839,20.431,23.373,31.697,37.296,39.985,35.566,31.341,28.242,26.552,27.235,30.044,31.582,32.375,35.167,31.872,25.557,19.756,15.944,15.061,8.624
21.549,21.015,19.815,19.638,21.188,24.048,32.240,37.746,40.438,36.022,31.794,28.726,27.035,27.678,30.474,32.032,32.830,35.581,32.425,26.318,20.464,16.671,15.786,9.447
22.082,21.574,20.391,20.234,21.752,24.562,32.632,38.068,40.748,36.359,32.169,29.135,27.447,28.072,30.859,32.412,33.210,35.884,32.827,26.895,21.043,17.275,16.395,10.125
22.531,22.015,20.845,20.686,22.200,24.980,33.024,38.416,41.080,36.721,32.559,29.545,27.878,28.510,31.269,32.799,33.589,36.271,33.194,27.250,21.470,17.746,16.860,10.645
22.919,22.398,21.242,21.106,22.612,25.337,33.378,38.716,41.391,37.042,32.927,29.933,28.278,28.946,31.710,33.186,33.977,36.596,33.493,27.596,21.884,18.211,17.290,11.123
23.198,22.683,21.526,21.392,22.891,25.619,33.617,38.944,41.605,37.277,33.188,30.206,28.554,29.219,31.982,33.450,34.239,36.820,33.743,27.894,22.197,18.529,17.618,11.459
23.504,22.997,21.855,21.705,23.196,25.909,33.866,39.170,41.819,37.494,33.360,30.381,28.733,29.356,32.080,33.596,34.380,37.050,34.015,28.154,22.424,18.754,17.862,11.747
23.693,23.174,22.014,21.883,23.378,26.102,34.052,39.350,41.984,37.705,33.686,30.731,29.095,29.778,32.531,33.957,34.739,37.255,34.167,28.348,22.743,19.112,18.204,12.074
23.844,23.314,22.139,22.008,23.509,26.255,34.187,39.486,42.093,37.862,33.920,30.984,29.362,30.077,32.829,34.204,34.979,37.423,34.293,28.467,22.964,19.359,18.458,12.321
23.996,23.451,22.277,22.149,23.653,26.387,34.316,39.588,42.180,37.984,34.100,31.183,29.581,30.328,33.069,34.395,35.162,37.567,34.387,28.541,23.139,19.579,18.666,12.557
24.181,23.630,22.467,22.355,23.854,26.548,34.474,39.704,42.299,38.119,34.280,31.381,29.791,30.569,33.313,34.590,35.357,37.709,34.500,28.683,23.350,19.834,18.894,12.823
24.320,23.753,22.586,22.479,23.982,26.669,34.580,39.783,42.354,38.225,34.470,31.597,30.030,30.848,33.584,34.795,35.554,37.836,34.571,28.745,23.541,20.077,19.127,13.082
24.511,23.940,22.753,22.624,24.137,26.882,34.776,40.017,42.556,38.457,34.716,31.841,30.276,31.083,33.806,35.031,35.781,38.077,34.807,28.933,23.747,20.264,19.351,13.271
24.652,24.078,22.899,22.764,24.276,27.011,34.908,40.137,42.674,38.575,34.815,31.940,30.381,31.179,33.885,35.121,35.869,38.210,34.934,29.029,23.845,20.369,19.456,13.397
24.887,24.333,23.157,23.013,24.511,27.253,35.075,40.298,42.818,38.727,34.945,32.076,30.510,31.264,33.954,35.235,35.981,38.343,35.152,29.309,24.070,20.571,19.690,13.645
25.087,24.545,23.377,23.239,24.726,27.450,35.247,40.455,42.983,38.879,35.077,32.208,30.636,31.372,34.062,35.363,36.113,38.479,35.332,29.542,24.259,20.752,19.872,13.842
25.250,24.685,23.505,23.347,24.851,27.608,35.416,40.635,43.128,39.072,35.314,32.456,30.904,31.660,34.317,35.598,36.333,38.713,35.494,29.602,24.423,20.942,20.076,14.044
25.512,24.982,23.822,23.673,25.146,27.863,35.568,40.742,43.237,39.170,35.374,32.526,30.963,31.664,34.325,35.643,36.383,38.771,35.687,29.942,24.666,21.168,20.319,14.338
25.624,25.074,23.912,23.738,25.228,27.970,35.717,40.913,43.393,39.336,35.521,32.665,31.114,31.813,34.440,35.776,36.507,38.979,35.834,29.959,24.717,21.223,20.384,14.396
25.745,25.204,24.035,23.851,25.342,28.111,35.856,41.081,43.562,39.489,35.633,32.762,31.198,31.870,34.497,35.875,36.608,39.121,36.010,30.127,24.818,21.286,20.468,14.452
25.863,25.327,24.157,23.974,25.460,28.228,35.940,41.154,43.625,39.567,35.729,32.868,31.306,31.974,34.598,35.972,36.703,39.194,36.102,30.252,24.955,21.429,20.617,14.600
25.925,25.378,24.183,24.001,25.507,28.325,36.041,41.234,43.693,39.659,35.858,33.013,31.460,32.138,34.758,36.108,36.837,39.285,36.194,30.374,25.066,21.507,20.690,14.613
26.003,25.466,24.298,24.121,25.601,28.359,36.116,41.398,43.883,39.804,35.970,33.086,31.510,32.206,34.869,36.228,36.966,39.422,36.278,30.377,25.125,21.620,20.807,14.823
26.292,25.758,24.596,24.402,25.878,28.638,36.274,41.452,43.887,39.876,36.064,33.227,31.683,32.333,34.920,36.296,37.016,39.515,36.451,30.621,25.373,21.872,21.083,15.130
26.435,25.887,24.731,24.527,26.006,28.756,36.378,41.528,43.938,39.966,36.185,33.365,31.842,32.503,35.058,36.412,37.121,39.639,36.535,30.655,25.494,22.033,21.246,15.332
26.591,26.042,24.896,24.693,26.166,28.893,36.489,41.606,44.009,40.053,36.286,33.480,31.967,32.628,35.166,36.510,37.216,39.736,36.634,30.766,25.638,22.201,21.412,15.537
26.702,26.151,25.012,24.816,26.283,28.989,36.565,41.654,44.052,40.111,36.371,33.578,32.074,32.745,35.278,36.601,37.304,39.798,36.692,30.850,25.760,22.349,21.551,15.705
26.792,26.238,25.096,24.915,26.381,29.074,36.645,41.716,44.114,40.191,36.508,33.730,32.233,32.937,35.485,36.758,37.462,39.872,36.744,30.941,25.913,22.529,21.714,15.874
26.866,26.304,25.159,24.976,26.448,29.150,36.750,41.835,44.235,40.307,36.619,33.834,32.337,33.048,35.599,36.869,37.573,39.997,36.843,31.001,25.978,22.592,21.774,15.920
27.065,26.521,25.380,25.183,26.645,29.358,36.904,41.991,44.380,40.449,36.717,33.930,32.425,33.086,35.617,36.946,37.648,40.127,37.047,31.236,26.141,22.724,21.938,16.093
27.170,26.629,25.476,25.266,26.732,29.480,37.014,42.129,44.503,40.579,36.836,34.043,32.534,33.178,35.703,37.056,37.755,40.255,37.191,31.360,26.244,22.804,22.043,16.172
27.251,26.714,25.559,25.353,26.816,29.565,37.081,42.193,44.565,40.647,36.916,34.127,32.616,33.261,35.791,37.139,37.839,40.313,37.264,31.464,26.349,22.907,22.149,16.278
27.349,26.802,25.658,25.454,26.916,29.636,37.155,42.233,44.601,40.699,36.992,34.216,32.721,33.382,35.897,37.217,37.913,40.387,37.303,31.483,26.431,23.029,22.254,16.423
27.421,26.875,25.729,25.532,26.991,29.708,37.212,42.282,44.646,40.755,37.074,34.306,32.813,33.484,36.004,37.307,38.003,40.438,37.355,31.565,26.534,23.141,22.364,16.536
27.511,26.969,25.818,25.616,27.076,29.810,37.306,42.392,44.752,40.860,37.170,34.398,32.900,33.561,36.083,37.400,38.096,40.535,37.469,31.683,26.630,23.220,22.455,16.611
27.607,27.073,25.910,25.709,27.166,29.924,37.393,42.495,44.846,40.964,37.291,34.522,33.018,33.674,36.206,37.524,38.221,40.621,37.582,31.832,26.771,23.344,22.595,16.729
27.730,27.196,26.026,25.820,27.280,30.054,37.521,42.636,44.980,41.102,37.428,34.657,33.151,33.803,36.333,37.658,38.353,40.761,37.722,31.960,26.895,23.460,22.721,16.843
27.885,27.357,26.199,25.988,27.444,30.204,37.672,42.781,45.134,41.236,37.516,34.736,33.227,33.856,36.376,37.734,38.431,40.894,37.880,32.114,26.999,23.553,22.814,16.950
28.023,27.489,26.337,26.123,27.578,30.326,37.780,42.868,45.211,41.330,37.625,34.855,33.356,33.987,36.491,37.840,38.532,41.004,37.979,32.200,27.123,23.698,22.959,17.122
28.095,27.559,26.411,26.196,27.652,30.393,37.859,42.943,45.290,41.404,37.690,34.919,33.421,34.054,36.555,37.904,38.596,41.083,38.049,32.256,27.179,23.758,23.014,17.182
28.208,27.680,26.533,26.316,27.770,30.515,37.981,43.078,45.433,41.527,37.777,34.995,33.488,34.100,36.603,37.984,38.679,41.195,38.191,32.406,27.271,23.826,23.089,17.247
28.323,27.807,26.665,26.459,27.902,30.629,38.066,43.147,45.509,41.596,37.848,35.071,33.558,34.164,36.676,38.059,38.759,41.243,38.280,32.567,27.406,23.958,23.218,17.387
28.403,27.892,26.758,26.562,27.998,30.702,38.135,43.197,45.571,41.648,37.899,35.125,33.610,34.219,36.737,38.114,38.818,41.287,38.335,32.658,27.488,24.048,23.295,17.480
28.503,27.992,26.849,26.641,28.080,30.812,38.229,43.309,45.666,41.758,38.008,35.233,33.719,34.316,36.824,38.216,38.915,41.400,38.456,32.758,27.588,24.135,23.404,17.574
28.658,28.144,27.007,26.784,28.225,30.960,38.369,43.445,45.790,41.889,38.115,35.339,33.830,34.407,36.891,38.307,39.000,41.549,38.607,32.865,27.691,24.239,23.521,17.708
28.748,28.234,27.105,26.879,28.318,31.041,38.453,43.521,45.871,41.960,38.161,35.382,33.873,34.440,36.914,38.345,39.039,41.626,38.690,32.937,27.743,24.291,23.570,17.772
28.848,28.331,27.205,26.978,28.418,31.135,38.555,43.618,45.969,42.057,38.255,35.476,33.970,34.538,37.007,38.438,39.130,41.731,38.784,33.014,27.829,24.383,23.659,17.869
28.949,28.429,27.306,27.069,28.512,31.232,38.657,43.722,46.068,42.157,38.338,35.557,34.055,34.613,37.068,38.512,39.201,41.844,38.890,33.083,27.896,24.450,23.732,17.947
29.051,28.533,27.407,27.160,28.604,31.339,38.756,43.831,46.168,42.260,38.423,35.638,34.134,34.676,37.119,38.586,39.272,41.951,39.008,33.180,27.976,24.517,23.815,18.026
29.178,28.650,27.534,27.288,28.736,31.450,38.899,43.962,46.310,42.392,38.546,35.758,34.260,34.812,37.252,38.709,39.396,42.099,39.124,33.261,28.071,24.628,23.908,18.134
29.281,28.757,27.640,27.396,28.842,31.558,39.006,44.075,46.427,42.501,38.645,35.854,34.350,34.897,37.342,38.808,39.497,42.199,39.239,33.389,28.176,24.723,24.004,18.224
29.403,28.890,27.772,27.530,28.971,31.690,39.120,44.194,46.550,42.614,38.742,35.948,34.435,34.967,37.418,38.903,39.595,42.295,39.372,33.560,28.304,24.832,24.121,18.333
29.531,29.022,27.904,27.658,29.099,31.823,39.255,44.337,46.695,42.751,38.863,36.063,34.546,35.068,37.519,39.020,39.713,42.428,39.517,33.704,28.422,24.939,24.232,18.437
29.648,29.135,28.033,27.793,29.230,31.918,39.362,44.416,46.788,42.831,38.929,36.131,34.619,35.144,37.588,39.085,39.779,42.519,39.597,33.778,28.500,25.036,24.311,18.549
29.786,29.277,28.183,27.944,29.374,32.044,39.459,44.489,46.855,42.908,39.012,36.224,34.717,35.236,37.669,39.165,39.858,42.597,39.693,33.900,28.632,25.181,24.457,18.723
29.911,29.402,28.296,28.046,29.479,32.181,39.572,44.618,46.961,43.038,39.156,36.372,34.867,35.378,37.802,39.305,39.992,42.729,39.831,34.026,28.773,25.313,24.612,18.865
30.055,29.559,28.447,28.197,29.624,32.341,39.703,44.762,47.103,43.176,39.282,36.494,34.979,35.470,37.899,39.426,40.115,42.846,39.995,34.231,28.932,25.447,24.763,19.000
30.167,29.666,28.559,28.310,29.739,32.444,39.819,44.867,47.211,43.284,39.394,36.608,35.098,35.598,38.025,39.540,40.229,42.963,40.092,34.314,29.034,25.563,24.869,19.118
30.352,29.861,28.756,28.512,29.934,32.636,40.000,45.052,47.406,43.461,39.550,36.759,35.240,35.725,38.160,39.695,40.388,43.123,40.289,34.550,29.220,25.730,25.039,19.281
30.467,29.990,28.879,28.645,30.062,32.771,40.128,45.197,47.564,43.599,39.679,36.881,35.345,35.824,38.285,39.831,40.532,43.228,40.435,34.760,29.373,25.856,25.166,19.380
30.560,30.077,28.952,28.711,30.137,32.879,40.255,45.355,47.715,43.755,39.842,37.037,35.499,35.984,38.451,39.995,40.694,43.388,40.573,34.860,29.481,25.951,25.271,19.451
30.740,30.262,29.128,28.871,30.300,33.076,40.432,45.557,47.901,43.948,40.015,37.204,35.661,36.120,38.575,40.153,40.849,43.579,40.790,35.058,29.648,26.091,25.440,19.601
30.908,30.441,29.313,29.053,30.472,33.241,40.559,45.671,48.009,44.058,40.110,37.304,35.760,36.196,38.640,40.240,40.936,43.682,40.936,35.238,29.801,26.238,25.599,19.779
30.985,30.506,29.376,29.120,30.547,33.313,40.662,45.774,48.115,44.169,40.245,37.440,35.902,36.365,38.815,40.385,41.080,43.805,41.011,35.283,29.892,26.348,25.692,19.869
31.191,30.730,29.591,29.317,30.738,33.544,40.839,45.979,48.300,44.356,40.391,37.578,36.029,36.438,38.874,40.509,41.201,43.974,41.259,35.552,30.081,26.487,25.879,20.035
31.322,30.867,29.739,29.466,30.882,33.667,40.962,46.089,48.423,44.460,40.466,37.650,36.097,36.494,38.926,40.578,41.274,44.075,41.380,35.687,30.179,26.583,25.969,20.141
31.442,30.969,29.853,29.573,30.995,33.758,41.080,46.184,48.514,44.561,40.566,37.755,36.218,36.627,39.035,40.673,41.362,44.214,41.464,35.694,30.243,26.682,26.053,20.261
31.550,31.076,29.945,29.665,31.092,33.885,41.208,46.336,48.658,44.716,40.745,37.933,36.394,36.812,39.232,40.859,41.547,44.362,41.604,35.833,30.396,26.824,26.205,20.381
31.666,31.187,30.053,29.763,31.197,34.004,41.344,46.487,48.805,44.862,40.879,38.061,36.522,36.937,39.351,40.987,41.673,44.518,41.745,35.933,30.494,26.915,26.301,20.466
31.778,31.293,30.158,29.866,31.305,34.116,41.481,46.632,48.954,45.007,41.019,38.195,36.657,37.079,39.494,41.127,41.813,44.671,41.874,36.028,30.595,27.017,26.398,20.555
31.915,31.420,30.286,29.981,31.431,34.250,41.656,46.823,49.148,45.188,41.166,38.329,36.793,37.209,39.612,41.263,41.947,44.875,42.047,36.118,30.676,27.091,26.474,20.624
32.055,31.565,30.430,30.117,31.567,34.399,41.798,46.978,49.302,45.334,41.284,38.440,36.898,37.294,39.693,41.372,42.056,45.016,42.211,36.277,30.795,27.191,26.587,20.728
32.197,31.716,30.573,30.270,31.716,34.557,41.953,47.148,49.480,45.501,41.457,38.609,37.056,37.454,39.876,41.553,42.243,45.159,42.377,36.491,30.980,27.358,26.753,20.868
32.408,31.939,30.807,30.497,31.935,34.766,42.138,47.325,49.660,45.665,41.570,38.717,37.157,37.518,39.925,41.649,42.340,45.318,42.587,36.716,31.138,27.497,26.905,21.038
32.611,32.142,31.026,30.705,32.142,34.953,42.336,47.511,49.853,45.839,41.688,38.826,37.267,37.603,39.986,41.748,42.438,45.508,42.784,36.871,31.254,27.611,27.019,21.179
32.812,32.329,31.211,30.860,32.312,35.153,42.569,47.771,50.098,46.086,41.890,39.014,37.462,37.777,40.128,41.926,42.607,45.793,43.034,36.991,31.371,27.716,27.144,21.296
32.893,32.402,31.280,30.938,32.397,35.237,42.693,47.904,50.245,46.224,42.047,39.167,37.614,37.957,40.328,42.097,42.782,45.931,43.133,37.078,31.481,27.833,27.242,21.374
33.040,32.522,31.404,31.061,32.537,35.364,42.903,48.113,50.466,46.439,42.266,39.379,37.839,38.220,40.588,42.322,43.004,46.185,43.288,37.123,31.589,27.973,27.351,21.487
33.198,32.669,31.542,31.190,32.679,35.530,43.109,48.346,50.697,46.670,42.495,39.599,38.060,38.451,40.822,42.551,43.231,46.431,43.491,37.258,31.741,28.120,27.498,21.608
33.421,32.873,31.767,31.407,32.902,35.716,43.337,48.543,50.899,46.868,42.671,39.776,38.254,38.653,40.993,42.717,43.392,46.673,43.675,37.350,31.876,28.291,27.649,21.806
33.593,33.058,31.940,31.594,33.090,35.922,43.579,48.828,51.217,47.138,42.914,39.995,38.446,38.846,41.233,42.972,43.660,46.902,43.933,37.657,32.090,28.459,27.808,21.903
33.771,33.239,32.107,31.763,33.265,36.124,43.804,49.089,51.487,47.392,43.160,40.228,38.667,39.069,41.479,43.223,43.916,47.141,44.172,37.896,32.296,28.636,27.989,22.039
34.019,33.476,32.322,31.977,33.500,36.405,44.176,49.531,51.950,47.822,43.576,40.615,39.038,39.463,41.910,43.649,44.350,47.567,44.544,38.199,32.570,28.874,28.218,22.184
34.286,33.724,32.591,32.238,33.769,36.635,44.461,49.786,52.216,48.078,43.797,40.833,39.272,39.704,42.121,43.859,44.555,47.869,44.782,38.328,32.734,29.073,28.393,22.406
34.485,33.913,32.756,32.440,33.989,36.870,44.827,50.212,52.701,48.504,44.255,41.262,39.677,40.183,42.693,44.364,45.081,48.261,45.096,38.656,33.048,29.367,28.631,22.542
34.786,34.223,33.042,32.691,34.255,37.224,45.209,50.691,53.174,48.944,44.600,41.566,39.955,40.404,42.912,44.679,45.397,48.692,45.566,39.041,33.297,29.522,28.839,22.660
35.132,34.517,33.322,32.955,34.553,37.546,45.609,51.095,53.544,49.379,45.129,42.111,40.539,41.063,43.548,45.221,45.920,49.206,45.896,39.177,33.653,29.952,29.251,23.074
35.673,35.038,33.848,33.495,35.118,38.092,46.346,51.880,54.409,50.142,45.808,42.738,41.146,41.707,44.242,45.912,46.630,49.978,46.569,39.731,34.130,30.405,29.639,23.401
35.965,35.279,34.088,33.766,35.419,38.354,46.776,52.299,54.868,50.595,46.357,43.288,41.719,42.411,44.991,46.513,47.236,50.478,46.851,39.896,34.482,30.842,29.982,23.732
36.646,35.947,34.778,34.446,36.115,39.020,47.578,53.123,55.748,51.385,47.011,43.896,42.314,42.989,45.565,47.146,47.877,51.298,47.622,40.521,34.997,31.333,30.439,24.181
37.198,36.502,35.290,34.956,36.644,39.640,48.257,53.909,56.544,52.154,47.775,44.627,43.016,43.701,46.332,47.923,48.664,52.032,48.347,41.225,35.635,31.897,31.022,24.633
38.012,37.282,36.053,35.767,37.503,40.495,49.460,55.227,58.010,53.446,48.995,45.759,44.102,44.898,47.672,49.201,49.982,53.306,49.428,42.168,36.475,32.689,31.689,25.131
39.541,38.810,37.526,37.098,38.886,42.129,51.140,57.141,59.846,55.260,50.550,47.222,45.531,46.147,48.829,50.636,51.393,55.178,51.352,43.692,37.740,33.746,32.925,26.194
42.081,41.265,39.884,39.314,41.246,44.818,54.319,60.734,63.465,58.728,53.701,50.179,48.436,49.009,51.698,53.707,54.458,58.774,54.645,46.161,39.976,35.739,34.996,27.880
