15.973,14.845,12.939,11.620,10.917,10.683,6.746,7.543,10.823,14.116,9.627,7.899,8.470,11.974,14.539,21.099,26.746,33.801,37.744,37.508,29.148,25.828,24.164,22.668
22.177,20.450,18.919,17.868,17.122,17.343,14.500,15.064,17.717,19.871,16.114,14.474,16.197,19.589,23.117,27.910,33.049,38.696,41.758,40.111,33.915,31.147,29.846,28.546
25.260,23.090,21.842,21.041,20.359,20.927,19.076,19.364,21.531,23.349,20.041,18.237,20.793,23.989,28.113,31.653,36.084,41.032,43.097,40.605,35.558,33.043,32.342,31.494
26.326,24.099,22.912,22.120,21.381,21.990,20.224,20.548,22.499,23.936,20.895,19.112,22.421,25.287,29.614,32.689,37.070,41.708,43.771,41.067,36.455,34.012,33.357,32.384
27.242,25.027,23.853,23.060,22.303,22.913,21.112,21.453,23.454,24.674,21.650,20.029,22.983,26.049,30.354,33.453,37.952,42.362,44.527,41.736,37.415,35.111,34.272,33.214
27.762,25.514,24.380,23.620,22.875,23.520,21.838,22.147,24.090,25.248,22.290,20.679,23.645,26.702,31.040,33.991,38.396,42.677,44.726,41.851,37.715,35.469,34.680,33.675
28.165,25.890,24.773,24.020,23.262,23.925,22.280,22.590,24.483,25.556,22.657,21.044,24.190,27.182,31.584,34.416,38.803,43.015,45.044,42.100,38.070,35.841,35.074,34.051
28.606,26.339,25.233,24.490,23.744,24.409,22.796,23.093,24.978,26.065,23.175,21.569,24.647,27.644,32.015,34.833,39.177,43.363,45.352,42.421,38.418,36.207,35.455,34.462
29.055,26.837,25.710,24.950,24.204,24.837,23.140,23.457,25.399,26.508,23.574,22.009,24.890,27.951,32.240,35.189,39.593,43.810,45.884,43.033,38.964,36.756,35.929,34.902
29.342,27.129,26.016,25.264,24.520,25.154,23.489,23.804,25.698,26.787,23.903,22.327,25.329,28.301,32.588,35.454,39.801,43.983,46.022,43.177,39.147,36.944,36.158,35.139
29.654,27.447,26.334,25.587,24.851,25.484,23.826,24.133,26.043,27.162,24.260,22.688,25.594,28.602,32.862,35.760,40.096,44.287,46.311,43.483,39.437,37.239,36.452,35.454
29.854,27.658,26.549,25.799,25.058,25.685,24.021,24.337,26.222,27.305,24.437,22.869,25.864,28.812,33.072,35.927,40.253,44.418,46.454,43.633,39.616,37.422,36.637,35.619
30.073,27.934,26.814,26.048,25.302,25.894,24.159,24.502,26.394,27.461,24.604,23.068,26.033,28.938,33.121,36.024,40.372,44.535,46.647,43.912,39.865,37.673,36.844,35.779
30.241,28.102,26.988,26.227,25.485,26.079,24.363,24.701,26.578,27.652,24.807,23.264,26.253,29.135,33.315,36.192,40.512,44.669,46.757,44.024,39.985,37.794,36.986,35.935
30.429,28.335,27.205,26.424,25.671,26.235,24.436,24.805,26.704,27.748,24.899,23.392,26.339,29.213,33.341,36.282,40.659,44.817,47.001,44.329,40.263,38.075,37.202,36.092
30.565,28.491,27.361,26.571,25.810,26.361,24.533,24.918,26.807,27.807,24.982,23.495,26.481,29.318,33.431,36.359,40.751,44.881,47.106,44.451,40.412,38.233,37.336,36.189
30.755,28.689,27.558,26.767,26.006,26.552,24.721,25.110,26.982,27.987,25.177,23.678,26.736,29.522,33.629,36.539,40.914,45.052,47.277,44.641,40.584,38.394,37.515,36.365
30.855,28.804,27.674,26.880,26.116,26.654,24.811,25.208,27.069,28.054,25.261,23.772,26.859,29.613,33.707,36.603,40.976,45.098,47.338,44.718,40.675,38.489,37.604,36.438
31.013,28.966,27.841,27.051,26.290,26.827,25.001,25.395,27.230,28.232,25.460,23.949,27.096,29.813,33.893,36.760,41.092,45.224,47.438,44.837,40.777,38.578,37.731,36.579
31.202,29.173,28.047,27.260,26.509,27.036,25.128,25.552,27.431,28.336,25.561,24.148,27.122,29.874,33.901,36.831,41.234,45.295,47.583,45.022,40.928,38.728,37.889,36.737
31.236,29.237,28.105,27.299,26.526,27.038,25.213,25.603,27.444,28.485,25.704,24.192,27.300,29.993,34.040,36.926,41.250,45.383,47.624,45.051,41.078,38.941,37.964,36.757
31.509,29.477,28.362,27.583,26.837,27.373,25.579,25.959,27.781,28.819,26.058,24.542,27.667,30.340,34.386,37.231,41.502,45.627,47.792,45.224,41.163,38.972,38.157,37.042
31.706,29.716,28.595,27.810,27.071,27.581,25.755,26.145,27.968,29.042,26.282,24.769,27.868,30.497,34.474,37.355,41.607,45.761,47.946,45.461,41.337,39.136,38.320,37.203
31.808,29.824,28.710,27.932,27.197,27.709,25.897,26.282,28.107,29.163,26.409,24.919,27.934,30.592,34.550,37.427,41.669,45.781,47.955,45.466,41.394,39.220,38.390,37.279
31.892,29.900,28.788,28.014,27.283,27.801,26.003,26.380,28.212,29.285,26.521,25.026,28.007,30.688,34.648,37.532,41.766,45.886,48.040,45.544,41.466,39.292,38.470,37.377
32.005,30.029,28.906,28.119,27.381,27.885,26.043,26.436,28.274,29.343,26.576,25.082,28.103,30.759,34.710,37.621,41.885,46.028,48.231,45.762,41.645,39.455,38.615,37.490
32.075,30.089,28.966,28.180,27.439,27.948,26.113,26.505,28.337,29.401,26.637,25.135,28.197,30.846,34.817,37.712,41.978,46.121,48.301,45.825,41.721,39.528,38.695,37.570
32.198,30.224,29.112,28.334,27.598,28.105,26.288,26.677,28.494,29.537,26.797,25.314,28.340,30.977,34.921,37.788,42.023,46.122,48.320,45.835,41.765,39.596,38.764,37.646
32.329,30.376,29.263,28.483,27.750,28.246,26.417,26.809,28.627,29.679,26.943,25.466,28.469,31.090,35.000,37.880,42.105,46.204,48.393,45.952,41.877,39.709,38.874,37.754
32.438,30.493,29.385,28.612,27.889,28.385,26.574,26.956,28.779,29.854,27.113,25.642,28.561,31.203,35.082,37.973,42.171,46.264,48.425,46.002,41.929,39.772,38.944,37.850
32.538,30.591,29.484,28.711,27.987,28.484,26.672,27.055,28.880,29.944,27.203,25.740,28.640,31.295,35.176,38.067,42.273,46.354,48.521,46.090,42.034,39.884,39.046,37.947
32.657,30.739,29.628,28.844,28.111,28.590,26.738,27.143,28.950,29.975,27.264,25.814,28.799,31.383,35.243,38.119,42.334,46.399,48.615,46.219,42.168,40.018,39.162,38.021
32.795,30.877,29.770,28.991,28.265,28.746,26.908,27.304,29.122,30.160,27.440,25.997,28.898,31.519,35.363,38.254,42.460,46.518,48.715,46.320,42.278,40.139,39.281,38.159
32.878,30.956,29.852,29.078,28.355,28.840,27.016,27.406,29.223,30.262,27.542,26.101,28.980,31.613,35.458,38.342,42.539,46.587,48.770,46.367,42.340,40.208,39.353,38.240
33.005,31.093,29.991,29.220,28.502,28.983,27.166,27.554,29.360,30.423,27.711,26.258,29.160,31.757,35.582,38.458,42.624,46.685,48.850,46.474,42.423,40.282,39.452,38.353
33.081,31.176,30.076,29.304,28.585,29.063,27.243,27.633,29.433,30.489,27.786,26.336,29.250,31.832,35.649,38.517,42.678,46.731,48.899,46.532,42.488,40.350,39.519,38.415
33.200,31.275,30.184,29.424,28.714,29.207,27.434,27.806,29.594,30.674,27.973,26.504,29.424,32.010,35.845,38.682,42.804,46.858,48.970,46.579,42.544,40.405,39.612,38.546
33.295,31.371,30.284,29.528,28.823,29.317,27.559,27.926,29.706,30.800,28.103,26.627,29.554,32.125,35.953,38.778,42.876,46.931,49.022,46.638,42.600,40.460,39.685,38.633
33.382,31.474,30.385,29.626,28.917,29.402,27.626,28.002,29.775,30.852,28.169,26.701,29.655,32.196,36.007,38.829,42.930,46.975,49.088,46.724,42.689,40.551,39.767,38.697
33.474,31.586,30.488,29.721,29.010,29.481,27.669,28.055,29.851,30.925,28.227,26.781,29.655,32.225,36.009,38.878,43.011,47.060,49.213,46.877,42.827,40.695,39.872,38.783
33.560,31.672,30.578,29.810,29.096,29.568,27.760,28.150,29.925,30.983,28.308,26.854,29.812,32.336,36.128,38.961,43.079,47.119,49.269,46.931,42.893,40.756,39.949,38.854
33.665,31.775,30.686,29.922,29.210,29.684,27.895,28.282,30.033,31.096,28.439,26.969,30.005,32.481,36.280,39.074,43.162,47.201,49.328,46.990,42.954,40.810,40.034,38.947
33.784,31.880,30.800,30.046,29.338,29.824,28.069,28.444,30.184,31.251,28.602,27.123,30.166,32.643,36.455,39.219,43.280,47.307,49.395,47.036,43.023,40.885,40.131,39.068
33.883,31.981,30.900,30.144,29.438,29.922,28.160,28.535,30.289,31.354,28.694,27.228,30.206,32.717,36.520,39.307,43.382,47.403,49.501,47.143,43.136,41.006,40.234,39.168
34.009,32.121,31.036,30.281,29.580,30.057,28.286,28.659,30.427,31.519,28.845,27.383,30.293,32.820,36.592,39.413,43.484,47.521,49.620,47.291,43.256,41.126,40.348,39.291
34.106,32.214,31.133,30.382,29.685,30.165,28.410,28.777,30.542,31.641,28.968,27.504,30.402,32.933,36.704,39.517,43.573,47.605,49.685,47.353,43.325,41.197,40.430,39.386
34.178,32.280,31.199,30.448,29.749,30.233,28.478,28.845,30.619,31.705,29.025,27.570,30.436,32.996,36.777,39.597,43.668,47.690,49.775,47.424,43.415,41.296,40.515,39.467
34.252,32.345,31.261,30.509,29.809,30.297,28.538,28.904,30.692,31.772,29.079,27.631,30.456,33.055,36.846,39.684,43.778,47.798,49.892,47.524,43.521,41.407,40.609,39.558
34.353,32.439,31.356,30.604,29.902,30.394,28.643,29.007,30.786,31.868,29.181,27.719,30.601,33.178,36.986,39.805,43.892,47.920,50.005,47.629,43.620,41.497,40.715,39.666
34.440,32.537,31.453,30.700,29.999,30.485,28.724,29.091,30.873,31.967,29.277,27.817,30.679,33.252,37.039,39.874,43.957,47.994,50.084,47.730,43.704,41.579,40.794,39.746
34.520,32.626,31.537,30.779,30.077,30.556,28.776,29.148,30.943,32.031,29.333,27.886,30.707,33.297,37.072,39.932,44.035,48.071,50.185,47.842,43.812,41.691,40.884,39.823
34.632,32.737,31.649,30.895,30.199,30.679,28.910,29.276,31.073,32.191,29.484,28.027,30.826,33.422,37.188,40.056,44.143,48.196,50.290,47.956,43.903,41.776,40.984,39.943
34.740,32.839,31.752,31.003,30.313,30.799,29.043,29.399,31.213,32.345,29.620,28.171,30.875,33.523,37.283,40.174,44.261,48.310,50.388,48.046,44.000,41.884,41.085,40.062
34.861,32.976,31.881,31.125,30.434,30.909,29.123,29.487,31.316,32.462,29.723,28.280,30.948,33.603,37.338,40.270,44.375,48.446,50.552,48.240,44.158,42.034,41.218,40.184
34.965,33.082,31.986,31.230,30.541,31.014,29.228,29.591,31.418,32.575,29.836,28.385,31.070,33.712,37.446,40.377,44.475,48.557,50.660,48.356,44.259,42.128,41.321,40.290
35.047,33.151,32.062,31.312,30.625,31.108,29.349,29.704,31.520,32.675,29.944,28.486,31.192,33.831,37.582,40.484,44.563,48.634,50.708,48.382,44.306,42.179,41.390,40.374
35.161,33.268,32.180,31.433,30.748,31.230,29.477,29.830,31.639,32.806,30.079,28.614,31.335,33.957,37.700,40.595,44.658,48.734,50.797,48.482,44.396,42.266,41.490,40.482
35.274,33.373,32.287,31.544,30.862,31.350,29.610,29.956,31.774,32.941,30.205,28.746,31.412,34.071,37.819,40.721,44.786,48.853,50.904,48.572,44.504,42.383,41.602,40.604
35.375,33.465,32.380,31.639,30.958,31.451,29.720,30.062,31.880,33.049,30.311,28.847,31.520,34.185,37.946,40.842,44.905,48.974,51.015,48.670,44.605,42.482,41.708,40.715
35.447,33.532,32.449,31.710,31.027,31.524,29.797,30.138,31.960,33.114,30.375,28.922,31.559,34.250,38.014,40.911,44.983,49.032,51.075,48.714,44.677,42.567,41.779,40.785
35.558,33.636,32.556,31.817,31.132,31.633,29.911,30.252,32.073,33.204,30.470,29.025,31.662,34.364,38.143,41.028,45.108,49.138,51.183,48.800,44.793,42.692,41.896,40.897
35.668,33.743,32.660,31.918,31.231,31.732,29.999,30.342,32.177,33.306,30.559,29.121,31.722,34.452,38.233,41.140,45.241,49.274,51.333,48.946,44.936,42.837,42.024,41.018
35.802,33.875,32.796,32.060,31.377,31.882,30.168,30.504,32.327,33.470,30.731,29.281,31.907,34.617,38.398,41.284,45.359,49.395,51.427,49.042,45.029,42.926,42.138,41.148
35.911,33.982,32.905,32.167,31.479,31.985,30.268,30.609,32.424,33.536,30.811,29.367,32.031,34.728,38.521,41.386,45.469,49.483,51.527,49.128,45.144,43.047,42.252,41.247
36.034,34.103,33.020,32.278,31.588,32.093,30.360,30.703,32.542,33.655,30.906,29.475,32.066,34.814,38.607,41.512,45.627,49.648,51.712,49.307,45.317,43.224,42.401,41.389
36.205,34.266,33.190,32.453,31.766,32.277,30.573,30.911,32.712,33.844,31.122,29.654,32.392,35.058,38.869,41.713,45.778,49.816,51.839,49.435,45.427,43.314,42.548,41.555
36.366,34.437,33.361,32.626,31.944,32.450,30.750,31.086,32.879,34.036,31.318,29.839,32.595,35.231,39.024,41.865,45.905,49.959,51.969,49.592,45.556,43.434,42.688,41.706
36.498,34.568,33.488,32.748,32.062,32.566,30.855,31.196,32.987,34.144,31.427,29.938,32.747,35.364,39.169,42.009,46.058,50.128,52.150,49.774,45.718,43.582,42.840,41.849
36.605,34.681,33.601,32.862,32.176,32.677,30.966,31.308,33.091,34.254,31.543,30.050,32.881,35.476,39.273,42.106,46.144,50.218,52.237,49.874,45.809,43.670,42.936,41.946
36.762,34.815,33.747,33.022,32.347,32.866,31.212,31.533,33.299,34.489,31.784,30.266,33.114,35.707,39.525,42.316,46.304,50.377,52.327,49.937,45.886,43.746,43.060,42.114
36.896,34.950,33.884,33.163,32.493,33.012,31.369,31.685,33.449,34.651,31.946,30.425,33.263,35.853,39.663,42.451,46.423,50.498,52.431,50.047,45.993,43.853,43.178,42.245
37.069,35.117,34.057,33.347,32.689,33.215,31.605,31.904,33.674,34.916,32.198,30.670,33.427,36.050,39.845,42.641,46.580,50.661,52.549,50.167,46.107,43.972,43.317,42.423
37.195,35.245,34.188,33.483,32.829,33.357,31.759,32.052,33.820,35.068,32.353,30.825,33.562,36.187,39.974,42.764,46.688,50.762,52.634,50.255,46.202,44.072,43.424,42.542
37.315,35.369,34.308,33.599,32.945,33.469,31.854,32.149,33.940,35.190,32.455,30.943,33.596,36.265,40.039,42.871,46.820,50.897,52.789,50.415,46.356,44.233,43.558,42.670
37.466,35.504,34.453,33.753,33.100,33.636,32.061,32.347,34.105,35.351,32.643,31.109,33.867,36.487,40.290,43.055,46.963,51.028,52.877,50.479,46.444,44.317,43.685,42.815
37.628,35.670,34.611,33.902,33.244,33.774,32.172,32.468,34.233,35.479,32.763,31.226,34.011,36.625,40.431,43.217,47.150,51.237,53.115,50.726,46.662,44.522,43.878,42.989
37.809,35.854,34.786,34.070,33.411,33.935,32.312,32.613,34.389,35.661,32.927,31.379,34.178,36.789,40.595,43.410,47.359,51.485,53.380,51.008,46.890,44.730,44.086,43.193
37.905,35.936,34.868,34.152,33.488,34.019,32.399,32.700,34.477,35.727,32.993,31.447,34.262,36.889,40.721,43.527,47.493,51.608,53.509,51.105,47.012,44.856,44.203,43.302
38.037,36.063,34.995,34.280,33.615,34.149,32.533,32.832,34.612,35.862,33.125,31.577,34.389,37.025,40.865,43.672,47.641,51.758,53.655,51.243,47.150,44.994,44.342,43.443
38.208,36.229,35.159,34.447,33.787,34.324,32.715,33.008,34.797,36.078,33.324,31.767,34.545,37.201,41.039,43.864,47.827,51.966,53.848,51.438,47.319,45.156,44.513,43.632
38.426,36.417,35.348,34.640,33.983,34.537,32.950,33.229,35.039,36.336,33.552,31.990,34.703,37.430,41.301,44.145,48.124,52.274,54.133,51.679,47.564,45.402,44.758,43.898
38.637,36.652,35.570,34.851,34.192,34.728,33.096,33.389,35.213,36.531,33.734,32.172,34.801,37.590,41.430,44.322,48.322,52.509,54.410,52.006,47.827,45.648,44.988,44.108
38.811,36.821,35.718,34.981,34.308,34.838,33.138,33.447,35.339,36.629,33.773,32.252,34.879,37.643,41.497,44.499,48.617,52.817,54.808,52.379,48.190,46.019,45.265,44.337
39.044,37.074,35.973,35.248,34.597,35.121,33.446,33.736,35.638,37.020,34.142,32.604,35.038,37.890,41.678,44.719,48.775,53.017,54.954,52.587,48.330,46.151,45.434,44.564
39.264,37.274,36.170,35.442,34.785,35.318,33.644,33.935,35.839,37.210,34.326,32.779,35.259,38.121,41.950,44.983,49.061,53.311,55.252,52.851,48.596,46.409,45.691,44.814
39.524,37.507,36.408,35.687,35.032,35.581,33.941,34.219,36.111,37.504,34.619,33.042,35.587,38.439,42.307,45.309,49.365,53.634,55.533,53.101,48.836,46.635,45.955,45.104
39.712,37.732,36.609,35.856,35.177,35.693,33.943,34.267,36.170,37.509,34.629,33.075,35.714,38.514,42.367,45.418,49.563,53.851,55.884,53.499,49.190,46.970,46.222,45.277
40.076,38.073,36.938,36.184,35.508,36.032,34.279,34.594,36.535,37.933,34.996,33.423,35.956,38.865,42.741,45.858,50.034,54.388,56.415,54.013,49.633,47.389,46.641,45.717
40.389,38.333,37.183,36.426,35.744,36.294,34.527,34.830,36.869,38.251,35.217,33.685,35.990,39.089,43.026,46.267,50.570,54.924,56.988,54.480,50.133,47.918,47.074,46.145
40.589,38.543,37.385,36.613,35.916,36.454,34.640,34.966,37.005,38.335,35.312,33.798,36.131,39.242,43.189,46.433,50.786,55.128,57.257,54.750,50.415,48.199,47.317,46.335
40.926,38.858,37.715,36.962,36.282,36.839,35.102,35.400,37.399,38.804,35.796,34.221,36.659,39.705,43.668,46.845,51.099,55.477,57.499,54.989,50.617,48.375,47.594,46.684
41.443,39.387,38.204,37.419,36.723,37.257,35.403,35.729,37.818,39.247,36.149,34.595,36.894,40.054,44.011,47.365,51.764,56.234,58.387,55.905,51.410,49.138,48.258,47.287
41.964,39.900,38.681,37.846,37.094,37.610,35.603,35.997,38.118,39.394,36.287,34.774,37.256,40.422,44.474,47.878,52.488,56.958,59.327,56.786,52.302,50.012,48.998,47.860
42.529,40.467,39.224,38.379,37.632,38.141,36.085,36.477,38.680,40.026,36.829,35.326,37.575,40.884,44.910,48.467,53.149,57.695,60.106,57.587,53.004,50.701,49.632,48.501
43.149,41.076,39.804,38.930,38.158,38.658,36.512,36.934,39.188,40.501,37.253,35.766,38.018,41.394,45.468,49.116,53.935,58.528,61.057,58.510,53.876,51.550,50.401,49.196
43.796,41.694,40.417,39.556,38.801,39.321,37.200,37.590,39.930,41.309,37.968,36.504,38.388,41.990,46.054,49.827,54.682,59.296,61.789,59.205,54.560,52.260,51.069,49.921
44.904,42.750,41.388,40.422,39.554,40.051,37.628,38.146,40.560,41.703,38.304,36.861,39.219,42.832,47.148,51.041,56.333,61.048,63.957,61.230,56.498,54.106,52.689,51.228
46.394,44.189,42.846,41.951,41.178,41.725,39.524,39.913,42.386,43.934,40.390,38.823,40.712,44.520,48.754,52.760,57.813,62.724,65.286,62.611,57.647,55.210,54.001,52.855
49.499,47.394,45.958,45.001,44.240,44.695,42.288,42.721,45.256,47.199,43.510,41.763,43.904,47.496,51.600,55.904,60.974,66.383,69.059,66.726,61.058,58.365,57.256,56.114
