-3.903,0.650,4.582,3.183,3.117,8.630,19.420,33.044,37.536,34.306,35.931,37.587,37.262,39.039,38.060,37.796,38.878,39.175,34.225,28.765,21.955,15.655,10.568,0.815
1.580,4.793,9.020,8.072,7.862,12.958,24.293,36.737,39.995,37.981,39.664,40.362,39.740,41.450,40.463,40.432,41.986,42.752,37.952,32.661,26.182,20.072,15.655,6.561
4.652,7.242,10.938,10.455,10.613,15.573,26.949,38.672,41.098,39.864,42.228,41.983,41.350,42.869,42.172,42.182,44.205,44.735,40.229,35.192,28.798,22.782,18.536,9.602
6.798,8.807,12.031,11.996,12.450,17.293,28.631,39.783,41.905,40.940,43.482,42.936,42.347,43.569,43.108,43.171,45.243,45.580,41.376,36.618,30.330,24.469,20.323,11.548
7.737,9.471,12.485,12.667,13.248,18.044,29.364,40.291,42.403,41.436,43.937,43.409,42.854,43.904,43.544,43.636,45.627,45.884,41.822,37.200,30.960,25.184,21.063,12.353
9.242,10.872,13.873,14.049,14.559,19.196,30.208,40.807,42.938,41.925,44.196,43.820,43.270,44.273,43.891,43.998,45.840,46.154,42.203,37.717,31.684,26.099,22.123,13.708
10.323,11.715,14.767,15.010,15.443,19.954,30.872,41.208,43.399,42.317,44.270,44.106,43.541,44.457,44.047,44.201,45.856,46.278,42.409,38.026,32.146,26.706,22.862,14.678
11.011,12.324,15.345,15.614,16.029,20.467,31.236,41.416,43.680,42.513,44.299,44.283,43.734,44.590,44.180,44.345,45.872,46.310,42.511,38.212,32.431,27.093,23.307,15.259
11.888,13.144,16.190,16.441,16.817,21.175,31.856,41.855,43.953,42.938,44.760,44.611,44.034,44.924,44.499,44.672,46.271,46.752,42.981,38.716,33.021,27.743,24.055,16.146
12.498,13.578,16.395,16.823,17.342,21.681,32.322,42.160,44.238,43.231,45.100,44.919,44.385,45.135,44.816,44.999,46.563,46.929,43.281,39.129,33.454,28.230,24.534,16.642
13.157,14.209,16.916,17.374,17.938,22.227,32.723,42.408,44.406,43.461,45.397,45.134,44.616,45.341,45.062,45.237,46.826,47.138,43.562,39.481,33.868,28.708,25.049,17.241
13.636,14.655,17.307,17.791,18.362,22.614,32.992,42.595,44.684,43.639,45.459,45.330,44.837,45.506,45.238,45.416,46.895,47.191,43.671,39.652,34.098,29.007,25.362,17.626
14.034,15.061,17.647,18.135,18.722,22.941,33.188,42.711,44.829,43.744,45.536,45.451,44.980,45.622,45.370,45.540,46.974,47.237,43.766,39.800,34.295,29.260,25.629,17.954
14.296,15.420,17.948,18.396,18.995,23.203,33.303,42.811,44.971,43.834,45.639,45.588,45.142,45.790,45.546,45.695,47.104,47.322,43.875,39.935,34.459,29.457,25.814,18.165
14.715,15.844,18.226,18.723,19.408,23.618,33.636,43.089,45.211,44.100,45.696,45.890,45.475,46.085,45.901,46.034,47.286,47.480,44.207,40.316,34.842,29.858,26.192,18.533
15.079,16.355,18.595,19.051,19.787,23.982,33.749,43.166,45.346,44.157,46.019,46.034,45.671,46.273,46.123,46.218,47.475,47.597,44.239,40.480,35.049,30.121,26.424,18.798
15.298,16.455,18.710,19.227,19.951,24.129,33.934,43.314,45.597,44.311,46.114,46.176,45.815,46.350,46.197,46.316,47.605,47.644,44.313,40.547,35.137,30.242,26.560,18.967
15.471,16.652,18.920,19.415,20.123,24.293,34.067,43.443,45.734,44.438,46.132,46.304,45.943,46.489,46.326,46.442,47.628,47.657,44.350,40.557,35.273,30.388,26.712,19.136
15.793,17.103,19.359,19.767,20.443,24.578,34.146,43.487,45.829,44.468,46.164,46.367,46.026,46.603,46.344,46.457,47.700,47.763,44.474,40.671,35.395,30.565,26.904,19.403
16.075,17.392,19.656,20.042,20.687,24.784,34.248,43.530,45.928,44.505,46.222,46.404,46.070,46.636,46.420,46.513,47.723,47.783,44.494,40.729,35.431,30.694,27.060,19.635
16.303,17.589,19.880,20.264,20.891,24.969,34.365,43.560,46.034,44.532,46.227,46.433,46.111,46.638,46.439,46.532,47.751,47.798,44.505,40.749,35.470,30.803,27.244,19.878
16.617,17.838,20.163,20.634,21.122,25.121,34.442,43.684,46.278,44.657,46.314,46.520,46.173,46.751,46.543,46.643,47.830,47.920,44.649,40.905,35.644,30.875,27.271,20.025
16.764,17.925,20.326,20.639,21.243,25.273,34.814,43.935,46.306,44.912,46.397,46.702,46.337,46.842,46.630,46.770,47.865,48.022,44.789,41.089,35.875,31.156,27.614,20.302
17.062,18.090,20.443,20.918,21.498,25.495,35.026,44.071,46.373,45.045,46.526,46.783,46.401,46.917,46.695,46.844,47.964,48.154,44.927,41.238,36.058,31.361,27.865,20.612
17.240,18.303,20.613,21.083,21.695,25.700,35.218,44.255,46.463,45.223,46.839,46.961,46.580,47.119,46.917,47.054,48.264,48.416,45.191,41.497,36.304,31.589,28.088,20.815
17.373,18.388,20.751,21.222,21.802,25.789,35.343,44.353,46.541,45.324,46.894,47.022,46.623,47.168,46.947,47.097,48.302,48.500,45.265,41.567,36.388,31.679,28.208,20.966
17.567,18.553,20.874,21.370,21.975,25.952,35.488,44.448,46.589,45.414,47.029,47.101,46.705,47.238,47.037,47.187,48.418,48.594,45.383,41.705,36.536,31.839,28.378,21.149
17.636,18.582,20.880,21.440,22.051,26.037,35.610,44.581,46.699,45.550,47.189,47.231,46.829,47.365,47.167,47.319,48.573,48.750,45.531,41.843,36.660,31.947,28.483,21.236
17.674,18.611,20.924,21.441,22.083,26.082,35.725,44.700,46.823,45.673,47.311,47.352,46.953,47.453,47.276,47.437,48.684,48.849,45.641,41.958,36.752,32.027,28.549,21.272
17.719,18.622,20.935,21.490,22.135,26.143,35.811,44.802,46.921,45.777,47.426,47.457,47.056,47.556,47.380,47.543,48.798,48.937,45.748,42.058,36.840,32.103,28.620,21.327
17.856,18.651,20.984,21.607,22.255,26.274,35.954,44.844,46.970,45.804,47.472,47.510,47.140,47.599,47.463,47.614,48.839,48.963,45.792,42.171,37.001,32.289,28.810,21.491
18.083,18.931,21.047,21.763,22.459,26.436,36.075,45.072,47.177,46.056,47.655,47.703,47.285,47.747,47.585,47.770,48.996,49.075,45.970,42.293,37.049,32.324,28.845,21.607
18.219,18.988,21.169,21.790,22.553,26.550,36.215,45.086,47.186,46.057,47.674,47.759,47.394,47.759,47.659,47.840,49.023,49.219,45.995,42.382,37.176,32.492,28.992,21.706
18.565,19.376,21.504,22.158,22.888,26.839,36.359,45.146,47.258,46.100,47.814,47.767,47.398,47.822,47.716,47.876,49.137,49.220,46.114,42.530,37.381,32.726,29.278,22.077
18.708,19.523,21.598,22.268,23.029,26.980,36.469,45.235,47.265,46.184,47.943,47.863,47.501,47.918,47.831,47.988,49.244,49.310,46.225,42.658,37.511,32.862,29.407,22.203
18.824,19.567,21.656,22.358,23.111,27.050,36.568,45.304,47.351,46.256,47.944,47.916,47.548,47.930,47.833,48.016,49.252,49.323,46.248,42.695,37.560,32.926,29.486,22.303
19.009,19.677,21.804,22.523,23.249,27.159,36.699,45.370,47.380,46.322,47.964,47.931,47.550,47.938,47.851,48.020,49.262,49.358,46.289,42.745,37.638,33.024,29.627,22.495
19.090,19.750,21.848,22.585,23.328,27.241,36.769,45.441,47.486,46.393,48.016,48.019,47.646,48.007,47.918,48.103,49.302,49.399,46.344,42.814,37.705,33.098,29.690,22.551
19.246,19.880,21.969,22.719,23.471,27.377,36.918,45.557,47.542,46.507,48.175,48.111,47.732,48.095,48.015,48.202,49.441,49.536,46.486,42.960,37.854,33.246,29.851,22.721
19.369,19.985,22.028,22.804,23.582,27.485,37.001,45.616,47.615,46.563,48.232,48.180,47.812,48.150,48.088,48.274,49.496,49.565,46.540,43.036,37.937,33.342,29.941,22.815
19.497,20.117,22.152,22.926,23.709,27.610,37.121,45.724,47.685,46.669,48.377,48.278,47.908,48.254,48.197,48.381,49.632,49.696,46.671,43.167,38.068,33.471,30.075,22.952
19.582,20.205,22.201,22.989,23.797,27.701,37.197,45.792,47.745,46.735,48.474,48.355,47.993,48.329,48.288,48.468,49.729,49.766,46.755,43.261,38.159,33.563,30.158,23.026
19.658,20.252,22.254,23.057,23.869,27.777,37.315,45.907,47.826,46.851,48.612,48.455,48.086,48.422,48.384,48.569,49.854,49.897,46.881,43.382,38.270,33.663,30.262,23.121
19.789,20.383,22.365,23.173,23.997,27.902,37.425,46.003,47.907,46.945,48.730,48.550,48.184,48.518,48.489,48.671,49.967,49.997,46.990,43.498,38.389,33.785,30.384,23.246
19.920,20.485,22.428,23.265,24.112,28.011,37.521,46.066,47.970,47.006,48.793,48.614,48.255,48.564,48.552,48.736,50.023,50.034,47.050,43.579,38.476,33.886,30.486,23.355
19.987,20.510,22.444,23.310,24.169,28.072,37.616,46.156,48.061,47.097,48.876,48.700,48.341,48.632,48.628,48.819,50.098,50.108,47.130,43.664,38.554,33.960,30.558,23.419
20.075,20.570,22.526,23.400,24.251,28.155,37.741,46.281,48.165,47.225,49.002,48.809,48.440,48.733,48.725,48.923,50.214,50.241,47.255,43.780,38.664,34.062,30.667,23.525
20.209,20.735,22.662,23.525,24.391,28.290,37.835,46.356,48.195,47.295,49.137,48.881,48.515,48.822,48.824,49.012,50.344,50.348,47.369,43.900,38.790,34.190,30.798,23.662
20.365,20.862,22.764,23.650,24.535,28.430,37.988,46.478,48.267,47.415,49.303,48.987,48.619,48.920,48.936,49.126,50.491,50.484,47.516,44.055,38.944,34.344,30.958,23.824
20.518,20.959,22.878,23.783,24.660,28.541,38.125,46.579,48.344,47.517,49.382,49.059,48.681,48.973,48.987,49.187,50.552,50.566,47.603,44.149,39.049,34.456,31.093,23.981
20.670,21.018,22.892,23.866,24.778,28.656,38.281,46.688,48.434,47.626,49.494,49.153,48.778,49.025,49.067,49.279,50.639,50.638,47.704,44.274,39.173,34.587,31.228,24.115
20.773,21.173,23.025,23.976,24.897,28.777,38.356,46.768,48.500,47.702,49.616,49.245,48.877,49.140,49.186,49.387,50.769,50.746,47.813,44.384,39.284,34.698,31.331,24.216
20.846,21.277,23.112,24.054,24.982,28.867,38.419,46.842,48.582,47.774,49.705,49.333,48.972,49.238,49.288,49.482,50.866,50.827,47.897,44.469,39.367,34.781,31.405,24.283
20.948,21.387,23.207,24.152,25.091,28.981,38.532,46.961,48.701,47.893,49.842,49.460,49.103,49.367,49.424,49.615,51.006,50.953,48.025,44.598,39.490,34.901,31.515,24.383
21.050,21.523,23.350,24.271,25.201,29.089,38.611,47.044,48.777,47.974,49.937,49.545,49.188,49.469,49.519,49.705,51.106,51.053,48.120,44.689,39.586,34.998,31.615,24.489
21.184,21.633,23.421,24.368,25.327,29.214,38.743,47.150,48.839,48.077,50.093,49.642,49.287,49.558,49.629,49.814,51.247,51.171,48.253,44.833,39.726,35.137,31.753,24.622
21.230,21.685,23.444,24.404,25.381,29.278,38.796,47.218,48.949,48.146,50.148,49.736,49.393,49.645,49.726,49.909,51.314,51.218,48.309,44.898,39.783,35.196,31.794,24.647
21.317,21.731,23.444,24.450,25.466,29.375,38.932,47.350,49.064,48.278,50.319,49.873,49.535,49.761,49.868,50.054,51.474,51.350,48.456,45.053,39.920,35.321,31.905,24.730
21.354,21.758,23.448,24.479,25.517,29.445,39.029,47.481,49.240,48.413,50.439,50.032,49.705,49.906,50.026,50.212,51.605,51.463,48.572,45.171,40.015,35.407,31.964,24.754
21.462,21.902,23.567,24.587,25.632,29.562,39.097,47.554,49.349,48.483,50.503,50.128,49.814,50.011,50.135,50.314,51.684,51.522,48.641,45.249,40.100,35.501,32.047,24.838
21.557,22.031,23.676,24.683,25.731,29.656,39.136,47.592,49.418,48.518,50.526,50.184,49.880,50.075,50.201,50.372,51.720,51.543,48.672,45.291,40.153,35.568,32.107,24.908
21.614,22.115,23.712,24.728,25.810,29.754,39.224,47.705,49.539,48.629,50.685,50.325,50.035,50.221,50.367,50.530,51.889,51.672,48.808,45.430,40.273,35.678,32.189,24.956
21.713,22.277,23.893,24.861,25.918,29.851,39.255,47.739,49.587,48.660,50.705,50.365,50.077,50.289,50.418,50.571,51.925,51.714,48.843,45.462,40.324,35.742,32.259,25.050
21.828,22.400,24.039,24.994,26.035,29.968,39.376,47.870,49.727,48.792,50.820,50.494,50.202,50.423,50.541,50.695,52.043,51.846,48.966,45.577,40.440,35.856,32.377,25.171
21.951,22.485,24.087,25.079,26.152,30.091,39.527,48.005,49.827,48.927,50.999,50.624,50.334,50.538,50.678,50.834,52.207,51.989,49.122,45.742,40.593,36.002,32.517,25.295
22.045,22.584,24.170,25.167,26.248,30.189,39.613,48.095,49.942,49.017,51.078,50.728,50.445,50.638,50.783,50.938,52.292,52.064,49.203,45.830,40.680,36.093,32.601,25.375
22.160,22.725,24.329,25.303,26.368,30.305,39.709,48.198,50.056,49.119,51.165,50.832,50.548,50.754,50.887,51.040,52.387,52.168,49.300,45.922,40.780,36.197,32.707,25.491
22.244,22.840,24.432,25.394,26.461,30.401,39.771,48.271,50.156,49.191,51.232,50.923,50.647,50.854,50.988,51.134,52.467,52.236,49.371,45.996,40.856,36.278,32.779,25.560
22.338,22.920,24.528,25.491,26.544,30.478,39.848,48.344,50.259,49.265,51.256,50.994,50.717,50.916,51.042,51.193,52.494,52.278,49.414,46.042,40.911,36.343,32.850,25.645
22.449,22.978,24.577,25.577,26.638,30.573,39.969,48.461,50.425,49.385,51.314,51.118,50.846,51.008,51.141,51.302,52.551,52.339,49.488,46.129,40.997,36.437,32.939,25.732
22.561,23.126,24.732,25.706,26.758,30.690,40.054,48.551,50.519,49.473,51.406,51.212,50.942,51.119,51.245,51.400,52.652,52.439,49.584,46.222,41.097,36.540,33.043,25.843
22.631,23.175,24.764,25.762,26.832,30.774,40.168,48.673,50.638,49.597,51.544,51.340,51.072,51.235,51.373,51.530,52.786,52.562,49.710,46.349,41.210,36.643,33.135,25.915
22.793,23.359,24.961,25.935,26.989,30.920,40.280,48.772,50.732,49.694,51.635,51.432,51.162,51.340,51.467,51.621,52.879,52.664,49.810,46.450,41.326,36.769,33.273,26.075
22.912,23.506,25.119,26.073,27.119,31.052,40.404,48.907,50.853,49.828,51.790,51.566,51.293,51.490,51.610,51.760,53.037,52.824,49.960,46.591,41.465,36.903,33.407,26.207
22.960,23.551,25.133,26.108,27.178,31.124,40.485,49.010,50.993,49.932,51.890,51.695,51.433,51.608,51.743,51.892,53.146,52.910,50.055,46.691,41.550,36.983,33.465,26.238
23.129,23.764,25.319,26.279,27.346,31.282,40.567,49.077,51.083,49.994,51.944,51.775,51.524,51.702,51.837,51.976,53.213,52.963,50.119,46.769,41.649,37.103,33.585,26.381
23.273,23.882,25.326,26.355,27.500,31.456,40.767,49.263,51.191,50.176,52.264,51.968,51.729,51.884,52.069,52.203,53.512,53.194,50.376,47.040,41.889,37.322,33.779,26.528
23.377,23.946,25.331,26.394,27.608,31.586,40.925,49.420,51.348,50.333,52.478,52.152,51.931,52.041,52.272,52.404,53.721,53.343,50.554,47.240,42.060,37.482,33.906,26.609
23.477,23.965,25.346,26.460,27.692,31.677,41.099,49.583,51.481,50.500,52.652,52.296,52.068,52.152,52.397,52.543,53.872,53.499,50.715,47.401,42.203,37.612,34.039,26.723
23.632,24.075,25.400,26.572,27.835,31.825,41.266,49.735,51.641,50.653,52.807,52.455,52.234,52.285,52.552,52.703,54.019,53.624,50.861,47.564,42.358,37.769,34.187,26.858
23.773,24.192,25.521,26.705,27.965,31.951,41.394,49.860,51.807,50.779,52.879,52.584,52.367,52.399,52.664,52.820,54.095,53.708,50.951,47.662,42.463,37.884,34.302,26.981
23.968,24.348,25.670,26.878,28.136,32.113,41.547,49.992,51.989,50.911,52.940,52.719,52.507,52.509,52.776,52.939,54.157,53.776,51.036,47.767,42.582,38.024,34.446,27.145
24.154,24.579,25.861,27.058,28.331,32.309,41.678,50.122,52.145,51.037,53.079,52.874,52.678,52.676,52.953,53.105,54.311,53.899,51.173,47.918,42.740,38.194,34.603,27.303
24.356,24.705,26.037,27.259,28.514,32.490,41.953,50.391,52.384,51.313,53.327,53.108,52.891,52.886,53.151,53.321,54.536,54.167,51.426,48.156,42.970,38.410,34.838,27.538
24.534,24.854,26.183,27.424,28.694,32.677,42.195,50.629,52.558,51.553,53.627,53.327,53.101,53.101,53.376,53.550,54.818,54.446,51.699,48.420,43.215,38.635,35.066,27.746
24.744,25.012,26.360,27.621,28.888,32.866,42.434,50.847,52.733,51.773,53.854,53.516,53.277,53.275,53.550,53.733,55.023,54.671,51.921,48.637,43.431,38.845,35.292,27.977
24.948,25.116,26.459,27.777,29.059,33.033,42.676,51.050,52.893,51.978,54.060,53.687,53.437,53.407,53.695,53.895,55.197,54.856,52.118,48.843,43.631,39.041,35.504,28.191
25.154,25.190,26.488,27.903,29.227,33.204,42.928,51.266,53.126,52.199,54.241,53.896,53.651,53.551,53.870,54.090,55.354,55.003,52.296,49.049,43.825,39.239,35.699,28.371
25.420,25.394,26.652,28.118,29.477,33.456,43.221,51.529,53.348,52.462,54.543,54.146,53.901,53.775,54.121,54.347,55.634,55.264,52.575,49.342,44.108,39.517,35.977,28.637
25.563,25.685,27.021,28.382,29.674,33.667,43.358,51.775,53.740,52.712,54.684,54.452,54.215,54.133,54.426,54.637,55.842,55.501,52.769,49.502,44.271,39.681,36.115,28.769
25.868,25.967,27.267,28.657,29.986,33.990,43.724,52.132,54.011,53.068,55.046,54.795,54.555,54.474,54.792,55.001,56.214,55.914,53.186,49.915,44.661,40.047,36.476,29.102
26.139,26.227,27.659,28.999,30.220,34.190,43.890,52.304,54.356,53.246,55.146,54.963,54.713,54.627,54.876,55.103,56.281,55.949,53.202,49.930,44.731,40.165,36.629,29.334
26.483,26.558,27.942,29.308,30.547,34.511,44.154,52.554,54.705,53.494,55.211,55.247,55.021,54.887,55.150,55.377,56.396,56.108,53.394,50.157,44.975,40.442,36.892,29.610
26.854,26.898,28.123,29.584,30.941,34.948,44.621,53.040,55.198,53.979,55.806,55.790,55.600,55.397,55.736,55.955,56.991,56.593,53.924,50.718,45.483,40.928,37.312,29.943
27.094,27.173,28.397,29.854,31.235,35.283,45.036,53.529,55.627,54.473,56.420,56.294,56.097,55.923,56.271,56.483,57.606,57.186,54.486,51.240,45.949,41.336,37.689,30.241
27.359,27.285,28.646,30.161,31.474,35.538,45.486,54.061,56.367,55.030,56.666,56.835,56.621,56.379,56.682,56.939,57.870,57.562,54.829,51.557,46.242,41.619,37.968,30.498
27.988,27.434,28.706,30.591,32.063,36.237,46.736,55.401,57.826,56.412,57.916,58.206,57.993,57.505,57.913,58.252,59.063,58.737,56.037,52.774,47.288,42.563,38.820,31.124
28.497,27.500,29.129,31.191,32.505,36.734,47.815,56.692,59.589,57.773,58.403,59.503,59.232,58.570,58.870,59.334,59.703,59.667,56.872,53.531,47.960,43.181,39.429,31.647
29.657,28.738,31.202,32.948,33.641,37.823,48.916,58.241,62.487,59.396,58.532,61.233,60.939,60.226,60.103,60.659,59.892,60.438,57.429,53.969,48.547,43.915,40.190,32.604
