8.450,5.658,8.154,7.744,6.079,6.447,5.572,9.293,13.662,18.822,21.655,25.275,23.687,20.699,19.893,23.262,23.787,26.953,27.239,25.168,20.790,18.523,17.245,14.493
14.322,11.965,13.428,12.484,11.560,11.703,10.747,13.789,17.836,22.965,25.448,28.852,28.208,25.371,24.863,27.422,29.408,33.912,34.145,30.936,25.677,23.052,22.492,18.867
16.920,14.682,15.817,14.929,14.137,14.223,13.412,16.462,20.586,25.278,27.580,30.985,30.516,27.976,27.466,29.651,31.751,36.275,36.355,33.200,28.104,25.411,24.934,21.358
19.299,17.340,17.950,17.057,16.502,16.460,15.814,18.911,23.193,27.387,29.539,32.993,32.774,30.541,29.897,31.611,33.861,38.510,38.437,35.379,30.348,27.628,27.249,23.580
21.040,19.214,19.497,18.577,18.186,18.077,17.514,20.570,24.898,28.823,30.843,34.297,34.284,32.242,31.601,33.000,35.467,40.284,40.112,36.979,31.936,29.139,28.877,25.124
21.941,20.082,20.259,19.367,19.015,18.904,18.397,21.450,25.820,29.597,31.514,34.980,35.060,33.151,32.588,33.825,36.430,41.323,41.064,37.842,32.836,29.923,29.725,25.989
22.548,20.639,20.869,19.996,19.619,19.532,19.021,22.038,26.359,30.138,32.026,35.459,35.530,33.633,33.130,34.379,36.991,41.852,41.589,38.340,33.377,30.446,30.257,26.575
23.147,21.214,21.502,20.674,20.260,20.195,19.697,22.695,26.966,30.691,32.550,35.942,35.974,34.109,33.633,34.894,37.427,42.166,41.898,38.716,33.871,30.970,30.761,27.186
23.643,21.678,21.985,21.153,20.739,20.688,20.178,23.123,27.342,31.085,32.914,36.272,36.324,34.464,34.051,35.307,37.896,42.658,42.390,39.138,34.290,31.361,31.182,27.618
24.048,22.093,22.342,21.518,21.128,21.069,20.585,23.529,27.762,31.432,33.222,36.582,36.673,34.869,34.469,35.653,38.284,43.065,42.766,39.501,34.674,31.716,31.560,28.001
24.280,22.342,22.587,21.802,21.395,21.333,20.879,23.870,28.138,31.729,33.520,36.894,36.952,35.185,34.742,35.915,38.454,43.145,42.829,39.671,34.927,32.002,31.808,28.305
24.587,22.668,22.910,22.124,21.721,21.655,21.200,24.183,28.435,32.019,33.812,37.174,37.228,35.458,35.003,36.178,38.695,43.364,43.056,39.923,35.193,32.292,32.094,28.598
24.829,22.942,23.182,22.429,22.012,21.942,21.511,24.529,28.797,32.308,34.107,37.470,37.489,35.747,35.242,36.413,38.827,43.387,43.081,40.065,35.420,32.571,32.334,28.895
25.034,23.168,23.458,22.715,22.273,22.206,21.766,24.784,29.021,32.547,34.375,37.719,37.685,35.912,35.371,36.600,38.911,43.395,43.103,40.174,35.576,32.797,32.521,29.122
25.383,23.515,23.827,23.109,22.653,22.596,22.166,25.164,29.361,32.841,34.647,37.957,37.906,36.159,35.632,36.859,39.122,43.520,43.233,40.351,35.830,33.077,32.793,29.459
25.587,23.750,24.034,23.317,22.876,22.810,22.388,25.380,29.568,33.011,34.809,38.109,38.066,36.336,35.792,36.995,39.244,43.623,43.334,40.483,35.984,33.252,32.969,29.642
25.869,24.052,24.325,23.584,23.164,23.095,22.658,25.596,29.731,33.193,34.981,38.246,38.226,36.485,35.959,37.157,39.441,43.843,43.571,40.685,36.164,33.444,33.186,29.840
26.150,24.338,24.598,23.892,23.464,23.397,22.989,25.943,30.086,33.463,35.225,38.486,38.458,36.769,36.238,37.401,39.641,43.978,43.681,40.856,36.415,33.704,33.434,30.147
26.396,24.593,24.825,24.118,23.705,23.633,23.232,26.178,30.320,33.671,35.418,38.674,38.666,36.996,36.471,37.605,39.867,44.216,43.910,41.075,36.637,33.918,33.660,30.370
26.520,24.709,24.938,24.227,23.815,23.742,23.341,26.297,30.455,33.816,35.566,38.835,38.832,37.159,36.636,37.768,40.046,44.419,44.109,41.256,36.800,34.065,33.810,30.505
26.760,25.003,25.197,24.475,24.088,24.002,23.601,26.524,30.644,33.976,35.721,38.960,38.969,37.302,36.756,37.870,40.131,44.482,44.184,41.366,36.926,34.236,33.987,30.681
26.880,25.165,25.319,24.585,24.219,24.117,23.721,26.651,30.783,34.100,35.854,39.100,39.119,37.453,36.872,37.969,40.223,44.583,44.289,41.495,37.042,34.373,34.122,30.791
27.045,25.299,25.496,24.781,24.393,24.307,23.910,26.824,30.924,34.235,35.974,39.197,39.200,37.542,36.993,38.104,40.340,44.655,44.360,41.570,37.162,34.492,34.238,30.956
27.272,25.583,25.705,24.971,24.625,24.517,24.128,27.032,31.137,34.410,36.143,39.364,39.404,37.763,37.186,38.248,40.508,44.857,44.558,41.774,37.346,34.689,34.453,31.134
27.419,25.739,25.886,25.160,24.802,24.697,24.306,27.203,31.284,34.554,36.293,39.498,39.513,37.865,37.277,38.362,40.572,44.868,44.578,41.841,37.447,34.826,34.573,31.283
27.528,25.850,26.004,25.305,24.932,24.829,24.456,27.378,31.474,34.697,36.433,39.642,39.635,38.011,37.405,38.486,40.640,44.875,44.581,41.899,37.563,34.958,34.683,31.436
27.624,25.947,26.118,25.441,25.049,24.949,24.587,27.533,31.641,34.837,36.579,39.792,39.758,38.143,37.518,38.609,40.705,44.882,44.582,41.962,37.671,35.088,34.788,31.577
27.734,26.064,26.225,25.542,25.157,25.054,24.691,27.636,31.748,34.946,36.689,39.905,39.877,38.261,37.631,38.717,40.822,45.011,44.712,42.086,37.785,35.200,34.904,31.681
27.825,26.199,26.333,25.637,25.270,25.153,24.787,27.727,31.831,35.025,36.781,39.991,39.966,38.340,37.678,38.761,40.848,45.033,44.746,42.150,37.840,35.290,34.990,31.749
27.971,26.352,26.469,25.771,25.412,25.291,24.930,27.870,31.979,35.161,36.912,40.124,40.109,38.491,37.827,38.896,40.992,45.186,44.895,42.296,37.983,35.429,35.134,31.888
28.069,26.459,26.570,25.865,25.514,25.390,25.026,27.952,32.047,35.231,36.979,40.182,40.174,38.554,37.890,38.956,41.060,45.259,44.972,42.368,38.050,35.503,35.214,31.962
28.154,26.536,26.654,25.954,25.598,25.478,25.114,28.041,32.135,35.316,37.062,40.263,40.252,38.636,37.979,39.046,41.147,45.325,45.033,42.446,38.137,35.585,35.296,32.052
28.208,26.607,26.727,26.045,25.677,25.552,25.203,28.169,32.293,35.444,37.205,40.423,40.384,38.775,38.076,39.151,41.185,45.340,45.051,42.502,38.230,35.707,35.386,32.165
28.319,26.707,26.832,26.177,25.794,25.674,25.342,28.333,32.478,35.584,37.335,40.562,40.509,38.928,38.227,39.289,41.292,45.390,45.081,42.587,38.363,35.837,35.502,32.319
28.484,26.878,26.983,26.315,25.948,25.825,25.489,28.457,32.585,35.696,37.436,40.652,40.623,39.044,38.356,39.402,41.443,45.574,45.265,42.737,38.492,35.957,35.641,32.440
28.605,27.002,27.096,26.424,26.065,25.940,25.606,28.566,32.691,35.794,37.527,40.740,40.722,39.149,38.468,39.501,41.557,45.698,45.386,42.847,38.600,36.058,35.751,32.546
28.736,27.141,27.229,26.562,26.204,26.077,25.748,28.712,32.838,35.924,37.654,40.866,40.846,39.282,38.593,39.619,41.663,45.790,45.476,42.955,38.721,36.188,35.877,32.680
28.790,27.193,27.298,26.646,26.273,26.148,25.826,28.811,32.950,36.025,37.764,40.983,40.940,39.376,38.671,39.712,41.710,45.797,45.482,43.003,38.798,36.280,35.948,32.775
28.875,27.258,27.379,26.743,26.355,26.238,25.922,28.920,33.069,36.132,37.866,41.090,41.036,39.484,38.787,39.830,41.816,45.884,45.560,43.089,38.907,36.379,36.040,32.889
28.968,27.360,27.472,26.823,26.444,26.323,26.001,28.994,33.142,36.221,37.961,41.187,41.141,39.578,38.876,39.920,41.921,46.012,45.694,43.209,39.002,36.474,36.141,32.968
29.155,27.553,27.639,26.974,26.616,26.490,26.164,29.129,33.259,36.341,38.066,41.281,41.265,39.706,39.024,40.044,42.097,46.230,45.911,43.381,39.148,36.605,36.297,33.101
29.278,27.677,27.748,27.075,26.728,26.600,26.273,29.226,33.352,36.435,38.151,41.363,41.364,39.810,39.139,40.144,42.227,46.386,46.064,43.508,39.259,36.703,36.410,33.200
29.384,27.796,27.862,27.172,26.836,26.705,26.366,29.298,33.402,36.508,38.228,41.428,41.439,39.869,39.199,40.210,42.310,46.489,46.179,43.604,39.331,36.783,36.500,33.270
29.483,27.916,27.965,27.257,26.937,26.798,26.450,29.367,33.461,36.585,38.314,41.509,41.530,39.944,39.266,40.278,42.393,46.596,46.297,43.711,39.408,36.871,36.595,33.337
29.591,28.002,28.068,27.361,27.034,26.903,26.550,29.459,33.544,36.681,38.403,41.594,41.616,40.029,39.373,40.390,42.522,46.732,46.432,43.821,39.516,36.962,36.693,33.441
29.648,28.061,28.131,27.432,27.098,26.965,26.618,29.547,33.651,36.781,38.512,41.714,41.723,40.136,39.463,40.487,42.593,46.787,46.485,43.900,39.605,37.059,36.776,33.530
29.764,28.177,28.231,27.526,27.202,27.068,26.722,29.640,33.739,36.864,38.583,41.782,41.809,40.231,39.571,40.577,42.714,46.931,46.624,44.013,39.707,37.147,36.878,33.622
29.853,28.283,28.313,27.591,27.284,27.142,26.790,29.701,33.802,36.940,38.664,41.866,41.910,40.322,39.655,40.653,42.816,47.069,46.766,44.135,39.796,37.234,36.976,33.687
29.960,28.365,28.421,27.712,27.389,27.257,26.906,29.819,33.917,37.055,38.775,41.974,42.006,40.423,39.772,40.780,42.934,47.168,46.861,44.230,39.910,37.340,37.077,33.812
30.125,28.541,28.574,27.848,27.544,27.407,27.050,29.941,34.025,37.171,38.884,42.075,42.131,40.545,39.904,40.896,43.089,47.360,47.056,44.391,40.043,37.466,37.222,33.932
30.237,28.644,28.674,27.946,27.644,27.508,27.152,30.041,34.129,37.277,38.983,42.177,42.242,40.660,40.030,41.015,43.230,47.519,47.209,44.523,40.166,37.573,37.337,34.041
30.313,28.701,28.742,28.014,27.705,27.572,27.214,30.118,34.223,37.390,39.102,42.311,42.372,40.784,40.159,41.153,43.379,47.685,47.373,44.669,40.295,37.683,37.446,34.141
30.423,28.808,28.839,28.110,27.806,27.673,27.316,30.215,34.321,37.483,39.187,42.395,42.468,40.886,40.271,41.252,43.498,47.819,47.501,44.781,40.402,37.778,37.550,34.240
30.529,28.896,28.947,28.233,27.914,27.789,27.437,30.342,34.448,37.600,39.299,42.507,42.566,40.993,40.387,41.374,43.602,47.898,47.575,44.866,40.513,37.887,37.650,34.367
30.671,29.034,29.081,28.368,28.050,27.926,27.576,30.482,34.593,37.739,39.433,42.643,42.708,41.141,40.540,41.519,43.757,48.059,47.731,45.015,40.661,38.026,37.794,34.510
30.748,29.117,29.157,28.451,28.132,28.005,27.663,30.585,34.711,37.839,39.534,42.753,42.813,41.254,40.641,41.614,43.835,48.125,47.791,45.097,40.756,38.125,37.884,34.607
30.915,29.286,29.330,28.623,28.306,28.180,27.836,30.741,34.845,37.971,39.660,42.863,42.925,41.368,40.763,41.736,43.957,48.238,47.908,45.212,40.881,38.256,38.020,34.752
31.054,29.439,29.470,28.769,28.454,28.324,27.989,30.903,35.017,38.118,39.807,43.013,43.073,41.527,40.906,41.869,44.070,48.334,48.000,45.332,41.018,38.404,38.161,34.900
31.119,29.503,29.553,28.865,28.535,28.408,28.075,31.006,35.126,38.222,39.920,43.130,43.167,41.618,40.983,41.963,44.123,48.349,48.017,45.387,41.097,38.500,38.239,34.999
31.187,29.581,29.629,28.937,28.609,28.478,28.144,31.080,35.204,38.305,40.013,43.226,43.258,41.702,41.052,42.039,44.187,48.410,48.083,45.466,41.171,38.585,38.318,35.071
31.292,29.710,29.726,29.018,28.709,28.567,28.231,31.166,35.298,38.403,40.116,43.336,43.385,41.824,41.159,42.132,44.301,48.557,48.234,45.605,41.279,38.695,38.437,35.156
31.390,29.828,29.833,29.121,28.819,28.671,28.334,31.269,35.398,38.499,40.219,43.436,43.485,41.920,41.238,42.211,44.367,48.616,48.299,45.688,41.363,38.796,38.533,35.247
31.577,30.017,29.995,29.268,28.986,28.834,28.496,31.411,35.536,38.637,40.343,43.556,43.636,42.078,41.415,42.361,44.573,48.870,48.546,45.888,41.534,38.944,38.706,35.395
31.706,30.143,30.128,29.390,29.110,28.959,28.610,31.511,35.621,38.751,40.461,43.669,43.752,42.177,41.522,42.481,44.709,49.024,48.710,46.029,41.652,39.060,38.829,35.503
31.801,30.255,30.251,29.504,29.223,29.069,28.710,31.609,35.708,38.860,40.589,43.791,43.860,42.263,41.587,42.571,44.771,49.072,48.775,46.117,41.733,39.169,38.928,35.596
31.890,30.353,30.330,29.562,29.298,29.138,28.769,31.655,35.751,38.930,40.664,43.868,43.956,42.344,41.670,42.650,44.890,49.239,48.948,46.252,41.823,39.251,39.025,35.654
32.050,30.534,30.482,29.686,29.447,29.276,28.896,31.763,35.853,39.056,40.795,43.997,44.111,42.484,41.807,42.777,45.061,49.463,49.182,46.449,41.968,39.392,39.186,35.768
32.093,30.585,30.533,29.739,29.494,29.320,28.941,31.836,35.953,39.164,40.922,44.144,44.244,42.606,41.902,42.886,45.145,49.542,49.263,46.554,42.067,39.500,39.277,35.850
32.204,30.712,30.657,29.850,29.613,29.433,29.045,31.931,36.037,39.267,41.036,44.253,44.353,42.697,41.982,42.977,45.234,49.637,49.371,46.664,42.158,39.608,39.385,35.942
32.313,30.828,30.755,29.938,29.712,29.526,29.137,32.027,36.145,39.380,41.153,44.379,44.491,42.832,42.111,43.097,45.375,49.807,49.540,46.818,42.287,39.729,39.513,36.046
32.460,30.946,30.904,30.084,29.847,29.673,29.271,32.142,36.240,39.511,41.281,44.497,44.607,42.933,42.243,43.249,45.548,49.993,49.732,46.972,42.428,39.854,39.646,36.181
32.552,31.051,30.989,30.159,29.932,29.750,29.349,32.232,36.350,39.626,41.405,44.636,44.754,43.075,42.368,43.368,45.678,50.147,49.886,47.122,42.553,39.977,39.769,36.278
32.620,31.069,31.060,30.263,29.994,29.829,29.437,32.365,36.520,39.795,41.582,44.838,44.916,43.242,42.541,43.570,45.836,50.262,49.989,47.250,42.718,40.124,39.888,36.440
32.768,31.262,31.210,30.378,30.143,29.960,29.555,32.463,36.607,39.906,41.707,44.958,45.063,43.367,42.643,43.663,45.961,50.438,50.181,47.422,42.834,40.257,40.037,36.531
32.919,31.440,31.339,30.479,30.277,30.078,29.668,32.570,36.726,40.037,41.842,45.103,45.242,43.538,42.803,43.799,46.149,50.692,50.437,47.641,42.995,40.407,40.208,36.645
33.035,31.554,31.472,30.605,30.397,30.201,29.780,32.671,36.811,40.152,41.967,45.221,45.352,43.627,42.893,43.912,46.257,50.800,50.558,47.757,43.100,40.521,40.320,36.752
33.211,31.706,31.633,30.770,30.558,30.369,29.949,32.835,36.974,40.316,42.118,45.372,45.509,43.792,43.085,44.098,46.467,51.022,50.771,47.942,43.285,40.681,40.489,36.928
33.336,31.857,31.746,30.879,30.681,30.478,30.067,32.984,37.163,40.486,42.300,45.578,45.723,44.013,43.269,44.264,46.629,51.201,50.943,48.134,43.462,40.861,40.663,37.077
33.433,31.966,31.835,30.985,30.781,30.570,30.180,33.154,37.394,40.680,42.507,45.822,45.953,44.259,43.473,44.456,46.780,51.332,51.059,48.305,43.650,41.054,40.830,37.247
33.529,32.044,31.955,31.137,30.896,30.692,30.314,33.345,37.629,40.904,42.755,46.098,46.178,44.482,43.665,44.683,46.923,51.405,51.129,48.448,43.839,41.259,40.991,37.449
33.674,32.196,32.073,31.252,31.021,30.807,30.440,33.505,37.839,41.102,42.959,46.335,46.428,44.741,43.904,44.899,47.158,51.677,51.387,48.701,44.066,41.465,41.197,37.625
33.806,32.323,32.203,31.375,31.142,30.925,30.554,33.641,38.002,41.290,43.165,46.563,46.651,44.947,44.097,45.106,47.368,51.909,51.621,48.928,44.264,41.656,41.381,37.786
34.032,32.510,32.405,31.555,31.324,31.116,30.723,33.790,38.144,41.500,43.375,46.777,46.886,45.156,44.349,45.372,47.714,52.335,52.051,49.260,44.527,41.870,41.622,37.985
34.192,32.646,32.542,31.694,31.457,31.251,30.861,33.952,38.342,41.710,43.587,47.015,47.127,45.397,44.598,45.619,47.985,52.638,52.343,49.525,44.768,42.079,41.832,38.180
34.327,32.826,32.684,31.868,31.620,31.392,31.041,34.254,38.767,42.061,43.983,47.486,47.555,45.847,44.934,45.946,48.195,52.785,52.471,49.798,45.082,42.430,42.118,38.473
34.551,33.054,32.876,32.091,31.833,31.591,31.279,34.603,39.243,42.476,44.419,48.001,48.052,46.377,45.398,46.384,48.584,53.161,52.811,50.211,45.513,42.842,42.491,38.843
34.710,33.199,33.045,32.256,31.984,31.745,31.424,34.771,39.432,42.705,44.672,48.274,48.308,46.606,45.618,46.635,48.826,53.414,53.071,50.467,45.743,43.069,42.705,39.042
34.854,33.290,33.179,32.418,32.108,31.884,31.572,34.969,39.680,42.960,44.935,48.572,48.575,46.877,45.896,46.936,49.104,53.675,53.317,50.719,46.012,43.306,42.918,39.281
35.107,33.504,33.419,32.668,32.337,32.122,31.811,35.244,39.996,43.298,45.284,48.951,48.941,47.235,46.261,47.319,49.490,54.075,53.707,51.094,46.373,43.635,43.237,39.598
35.439,33.795,33.686,32.967,32.618,32.399,32.125,35.675,40.573,43.835,45.831,49.593,49.576,47.907,46.905,47.932,50.107,54.726,54.308,51.705,46.974,44.167,43.743,40.091
35.733,34.022,34.011,33.340,32.914,32.717,32.452,36.103,41.084,44.374,46.417,50.239,50.134,48.442,47.409,48.518,50.581,55.121,54.698,52.170,47.482,44.671,44.177,40.577
36.054,34.332,34.297,33.664,33.214,33.006,32.782,36.579,41.724,44.963,47.043,50.971,50.832,49.166,48.055,49.151,51.151,55.680,55.217,52.771,48.093,45.254,44.705,41.099
36.511,34.779,34.719,34.112,33.636,33.409,33.220,37.201,42.557,45.786,47.936,52.007,51.827,50.157,48.939,50.046,51.985,56.539,56.042,53.671,48.951,46.077,45.461,41.805
37.165,35.442,35.302,34.683,34.237,33.989,33.820,37.861,43.317,46.525,48.680,52.817,52.677,51.029,49.783,50.833,52.838,57.492,56.963,54.554,49.767,46.836,46.232,42.504
37.652,35.918,35.820,35.228,34.744,34.501,34.341,38.451,43.960,47.167,49.357,53.530,53.335,51.675,50.383,51.476,53.388,57.975,57.447,55.121,50.369,47.461,46.806,43.109
38.189,36.408,36.424,35.871,35.304,35.077,34.914,39.141,44.741,48.012,50.286,54.528,54.219,52.499,51.139,52.353,54.112,58.604,58.093,55.878,51.150,48.273,47.525,43.864
39.048,37.161,37.274,36.837,36.139,35.928,35.832,40.372,46.281,49.512,51.882,56.329,55.868,54.163,52.675,53.971,55.509,59.878,59.305,57.288,52.640,49.716,48.812,45.222
41.501,39.287,39.396,38.950,38.197,38.012,37.933,42.792,49.189,52.640,55.066,59.877,59.487,57.755,56.365,57.638,59.572,64.464,63.747,61.291,56.245,52.852,51.982,48.119
45.506,42.469,42.979,42.400,41.489,41.499,41.214,46.044,52.612,56.917,59.311,64.351,64.121,62.128,61.421,62.911,65.854,71.733,70.942,67.177,61.342,57.089,56.490,52.241
