-32.757,-36.644,-36.494,-37.719,-37.758,-29.491,-15.149,-7.066,-6.721,-11.521,-14.196,-14.192,-20.956,-26.439,-27.234,-24.884,-21.529,-12.559,-0.413,10.072,17.021,13.522,8.770,5.609
-17.571,-18.650,-19.865,-21.448,-21.009,-13.587,-0.536,7.008,6.642,1.000,-1.076,-1.856,-8.686,-13.254,-13.443,-11.713,-7.761,2.870,13.850,21.204,25.872,21.979,18.938,16.042
-13.195,-14.068,-15.286,-16.774,-16.360,-9.431,2.926,9.992,9.673,4.293,2.243,1.437,-5.129,-9.491,-9.821,-8.340,-4.520,6.031,16.485,23.240,27.624,23.778,20.922,18.228
-9.586,-10.089,-11.612,-13.333,-12.889,-6.217,5.614,12.686,12.049,6.527,4.518,3.458,-2.659,-6.426,-6.214,-4.664,-0.949,8.861,19.043,25.834,29.831,25.670,23.071,20.230
-7.771,-8.259,-9.788,-11.513,-11.100,-4.636,6.882,13.806,13.149,7.732,5.696,4.599,-1.309,-4.902,-4.653,-3.153,0.456,9.993,19.990,26.743,30.672,26.449,23.882,21.064
-5.566,-6.104,-7.535,-9.146,-8.810,-2.708,8.413,14.976,14.447,9.296,7.147,6.059,0.305,-3.244,-3.268,-2.002,1.489,11.109,20.876,27.387,31.329,27.052,24.452,21.785
-4.302,-4.649,-6.156,-7.772,-7.402,-1.383,9.602,16.088,15.524,10.349,8.260,7.136,1.390,-2.099,-2.100,-0.887,2.633,12.342,21.973,28.213,31.980,27.723,25.254,22.630
-3.114,-3.481,-4.926,-6.474,-6.126,-0.260,10.504,16.808,16.303,11.273,9.195,8.110,2.449,-1.022,-1.122,0.015,3.466,13.108,22.553,28.621,32.349,28.176,25.728,23.192
-2.540,-2.927,-4.356,-5.905,-5.558,0.279,10.949,17.227,16.708,11.718,9.673,8.601,3.019,-0.397,-0.443,0.724,4.129,13.565,22.923,29.001,32.700,28.579,26.150,23.614
-1.637,-1.990,-3.425,-4.967,-4.625,1.124,11.654,17.855,17.331,12.384,10.350,9.269,3.760,0.406,0.368,1.507,4.877,14.230,23.483,29.481,33.121,29.006,26.615,24.104
-1.055,-1.481,-2.868,-4.384,-4.075,1.576,11.982,18.095,17.602,12.751,10.676,9.606,4.186,0.867,0.783,1.886,5.191,14.432,23.622,29.648,33.326,29.196,26.767,24.280
-0.511,-0.974,-2.306,-3.779,-3.473,2.129,12.417,18.445,17.983,13.222,11.196,10.175,4.809,1.494,1.386,2.488,5.743,14.843,23.899,29.840,33.491,29.484,27.075,24.636
-0.323,-0.844,-2.128,-3.575,-3.271,2.343,12.601,18.609,18.164,13.455,11.470,10.495,5.156,1.827,1.724,2.859,6.081,15.041,24.035,29.979,33.635,29.733,27.321,24.898
0.020,-0.528,-1.780,-3.200,-2.905,2.671,12.879,18.834,18.417,13.759,11.773,10.819,5.496,2.156,2.007,3.120,6.321,15.272,24.219,30.123,33.786,29.917,27.499,25.105
0.536,-0.006,-1.262,-2.691,-2.397,3.139,13.256,19.186,18.750,14.114,12.146,11.187,5.935,2.657,2.558,3.684,6.850,15.651,24.529,30.433,34.061,30.204,27.808,25.411
1.012,0.464,-0.786,-2.211,-1.933,3.528,13.546,19.419,18.986,14.393,12.402,11.432,6.244,3.014,2.906,4.003,7.135,15.872,24.700,30.596,34.216,30.328,27.930,25.546
1.360,0.715,-0.484,-1.900,-1.644,3.783,13.706,19.549,19.121,14.603,12.616,11.673,6.591,3.410,3.338,4.469,7.527,15.994,24.754,30.747,34.399,30.552,28.125,25.736
1.667,1.085,-0.146,-1.572,-1.304,4.110,14.016,19.853,19.409,14.867,12.892,11.931,6.840,3.675,3.615,4.734,7.809,16.326,25.068,30.995,34.599,30.741,28.350,25.965
1.874,1.241,0.040,-1.377,-1.120,4.273,14.133,19.949,19.513,15.014,13.039,12.095,7.051,3.903,3.848,4.978,8.016,16.416,25.124,31.091,34.714,30.879,28.471,26.089
2.436,1.816,0.595,-0.836,-0.599,4.701,14.455,20.223,19.774,15.298,13.273,12.288,7.322,4.251,4.201,5.292,8.298,16.652,25.335,31.323,34.940,31.006,28.592,26.207
2.644,2.039,0.808,-0.632,-0.391,4.903,14.628,20.396,19.932,15.452,13.444,12.455,7.514,4.471,4.456,5.560,8.557,16.846,25.501,31.485,35.076,31.152,28.757,26.366
2.803,2.116,0.940,-0.474,-0.247,5.035,14.722,20.460,20.023,15.608,13.605,12.654,7.750,4.698,4.664,5.781,8.737,16.905,25.519,31.541,35.171,31.306,28.881,26.504
2.971,2.312,1.135,-0.271,-0.032,5.255,14.926,20.651,20.213,15.799,13.833,12.894,7.983,4.925,4.898,6.021,8.982,17.144,25.715,31.668,35.257,31.447,29.054,26.692
3.106,2.402,1.258,-0.130,0.104,5.393,15.053,20.763,20.343,15.964,14.008,13.095,8.195,5.121,5.078,6.210,9.152,17.259,25.808,31.772,35.382,31.618,29.211,26.860
3.329,2.593,1.469,0.095,0.309,5.551,15.172,20.841,20.443,16.103,14.110,13.195,8.318,5.248,5.160,6.259,9.181,17.300,25.845,31.823,35.465,31.667,29.232,26.893
3.592,2.825,1.711,0.329,0.537,5.759,15.324,20.987,20.577,16.261,14.272,13.360,8.546,5.522,5.476,6.599,9.484,17.448,25.956,31.987,35.629,31.839,29.399,27.050
3.655,2.829,1.745,0.365,0.568,5.809,15.361,21.035,20.624,16.333,14.365,13.478,8.704,5.691,5.683,6.848,9.701,17.503,25.987,32.086,35.747,32.007,29.552,27.193
3.840,3.034,1.954,0.589,0.796,6.024,15.555,21.201,20.801,16.523,14.570,13.691,8.905,5.879,5.846,6.996,9.853,17.695,26.146,32.176,35.814,32.104,29.668,27.331
4.015,3.197,2.134,0.784,0.985,6.188,15.695,21.309,20.927,16.676,14.716,13.846,9.064,6.028,5.962,7.091,9.940,17.799,26.232,32.236,35.881,32.181,29.738,27.418
4.164,3.350,2.285,0.938,1.136,6.325,15.825,21.428,21.050,16.803,14.832,13.956,9.173,6.137,6.054,7.169,10.019,17.909,26.345,32.340,35.989,32.271,29.825,27.509
4.294,3.541,2.422,1.035,1.248,6.464,15.985,21.642,21.216,16.905,14.945,14.036,9.255,6.261,6.257,7.398,10.269,18.138,26.598,32.613,36.219,32.461,30.047,27.697
4.458,3.739,2.602,1.209,1.429,6.643,16.168,21.827,21.393,17.064,15.108,14.188,9.393,6.402,6.400,7.534,10.419,18.333,26.795,32.778,36.364,32.594,30.196,27.847
4.637,3.887,2.790,1.430,1.647,6.842,16.322,21.933,21.528,17.253,15.321,14.437,9.655,6.643,6.598,7.692,10.525,18.405,26.824,32.799,36.382,32.690,30.291,27.978
4.789,3.958,2.906,1.568,1.755,6.907,16.369,21.939,21.574,17.356,15.367,14.493,9.732,6.704,6.608,7.737,10.599,18.468,26.866,32.819,36.479,32.749,30.295,27.986
5.041,4.230,3.172,1.839,2.023,7.139,16.567,22.107,21.747,17.539,15.538,14.654,9.899,6.880,6.751,7.818,10.650,18.572,26.975,32.928,36.575,32.825,30.375,28.082
5.216,4.408,3.361,2.045,2.226,7.320,16.725,22.231,21.888,17.702,15.700,14.824,10.063,7.030,6.864,7.907,10.739,18.702,27.083,32.986,36.628,32.892,30.445,28.174
5.425,4.606,3.553,2.224,2.397,7.475,16.856,22.366,22.011,17.826,15.808,14.918,10.192,7.192,7.051,8.099,10.914,18.817,27.202,33.154,36.805,33.033,30.576,28.290
5.522,4.680,3.642,2.317,2.491,7.575,16.946,22.457,22.102,17.933,15.930,15.055,10.346,7.349,7.221,8.288,11.089,18.919,27.283,33.252,36.906,33.168,30.710,28.424
5.617,4.765,3.738,2.420,2.595,7.685,17.050,22.555,22.206,18.048,16.059,15.196,10.489,7.485,7.357,8.431,11.226,19.030,27.378,33.338,36.991,33.283,30.827,28.547
5.789,4.952,3.904,2.570,2.739,7.807,17.158,22.667,22.304,18.132,16.117,15.228,10.539,7.566,7.451,8.514,11.308,19.119,27.484,33.471,37.123,33.354,30.895,28.601
6.037,5.252,4.164,2.807,2.979,8.020,17.349,22.860,22.473,18.273,16.240,15.315,10.639,7.705,7.613,8.659,11.463,19.305,27.679,33.655,37.280,33.445,31.003,28.697
6.311,5.552,4.447,3.083,3.250,8.251,17.542,23.032,22.638,18.438,16.385,15.438,10.780,7.873,7.775,8.795,11.596,19.464,27.832,33.792,37.404,33.521,31.085,28.781
6.434,5.658,4.560,3.196,3.361,8.363,17.643,23.134,22.739,18.547,16.497,15.555,10.914,8.015,7.930,8.961,11.751,19.567,27.925,33.907,37.524,33.650,31.210,28.902
6.534,5.730,4.638,3.265,3.424,8.433,17.715,23.222,22.821,18.631,16.573,15.630,11.010,8.126,8.062,9.111,11.887,19.638,28.008,34.051,37.687,33.802,31.346,29.023
6.699,5.912,4.798,3.411,3.562,8.545,17.819,23.326,22.914,18.711,16.619,15.647,11.038,8.179,8.115,9.142,11.922,19.710,28.107,34.171,37.813,33.855,31.391,29.058
6.865,6.069,4.959,3.575,3.720,8.685,17.942,23.435,23.029,18.837,16.732,15.757,11.160,8.306,8.231,9.247,12.019,19.807,28.202,34.271,37.921,33.949,31.477,29.147
6.963,6.155,5.046,3.657,3.798,8.759,18.007,23.505,23.094,18.905,16.794,15.816,11.237,8.397,8.334,9.358,12.120,19.867,28.263,34.364,38.022,34.039,31.560,29.221
7.078,6.311,5.172,3.764,3.913,8.880,18.139,23.657,23.225,19.003,16.892,15.893,11.306,8.483,8.446,9.471,12.250,20.025,28.436,34.530,38.166,34.152,31.690,29.339
7.197,6.467,5.283,3.836,3.992,8.977,18.255,23.823,23.349,19.074,16.955,15.922,11.347,8.568,8.598,9.644,12.434,20.181,28.629,34.776,38.394,34.319,31.869,29.481
7.451,6.718,5.537,4.091,4.240,9.195,18.431,23.977,23.503,19.244,17.118,16.080,11.533,8.776,8.805,9.842,12.617,20.332,28.757,34.901,38.515,34.428,31.979,29.595
7.564,6.828,5.650,4.205,4.355,9.303,18.523,24.062,23.588,19.337,17.217,16.182,11.647,8.897,8.933,9.973,12.741,20.425,28.834,34.976,38.585,34.508,32.062,29.680
7.695,6.964,5.802,4.379,4.533,9.473,18.669,24.177,23.718,19.492,17.397,16.383,11.841,9.072,9.085,10.117,12.883,20.573,28.938,35.011,38.600,34.581,32.152,29.795
7.843,7.105,5.959,4.550,4.707,9.647,18.829,24.319,23.872,19.665,17.591,16.595,12.051,9.269,9.269,10.304,13.064,20.739,29.071,35.110,38.689,34.718,32.297,29.956
7.924,7.148,6.032,4.641,4.793,9.728,18.893,24.363,23.933,19.761,17.695,16.723,12.191,9.396,9.380,10.419,13.160,20.787,29.094,35.135,38.730,34.800,32.368,30.039
8.051,7.247,6.150,4.770,4.911,9.828,18.981,24.432,24.019,19.870,17.787,16.821,12.296,9.493,9.447,10.472,13.202,20.835,29.143,35.196,38.816,34.879,32.426,30.106
8.207,7.408,6.310,4.929,5.073,9.988,19.125,24.572,24.153,20.008,17.937,16.973,12.459,9.666,9.635,10.668,13.393,20.990,29.278,35.322,38.928,35.006,32.564,30.244
8.343,7.514,6.439,5.069,5.207,10.108,19.209,24.634,24.225,20.112,18.049,17.100,12.614,9.827,9.793,10.831,13.532,21.059,29.312,35.362,38.973,35.082,32.634,30.324
8.451,7.585,6.546,5.199,5.336,10.238,19.309,24.709,24.318,20.247,18.214,17.301,12.831,10.031,9.990,11.043,13.721,21.164,29.364,35.396,39.007,35.195,32.749,30.457
8.614,7.758,6.716,5.370,5.508,10.398,19.453,24.843,24.451,20.383,18.352,17.437,12.974,10.180,10.140,11.188,13.865,21.305,29.491,35.506,39.105,35.295,32.857,30.568
8.740,7.879,6.840,5.497,5.633,10.520,19.575,24.960,24.572,20.510,18.474,17.560,13.095,10.298,10.247,11.291,13.967,21.417,29.605,35.620,39.226,35.413,32.970,30.684
8.826,7.987,6.930,5.577,5.716,10.606,19.673,25.071,24.673,20.590,18.548,17.620,13.146,10.355,10.312,11.352,14.039,21.522,29.729,35.743,39.342,35.503,33.065,30.772
8.915,8.040,7.005,5.659,5.791,10.675,19.728,25.117,24.727,20.668,18.625,17.709,13.256,10.465,10.421,11.467,14.137,21.562,29.756,35.798,39.415,35.592,33.139,30.848
9.066,8.159,7.149,5.821,5.941,10.800,19.831,25.188,24.821,20.797,18.738,17.834,13.389,10.587,10.502,11.530,14.184,21.616,29.799,35.839,39.480,35.661,33.188,30.912
9.182,8.242,7.258,5.948,6.061,10.910,19.928,25.263,24.917,20.925,18.863,17.977,13.536,10.717,10.602,11.622,14.264,21.685,29.855,35.893,39.554,35.759,33.271,31.009
9.269,8.356,7.360,6.045,6.172,11.047,20.083,25.436,25.079,21.065,19.032,18.148,13.690,10.866,10.774,11.811,14.467,21.890,30.052,36.061,39.695,35.929,33.465,31.201
9.337,8.404,7.428,6.129,6.252,11.128,20.171,25.510,25.171,21.176,19.143,18.274,13.804,10.955,10.833,11.863,14.517,21.962,30.121,36.117,39.765,36.023,33.549,31.298
9.545,8.655,7.661,6.361,6.492,11.359,20.398,25.727,25.386,21.376,19.348,18.470,13.980,11.128,10.996,12.008,14.679,22.195,30.348,36.286,39.906,36.157,33.704,31.462
9.698,8.780,7.793,6.494,6.612,11.469,20.518,25.847,25.514,21.512,19.451,18.567,14.082,11.228,11.077,12.078,14.743,22.275,30.459,36.443,40.099,36.310,33.829,31.581
9.917,9.043,8.035,6.730,6.856,11.702,20.743,26.066,25.725,21.706,19.649,18.752,14.256,11.408,11.257,12.243,14.923,22.508,30.686,36.621,40.248,36.446,33.987,31.744
10.110,9.233,8.223,6.917,7.036,11.864,20.894,26.208,25.870,21.855,19.778,18.871,14.383,11.542,11.379,12.351,15.027,22.630,30.817,36.763,40.401,36.567,34.098,31.854
10.209,9.325,8.316,7.008,7.127,11.960,20.989,26.309,25.967,21.953,19.880,18.975,14.495,11.661,11.511,12.493,15.164,22.733,30.917,36.879,40.517,36.690,34.220,31.971
10.403,9.498,8.499,7.192,7.304,12.124,21.137,26.449,26.110,22.111,20.028,19.125,14.664,11.839,11.687,12.668,15.326,22.860,31.041,37.027,40.679,36.844,34.362,32.112
10.527,9.601,8.614,7.314,7.419,12.238,21.258,26.565,26.238,22.250,20.155,19.256,14.791,11.953,11.781,12.755,15.410,22.960,31.152,37.154,40.827,36.987,34.488,32.242
10.685,9.819,8.785,7.456,7.574,12.408,21.452,26.796,26.436,22.393,20.299,19.369,14.891,12.077,11.948,12.928,15.609,23.198,31.418,37.415,41.055,37.170,34.697,32.429
10.886,10.036,8.996,7.665,7.787,12.618,21.646,26.987,26.620,22.575,20.494,19.564,15.093,12.290,12.174,13.159,15.839,23.407,31.607,37.584,41.205,37.332,34.874,32.607
11.029,10.171,9.137,7.810,7.929,12.750,21.762,27.091,26.729,22.696,20.613,19.685,15.224,12.423,12.301,13.282,15.954,23.510,31.699,37.675,41.298,37.428,34.967,32.705
11.152,10.231,9.241,7.938,8.044,12.855,21.854,27.156,26.823,22.838,20.749,19.849,15.400,12.578,12.419,13.398,16.046,23.560,31.734,37.733,41.395,37.559,35.068,32.821
11.289,10.353,9.372,8.071,8.177,12.993,21.989,27.293,26.961,22.984,20.902,20.009,15.568,12.746,12.594,13.583,16.223,23.700,31.867,37.879,41.545,37.726,35.232,32.984
11.482,10.518,9.556,8.264,8.363,13.166,22.133,27.420,27.095,23.146,21.066,20.186,15.770,12.954,12.801,13.794,16.414,23.828,31.969,37.993,41.667,37.869,35.367,33.125
11.669,10.683,9.742,8.462,8.558,13.356,22.305,27.575,27.261,23.337,21.267,20.404,15.999,13.177,13.015,14.012,16.619,23.993,32.108,38.126,41.804,38.040,35.536,33.303
11.912,10.982,10.015,8.731,8.841,13.634,22.572,27.837,27.512,23.567,21.517,20.643,16.224,13.408,13.255,14.244,16.868,24.289,32.384,38.332,41.965,38.207,35.738,33.513
12.046,11.089,10.164,8.916,9.030,13.837,22.768,28.003,27.708,23.804,21.795,20.967,16.529,13.667,13.478,14.473,17.090,24.497,32.540,38.422,42.050,38.398,35.937,33.746
12.180,11.188,10.290,9.057,9.169,13.979,22.904,28.126,27.847,23.970,21.972,21.167,16.736,13.858,13.657,14.661,17.263,24.626,32.649,38.537,42.179,38.571,36.099,33.917
12.393,11.351,10.489,9.274,9.373,14.155,23.027,28.212,27.952,24.127,22.128,21.344,16.953,14.082,13.865,14.868,17.436,24.709,32.690,38.592,42.253,38.676,36.188,34.020
12.558,11.480,10.622,9.387,9.485,14.296,23.170,28.396,28.112,24.281,22.295,21.514,17.165,14.328,14.181,15.236,17.780,24.892,32.875,38.873,42.546,38.979,36.482,34.283
12.834,11.733,10.899,9.687,9.777,14.566,23.426,28.618,28.360,24.563,22.567,21.801,17.447,14.587,14.392,15.424,17.961,25.106,33.075,39.050,42.740,39.188,36.677,34.500
13.107,12.006,11.180,9.978,10.066,14.834,23.669,28.834,28.587,24.808,22.812,22.050,17.701,14.838,14.622,15.640,18.171,25.326,33.274,39.219,42.905,39.362,36.853,34.690
13.351,12.318,11.445,10.215,10.321,15.119,23.983,29.190,28.908,25.069,23.092,22.306,17.936,15.091,14.927,15.960,18.521,25.708,33.675,39.598,43.239,39.676,37.204,35.021
13.894,12.935,12.006,10.742,10.851,15.601,24.404,29.608,29.284,25.413,23.421,22.585,18.256,15.488,15.374,16.392,18.954,26.129,34.081,39.988,43.575,39.930,37.493,35.293
14.242,13.328,12.374,11.095,11.218,15.971,24.749,29.961,29.611,25.720,23.758,22.912,18.598,15.860,15.795,16.829,19.395,26.523,34.442,40.316,43.854,40.224,37.825,35.618
14.444,13.488,12.563,11.303,11.416,16.166,24.954,30.150,29.825,25.962,23.989,23.160,18.839,16.073,15.968,16.993,19.550,26.692,34.618,40.506,44.079,40.463,38.038,35.843
14.661,13.657,12.789,11.575,11.693,16.480,25.306,30.481,30.205,26.383,24.445,23.676,19.302,16.450,16.279,17.308,19.869,27.054,34.957,40.786,44.380,40.884,38.448,36.291
14.982,14.127,13.118,11.804,11.947,16.784,25.702,31.010,30.628,26.635,24.669,23.792,19.393,16.626,16.593,17.646,20.277,27.558,35.589,41.491,45.026,41.340,38.949,36.704
15.555,14.723,13.678,12.326,12.469,17.293,26.177,31.511,31.087,27.066,25.091,24.179,19.834,17.139,17.183,18.257,20.875,28.051,36.084,42.050,45.565,41.818,39.438,37.159
16.023,15.232,14.161,12.803,12.950,17.774,26.692,32.034,31.609,27.556,25.562,24.629,20.245,17.536,17.558,18.605,21.254,28.560,36.634,42.569,46.078,42.284,39.909,37.630
16.478,15.762,14.633,13.241,13.406,18.273,27.268,32.672,32.213,28.077,26.080,25.111,20.674,17.966,18.022,19.074,21.773,29.198,37.339,43.269,46.751,42.898,40.547,38.240
17.059,16.463,15.194,13.694,13.874,18.805,27.947,33.510,32.953,28.632,26.563,25.475,20.991,18.351,18.524,19.591,22.370,29.954,38.297,44.372,47.847,43.744,41.396,38.986
18.116,17.659,16.269,14.695,14.877,19.759,28.895,34.498,33.870,29.442,27.300,26.099,21.626,19.083,19.315,20.336,23.158,30.888,39.317,45.410,48.837,44.505,42.186,39.726
20.142,19.840,18.282,16.604,16.759,21.542,30.734,36.394,35.698,31.113,28.758,27.364,22.870,20.432,20.652,21.542,24.441,32.581,41.259,47.466,50.925,46.117,43.759,41.217
