5.447,3.917,4.768,5.234,5.775,9.933,23.005,36.938,38.592,34.607,28.066,22.393,13.815,9.558,4.585,2.314,3.920,9.265,10.028,4.677,2.236,-3.292,-4.803,-10.654
13.734,12.468,12.782,13.345,14.439,17.884,29.166,41.496,44.536,40.746,34.579,29.327,21.648,16.521,12.715,10.513,12.308,17.263,18.644,15.126,10.692,6.040,4.696,-1.604
16.477,15.471,16.545,17.322,17.648,20.622,31.381,42.305,46.150,42.335,36.561,31.694,24.089,18.950,15.038,13.970,14.871,19.454,20.780,17.984,13.431,9.556,7.797,1.463
18.050,17.281,18.472,19.170,19.551,22.391,32.783,43.212,47.266,43.431,37.896,33.210,25.779,20.372,16.641,15.730,16.405,20.786,22.272,19.926,15.246,11.642,9.821,3.471
18.763,18.051,19.253,19.936,20.331,23.113,33.341,43.578,47.686,43.871,38.420,33.804,26.464,21.015,17.360,16.495,17.120,21.429,22.950,20.746,16.023,12.514,10.690,4.359
19.477,18.728,19.690,20.330,20.946,23.744,33.832,44.153,48.163,44.411,38.951,34.326,27.121,21.657,18.166,17.053,17.902,22.223,23.794,21.606,16.771,13.194,11.500,5.198
20.026,19.260,20.264,20.919,21.448,24.224,34.270,44.498,48.434,44.722,39.308,34.725,27.556,22.226,18.704,17.656,18.460,22.746,24.250,22.007,17.312,13.760,12.063,5.853
20.468,19.673,20.799,21.536,21.866,24.571,34.597,44.650,48.696,44.998,39.597,35.048,27.854,22.636,19.037,18.196,18.881,23.146,24.574,22.344,17.664,14.204,12.440,6.241
20.791,19.999,21.172,21.945,22.204,24.855,34.820,44.742,48.884,45.193,39.814,35.295,28.113,22.905,19.308,18.566,19.194,23.434,24.853,22.694,17.959,14.571,12.778,6.565
21.135,20.338,21.540,22.306,22.519,25.172,35.122,45.006,49.053,45.388,40.047,35.556,28.399,23.289,19.664,18.947,19.545,23.760,25.130,22.910,18.318,14.930,13.140,7.008
21.441,20.579,21.698,22.490,22.717,25.364,35.282,45.195,49.209,45.587,40.216,35.713,28.592,23.564,19.965,19.193,19.874,24.030,25.390,23.156,18.568,15.151,13.406,7.299
21.494,20.776,22.111,22.832,22.983,25.652,35.632,45.448,49.417,45.727,40.465,36.020,28.846,23.738,20.052,19.420,19.883,24.120,25.459,23.189,18.770,15.416,13.573,7.506
21.676,21.018,22.395,23.095,23.264,25.922,35.882,45.645,49.680,45.959,40.725,36.296,29.117,23.908,20.239,19.639,20.035,24.155,25.576,23.434,19.004,15.692,13.820,7.714
21.725,21.128,22.606,23.283,23.410,26.074,36.071,45.793,49.837,46.079,40.884,36.474,29.259,24.002,20.291,19.763,20.053,24.167,25.576,23.460,19.106,15.826,13.904,7.796
21.882,21.258,22.669,23.350,23.524,26.191,36.173,45.937,49.979,46.235,41.014,36.587,29.390,24.134,20.455,19.868,20.227,24.349,25.777,23.655,19.243,15.938,14.047,7.929
22.071,21.449,22.842,23.520,23.708,26.368,36.312,46.051,50.087,46.354,41.146,36.731,29.560,24.309,20.652,20.054,20.423,24.536,25.967,23.860,19.441,16.145,14.265,8.158
22.259,21.621,23.039,23.741,23.875,26.516,36.452,46.149,50.202,46.479,41.273,36.867,29.694,24.488,20.811,20.263,20.610,24.718,26.122,24.007,19.600,16.323,14.431,8.335
22.462,21.800,23.258,23.986,24.038,26.662,36.595,46.240,50.270,46.568,41.374,36.985,29.813,24.703,20.987,20.501,20.813,24.911,26.263,24.103,19.771,16.510,14.606,8.555
22.554,21.948,23.493,24.206,24.211,26.816,36.720,46.257,50.307,46.591,41.456,37.108,29.940,24.807,21.075,20.674,20.883,24.934,26.292,24.187,19.913,16.712,14.766,8.732
22.673,22.066,23.576,24.273,24.322,26.941,36.844,46.420,50.435,46.723,41.584,37.230,30.074,24.932,21.219,20.767,21.012,25.067,26.435,24.319,20.048,16.823,14.898,8.870
22.774,22.195,23.744,24.433,24.463,27.075,36.965,46.494,50.517,46.797,41.686,37.350,30.196,25.040,21.320,20.905,21.103,25.136,26.509,24.418,20.175,16.977,15.033,9.012
22.968,22.348,23.890,24.615,24.595,27.180,37.040,46.525,50.563,46.871,41.752,37.423,30.286,25.206,21.480,21.099,21.308,25.344,26.678,24.569,20.316,17.132,15.194,9.191
23.139,22.512,24.017,24.735,24.741,27.325,37.150,46.630,50.631,46.959,41.850,37.529,30.426,25.369,21.669,21.253,21.493,25.523,26.854,24.738,20.496,17.304,15.390,9.414
23.286,22.674,24.179,24.872,24.902,27.505,37.339,46.843,50.792,47.118,42.023,37.705,30.606,25.545,21.844,21.401,21.641,25.663,26.999,24.865,20.676,17.469,15.560,9.605
23.369,22.803,24.314,24.969,25.044,27.658,37.473,46.966,50.891,47.204,42.143,37.840,30.759,25.642,21.965,21.499,21.719,25.718,27.087,24.987,20.824,17.623,15.715,9.767
23.456,22.896,24.396,25.047,25.137,27.748,37.544,47.028,50.958,47.273,42.217,37.919,30.849,25.718,22.057,21.581,21.808,25.802,27.182,25.100,20.920,17.724,15.821,9.870
23.582,23.018,24.505,25.161,25.255,27.856,37.628,47.094,51.038,47.360,42.305,38.011,30.955,25.826,22.179,21.702,21.938,25.930,27.311,25.244,21.040,17.853,15.955,10.003
23.707,23.142,24.630,25.282,25.371,27.970,37.727,47.177,51.089,47.422,42.383,38.100,31.059,25.958,22.312,21.835,22.068,26.049,27.419,25.338,21.174,17.988,16.095,10.170
23.755,23.201,24.712,25.357,25.437,28.047,37.832,47.297,51.200,47.522,42.483,38.197,31.138,26.028,22.363,21.896,22.108,26.089,27.459,25.368,21.231,18.041,16.137,10.211
23.939,23.373,24.919,25.589,25.600,28.180,37.929,47.308,51.221,47.562,42.546,38.285,31.243,26.200,22.517,22.118,22.292,26.254,27.587,25.495,21.393,18.239,16.322,10.427
24.078,23.508,25.076,25.752,25.724,28.294,38.027,47.365,51.254,47.610,42.612,38.369,31.338,26.347,22.650,22.283,22.434,26.381,27.688,25.507,21.529,18.389,16.466,10.607
24.164,23.634,25.202,25.870,25.853,28.412,38.104,47.400,51.292,47.652,42.678,38.453,31.447,26.443,22.757,22.404,22.480,26.409,27.694,25.578,21.661,18.524,16.539,10.717
24.188,23.653,25.365,26.002,25.902,28.521,38.368,47.696,51.521,47.873,42.907,38.668,31.556,26.565,22.767,22.463,22.544,26.472,27.790,25.712,21.678,18.541,16.621,10.770
24.445,23.871,25.440,26.107,26.071,28.646,38.388,47.764,51.566,47.894,42.916,38.687,31.676,26.736,23.033,22.660,22.808,26.742,28.027,25.880,21.909,18.762,16.849,11.037
24.553,24.011,25.590,26.228,26.219,28.810,38.538,47.878,51.670,48.031,43.073,38.850,31.842,26.870,23.170,22.779,22.912,26.833,28.135,25.994,22.063,18.911,16.997,11.194
24.656,24.123,25.716,26.355,26.331,28.907,38.600,47.887,51.682,48.051,43.117,38.914,31.925,26.963,23.270,22.903,23.015,26.916,28.215,26.094,22.176,19.048,17.130,11.343
24.759,24.225,25.795,26.428,26.424,28.999,38.665,47.945,51.725,48.105,43.177,38.980,32.013,27.057,23.384,22.996,23.126,27.022,28.324,26.208,22.288,19.158,17.254,11.478
24.804,24.298,25.867,26.482,26.512,29.090,38.749,48.028,51.824,48.190,43.272,39.077,32.112,27.098,23.444,23.042,23.165,27.054,28.387,26.310,22.364,19.242,17.334,11.540
24.925,24.419,25.998,26.612,26.623,29.196,38.834,48.082,51.849,48.228,43.329,39.150,32.203,27.226,23.568,23.180,23.290,27.164,28.480,26.390,22.492,19.377,17.471,11.709
25.026,24.510,26.082,26.708,26.711,29.271,38.888,48.115,51.903,48.289,43.389,39.213,32.274,27.306,23.657,23.278,23.394,27.268,28.581,26.503,22.578,19.474,17.570,11.805
25.179,24.641,26.194,26.827,26.825,29.384,38.996,48.230,51.989,48.392,43.487,39.310,32.384,27.461,23.810,23.419,23.558,27.436,28.728,26.619,22.714,19.599,17.709,11.965
25.234,24.712,26.286,26.918,26.907,29.461,39.071,48.282,52.067,48.460,43.563,39.392,32.459,27.512,23.860,23.491,23.605,27.476,28.778,26.694,22.778,19.679,17.775,12.020
25.320,24.815,26.403,27.028,27.017,29.563,39.150,48.328,52.122,48.513,43.634,39.476,32.554,27.592,23.948,23.593,23.687,27.543,28.853,26.796,22.882,19.802,17.892,12.139
25.444,24.918,26.526,27.170,27.108,29.643,39.229,48.377,52.155,48.562,43.687,39.538,32.618,27.722,24.054,23.735,23.813,27.666,28.939,26.849,22.981,19.907,17.993,12.269
25.540,25.036,26.689,27.329,27.239,29.768,39.357,48.469,52.257,48.654,43.799,39.663,32.733,27.830,24.144,23.868,23.897,27.733,29.007,26.932,23.093,20.042,18.105,12.385
25.652,25.128,26.779,27.434,27.321,29.848,39.445,48.560,52.343,48.748,43.883,39.744,32.810,27.943,24.244,23.977,24.013,27.857,29.111,27.011,23.180,20.124,18.189,12.477
25.753,25.226,26.883,27.540,27.422,29.954,39.570,48.701,52.487,48.887,44.014,39.867,32.920,28.050,24.341,24.077,24.111,27.962,29.214,27.106,23.275,20.213,18.273,12.554
25.840,25.333,26.989,27.634,27.534,30.059,39.642,48.742,52.533,48.933,44.080,39.947,33.020,28.126,24.438,24.172,24.197,28.032,29.300,27.225,23.388,20.341,18.403,12.686
25.913,25.412,27.016,27.644,27.611,30.144,39.706,48.837,52.625,49.025,44.167,40.027,33.120,28.182,24.537,24.208,24.280,28.119,29.418,27.367,23.480,20.419,18.505,12.773
26.071,25.547,27.072,27.692,27.724,30.271,39.816,49.006,52.759,49.176,44.298,40.142,33.262,28.326,24.720,24.307,24.459,28.316,29.625,27.556,23.634,20.536,18.663,12.934
26.155,25.632,27.187,27.815,27.811,30.353,39.907,49.075,52.831,49.248,44.375,40.225,33.335,28.420,24.792,24.414,24.538,28.390,29.684,27.606,23.712,20.624,18.737,13.017
26.225,25.715,27.275,27.896,27.903,30.444,39.993,49.153,52.923,49.332,44.466,40.318,33.428,28.485,24.865,24.488,24.603,28.451,29.759,27.703,23.795,20.715,18.824,13.093
26.293,25.803,27.380,27.984,28.003,30.559,40.138,49.324,53.082,49.474,44.610,40.458,33.550,28.579,24.947,24.564,24.664,28.511,29.831,27.771,23.886,20.797,18.897,13.160
26.396,25.888,27.431,28.033,28.075,30.644,40.233,49.464,53.194,49.594,44.714,40.549,33.643,28.686,25.060,24.638,24.776,28.638,29.954,27.866,23.980,20.864,18.983,13.250
26.501,25.974,27.497,28.099,28.148,30.731,40.342,49.616,53.307,49.714,44.820,40.644,33.735,28.806,25.173,24.723,24.889,28.763,30.065,27.935,24.074,20.931,19.063,13.344
26.628,26.106,27.594,28.184,28.278,30.863,40.448,49.732,53.419,49.830,44.938,40.761,33.873,28.919,25.318,24.828,25.023,28.897,30.219,28.108,24.217,21.068,19.217,13.493
26.717,26.200,27.695,28.279,28.372,30.966,40.568,49.867,53.536,49.942,45.052,40.873,33.978,29.025,25.414,24.921,25.110,28.984,30.304,28.179,24.314,21.157,19.304,13.587
26.798,26.281,27.772,28.356,28.456,31.048,40.648,49.947,53.627,50.032,45.138,40.958,34.063,29.099,25.494,24.997,25.191,29.067,30.393,28.277,24.394,21.238,19.386,13.661
26.891,26.376,27.864,28.453,28.556,31.140,40.727,50.012,53.722,50.125,45.229,41.049,34.156,29.174,25.580,25.089,25.283,29.159,30.494,28.403,24.483,21.338,19.484,13.742
26.994,26.499,27.973,28.540,28.684,31.280,40.863,50.167,53.864,50.259,45.370,41.190,34.304,29.283,25.707,25.183,25.386,29.257,30.616,28.541,24.617,21.464,19.618,13.871
27.100,26.602,28.092,28.655,28.783,31.390,40.998,50.319,53.979,50.374,45.488,41.306,34.411,29.416,25.818,25.298,25.491,29.363,30.705,28.593,24.725,21.560,19.710,13.984
27.231,26.726,28.223,28.788,28.898,31.506,41.116,50.431,54.062,50.466,45.586,41.410,34.518,29.561,25.950,25.438,25.625,29.493,30.817,28.678,24.854,21.686,19.837,14.135
27.340,26.840,28.315,28.874,29.014,31.621,41.215,50.534,54.176,50.579,45.698,41.520,34.639,29.655,26.066,25.532,25.737,29.606,30.946,28.830,24.971,21.802,19.962,14.248
27.434,26.967,28.424,28.958,29.166,31.788,41.392,50.751,54.431,50.805,45.915,41.723,34.831,29.740,26.182,25.605,25.822,29.698,31.095,29.033,25.100,21.925,20.085,14.320
27.506,27.074,28.555,29.061,29.292,31.936,41.576,50.966,54.630,50.979,46.098,41.902,34.988,29.845,26.277,25.689,25.882,29.753,31.173,29.116,25.214,22.030,20.177,14.402
27.630,27.191,28.670,29.174,29.402,32.056,41.714,51.128,54.765,51.116,46.230,42.029,35.109,29.986,26.406,25.810,26.008,29.885,31.294,29.208,25.335,22.136,20.287,14.523
27.766,27.333,28.781,29.265,29.536,32.203,41.850,51.289,54.885,51.242,46.362,42.161,35.261,30.130,26.571,25.927,26.153,30.028,31.447,29.354,25.496,22.279,20.449,14.700
27.969,27.489,28.888,29.405,29.670,32.314,41.924,51.328,54.973,51.358,46.455,42.248,35.371,30.285,26.749,26.095,26.373,30.263,31.665,29.569,25.644,22.427,20.620,14.868
28.105,27.604,28.993,29.544,29.784,32.394,41.959,51.350,55.025,51.422,46.510,42.309,35.444,30.367,26.847,26.227,26.513,30.404,31.802,29.748,25.738,22.553,20.745,14.969
28.253,27.750,29.121,29.666,29.923,32.536,42.091,51.469,55.149,51.552,46.641,42.440,35.587,30.514,27.006,26.364,26.667,30.558,31.958,29.900,25.892,22.699,20.902,15.134
28.352,27.862,29.241,29.772,30.046,32.676,42.267,51.684,55.359,51.744,46.826,42.614,35.739,30.633,27.115,26.460,26.758,30.657,32.070,30.006,26.005,22.798,20.995,15.213
28.501,27.977,29.339,29.893,30.149,32.778,42.384,51.825,55.508,51.902,46.957,42.729,35.845,30.773,27.245,26.589,26.913,30.832,32.226,30.133,26.111,22.891,21.094,15.306
28.591,28.082,29.441,29.978,30.263,32.909,42.539,52.017,55.690,52.070,47.121,42.884,35.988,30.879,27.353,26.671,26.999,30.923,32.335,30.243,26.223,22.987,21.191,15.391
28.769,28.237,29.580,30.145,30.413,33.035,42.637,52.046,55.779,52.198,47.237,42.999,36.112,31.017,27.503,26.839,27.183,31.113,32.519,30.448,26.363,23.144,21.350,15.534
28.978,28.428,29.730,30.308,30.582,33.170,42.676,52.084,55.807,52.207,47.265,43.053,36.228,31.173,27.706,27.037,27.411,31.323,32.721,30.683,26.560,23.369,21.601,15.809
29.130,28.573,29.890,30.475,30.725,33.316,42.843,52.220,55.941,52.369,47.424,43.209,36.371,31.339,27.850,27.198,27.560,31.475,32.858,30.795,26.702,23.506,21.731,15.947
29.244,28.701,30.002,30.576,30.870,33.473,43.020,52.440,56.195,52.601,47.638,43.405,36.550,31.446,27.973,27.290,27.669,31.598,33.016,30.984,26.827,23.621,21.846,16.018
29.402,28.875,30.211,30.788,31.057,33.648,43.189,52.568,56.356,52.753,47.802,43.580,36.718,31.599,28.117,27.476,27.816,31.733,33.155,31.151,26.990,23.809,22.014,16.178
29.519,28.986,30.334,30.919,31.168,33.758,43.311,52.690,56.483,52.880,47.923,43.699,36.826,31.720,28.224,27.598,27.930,31.851,33.264,31.250,27.094,23.915,22.113,16.276
29.635,29.103,30.438,31.019,31.293,33.891,43.463,52.876,56.683,53.069,48.097,43.858,36.973,31.834,28.344,27.697,28.045,31.978,33.406,31.399,27.210,24.018,22.220,16.358
29.710,29.224,30.635,31.194,31.447,34.066,43.705,53.134,56.943,53.289,48.329,44.088,37.152,31.961,28.426,27.819,28.092,32.018,33.462,31.455,27.325,24.137,22.297,16.421
29.858,29.411,30.823,31.340,31.660,34.325,44.036,53.566,57.356,53.659,48.686,44.419,37.443,32.153,28.614,27.950,28.226,32.166,33.657,31.651,27.523,24.297,22.453,16.539
30.078,29.622,30.990,31.494,31.870,34.563,44.315,53.939,57.711,54.005,48.999,44.700,37.707,32.384,28.855,28.123,28.451,32.420,33.929,31.900,27.743,24.472,22.646,16.709
30.208,29.755,31.153,31.662,32.015,34.718,44.520,54.169,57.955,54.230,49.210,44.899,37.870,32.534,28.974,28.264,28.569,32.549,34.056,32.012,27.864,24.587,22.743,16.788
30.356,29.941,31.371,31.843,32.215,34.948,44.794,54.481,58.211,54.465,49.463,45.153,38.104,32.738,29.158,28.434,28.706,32.677,34.196,32.131,28.067,24.772,22.916,16.977
30.497,30.105,31.605,32.071,32.395,35.137,45.027,54.704,58.422,54.656,49.670,45.366,38.283,32.922,29.294,28.624,28.829,32.789,34.296,32.213,28.224,24.939,23.050,17.120
30.757,30.340,31.805,32.278,32.625,35.381,45.303,55.045,58.766,54.998,49.976,45.645,38.546,33.179,29.552,28.843,29.094,33.083,34.592,32.486,28.457,25.141,23.266,17.314
30.973,30.572,32.155,32.645,32.888,35.648,45.666,55.399,59.156,55.351,50.323,45.987,38.807,33.446,29.728,29.130,29.275,33.267,34.751,32.617,28.656,25.358,23.418,17.450
31.244,30.847,32.359,32.808,33.175,36.007,46.136,56.081,59.799,55.954,50.863,46.460,39.228,33.760,30.053,29.314,29.546,33.595,35.133,32.959,28.950,25.557,23.645,17.616
31.478,31.112,32.580,32.976,33.458,36.350,46.554,56.649,60.327,56.443,51.324,46.880,39.616,34.037,30.347,29.495,29.776,33.853,35.450,33.264,29.239,25.780,23.885,17.815
31.799,31.438,32.890,33.264,33.768,36.673,46.860,56.962,60.566,56.697,51.600,47.168,39.930,34.380,30.699,29.814,30.108,34.172,35.761,33.547,29.589,26.116,24.239,18.213
32.147,31.907,33.544,33.854,34.330,37.302,47.690,57.877,61.491,57.505,52.423,47.970,40.586,34.867,31.073,30.266,30.382,34.441,36.083,33.873,30.042,26.562,24.583,18.496
32.643,32.373,33.970,34.248,34.778,37.838,48.380,58.798,62.267,58.264,53.123,48.607,41.162,35.467,31.622,30.698,30.886,35.002,36.627,34.258,30.538,26.936,24.984,18.914
33.191,33.015,34.685,34.865,35.476,38.655,49.416,60.060,63.416,59.316,54.163,49.597,42.031,36.183,32.261,31.262,31.392,35.532,37.217,34.774,31.209,27.513,25.525,19.423
33.653,33.465,35.169,35.382,35.964,39.147,50.008,60.719,64.198,60.051,54.830,50.215,42.558,36.636,32.671,31.712,31.827,36.015,37.720,35.294,31.612,27.909,25.882,19.678
34.143,34.012,35.754,35.945,36.584,39.799,50.768,61.578,65.186,60.952,55.684,51.019,43.264,37.133,33.157,32.191,32.275,36.498,38.294,35.951,32.128,28.416,26.344,20.002
34.919,34.932,36.769,36.845,37.664,41.061,52.469,63.742,67.438,62.971,57.568,52.739,44.685,38.091,34.010,32.922,32.951,37.291,39.278,36.942,33.022,29.162,26.997,20.385
36.647,36.296,37.824,38.067,38.806,42.185,53.554,64.996,68.478,64.221,58.652,53.749,45.795,39.747,35.663,34.410,34.818,39.291,41.027,38.311,34.408,30.378,28.397,21.950
39.958,39.459,40.327,40.366,41.846,45.593,57.323,69.885,72.840,68.568,62.685,57.468,49.475,43.239,39.334,37.112,38.264,43.031,44.920,41.784,37.779,33.154,31.512,24.995
