10.466,8.812,7.641,5.883,7.940,11.157,22.928,28.375,24.076,17.057,10.358,7.766,4.045,2.076,-0.320,5.224,10.572,20.114,30.007,37.044,36.093,32.569,25.689,22.056
15.799,14.640,13.708,12.343,14.222,16.839,27.131,32.126,28.313,21.638,15.263,13.527,9.779,7.203,6.010,10.161,15.166,23.798,33.092,38.863,38.790,35.816,29.606,25.784
18.356,17.196,16.330,14.896,16.653,19.051,28.621,33.381,29.818,23.674,17.737,15.842,13.277,10.189,8.622,12.660,17.699,25.878,34.304,39.789,39.505,36.827,31.230,28.143
20.107,18.797,18.108,17.089,18.387,20.479,29.351,33.907,30.892,25.308,20.006,18.404,15.486,13.073,12.325,15.481,19.333,27.035,34.995,40.405,40.156,37.574,32.722,29.347
21.284,19.927,19.334,18.488,19.584,21.491,29.995,34.489,31.730,26.381,21.332,19.867,16.979,14.606,14.228,16.926,20.354,27.869,35.595,40.923,40.729,38.241,33.777,30.329
22.043,20.672,20.133,19.420,20.374,22.175,30.339,34.678,32.116,27.022,22.248,20.896,17.900,15.836,15.692,18.116,21.129,28.356,35.818,41.026,40.842,38.414,34.216,30.735
22.690,21.331,20.805,20.128,21.031,22.793,30.727,34.922,32.453,27.546,22.957,21.634,18.657,16.799,16.662,19.028,21.856,28.850,36.075,41.173,40.954,38.574,34.511,31.114
23.132,21.771,21.256,20.579,21.462,23.195,31.044,35.216,32.781,27.934,23.397,22.064,19.204,17.295,17.138,19.473,22.288,29.232,36.365,41.433,41.196,38.848,34.861,31.532
23.550,22.262,21.733,21.035,21.961,23.696,31.422,35.485,33.040,28.244,23.748,22.444,19.596,17.743,17.523,19.905,22.764,29.553,36.574,41.490,41.280,38.974,34.965,31.717
24.064,22.790,22.253,21.515,22.457,24.194,31.843,35.849,33.404,28.676,24.231,22.882,20.196,18.316,17.961,20.416,23.330,30.038,36.930,41.794,41.534,39.261,35.283,32.175
24.372,23.080,22.566,21.850,22.750,24.438,32.020,36.043,33.649,28.960,24.550,23.207,20.626,18.643,18.338,20.697,23.574,30.281,37.125,41.989,41.732,39.487,35.610,32.520
24.670,23.377,22.868,22.157,23.039,24.715,32.218,36.194,33.830,29.210,24.866,23.519,20.983,19.047,18.721,21.072,23.900,30.532,37.283,42.115,41.833,39.609,35.784,32.746
24.915,23.625,23.121,22.398,23.277,24.933,32.390,36.360,34.009,29.416,25.088,23.725,21.308,19.284,18.922,21.266,24.128,30.743,37.438,42.248,41.955,39.757,35.976,33.000
25.167,23.877,23.392,22.681,23.531,25.141,32.503,36.466,34.158,29.614,25.327,23.970,21.681,19.549,19.208,21.477,24.329,30.910,37.526,42.300,42.014,39.857,36.168,33.242
25.425,24.146,23.664,22.939,23.788,25.380,32.665,36.595,34.304,29.810,25.562,24.191,22.021,19.836,19.444,21.715,24.591,31.115,37.641,42.368,42.066,39.942,36.301,33.458
25.591,24.312,23.838,23.128,23.961,25.535,32.781,36.703,34.435,29.962,25.736,24.380,22.217,20.029,19.670,21.898,24.740,31.245,37.747,42.460,42.166,40.053,36.448,33.601
25.715,24.451,23.977,23.273,24.111,25.686,32.919,36.825,34.555,30.080,25.854,24.519,22.309,20.153,19.816,22.036,24.868,31.350,37.855,42.542,42.268,40.157,36.538,33.672
25.897,24.620,24.157,23.476,24.280,25.832,33.001,36.884,34.657,30.239,26.073,24.745,22.551,20.436,20.129,22.299,25.052,31.487,37.931,42.609,42.322,40.223,36.671,33.816
26.133,24.846,24.394,23.708,24.490,26.012,33.104,36.973,34.780,30.423,26.308,24.958,22.911,20.723,20.380,22.526,25.275,31.673,38.021,42.684,42.368,40.301,36.832,34.057
26.291,25.001,24.547,23.859,24.637,26.162,33.230,37.076,34.891,30.565,26.479,25.120,23.083,20.941,20.575,22.736,25.462,31.826,38.135,42.791,42.454,40.390,36.933,34.184
26.407,25.113,24.664,23.983,24.752,26.267,33.328,37.183,35.007,30.682,26.597,25.242,23.218,21.049,20.701,22.838,25.559,31.931,38.240,42.899,42.568,40.508,37.069,34.314
26.596,25.311,24.854,24.153,24.936,26.462,33.502,37.328,35.144,30.842,26.775,25.401,23.417,21.268,20.858,23.043,25.785,32.120,38.384,43.022,42.669,40.616,37.171,34.468
26.695,25.424,24.967,24.264,25.053,26.574,33.587,37.395,35.212,30.919,26.857,25.491,23.521,21.363,20.946,23.131,25.885,32.194,38.437,43.043,42.699,40.658,37.215,34.528
26.832,25.564,25.107,24.405,25.197,26.720,33.739,37.549,35.363,31.061,26.992,25.632,23.642,21.489,21.081,23.264,26.020,32.333,38.588,43.193,42.857,40.813,37.360,34.662
26.938,25.663,25.212,24.538,25.308,26.822,33.820,37.617,35.456,31.175,27.136,25.801,23.736,21.665,21.318,23.456,26.131,32.419,38.669,43.275,42.946,40.896,37.465,34.724
27.023,25.754,25.306,24.635,25.405,26.913,33.903,37.703,35.542,31.256,27.211,25.885,23.824,21.728,21.395,23.518,26.200,32.489,38.744,43.339,43.024,40.979,37.551,34.805
27.159,25.893,25.440,24.771,25.546,27.066,34.064,37.850,35.685,31.399,27.359,26.038,23.921,21.892,21.561,23.700,26.361,32.636,38.898,43.491,43.175,41.120,37.672,34.909
27.273,26.013,25.560,24.893,25.670,27.188,34.178,37.959,35.793,31.507,27.466,26.152,24.029,22.000,21.674,23.809,26.473,32.740,39.000,43.581,43.272,41.221,37.770,35.006
27.391,26.134,25.677,25.010,25.792,27.320,34.316,38.085,35.914,31.629,27.592,26.282,24.117,22.142,21.813,23.964,26.614,32.867,39.130,43.709,43.398,41.339,37.870,35.096
27.518,26.262,25.808,25.146,25.920,27.440,34.406,38.162,36.004,31.740,27.723,26.416,24.267,22.295,21.971,24.107,26.740,32.971,39.206,43.772,43.459,41.409,37.963,35.201
27.622,26.373,25.919,25.254,26.035,27.554,34.520,38.278,36.114,31.841,27.813,26.511,24.363,22.373,22.050,24.186,26.837,33.070,39.312,43.867,43.565,41.517,38.063,35.299
27.742,26.490,26.034,25.364,26.146,27.668,34.643,38.405,36.238,31.963,27.932,26.620,24.491,22.488,22.149,24.296,26.959,33.200,39.442,44.006,43.696,41.647,38.192,35.439
27.857,26.616,26.158,25.488,26.273,27.794,34.736,38.470,36.308,32.056,28.047,26.742,24.605,22.640,22.293,24.446,27.094,33.294,39.503,44.038,43.727,41.686,38.235,35.497
27.993,26.751,26.294,25.621,26.402,27.920,34.838,38.559,36.405,32.174,28.185,26.873,24.767,22.806,22.442,24.598,27.240,33.418,39.594,44.121,43.798,41.764,38.330,35.618
28.083,26.834,26.380,25.719,26.490,28.007,34.921,38.636,36.492,32.272,28.296,26.993,24.846,22.934,22.594,24.735,27.336,33.505,39.681,44.215,43.891,41.851,38.424,35.691
28.197,26.962,26.506,25.835,26.615,28.128,35.019,38.723,36.576,32.361,28.386,27.080,24.979,23.028,22.664,24.814,27.449,33.600,39.752,44.259,43.938,41.912,38.489,35.787
28.255,27.030,26.574,25.894,26.683,28.190,35.071,38.777,36.624,32.404,28.418,27.110,25.053,23.045,22.666,24.818,27.491,33.645,39.790,44.279,43.966,41.952,38.529,35.848
28.340,27.119,26.663,25.980,26.770,28.274,35.141,38.841,36.690,32.477,28.496,27.187,25.152,23.131,22.743,24.896,27.576,33.720,39.849,44.328,44.015,42.006,38.591,35.925
28.471,27.234,26.788,26.124,26.882,28.370,35.180,38.856,36.744,32.589,28.669,27.362,25.336,23.374,23.005,25.122,27.721,33.817,39.886,44.363,44.028,42.028,38.673,36.019
28.584,27.349,26.903,26.237,26.995,28.481,35.273,38.937,36.829,32.687,28.778,27.469,25.461,23.500,23.119,25.240,27.840,33.918,39.965,44.430,44.091,42.097,38.750,36.114
28.671,27.444,26.997,26.324,27.089,28.571,35.356,39.022,36.910,32.764,28.847,27.536,25.560,23.558,23.167,25.289,27.916,33.997,40.038,44.492,44.159,42.173,38.826,36.205
28.757,27.531,27.089,26.420,27.179,28.652,35.422,39.088,36.983,32.842,28.930,27.624,25.662,23.642,23.262,25.366,27.990,34.066,40.099,44.545,44.217,42.238,38.906,36.286
28.850,27.621,27.183,26.513,27.264,28.725,35.465,39.125,37.034,32.915,29.022,27.709,25.802,23.752,23.361,25.453,28.076,34.138,40.136,44.574,44.238,42.271,38.971,36.381
28.984,27.731,27.302,26.663,27.375,28.825,35.533,39.176,37.125,33.056,29.220,27.916,25.959,24.014,23.670,25.719,28.229,34.256,40.221,44.679,44.322,42.350,39.099,36.484
29.084,27.827,27.401,26.763,27.469,28.915,35.605,39.241,37.198,33.145,29.324,28.018,26.078,24.137,23.788,25.833,28.332,34.346,40.289,44.743,44.380,42.412,39.177,36.575
29.184,27.946,27.513,26.857,27.583,29.032,35.704,39.323,37.267,33.217,29.393,28.080,26.183,24.215,23.822,25.897,28.443,34.435,40.353,44.775,44.411,42.455,39.209,36.647
29.289,28.046,27.618,26.962,27.682,29.123,35.793,39.424,37.374,33.322,29.495,28.178,26.315,24.303,23.915,25.975,28.528,34.535,40.453,44.882,44.519,42.568,39.337,36.781
29.381,28.138,27.715,27.058,27.771,29.198,35.840,39.469,37.430,33.395,29.579,28.258,26.451,24.394,24.000,26.044,28.605,34.603,40.492,44.910,44.545,42.609,39.407,36.876
29.464,28.233,27.808,27.142,27.864,29.290,35.915,39.534,37.490,33.458,29.642,28.319,26.543,24.462,24.046,26.101,28.690,34.673,40.544,44.939,44.576,42.650,39.447,36.941
29.552,28.322,27.899,27.231,27.952,29.373,35.983,39.598,37.558,33.533,29.722,28.398,26.649,24.547,24.125,26.177,28.772,34.748,40.603,44.989,44.626,42.708,39.515,37.024
29.645,28.422,27.997,27.323,28.050,29.470,36.063,39.666,37.626,33.610,29.806,28.480,26.751,24.644,24.206,26.266,28.872,34.830,40.666,45.036,44.671,42.759,39.569,37.098
29.754,28.522,28.099,27.429,28.145,29.562,36.146,39.747,37.717,33.719,29.932,28.600,26.880,24.790,24.350,26.405,28.988,34.939,40.758,45.138,44.759,42.847,39.676,37.212
29.889,28.655,28.229,27.552,28.271,29.691,36.272,39.866,37.834,33.846,30.068,28.723,27.026,24.941,24.474,26.548,29.137,35.079,40.881,45.243,44.852,42.953,39.789,37.346
29.957,28.735,28.308,27.626,28.350,29.767,36.315,39.888,37.859,33.887,30.122,28.779,27.106,25.018,24.534,26.614,29.213,35.123,40.893,45.262,44.870,42.959,39.790,37.374
30.062,28.837,28.408,27.731,28.452,29.876,36.429,39.994,37.966,34.000,30.243,28.904,27.190,25.156,24.679,26.764,29.335,35.236,41.008,45.364,44.968,43.061,39.892,37.461
30.117,28.896,28.469,27.791,28.511,29.927,36.462,40.024,38.000,34.042,30.291,28.952,27.267,25.208,24.727,26.805,29.383,35.276,41.032,45.377,44.982,43.084,39.927,37.512
30.277,29.063,28.629,27.936,28.671,30.100,36.642,40.192,38.155,34.195,30.439,29.090,27.412,25.364,24.846,26.961,29.565,35.449,41.198,45.535,45.132,43.232,40.054,37.659
30.367,29.150,28.719,28.032,28.762,30.188,36.731,40.286,38.252,34.290,30.534,29.190,27.501,25.454,24.952,27.054,29.648,35.536,41.292,45.633,45.234,43.333,40.160,37.752
30.513,29.288,28.856,28.178,28.902,30.334,36.893,40.448,38.416,34.454,30.703,29.363,27.623,25.631,25.146,27.247,29.806,35.697,41.468,45.826,45.423,43.510,40.329,37.896
30.599,29.373,28.942,28.266,28.985,30.412,36.951,40.498,38.475,34.530,30.794,29.452,27.729,25.740,25.253,27.347,29.895,35.771,41.520,45.872,45.464,43.556,40.392,37.971
30.702,29.477,29.046,28.375,29.094,30.524,37.074,40.623,38.598,34.642,30.900,29.566,27.809,25.838,25.366,27.457,29.998,35.879,41.645,45.999,45.600,43.686,40.510,38.069
30.807,29.581,29.154,28.476,29.192,30.611,37.136,40.685,38.667,34.727,30.994,29.650,27.962,25.939,25.448,27.533,30.092,35.967,41.702,46.049,45.641,43.741,40.592,38.186
30.880,29.659,29.231,28.558,29.274,30.694,37.216,40.760,38.743,34.801,31.068,29.732,28.021,26.014,25.535,27.615,30.166,36.034,41.774,46.113,45.713,43.813,40.659,38.241
30.968,29.748,29.322,28.649,29.364,30.781,37.292,40.831,38.816,34.881,31.155,29.821,28.116,26.109,25.630,27.707,30.254,36.114,41.843,46.175,45.775,43.878,40.730,38.319
31.074,29.854,29.428,28.754,29.469,30.886,37.400,40.941,38.926,34.989,31.260,29.925,28.224,26.210,25.730,27.807,30.358,36.221,41.953,46.287,45.888,43.991,40.843,38.431
31.177,29.965,29.537,28.862,29.585,31.004,37.518,41.055,39.034,35.089,31.352,30.025,28.307,26.297,25.820,27.900,30.461,36.320,42.059,46.380,45.991,44.095,40.933,38.516
31.288,30.073,29.650,28.980,29.695,31.104,37.609,41.152,39.140,35.198,31.464,30.139,28.439,26.404,25.941,28.000,30.555,36.418,42.154,46.476,46.090,44.199,41.055,38.636
31.387,30.179,29.758,29.079,29.798,31.198,37.685,41.232,39.220,35.278,31.538,30.209,28.571,26.467,25.988,28.042,30.635,36.500,42.220,46.526,46.145,44.269,41.137,38.747
31.491,30.290,29.867,29.194,29.916,31.319,37.806,41.344,39.329,35.385,31.646,30.329,28.647,26.579,26.116,28.169,30.747,36.601,42.329,46.626,46.255,44.374,41.230,38.821
31.589,30.391,29.968,29.293,30.020,31.425,37.925,41.472,39.451,35.490,31.734,30.420,28.734,26.645,26.186,28.239,30.836,36.704,42.451,46.749,46.387,44.505,41.349,38.932
31.734,30.540,30.115,29.439,30.171,31.580,38.083,41.625,39.600,35.636,31.878,30.568,28.863,26.791,26.333,28.392,30.987,36.852,42.603,46.897,46.538,44.653,41.487,39.064
31.840,30.658,30.235,29.564,30.297,31.700,38.186,41.723,39.699,35.733,31.972,30.677,28.963,26.880,26.441,28.483,31.081,36.935,42.686,46.957,46.617,44.740,41.573,39.143
31.975,30.795,30.370,29.708,30.442,31.851,38.352,41.888,39.862,35.884,32.116,30.835,29.059,27.018,26.606,28.642,31.221,37.077,42.853,47.128,46.799,44.911,41.727,39.263
32.110,30.914,30.500,29.861,30.568,31.962,38.448,41.990,39.990,36.029,32.285,31.017,29.214,27.201,26.840,28.826,31.342,37.196,42.969,47.260,46.932,45.043,41.895,39.401
32.259,31.052,30.639,30.014,30.707,32.103,38.579,42.105,40.120,36.183,32.467,31.203,29.356,27.422,27.078,29.057,31.513,37.345,43.104,47.403,47.063,45.166,42.029,39.521
32.374,31.174,30.760,30.133,30.830,32.227,38.693,42.211,40.224,36.290,32.576,31.316,29.465,27.538,27.190,29.172,31.633,37.452,43.204,47.491,47.154,45.260,42.120,39.615
32.533,31.332,30.920,30.306,31.001,32.398,38.890,42.424,40.434,36.474,32.741,31.498,29.589,27.671,27.367,29.328,31.775,37.619,43.416,47.713,47.397,45.493,42.336,39.785
32.666,31.472,31.063,30.439,31.141,32.527,39.024,42.582,40.585,36.603,32.840,31.594,29.749,27.722,27.414,29.363,31.868,37.744,43.554,47.847,47.546,45.654,42.501,39.964
32.797,31.600,31.194,30.570,31.267,32.647,39.131,42.688,40.698,36.725,32.970,31.721,29.903,27.861,27.548,29.491,31.995,37.866,43.660,47.951,47.645,45.759,42.622,40.097
33.013,31.819,31.407,30.769,31.475,32.864,39.337,42.875,40.879,36.923,33.183,31.917,30.126,28.103,27.744,29.723,32.240,38.087,43.850,48.131,47.806,45.923,42.782,40.294
33.207,32.024,31.609,30.958,31.674,33.062,39.511,43.033,41.033,37.090,33.356,32.082,30.339,28.292,27.896,29.895,32.442,38.266,43.996,48.252,47.922,46.051,42.913,40.465
33.340,32.166,31.751,31.096,31.820,33.206,39.662,43.194,41.186,37.223,33.467,32.198,30.468,28.372,27.981,29.975,32.555,38.395,44.143,48.391,48.077,46.210,43.062,40.611
33.501,32.316,31.905,31.269,31.975,33.359,39.811,43.338,41.346,37.398,33.664,32.407,30.619,28.594,28.240,30.211,32.727,38.555,44.304,48.566,48.248,46.372,43.237,40.755
33.661,32.486,32.068,31.415,32.140,33.533,39.997,43.522,41.512,37.551,33.799,32.532,30.767,28.717,28.326,30.331,32.893,38.726,44.478,48.730,48.412,46.537,43.379,40.917
33.901,32.737,32.307,31.640,32.390,33.806,40.304,43.824,41.785,37.800,34.025,32.754,30.951,28.931,28.510,30.565,33.160,38.998,44.775,49.024,48.707,46.820,43.610,41.145
34.049,32.888,32.460,31.797,32.542,33.952,40.429,43.938,41.908,37.938,34.177,32.911,31.110,29.100,28.686,30.729,33.309,39.129,44.889,49.127,48.810,46.929,43.732,41.272
34.265,33.114,32.686,32.014,32.766,34.173,40.629,44.130,42.098,38.132,34.371,33.103,31.341,29.297,28.863,30.912,33.521,39.327,45.067,49.282,48.969,47.100,43.907,41.473
34.527,33.391,32.956,32.287,33.052,34.473,40.933,44.412,42.369,38.397,34.636,33.385,31.543,29.576,29.152,31.218,33.811,39.592,45.344,49.540,49.239,47.361,44.133,41.674
34.698,33.581,33.140,32.478,33.257,34.689,41.155,44.615,42.560,38.572,34.801,33.577,31.641,29.742,29.342,31.415,33.998,39.758,45.535,49.704,49.429,47.543,44.275,41.779
35.001,33.879,33.440,32.769,33.552,34.983,41.476,44.966,42.901,38.888,35.088,33.853,31.958,29.985,29.577,31.651,34.275,40.078,45.881,50.070,49.797,47.911,44.638,42.145
35.399,34.268,33.824,33.145,33.929,35.368,41.872,45.360,43.292,39.288,35.496,34.242,32.364,30.408,29.968,32.069,34.694,40.498,46.290,50.495,50.199,48.307,45.034,42.560
35.753,34.614,34.162,33.470,34.258,35.714,42.227,45.703,43.627,39.641,35.864,34.585,32.719,30.808,30.318,32.466,35.088,40.880,46.650,50.870,50.541,48.641,45.360,42.915
36.113,35.013,34.553,33.838,34.661,36.122,42.611,46.062,43.961,39.961,36.164,34.892,33.059,31.100,30.567,32.750,35.453,41.214,46.968,51.124,50.819,48.937,45.622,43.216
36.539,35.443,34.986,34.270,35.102,36.560,43.092,46.581,44.465,40.413,36.564,35.304,33.461,31.423,30.922,33.087,35.833,41.652,47.471,51.639,51.364,49.479,46.140,43.697
36.964,35.801,35.376,34.752,35.490,36.911,43.456,46.997,44.961,40.927,37.123,35.911,33.900,31.980,31.694,33.684,36.200,42.070,47.952,52.220,51.958,50.040,46.790,44.184
37.600,36.379,35.954,35.394,36.083,37.539,44.166,47.704,45.694,41.674,37.919,36.734,34.397,32.842,32.679,34.645,36.917,42.792,48.753,53.129,52.838,50.842,47.566,44.792
38.580,37.295,36.870,36.358,37.011,38.500,45.284,48.893,46.882,42.803,39.018,37.844,35.251,33.886,33.842,35.783,37.911,43.899,50.021,54.549,54.245,52.167,48.842,45.891
39.701,38.296,37.906,37.501,38.034,39.500,46.394,50.111,48.182,44.094,40.340,39.191,36.366,35.171,35.374,37.137,38.975,45.100,51.360,56.097,55.773,53.621,50.380,47.201
41.386,39.940,39.569,39.225,39.745,41.214,48.396,52.338,50.363,46.018,42.038,40.963,37.857,36.504,36.991,38.604,40.463,46.921,53.587,58.502,58.309,56.074,52.716,49.207
