7.928,4.729,2.787,2.127,5.241,6.009,14.221,18.152,19.919,13.243,10.223,10.522,9.840,10.803,11.654,8.501,6.995,12.145,13.442,9.446,7.332,4.814,3.864,2.640
14.046,10.580,8.960,8.020,10.191,11.208,18.225,22.455,24.093,19.294,15.899,17.333,17.529,17.498,17.011,14.554,11.143,16.940,19.988,18.012,15.764,11.950,10.349,8.652
16.833,13.222,11.832,10.810,12.703,13.531,19.909,24.177,25.516,21.630,18.301,20.219,20.848,20.417,19.361,17.173,13.460,19.193,22.180,20.885,18.846,14.883,13.247,11.820
17.456,14.193,12.930,12.050,13.920,14.760,21.003,25.257,26.288,22.256,19.121,20.719,21.351,21.327,20.735,18.335,15.099,20.227,22.766,21.752,19.808,16.053,14.444,13.048
18.523,15.414,14.281,13.443,15.169,16.013,21.967,26.233,27.046,23.245,20.197,21.789,22.559,22.606,22.064,19.660,16.467,21.310,23.762,23.181,21.308,17.533,15.877,14.490
19.494,16.343,15.207,14.347,16.052,16.846,22.697,26.867,27.731,24.071,21.052,22.708,23.468,23.392,22.719,20.430,17.207,22.096,24.556,23.891,22.055,18.335,16.728,15.407
20.174,17.201,16.094,15.286,16.927,17.792,23.539,27.643,28.473,24.783,21.821,23.334,24.049,24.102,23.598,21.290,18.152,22.855,25.343,24.797,22.950,19.267,17.640,16.223
20.654,17.764,16.671,15.892,17.522,18.389,24.081,28.128,28.934,25.231,22.322,23.758,24.441,24.555,24.133,21.820,18.782,23.368,25.790,25.245,23.419,19.810,18.206,16.794
21.253,18.307,17.204,16.395,17.995,18.843,24.465,28.459,29.326,25.750,22.832,24.350,25.040,25.027,24.465,22.254,19.115,23.797,26.311,25.729,23.909,20.285,18.694,17.297
21.570,18.755,17.673,16.915,18.515,19.383,24.979,28.937,29.745,26.080,23.226,24.607,25.255,25.385,25.000,22.727,19.752,24.248,26.647,26.096,24.292,20.754,19.179,17.767
21.814,19.075,18.016,17.284,18.869,19.749,25.302,29.242,30.004,26.322,23.506,24.822,25.462,25.664,25.365,23.066,20.169,24.552,26.895,26.400,24.609,21.108,19.536,18.115
22.097,19.396,18.348,17.629,19.200,20.082,25.598,29.516,30.262,26.590,23.796,25.085,25.720,25.944,25.674,23.377,20.513,24.843,27.166,26.694,24.913,21.435,19.868,18.445
22.449,19.757,18.672,17.957,19.559,20.437,25.979,29.819,30.640,26.911,24.136,25.377,25.931,26.148,25.898,23.632,20.818,25.166,27.485,26.846,25.062,21.660,20.137,18.719
22.726,20.054,18.957,18.247,19.856,20.738,26.279,30.078,30.929,27.177,24.415,25.623,26.139,26.364,26.135,23.881,21.096,25.436,27.757,27.057,25.271,21.905,20.399,18.975
22.950,20.325,19.250,18.554,20.130,21.032,26.528,30.334,31.147,27.416,24.665,25.852,26.387,26.646,26.454,24.188,21.404,25.684,28.019,27.418,25.631,22.247,20.719,19.266
23.228,20.640,19.558,18.874,20.451,21.357,26.833,30.586,31.421,27.671,24.945,26.088,26.581,26.858,26.700,24.449,21.713,25.957,28.278,27.626,25.843,22.510,21.003,19.547
23.341,20.809,19.751,19.087,20.647,21.560,26.999,30.753,31.537,27.786,25.087,26.190,26.695,27.026,26.929,24.652,21.968,26.121,28.396,27.817,26.047,22.729,21.217,19.757
23.531,21.064,20.021,19.381,20.934,21.854,27.263,30.995,31.746,27.971,25.307,26.349,26.839,27.232,27.212,24.913,22.305,26.364,28.582,28.029,26.271,22.996,21.493,20.030
23.663,21.234,20.210,19.581,21.111,22.042,27.413,31.149,31.866,28.108,25.457,26.482,26.987,27.409,27.419,25.109,22.514,26.518,28.730,28.250,26.497,23.217,21.701,20.224
23.831,21.433,20.412,19.790,21.305,22.249,27.592,31.305,32.026,28.273,25.633,26.636,27.127,27.562,27.592,25.292,22.703,26.681,28.912,28.444,26.689,23.417,21.901,20.405
23.993,21.632,20.616,20.007,21.520,22.466,27.789,31.477,32.189,28.422,25.806,26.770,27.244,27.709,27.780,25.475,22.936,26.862,29.061,28.587,26.840,23.603,22.099,20.604
24.164,21.813,20.798,20.193,21.704,22.656,27.981,31.673,32.379,28.604,25.988,26.943,27.417,27.895,27.980,25.668,23.132,27.047,29.249,28.789,27.038,23.798,22.288,20.784
24.302,21.964,20.946,20.342,21.844,22.813,28.135,31.820,32.540,28.758,26.138,27.081,27.545,28.028,28.123,25.815,23.264,27.183,29.422,28.969,27.206,23.956,22.437,20.908
24.409,22.123,21.107,20.526,22.039,23.016,28.346,32.012,32.716,28.875,26.281,27.158,27.593,28.140,28.318,25.980,23.509,27.356,29.539,29.069,27.311,24.106,22.601,21.066
24.605,22.329,21.301,20.722,22.243,23.217,28.545,32.172,32.905,29.050,26.469,27.325,27.728,28.271,28.457,26.136,23.689,27.534,29.714,29.182,27.426,24.256,22.770,21.239
24.768,22.499,21.481,20.907,22.425,23.387,28.694,32.317,33.030,29.192,26.625,27.480,27.890,28.438,28.626,26.305,23.881,27.698,29.842,29.322,27.580,24.427,22.949,21.437
24.882,22.611,21.596,21.023,22.547,23.496,28.799,32.418,33.121,29.288,26.730,27.585,27.998,28.546,28.734,26.412,24.008,27.813,29.923,29.395,27.665,24.528,23.059,21.567
25.060,22.775,21.758,21.179,22.700,23.637,28.922,32.523,33.239,29.436,26.881,27.755,28.167,28.685,28.840,26.542,24.129,27.950,30.062,29.512,27.789,24.663,23.205,21.729
25.163,22.885,21.872,21.295,22.812,23.755,29.038,32.646,33.354,29.548,26.993,27.863,28.279,28.807,28.972,26.666,24.253,28.065,30.179,29.650,27.925,24.791,23.327,21.844
25.372,23.080,22.051,21.464,22.975,23.929,29.213,32.802,33.555,29.760,27.190,28.073,28.472,28.965,29.097,26.823,24.362,28.226,30.413,29.850,28.108,24.959,23.491,21.984
25.409,23.146,22.140,21.562,23.051,24.020,29.281,32.903,33.607,29.823,27.255,28.131,28.563,29.091,29.254,26.952,24.490,28.305,30.487,30.028,28.287,25.109,23.616,22.092
25.608,23.349,22.334,21.749,23.212,24.204,29.439,33.034,33.780,30.026,27.446,28.330,28.748,29.244,29.379,27.115,24.594,28.447,30.725,30.267,28.507,25.305,23.799,22.235
25.719,23.467,22.459,21.878,23.341,24.324,29.546,33.137,33.867,30.121,27.552,28.433,28.855,29.358,29.499,27.233,24.734,28.564,30.809,30.357,28.608,25.421,23.923,22.375
25.914,23.678,22.661,22.090,23.575,24.536,29.755,33.295,34.041,30.270,27.734,28.578,28.960,29.474,29.639,27.383,24.959,28.756,30.933,30.391,28.661,25.549,24.091,22.577
25.939,23.720,22.717,22.151,23.626,24.599,29.812,33.380,34.094,30.321,27.782,28.621,29.024,29.565,29.754,27.474,25.049,28.817,30.994,30.519,28.786,25.650,24.173,22.644
26.013,23.794,22.797,22.229,23.689,24.674,29.881,33.468,34.173,30.414,27.864,28.714,29.134,29.673,29.856,27.573,25.117,28.892,31.100,30.672,28.931,25.764,24.269,22.721
26.123,23.892,22.907,22.335,23.786,24.758,29.944,33.545,34.227,30.507,27.958,28.836,29.284,29.807,29.962,27.684,25.216,28.988,31.181,30.791,29.061,25.884,24.385,22.857
26.155,23.946,22.976,22.411,23.851,24.832,30.005,33.622,34.273,30.555,28.009,28.876,29.339,29.891,30.073,27.775,25.316,29.051,31.235,30.904,29.176,25.986,24.475,22.936
26.228,24.055,23.096,22.544,23.976,24.965,30.120,33.736,34.362,30.634,28.103,28.941,29.405,29.992,30.216,27.902,25.476,29.158,31.318,31.022,29.299,26.120,24.606,23.060
26.375,24.206,23.246,22.690,24.103,25.105,30.238,33.844,34.486,30.783,28.246,29.092,29.555,30.125,30.332,28.038,25.574,29.273,31.487,31.210,29.477,26.280,24.755,23.186
26.490,24.319,23.359,22.799,24.201,25.211,30.336,33.943,34.593,30.904,28.360,29.215,29.683,30.241,30.434,28.150,25.658,29.372,31.622,31.361,29.621,26.405,24.870,23.287
26.551,24.380,23.443,22.884,24.267,25.275,30.375,34.020,34.622,30.971,28.424,29.303,29.817,30.381,30.565,28.266,25.757,29.448,31.684,31.518,29.786,26.538,24.983,23.406
26.634,24.456,23.535,22.973,24.347,25.345,30.425,34.087,34.659,31.042,28.497,29.398,29.940,30.497,30.665,28.364,25.849,29.527,31.744,31.624,29.904,26.645,25.085,23.523
26.693,24.523,23.621,23.065,24.432,25.423,30.487,34.175,34.702,31.101,28.562,29.469,30.042,30.617,30.796,28.473,25.975,29.615,31.790,31.733,30.025,26.759,25.192,23.645
26.787,24.616,23.715,23.159,24.531,25.522,30.594,34.288,34.811,31.200,28.661,29.564,30.137,30.720,30.906,28.576,26.083,29.720,31.887,31.831,30.122,26.856,25.289,23.743
26.952,24.763,23.862,23.296,24.653,25.643,30.694,34.385,34.920,31.352,28.804,29.739,30.323,30.869,31.010,28.706,26.168,29.838,32.046,32.002,30.291,27.005,25.431,23.882
27.067,24.867,23.967,23.396,24.747,25.732,30.772,34.462,35.000,31.456,28.905,29.859,30.453,30.978,31.094,28.802,26.246,29.929,32.147,32.110,30.402,27.108,25.533,23.990
27.182,24.976,24.080,23.508,24.861,25.841,30.881,34.578,35.107,31.567,29.016,29.976,30.577,31.101,31.214,28.919,26.366,30.047,32.251,32.219,30.515,27.221,25.648,24.114
27.293,25.091,24.202,23.631,24.978,25.952,30.972,34.666,35.184,31.664,29.120,30.084,30.692,31.214,31.322,29.031,26.483,30.150,32.342,32.327,30.631,27.341,25.770,24.244
27.356,25.179,24.304,23.743,25.081,26.058,31.060,34.760,35.248,31.729,29.197,30.145,30.763,31.313,31.449,29.143,26.619,30.241,32.408,32.435,30.746,27.461,25.885,24.359
27.431,25.287,24.418,23.868,25.202,26.188,31.182,34.877,35.350,31.813,29.294,30.211,30.823,31.406,31.583,29.262,26.768,30.348,32.498,32.545,30.857,27.584,26.007,24.471
27.564,25.429,24.555,24.008,25.347,26.331,31.322,34.995,35.480,31.934,29.425,30.326,30.921,31.507,31.693,29.379,26.905,30.477,32.618,32.633,30.948,27.697,26.132,24.599
27.597,25.482,24.617,24.080,25.419,26.405,31.395,35.077,35.537,31.976,29.475,30.357,30.956,31.574,31.794,29.459,27.014,30.546,32.657,32.699,31.018,27.774,26.207,24.674
27.634,25.549,24.693,24.168,25.506,26.500,31.490,35.179,35.613,32.028,29.538,30.389,30.987,31.646,31.913,29.552,27.143,30.629,32.710,32.779,31.100,27.866,26.296,24.757
27.801,25.709,24.840,24.311,25.653,26.647,31.641,35.310,35.774,32.187,29.695,30.548,31.128,31.768,32.020,29.678,27.258,30.770,32.875,32.901,31.218,27.990,26.427,24.884
27.955,25.864,24.990,24.460,25.799,26.790,31.769,35.412,35.895,32.321,29.834,30.686,31.253,31.878,32.118,29.797,27.376,30.894,33.009,33.008,31.326,28.114,26.561,25.020
28.034,25.958,25.090,24.565,25.902,26.891,31.859,35.494,35.966,32.391,29.917,30.756,31.321,31.958,32.214,29.890,27.492,30.983,33.076,33.081,31.406,28.209,26.660,25.125
28.142,26.057,25.190,24.662,26.001,26.985,31.952,35.590,36.061,32.494,30.018,30.866,31.436,32.065,32.310,29.988,27.586,31.084,33.173,33.177,31.505,28.306,26.759,25.231
28.287,26.224,25.337,24.817,26.169,27.164,32.151,35.751,36.261,32.644,30.176,30.981,31.502,32.148,32.428,30.112,27.739,31.236,33.337,33.265,31.582,28.417,26.885,25.339
28.399,26.339,25.444,24.923,26.275,27.278,32.271,35.861,36.389,32.763,30.291,31.089,31.597,32.240,32.523,30.213,27.831,31.340,33.466,33.377,31.685,28.519,26.987,25.427
28.522,26.464,25.562,25.040,26.390,27.401,32.396,35.976,36.523,32.892,30.416,31.210,31.705,32.343,32.625,30.323,27.931,31.453,33.606,33.500,31.801,28.633,27.099,25.526
28.664,26.603,25.700,25.179,26.537,27.538,32.534,36.105,36.652,33.018,30.550,31.341,31.832,32.469,32.750,30.450,28.077,31.593,33.720,33.592,31.901,28.751,27.229,25.672
28.738,26.682,25.786,25.270,26.632,27.626,32.623,36.204,36.729,33.090,30.629,31.415,31.914,32.567,32.863,30.548,28.197,31.690,33.781,33.668,31.984,28.842,27.322,25.778
28.856,26.790,25.886,25.365,26.730,27.726,32.730,36.307,36.849,33.209,30.741,31.533,32.026,32.666,32.948,30.642,28.278,31.793,33.903,33.768,32.080,28.935,27.416,25.868
29.027,26.955,26.039,25.510,26.860,27.870,32.862,36.418,37.000,33.380,30.901,31.705,32.184,32.791,33.043,30.770,28.356,31.914,34.099,33.948,32.245,29.082,27.556,25.982
29.151,27.087,26.175,25.652,27.011,28.016,33.017,36.578,37.143,33.505,31.034,31.824,32.302,32.931,33.206,30.916,28.534,32.067,34.213,34.061,32.364,29.216,27.696,26.132
29.267,27.210,26.301,25.779,27.132,28.145,33.146,36.715,37.276,33.636,31.161,31.949,32.432,33.069,33.351,31.054,28.663,32.193,34.354,34.226,32.524,29.362,27.831,26.255
29.430,27.348,26.449,25.922,27.280,28.272,33.271,36.862,37.397,33.782,31.306,32.123,32.634,33.257,33.514,31.212,28.822,32.353,34.474,34.364,32.677,29.511,27.984,26.440
29.629,27.531,26.624,26.086,27.434,28.430,33.416,36.991,37.557,33.970,31.484,32.323,32.829,33.414,33.631,31.361,28.927,32.500,34.674,34.548,32.853,29.674,28.146,26.591
29.744,27.651,26.742,26.203,27.543,28.549,33.530,37.101,37.677,34.094,31.603,32.441,32.944,33.526,33.741,31.477,29.026,32.607,34.811,34.693,32.990,29.801,28.265,26.694
29.901,27.797,26.896,26.355,27.693,28.686,33.655,37.237,37.794,34.235,31.747,32.604,33.127,33.698,33.896,31.633,29.181,32.757,34.939,34.842,33.150,29.958,28.423,26.872
30.015,27.932,27.029,26.495,27.835,28.834,33.800,37.364,37.927,34.350,31.872,32.702,33.205,33.794,34.019,31.754,29.326,32.882,35.058,34.942,33.250,30.078,28.550,26.991
30.166,28.077,27.181,26.647,27.990,28.972,33.929,37.493,38.040,34.477,32.009,32.847,33.360,33.945,34.162,31.897,29.488,33.030,35.167,35.052,33.373,30.216,28.698,27.165
30.301,28.204,27.316,26.780,28.118,29.095,34.043,37.620,38.151,34.608,32.138,32.992,33.524,34.103,34.306,32.040,29.621,33.162,35.292,35.206,33.533,30.364,28.841,27.316
30.343,28.269,27.406,26.878,28.199,29.179,34.100,37.708,38.185,34.660,32.198,33.050,33.617,34.226,34.452,32.160,29.753,33.241,35.342,35.349,33.685,30.500,28.960,27.436
30.484,28.432,27.568,27.050,28.378,29.360,34.287,37.880,38.356,34.802,32.352,33.172,33.720,34.357,34.620,32.317,29.950,33.408,35.483,35.469,33.807,30.649,29.118,27.594
30.677,28.628,27.746,27.228,28.565,29.551,34.489,38.050,38.564,34.989,32.542,33.346,33.861,34.490,34.755,32.469,30.108,33.583,35.677,35.600,33.931,30.793,29.276,27.744
30.859,28.835,27.940,27.431,28.779,29.768,34.707,38.223,38.766,35.157,32.728,33.489,33.960,34.604,34.903,32.626,30.308,33.765,35.848,35.701,34.032,30.941,29.445,27.909
30.956,28.949,28.073,27.573,28.921,29.902,34.832,38.369,38.865,35.254,32.838,33.589,34.081,34.758,35.086,32.781,30.501,33.905,35.931,35.832,34.178,31.093,29.596,28.076
31.202,29.164,28.278,27.765,29.113,30.087,35.018,38.548,39.070,35.485,33.057,33.840,34.332,34.966,35.245,32.967,30.649,34.103,36.159,36.032,34.375,31.281,29.787,28.273
31.369,29.334,28.446,27.934,29.284,30.258,35.189,38.713,39.239,35.650,33.225,34.002,34.488,35.124,35.407,33.130,30.818,34.270,36.324,36.187,34.530,31.442,29.951,28.438
31.488,29.473,28.600,28.095,29.430,30.407,35.314,38.846,39.344,35.770,33.353,34.125,34.627,35.279,35.577,33.292,30.987,34.404,36.448,36.364,34.712,31.619,30.120,28.603
31.629,29.630,28.749,28.249,29.591,30.578,35.497,39.015,39.527,35.921,33.508,34.253,34.731,35.401,35.728,33.438,31.152,34.561,36.607,36.494,34.836,31.757,30.263,28.733
31.728,29.762,28.887,28.405,29.761,30.745,35.675,39.192,39.677,36.026,33.634,34.333,34.800,35.524,35.913,33.590,31.375,34.722,36.699,36.582,34.934,31.891,30.408,28.889
31.902,29.948,29.082,28.601,29.941,30.935,35.848,39.374,39.845,36.210,33.816,34.518,34.999,35.729,36.121,33.795,31.565,34.899,36.895,36.827,35.176,32.114,30.616,29.083
32.118,30.182,29.314,28.840,30.186,31.190,36.118,39.644,40.114,36.445,34.054,34.728,35.196,35.954,36.382,34.039,31.831,35.147,37.137,37.062,35.406,32.351,30.853,29.307
32.376,30.438,29.563,29.087,30.432,31.426,36.334,39.824,40.317,36.668,34.287,34.964,35.416,36.149,36.556,34.243,32.039,35.363,37.355,37.237,35.587,32.558,31.077,29.544
32.767,30.779,29.905,29.408,30.736,31.703,36.563,40.035,40.548,36.996,34.610,35.358,35.832,36.478,36.782,34.529,32.264,35.646,37.667,37.540,35.905,32.866,31.394,29.894
32.960,30.981,30.156,29.667,30.984,31.922,36.742,40.270,40.673,37.169,34.804,35.573,36.121,36.801,37.117,34.821,32.601,35.894,37.798,37.806,36.209,33.165,31.685,30.236
33.129,31.147,30.350,29.861,31.159,32.089,36.878,40.448,40.794,37.337,34.972,35.770,36.372,37.055,37.358,35.046,32.812,36.076,37.955,38.067,36.483,33.408,31.909,30.474
33.486,31.522,30.685,30.209,31.558,32.488,37.344,40.854,41.263,37.692,35.346,36.068,36.581,37.298,37.666,35.347,33.203,36.466,38.303,38.234,36.644,33.653,32.200,30.769
33.799,31.823,30.969,30.481,31.816,32.770,37.628,41.124,41.585,38.025,35.654,36.391,36.887,37.569,37.905,35.618,33.402,36.729,38.673,38.587,36.970,33.945,32.476,31.001
34.087,32.077,31.281,30.794,32.138,33.028,37.864,41.455,41.770,38.273,35.921,36.718,37.325,38.027,38.344,35.996,33.838,37.082,38.835,38.891,37.334,34.303,32.835,31.466
34.500,32.520,31.721,31.237,32.547,33.464,38.255,41.807,42.154,38.685,36.335,37.120,37.708,38.397,38.710,36.398,34.203,37.451,39.287,39.359,37.787,34.746,33.267,31.854
34.866,32.830,32.095,31.592,32.859,33.748,38.481,42.162,42.377,39.050,36.674,37.583,38.325,38.979,39.202,36.860,34.579,37.818,39.617,39.943,38.400,35.248,33.715,32.348
35.478,33.378,32.626,32.105,33.403,34.276,39.074,42.790,43.024,39.677,37.271,38.223,38.974,39.595,39.772,37.423,35.109,38.425,40.226,40.501,38.951,35.776,34.244,32.896
36.057,33.918,33.229,32.693,33.938,34.806,39.550,43.396,43.507,40.284,37.845,38.904,39.801,40.403,40.512,38.128,35.713,39.018,40.825,41.373,39.836,36.532,34.931,33.594
36.859,34.712,34.048,33.503,34.706,35.596,40.311,44.221,44.290,41.128,38.659,39.769,40.732,41.322,41.397,39.004,36.499,39.819,41.696,42.399,40.849,37.452,35.798,34.427
38.515,36.199,35.632,35.011,36.080,36.962,41.550,45.707,45.623,42.819,40.230,41.670,42.938,43.340,43.105,40.741,37.851,41.330,43.398,44.615,43.063,39.330,37.520,36.148
