-1.600,-5.119,-7.218,-8.150,-8.779,-7.374,1.948,12.997,12.575,5.951,-1.221,-4.599,-9.690,-15.699,-19.464,-17.362,-10.846,-1.358,5.021,9.041,7.407,2.780,-0.219,-10.304
5.382,1.707,-0.435,-1.042,-1.161,0.222,9.023,18.791,19.008,13.500,7.677,3.721,-0.931,-6.826,-11.067,-9.431,-3.778,4.882,11.063,15.058,13.398,9.160,6.640,-2.324
8.392,4.893,2.637,2.149,2.162,3.528,11.865,20.852,20.985,15.979,10.878,7.149,3.005,-2.442,-6.673,-5.368,-0.340,7.519,13.301,17.257,15.723,11.927,9.653,1.541
9.630,6.118,3.789,3.374,3.476,4.837,13.103,21.864,22.051,17.255,12.436,8.671,4.671,-0.671,-4.968,-3.812,0.995,8.600,14.292,18.273,16.739,13.058,10.882,2.998
10.940,7.491,5.293,4.864,5.060,6.463,14.392,22.656,22.930,18.341,13.824,9.972,6.059,0.632,-3.834,-2.618,2.069,9.644,15.357,19.279,17.845,14.295,12.203,4.809
12.068,8.650,6.548,6.125,6.376,7.780,15.499,23.474,23.841,19.404,15.061,11.143,7.272,1.818,-2.699,-1.457,3.152,10.678,16.373,20.226,18.829,15.341,13.309,6.167
12.795,9.468,7.395,6.965,7.211,8.610,16.151,23.924,24.231,19.867,15.636,11.831,8.066,2.716,-1.749,-0.524,3.982,11.362,16.955,20.755,19.417,16.034,14.039,7.118
13.386,10.068,8.002,7.589,7.837,9.214,16.722,24.463,24.790,20.474,16.273,12.481,8.741,3.445,-0.970,0.226,4.689,11.992,17.531,21.299,19.953,16.583,14.608,7.700
14.078,10.862,8.933,8.482,8.706,10.069,17.333,24.859,25.182,20.913,16.747,13.026,9.312,4.041,-0.296,0.983,5.436,12.717,18.193,21.840,20.557,17.238,15.280,8.561
14.351,11.169,9.247,8.790,9.021,10.395,17.585,25.009,25.305,21.067,16.965,13.276,9.608,4.357,0.002,1.279,5.690,12.929,18.385,22.028,20.777,17.508,15.566,8.967
14.694,11.559,9.698,9.218,9.435,10.807,17.893,25.231,25.515,21.283,17.185,13.531,9.872,4.623,0.298,1.620,6.036,13.283,18.720,22.313,21.095,17.846,15.905,9.387
15.131,12.053,10.262,9.772,9.967,11.313,18.275,25.523,25.810,21.613,17.519,13.921,10.279,5.084,0.851,2.198,6.598,13.791,19.159,22.669,21.470,18.244,16.316,9.861
15.527,12.485,10.674,10.202,10.404,11.737,18.633,25.785,26.045,21.912,17.907,14.373,10.813,5.715,1.522,2.812,7.116,14.167,19.451,22.944,21.762,18.602,16.707,10.357
15.715,12.696,10.868,10.399,10.600,11.934,18.801,25.911,26.137,22.022,18.055,14.565,11.049,5.997,1.814,3.080,7.341,14.330,19.579,23.075,21.908,18.786,16.902,10.612
15.996,13.032,11.216,10.739,10.912,12.231,19.032,26.103,26.277,22.164,18.196,14.799,11.326,6.354,2.252,3.511,7.742,14.655,19.831,23.289,22.143,19.058,17.179,10.933
16.287,13.357,11.557,11.078,11.224,12.522,19.283,26.352,26.501,22.388,18.399,15.067,11.612,6.705,2.687,3.941,8.158,15.014,20.130,23.548,22.406,19.332,17.454,11.203
16.582,13.668,11.815,11.364,11.528,12.822,19.560,26.556,26.679,22.631,18.744,15.456,12.086,7.268,3.256,4.432,8.545,15.258,20.307,23.739,22.605,19.596,17.754,11.593
16.798,13.921,12.110,11.644,11.806,13.103,19.750,26.652,26.766,22.740,18.882,15.618,12.267,7.452,3.446,4.650,8.750,15.456,20.489,23.890,22.785,19.805,17.971,11.905
16.953,14.080,12.264,11.802,11.958,13.246,19.896,26.811,26.920,22.894,19.031,15.784,12.440,7.650,3.671,4.863,8.955,15.635,20.647,24.041,22.931,19.952,18.120,12.039
17.173,14.322,12.536,12.069,12.211,13.487,20.093,26.985,27.094,23.076,19.202,15.980,12.639,7.872,3.940,5.144,9.235,15.897,20.879,24.237,23.133,20.158,18.327,12.255
17.368,14.534,12.754,12.288,12.419,13.682,20.268,27.157,27.256,23.242,19.363,16.173,12.844,8.114,4.226,5.422,9.502,16.127,21.076,24.413,23.310,20.342,18.514,12.440
17.538,14.725,12.956,12.485,12.606,13.865,20.420,27.287,27.371,23.358,19.478,16.318,13.001,8.293,4.430,5.631,9.704,16.311,21.237,24.557,23.464,20.508,18.682,12.631
17.702,14.906,13.127,12.664,12.770,14.012,20.561,27.440,27.505,23.499,19.614,16.501,13.207,8.562,4.759,5.933,9.980,16.521,21.396,24.699,23.601,20.657,18.836,12.770
17.837,15.070,13.294,12.825,12.923,14.164,20.672,27.512,27.545,23.543,19.672,16.605,13.339,8.726,4.944,6.116,10.143,16.650,21.496,24.788,23.709,20.793,18.975,12.959
17.982,15.198,13.410,12.956,13.069,14.307,20.828,27.663,27.722,23.749,19.908,16.813,13.553,8.944,5.151,6.300,10.305,16.787,21.630,24.928,23.835,20.919,19.114,13.095
18.095,15.329,13.566,13.096,13.199,14.442,20.930,27.745,27.789,23.800,19.943,16.864,13.598,8.975,5.184,6.364,10.388,16.899,21.749,25.034,23.958,21.044,19.231,13.237
18.283,15.551,13.812,13.330,13.416,14.653,21.091,27.874,27.896,23.902,20.037,17.002,13.749,9.125,5.337,6.558,10.596,17.111,21.933,25.190,24.130,21.231,19.417,13.454
18.341,15.614,13.889,13.394,13.483,14.735,21.153,27.907,27.922,23.918,20.058,17.015,13.756,9.152,5.400,6.595,10.617,17.130,21.980,25.244,24.200,21.306,19.487,13.563
18.473,15.761,14.042,13.541,13.614,14.861,21.270,28.039,28.034,24.014,20.128,17.115,13.857,9.243,5.487,6.715,10.761,17.291,22.126,25.377,24.338,21.443,19.617,13.680
18.586,15.854,14.122,13.631,13.721,14.970,21.399,28.167,28.183,24.180,20.317,17.273,14.014,9.388,5.605,6.818,10.854,17.381,22.228,25.494,24.446,21.549,19.730,13.792
18.711,15.983,14.261,13.772,13.869,15.117,21.521,28.254,28.282,24.300,20.461,17.410,14.158,9.534,5.749,6.961,10.983,17.498,22.338,25.595,24.550,21.662,19.851,13.943
18.811,16.097,14.403,13.901,13.995,15.248,21.615,28.313,28.341,24.355,20.515,17.464,14.207,9.562,5.769,7.010,11.046,17.588,22.440,25.683,24.653,21.767,19.954,14.080
18.992,16.298,14.635,14.125,14.201,15.442,21.775,28.470,28.495,24.501,20.631,17.605,14.339,9.709,5.946,7.209,11.252,17.819,22.651,25.859,24.833,21.942,20.124,14.240
19.074,16.381,14.697,14.182,14.277,15.544,21.851,28.503,28.518,24.532,20.684,17.667,14.415,9.767,5.963,7.225,11.276,17.820,22.689,25.911,24.900,22.027,20.213,14.379
19.082,16.393,14.737,14.221,14.300,15.548,21.884,28.546,28.555,24.561,20.730,17.686,14.434,9.782,6.022,7.290,11.331,17.872,22.703,25.938,24.927,22.056,20.239,14.415
19.296,16.618,14.961,14.448,14.530,15.777,22.071,28.710,28.727,24.753,20.919,17.903,14.659,10.034,6.276,7.538,11.567,18.091,22.915,26.120,25.109,22.242,20.433,14.612
19.406,16.731,15.072,14.554,14.643,15.902,22.184,28.796,28.802,24.829,21.015,17.997,14.761,10.121,6.332,7.599,11.625,18.160,22.997,26.216,25.217,22.363,20.555,14.774
19.549,16.859,15.177,14.675,14.778,16.033,22.335,28.947,28.968,25.020,21.235,18.202,14.979,10.354,6.557,7.794,11.792,18.292,23.120,26.349,25.338,22.489,20.694,14.910
19.710,17.039,15.363,14.860,14.952,16.199,22.478,29.080,29.087,25.141,21.353,18.351,15.141,10.547,6.784,8.018,12.005,18.477,23.277,26.489,25.483,22.645,20.851,15.076
19.813,17.123,15.425,14.932,15.046,16.303,22.599,29.180,29.199,25.275,21.530,18.499,15.301,10.692,6.882,8.096,12.062,18.525,23.341,26.581,25.573,22.745,20.961,15.214
19.919,17.245,15.537,15.043,15.146,16.401,22.691,29.276,29.267,25.335,21.585,18.591,15.410,10.832,7.046,8.251,12.205,18.641,23.435,26.672,25.671,22.855,21.070,15.328
20.009,17.349,15.664,15.156,15.251,16.510,22.773,29.342,29.323,25.378,21.614,18.630,15.442,10.850,7.064,8.296,12.269,18.732,23.533,26.760,25.771,22.956,21.164,15.441
20.096,17.434,15.746,15.237,15.341,16.607,22.865,29.414,29.396,25.457,21.713,18.720,15.538,10.935,7.126,8.357,12.323,18.789,23.600,26.836,25.852,23.045,21.257,15.559
20.175,17.509,15.796,15.298,15.410,16.677,22.946,29.487,29.463,25.540,21.825,18.837,15.676,11.092,7.275,8.479,12.416,18.846,23.646,26.896,25.910,23.118,21.339,15.657
20.254,17.580,15.859,15.364,15.491,16.768,23.036,29.549,29.530,25.623,21.941,18.933,15.781,11.182,7.327,8.525,12.450,18.880,23.694,26.960,25.979,23.198,21.425,15.778
20.372,17.703,15.972,15.479,15.612,16.894,23.151,29.639,29.611,25.715,22.058,19.057,15.923,11.331,7.462,8.651,12.557,18.970,23.780,27.054,26.080,23.315,21.549,15.936
20.474,17.814,16.085,15.594,15.724,17.002,23.244,29.718,29.685,25.797,22.148,19.162,16.039,11.466,7.613,8.796,12.690,19.080,23.872,27.138,26.167,23.411,21.648,16.049
20.585,17.940,16.204,15.711,15.839,17.118,23.343,29.796,29.742,25.858,22.223,19.264,16.162,11.612,7.751,8.940,12.816,19.179,23.954,27.220,26.259,23.523,21.764,16.195
20.647,18.001,16.272,15.772,15.903,17.192,23.411,29.853,29.797,25.907,22.273,19.304,16.196,11.621,7.765,8.941,12.828,19.218,24.014,27.286,26.332,23.595,21.833,16.280
20.775,18.119,16.376,15.885,16.025,17.313,23.546,29.989,29.942,26.065,22.449,19.468,16.367,11.796,7.916,9.089,12.961,19.335,24.129,27.411,26.451,23.716,21.960,16.407
20.912,18.257,16.509,16.022,16.155,17.436,23.679,30.142,30.093,26.212,22.583,19.612,16.510,11.955,8.096,9.262,13.134,19.496,24.278,27.555,26.589,23.850,22.093,16.516
20.987,18.346,16.596,16.105,16.235,17.518,23.744,30.188,30.118,26.237,22.618,19.672,16.587,12.049,8.196,9.359,13.219,19.562,24.331,27.607,26.651,23.928,22.173,16.623
21.105,18.471,16.716,16.229,16.359,17.639,23.854,30.284,30.207,26.337,22.733,19.800,16.731,12.213,8.370,9.521,13.363,19.679,24.430,27.704,26.750,24.040,22.290,16.757
21.202,18.577,16.810,16.330,16.457,17.730,23.938,30.360,30.272,26.416,22.826,19.918,16.871,12.390,8.570,9.700,13.515,19.784,24.506,27.774,26.821,24.125,22.383,16.860
21.318,18.708,16.980,16.482,16.602,17.879,24.048,30.444,30.357,26.488,22.880,19.972,16.907,12.398,8.577,9.747,13.591,19.905,24.642,27.891,26.952,24.251,22.501,16.999
21.465,18.882,17.168,16.665,16.763,18.027,24.166,30.562,30.454,26.577,22.947,20.087,17.033,12.565,8.804,9.977,13.819,20.101,24.799,28.019,27.085,24.391,22.638,17.132
21.585,19.011,17.294,16.792,16.885,18.145,24.277,30.670,30.551,26.676,23.047,20.207,17.163,12.716,8.972,10.138,13.970,20.231,24.912,28.127,27.195,24.508,22.758,17.256
21.717,19.144,17.426,16.930,17.020,18.270,24.403,30.804,30.691,26.823,23.191,20.358,17.317,12.891,9.172,10.327,14.151,20.388,25.051,28.255,27.316,24.628,22.881,17.363
21.832,19.250,17.552,17.052,17.148,18.400,24.527,30.921,30.832,26.967,23.330,20.466,17.404,12.944,9.208,10.383,14.226,20.501,25.186,28.384,27.444,24.741,22.992,17.472
21.931,19.373,17.677,17.168,17.250,18.503,24.608,30.991,30.868,26.989,23.345,20.524,17.477,13.040,9.325,10.505,14.344,20.604,25.271,28.463,27.536,24.850,23.097,17.599
22.003,19.448,17.767,17.253,17.338,18.594,24.680,31.041,30.925,27.050,23.411,20.581,17.531,13.078,9.353,10.547,14.392,20.667,25.343,28.529,27.608,24.922,23.170,17.691
22.132,19.590,17.928,17.405,17.480,18.735,24.800,31.155,31.033,27.149,23.494,20.676,17.620,13.167,9.457,10.668,14.526,20.813,25.486,28.657,27.742,25.055,23.297,17.822
22.196,19.649,17.974,17.455,17.534,18.791,24.869,31.230,31.106,27.222,23.574,20.753,17.701,13.248,9.528,10.730,14.583,20.865,25.541,28.723,27.806,25.121,23.365,17.888
22.298,19.752,18.062,17.549,17.627,18.879,24.966,31.336,31.203,27.324,23.682,20.876,17.837,13.409,9.704,10.887,14.722,20.974,25.632,28.817,27.897,25.218,23.466,17.983
22.405,19.851,18.146,17.643,17.720,18.966,25.074,31.467,31.338,27.464,23.821,21.016,17.981,13.572,9.880,11.044,14.869,21.097,25.742,28.930,27.998,25.316,23.567,18.058
22.490,19.947,18.253,17.744,17.812,19.055,25.149,31.542,31.403,27.520,23.862,21.074,18.037,13.633,9.959,11.133,14.966,21.198,25.836,29.012,28.086,25.404,23.650,18.142
22.645,20.083,18.403,17.893,17.985,19.241,25.328,31.683,31.582,27.717,24.088,21.241,18.188,13.728,9.993,11.185,15.027,21.304,25.984,29.171,28.246,25.558,23.809,18.332
22.789,20.239,18.604,18.080,18.180,19.444,25.470,31.756,31.676,27.826,24.216,21.345,18.281,13.782,10.022,11.252,15.107,21.422,26.124,29.290,28.383,25.698,23.953,18.537
22.910,20.354,18.703,18.182,18.283,19.550,25.597,31.898,31.809,27.953,24.343,21.473,18.413,13.913,10.144,11.365,15.218,21.533,26.239,29.419,28.511,25.827,24.080,18.656
23.025,20.467,18.805,18.286,18.392,19.662,25.713,32.010,31.917,28.065,24.468,21.599,18.546,14.050,10.271,11.483,15.326,21.631,26.337,29.527,28.619,25.942,24.198,18.785
23.148,20.608,18.929,18.414,18.520,19.792,25.822,32.083,31.961,28.124,24.561,21.729,18.715,14.257,10.484,11.674,15.479,21.731,26.408,29.602,28.707,26.063,24.328,18.965
23.306,20.740,19.019,18.528,18.644,19.907,25.993,32.298,32.189,28.370,24.822,21.976,18.972,14.543,10.775,11.917,15.694,21.898,26.559,29.774,28.853,26.204,24.480,19.070
23.440,20.875,19.187,18.682,18.792,20.058,26.129,32.434,32.337,28.500,24.922,22.061,19.028,14.562,10.788,11.968,15.783,22.043,26.730,29.930,29.014,26.347,24.612,19.193
23.570,21.024,19.355,18.834,18.932,20.203,26.249,32.544,32.427,28.568,24.970,22.128,19.089,14.612,10.844,12.052,15.887,22.175,26.869,30.060,29.159,26.494,24.748,19.346
23.710,21.185,19.529,18.995,19.085,20.361,26.376,32.647,32.507,28.636,25.034,22.219,19.188,14.712,10.948,12.172,16.012,22.307,26.998,30.182,29.298,26.645,24.896,19.527
23.842,21.319,19.657,19.119,19.210,20.493,26.509,32.775,32.621,28.745,25.147,22.337,19.311,14.830,11.052,12.279,16.118,22.418,27.116,30.310,29.433,26.787,25.035,19.681
24.064,21.500,19.837,19.314,19.429,20.713,26.765,33.045,32.953,29.099,25.515,22.627,19.571,15.044,11.223,12.446,16.295,22.628,27.362,30.568,29.668,26.994,25.248,19.861
24.215,21.641,19.977,19.456,19.579,20.866,26.925,33.202,33.121,29.272,25.696,22.789,19.728,15.187,11.348,12.571,16.421,22.765,27.512,30.724,29.822,27.144,25.400,20.014
24.384,21.795,20.144,19.624,19.759,21.050,27.108,33.374,33.323,29.484,25.916,22.970,19.892,15.317,11.451,12.686,16.547,22.920,27.691,30.904,29.997,27.308,25.566,20.182
24.552,21.983,20.354,19.823,19.943,21.230,27.260,33.519,33.455,29.604,26.014,23.092,20.011,15.443,11.605,12.860,16.733,23.114,27.875,31.067,30.168,27.479,25.732,20.352
24.764,22.227,20.656,20.098,20.199,21.486,27.452,33.679,33.608,29.733,26.106,23.203,20.101,15.509,11.694,13.007,16.921,23.354,28.122,31.275,30.398,27.703,25.942,20.586
24.961,22.442,20.880,20.317,20.402,21.680,27.629,33.862,33.773,29.889,26.243,23.375,20.278,15.713,11.937,13.254,17.169,23.585,28.327,31.462,30.590,27.898,26.134,20.772
25.208,22.698,21.121,20.566,20.627,21.884,27.856,34.149,34.041,30.142,26.456,23.635,20.545,16.041,12.342,13.633,17.543,23.909,28.603,31.722,30.834,28.136,26.367,20.938
25.405,22.911,21.325,20.777,20.823,22.063,28.031,34.338,34.212,30.319,26.626,23.848,20.779,16.333,12.691,13.959,17.846,24.152,28.798,31.900,31.007,28.318,26.554,21.108
25.602,23.163,21.597,21.029,21.041,22.274,28.182,34.467,34.279,30.361,26.642,23.957,20.915,16.524,12.950,14.232,18.116,24.388,28.985,32.054,31.188,28.526,26.754,21.343
25.818,23.401,21.868,21.280,21.278,22.514,28.384,34.651,34.448,30.508,26.763,24.097,21.044,16.638,13.075,14.396,18.307,24.614,29.218,32.267,31.419,28.756,26.973,21.580
26.107,23.676,22.126,21.544,21.537,22.769,28.682,35.002,34.802,30.847,27.076,24.405,21.340,16.936,13.382,14.693,18.615,24.927,29.533,32.593,31.729,29.049,27.260,21.812
26.440,23.984,22.427,21.851,21.840,23.066,29.032,35.421,35.241,31.267,27.455,24.759,21.662,17.244,13.698,15.008,18.958,25.298,29.920,32.985,32.099,29.384,27.585,22.056
26.736,24.268,22.666,22.108,22.107,23.331,29.333,35.739,35.549,31.591,27.808,25.121,22.051,17.669,14.120,15.382,19.293,25.577,30.179,33.269,32.372,29.673,27.884,22.348
27.138,24.630,22.973,22.457,22.473,23.674,29.750,36.212,36.059,32.144,28.390,25.677,22.623,18.295,14.771,15.955,19.816,26.012,30.576,33.682,32.741,30.033,28.265,22.655
27.436,24.950,23.323,22.802,22.812,24.005,30.029,36.449,36.301,32.400,28.651,25.954,22.905,18.590,15.094,16.292,20.148,26.331,30.874,33.948,33.017,30.317,28.554,22.976
27.770,25.275,23.601,23.090,23.098,24.292,30.367,36.836,36.660,32.746,28.994,26.318,23.286,19.001,15.508,16.671,20.510,26.660,31.192,34.295,33.355,30.661,28.896,23.285
28.108,25.568,23.834,23.341,23.361,24.562,30.740,37.293,37.119,33.191,29.433,26.726,23.688,19.394,15.864,16.987,20.824,26.977,31.534,34.691,33.724,31.012,29.243,23.560
28.584,26.046,24.294,23.810,23.810,24.991,31.204,37.826,37.639,33.695,29.895,27.224,24.186,19.943,16.478,17.578,21.413,27.526,32.044,35.191,34.206,31.481,29.706,23.947
29.130,26.526,24.731,24.290,24.334,25.508,31.794,38.438,38.330,34.447,30.706,27.940,24.896,20.640,17.127,18.168,21.965,28.046,32.579,35.758,34.729,31.986,30.237,24.433
29.631,27.025,25.244,24.783,24.827,26.022,32.309,38.953,38.836,34.919,31.158,28.374,25.305,20.989,17.428,18.509,22.348,28.508,33.093,36.288,35.274,32.521,30.755,24.964
30.290,27.519,25.605,25.192,25.309,26.541,33.112,39.952,39.922,35.987,32.234,29.245,26.104,21.651,17.889,18.903,22.775,29.048,33.789,37.143,36.049,33.214,31.439,25.464
31.206,28.250,26.268,25.936,26.186,27.434,34.179,41.043,41.244,37.440,33.829,30.520,27.312,22.697,18.708,19.645,23.485,29.821,34.703,38.156,36.970,34.063,32.335,26.285
32.859,29.512,27.331,27.113,27.530,28.824,36.158,43.458,43.985,40.180,36.545,32.683,29.233,24.260,19.878,20.717,24.684,31.332,36.571,40.292,38.892,35.730,33.987,27.443
