13.454,10.881,8.287,6.141,6.990,10.577,17.580,25.367,26.469,22.195,21.993,19.723,20.936,23.193,25.868,28.973,30.196,39.529,32.974,22.022,20.098,17.348,13.767,10.679
19.621,17.133,14.715,13.167,13.718,16.925,23.712,30.810,31.780,27.768,27.258,25.369,26.315,28.349,31.002,33.599,35.110,43.099,37.768,29.934,26.812,23.830,20.258,17.308
23.080,20.587,18.505,17.213,17.609,20.387,27.148,34.354,35.238,31.649,30.978,29.226,29.617,31.514,34.359,36.668,38.097,45.011,40.564,35.145,30.688,27.322,24.133,21.225
24.476,22.028,19.899,18.888,19.167,21.750,28.538,35.424,36.230,32.569,31.959,30.199,30.745,32.537,35.300,37.425,39.114,45.654,41.571,37.300,32.378,28.946,25.596,22.659
25.460,23.036,20.897,20.016,20.227,22.874,29.534,36.105,36.910,33.268,32.466,30.916,31.431,33.203,35.926,37.945,39.724,46.063,42.203,38.313,33.418,30.022,26.585,23.733
26.015,23.596,21.504,20.641,20.829,23.560,30.088,36.530,37.356,33.805,32.810,31.451,31.824,33.605,36.340,38.316,40.051,46.262,42.529,38.717,33.919,30.551,27.151,24.391
26.467,24.065,21.984,21.145,21.323,24.038,30.519,36.890,37.710,34.181,33.174,31.841,32.211,33.977,36.693,38.642,40.382,46.526,42.847,39.131,34.343,30.993,27.602,24.864
26.919,24.525,22.452,21.674,21.826,24.468,30.963,37.299,38.096,34.571,33.593,32.242,32.624,34.361,37.070,38.976,40.758,46.787,43.208,39.821,34.867,31.483,28.086,25.336
27.283,24.919,22.831,22.077,22.223,24.864,31.291,37.500,38.289,34.757,33.790,32.458,32.896,34.617,37.272,39.158,40.963,46.973,43.406,39.985,35.152,31.830,28.410,25.687
27.607,25.250,23.147,22.401,22.543,25.224,31.616,37.753,38.549,35.006,34.001,32.713,33.164,34.889,37.526,39.406,41.225,47.248,43.680,40.193,35.452,32.162,28.712,26.011
27.830,25.469,23.383,22.659,22.789,25.442,31.846,37.996,38.786,35.263,34.247,32.965,33.383,35.099,37.754,39.614,41.436,47.391,43.884,40.578,35.726,32.402,28.968,26.262
28.096,25.737,23.671,22.927,23.063,25.738,32.101,38.243,39.041,35.551,34.499,33.254,33.630,35.352,38.010,39.874,41.660,47.607,44.101,40.725,35.937,32.630,29.228,26.548
28.362,26.034,23.953,23.209,23.355,25.993,32.319,38.400,39.184,35.676,34.710,33.412,33.874,35.577,38.180,40.044,41.841,47.810,44.265,40.794,36.108,32.858,29.450,26.772
28.620,26.311,24.238,23.491,23.646,26.207,32.536,38.634,39.399,35.893,35.032,33.652,34.163,35.843,38.421,40.286,42.077,48.033,44.472,41.027,36.316,33.077,29.700,27.003
28.757,26.463,24.368,23.649,23.796,26.353,32.661,38.679,39.437,35.907,35.060,33.683,34.246,35.915,38.460,40.310,42.137,48.086,44.536,41.110,36.441,33.230,29.816,27.124
28.944,26.669,24.559,23.857,23.999,26.566,32.828,38.751,39.506,35.964,35.115,33.760,34.364,36.024,38.531,40.368,42.216,48.160,44.616,41.156,36.580,33.413,29.973,27.301
29.094,26.824,24.705,24.003,24.148,26.715,32.971,38.876,39.629,36.076,35.243,33.878,34.507,36.165,38.660,40.499,42.354,48.315,44.755,41.252,36.711,33.560,30.109,27.437
29.249,26.996,24.874,24.178,24.324,26.874,33.103,38.963,39.710,36.155,35.350,33.974,34.635,36.282,38.750,40.583,42.443,48.396,44.834,41.316,36.821,33.697,30.247,27.582
29.437,27.202,25.080,24.394,24.543,27.016,33.256,39.121,39.847,36.284,35.581,34.125,34.845,36.468,38.908,40.736,42.608,48.542,44.975,41.525,36.985,33.866,30.429,27.741
29.582,27.353,25.247,24.574,24.716,27.168,33.392,39.244,39.964,36.425,35.716,34.270,34.969,36.583,39.024,40.835,42.701,48.581,45.057,41.706,37.128,34.003,30.587,27.908
29.696,27.478,25.372,24.705,24.848,27.270,33.486,39.323,40.034,36.493,35.824,34.351,35.078,36.680,39.103,40.910,42.781,48.650,45.125,41.795,37.219,34.105,30.693,28.011
29.905,27.702,25.628,24.956,25.100,27.517,33.666,39.463,40.175,36.687,35.991,34.557,35.238,36.833,39.248,41.041,42.874,48.681,45.196,41.881,37.353,34.262,30.900,28.254
30.006,27.775,25.720,25.015,25.166,27.622,33.800,39.693,40.422,36.955,36.204,34.796,35.399,37.018,39.484,41.299,43.092,48.925,45.425,42.057,37.492,34.363,31.029,28.379
30.185,27.969,25.918,25.195,25.360,27.776,33.947,39.856,40.575,37.111,36.431,34.967,35.606,37.214,39.660,41.485,43.263,49.112,45.576,42.143,37.608,34.500,31.191,28.533
30.317,28.094,26.047,25.300,25.474,27.913,34.084,40.022,40.750,37.291,36.597,35.140,35.760,37.379,39.836,41.677,43.433,49.315,45.749,42.219,37.722,34.616,31.319,28.665
30.420,28.198,26.154,25.406,25.578,28.044,34.189,40.097,40.832,37.315,36.650,35.202,35.832,37.456,39.912,41.750,43.499,49.376,45.820,42.261,37.809,34.715,31.417,28.781
30.516,28.287,26.226,25.475,25.652,28.089,34.293,40.125,40.843,37.383,36.668,35.232,35.960,37.564,39.941,41.770,43.597,49.530,45.928,42.285,37.946,34.831,31.516,28.843
30.612,28.421,26.315,25.604,25.773,28.223,34.351,40.258,40.986,37.503,36.833,35.348,35.992,37.615,40.074,41.926,43.694,49.559,46.019,42.459,37.955,34.932,31.545,28.899
30.779,28.587,26.546,25.818,25.987,28.404,34.502,40.335,41.053,37.611,36.934,35.491,36.140,37.739,40.150,41.968,43.727,49.587,46.024,42.511,38.098,35.043,31.755,29.129
30.896,28.713,26.682,25.960,26.128,28.529,34.603,40.414,41.128,37.703,37.030,35.592,36.235,37.825,40.228,42.036,43.788,49.614,46.074,42.599,38.189,35.143,31.871,29.256
31.002,28.827,26.806,26.085,26.253,28.641,34.695,40.492,41.202,37.791,37.125,35.688,36.327,37.911,40.306,42.108,43.851,49.628,46.127,42.670,38.270,35.233,31.976,29.369
31.174,29.017,26.988,26.255,26.434,28.808,34.836,40.601,41.306,37.887,37.272,35.803,36.492,38.068,40.430,42.240,43.979,49.786,46.245,42.674,38.365,35.369,32.115,29.511
31.291,29.133,27.124,26.380,26.560,28.954,34.949,40.710,41.422,38.035,37.377,35.949,36.590,38.171,40.542,42.350,44.060,49.845,46.321,42.728,38.450,35.461,32.235,29.654
31.361,29.199,27.187,26.448,26.624,29.036,35.029,40.780,41.497,38.109,37.423,36.018,36.647,38.233,40.610,42.415,44.129,49.913,46.398,42.811,38.536,35.544,32.308,29.732
31.477,29.319,27.306,26.569,26.747,29.124,35.136,40.909,41.617,38.223,37.585,36.137,36.789,38.366,40.738,42.545,44.264,50.045,46.523,42.972,38.656,35.656,32.427,29.834
31.548,29.390,27.376,26.651,26.823,29.208,35.212,40.963,41.671,38.278,37.618,36.191,36.837,38.413,40.786,42.583,44.311,50.074,46.574,43.062,38.741,35.740,32.502,29.916
31.707,29.559,27.571,26.825,27.008,29.359,35.341,41.117,41.821,38.462,37.836,36.385,37.014,38.583,40.951,42.753,44.442,50.186,46.680,43.146,38.836,35.844,32.660,30.079
31.809,29.666,27.684,26.939,27.121,29.473,35.436,41.192,41.896,38.546,37.914,36.474,37.098,38.664,41.027,42.824,44.508,50.237,46.742,43.211,38.920,35.937,32.759,30.188
31.896,29.754,27.771,27.024,27.208,29.560,35.519,41.274,41.978,38.628,37.999,36.557,37.184,38.750,41.111,42.910,44.591,50.326,46.825,43.277,38.997,36.019,32.842,30.272
31.974,29.835,27.851,27.097,27.285,29.640,35.592,41.343,42.047,38.696,38.074,36.629,37.263,38.830,41.184,42.988,44.665,50.411,46.897,43.305,39.055,36.087,32.912,30.344
32.076,29.944,27.955,27.210,27.397,29.720,35.685,41.436,42.131,38.769,38.189,36.710,37.374,38.931,41.274,43.074,44.765,50.505,46.990,43.441,39.161,36.192,33.013,30.433
32.186,30.060,28.073,27.332,27.520,29.806,35.780,41.543,42.228,38.864,38.332,36.813,37.500,39.046,41.381,43.179,44.873,50.604,47.087,43.577,39.265,36.293,33.124,30.531
32.287,30.162,28.180,27.443,27.630,29.905,35.879,41.643,42.325,38.967,38.437,36.917,37.599,39.142,41.478,43.271,44.965,50.678,47.175,43.704,39.371,36.393,33.231,30.637
32.431,30.308,28.330,27.588,27.777,30.039,36.018,41.799,42.480,39.125,38.614,37.076,37.760,39.300,41.637,43.434,45.121,50.835,47.325,43.853,39.508,36.529,33.377,30.779
32.518,30.392,28.419,27.663,27.857,30.150,36.107,41.881,42.571,39.228,38.681,37.176,37.835,39.384,41.726,43.528,45.197,50.923,47.405,43.858,39.569,36.601,33.457,30.875
32.617,30.480,28.521,27.758,27.950,30.262,36.220,42.019,42.716,39.393,38.803,37.328,37.939,39.497,41.862,43.665,45.316,51.029,47.527,43.998,39.687,36.701,33.572,30.998
32.675,30.542,28.577,27.819,28.009,30.332,36.278,42.051,42.750,39.423,38.822,37.360,37.977,39.535,41.893,43.693,45.350,51.064,47.565,44.023,39.739,36.764,33.624,31.056
32.768,30.626,28.668,27.902,28.092,30.432,36.382,42.176,42.880,39.562,38.935,37.490,38.079,39.645,42.019,43.822,45.469,51.184,47.688,44.138,39.844,36.858,33.726,31.161
32.852,30.704,28.751,27.981,28.170,30.533,36.477,42.271,42.983,39.674,39.008,37.594,38.154,39.728,42.113,43.917,45.555,51.268,47.780,44.219,39.935,36.945,33.815,31.259
32.957,30.812,28.865,28.103,28.292,30.592,36.570,42.407,43.104,39.794,39.197,37.719,38.301,39.860,42.244,44.045,45.689,51.377,47.897,44.434,40.062,37.048,33.935,31.353
33.067,30.920,28.979,28.193,28.391,30.724,36.678,42.517,43.224,39.927,39.303,37.850,38.409,39.979,42.367,44.180,45.797,51.514,48.008,44.447,40.128,37.132,34.033,31.467
33.146,30.996,29.057,28.274,28.468,30.825,36.767,42.590,43.303,40.013,39.348,37.930,38.467,40.042,42.437,44.245,45.861,51.567,48.078,44.510,40.216,37.220,34.116,31.562
33.224,31.075,29.136,28.359,28.551,30.896,36.843,42.666,43.376,40.083,39.430,38.003,38.546,40.118,42.510,44.315,45.937,51.635,48.151,44.616,40.301,37.301,34.197,31.638
33.324,31.169,29.243,28.440,28.640,31.021,36.945,42.785,43.506,40.238,39.541,38.149,38.648,40.233,42.639,44.457,46.043,51.758,48.260,44.623,40.367,37.375,34.293,31.753
33.449,31.292,29.382,28.554,28.765,31.139,37.062,42.946,43.670,40.421,39.737,38.330,38.808,40.396,42.812,44.642,46.197,51.921,48.403,44.712,40.462,37.468,34.421,31.880
33.562,31.406,29.491,28.652,28.868,31.254,37.175,43.061,43.788,40.533,39.852,38.443,38.928,40.521,42.933,44.773,46.323,52.075,48.532,44.766,40.557,37.574,34.524,31.984
33.673,31.507,29.589,28.744,28.959,31.382,37.304,43.194,43.931,40.675,39.950,38.573,39.036,40.640,43.067,44.912,46.457,52.228,48.680,44.873,40.683,37.696,34.637,32.104
33.771,31.600,29.692,28.854,29.065,31.464,37.407,43.328,44.060,40.812,40.095,38.706,39.152,40.753,43.193,45.032,46.578,52.319,48.795,45.085,40.816,37.803,34.756,32.212
33.866,31.698,29.788,28.955,29.164,31.569,37.500,43.396,44.129,40.880,40.155,38.776,39.228,40.827,43.261,45.095,46.646,52.383,48.865,45.154,40.904,37.900,34.845,32.308
33.987,31.810,29.903,29.074,29.279,31.685,37.635,43.556,44.290,41.044,40.303,38.930,39.361,40.964,43.414,45.246,46.799,52.523,49.021,45.369,41.065,38.037,34.983,32.440
34.119,31.939,30.061,29.208,29.420,31.834,37.762,43.716,44.457,41.253,40.483,39.133,39.504,41.113,43.582,45.420,46.928,52.634,49.138,45.457,41.164,38.132,35.126,32.599
34.222,32.046,30.163,29.316,29.525,31.956,37.862,43.774,44.517,41.310,40.523,39.195,39.574,41.183,43.640,45.473,46.988,52.694,49.203,45.497,41.250,38.236,35.217,32.702
34.366,32.202,30.311,29.464,29.678,32.079,37.987,43.895,44.629,41.409,40.679,39.308,39.729,41.328,43.766,45.602,47.123,52.842,49.329,45.600,41.366,38.367,35.348,32.823
34.490,32.333,30.428,29.593,29.804,32.211,38.105,43.965,44.697,41.460,40.733,39.368,39.821,41.417,43.834,45.665,47.206,52.933,49.417,45.671,41.479,38.500,35.456,32.935
34.600,32.428,30.541,29.706,29.912,32.321,38.236,44.141,44.877,41.662,40.899,39.552,39.950,41.552,44.002,45.828,47.357,53.051,49.569,45.916,41.640,38.622,35.597,33.074
34.739,32.557,30.664,29.851,30.047,32.426,38.394,44.338,45.067,41.834,41.091,39.715,40.120,41.716,44.183,46.001,47.558,53.230,49.773,46.271,41.865,38.804,35.764,33.213
34.886,32.711,30.804,29.990,30.192,32.541,38.528,44.480,45.200,41.944,41.265,39.835,40.292,41.881,44.329,46.156,47.726,53.428,49.936,46.400,41.999,38.947,35.897,33.327
35.017,32.852,30.934,30.113,30.322,32.660,38.645,44.589,45.305,42.033,41.396,39.934,40.434,42.018,44.447,46.282,47.856,53.589,50.063,46.456,42.097,39.065,36.009,33.433
35.189,33.020,31.111,30.292,30.503,32.782,38.813,44.825,45.528,42.255,41.681,40.156,40.663,42.237,44.677,46.513,48.089,53.803,50.281,46.781,42.305,39.238,36.203,33.597
35.314,33.133,31.266,30.422,30.634,32.961,38.949,44.983,45.705,42.498,41.819,40.380,40.771,42.362,44.840,46.675,48.190,53.863,50.379,46.863,42.408,39.331,36.351,33.783
35.469,33.287,31.445,30.601,30.814,33.075,39.094,45.198,45.907,42.722,42.097,40.604,40.979,42.557,45.050,46.882,48.382,54.009,50.548,47.079,42.588,39.473,36.537,33.946
35.605,33.420,31.576,30.707,30.926,33.273,39.236,45.293,46.024,42.851,42.140,40.728,41.068,42.668,45.160,47.005,48.478,54.148,50.661,47.171,42.660,39.586,36.645,34.094
35.704,33.517,31.678,30.805,31.024,33.380,39.337,45.398,46.132,42.967,42.240,40.841,41.164,42.767,45.265,47.110,48.576,54.243,50.759,47.171,42.757,39.682,36.747,34.201
35.858,33.671,31.846,30.962,31.186,33.532,39.486,45.569,46.303,43.155,42.432,41.028,41.333,42.936,45.440,47.288,48.734,54.392,50.909,47.319,42.897,39.818,36.907,34.363
36.003,33.806,31.972,31.086,31.310,33.661,39.647,45.762,46.498,43.334,42.616,41.198,41.508,43.116,45.632,47.489,48.943,54.626,51.127,47.532,43.078,39.982,37.058,34.499
36.132,33.944,32.097,31.205,31.436,33.789,39.761,45.849,46.583,43.403,42.711,41.278,41.627,43.233,45.727,47.590,49.051,54.765,51.235,47.552,43.167,40.099,37.162,34.604
36.287,34.093,32.247,31.335,31.575,33.934,39.922,46.054,46.793,43.612,42.928,41.480,41.823,43.436,45.941,47.820,49.265,55.013,51.450,47.696,43.317,40.244,37.318,34.752
36.418,34.205,32.357,31.445,31.679,34.076,40.087,46.246,46.996,43.814,43.071,41.660,41.962,43.591,46.126,48.007,49.455,55.208,51.658,47.927,43.510,40.408,37.468,34.902
36.546,34.329,32.482,31.576,31.807,34.194,40.221,46.393,47.141,43.957,43.218,41.800,42.099,43.727,46.268,48.146,49.600,55.344,51.804,48.123,43.664,40.548,37.606,35.032
36.701,34.472,32.651,31.713,31.951,34.382,40.385,46.592,47.356,44.212,43.406,42.040,42.262,43.907,46.477,48.368,49.771,55.518,51.976,48.211,43.792,40.673,37.770,35.219
36.915,34.667,32.877,31.915,32.157,34.609,40.619,46.896,47.672,44.570,43.707,42.376,42.508,44.169,46.783,48.682,50.041,55.769,52.244,48.489,44.025,40.872,38.014,35.472
37.102,34.848,33.064,32.086,32.335,34.775,40.810,47.142,47.918,44.818,43.975,42.617,42.742,44.406,47.034,48.945,50.290,56.035,52.490,48.721,44.223,41.053,38.211,35.655
37.284,35.024,33.233,32.230,32.488,34.985,40.999,47.322,48.113,45.010,44.126,42.803,42.917,44.599,47.228,49.157,50.486,56.287,52.699,48.754,44.366,41.222,38.371,35.831
37.502,35.242,33.418,32.413,32.674,35.206,41.226,47.517,48.313,45.169,44.287,42.963,43.127,44.817,47.429,49.370,50.724,56.593,52.958,48.887,44.579,41.459,38.561,36.017
37.695,35.421,33.580,32.596,32.846,35.395,41.451,47.745,48.543,45.374,44.463,43.154,43.320,45.016,47.642,49.577,50.964,56.836,53.218,49.220,44.853,41.707,38.768,36.212
37.967,35.679,33.840,32.820,33.084,35.656,41.738,48.104,48.913,45.743,44.829,43.508,43.653,45.366,48.015,49.978,51.339,57.269,53.599,49.477,45.125,41.967,39.043,36.477
38.111,35.819,33.938,32.956,33.205,35.785,41.907,48.230,49.034,45.805,44.897,43.568,43.776,45.487,48.124,50.076,51.505,57.456,53.791,49.738,45.349,42.184,39.182,36.595
38.395,36.089,34.185,33.195,33.449,36.043,42.215,48.583,49.391,46.124,45.232,43.875,44.109,45.832,48.478,50.450,51.897,57.912,54.201,50.084,45.680,42.498,39.464,36.852
38.703,36.364,34.457,33.434,33.694,36.380,42.575,49.000,49.836,46.569,45.576,44.284,44.449,46.209,48.903,50.900,52.324,58.405,54.660,50.403,46.032,42.829,39.783,37.179
38.952,36.598,34.607,33.636,33.873,36.645,42.884,49.204,50.050,46.676,45.625,44.378,44.635,46.411,49.087,51.077,52.612,58.778,55.014,50.722,46.400,43.206,40.004,37.386
39.268,36.899,34.944,33.924,34.181,36.920,43.199,49.665,50.512,47.173,46.159,44.860,45.062,46.845,49.561,51.580,53.056,59.234,55.437,51.116,46.713,43.478,40.349,37.709
39.669,37.290,35.286,34.248,34.512,37.365,43.631,50.040,50.911,47.520,46.435,45.196,45.431,47.245,49.951,51.995,53.492,59.796,55.920,51.307,47.097,43.908,40.703,38.079
40.319,37.917,35.799,34.814,35.062,37.937,44.354,50.757,51.621,48.062,47.041,45.722,46.131,47.954,50.644,52.703,54.350,60.802,56.846,52.236,47.945,44.726,41.335,38.630
40.801,38.362,36.270,35.235,35.490,38.494,44.888,51.343,52.249,48.737,47.541,46.353,46.617,48.488,51.244,53.327,54.907,61.396,57.432,52.645,48.435,45.200,41.835,39.171
41.415,38.969,36.787,35.753,36.012,39.135,45.540,51.894,52.820,49.198,47.964,46.811,47.187,49.087,51.806,53.915,55.570,62.233,58.159,53.046,49.056,45.884,42.377,39.713
41.997,39.503,37.305,36.247,36.503,39.754,46.205,52.619,53.580,49.940,48.560,47.501,47.797,49.746,52.529,54.665,56.316,63.062,58.960,53.718,49.743,46.530,42.978,40.318
43.090,40.520,38.160,37.180,37.405,40.705,47.469,53.993,54.954,51.060,49.724,48.554,49.040,51.024,53.852,56.016,57.895,64.856,60.659,55.560,51.282,47.936,44.103,41.290
44.369,41.770,39.519,38.333,38.642,41.969,48.719,55.577,56.576,52.821,51.494,50.280,50.567,52.601,55.521,57.798,59.428,66.518,62.144,56.495,52.347,48.990,45.395,42.595
47.446,44.782,42.434,41.063,41.478,44.749,51.850,59.228,60.229,56.277,55.318,53.686,54.193,56.280,59.251,61.733,63.348,70.955,66.099,59.706,55.498,52.065,48.434,45.419
