-11.106,-13.670,-15.329,-17.019,-17.183,-13.910,-6.150,0.188,0.303,-8.747,-13.690,-16.395,-16.546,-20.226,-25.644,-24.169,-16.378,-6.695,2.503,13.723,15.334,12.188,8.776,1.188
-0.472,-2.407,-3.882,-5.057,-4.912,-1.427,5.585,11.104,11.430,3.866,-0.260,-3.746,-5.085,-8.491,-13.255,-12.546,-6.450,3.031,11.091,19.721,23.308,19.534,16.843,11.053
2.427,0.616,-0.745,-1.852,-1.695,1.550,8.207,13.381,13.596,6.483,2.612,-0.660,-1.945,-5.230,-9.731,-9.081,-3.416,5.686,13.156,21.324,24.997,21.269,18.639,13.196
5.201,3.544,2.225,1.203,1.355,4.526,10.912,15.988,16.302,9.570,5.789,2.476,0.916,-2.150,-6.310,-5.674,-0.508,8.043,15.401,22.987,26.351,22.870,20.453,15.401
6.473,4.891,3.600,2.608,2.749,5.850,12.129,17.186,17.519,10.958,7.191,3.885,2.178,-0.793,-4.767,-4.105,0.781,9.059,16.369,23.724,26.909,23.546,21.190,16.306
7.700,6.206,4.969,4.022,4.189,7.216,13.425,18.394,18.667,12.306,8.611,5.292,3.426,0.465,-3.368,-2.746,1.812,10.048,17.145,24.257,27.680,24.213,21.849,17.174
8.859,7.446,6.235,5.352,5.556,8.601,14.707,19.569,19.865,13.699,10.109,6.702,4.691,1.769,-1.973,-1.443,2.893,11.085,18.031,24.813,28.466,24.931,22.658,18.212
9.631,8.250,7.087,6.216,6.421,9.352,15.351,20.091,20.310,14.281,10.775,7.483,5.529,2.625,-1.037,-0.513,3.684,11.779,18.485,25.175,28.885,25.339,23.040,18.681
10.259,8.875,7.721,6.840,7.021,9.889,15.807,20.510,20.729,14.741,11.251,8.056,6.186,3.338,-0.274,0.286,4.484,12.398,19.062,25.746,29.226,25.812,23.534,19.169
10.785,9.430,8.294,7.430,7.618,10.456,16.329,20.986,21.189,15.280,11.826,8.641,6.740,3.907,0.343,0.888,4.986,12.859,19.435,26.024,29.559,26.129,23.861,19.571
11.315,9.974,8.857,7.994,8.168,10.941,16.733,21.339,21.527,15.690,12.267,9.160,7.302,4.513,1.013,1.577,5.614,13.341,19.834,26.371,29.781,26.430,24.175,19.921
11.758,10.428,9.319,8.468,8.647,11.410,17.151,21.705,21.896,16.111,12.730,9.636,7.799,5.028,1.543,2.086,6.104,13.791,20.218,26.684,30.112,26.771,24.544,20.333
12.060,10.722,9.617,8.759,8.924,11.652,17.349,21.880,22.070,16.299,12.928,9.895,8.122,5.380,1.912,2.475,6.513,14.107,20.510,26.987,30.286,27.018,24.800,20.575
12.304,10.973,9.882,9.027,9.195,11.893,17.562,22.050,22.211,16.477,13.137,10.138,8.392,5.646,2.190,2.744,6.754,14.345,20.664,27.121,30.473,27.182,24.952,20.748
12.693,11.370,10.280,9.430,9.595,12.289,17.926,22.405,22.584,16.878,13.546,10.548,8.796,6.077,2.647,3.203,7.191,14.715,21.036,27.447,30.733,27.487,25.285,21.105
13.024,11.722,10.646,9.802,9.961,12.614,18.210,22.668,22.835,17.186,13.867,10.900,9.129,6.437,3.064,3.632,7.536,14.973,21.245,27.601,30.834,27.622,25.424,21.290
13.327,12.022,10.955,10.106,10.256,12.868,18.423,22.852,23.006,17.382,14.078,11.169,9.451,6.779,3.427,4.011,7.912,15.274,21.499,27.858,31.009,27.845,25.647,21.510
13.590,12.298,11.234,10.390,10.538,13.144,18.677,23.103,23.268,17.672,14.371,11.460,9.718,7.066,3.745,4.331,8.191,15.500,21.725,28.038,31.146,28.011,25.832,21.724
13.769,12.477,11.411,10.567,10.708,13.308,18.821,23.246,23.425,17.839,14.537,11.636,9.902,7.272,3.966,4.562,8.423,15.673,21.911,28.210,31.237,28.149,25.988,21.883
14.076,12.798,11.746,10.904,11.038,13.597,19.069,23.472,23.638,18.100,14.810,11.948,10.214,7.608,4.351,4.961,8.757,15.924,22.114,28.376,31.342,28.291,26.132,22.059
14.266,13.008,11.958,11.128,11.267,13.830,19.292,23.695,23.871,18.368,15.082,12.192,10.402,7.808,4.583,5.184,8.917,16.060,22.249,28.446,31.427,28.374,26.232,22.206
14.453,13.188,12.140,11.302,11.429,13.968,19.410,23.808,23.982,18.478,15.190,12.341,10.591,8.013,4.797,5.418,9.167,16.253,22.438,28.658,31.545,28.541,26.399,22.354
14.639,13.376,12.329,11.495,11.624,14.163,19.585,23.963,24.141,18.653,15.382,12.537,10.802,8.232,5.017,5.629,9.383,16.453,22.617,28.813,31.701,28.704,26.576,22.543
14.825,13.558,12.513,11.676,11.801,14.329,19.737,24.105,24.279,18.793,15.527,12.705,10.997,8.432,5.217,5.834,9.600,16.650,22.800,29.005,31.865,28.885,26.756,22.715
14.929,13.667,12.633,11.794,11.920,14.420,19.832,24.192,24.337,18.864,15.600,12.798,11.088,8.511,5.311,5.934,9.662,16.722,22.832,29.048,31.943,28.938,26.781,22.745
15.168,13.906,12.873,12.031,12.147,14.629,20.011,24.368,24.523,19.064,15.799,13.024,11.331,8.782,5.606,6.246,9.968,16.948,23.063,29.269,32.055,29.111,26.970,22.935
15.351,14.082,13.049,12.203,12.310,14.777,20.126,24.464,24.625,19.174,15.920,13.181,11.539,9.011,5.839,6.488,10.240,17.157,23.259,29.468,32.165,29.275,27.149,23.105
15.485,14.222,13.190,12.350,12.463,14.938,20.289,24.621,24.782,19.341,16.094,13.339,11.677,9.145,5.973,6.610,10.345,17.284,23.375,29.561,32.308,29.395,27.271,23.244
15.596,14.334,13.307,12.465,12.576,15.034,20.375,24.697,24.847,19.415,16.173,13.439,11.791,9.260,6.095,6.737,10.464,17.389,23.457,29.646,32.386,29.476,27.346,23.318
15.719,14.455,13.434,12.592,12.704,15.150,20.485,24.788,24.922,19.497,16.268,13.551,11.925,9.386,6.218,6.856,10.584,17.522,23.554,29.750,32.521,29.595,27.453,23.425
15.840,14.585,13.553,12.719,12.833,15.311,20.654,24.986,25.155,19.729,16.485,13.718,12.035,9.511,6.353,6.986,10.699,17.620,23.715,29.870,32.613,29.705,27.595,23.587
16.002,14.750,13.714,12.885,13.003,15.499,20.834,25.162,25.349,19.929,16.692,13.905,12.212,9.696,6.535,7.156,10.874,17.792,23.896,30.021,32.769,29.866,27.777,23.784
16.161,14.910,13.882,13.053,13.168,15.639,20.950,25.251,25.421,20.022,16.802,14.049,12.388,9.875,6.723,7.346,11.056,17.952,24.007,30.129,32.873,29.975,27.879,23.891
16.253,14.998,13.982,13.142,13.254,15.689,21.016,25.317,25.447,20.040,16.813,14.098,12.454,9.922,6.774,7.415,11.107,18.023,24.044,30.219,32.984,30.062,27.920,23.910
16.317,15.065,14.052,13.209,13.320,15.745,21.087,25.404,25.523,20.112,16.870,14.157,12.493,9.953,6.815,7.466,11.133,18.058,24.084,30.275,33.044,30.113,27.952,23.939
16.547,15.306,14.308,13.474,13.590,15.990,21.288,25.545,25.643,20.284,17.088,14.405,12.771,10.235,7.110,7.742,11.380,18.291,24.219,30.360,33.191,30.241,28.083,24.108
16.709,15.473,14.477,13.650,13.770,16.171,21.457,25.696,25.794,20.453,17.272,14.585,12.951,10.417,7.293,7.913,11.541,18.455,24.360,30.473,33.335,30.374,28.225,24.268
16.828,15.584,14.587,13.748,13.856,16.236,21.520,25.779,25.876,20.521,17.318,14.662,13.046,10.525,7.415,8.065,11.701,18.560,24.492,30.644,33.395,30.486,28.329,24.344
16.962,15.716,14.719,13.878,13.983,16.357,21.630,25.881,25.979,20.626,17.428,14.786,13.190,10.674,7.564,8.216,11.864,18.705,24.629,30.785,33.510,30.616,28.462,24.473
17.031,15.791,14.792,13.954,14.060,16.441,21.721,25.985,26.090,20.738,17.532,14.872,13.247,10.733,7.633,8.286,11.914,18.752,24.696,30.838,33.561,30.667,28.518,24.538
17.160,15.936,14.935,14.107,14.217,16.615,21.901,26.184,26.306,20.971,17.756,15.054,13.362,10.857,7.778,8.425,12.003,18.834,24.807,30.898,33.633,30.736,28.604,24.660
17.298,16.081,15.089,14.262,14.372,16.747,22.014,26.278,26.388,21.078,17.876,15.195,13.507,11.008,7.949,8.598,12.144,18.949,24.884,30.957,33.690,30.797,28.660,24.733
17.444,16.233,15.243,14.421,14.533,16.911,22.176,26.435,26.544,21.246,18.049,15.359,13.656,11.155,8.102,8.745,12.272,19.083,25.007,31.061,33.821,30.915,28.781,24.870
17.572,16.356,15.370,14.540,14.644,16.997,22.259,26.523,26.619,21.316,18.109,15.452,13.770,11.273,8.230,8.893,12.419,19.200,25.121,31.207,33.911,31.029,28.879,24.949
17.638,16.428,15.437,14.608,14.713,17.082,22.359,26.650,26.762,21.453,18.228,15.540,13.814,11.321,8.287,8.954,12.460,19.238,25.203,31.275,33.965,31.088,28.947,25.025
17.747,16.538,15.551,14.720,14.822,17.178,22.459,26.754,26.854,21.546,18.316,15.639,13.911,11.414,8.389,9.064,12.555,19.330,25.287,31.372,34.057,31.178,29.023,25.099
17.852,16.647,15.659,14.830,14.933,17.292,22.580,26.885,26.989,21.684,18.446,15.756,14.004,11.509,8.492,9.169,12.642,19.414,25.387,31.462,34.145,31.266,29.113,25.196
17.947,16.749,15.758,14.934,15.040,17.415,22.707,27.022,27.139,21.838,18.597,15.880,14.095,11.603,8.591,9.261,12.718,19.494,25.485,31.535,34.231,31.347,29.206,25.306
18.054,16.856,15.859,15.035,15.137,17.522,22.813,27.145,27.282,21.975,18.722,15.994,14.195,11.717,8.712,9.389,12.850,19.595,25.625,31.668,34.305,31.452,29.328,25.427
18.219,17.028,16.029,15.211,15.317,17.711,22.995,27.325,27.474,22.181,18.932,16.187,14.366,11.896,8.900,9.569,13.013,19.747,25.784,31.791,34.432,31.583,29.476,25.595
18.319,17.132,16.135,15.317,15.422,17.811,23.099,27.435,27.579,22.288,19.034,16.289,14.457,11.985,8.997,9.671,13.097,19.830,25.866,31.875,34.516,31.664,29.550,25.673
18.473,17.288,16.296,15.481,15.586,17.966,23.228,27.536,27.679,22.411,19.177,16.448,14.637,12.175,9.192,9.859,13.284,19.993,25.995,31.979,34.617,31.775,29.672,25.808
18.646,17.453,16.466,15.648,15.750,18.106,23.335,27.607,27.737,22.481,19.272,16.589,14.843,12.388,9.400,10.066,13.519,20.201,26.150,32.144,34.759,31.935,29.831,25.959
18.758,17.562,16.577,15.757,15.857,18.207,23.430,27.692,27.817,22.561,19.358,16.688,14.963,12.507,9.515,10.183,13.647,20.326,26.261,32.263,34.875,32.054,29.947,26.068
18.872,17.675,16.700,15.875,15.971,18.286,23.500,27.748,27.844,22.599,19.401,16.772,15.074,12.614,9.632,10.311,13.760,20.428,26.318,32.343,34.952,32.128,29.996,26.110
18.999,17.806,16.827,16.004,16.099,18.425,23.637,27.895,28.008,22.764,19.560,16.916,15.198,12.748,9.775,10.455,13.897,20.544,26.461,32.468,35.046,32.240,30.124,26.246
19.123,17.934,16.960,16.140,16.237,18.552,23.757,28.001,28.103,22.874,19.680,17.044,15.329,12.877,9.910,10.586,14.010,20.660,26.547,32.542,35.146,32.329,30.207,26.341
19.304,18.109,17.134,16.313,16.404,18.713,23.882,28.103,28.215,22.997,19.819,17.210,15.541,13.109,10.142,10.819,14.275,20.872,26.744,32.730,35.268,32.495,30.394,26.524
19.410,18.217,17.245,16.426,16.520,18.829,23.999,28.213,28.323,23.110,19.938,17.325,15.652,13.216,10.248,10.919,14.368,20.978,26.838,32.816,35.382,32.595,30.493,26.630
19.530,18.335,17.361,16.541,16.632,18.938,24.094,28.304,28.420,23.210,20.040,17.438,15.779,13.354,10.390,11.065,14.523,21.104,26.966,32.941,35.465,32.703,30.611,26.745
19.611,18.415,17.442,16.618,16.707,19.007,24.171,28.388,28.498,23.280,20.103,17.507,15.849,13.421,10.457,11.139,14.597,21.180,27.047,33.040,35.557,32.794,30.691,26.816
19.713,18.518,17.544,16.721,16.810,19.111,24.274,28.494,28.604,23.389,20.211,17.612,15.949,13.522,10.561,11.243,14.697,21.277,27.146,33.135,35.650,32.889,30.787,26.915
19.858,18.661,17.700,16.873,16.960,19.224,24.371,28.558,28.635,23.435,20.275,17.725,16.108,13.673,10.714,11.400,14.848,21.428,27.228,33.238,35.775,33.001,30.874,26.995
19.949,18.753,17.790,16.962,17.048,19.317,24.471,28.671,28.754,23.549,20.381,17.821,16.189,13.756,10.801,11.491,14.933,21.508,27.328,33.337,35.859,33.091,30.967,27.089
20.110,18.910,17.947,17.120,17.209,19.480,24.625,28.807,28.889,23.685,20.531,17.977,16.370,13.934,10.966,11.647,15.111,21.698,27.498,33.507,36.051,33.275,31.154,27.273
20.213,19.008,18.047,17.218,17.306,19.572,24.718,28.892,28.964,23.755,20.606,18.065,16.478,14.035,11.057,11.736,15.216,21.819,27.602,33.628,36.190,33.404,31.273,27.382
20.375,19.174,18.216,17.390,17.482,19.746,24.889,29.053,29.119,23.921,20.780,18.237,16.646,14.199,11.223,11.895,15.362,21.975,27.739,33.752,36.348,33.546,31.413,27.533
20.510,19.308,18.351,17.520,17.610,19.868,25.029,29.212,29.271,24.061,20.903,18.361,16.756,14.302,11.330,12.014,15.469,22.090,27.870,33.906,36.495,33.688,31.539,27.649
20.665,19.465,18.512,17.685,17.779,20.038,25.192,29.357,29.409,24.209,21.067,18.525,16.929,14.469,11.490,12.162,15.617,22.259,28.008,34.032,36.670,33.842,31.692,27.812
20.792,19.597,18.642,17.817,17.914,20.182,25.353,29.534,29.589,24.384,21.232,18.668,17.039,14.574,11.598,12.269,15.706,22.365,28.135,34.153,36.813,33.970,31.817,27.943
20.968,19.774,18.822,17.996,18.090,20.344,25.505,29.680,29.730,24.535,21.384,18.836,17.214,14.756,11.791,12.469,15.895,22.529,28.287,34.304,36.938,34.109,31.955,28.083
21.100,19.904,18.958,18.127,18.217,20.449,25.607,29.779,29.811,24.618,21.466,18.945,17.339,14.878,11.921,12.609,16.027,22.652,28.389,34.428,37.047,34.221,32.050,28.169
21.238,20.044,19.089,18.261,18.352,20.610,25.779,29.972,30.028,24.824,21.659,19.105,17.469,15.013,12.052,12.738,16.161,22.788,28.573,34.598,37.205,34.386,32.232,28.354
21.387,20.195,19.244,18.418,18.512,20.765,25.930,30.109,30.155,24.960,21.807,19.257,17.627,15.166,12.204,12.883,16.300,22.940,28.697,34.716,37.359,34.523,32.364,28.493
21.558,20.370,19.414,18.590,18.682,20.944,26.109,30.306,30.370,25.175,22.010,19.444,17.788,15.339,12.390,13.073,16.479,23.092,28.885,34.887,37.485,34.674,32.530,28.667
21.684,20.499,19.544,18.724,18.819,21.085,26.241,30.425,30.492,25.309,22.155,19.584,17.930,15.483,12.533,13.206,16.611,23.224,29.004,34.985,37.602,34.786,32.652,28.801
21.848,20.655,19.710,18.880,18.970,21.198,26.348,30.512,30.544,25.360,22.214,19.697,18.093,15.636,12.684,13.371,16.783,23.396,29.123,35.151,37.768,34.946,32.778,28.904
21.993,20.792,19.844,19.005,19.087,21.308,26.461,30.642,30.679,25.477,22.313,19.812,18.223,15.773,12.823,13.529,16.960,23.544,29.300,35.360,37.901,35.113,32.942,29.044
22.205,21.006,20.065,19.229,19.311,21.514,26.643,30.795,30.820,25.641,22.498,20.021,18.458,16.012,13.069,13.771,17.194,23.761,29.470,35.515,38.064,35.279,33.108,29.220
22.404,21.207,20.268,19.434,19.516,21.716,26.828,30.966,30.993,25.827,22.696,20.225,18.672,16.234,13.295,13.993,17.414,23.963,29.656,35.683,38.225,35.449,33.287,29.409
22.580,21.382,20.436,19.604,19.685,21.903,27.012,31.159,31.208,26.037,22.901,20.413,18.852,16.425,13.484,14.179,17.615,24.149,29.873,35.888,38.396,35.641,33.500,29.623
22.800,21.601,20.660,19.828,19.911,22.118,27.216,31.340,31.376,26.214,23.095,20.626,19.090,16.658,13.711,14.400,17.841,24.384,30.069,36.084,38.623,35.854,33.707,29.832
22.994,21.788,20.852,20.018,20.099,22.286,27.362,31.454,31.475,26.321,23.223,20.792,19.312,16.880,13.925,14.611,18.079,24.613,30.250,36.278,38.816,36.052,33.899,30.013
23.175,21.967,21.034,20.194,20.265,22.429,27.482,31.567,31.586,26.441,23.342,20.946,19.495,17.081,14.142,14.846,18.314,24.787,30.415,36.452,38.904,36.186,34.035,30.141
23.409,22.193,21.252,20.405,20.466,22.631,27.684,31.796,31.835,26.670,23.549,21.159,19.711,17.315,14.384,15.110,18.597,25.017,30.700,36.757,39.094,36.433,34.294,30.379
23.674,22.460,21.531,20.682,20.743,22.874,27.911,31.991,31.997,26.852,23.751,21.402,19.990,17.586,14.660,15.386,18.859,25.283,30.895,36.962,39.335,36.656,34.492,30.579
23.842,22.629,21.694,20.845,20.905,23.055,28.114,32.226,32.246,27.085,23.962,21.583,20.131,17.727,14.803,15.534,19.000,25.431,31.094,37.164,39.522,36.845,34.686,30.771
24.129,22.921,21.982,21.144,21.213,23.390,28.437,32.533,32.574,27.428,24.324,21.914,20.450,18.051,15.119,15.824,19.297,25.740,31.401,37.419,39.821,37.134,35.005,31.116
24.400,23.208,22.263,21.431,21.498,23.691,28.744,32.877,32.947,27.812,24.683,22.231,20.690,18.312,15.415,16.130,19.549,25.944,31.670,37.643,39.984,37.328,35.223,31.364
24.805,23.613,22.664,21.840,21.913,24.126,29.167,33.283,33.367,28.238,25.127,22.659,21.126,18.750,15.837,16.531,19.972,26.383,32.100,38.044,40.420,37.756,35.672,31.825
25.075,23.873,22.935,22.105,22.173,24.348,29.356,33.428,33.484,28.369,25.286,22.881,21.427,19.052,16.135,16.833,20.297,26.686,32.328,38.297,40.661,38.006,35.907,32.045
25.403,24.199,23.258,22.426,22.495,24.677,29.703,33.786,33.841,28.711,25.619,23.205,21.745,19.360,16.434,17.132,20.605,27.019,32.677,38.662,41.044,38.375,36.269,32.397
25.693,24.498,23.530,22.710,22.792,25.069,30.164,34.332,34.453,29.279,26.138,23.586,21.987,19.597,16.654,17.333,20.801,27.283,33.100,39.044,41.467,38.773,36.707,32.853
26.161,24.969,24.000,23.176,23.249,25.513,30.602,34.790,34.919,29.749,26.589,24.046,22.431,20.060,17.145,17.847,21.290,27.711,33.558,39.503,41.830,39.183,37.121,33.266
26.601,25.424,24.451,23.641,23.729,26.034,31.150,35.351,35.493,30.328,27.168,24.556,22.866,20.479,17.557,18.231,21.641,28.132,33.999,39.895,42.344,39.635,37.584,33.766
27.102,25.922,24.926,24.121,24.216,26.591,31.760,36.023,36.212,31.000,27.803,25.100,23.335,20.941,17.992,18.655,22.094,28.642,34.630,40.522,42.988,40.265,38.240,34.414
27.644,26.479,25.469,24.670,24.775,27.204,32.462,36.817,37.027,31.774,28.516,25.705,23.792,21.370,18.424,19.088,22.468,29.106,35.216,41.108,43.652,40.869,38.832,35.017
28.429,27.302,26.279,25.505,25.635,28.150,33.496,37.939,38.192,32.936,29.629,26.646,24.501,22.057,19.131,19.766,23.024,29.770,36.006,41.801,44.512,41.634,39.615,35.877
29.933,28.851,27.841,27.078,27.221,29.733,35.165,39.687,39.909,34.671,31.307,28.240,25.886,23.404,20.543,21.190,24.246,31.073,37.350,43.109,45.974,42.988,40.914,37.240
