12.767,8.568,5.833,3.176,2.234,1.029,1.971,3.424,8.571,8.177,3.331,3.270,-0.010,-3.881,-6.842,-3.743,4.132,15.117,27.952,38.450,42.338,34.981,28.608,20.563
18.978,15.204,13.096,10.938,9.953,8.948,10.022,10.521,14.912,14.809,10.742,11.086,7.732,4.097,1.849,4.066,10.777,20.599,31.227,40.002,42.997,36.910,32.020,25.802
21.270,17.106,15.746,14.275,13.244,12.511,13.737,13.637,16.709,16.590,13.764,14.497,11.341,8.599,6.396,8.692,14.617,23.404,32.342,40.349,43.925,38.378,33.579,27.717
23.039,19.708,18.490,16.785,15.746,15.056,16.086,16.206,19.759,19.637,16.490,17.116,14.242,11.639,9.704,11.706,16.949,24.879,33.581,41.128,44.131,39.349,34.867,29.360
24.222,21.028,19.889,18.333,17.356,16.709,17.707,17.740,21.000,20.908,18.012,18.632,15.884,13.411,11.609,13.461,18.413,25.921,34.016,41.208,44.446,39.361,35.215,30.118
25.060,21.857,20.753,19.326,18.417,17.803,18.758,18.842,21.801,21.670,19.017,19.589,17.014,14.738,12.915,14.827,19.645,26.849,34.607,41.487,44.531,39.876,35.744,30.693
25.420,22.295,21.207,19.794,18.902,18.298,19.229,19.324,22.252,22.122,19.499,20.053,17.531,15.292,13.505,15.378,20.103,27.168,34.798,41.554,44.534,39.965,35.911,30.952
25.811,22.789,21.698,20.257,19.386,18.787,19.667,19.868,22.827,22.668,20.020,20.520,18.097,15.926,14.132,16.029,20.676,27.584,35.209,41.939,44.932,40.393,36.304,31.305
26.183,23.213,22.117,20.679,19.833,19.240,20.082,20.362,23.293,23.107,20.481,20.936,18.601,16.498,14.690,16.619,21.211,27.990,35.573,42.245,45.275,40.760,36.642,31.614
26.404,23.413,22.383,21.010,20.164,19.597,20.448,20.676,23.480,23.294,20.785,21.270,18.962,16.942,15.146,17.073,21.581,28.246,35.652,42.262,45.292,40.842,36.751,31.777
26.788,23.774,22.776,21.460,20.625,20.072,20.928,21.121,23.811,23.627,21.215,21.713,19.429,17.462,15.674,17.598,22.057,28.644,35.905,42.406,45.456,41.058,37.003,32.083
26.903,23.941,22.982,21.654,20.801,20.258,21.116,21.281,24.010,23.836,21.406,21.926,19.633,17.673,15.918,17.802,22.197,28.732,35.958,42.433,45.464,41.109,37.092,32.221
27.043,24.094,23.174,21.855,20.992,20.458,21.324,21.453,24.173,24.006,21.596,22.140,19.839,17.897,16.162,18.024,22.371,28.866,36.035,42.481,45.513,41.191,37.201,32.367
27.268,24.398,23.471,22.126,21.272,20.738,21.576,21.754,24.518,24.345,21.898,22.414,20.155,18.225,16.505,18.353,22.652,29.068,36.235,42.650,45.648,41.357,37.383,32.564
27.404,24.551,23.635,22.285,21.425,20.893,21.733,21.900,24.680,24.511,22.056,22.579,20.314,18.382,16.674,18.506,22.786,29.191,36.348,42.756,45.744,41.467,37.508,32.708
27.541,24.645,23.781,22.480,21.609,21.094,21.956,22.055,24.750,24.589,22.215,22.779,20.500,18.606,16.907,18.733,22.976,29.350,36.399,42.762,45.766,41.534,37.596,32.835
27.686,24.787,23.935,22.651,21.779,21.268,22.139,22.203,24.870,24.720,22.371,22.949,20.658,18.760,17.080,18.880,23.106,29.470,36.461,42.778,45.780,41.550,37.657,32.950
27.830,24.939,24.081,22.797,21.928,21.414,22.285,22.343,25.013,24.868,22.515,23.092,20.796,18.886,17.215,19.000,23.226,29.593,36.574,42.873,45.833,41.628,37.760,33.078
27.952,25.094,24.218,22.920,22.060,21.542,22.397,22.489,25.181,25.032,22.656,23.210,20.936,19.023,17.353,19.137,23.358,29.703,36.698,42.987,45.926,41.726,37.862,33.180
28.113,25.244,24.362,23.072,22.217,21.698,22.554,22.645,25.318,25.168,22.806,23.358,21.086,19.173,17.501,19.289,23.516,29.864,36.847,43.127,46.064,41.863,38.002,33.324
28.259,25.368,24.492,23.220,22.365,21.850,22.712,22.787,25.426,25.278,22.943,23.503,21.227,19.322,17.647,19.437,23.668,30.018,36.974,43.241,46.184,41.987,38.130,33.459
28.363,25.443,24.595,23.348,22.488,21.981,22.856,22.897,25.491,25.344,23.054,23.634,21.352,19.470,17.795,19.589,23.804,30.142,37.047,43.299,46.268,42.081,38.224,33.562
28.460,25.540,24.696,23.463,22.610,22.107,22.977,23.024,25.585,25.434,23.170,23.745,21.482,19.622,17.945,19.745,23.945,30.248,37.116,43.343,46.315,42.141,38.286,33.630
28.596,25.681,24.849,23.624,22.777,22.280,23.140,23.210,25.747,25.583,23.342,23.908,21.679,19.861,18.172,19.996,24.170,30.419,37.266,43.489,46.498,42.328,38.443,33.758
28.742,25.812,24.991,23.785,22.939,22.446,23.312,23.361,25.861,25.701,23.491,24.067,21.833,20.024,18.340,20.157,24.323,30.564,37.365,43.559,46.564,42.409,38.542,33.883
28.800,25.917,25.109,23.877,23.019,22.527,23.391,23.434,25.994,25.842,23.589,24.172,21.929,20.105,18.444,20.232,24.367,30.592,37.409,43.606,46.587,42.450,38.605,33.969
28.937,26.055,25.229,24.001,23.151,22.654,23.516,23.561,26.114,25.965,23.713,24.287,22.044,20.205,18.548,20.327,24.475,30.709,37.518,43.693,46.644,42.512,38.690,34.075
29.057,26.133,25.325,24.132,23.281,22.792,23.667,23.677,26.164,26.018,23.822,24.414,22.163,20.343,18.684,20.468,24.613,30.846,37.595,43.744,46.712,42.589,38.775,34.176
29.168,26.268,25.448,24.245,23.399,22.906,23.775,23.794,26.299,26.156,23.942,24.525,22.278,20.444,18.794,20.564,24.705,30.933,37.684,43.818,46.755,42.643,38.849,34.271
29.253,26.377,25.560,24.352,23.507,23.014,23.878,23.901,26.418,26.276,24.054,24.634,22.394,20.562,18.922,20.679,24.801,31.004,37.742,43.860,46.779,42.683,38.906,34.346
29.347,26.474,25.664,24.464,23.622,23.134,23.994,24.019,26.516,26.372,24.167,24.745,22.518,20.703,19.063,20.824,24.930,31.104,37.815,43.913,46.837,42.752,38.977,34.422
29.410,26.561,25.778,24.558,23.695,23.210,24.079,24.079,26.630,26.494,24.256,24.858,22.605,20.781,19.158,20.896,24.977,31.156,37.887,44.009,46.937,42.859,39.090,34.543
29.514,26.651,25.864,24.660,23.803,23.318,24.188,24.183,26.702,26.567,24.352,24.952,22.702,20.880,19.257,20.995,25.081,31.257,37.961,44.060,46.979,42.907,39.150,34.619
29.598,26.683,25.931,24.772,23.913,23.441,24.328,24.280,26.710,26.575,24.439,25.065,22.813,21.032,19.402,21.155,25.224,31.380,38.001,44.073,47.035,42.976,39.213,34.689
29.681,26.768,26.025,24.871,24.009,23.539,24.430,24.365,26.791,26.661,24.532,25.166,22.908,21.126,19.505,21.245,25.303,31.452,38.051,44.108,47.060,43.014,39.269,34.767
29.798,26.846,26.138,25.025,24.163,23.707,24.605,24.520,26.862,26.724,24.670,25.320,23.079,21.353,19.720,21.484,25.516,31.619,38.142,44.163,47.182,43.147,39.381,34.869
29.855,26.890,26.212,25.119,24.250,23.804,24.712,24.594,26.902,26.768,24.749,25.420,23.174,21.469,19.844,21.601,25.606,31.684,38.153,44.175,47.183,43.169,39.414,34.923
29.964,26.999,26.323,25.232,24.365,23.920,24.824,24.717,27.018,26.880,24.866,25.533,23.298,21.607,19.975,21.744,25.743,31.807,38.274,44.288,47.323,43.306,39.538,35.032
30.012,27.082,26.433,25.336,24.462,24.025,24.925,24.815,27.130,26.991,24.975,25.650,23.426,21.758,20.138,21.896,25.848,31.858,38.300,44.301,47.344,43.352,39.588,35.093
30.132,27.226,26.562,25.450,24.584,24.145,25.028,24.961,27.296,27.146,25.110,25.761,23.565,21.906,20.278,22.050,25.999,31.985,38.454,44.464,47.503,43.511,39.727,35.205
30.204,27.325,26.680,25.561,24.685,24.249,25.136,25.047,27.406,27.265,25.217,25.882,23.674,22.010,20.402,22.147,26.066,32.034,38.485,44.478,47.505,43.530,39.775,35.288
30.286,27.423,26.795,25.677,24.793,24.361,25.253,25.140,27.507,27.374,25.325,26.005,23.785,22.118,20.529,22.250,26.143,32.097,38.521,44.493,47.510,43.551,39.825,35.373
30.358,27.501,26.877,25.756,24.868,24.435,25.331,25.203,27.563,27.436,25.399,26.086,23.854,22.174,20.596,22.301,26.190,32.152,38.572,44.532,47.531,43.587,39.880,35.449
30.450,27.513,26.947,25.895,25.000,24.589,25.510,25.317,27.583,27.456,25.499,26.227,23.993,22.381,20.791,22.520,26.381,32.306,38.602,44.538,47.598,43.672,39.951,35.526
30.520,27.560,27.004,25.968,25.074,24.666,25.592,25.390,27.603,27.474,25.564,26.299,24.067,22.472,20.875,22.615,26.475,32.395,38.670,44.597,47.685,43.757,40.025,35.593
30.647,27.662,27.116,26.104,25.214,24.813,25.741,25.534,27.696,27.561,25.694,26.432,24.213,22.647,21.040,22.797,26.652,32.550,38.785,44.698,47.813,43.888,40.143,35.701
30.763,27.771,27.210,26.200,25.319,24.914,25.838,25.643,27.794,27.657,25.794,26.521,24.308,22.736,21.123,22.887,26.757,32.664,38.904,44.813,47.920,43.989,40.243,35.798
30.892,27.918,27.337,26.316,25.440,25.029,25.946,25.769,27.940,27.803,25.919,26.631,24.423,22.836,21.226,22.984,26.862,32.776,39.034,44.939,48.021,44.089,40.353,35.914
30.966,27.988,27.414,26.394,25.517,25.108,26.025,25.846,28.015,27.876,25.996,26.712,24.504,22.924,21.312,23.073,26.948,32.857,39.114,45.024,48.117,44.184,40.441,35.995
31.058,28.050,27.481,26.486,25.612,25.206,26.131,25.934,28.054,27.917,26.075,26.798,24.589,23.020,21.404,23.171,27.050,32.959,39.177,45.067,48.168,44.239,40.501,36.065
31.120,28.109,27.559,26.572,25.692,25.292,26.222,26.009,28.117,27.981,26.154,26.890,24.679,23.124,21.511,23.276,27.137,33.030,39.224,45.107,48.223,44.304,40.566,36.135
31.198,28.150,27.629,26.673,25.787,25.396,26.343,26.081,28.134,28.005,26.230,26.993,24.764,23.224,21.616,23.376,27.225,33.118,39.248,45.108,48.235,44.331,40.609,36.207
31.287,28.278,27.758,26.773,25.877,25.483,26.428,26.171,28.288,28.163,26.339,27.103,24.865,23.306,21.712,23.453,27.290,33.184,39.353,45.231,48.342,44.440,40.726,36.328
31.371,28.340,27.830,26.862,25.966,25.576,26.527,26.253,28.337,28.213,26.418,27.191,24.949,23.402,21.805,23.550,27.387,33.280,39.421,45.289,48.413,44.514,40.800,36.406
31.492,28.486,27.949,26.970,26.086,25.690,26.626,26.387,28.485,28.357,26.542,27.290,25.069,23.512,21.914,23.659,27.502,33.386,39.543,45.400,48.496,44.598,40.891,36.497
31.625,28.635,28.071,27.071,26.192,25.786,26.715,26.498,28.635,28.508,26.655,27.386,25.162,23.576,21.979,23.719,27.585,33.496,39.699,45.570,48.637,44.728,41.025,36.628
31.740,28.775,28.182,27.167,26.299,25.885,26.801,26.615,28.775,28.646,26.766,27.474,25.263,23.658,22.063,23.798,27.676,33.588,39.815,45.678,48.711,44.801,41.110,36.719
31.823,28.875,28.272,27.242,26.375,25.957,26.868,26.694,28.884,28.755,26.850,27.551,25.339,23.722,22.129,23.859,27.742,33.662,39.916,45.790,48.813,44.898,41.207,36.811
31.908,28.978,28.364,27.322,26.458,26.037,26.939,26.789,28.999,28.866,26.942,27.629,25.430,23.811,22.215,23.949,27.832,33.744,40.020,45.901,48.918,44.999,41.301,36.894
32.006,29.086,28.474,27.423,26.554,26.131,27.038,26.872,29.105,28.980,27.039,27.734,25.517,23.878,22.296,24.010,27.892,33.818,40.099,45.978,48.974,45.062,41.386,37.002
32.078,29.176,28.577,27.513,26.632,26.210,27.121,26.943,29.211,29.091,27.127,27.834,25.603,23.956,22.384,24.084,27.952,33.880,40.175,46.065,49.057,45.150,41.480,37.104
32.174,29.266,28.675,27.615,26.732,26.313,27.226,27.041,29.301,29.181,27.226,27.938,25.706,24.065,22.493,24.194,28.058,33.982,40.269,46.160,49.161,45.255,41.583,37.205
32.322,29.430,28.811,27.729,26.849,26.421,27.327,27.164,29.467,29.348,27.351,28.048,25.812,24.141,22.568,24.265,28.153,34.110,40.449,46.359,49.336,45.414,41.743,37.358
32.427,29.569,28.928,27.823,26.950,26.515,27.407,27.279,29.622,29.499,27.465,28.140,25.918,24.233,22.662,24.356,28.248,34.198,40.574,46.491,49.445,45.521,41.850,37.457
32.558,29.743,29.079,27.938,27.059,26.612,27.503,27.373,29.799,29.690,27.586,28.257,26.006,24.261,22.715,24.368,28.272,34.265,40.694,46.616,49.501,45.581,41.955,37.602
32.672,29.849,29.184,28.052,27.175,26.728,27.622,27.482,29.890,29.785,27.693,28.367,26.112,24.363,22.821,24.467,28.375,34.372,40.781,46.688,49.558,45.648,42.036,37.700
32.763,29.940,29.293,28.166,27.279,26.836,27.743,27.561,29.970,29.878,27.791,28.487,26.206,24.445,22.922,24.541,28.434,34.439,40.818,46.705,49.562,45.664,42.089,37.797
32.972,30.104,29.446,28.343,27.465,27.020,27.933,27.746,30.103,30.008,27.958,28.653,26.371,24.614,23.076,24.713,28.637,34.667,41.031,46.915,49.782,45.873,42.287,37.983
33.093,30.214,29.578,28.477,27.584,27.143,28.069,27.852,30.216,30.128,28.079,28.796,26.492,24.734,23.201,24.832,28.749,34.792,41.156,47.055,49.938,46.029,42.441,38.140
33.200,30.347,29.720,28.606,27.706,27.267,28.192,27.969,30.363,30.279,28.210,28.932,26.621,24.856,23.337,24.949,28.847,34.880,41.245,47.140,50.006,46.110,42.540,38.258
33.298,30.452,29.830,28.720,27.822,27.385,28.307,28.086,30.472,30.387,28.326,29.047,26.745,24.991,23.474,25.085,28.969,34.980,41.327,47.208,50.075,46.189,42.622,38.346
33.377,30.501,29.922,28.841,27.928,27.503,28.447,28.167,30.508,30.432,28.418,29.177,26.853,25.119,23.612,25.213,29.070,35.071,41.354,47.215,50.105,46.239,42.687,38.438
33.584,30.677,30.082,29.022,28.124,27.698,28.639,28.368,30.657,30.575,28.597,29.344,27.033,25.307,23.786,25.405,29.285,35.291,41.550,47.394,50.287,46.414,42.857,38.603
33.700,30.775,30.200,29.152,28.247,27.826,28.778,28.480,30.751,30.673,28.714,29.479,27.157,25.440,23.921,25.539,29.410,35.417,41.654,47.497,50.407,46.538,42.981,38.732
33.864,30.928,30.335,29.289,28.393,27.968,28.915,28.636,30.895,30.812,28.857,29.608,27.295,25.578,24.047,25.679,29.572,35.589,41.839,47.687,50.599,46.717,43.147,38.880
33.995,31.041,30.481,29.447,28.535,28.119,29.081,28.763,31.011,30.933,28.997,29.776,27.444,25.738,24.213,25.839,29.714,35.732,41.957,47.810,50.748,46.872,43.301,39.042
34.170,31.205,30.652,29.630,28.719,28.306,29.270,28.947,31.169,31.090,29.175,29.959,27.630,25.937,24.409,26.042,29.912,35.919,42.124,47.969,50.918,47.046,43.471,39.211
34.360,31.342,30.791,29.802,28.895,28.483,29.462,29.105,31.264,31.189,29.324,30.121,27.776,26.084,24.550,26.188,30.080,36.116,42.277,48.102,51.055,47.181,43.618,39.375
34.508,31.455,30.921,29.951,29.037,28.630,29.624,29.233,31.360,31.290,29.454,30.272,27.909,26.222,24.688,26.326,30.223,36.275,42.412,48.236,51.206,47.331,43.769,39.531
34.621,31.609,31.070,30.073,29.153,28.741,29.733,29.341,31.528,31.467,29.583,30.400,28.024,26.307,24.792,26.401,30.289,36.350,42.514,48.340,51.272,47.407,43.872,39.661
34.741,31.757,31.216,30.196,29.264,28.848,29.844,29.436,31.680,31.632,29.704,30.530,28.125,26.369,24.876,26.451,30.338,36.427,42.619,48.451,51.342,47.485,43.984,39.805
34.911,31.951,31.403,30.371,29.446,29.028,30.010,29.638,31.899,31.841,29.898,30.706,28.328,26.587,25.087,26.675,30.552,36.609,42.820,48.660,51.561,47.701,44.178,39.973
35.067,32.116,31.583,30.533,29.590,29.173,30.165,29.770,32.076,32.027,30.053,30.881,28.473,26.712,25.224,26.794,30.667,36.750,42.991,48.857,51.758,47.894,44.377,40.178
35.245,32.227,31.715,30.705,29.758,29.348,30.361,29.921,32.154,32.107,30.196,31.050,28.623,26.880,25.381,26.966,30.853,36.960,43.153,49.016,51.953,48.083,44.556,40.356
35.388,32.322,31.854,30.875,29.914,29.518,30.550,30.067,32.244,32.197,30.341,31.228,28.790,27.085,25.577,27.178,31.049,37.147,43.293,49.162,52.160,48.289,44.739,40.525
35.565,32.479,32.042,31.065,30.081,29.689,30.747,30.202,32.393,32.362,30.505,31.433,28.945,27.222,25.730,27.306,31.174,37.313,43.455,49.339,52.342,48.474,44.942,40.753
35.735,32.594,32.211,31.278,30.279,29.904,30.987,30.375,32.491,32.466,30.683,31.656,29.147,27.463,25.972,27.552,31.394,37.519,43.579,49.447,52.502,48.649,45.114,40.939
35.992,32.832,32.445,31.519,30.517,30.138,31.234,30.593,32.702,32.687,30.908,31.893,29.357,27.647,26.164,27.728,31.590,37.755,43.808,49.668,52.699,48.846,45.338,41.192
36.178,33.040,32.667,31.736,30.730,30.355,31.448,30.805,32.926,32.912,31.129,32.117,29.586,27.885,26.412,27.966,31.800,37.935,43.974,49.823,52.851,49.016,45.516,41.381
36.393,33.292,32.971,32.019,30.983,30.619,31.722,31.045,33.225,33.219,31.405,32.428,29.874,28.182,26.732,28.259,32.037,38.146,44.188,50.058,53.105,49.289,45.793,41.671
36.702,33.537,33.225,32.311,31.273,30.912,32.037,31.310,33.422,33.425,31.666,32.712,30.131,28.437,26.983,28.512,32.315,38.463,44.459,50.312,53.368,49.549,46.067,41.965
37.017,33.832,33.506,32.592,31.548,31.179,32.322,31.551,33.677,33.699,31.926,32.989,30.358,28.608,27.172,28.668,32.507,38.732,44.739,50.590,53.597,49.775,46.339,42.284
37.287,34.224,33.926,32.910,31.818,31.444,32.588,31.807,34.165,34.207,32.264,33.354,30.666,28.849,27.463,28.888,32.681,38.931,45.078,51.013,53.980,50.163,46.749,42.708
37.814,34.699,34.408,33.400,32.298,31.924,33.085,32.284,34.629,34.671,32.739,33.846,31.134,29.314,27.910,29.356,33.184,39.488,45.665,51.647,54.658,50.807,47.357,43.278
38.469,35.186,35.013,34.082,32.931,32.590,33.818,32.885,35.099,35.141,33.344,34.559,31.781,30.045,28.603,30.107,33.933,40.283,46.395,52.458,55.668,51.776,48.225,44.067
39.277,36.081,35.753,34.708,33.594,33.206,34.373,33.628,36.034,36.051,34.060,35.157,32.424,30.585,29.106,30.645,34.596,41.046,47.442,53.623,56.762,52.771,49.156,44.881
39.988,36.956,36.765,35.545,34.280,33.895,35.133,34.198,37.057,37.156,34.857,36.115,33.140,31.127,29.785,31.125,34.983,41.591,48.222,54.591,57.663,53.694,50.176,46.005
41.269,38.459,38.135,36.702,35.398,34.945,36.183,35.237,38.577,38.755,36.047,37.287,34.137,31.774,30.562,31.680,35.638,42.526,49.501,55.948,58.659,54.684,51.390,47.404
42.970,40.128,39.930,38.470,37.080,36.650,37.946,36.879,40.318,40.515,37.767,39.122,35.865,33.510,32.312,33.414,37.329,44.281,51.327,57.919,60.761,56.756,53.397,49.359
