-24.690,-26.487,-28.575,-30.600,-27.123,-18.355,-5.022,6.420,5.855,2.409,1.906,-1.174,-3.688,-2.055,2.378,14.132,17.942,28.795,27.071,25.488,17.205,11.284,9.660,3.662
-16.382,-18.548,-20.503,-21.455,-18.419,-10.478,1.786,13.059,13.346,9.709,8.700,6.153,3.885,6.169,10.787,19.930,23.834,32.999,31.795,29.994,22.842,17.232,16.248,10.243
-11.851,-14.268,-15.898,-16.616,-13.952,-6.694,5.351,16.702,17.731,14.065,12.814,10.587,8.195,10.684,15.620,23.432,26.834,35.238,34.641,32.489,25.717,20.066,19.498,13.953
-9.806,-12.351,-13.863,-14.404,-11.900,-4.935,6.975,18.363,19.727,16.021,14.642,12.567,10.149,12.778,17.851,24.981,28.235,36.240,35.896,33.322,27.045,21.399,21.030,15.623
-8.148,-10.716,-12.472,-12.522,-10.060,-3.384,8.381,19.385,20.726,16.784,15.595,13.640,11.422,14.353,19.223,25.308,29.195,36.470,36.015,33.590,27.735,22.643,22.381,16.481
-7.264,-9.841,-11.639,-11.489,-9.039,-2.376,9.092,20.005,21.342,17.394,16.119,14.213,12.105,15.119,19.932,25.762,29.773,36.839,36.342,33.762,28.314,23.299,23.077,17.091
-6.422,-9.023,-10.783,-10.569,-8.164,-1.573,9.759,20.650,22.061,18.130,16.792,14.932,12.841,15.883,20.712,26.364,30.322,37.264,36.824,34.272,28.868,23.853,23.682,17.753
-5.717,-8.329,-10.063,-9.804,-7.441,-0.937,10.295,21.132,22.596,18.676,17.317,15.497,13.419,16.476,21.302,26.785,30.706,37.528,37.132,34.571,29.246,24.263,24.132,18.250
-5.050,-7.637,-9.364,-9.100,-6.748,-0.279,10.842,21.590,23.028,19.143,17.788,15.979,13.927,16.960,21.739,27.197,31.098,37.872,37.465,34.948,29.656,24.712,24.576,18.731
-4.602,-7.153,-8.940,-8.608,-6.221,0.304,11.284,21.939,23.273,19.396,18.042,16.222,14.246,17.286,21.979,27.457,31.480,38.223,37.718,35.296,30.054,25.177,25.007,19.072
-4.200,-6.761,-8.518,-8.201,-5.845,0.612,11.611,22.257,23.640,19.765,18.422,16.621,14.622,17.658,22.370,27.770,31.737,38.437,37.982,35.507,30.298,25.427,25.281,19.399
-3.809,-6.371,-8.094,-7.789,-5.458,0.957,11.903,22.529,23.943,20.095,18.733,16.949,14.944,17.963,22.681,28.048,31.944,38.617,38.198,35.740,30.521,25.638,25.507,19.695
-3.504,-6.044,-7.797,-7.490,-5.152,1.240,12.205,22.761,24.131,20.271,18.969,17.179,15.188,18.203,22.876,28.219,32.174,38.817,38.366,35.862,30.728,25.916,25.769,19.916
-3.091,-5.575,-7.371,-7.077,-4.726,1.627,12.562,22.955,24.223,20.374,19.172,17.371,15.414,18.395,22.964,28.305,32.337,38.937,38.417,35.882,30.877,26.191,26.004,20.112
-2.752,-5.228,-7.014,-6.736,-4.409,1.867,12.823,23.157,24.441,20.591,19.435,17.648,15.679,18.651,23.205,28.466,32.478,39.023,38.528,35.923,30.997,26.360,26.183,20.320
-2.557,-5.007,-6.847,-6.506,-4.149,2.176,13.024,23.287,24.488,20.638,19.484,17.688,15.782,18.766,23.252,28.520,32.644,39.160,38.582,36.047,31.171,26.591,26.388,20.439
-2.200,-4.616,-6.478,-6.130,-3.774,2.514,13.305,23.456,24.602,20.764,19.661,17.866,15.989,18.956,23.374,28.609,32.772,39.235,38.622,36.080,31.293,26.796,26.575,20.613
-1.801,-4.186,-6.031,-5.757,-3.411,2.826,13.643,23.717,24.836,21.027,19.986,18.185,16.290,19.202,23.586,28.865,32.976,39.453,38.844,36.267,31.501,27.040,26.799,20.897
-1.647,-4.019,-5.869,-5.611,-3.261,2.973,13.798,23.847,24.943,21.140,20.121,18.314,16.419,19.316,23.683,28.988,33.103,39.590,38.969,36.387,31.628,27.183,26.930,21.029
-1.323,-3.695,-5.507,-5.277,-2.952,3.236,14.034,24.069,25.200,21.422,20.393,18.600,16.690,19.564,23.943,29.226,33.260,39.732,39.152,36.572,31.798,27.337,27.098,21.275
-1.092,-3.450,-5.282,-5.041,-2.719,3.432,14.233,24.201,25.308,21.520,20.538,18.749,16.851,19.728,24.070,29.295,33.373,39.795,39.198,36.573,31.889,27.495,27.252,21.400
-0.708,-3.098,-4.864,-4.647,-2.358,3.771,14.558,24.573,25.732,22.013,20.979,19.220,17.286,20.142,24.494,29.696,33.613,40.002,39.471,36.919,32.176,27.741,27.522,21.828
-0.479,-2.843,-4.589,-4.437,-2.157,3.941,14.642,24.606,25.806,22.041,20.989,19.220,17.313,20.156,24.570,29.784,33.729,40.166,39.651,37.052,32.270,27.783,27.576,21.831
-0.470,-2.833,-4.586,-4.382,-2.106,3.977,14.770,24.792,25.985,22.242,21.227,19.452,17.491,20.319,24.726,29.993,33.878,40.347,39.848,37.222,32.424,27.941,27.721,22.034
-0.266,-2.618,-4.345,-4.237,-1.950,4.171,14.950,24.952,26.114,22.411,21.386,19.599,17.641,20.425,24.815,30.188,34.023,40.544,40.032,37.476,32.606,28.098,27.856,22.219
-0.216,-2.570,-4.308,-4.194,-1.891,4.274,15.059,25.093,26.241,22.534,21.493,19.695,17.742,20.531,24.927,30.350,34.145,40.656,40.164,37.656,32.746,28.205,27.978,22.353
-0.097,-2.459,-4.164,-4.042,-1.766,4.356,15.074,25.096,26.285,22.599,21.527,19.752,17.798,20.585,24.992,30.350,34.205,40.763,40.232,37.705,32.796,28.266,28.016,22.376
0.404,-1.926,-3.642,-3.525,-1.263,4.787,15.463,25.357,26.509,22.836,21.829,20.063,18.127,20.892,25.234,30.524,34.336,40.773,40.266,37.718,32.924,28.476,28.240,22.647
0.673,-1.648,-3.320,-3.253,-1.006,5.030,15.663,25.553,26.720,23.091,22.061,20.298,18.347,21.068,25.419,30.770,34.479,40.949,40.471,37.973,33.102,28.612,28.375,22.877
0.807,-1.517,-3.189,-3.105,-0.862,5.169,15.776,25.660,26.832,23.203,22.163,20.407,18.463,21.192,25.542,30.863,34.578,41.026,40.549,38.058,33.200,28.715,28.485,22.983
1.075,-1.221,-2.892,-2.823,-0.575,5.462,15.989,25.812,26.939,23.345,22.309,20.547,18.623,21.319,25.627,31.002,34.702,41.158,40.655,38.226,33.352,28.881,28.631,23.156
1.387,-0.897,-2.551,-2.496,-0.264,5.730,16.216,25.988,27.116,23.544,22.518,20.766,18.844,21.519,25.809,31.159,34.821,41.248,40.757,38.330,33.478,29.028,28.780,23.349
1.548,-0.721,-2.393,-2.321,-0.085,5.904,16.353,26.076,27.173,23.603,22.594,20.842,18.941,21.615,25.872,31.204,34.903,41.303,40.787,38.353,33.557,29.146,28.889,23.436
1.690,-0.570,-2.278,-2.161,0.084,6.067,16.488,26.159,27.223,23.634,22.651,20.901,19.030,21.726,25.944,31.215,34.995,41.342,40.789,38.366,33.630,29.281,29.019,23.502
1.751,-0.509,-2.202,-2.124,0.121,6.114,16.575,26.272,27.341,23.762,22.779,21.021,19.130,21.805,26.040,31.373,35.114,41.509,40.968,38.531,33.758,29.378,29.110,23.623
2.064,-0.199,-1.840,-1.817,0.396,6.328,16.804,26.501,27.622,24.068,23.085,21.341,19.414,22.059,26.320,31.640,35.269,41.663,41.184,38.722,33.922,29.516,29.265,23.879
2.159,-0.111,-1.742,-1.715,0.493,6.425,16.887,26.598,27.733,24.184,23.184,21.444,19.514,22.161,26.433,31.748,35.359,41.751,41.284,38.835,34.017,29.595,29.351,23.980
2.331,0.072,-1.548,-1.547,0.654,6.562,17.020,26.700,27.831,24.296,23.312,21.574,19.638,22.264,26.524,31.848,35.430,41.821,41.360,38.905,34.092,29.681,29.433,24.093
2.504,0.264,-1.375,-1.361,0.846,6.749,17.165,26.786,27.877,24.348,23.386,21.646,19.734,22.353,26.573,31.888,35.507,41.873,41.382,38.937,34.169,29.801,29.540,24.179
2.613,0.371,-1.272,-1.240,0.962,6.849,17.253,26.859,27.956,24.420,23.461,21.728,19.823,22.453,26.668,31.937,35.570,41.905,41.414,38.957,34.224,29.875,29.621,24.249
2.765,0.525,-1.105,-1.103,1.086,6.935,17.384,26.979,28.091,24.556,23.624,21.894,19.968,22.585,26.805,32.060,35.663,41.993,41.526,39.021,34.306,29.966,29.716,24.374
2.921,0.685,-0.928,-0.969,1.211,7.035,17.532,27.125,28.247,24.718,23.810,22.078,20.128,22.724,26.952,32.226,35.788,42.138,41.690,39.151,34.429,30.086,29.833,24.528
3.024,0.776,-0.823,-0.858,1.315,7.139,17.621,27.238,28.385,24.859,23.925,22.200,20.246,22.848,27.094,32.356,35.894,42.240,41.811,39.286,34.540,30.173,29.932,24.645
3.104,0.844,-0.750,-0.777,1.393,7.220,17.714,27.360,28.528,24.995,24.046,22.324,20.364,22.978,27.243,32.490,36.023,42.368,41.952,39.422,34.666,30.282,30.051,24.763
3.279,1.038,-0.566,-0.576,1.609,7.474,17.863,27.475,28.597,25.092,24.118,22.389,20.464,23.063,27.294,32.596,36.140,42.496,42.041,39.605,34.816,30.431,30.182,24.891
3.329,1.091,-0.510,-0.539,1.648,7.519,17.928,27.547,28.666,25.163,24.195,22.461,20.527,23.117,27.352,32.684,36.218,42.596,42.141,39.702,34.896,30.503,30.248,24.965
3.348,1.096,-0.506,-0.514,1.674,7.560,17.968,27.622,28.758,25.247,24.254,22.524,20.590,23.199,27.452,32.769,36.309,42.686,42.238,39.806,34.986,30.574,30.329,25.033
3.401,1.124,-0.474,-0.439,1.738,7.616,18.014,27.703,28.881,25.352,24.327,22.612,20.681,23.325,27.605,32.842,36.391,42.727,42.301,39.860,35.056,30.632,30.413,25.104
3.474,1.189,-0.401,-0.372,1.798,7.657,18.082,27.783,28.982,25.446,24.426,22.716,20.772,23.420,27.714,32.926,36.463,42.791,42.383,39.914,35.119,30.692,30.482,25.182
3.683,1.421,-0.151,-0.187,1.982,7.832,18.274,27.945,29.122,25.615,24.622,22.900,20.941,23.540,27.819,33.118,36.599,42.976,42.569,40.107,35.274,30.841,30.611,25.366
3.779,1.509,-0.052,-0.079,2.086,7.946,18.356,28.048,29.240,25.741,24.717,23.000,21.042,23.645,27.938,33.237,36.697,43.076,42.679,40.248,35.384,30.926,30.703,25.474
3.853,1.584,0.034,-0.011,2.158,8.038,18.441,28.154,29.345,25.860,24.819,23.096,21.133,23.723,28.025,33.377,36.809,43.222,42.827,40.428,35.512,31.024,30.796,25.588
4.003,1.748,0.201,0.144,2.317,8.207,18.568,28.256,29.425,25.960,24.916,23.189,21.235,23.804,28.088,33.482,36.900,43.327,42.919,40.560,35.622,31.133,30.893,25.703
4.059,1.801,0.263,0.206,2.384,8.308,18.636,28.355,29.525,26.074,24.993,23.262,21.311,23.877,28.173,33.615,37.011,43.469,43.060,40.755,35.754,31.226,30.984,25.809
4.137,1.890,0.347,0.264,2.452,8.390,18.743,28.456,29.603,26.157,25.094,23.351,21.395,23.944,28.231,33.730,37.126,43.619,43.197,40.892,35.874,31.345,31.088,25.912
4.253,2.002,0.469,0.386,2.574,8.526,18.857,28.590,29.744,26.307,25.220,23.477,21.522,24.068,28.366,33.885,37.261,43.768,43.350,41.076,36.021,31.467,31.212,26.051
4.288,2.024,0.485,0.427,2.614,8.564,18.906,28.657,29.828,26.373,25.279,23.542,21.588,24.157,28.467,33.940,37.339,43.824,43.412,41.120,36.086,31.535,31.291,26.107
4.408,2.127,0.622,0.527,2.695,8.619,19.020,28.815,30.037,26.584,25.484,23.753,21.762,24.324,28.675,34.147,37.476,43.980,43.617,41.290,36.221,31.631,31.404,26.273
4.480,2.184,0.680,0.622,2.790,8.733,19.091,28.918,30.159,26.702,25.560,23.836,21.857,24.441,28.809,34.253,37.589,44.078,43.720,41.428,36.340,31.727,31.513,26.372
4.508,2.215,0.707,0.664,2.849,8.849,19.140,28.986,30.204,26.764,25.578,23.846,21.888,24.469,28.833,34.346,37.686,44.210,43.826,41.621,36.467,31.820,31.595,26.447
4.766,2.484,0.982,0.930,3.104,9.069,19.340,29.140,30.354,26.925,25.758,24.032,22.076,24.644,28.989,34.474,37.800,44.297,43.918,41.701,36.580,31.961,31.736,26.610
5.023,2.743,1.271,1.177,3.327,9.235,19.538,29.321,30.564,27.147,26.003,24.286,22.302,24.848,29.202,34.666,37.925,44.412,44.073,41.811,36.701,32.084,31.869,26.805
5.130,2.850,1.369,1.274,3.426,9.327,19.665,29.445,30.684,27.253,26.131,24.413,22.425,24.976,29.315,34.779,38.059,44.541,44.199,41.905,36.821,32.219,32.003,26.921
5.220,2.966,1.445,1.365,3.543,9.477,19.786,29.514,30.686,27.256,26.156,24.422,22.466,25.013,29.329,34.805,38.160,44.648,44.245,41.974,36.923,32.367,32.121,26.981
5.311,2.984,1.490,1.457,3.603,9.502,19.869,29.709,31.001,27.550,26.397,24.690,22.689,25.271,29.666,35.060,38.334,44.801,44.491,42.172,37.083,32.454,32.262,27.175
5.315,3.006,1.534,1.462,3.605,9.503,19.914,29.779,31.086,27.598,26.451,24.748,22.749,25.369,29.777,35.106,38.439,44.876,44.565,42.198,37.159,32.545,32.365,27.220
5.443,3.123,1.646,1.566,3.712,9.614,20.057,29.932,31.237,27.765,26.625,24.913,22.895,25.488,29.903,35.299,38.586,45.070,44.768,42.404,37.318,32.681,32.492,27.384
5.710,3.415,1.941,1.804,3.947,9.810,20.300,30.117,31.395,27.935,26.858,25.138,23.103,25.658,30.045,35.474,38.740,45.237,44.933,42.521,37.465,32.866,32.658,27.579
5.756,3.431,1.968,1.860,3.993,9.858,20.359,30.238,31.568,28.090,26.975,25.267,23.223,25.809,30.239,35.614,38.870,45.352,45.078,42.658,37.588,32.955,32.773,27.692
5.960,3.645,2.199,2.065,4.193,10.052,20.528,30.390,31.715,28.260,27.142,25.433,23.386,25.948,30.372,35.781,38.997,45.493,45.225,42.829,37.732,33.088,32.901,27.860
6.248,3.924,2.520,2.363,4.462,10.270,20.732,30.598,31.974,28.539,27.405,25.714,23.645,26.192,30.641,36.012,39.141,45.617,45.402,42.998,37.883,33.217,33.052,28.089
6.265,3.934,2.523,2.387,4.499,10.352,20.787,30.686,32.055,28.619,27.451,25.755,23.698,26.257,30.713,36.117,39.263,45.761,45.531,43.175,38.018,33.325,33.156,28.173
6.378,4.068,2.647,2.498,4.632,10.540,20.926,30.814,32.132,28.721,27.540,25.825,23.787,26.321,30.753,36.265,39.417,45.969,45.698,43.420,38.203,33.493,33.297,28.311
6.604,4.297,2.873,2.699,4.820,10.684,21.125,30.988,32.313,28.909,27.771,26.056,23.990,26.497,30.927,36.447,39.554,46.115,45.867,43.534,38.333,33.637,33.438,28.495
6.612,4.304,2.901,2.725,4.857,10.757,21.177,31.074,32.402,28.978,27.808,26.094,24.048,26.592,31.032,36.521,39.683,46.228,45.964,43.654,38.456,33.752,33.561,28.563
6.722,4.414,2.997,2.812,4.948,10.853,21.308,31.211,32.529,29.114,27.958,26.234,24.173,26.695,31.137,36.686,39.823,46.409,46.146,43.831,38.602,33.886,33.683,28.706
6.789,4.450,3.034,2.848,4.991,10.927,21.434,31.385,32.713,29.318,28.146,26.409,24.321,26.812,31.281,36.939,40.005,46.672,46.426,44.140,38.809,34.032,33.820,28.896
6.814,4.506,3.117,2.875,5.014,10.946,21.482,31.485,32.846,29.396,28.223,26.493,24.405,26.956,31.454,37.013,40.156,46.783,46.542,44.189,38.919,34.154,33.964,28.960
6.956,4.618,3.217,3.026,5.164,11.105,21.619,31.623,32.987,29.556,28.361,26.633,24.547,27.086,31.587,37.168,40.278,46.913,46.678,44.364,39.059,34.274,34.084,29.110
7.107,4.758,3.254,3.182,5.318,11.290,21.766,31.826,33.216,29.810,28.556,26.829,24.734,27.261,31.795,37.437,40.479,47.159,46.947,44.702,39.294,34.436,34.253,29.331
7.183,4.826,3.388,3.265,5.414,11.454,21.877,32.001,33.393,30.010,28.687,26.952,24.861,27.383,31.942,37.679,40.684,47.427,47.211,45.067,39.538,34.604,34.417,29.517
7.344,4.975,3.443,3.281,5.541,11.575,22.073,32.228,33.636,30.270,28.961,27.199,25.083,27.567,32.139,37.976,40.900,47.713,47.528,45.364,39.766,34.789,34.594,29.760
7.358,5.004,3.472,3.398,5.602,11.716,22.186,32.322,33.647,30.271,28.971,27.215,25.107,27.599,32.152,38.043,41.073,47.921,47.654,45.543,39.945,34.994,34.763,29.835
7.379,5.045,3.544,3.416,5.699,11.874,22.360,32.476,33.724,30.342,29.073,27.272,25.201,27.684,32.184,38.186,41.292,48.191,47.857,45.770,40.167,35.240,34.970,29.976
7.462,5.128,3.580,3.476,5.710,11.913,22.430,32.592,33.867,30.430,29.146,27.356,25.299,27.851,32.373,38.260,41.461,48.304,47.965,45.832,40.297,35.387,35.142,30.053
7.468,5.153,3.643,3.498,5.726,11.999,22.607,32.837,34.111,30.653,29.382,27.571,25.487,28.034,32.586,38.570,41.764,48.690,48.350,46.207,40.603,35.647,35.389,30.290
7.516,5.164,3.645,3.501,5.765,12.043,22.690,32.919,34.156,30.664,29.398,27.579,25.526,28.126,32.656,38.583,41.926,48.818,48.423,46.236,40.725,35.827,35.562,30.327
7.535,5.187,3.657,3.503,5.775,12.094,22.854,33.144,34.396,30.864,29.606,27.702,25.714,28.327,32.890,38.843,42.202,49.137,48.750,46.508,40.981,36.062,35.796,30.534
7.579,5.201,3.668,3.511,5.807,12.308,23.042,33.395,34.523,30.887,29.625,27.794,25.741,28.421,32.964,39.100,42.597,49.675,49.185,47.107,41.427,36.444,36.122,30.737
7.583,5.211,3.673,3.519,5.866,12.335,23.060,33.455,34.546,31.025,29.732,27.852,25.814,28.476,32.985,39.158,42.868,49.903,49.282,47.176,41.632,36.729,36.392,30.774
7.591,5.234,3.681,3.523,5.912,12.509,23.305,33.789,34.925,31.316,29.990,28.088,26.075,28.781,33.359,39.549,43.176,50.285,49.733,47.644,41.969,36.964,36.643,31.097
7.753,5.414,3.683,3.629,6.171,12.933,23.627,34.051,35.004,31.387,30.072,28.119,26.201,28.917,33.389,39.744,43.587,50.757,50.029,48.079,42.402,37.456,37.058,31.327
7.821,5.499,3.689,3.674,6.212,13.069,24.065,34.499,35.320,31.577,30.426,28.407,26.496,29.270,33.690,40.115,44.263,51.502,50.639,48.500,42.979,38.155,37.691,31.674
7.967,5.570,3.732,3.768,6.348,13.272,24.328,34.982,35.923,32.150,30.876,28.867,26.917,29.749,34.301,40.727,44.818,52.116,51.324,49.215,43.542,38.565,38.149,32.142
8.144,5.655,3.733,3.783,6.620,13.763,24.808,35.477,36.237,32.437,31.172,29.093,27.216,30.065,34.544,41.210,45.528,52.958,51.987,50.001,44.271,39.309,38.808,32.590
8.169,5.810,3.770,3.938,6.624,14.098,25.066,35.891,36.604,32.790,31.394,29.279,27.452,30.353,34.863,41.708,46.127,53.681,52.626,50.836,44.920,39.840,39.316,32.976
8.201,5.819,3.809,3.983,6.740,14.105,25.625,36.746,37.507,33.426,32.121,29.963,28.085,31.201,35.837,42.549,47.357,54.954,53.853,51.708,45.960,40.906,40.403,33.644
9.177,6.695,4.619,4.674,7.519,15.105,26.788,38.106,38.903,34.930,33.569,31.352,29.341,32.297,37.051,44.268,48.729,56.695,55.680,53.649,47.447,42.124,41.573,35.085
11.109,8.642,6.631,6.175,9.111,16.892,29.407,41.088,41.852,37.869,36.686,34.301,32.010,34.770,39.701,47.768,51.984,60.636,59.668,57.421,50.717,45.114,44.426,38.067
