8.291,8.031,6.064,4.591,5.449,10.517,26.484,41.913,47.771,40.988,30.105,22.717,16.590,12.806,13.208,15.367,19.083,29.145,39.272,53.046,32.480,25.732,20.470,14.287
22.702,21.496,20.227,18.625,20.347,25.478,38.742,50.890,54.443,49.778,39.302,33.036,26.171,22.716,23.476,26.270,30.627,41.173,47.043,57.597,42.413,37.457,33.800,26.775
25.059,24.096,22.700,21.176,22.645,27.451,40.134,51.566,55.019,49.986,40.666,35.071,29.019,26.319,26.830,29.182,32.532,41.745,48.260,57.711,43.736,38.910,34.852,28.798
26.662,25.828,24.446,23.100,24.489,28.913,41.019,51.679,55.130,50.117,41.529,36.273,30.667,28.193,28.661,30.849,33.834,42.299,48.828,57.933,44.618,39.861,35.792,30.295
27.670,26.860,25.531,24.315,25.725,29.893,41.515,51.989,55.457,50.439,41.835,36.820,31.421,29.059,29.543,31.691,34.530,42.587,48.878,58.040,45.019,40.366,36.382,31.171
28.032,27.280,25.942,24.793,26.168,30.201,41.674,52.030,55.689,50.469,42.017,37.106,31.871,29.591,30.055,32.138,34.831,42.615,48.991,58.297,45.217,40.551,36.524,31.525
28.514,27.785,26.448,25.299,26.637,30.647,42.066,52.034,55.793,50.495,42.485,37.590,32.411,30.138,30.589,32.638,35.308,43.033,49.415,58.319,45.609,40.968,36.965,32.008
28.885,28.140,26.789,25.563,26.873,30.977,42.398,52.549,56.013,50.891,42.780,37.940,32.771,30.598,31.005,33.015,35.609,43.336,49.700,58.392,45.843,41.285,37.260,32.279
29.089,28.345,27.001,25.795,27.112,31.171,42.482,52.630,56.139,51.000,42.792,38.025,32.904,30.785,31.188,33.184,35.721,43.345,49.735,58.453,45.888,41.363,37.342,32.429
29.319,28.566,27.218,26.000,27.325,31.403,42.711,52.789,56.240,51.021,42.967,38.226,33.100,31.018,31.414,33.409,35.918,43.533,49.889,58.465,46.088,41.578,37.537,32.625
29.463,28.729,27.358,26.153,27.471,31.528,42.843,52.798,56.258,51.089,43.067,38.375,33.303,31.294,31.670,33.638,36.048,43.555,50.014,58.469,46.240,41.703,37.580,32.753
29.622,28.892,27.531,26.357,27.685,31.687,42.919,52.833,56.295,51.098,43.101,38.450,33.412,31.418,31.801,33.767,36.154,43.586,50.023,58.486,46.308,41.778,37.667,32.894
29.801,29.084,27.726,26.554,27.861,31.842,43.012,52.871,56.320,51.114,43.222,38.599,33.606,31.631,32.004,33.946,36.305,43.679,50.096,58.490,46.388,41.885,37.791,33.058
29.914,29.225,27.864,26.720,28.008,31.934,43.064,52.902,56.396,51.134,43.317,38.715,33.784,31.819,32.187,34.105,36.423,43.705,50.166,58.539,46.474,41.954,37.848,33.191
30.103,29.399,28.035,26.888,28.199,32.142,43.299,53.052,56.503,51.272,43.488,38.890,33.929,31.978,32.350,34.285,36.601,43.905,50.367,58.636,46.700,42.171,38.040,33.365
30.185,29.472,28.087,26.939,28.279,32.239,43.451,53.190,56.655,51.314,43.534,38.969,33.997,32.110,32.475,34.415,36.665,43.939,50.484,58.642,46.852,42.291,38.070,33.418
30.349,29.632,28.259,27.108,28.442,32.403,43.587,53.328,56.695,51.473,43.695,39.117,34.137,32.222,32.593,34.537,36.825,44.127,50.613,58.703,46.973,42.435,38.261,33.585
30.491,29.776,28.406,27.266,28.603,32.542,43.694,53.368,56.772,51.491,43.788,39.228,34.264,32.358,32.730,34.672,36.946,44.215,50.690,58.796,47.077,42.542,38.370,33.719
30.596,29.870,28.509,27.373,28.721,32.654,43.763,53.371,56.776,51.506,43.813,39.272,34.305,32.406,32.783,34.732,37.009,44.250,50.693,58.803,47.118,42.605,38.446,33.798
30.666,29.945,28.570,27.437,28.791,32.719,43.830,53.400,56.803,51.517,43.823,39.324,34.381,32.542,32.907,34.843,37.051,44.272,50.730,58.824,47.181,42.657,38.451,33.841
30.758,30.033,28.658,27.530,28.894,32.815,43.909,53.412,56.824,51.527,43.864,39.385,34.444,32.623,32.988,34.927,37.119,44.297,50.771,58.851,47.251,42.729,38.508,33.916
30.885,30.164,28.787,27.663,29.025,32.936,44.018,53.442,56.842,51.529,43.965,39.501,34.578,32.772,33.134,35.065,37.235,44.383,50.849,58.868,47.359,42.838,38.606,34.036
31.065,30.345,28.973,27.851,29.209,33.118,44.189,53.531,56.911,51.594,44.022,39.611,34.690,32.885,33.272,35.228,37.414,44.518,50.871,58.872,47.477,42.996,38.808,34.226
31.172,30.431,29.083,27.996,29.396,33.249,44.189,53.588,56.932,51.652,44.158,39.682,34.753,32.927,33.293,35.228,37.421,44.586,51.041,58.876,47.530,43.015,38.822,34.275
31.252,30.515,29.158,28.068,29.467,33.331,44.327,53.635,56.943,51.698,44.179,39.747,34.818,33.009,33.393,35.351,37.533,44.652,51.047,58.907,47.644,43.133,38.930,34.378
31.356,30.616,29.262,28.181,29.590,33.444,44.429,53.659,56.974,51.744,44.259,39.831,34.897,33.085,33.476,35.441,37.628,44.745,51.116,58.957,47.745,43.231,39.030,34.481
31.464,30.743,29.389,28.318,29.705,33.530,44.475,53.698,57.092,51.787,44.352,39.937,35.046,33.238,33.622,35.566,37.734,44.797,51.178,59.060,47.800,43.294,39.104,34.596
31.599,30.883,29.523,28.439,29.809,33.648,44.593,53.856,57.192,51.930,44.490,40.085,35.211,33.424,33.795,35.721,37.865,44.914,51.319,59.136,47.910,43.416,39.219,34.719
31.689,30.980,29.622,28.540,29.901,33.730,44.662,53.924,57.263,52.016,44.587,40.180,35.320,33.526,33.895,35.814,37.961,44.998,51.402,59.225,47.984,43.494,39.308,34.817
31.789,31.084,29.721,28.624,29.970,33.814,44.754,54.097,57.457,52.178,44.696,40.296,35.447,33.671,34.029,35.934,38.060,45.090,51.517,59.383,48.067,43.588,39.394,34.907
31.909,31.193,29.826,28.710,30.061,33.940,44.918,54.345,57.715,52.411,44.847,40.435,35.558,33.784,34.139,36.051,38.188,45.262,51.694,59.611,48.220,43.744,39.542,35.019
32.038,31.325,29.955,28.823,30.157,34.055,45.040,54.563,57.952,52.632,45.002,40.587,35.717,33.948,34.294,36.193,38.324,45.405,51.850,59.827,48.335,43.873,39.675,35.144
32.119,31.420,30.047,28.917,30.235,34.117,45.074,54.596,57.997,52.660,45.059,40.664,35.830,34.081,34.417,36.295,38.395,45.426,51.891,59.850,48.370,43.915,39.714,35.220
32.204,31.500,30.123,29.003,30.338,34.212,45.170,54.627,58.017,52.665,45.098,40.723,35.888,34.163,34.500,36.385,38.460,45.467,51.946,59.857,48.464,43.998,39.766,35.291
32.291,31.586,30.209,29.082,30.412,34.291,45.235,54.714,58.103,52.743,45.160,40.795,35.967,34.254,34.586,36.465,38.531,45.531,52.001,59.909,48.513,44.062,39.837,35.363
32.388,31.689,30.316,29.187,30.504,34.376,45.293,54.783,58.144,52.827,45.244,40.886,36.075,34.363,34.691,36.558,38.621,45.605,52.064,59.935,48.565,44.130,39.921,35.457
32.461,31.758,30.384,29.254,30.576,34.450,45.357,54.789,58.173,52.831,45.282,40.937,36.128,34.430,34.757,36.625,38.675,45.649,52.103,59.979,48.618,44.188,39.973,35.515
32.538,31.824,30.452,29.317,30.651,34.535,45.433,54.833,58.216,52.861,45.312,40.982,36.161,34.479,34.806,36.680,38.725,45.704,52.134,59.996,48.671,44.253,40.036,35.568
32.633,31.939,30.574,29.467,30.785,34.614,45.442,54.896,58.264,52.904,45.360,41.048,36.278,34.590,34.919,36.777,38.808,45.715,52.136,60.006,48.695,44.281,40.086,35.676
32.750,32.035,30.670,29.545,30.882,34.743,45.590,54.972,58.317,52.979,45.446,41.141,36.338,34.668,34.997,36.868,38.900,45.843,52.242,60.048,48.811,44.410,40.205,35.762
32.815,32.114,30.743,29.631,30.962,34.801,45.637,54.979,58.333,52.980,45.500,41.210,36.435,34.780,35.105,36.964,38.967,45.860,52.295,60.067,48.875,44.461,40.236,35.833
32.921,32.211,30.841,29.709,31.037,34.903,45.742,55.144,58.500,53.141,45.599,41.310,36.522,34.874,35.194,37.052,39.060,45.981,52.396,60.208,48.955,44.563,40.349,35.919
33.002,32.304,30.933,29.818,31.140,34.975,45.791,55.158,58.500,53.152,45.661,41.384,36.627,34.986,35.304,37.152,39.139,46.010,52.445,60.214,49.020,44.618,40.397,36.008
33.107,32.397,31.034,29.927,31.269,35.099,45.899,55.176,58.512,53.171,45.724,41.450,36.672,35.023,35.353,37.219,39.224,46.110,52.501,60.220,49.116,44.717,40.507,36.105
33.188,32.479,31.113,30.008,31.352,35.181,45.989,55.261,58.589,53.253,45.811,41.537,36.758,35.110,35.440,37.307,39.309,46.194,52.595,60.312,49.212,44.806,40.588,36.188
33.304,32.577,31.219,30.088,31.433,35.297,46.087,55.417,58.718,53.394,45.881,41.616,36.817,35.179,35.506,37.376,39.389,46.310,52.655,60.391,49.259,44.896,40.705,36.267
33.403,32.680,31.322,30.211,31.564,35.400,46.171,55.430,58.742,53.414,45.943,41.693,36.908,35.278,35.609,37.480,39.477,46.360,52.712,60.402,49.355,44.978,40.774,36.367
33.492,32.773,31.419,30.314,31.666,35.490,46.250,55.470,58.765,53.469,46.041,41.782,37.000,35.352,35.688,37.561,39.573,46.459,52.795,60.471,49.441,45.063,40.876,36.469
33.596,32.875,31.524,30.413,31.760,35.592,46.350,55.599,58.890,53.608,46.154,41.889,37.102,35.446,35.781,37.654,39.679,46.581,52.902,60.601,49.535,45.166,40.993,36.573
33.655,32.935,31.574,30.461,31.812,35.649,46.422,55.627,58.893,53.653,46.197,41.950,37.171,35.547,35.874,37.742,39.730,46.606,52.969,60.654,49.607,45.230,41.020,36.618
33.756,33.037,31.685,30.592,31.950,35.760,46.512,55.628,58.903,53.670,46.291,42.034,37.253,35.601,35.942,37.820,39.835,46.711,53.042,60.682,49.710,45.324,41.135,36.737
33.878,33.179,31.833,30.774,32.127,35.880,46.597,55.673,58.957,53.673,46.421,42.158,37.409,35.728,36.079,37.953,39.976,46.806,53.138,60.718,49.835,45.426,41.252,36.897
33.969,33.277,31.939,30.895,32.242,35.968,46.655,55.681,58.988,53.701,46.510,42.241,37.507,35.803,36.160,38.033,40.072,46.888,53.199,60.756,49.906,45.496,41.347,37.005
34.075,33.389,32.048,31.012,32.357,36.074,46.767,55.722,58.992,53.800,46.633,42.360,37.632,35.925,36.283,38.155,40.190,46.996,53.325,60.877,50.034,45.611,41.454,37.123
34.197,33.499,32.153,31.102,32.458,36.207,46.942,55.958,59.234,54.012,46.778,42.497,37.738,36.036,36.393,38.276,40.318,47.165,53.501,61.088,50.199,45.773,41.600,37.237
34.277,33.580,32.235,31.191,32.550,36.287,47.010,55.985,59.255,54.036,46.836,42.563,37.812,36.115,36.473,38.356,40.389,47.218,53.555,61.111,50.269,45.840,41.664,37.315
34.347,33.644,32.297,31.248,32.613,36.362,47.096,56.084,59.353,54.118,46.898,42.629,37.868,36.181,36.538,38.424,40.453,47.290,53.630,61.185,50.346,45.919,41.732,37.375
34.426,33.736,32.385,31.342,32.694,36.427,47.145,56.128,59.408,54.164,46.971,42.713,37.980,36.304,36.655,38.526,40.532,47.331,53.693,61.241,50.405,45.976,41.784,37.457
34.535,33.842,32.492,31.458,32.822,36.549,47.283,56.215,59.475,54.260,47.097,42.829,38.082,36.394,36.752,38.635,40.653,47.463,53.829,61.359,50.557,46.110,41.910,37.579
34.617,33.927,32.583,31.562,32.929,36.633,47.343,56.224,59.498,54.270,47.163,42.894,38.155,36.453,36.818,38.704,40.732,47.530,53.876,61.370,50.625,46.175,41.990,37.670
34.709,34.027,32.682,31.671,33.033,36.723,47.432,56.283,59.548,54.347,47.271,42.999,38.271,36.563,36.929,38.812,40.837,47.620,53.981,61.467,50.731,46.270,42.082,37.777
34.808,34.130,32.790,31.794,33.159,36.826,47.518,56.299,59.551,54.373,47.363,43.089,38.367,36.644,37.017,38.904,40.939,47.710,54.058,61.510,50.829,46.360,42.182,37.889
34.916,34.242,32.898,31.923,33.301,36.942,47.630,56.311,59.556,54.379,47.441,43.181,38.469,36.757,37.136,39.026,41.040,47.774,54.144,61.523,50.958,46.466,42.261,38.000
35.099,34.432,33.095,32.113,33.470,37.113,47.791,56.532,59.785,54.642,47.675,43.391,38.684,36.940,37.317,39.200,41.247,48.004,54.351,61.795,51.123,46.645,42.482,38.203
35.224,34.565,33.227,32.247,33.594,37.232,47.917,56.676,59.940,54.804,47.838,43.541,38.842,37.084,37.461,39.339,41.393,48.151,54.511,61.980,51.266,46.780,42.621,38.346
35.367,34.712,33.378,32.404,33.746,37.378,48.069,56.804,60.062,54.956,48.027,43.707,39.003,37.215,37.599,39.481,41.562,48.338,54.691,62.166,51.435,46.941,42.800,38.514
35.447,34.799,33.464,32.508,33.855,37.459,48.134,56.824,60.090,54.982,48.077,43.771,39.085,37.304,37.690,39.571,41.635,48.372,54.737,62.181,51.512,47.005,42.851,38.598
35.567,34.930,33.591,32.637,33.972,37.569,48.248,56.938,60.214,55.096,48.225,43.917,39.248,37.468,37.849,39.719,41.771,48.489,54.885,62.332,51.644,47.128,42.967,38.731
35.683,35.052,33.703,32.745,34.074,37.676,48.376,57.105,60.403,55.240,48.353,44.054,39.397,37.640,38.012,39.871,41.893,48.590,55.034,62.492,51.778,47.254,43.062,38.844
35.856,35.214,33.869,32.892,34.220,37.851,48.566,57.372,60.670,55.516,48.551,44.235,39.554,37.785,38.156,40.021,42.070,48.816,55.233,62.749,51.950,47.443,43.271,39.011
36.003,35.352,34.008,33.051,34.409,38.024,48.738,57.419,60.689,55.542,48.655,44.347,39.648,37.881,38.266,40.152,42.202,48.944,55.349,62.778,52.128,47.599,43.410,39.156
36.128,35.470,34.142,33.182,34.538,38.150,48.820,57.483,60.725,55.647,48.753,44.437,39.730,37.933,38.326,40.219,42.310,49.080,55.405,62.838,52.187,47.689,43.556,39.276
36.262,35.598,34.270,33.314,34.681,38.288,48.942,57.558,60.786,55.695,48.826,44.534,39.830,38.058,38.450,40.345,42.414,49.161,55.481,62.862,52.293,47.800,43.653,39.387
36.404,35.727,34.401,33.438,34.818,38.442,49.110,57.737,60.954,55.867,48.966,44.668,39.937,38.160,38.557,40.465,42.551,49.333,55.631,63.020,52.449,47.959,43.816,39.521
36.512,35.847,34.502,33.557,34.946,38.554,49.266,57.846,61.090,55.925,49.092,44.808,40.093,38.350,38.742,40.646,42.677,49.406,55.804,63.145,52.645,48.105,43.887,39.641
36.608,35.950,34.599,33.661,35.050,38.648,49.375,57.939,61.196,56.007,49.203,44.921,40.217,38.482,38.872,40.772,42.785,49.492,55.929,63.257,52.773,48.214,43.972,39.747
36.791,36.136,34.795,33.859,35.238,38.828,49.525,58.083,61.297,56.194,49.393,45.098,40.397,38.631,39.027,40.926,42.972,49.694,56.085,63.430,52.919,48.377,44.178,39.941
36.992,36.322,35.000,34.085,35.490,39.054,49.705,58.109,61.327,56.247,49.530,45.233,40.508,38.711,39.128,41.055,43.146,49.887,56.188,63.447,53.087,48.551,44.394,40.141
37.150,36.465,35.145,34.219,35.636,39.224,49.892,58.324,61.503,56.453,49.688,45.383,40.629,38.828,39.249,41.189,43.297,50.080,56.358,63.634,53.257,48.728,44.574,40.287
37.320,36.621,35.291,34.354,35.793,39.410,50.129,58.587,61.773,56.660,49.854,45.557,40.774,39.003,39.422,41.374,43.462,50.263,56.576,63.846,53.487,48.942,44.740,40.438
37.466,36.764,35.433,34.494,35.936,39.559,50.289,58.757,61.944,56.826,50.009,45.708,40.916,39.145,39.564,41.521,43.611,50.422,56.738,64.015,53.647,49.099,44.894,40.584
37.708,37.015,35.675,34.748,36.195,39.811,50.593,59.053,62.261,57.125,50.334,46.007,41.207,39.416,39.841,41.804,43.902,50.724,57.093,64.385,53.996,49.405,45.173,40.865
37.866,37.171,35.811,34.896,36.370,39.987,50.831,59.243,62.467,57.240,50.493,46.183,41.373,39.624,40.048,42.020,44.067,50.860,57.319,64.552,54.259,49.618,45.300,41.021
38.079,37.372,35.999,35.079,36.575,40.219,51.127,59.560,62.796,57.503,50.725,46.414,41.574,39.848,40.271,42.259,44.288,51.102,57.609,64.839,54.560,49.891,45.519,41.226
38.203,37.507,36.129,35.210,36.694,40.330,51.239,59.690,62.943,57.630,50.861,46.556,41.737,40.022,40.438,42.412,44.420,51.205,57.747,64.985,54.683,50.009,45.625,41.355
38.388,37.686,36.298,35.387,36.895,40.537,51.503,59.921,63.180,57.826,51.077,46.764,41.920,40.211,40.634,42.624,44.625,51.423,58.011,65.225,54.971,50.256,45.824,41.551
38.596,37.906,36.489,35.573,37.078,40.737,51.783,60.282,63.600,58.117,51.342,47.041,42.212,40.556,40.959,42.934,44.863,51.621,58.349,65.587,55.284,50.525,45.999,41.763
38.911,38.219,36.799,35.850,37.334,41.036,52.110,60.784,64.130,58.632,51.720,47.399,42.559,40.896,41.289,43.253,45.197,52.002,58.733,66.091,55.595,50.859,46.351,42.074
39.416,38.720,37.276,36.309,37.804,41.563,52.802,61.638,65.046,59.453,52.424,48.042,43.143,41.463,41.855,43.838,45.799,52.694,59.541,67.028,56.340,51.537,46.957,42.627
39.643,38.932,37.473,36.485,37.998,41.803,53.114,62.037,65.466,59.786,52.671,48.293,43.359,41.716,42.101,44.093,46.029,52.953,59.854,67.370,56.642,51.824,47.187,42.833
39.939,39.232,37.765,36.779,38.292,42.104,53.465,62.420,65.870,60.170,53.043,48.641,43.695,42.037,42.423,44.420,46.365,53.310,60.253,67.805,57.022,52.176,47.519,43.155
40.417,39.726,38.224,37.263,38.796,42.592,54.050,62.951,66.452,60.606,53.568,49.184,44.255,42.656,43.034,45.027,46.882,53.751,60.875,68.361,57.675,52.739,47.946,43.654
40.944,40.287,38.717,37.762,39.297,43.121,54.823,63.876,67.520,61.403,54.344,49.936,45.013,43.481,43.832,45.810,47.548,54.370,61.841,69.406,58.579,53.490,48.477,44.249
41.650,41.015,39.417,38.472,40.002,43.828,55.647,64.765,68.479,62.266,55.213,50.771,45.850,44.318,44.664,46.636,48.346,55.160,62.788,70.410,59.485,54.316,49.219,45.015
42.161,41.518,39.886,38.934,40.496,44.366,56.345,65.541,69.309,62.943,55.836,51.378,46.411,44.916,45.257,47.248,48.914,55.757,63.540,71.194,60.229,54.978,49.756,45.541
43.029,42.339,40.663,39.704,41.368,45.328,57.583,66.808,70.613,64.036,56.848,52.350,47.235,45.780,46.137,48.207,49.854,56.822,64.781,72.428,61.520,56.132,50.714,46.421
44.118,43.534,41.805,40.918,42.511,46.374,58.806,68.063,72.043,65.348,58.362,53.772,48.767,47.254,47.598,49.613,51.204,58.045,66.378,74.135,63.004,57.419,51.867,47.723
45.764,45.257,43.584,42.621,43.996,47.880,60.208,70.081,74.157,67.800,60.454,55.664,50.742,48.956,49.280,51.200,53.049,60.068,68.218,76.595,64.433,58.998,53.812,49.535
49.010,48.692,47.064,46.261,47.444,51.061,63.438,73.213,77.426,71.567,64.640,59.457,54.670,52.347,52.744,54.626,56.855,63.950,72.181,80.948,68.120,62.477,57.576,53.337
