12.297,6.904,4.198,2.843,0.575,-2.591,-7.941,-7.648,-7.688,-6.226,-7.180,-7.152,-10.664,-17.826,-24.052,-21.072,-13.213,-2.019,6.958,11.846,15.168,16.679,18.212,14.235
19.921,15.508,13.389,12.186,9.871,7.090,2.293,1.951,2.366,3.511,1.949,2.481,-0.019,-5.914,-9.955,-7.952,-2.414,6.559,15.348,19.958,22.462,24.074,25.512,22.386
21.422,17.296,15.330,14.190,12.087,9.456,5.048,4.752,5.008,5.966,4.857,5.367,2.866,-2.566,-6.599,-4.651,0.619,9.214,17.094,21.421,24.083,25.351,26.787,24.028
22.884,19.112,17.261,16.059,13.946,11.553,7.567,7.206,7.498,8.214,7.132,7.836,5.843,0.761,-2.976,-1.408,3.150,11.236,18.800,23.336,25.646,26.996,28.449,25.916
24.015,20.503,18.780,17.574,15.501,13.237,9.530,9.091,9.374,9.906,8.961,9.789,8.013,3.274,-0.225,1.131,5.199,12.910,20.104,24.656,26.906,28.158,29.643,27.389
24.647,21.276,19.595,18.394,16.369,14.218,10.698,10.289,10.561,11.034,10.126,10.959,9.341,4.747,1.320,2.576,6.452,13.922,20.872,25.384,27.484,28.746,30.194,27.999
25.098,21.814,20.170,18.980,16.993,14.899,11.483,11.082,11.342,11.779,10.911,11.746,10.194,5.709,2.340,3.546,7.306,14.622,21.404,25.865,27.913,29.151,30.580,28.446
25.518,22.259,20.628,19.453,17.490,15.413,12.025,11.635,11.887,12.325,11.474,12.292,10.737,6.290,2.938,4.146,7.893,15.150,21.858,26.261,28.302,29.520,30.934,28.816
26.050,22.804,21.180,20.038,18.109,16.055,12.670,12.308,12.571,13.062,12.155,12.916,11.362,6.929,3.629,4.854,8.626,15.773,22.443,26.726,28.693,29.933,31.291,29.134
26.280,23.074,21.470,20.355,18.487,16.460,13.139,12.813,13.035,13.518,12.701,13.419,11.829,7.468,4.139,5.390,9.180,16.258,22.727,26.898,28.898,30.066,31.403,29.288
26.524,23.342,21.752,20.646,18.791,16.779,13.481,13.155,13.378,13.858,13.044,13.757,12.179,7.851,4.553,5.794,9.553,16.574,22.998,27.136,29.120,30.280,31.606,29.507
26.761,23.625,22.071,20.970,19.133,17.125,13.873,13.520,13.723,14.153,13.422,14.164,12.575,8.337,5.070,6.291,9.966,16.944,23.254,27.378,29.434,30.516,31.868,29.868
26.943,23.842,22.304,21.209,19.391,17.402,14.191,13.838,14.031,14.443,13.745,14.488,12.911,8.723,5.473,6.679,10.312,17.238,23.466,27.564,29.620,30.678,32.026,30.063
27.204,24.137,22.618,21.525,19.706,17.733,14.547,14.177,14.382,14.779,14.068,14.828,13.289,9.143,5.955,7.127,10.684,17.540,23.753,27.848,29.876,30.937,32.284,30.349
27.296,24.264,22.765,21.680,19.895,17.938,14.808,14.449,14.619,14.984,14.365,15.121,13.562,9.481,6.267,7.443,10.980,17.808,23.871,27.927,30.006,31.000,32.353,30.478
27.485,24.470,22.981,21.898,20.117,18.168,15.054,14.689,14.862,15.218,14.600,15.362,13.818,9.761,6.570,7.733,11.237,18.032,24.074,28.123,30.194,31.183,32.535,30.676
27.638,24.656,23.181,22.101,20.320,18.391,15.304,14.928,15.113,15.460,14.822,15.596,14.096,10.073,6.940,8.069,11.504,18.228,24.256,28.301,30.330,31.331,32.677,30.835
27.742,24.778,23.305,22.217,20.448,18.535,15.492,15.130,15.293,15.612,15.030,15.809,14.319,10.318,7.140,8.262,11.688,18.420,24.369,28.430,30.473,31.452,32.806,30.987
27.829,24.890,23.428,22.341,20.590,18.692,15.688,15.333,15.478,15.775,15.243,16.022,14.535,10.572,7.381,8.497,11.901,18.611,24.475,28.522,30.581,31.529,32.887,31.101
27.914,24.986,23.531,22.447,20.708,18.814,15.828,15.476,15.608,15.893,15.397,16.174,14.676,10.736,7.532,8.652,12.052,18.757,24.567,28.601,30.684,31.605,32.967,31.203
28.081,25.146,23.688,22.609,20.880,18.985,15.997,15.657,15.783,16.078,15.587,16.349,14.835,10.889,7.669,8.804,12.234,18.943,24.736,28.747,30.834,31.750,33.104,31.331
28.186,25.255,23.797,22.725,21.006,19.116,16.132,15.802,15.925,16.230,15.737,16.485,14.966,11.024,7.804,8.946,12.388,19.079,24.853,28.837,30.915,31.830,33.173,31.393
28.319,25.393,23.941,22.878,21.167,19.281,16.297,15.968,16.094,16.408,15.908,16.644,15.121,11.189,7.987,9.134,12.576,19.238,24.999,28.950,31.020,31.933,33.265,31.485
28.399,25.487,24.038,22.970,21.259,19.383,16.419,16.090,16.213,16.513,16.023,16.770,15.266,11.348,8.148,9.279,12.694,19.345,25.086,29.053,31.114,32.027,33.364,31.595
28.555,25.643,24.192,23.120,21.405,19.532,16.572,16.244,16.370,16.668,16.170,16.920,15.430,11.507,8.306,9.430,12.839,19.490,25.241,29.222,31.269,32.193,33.530,31.754
28.701,25.783,24.322,23.250,21.534,19.670,16.708,16.396,16.528,16.844,16.316,17.051,15.577,11.630,8.423,9.549,12.979,19.623,25.394,29.370,31.375,32.330,33.650,31.839
28.827,25.913,24.456,23.393,21.686,19.822,16.859,16.548,16.680,17.003,16.474,17.199,15.716,11.780,8.586,9.718,13.150,19.773,25.529,29.476,31.482,32.430,33.743,31.935
28.972,26.063,24.611,23.551,21.842,19.979,17.014,16.695,16.833,17.158,16.619,17.347,15.866,11.938,8.766,9.893,13.311,19.916,25.679,29.618,31.620,32.568,33.879,32.076
29.105,26.194,24.737,23.676,21.969,20.110,17.150,16.840,16.976,17.304,16.763,17.485,16.010,12.074,8.888,10.017,13.446,20.056,25.814,29.755,31.745,32.701,34.008,32.193
29.233,26.311,24.849,23.790,22.083,20.220,17.248,16.944,17.081,17.418,16.870,17.584,16.099,12.149,8.955,10.094,13.545,20.166,25.937,29.870,31.860,32.821,34.124,32.295
29.352,26.435,24.976,23.924,22.225,20.366,17.395,17.095,17.234,17.581,17.022,17.725,16.241,12.297,9.118,10.260,13.712,20.306,26.068,29.976,31.952,32.916,34.207,32.374
29.460,26.535,25.069,24.010,22.310,20.447,17.478,17.184,17.313,17.654,17.116,17.822,16.328,12.373,9.158,10.306,13.778,20.409,26.164,30.092,32.086,33.043,34.343,32.509
29.632,26.711,25.254,24.207,22.511,20.648,17.668,17.367,17.506,17.860,17.300,17.997,16.498,12.556,9.382,10.532,13.994,20.585,26.347,30.238,32.224,33.180,34.470,32.637
29.682,26.768,25.310,24.256,22.563,20.707,17.749,17.455,17.582,17.919,17.390,18.092,16.600,12.663,9.459,10.605,14.064,20.671,26.398,30.307,32.302,33.249,34.546,32.723
29.763,26.860,25.405,24.347,22.649,20.800,17.854,17.555,17.686,18.015,17.480,18.193,16.723,12.795,9.605,10.734,14.164,20.756,26.485,30.409,32.388,33.343,34.642,32.825
29.851,26.958,25.510,24.459,22.771,20.926,17.987,17.688,17.818,18.148,17.617,18.325,16.851,12.941,9.766,10.896,14.317,20.882,26.585,30.485,32.464,33.409,34.703,32.896
29.930,27.041,25.596,24.554,22.879,21.037,18.102,17.811,17.938,18.277,17.748,18.441,16.958,13.057,9.886,11.025,14.457,21.000,26.676,30.541,32.518,33.456,34.738,32.931
30.034,27.143,25.693,24.651,22.982,21.145,18.219,17.942,18.058,18.397,17.886,18.569,17.080,13.174,9.973,11.121,14.575,21.131,26.782,30.643,32.623,33.556,34.837,33.022
30.068,27.185,25.735,24.691,23.032,21.205,18.301,18.036,18.141,18.471,17.985,18.664,17.178,13.281,10.057,11.205,14.662,21.217,26.824,30.682,32.663,33.587,34.867,33.058
30.181,27.304,25.860,24.821,23.168,21.341,18.438,18.170,18.274,18.604,18.123,18.799,17.307,13.423,10.211,11.361,14.811,21.351,26.943,30.785,32.773,33.687,34.965,33.166
30.285,27.413,25.974,24.937,23.279,21.452,18.547,18.268,18.381,18.711,18.214,18.898,17.415,13.539,10.355,11.494,14.922,21.443,27.050,30.892,32.872,33.791,35.068,33.275
30.351,27.493,26.057,25.012,23.355,21.537,18.656,18.378,18.483,18.794,18.321,19.016,17.548,13.686,10.488,11.616,15.022,21.544,27.121,30.984,32.966,33.878,35.164,33.386
30.410,27.560,26.126,25.082,23.437,21.627,18.767,18.501,18.593,18.896,18.452,19.141,17.671,13.821,10.602,11.732,15.143,21.662,27.188,31.042,33.031,33.928,35.213,33.445
30.474,27.631,26.199,25.156,23.519,21.717,18.872,18.613,18.700,19.000,18.567,19.251,17.786,13.945,10.717,11.847,15.256,21.764,27.261,31.106,33.091,33.984,35.265,33.499
30.643,27.796,26.363,25.328,23.692,21.888,19.029,18.771,18.865,19.181,18.725,19.398,17.927,14.079,10.870,12.006,15.427,21.919,27.435,31.257,33.229,34.131,35.401,33.622
30.674,27.837,26.403,25.360,23.724,21.929,19.091,18.836,18.924,19.225,18.787,19.468,18.014,14.174,10.948,12.073,15.478,21.976,27.469,31.313,33.282,34.183,35.460,33.688
30.750,27.920,26.491,25.444,23.805,22.010,19.180,18.917,19.003,19.290,18.865,19.560,18.110,14.283,11.061,12.177,15.560,22.058,27.542,31.402,33.383,34.274,35.561,33.807
30.830,28.001,26.574,25.529,23.897,22.104,19.281,19.024,19.103,19.388,18.979,19.667,18.210,14.388,11.154,12.276,15.668,22.167,27.626,31.474,33.464,34.344,35.630,33.881
30.938,28.109,26.679,25.635,24.008,22.216,19.396,19.145,19.219,19.504,19.104,19.788,18.326,14.502,11.256,12.382,15.785,22.289,27.735,31.579,33.572,34.449,35.734,33.983
30.997,28.178,26.755,25.716,24.105,22.317,19.516,19.271,19.330,19.607,19.244,19.921,18.444,14.644,11.383,12.517,15.922,22.418,27.803,31.624,33.642,34.489,35.775,34.045
31.059,28.246,26.830,25.793,24.188,22.400,19.607,19.360,19.412,19.680,19.340,20.019,18.532,14.748,11.484,12.620,16.020,22.513,27.868,31.680,33.719,34.547,35.837,34.126
31.101,28.292,26.873,25.833,24.235,22.453,19.676,19.440,19.479,19.739,19.426,20.101,18.612,14.831,11.537,12.676,16.086,22.593,27.912,31.728,33.776,34.593,35.886,34.179
31.228,28.415,26.997,25.964,24.367,22.582,19.793,19.556,19.603,19.876,19.543,20.210,18.716,14.932,11.657,12.801,16.217,22.708,28.042,31.838,33.876,34.700,35.984,34.268
31.354,28.542,27.126,26.099,24.505,22.721,19.926,19.689,19.742,20.028,19.673,20.333,18.840,15.057,11.803,12.949,16.364,22.832,28.176,31.950,33.973,34.805,36.078,34.354
31.469,28.656,27.241,26.218,24.626,22.842,20.043,19.808,19.863,20.155,19.794,20.448,18.952,15.168,11.921,13.070,16.490,22.949,28.295,32.057,34.075,34.908,36.177,34.449
31.561,28.754,27.343,26.322,24.737,22.957,20.167,19.934,19.985,20.273,19.925,20.576,19.076,15.303,12.052,13.203,16.622,23.074,28.393,32.144,34.168,34.991,36.259,34.539
31.646,28.842,27.428,26.408,24.827,23.053,20.270,20.046,20.095,20.387,20.036,20.680,19.188,15.413,12.158,13.308,16.731,23.175,28.485,32.231,34.240,35.070,36.331,34.602
31.794,28.986,27.574,26.556,24.974,23.193,20.402,20.172,20.222,20.514,20.164,20.811,19.307,15.534,12.284,13.438,16.863,23.311,28.628,32.369,34.392,35.215,36.479,34.756
31.888,29.077,27.655,26.633,25.047,23.275,20.487,20.268,20.323,20.624,20.251,20.891,19.410,15.617,12.359,13.508,16.942,23.388,28.725,32.478,34.463,35.314,36.569,34.818
31.996,29.184,27.768,26.750,25.165,23.387,20.591,20.366,20.420,20.720,20.355,20.996,19.499,15.714,12.464,13.618,17.052,23.499,28.831,32.573,34.579,35.416,36.674,34.935
32.112,29.297,27.879,26.863,25.276,23.498,20.696,20.470,20.531,20.840,20.455,21.093,19.601,15.809,12.570,13.725,17.159,23.597,28.948,32.686,34.676,35.525,36.778,35.028
32.204,29.387,27.969,26.953,25.365,23.585,20.778,20.550,20.612,20.922,20.535,21.174,19.679,15.886,12.650,13.805,17.240,23.680,29.038,32.775,34.768,35.617,36.870,35.121
32.282,29.473,28.059,27.041,25.453,23.673,20.874,20.641,20.700,20.999,20.626,21.273,19.780,16.000,12.765,13.914,17.333,23.773,29.116,32.862,34.866,35.705,36.965,35.232
32.417,29.615,28.209,27.197,25.610,23.831,21.030,20.789,20.856,21.160,20.771,21.419,19.929,16.160,12.958,14.102,17.503,23.912,29.261,32.989,34.984,35.824,37.078,35.350
32.542,29.736,28.324,27.311,25.725,23.948,21.147,20.914,20.980,21.288,20.896,21.538,20.050,16.272,13.058,14.205,17.619,24.034,29.386,33.114,35.100,35.948,37.199,35.458
32.628,29.821,28.410,27.398,25.814,24.035,21.236,21.003,21.064,21.369,20.990,21.632,20.136,16.360,13.137,14.289,17.708,24.131,29.469,33.196,35.196,36.034,37.288,35.553
32.762,29.952,28.540,27.526,25.937,24.157,21.350,21.115,21.181,21.490,21.098,21.741,20.249,16.466,13.250,14.400,17.818,24.242,29.601,33.333,35.326,36.172,37.426,35.685
32.854,30.049,28.641,27.629,26.045,24.267,21.468,21.233,21.295,21.599,21.220,21.862,20.367,16.596,13.381,14.530,17.942,24.359,29.697,33.422,35.421,36.258,37.512,35.782
33.001,30.210,28.808,27.798,26.214,24.441,21.651,21.408,21.475,21.774,21.389,22.039,20.556,16.802,13.610,14.747,18.131,24.522,29.854,33.577,35.568,36.404,37.658,35.939
33.119,30.328,28.928,27.919,26.335,24.563,21.772,21.529,21.598,21.898,21.509,22.158,20.678,16.924,13.740,14.875,18.256,24.639,29.974,33.693,35.679,36.518,37.769,36.049
33.303,30.509,29.107,28.100,26.512,24.738,21.937,21.692,21.768,22.078,21.669,22.315,20.836,17.076,13.903,15.040,18.423,24.800,30.158,33.873,35.848,36.698,37.944,36.214
33.566,30.763,29.364,28.362,26.763,24.978,22.145,21.882,21.980,22.307,21.849,22.499,21.021,17.251,14.130,15.263,18.634,24.992,30.416,34.123,36.082,36.951,38.192,36.452
33.759,30.942,29.532,28.537,26.945,25.161,22.315,22.072,22.171,22.526,22.043,22.666,21.179,17.383,14.249,15.401,18.819,25.177,30.613,34.290,36.225,37.113,38.334,36.556
33.910,31.098,29.687,28.680,27.074,25.291,22.452,22.198,22.299,22.635,22.158,22.803,21.337,17.542,14.406,15.539,18.928,25.302,30.755,34.478,36.414,37.307,38.544,36.777
34.080,31.257,29.839,28.836,27.237,25.455,22.611,22.374,22.472,22.824,22.340,22.966,21.490,17.679,14.523,15.672,19.097,25.478,30.927,34.631,36.555,37.456,38.681,36.890
34.223,31.400,29.979,28.972,27.366,25.586,22.742,22.502,22.605,22.955,22.462,23.093,21.629,17.812,14.658,15.800,19.218,25.601,31.068,34.787,36.700,37.612,38.838,37.042
34.410,31.592,30.177,29.174,27.565,25.783,22.932,22.682,22.793,23.146,22.636,23.273,21.812,18.003,14.882,16.017,19.415,25.777,31.259,34.970,36.879,37.793,39.018,37.228
34.516,31.707,30.291,29.279,27.670,25.895,23.067,22.820,22.922,23.255,22.773,23.420,21.972,18.171,15.026,16.151,19.535,25.910,31.364,35.103,37.018,37.925,39.160,37.383
34.781,31.954,30.534,29.537,27.945,26.160,23.313,23.082,23.174,23.531,23.058,23.674,22.179,18.367,15.199,16.361,19.809,26.195,31.628,35.312,37.251,38.140,39.362,37.571
34.965,32.131,30.710,29.720,28.137,26.350,23.496,23.273,23.362,23.732,23.258,23.858,22.347,18.531,15.356,16.534,20.007,26.391,31.814,35.471,37.413,38.298,39.511,37.710
35.130,32.295,30.874,29.880,28.297,26.507,23.656,23.432,23.514,23.874,23.421,24.027,22.508,18.694,15.503,16.683,20.158,26.561,31.973,35.641,37.604,38.477,39.699,37.909
35.303,32.467,31.049,30.064,28.487,26.694,23.833,23.609,23.693,24.064,23.604,24.200,22.667,18.857,15.680,16.869,20.353,26.742,32.151,35.790,37.757,38.623,39.838,38.048
35.468,32.631,31.218,30.237,28.671,26.872,24.014,23.792,23.864,24.230,23.802,24.393,22.834,19.036,15.843,17.045,20.543,26.942,32.314,35.935,37.937,38.775,39.995,38.222
35.681,32.844,31.434,30.459,28.900,27.100,24.241,24.021,24.089,24.459,24.039,24.622,23.050,19.259,16.065,17.276,20.783,27.176,32.530,36.132,38.144,38.971,40.188,38.419
35.886,33.044,31.625,30.642,29.078,27.283,24.426,24.214,24.285,24.658,24.224,24.807,23.252,19.441,16.233,17.439,20.955,27.359,32.732,36.354,38.342,39.191,40.405,38.615
36.113,33.249,31.812,30.834,29.275,27.479,24.608,24.422,24.488,24.887,24.440,24.994,23.424,19.576,16.329,17.561,21.142,27.572,32.955,36.558,38.530,39.396,40.594,38.761
36.335,33.471,32.034,31.050,29.484,27.687,24.815,24.622,24.693,25.085,24.633,25.198,23.637,19.788,16.546,17.769,21.336,27.771,33.172,36.795,38.764,39.636,40.840,39.009
36.540,33.696,32.263,31.260,29.680,27.894,25.054,24.849,24.917,25.272,24.843,25.443,23.924,20.090,16.844,18.032,21.539,27.983,33.375,37.064,39.030,39.904,41.130,39.326
36.794,33.949,32.518,31.510,29.916,28.122,25.271,25.049,25.126,25.474,25.035,25.652,24.138,20.304,17.077,18.254,21.740,28.191,33.618,37.331,39.304,40.181,41.418,39.622
37.043,34.207,32.780,31.781,30.210,28.426,25.597,25.394,25.454,25.803,25.397,25.994,24.464,20.648,17.397,18.589,22.095,28.531,33.884,37.557,39.540,40.394,41.621,39.832
37.378,34.553,33.145,32.173,30.623,28.836,25.996,25.786,25.852,26.223,25.803,26.378,24.819,21.037,17.846,19.052,22.553,28.920,34.245,37.831,39.821,40.652,41.859,40.087
37.665,34.823,33.415,32.440,30.897,29.089,26.239,26.027,26.070,26.428,26.068,26.646,25.034,21.253,18.011,19.244,22.783,29.213,34.505,38.095,40.166,40.949,42.177,40.432
38.106,35.280,33.876,32.878,31.294,29.488,26.642,26.391,26.461,26.787,26.391,27.026,25.481,21.703,18.515,19.690,23.131,29.556,34.934,38.621,40.660,41.479,42.732,41.005
38.723,35.889,34.484,33.504,31.906,30.097,27.201,26.937,27.053,27.432,26.913,27.532,26.009,22.208,19.123,20.291,23.720,30.071,35.566,39.209,41.165,42.048,43.266,41.488
39.065,36.226,34.789,33.760,32.139,30.353,27.512,27.277,27.370,27.701,27.232,27.881,26.425,22.577,19.362,20.501,23.936,30.395,35.881,39.671,41.600,42.519,43.767,41.962
39.772,36.934,35.492,34.436,32.783,30.995,28.162,27.908,28.004,28.298,27.840,28.534,27.115,23.257,20.027,21.132,24.521,31.030,36.561,40.452,42.387,43.319,44.600,42.811
40.536,37.650,36.169,35.098,33.408,31.612,28.726,28.483,28.612,28.949,28.384,29.072,27.689,23.731,20.487,21.593,25.036,31.597,37.294,41.244,43.093,44.123,45.388,43.499
41.327,38.489,37.012,35.869,34.107,32.337,29.526,29.229,29.372,29.597,29.053,29.870,28.642,24.704,21.468,22.448,25.690,32.295,38.057,42.263,44.074,45.150,46.489,44.662
43.554,40.665,39.180,37.963,36.010,34.154,31.181,30.698,30.977,31.162,30.386,31.401,30.298,26.263,23.252,24.094,27.102,33.819,40.144,44.694,46.469,47.693,49.135,47.315
