-10.021,-9.889,-9.814,-7.534,-8.832,-2.861,7.254,12.612,3.694,-12.708,-20.212,-25.344,-36.723,-37.421,-29.658,-11.401,1.937,16.048,18.514,29.316,7.563,5.982,4.231,1.553
-7.490,-7.442,-7.442,-6.094,-6.590,-1.042,9.011,14.250,6.153,-9.187,-17.119,-21.200,-31.762,-32.051,-24.366,-7.638,4.130,16.581,20.989,29.970,10.794,9.019,7.370,4.136
-5.440,-5.460,-5.520,-4.946,-4.723,0.437,10.365,15.462,8.097,-6.168,-14.433,-17.568,-27.209,-27.122,-19.561,-4.391,5.905,16.842,22.892,30.173,13.373,11.454,9.898,6.197
-3.330,-3.378,-3.438,-2.971,-2.307,2.606,12.121,16.969,10.016,-2.955,-11.210,-13.726,-21.779,-21.385,-14.158,-0.960,8.069,17.935,24.591,30.401,15.403,13.539,12.033,8.199
-1.696,-1.823,-1.888,-1.300,-0.698,4.108,13.359,18.117,11.387,-1.178,-9.236,-11.708,-19.551,-19.112,-12.050,0.729,9.423,18.881,25.621,31.104,16.618,14.752,13.269,9.564
-0.664,-1.047,-1.148,-0.390,0.270,5.025,14.180,19.001,12.607,0.547,-7.639,-9.915,-17.519,-16.817,-9.732,2.402,10.392,18.976,26.916,31.419,17.960,15.908,14.407,10.663
0.187,-0.267,-0.376,0.493,1.031,5.758,14.812,19.629,13.338,1.338,-6.733,-9.082,-16.848,-16.151,-9.105,3.085,11.035,19.469,27.472,31.953,18.581,16.498,15.000,11.363
1.009,0.658,0.552,1.176,1.788,6.419,15.420,20.147,13.907,1.925,-6.062,-8.328,-16.090,-15.469,-8.511,3.695,11.671,20.165,27.843,32.489,19.159,17.143,15.688,12.025
1.771,1.429,1.325,1.921,2.565,7.135,16.028,20.692,14.532,2.743,-5.172,-7.370,-14.948,-14.316,-7.446,4.517,12.342,20.699,28.326,32.842,19.749,17.760,16.323,12.679
2.322,1.810,1.692,2.558,3.129,7.712,16.510,21.217,15.196,3.677,-4.243,-6.442,-13.898,-13.133,-6.262,5.379,12.883,20.819,29.003,33.039,20.366,18.282,16.820,13.243
2.814,2.355,2.251,3.171,3.647,8.238,16.980,21.649,15.548,3.940,-3.846,-6.162,-13.683,-13.008,-6.193,5.609,13.318,21.488,29.216,33.559,20.577,18.559,17.103,13.619
3.272,2.785,2.672,3.527,4.065,8.600,17.297,21.946,15.965,4.520,-3.280,-5.490,-12.918,-12.194,-5.406,6.193,13.694,21.626,29.547,33.692,21.046,19.002,17.559,14.043
3.954,3.636,3.526,3.770,4.645,8.963,17.652,22.102,16.195,4.769,-2.991,-4.880,-12.165,-11.563,-4.927,6.610,14.125,22.230,29.585,33.949,21.467,19.585,18.239,14.521
4.109,3.745,3.625,4.389,4.884,9.396,18.034,22.650,16.684,5.252,-2.462,-4.706,-12.145,-11.477,-4.737,6.894,14.433,22.394,30.180,34.380,21.694,19.676,18.242,14.777
4.289,3.763,3.657,4.551,5.025,9.546,18.193,22.850,16.942,5.545,-2.210,-4.450,-11.970,-11.231,-4.455,7.155,14.600,22.403,30.485,34.526,21.978,19.901,18.457,14.992
4.652,4.027,3.898,4.944,5.321,9.855,18.480,23.176,17.321,5.914,-1.814,-4.125,-11.817,-11.060,-4.261,7.445,14.875,22.569,30.834,34.829,22.309,20.179,18.725,15.320
4.957,4.298,4.163,5.188,5.619,10.113,18.694,23.375,17.616,6.379,-1.367,-3.588,-11.147,-10.334,-3.559,7.918,15.145,22.618,31.107,34.855,22.643,20.489,19.041,15.612
5.455,4.771,4.624,5.537,6.084,10.498,19.022,23.668,18.067,7.076,-0.704,-2.754,-10.120,-9.232,-2.500,8.642,15.562,22.710,31.510,34.907,23.184,21.003,19.573,16.080
5.759,5.048,4.911,6.011,6.501,10.939,19.373,23.998,18.372,7.519,-0.192,-2.289,-9.443,-8.533,-1.853,9.077,15.935,23.058,31.775,35.078,23.376,21.219,19.777,16.361
5.951,5.258,5.121,6.173,6.677,11.095,19.516,24.125,18.513,7.666,-0.027,-2.108,-9.266,-8.369,-1.707,9.227,16.086,23.212,31.875,35.204,23.519,21.373,19.939,16.519
6.224,5.614,5.485,6.416,6.964,11.356,19.776,24.338,18.686,7.799,0.138,-1.919,-9.037,-8.195,-1.571,9.397,16.342,23.614,31.990,35.484,23.693,21.605,20.188,16.748
6.468,5.881,5.752,6.617,7.203,11.567,19.971,24.507,18.878,8.030,0.378,-1.636,-8.701,-7.864,-1.265,9.646,16.556,23.809,32.144,35.624,23.901,21.827,20.421,16.964
6.768,6.145,6.013,6.920,7.510,11.854,20.204,24.729,19.163,8.448,0.810,-1.171,-8.139,-7.263,-0.691,10.053,16.826,23.925,32.392,35.703,24.174,22.086,20.681,17.237
7.037,6.470,6.345,7.187,7.803,12.123,20.441,24.922,19.338,8.641,1.050,-0.912,-7.802,-6.961,-0.437,10.270,17.074,24.250,32.495,35.892,24.327,22.287,20.895,17.452
7.259,6.668,6.540,7.392,8.011,12.315,20.607,25.083,19.547,8.917,1.331,-0.609,-7.473,-6.611,-0.098,10.535,17.260,24.336,32.678,35.980,24.537,22.482,21.093,17.654
7.442,6.868,6.739,7.534,8.164,12.449,20.741,25.207,19.686,9.039,1.463,-0.463,-7.367,-6.522,-0.016,10.656,17.395,24.480,32.783,36.126,24.686,22.637,21.255,17.809
7.716,7.131,7.011,7.940,8.541,12.840,21.056,25.496,19.953,9.435,1.913,-0.036,-6.730,-5.866,0.589,11.056,17.734,24.801,33.016,36.274,24.869,22.846,21.457,18.064
8.072,7.475,7.355,8.295,8.912,13.181,21.330,25.740,20.253,9.874,2.384,0.478,-6.087,-5.200,1.209,11.495,18.050,24.956,33.249,36.376,25.150,23.133,21.751,18.370
8.286,7.622,7.491,8.480,9.102,13.356,21.477,25.903,20.505,10.248,2.735,0.870,-5.657,-4.707,1.706,11.848,18.232,24.996,33.508,36.399,25.425,23.359,21.972,18.590
8.477,7.833,7.702,8.617,9.272,13.499,21.615,26.023,20.649,10.406,2.896,1.068,-5.451,-4.510,1.888,12.016,18.382,25.092,33.618,36.514,25.590,23.533,22.157,18.755
8.638,7.971,7.843,8.864,9.461,13.706,21.785,26.195,20.808,10.588,3.121,1.239,-5.266,-4.324,2.060,12.172,18.548,25.261,33.750,36.623,25.682,23.627,22.243,18.894
9.025,8.399,8.268,9.075,9.799,13.991,22.016,26.307,20.989,10.892,3.448,1.623,-4.905,-3.985,2.366,12.481,18.833,25.517,33.799,36.647,25.949,23.953,22.589,19.190
9.032,8.482,8.360,9.159,9.871,14.000,22.050,26.426,21.092,10.958,3.511,1.734,-4.850,-3.956,2.387,12.562,18.866,25.528,33.947,36.873,25.993,23.976,22.638,19.217
9.204,8.604,8.471,9.249,9.922,14.083,22.151,26.509,21.197,10.965,3.526,1.841,-4.446,-3.564,2.722,12.649,18.936,25.640,34.009,37.002,26.129,24.099,22.750,19.352
9.561,8.897,8.772,9.778,10.345,14.542,22.500,26.856,21.528,11.322,3.978,2.134,-4.416,-3.533,2.792,12.902,19.283,25.968,34.243,37.224,26.280,24.255,22.889,19.632
9.651,8.989,8.855,9.823,10.401,14.556,22.561,26.881,21.540,11.380,4.062,2.137,-4.402,-3.504,2.806,12.903,19.343,26.008,34.245,37.358,26.376,24.391,23.047,19.712
9.678,9.079,8.955,9.872,10.402,14.599,22.603,26.991,21.692,11.494,4.126,2.213,-4.343,-3.419,2.853,13.004,19.376,26.138,34.458,37.407,26.500,24.437,23.068,19.782
9.969,9.384,9.257,10.068,10.684,14.817,22.797,27.109,21.814,11.627,4.305,2.470,-4.109,-3.256,3.017,13.188,19.591,26.321,34.465,37.550,26.643,24.649,23.312,19.986
10.200,9.650,9.526,10.275,10.920,15.022,22.967,27.241,21.960,11.817,4.529,2.728,-3.785,-2.950,3.281,13.393,19.780,26.521,34.541,37.650,26.781,24.817,23.493,20.164
10.408,9.896,9.773,10.421,11.104,15.176,23.120,27.368,22.099,11.949,4.671,2.906,-3.609,-2.798,3.414,13.541,19.940,26.706,34.637,37.800,26.943,24.999,23.688,20.336
10.561,10.075,9.953,10.550,11.243,15.299,23.238,27.469,22.200,12.033,4.774,3.017,-3.515,-2.726,3.470,13.629,20.057,26.862,34.699,37.926,27.042,25.114,23.812,20.457
10.656,10.143,10.016,10.622,11.305,15.360,23.307,27.557,22.317,12.147,4.873,3.116,-3.476,-2.672,3.541,13.725,20.127,26.870,34.826,38.009,27.173,25.220,23.915,20.559
10.754,10.254,10.125,10.673,11.377,15.418,23.375,27.619,22.392,12.206,4.926,3.189,-3.433,-2.637,3.577,13.789,20.195,26.940,34.892,38.094,27.272,25.320,24.022,20.647
10.939,10.411,10.280,10.866,11.567,15.596,23.514,27.753,22.569,12.472,5.204,3.485,-3.077,-2.254,3.942,14.044,20.359,26.998,35.042,38.130,27.437,25.473,24.174,20.813
11.034,10.521,10.393,10.973,11.686,15.712,23.619,27.843,22.649,12.575,5.316,3.607,-2.893,-2.074,4.107,14.162,20.471,27.127,35.113,38.201,27.510,25.562,24.266,20.903
11.154,10.619,10.489,11.114,11.813,15.840,23.726,27.954,22.778,12.748,5.496,3.784,-2.690,-1.853,4.322,14.323,20.588,27.187,35.234,38.258,27.624,25.665,24.366,21.018
11.331,10.785,10.655,11.292,12.003,16.021,23.886,28.105,22.953,12.989,5.738,4.048,-2.356,-1.501,4.661,14.568,20.766,27.302,35.400,38.342,27.799,25.838,24.538,21.191
11.485,10.925,10.792,11.414,12.165,16.162,24.004,28.214,23.108,13.245,5.978,4.346,-1.958,-1.069,5.078,14.837,20.918,27.337,35.554,38.350,27.981,26.011,24.714,21.347
11.654,11.085,10.952,11.593,12.325,16.315,24.133,28.337,23.248,13.405,6.164,4.522,-1.791,-0.904,5.230,14.982,21.052,27.447,35.655,38.447,28.097,26.126,24.831,21.484
11.805,11.217,11.080,11.731,12.470,16.452,24.255,28.459,23.405,13.616,6.369,4.749,-1.534,-0.624,5.506,15.189,21.190,27.503,35.808,38.510,28.262,26.278,24.983,21.633
11.968,11.396,11.264,11.937,12.662,16.642,24.415,28.600,23.527,13.757,6.549,4.912,-1.323,-0.429,5.673,15.330,21.352,27.707,35.889,38.633,28.344,26.383,25.091,21.765
12.139,11.582,11.450,12.066,12.826,16.782,24.542,28.708,23.661,13.930,6.724,5.128,-1.104,-0.236,5.852,15.517,21.497,27.820,35.995,38.709,28.496,26.544,25.260,21.916
12.266,11.733,11.600,12.144,12.915,16.857,24.637,28.798,23.750,13.960,6.756,5.165,-1.061,-0.170,5.917,15.548,21.581,27.952,36.065,38.868,28.604,26.659,25.382,22.024
12.364,11.815,11.683,12.282,13.018,16.971,24.739,28.906,23.853,14.061,6.875,5.251,-1.039,-0.167,5.918,15.630,21.677,28.049,36.158,38.969,28.675,26.725,25.444,22.113
12.485,11.943,11.813,12.412,13.164,17.114,24.870,29.027,23.972,14.216,7.031,5.423,-0.795,0.079,6.154,15.799,21.819,28.183,36.276,39.056,28.793,26.853,25.573,22.237
12.615,12.068,11.942,12.606,13.330,17.292,25.021,29.172,24.098,14.369,7.213,5.577,-0.590,0.283,6.342,15.946,21.971,28.352,36.386,39.167,28.874,26.945,25.660,22.356
12.802,12.231,12.099,12.739,13.487,17.426,25.142,29.293,24.281,14.618,7.446,5.855,-0.298,0.604,6.661,16.190,22.116,28.372,36.559,39.219,29.088,27.136,25.855,22.535
12.953,12.363,12.231,12.918,13.673,17.612,25.301,29.448,24.451,14.873,7.700,6.119,-0.059,0.818,6.872,16.451,22.296,28.480,36.735,39.282,29.250,27.294,26.009,22.694
13.053,12.478,12.348,13.033,13.763,17.713,25.416,29.566,24.538,14.888,7.730,6.126,-0.002,0.901,6.950,16.457,22.388,28.659,36.814,39.474,29.319,27.372,26.088,22.786
13.183,12.629,12.497,13.104,13.845,17.777,25.500,29.645,24.626,14.915,7.759,6.156,0.079,1.010,7.053,16.482,22.462,28.770,36.877,39.623,29.428,27.485,26.209,22.891
13.302,12.691,12.556,13.278,13.985,17.935,25.630,29.795,24.801,15.169,8.010,6.391,0.225,1.146,7.205,16.713,22.606,28.800,37.074,39.673,29.579,27.606,26.318,23.028
13.482,12.921,12.792,13.437,14.177,18.102,25.779,29.906,24.902,15.279,8.149,6.556,0.445,1.336,7.359,16.847,22.764,29.021,37.120,39.793,29.675,27.741,26.466,23.167
13.616,13.041,12.911,13.602,14.325,18.252,25.907,30.034,25.037,15.449,8.334,6.731,0.650,1.551,7.564,17.008,22.899,29.125,37.241,39.877,29.786,27.850,26.572,23.292
13.782,13.238,13.108,13.698,14.459,18.360,26.024,30.133,25.150,15.544,8.428,6.861,0.757,1.638,7.643,17.117,23.019,29.265,37.326,40.009,29.932,28.007,26.742,23.434
13.912,13.390,13.262,13.809,14.614,18.501,26.158,30.248,25.268,15.710,8.584,7.063,1.058,1.946,7.933,17.313,23.172,29.406,37.444,40.085,30.071,28.162,26.901,23.569
14.054,13.493,13.363,13.975,14.763,18.651,26.279,30.375,25.429,15.941,8.821,7.299,1.334,2.251,8.234,17.527,23.309,29.444,37.600,40.128,30.215,28.287,27.021,23.708
14.161,13.592,13.459,14.073,14.853,18.737,26.361,30.460,25.529,16.043,8.927,7.403,1.409,2.329,8.312,17.619,23.392,29.503,37.689,40.208,30.314,28.378,27.113,23.804
14.340,13.730,13.591,14.227,14.981,18.859,26.477,30.593,25.711,16.235,9.118,7.588,1.509,2.444,8.441,17.776,23.511,29.529,37.857,40.320,30.499,28.530,27.264,23.967
14.512,13.907,13.767,14.385,15.133,18.999,26.608,30.717,25.847,16.363,9.265,7.731,1.617,2.541,8.528,17.895,23.641,29.663,37.958,40.452,30.627,28.661,27.399,24.109
14.662,14.042,13.899,14.522,15.275,19.132,26.727,30.837,25.996,16.553,9.453,7.935,1.839,2.778,8.761,18.079,23.774,29.730,38.097,40.526,30.780,28.804,27.543,24.252
14.791,14.158,14.016,14.674,15.418,19.278,26.859,30.968,26.132,16.722,9.627,8.107,2.046,2.996,8.974,18.245,23.912,29.841,38.232,40.620,30.903,28.925,27.661,24.381
14.883,14.203,14.063,14.872,15.592,19.485,27.032,31.154,26.310,17.008,9.906,8.370,2.467,3.468,9.442,18.531,24.103,29.949,38.459,40.678,31.044,29.052,27.771,24.520
14.999,14.303,14.161,14.985,15.693,19.587,27.136,31.267,26.434,17.129,10.025,8.482,2.543,3.550,9.532,18.639,24.205,30.025,38.585,40.789,31.168,29.164,27.880,24.635
15.133,14.433,14.294,15.165,15.869,19.769,27.291,31.413,26.573,17.324,10.233,8.689,2.845,3.863,9.827,18.841,24.372,30.159,38.720,40.876,31.282,29.287,28.001,24.770
15.252,14.476,14.333,15.334,16.011,19.928,27.421,31.569,26.773,17.636,10.527,8.981,3.211,4.294,10.268,19.130,24.525,30.178,38.958,40.894,31.469,29.431,28.130,24.921
15.438,14.607,14.461,15.581,16.197,20.135,27.607,31.779,26.999,17.885,10.790,9.195,3.389,4.496,10.482,19.340,24.707,30.274,39.188,41.059,31.652,29.586,28.273,25.108
15.601,14.732,14.585,15.769,16.363,20.302,27.746,31.925,27.175,18.122,11.035,9.436,3.655,4.787,10.768,19.557,24.860,30.339,39.354,41.131,31.809,29.725,28.406,25.263
15.670,14.734,14.589,16.040,16.556,20.560,27.956,32.160,27.367,18.425,11.352,9.679,4.079,5.267,11.247,19.844,25.076,30.499,39.610,41.220,31.909,29.811,28.463,25.391
15.822,14.838,14.692,16.215,16.717,20.722,28.089,32.302,27.549,18.693,11.617,9.952,4.229,5.433,11.459,20.096,25.230,30.530,39.796,41.261,32.080,29.958,28.603,25.547
15.972,14.964,14.814,16.372,16.830,20.847,28.225,32.462,27.712,18.801,11.730,10.022,4.352,5.575,11.573,20.172,25.347,30.650,39.960,41.466,32.230,30.087,28.728,25.692
16.119,15.108,14.955,16.494,16.927,20.951,28.363,32.619,27.864,18.862,11.783,10.045,4.404,5.632,11.608,20.211,25.459,30.804,40.121,41.715,32.391,30.234,28.874,25.839
16.365,15.396,15.241,16.619,17.127,21.100,28.515,32.740,28.030,19.043,11.957,10.300,4.488,5.677,11.683,20.418,25.632,30.951,40.238,41.840,32.616,30.473,29.133,26.048
16.580,15.656,15.507,16.840,17.404,21.355,28.733,32.913,28.194,19.298,12.230,10.627,5.008,6.196,12.152,20.719,25.881,31.214,40.369,41.938,32.778,30.677,29.347,26.246
16.897,16.065,15.925,17.095,17.766,21.662,29.006,33.111,28.390,19.576,12.533,11.030,5.622,6.781,12.667,21.069,26.193,31.578,40.492,42.086,33.001,30.969,29.663,26.514
17.064,16.156,16.015,17.380,17.944,21.889,29.219,33.368,28.635,19.810,12.785,11.182,5.697,6.879,12.792,21.244,26.384,31.688,40.765,42.322,33.173,31.104,29.776,26.698
17.273,16.247,16.095,17.649,18.163,22.128,29.413,33.604,28.953,20.285,13.238,11.629,6.206,7.482,13.413,21.672,26.611,31.733,41.124,42.361,33.471,31.331,29.982,26.942
17.699,16.696,16.548,18.096,18.567,22.508,29.739,33.896,29.252,20.576,13.618,11.972,6.499,7.701,13.611,21.934,26.934,32.067,41.295,42.661,33.699,31.589,30.252,27.262
17.963,16.977,16.831,18.350,18.834,22.756,29.963,34.097,29.463,20.818,13.885,12.256,6.596,7.729,13.612,22.182,27.169,32.302,41.461,42.835,33.901,31.807,30.478,27.490
18.092,17.146,17.004,18.453,18.981,22.899,30.129,34.250,29.588,20.919,13.967,12.366,6.822,8.042,13.899,22.318,27.334,32.535,41.606,43.029,34.055,31.984,30.659,27.639
18.354,17.338,17.187,18.741,19.190,23.133,30.371,34.540,29.905,21.085,14.179,12.409,6.976,8.182,14.037,22.413,27.556,32.686,41.942,43.335,34.349,32.226,30.888,27.907
18.608,17.682,17.541,19.005,19.404,23.366,30.667,34.830,30.075,21.194,14.239,12.573,7.016,8.241,14.136,22.532,27.772,33.220,42.073,43.927,34.479,32.410,31.081,28.119
18.980,17.994,17.836,19.236,19.685,23.594,30.874,35.044,30.441,21.587,14.639,12.973,7.150,8.320,14.234,22.897,28.031,33.260,42.417,43.997,34.926,32.795,31.475,28.472
19.366,18.320,18.163,19.730,20.109,24.046,31.281,35.469,30.870,22.083,15.164,13.442,7.662,8.863,14.772,23.357,28.443,33.561,42.844,44.327,35.284,33.135,31.799,28.857
19.680,18.691,18.534,19.944,20.413,24.318,31.584,35.747,31.151,22.356,15.402,13.760,7.698,9.127,15.116,23.680,28.758,33.905,43.134,44.641,35.640,33.512,32.192,29.182
19.852,18.785,18.624,20.212,20.596,24.567,31.867,36.097,31.472,22.622,15.632,13.902,8.026,9.213,15.261,23.904,29.008,34.133,43.561,45.016,35.934,33.755,32.406,29.434
20.329,19.374,19.218,20.566,21.049,24.985,32.345,36.538,31.867,22.902,15.890,14.224,8.071,9.294,15.482,24.248,29.472,34.783,43.948,45.617,36.407,34.281,32.956,29.906
20.635,19.531,19.355,20.818,21.353,25.348,32.814,37.125,32.524,23.644,16.411,14.822,8.365,9.522,15.825,25.003,29.961,34.932,44.911,46.090,37.228,34.965,33.602,30.460
21.570,20.572,20.382,21.429,21.995,25.914,33.514,37.826,33.259,23.982,16.744,15.162,8.717,9.893,16.043,25.305,30.584,35.787,45.537,47.235,38.083,35.822,34.502,31.281
22.418,20.793,20.527,22.439,22.454,26.701,34.641,39.491,35.029,25.213,17.633,15.557,9.001,10.324,16.420,26.118,31.480,36.140,47.952,49.237,39.899,37.118,35.641,32.576
