27.366,26.724,27.332,26.793,26.521,30.310,39.243,57.334,59.789,57.483,57.255,56.282,51.843,51.224,51.312,52.813,53.768,58.255,51.012,42.485,34.445,25.189,23.629,13.757
31.661,31.092,30.970,30.583,30.948,34.504,43.414,58.662,62.468,60.796,60.119,59.190,55.733,54.370,54.244,55.144,55.851,59.508,52.715,45.226,36.623,28.543,26.721,18.249
33.575,33.192,32.831,32.681,32.922,36.037,45.118,59.418,63.977,62.460,61.836,60.424,57.266,55.609,55.546,56.714,57.236,60.974,54.540,47.043,38.586,30.837,28.738,20.762
35.162,34.822,34.257,34.165,34.589,37.609,46.603,59.900,64.809,63.498,62.739,61.341,58.533,56.642,56.525,57.523,57.940,61.357,55.122,48.070,39.503,32.179,29.984,22.525
36.237,36.052,35.383,35.448,35.826,38.620,47.653,60.204,65.365,64.193,63.404,61.845,59.339,57.192,57.128,58.284,58.508,61.520,55.740,49.047,40.501,33.441,30.988,23.966
36.828,36.716,36.159,36.259,36.558,39.302,48.129,60.464,65.431,64.273,63.476,61.853,59.451,57.302,57.295,58.550,58.678,61.543,55.770,49.545,41.177,34.222,31.700,24.863
37.216,37.116,36.602,36.686,37.043,39.845,48.508,60.611,65.466,64.275,63.502,61.908,59.619,57.444,57.433,58.614,58.693,61.763,55.773,49.733,41.355,34.517,31.978,25.300
37.616,37.510,37.085,37.137,37.488,40.320,48.778,60.828,65.469,64.276,63.531,61.935,59.660,57.559,57.557,58.709,58.784,61.764,55.914,49.969,41.722,34.943,32.457,25.837
38.012,37.934,37.444,37.541,37.872,40.610,49.118,60.984,65.708,64.569,63.791,62.225,59.996,57.843,57.846,59.041,59.094,61.875,56.192,50.337,42.117,35.404,32.878,26.343
38.216,38.168,37.738,37.851,38.124,40.841,49.294,61.180,65.791,64.629,63.882,62.285,60.063,57.924,57.959,59.225,59.247,62.008,56.362,50.585,42.446,35.725,33.171,26.654
38.483,38.461,38.029,38.168,38.410,41.080,49.527,61.330,65.970,64.814,64.082,62.434,60.240,58.083,58.133,59.445,59.442,62.202,56.604,50.851,42.756,36.065,33.479,27.015
38.713,38.692,38.253,38.400,38.617,41.253,49.711,61.529,66.201,65.039,64.329,62.647,60.432,58.289,58.344,59.683,59.689,62.506,56.924,51.095,43.044,36.347,33.771,27.292
38.988,38.949,38.502,38.641,38.842,41.456,49.910,61.637,66.228,65.056,64.477,62.734,60.455,58.497,58.569,59.944,59.985,62.881,57.302,51.355,43.363,36.653,34.124,27.600
39.162,39.119,38.707,38.836,39.011,41.613,49.987,61.739,66.336,65.159,64.524,62.867,60.571,58.554,58.605,59.968,60.043,62.936,57.408,51.475,43.580,36.883,34.391,27.869
39.307,39.270,38.906,39.031,39.168,41.755,50.036,61.781,66.367,65.207,64.567,62.876,60.640,58.574,58.647,60.001,60.054,62.955,57.459,51.573,43.787,37.108,34.640,28.133
39.482,39.451,39.055,39.193,39.341,41.862,50.060,61.868,66.447,65.256,64.594,62.916,60.652,58.595,58.653,60.020,60.071,62.963,57.559,51.687,43.906,37.279,34.801,28.354
39.663,39.631,39.196,39.354,39.445,41.895,50.177,61.915,66.456,65.272,64.603,62.925,60.693,58.662,58.719,60.053,60.088,63.030,57.590,51.690,44.121,37.611,35.205,28.827
39.844,39.822,39.368,39.525,39.689,42.153,50.333,61.932,66.464,65.290,64.631,62.953,60.694,58.670,58.739,60.105,60.147,63.045,57.703,51.787,44.137,37.662,35.210,28.936
40.015,39.985,39.538,39.685,39.863,42.356,50.543,61.987,66.564,65.432,64.781,63.114,60.927,58.894,58.947,60.264,60.302,63.134,57.762,51.972,44.272,37.796,35.346,29.052
40.161,40.125,39.654,39.801,39.993,42.488,50.710,62.160,66.793,65.668,65.009,63.338,61.146,59.103,59.148,60.452,60.497,63.348,57.961,52.129,44.395,37.913,35.463,29.157
40.331,40.283,39.789,39.927,40.151,42.664,50.909,62.269,66.957,65.853,65.194,63.513,61.345,59.295,59.333,60.624,60.671,63.525,58.123,52.280,44.497,38.019,35.577,29.266
40.466,40.430,39.929,40.083,40.283,42.741,50.943,62.321,67.021,65.907,65.229,63.579,61.392,59.336,59.366,60.633,60.688,63.532,58.180,52.344,44.645,38.221,35.782,29.532
40.566,40.526,40.016,40.170,40.368,42.815,51.011,62.347,67.023,65.921,65.268,63.584,61.411,59.369,59.404,60.691,60.747,63.617,58.281,52.420,44.740,38.326,35.901,29.580
40.731,40.689,40.163,40.319,40.530,43.031,51.212,62.354,67.133,66.068,65.397,63.737,61.594,59.547,59.557,60.780,60.853,63.712,58.411,52.547,44.878,38.430,35.953,29.653
40.853,40.795,40.230,40.378,40.621,43.044,51.297,62.480,67.190,66.106,65.456,63.779,61.627,59.597,59.626,60.892,60.953,63.814,58.528,52.687,44.972,38.548,36.158,29.978
40.955,40.911,40.383,40.538,40.743,43.157,51.347,62.517,67.270,66.189,65.550,63.856,61.691,59.672,59.697,60.965,61.040,63.946,58.672,52.764,45.068,38.722,36.322,30.135
41.050,41.001,40.455,40.613,40.811,43.199,51.401,62.554,67.358,66.287,65.651,63.928,61.781,59.745,59.773,61.055,61.120,64.032,58.782,52.824,45.174,38.835,36.453,30.261
41.169,41.131,40.567,40.739,40.931,43.290,51.448,62.639,67.460,66.387,65.760,64.035,61.865,59.848,59.871,61.149,61.233,64.185,58.800,52.871,45.291,38.976,36.579,30.419
41.273,41.223,40.649,40.817,41.005,43.354,51.514,62.652,67.500,66.438,65.805,64.082,61.927,59.902,59.920,61.184,61.268,64.211,58.937,52.961,45.404,39.086,36.714,30.534
41.360,41.309,40.720,40.889,41.089,43.429,51.584,62.666,67.547,66.498,65.860,64.144,61.994,59.932,59.966,61.219,61.313,64.250,58.974,53.008,45.450,39.158,36.788,30.633
41.456,41.397,40.786,40.953,41.167,43.498,51.648,62.803,67.701,66.623,65.950,64.235,62.022,59.970,59.978,61.271,61.327,64.262,59.034,53.051,45.498,39.232,36.878,30.740
41.548,41.487,40.874,41.043,41.245,43.569,51.739,62.929,67.743,66.643,66.015,64.284,62.113,60.098,60.108,61.362,61.464,64.450,59.215,53.177,45.631,39.343,36.994,30.828
41.656,41.606,40.993,41.173,41.361,43.672,51.861,62.933,67.847,66.787,66.165,64.407,62.240,60.213,60.230,61.510,61.602,64.598,59.367,53.322,45.775,39.479,37.110,30.945
41.730,41.685,41.078,41.264,41.431,43.729,51.934,63.036,67.920,66.864,66.243,64.488,62.322,60.300,60.325,61.620,61.700,64.665,59.458,53.436,45.906,39.591,37.217,31.033
41.840,41.799,41.197,41.380,41.563,43.867,52.020,63.038,67.962,66.893,66.285,64.503,62.341,60.313,60.336,61.631,61.722,64.703,59.498,53.471,45.951,39.680,37.306,31.177
41.926,41.882,41.287,41.465,41.654,43.965,52.100,63.107,67.965,66.909,66.286,64.546,62.403,60.379,60.401,61.675,61.755,64.748,59.518,53.537,46.020,39.756,37.387,31.265
42.051,42.031,41.430,41.634,41.790,44.066,52.247,63.254,68.173,67.115,66.507,64.702,62.565,60.516,60.553,61.884,61.943,64.923,59.732,53.738,46.225,39.947,37.537,31.420
42.143,42.115,41.522,41.720,41.869,44.148,52.325,63.378,68.278,67.210,66.609,64.810,62.651,60.622,60.659,61.991,62.062,65.063,59.864,53.839,46.341,40.048,37.654,31.510
42.238,42.210,41.628,41.822,41.971,44.260,52.426,63.495,68.365,67.293,66.691,64.903,62.742,60.718,60.756,62.087,62.157,65.147,59.944,53.937,46.440,40.141,37.749,31.601
42.317,42.292,41.717,41.911,42.060,44.352,52.506,63.563,68.414,67.343,66.739,64.956,62.803,60.777,60.817,62.148,62.213,65.186,59.987,54.008,46.514,40.221,37.825,31.687
42.433,42.406,41.817,42.010,42.182,44.480,52.629,63.626,68.496,67.439,66.820,65.050,62.921,60.879,60.911,62.218,62.278,65.220,60.024,54.083,46.565,40.298,37.898,31.790
42.537,42.503,41.884,42.074,42.278,44.577,52.723,63.632,68.549,67.515,66.877,65.124,63.020,60.960,60.978,62.247,62.309,65.228,60.039,54.118,46.575,40.347,37.954,31.883
42.646,42.612,41.984,42.179,42.375,44.663,52.830,63.754,68.702,67.666,67.034,65.263,63.150,61.090,61.109,62.388,62.454,65.401,60.212,54.248,46.707,40.470,38.077,31.993
42.758,42.709,42.052,42.238,42.463,44.753,52.923,63.806,68.797,67.775,67.131,65.380,63.269,61.208,61.211,62.450,62.534,65.485,60.292,54.303,46.746,40.531,38.160,32.084
42.879,42.830,42.175,42.358,42.593,44.897,53.073,63.962,68.922,67.901,67.246,65.524,63.426,61.358,61.360,62.591,62.670,65.572,60.378,54.432,46.850,40.631,38.254,32.177
42.944,42.897,42.261,42.440,42.674,44.987,53.124,63.996,68.946,67.926,67.273,65.532,63.428,61.368,61.372,62.600,62.672,65.602,60.399,54.469,46.905,40.698,38.323,32.264
43.007,42.967,42.338,42.521,42.751,45.062,53.192,64.049,68.964,67.944,67.289,65.563,63.477,61.410,61.419,62.655,62.718,65.604,60.415,54.535,46.974,40.772,38.385,32.340
43.113,43.070,42.424,42.606,42.854,45.169,53.303,64.119,69.064,68.055,67.388,65.671,63.599,61.519,61.521,62.736,62.799,65.671,60.483,54.613,47.030,40.845,38.459,32.431
43.226,43.173,42.533,42.704,42.963,45.293,53.410,64.239,69.154,68.143,67.472,65.780,63.702,61.634,61.631,62.827,62.899,65.760,60.564,54.704,47.120,40.935,38.565,32.529
43.357,43.316,42.676,42.855,43.120,45.452,53.570,64.347,69.268,68.268,67.586,65.888,63.842,61.747,61.747,62.947,62.998,65.819,60.631,54.833,47.227,41.059,38.661,32.660
43.455,43.426,42.802,42.988,43.237,45.565,53.676,64.461,69.357,68.351,67.675,65.965,63.924,61.826,61.836,63.059,63.097,65.899,60.714,54.957,47.362,41.188,38.774,32.779
43.542,43.514,42.918,43.096,43.352,45.709,53.781,64.569,69.385,68.375,67.690,66.013,63.985,61.891,61.903,63.115,63.143,65.909,60.728,55.030,47.428,41.257,38.840,32.856
43.670,43.647,43.044,43.228,43.480,45.835,53.948,64.764,69.619,68.607,67.922,66.224,64.192,62.083,62.098,63.324,63.348,66.122,60.923,55.210,47.582,41.390,38.955,32.955
43.788,43.759,43.150,43.329,43.588,45.949,54.072,64.911,69.773,68.760,68.073,66.382,64.340,62.235,62.245,63.462,63.495,66.280,61.069,55.332,47.693,41.492,39.066,33.050
43.869,43.849,43.258,43.446,43.669,46.010,54.138,65.028,69.876,68.846,68.182,66.459,64.397,62.306,62.330,63.590,63.620,66.424,61.239,55.465,47.866,41.641,39.208,33.170
43.971,43.964,43.388,43.583,43.800,46.138,54.233,65.072,69.882,68.856,68.190,66.468,64.432,62.332,62.364,63.635,63.644,66.442,61.243,55.546,47.962,41.760,39.311,33.312
44.078,44.078,43.493,43.695,43.913,46.236,54.323,65.101,69.929,68.914,68.246,66.515,64.499,62.387,62.420,63.692,63.693,66.460,61.299,55.625,48.049,41.873,39.415,33.450
44.214,44.205,43.599,43.800,44.024,46.333,54.431,65.191,70.063,69.053,68.388,66.651,64.628,62.521,62.546,63.807,63.822,66.617,61.461,55.736,48.168,42.001,39.560,33.592
44.325,44.311,43.698,43.899,44.113,46.411,54.523,65.316,70.211,69.195,68.540,66.791,64.745,62.651,62.676,63.944,63.972,66.810,61.650,55.862,48.310,42.129,39.700,33.707
44.456,44.436,43.813,44.012,44.225,46.521,54.663,65.497,70.424,69.405,68.754,66.996,64.931,62.840,62.862,64.131,64.170,67.043,61.869,56.020,48.458,42.258,39.836,33.813
44.540,44.524,43.887,44.095,44.307,46.587,54.741,65.541,70.507,69.494,68.844,67.069,65.013,62.911,62.932,64.207,64.243,67.123,61.959,56.100,48.537,42.348,39.918,33.911
44.682,44.660,43.984,44.192,44.437,46.715,54.887,65.607,70.648,69.658,68.988,67.220,65.187,63.061,63.067,64.307,64.346,67.215,62.052,56.191,48.590,42.434,40.005,34.028
44.821,44.795,44.116,44.316,44.588,46.889,55.048,65.729,70.757,69.779,69.089,67.351,65.339,63.201,63.199,64.408,64.442,67.265,62.095,56.293,48.659,42.521,40.091,34.136
44.977,44.935,44.234,44.430,44.703,47.000,55.203,65.947,71.034,70.050,69.367,67.619,65.572,63.445,63.435,64.637,64.697,67.585,62.392,56.478,48.833,42.666,40.258,34.252
45.124,45.072,44.372,44.554,44.855,47.182,55.369,66.101,71.161,70.184,69.482,67.774,65.736,63.607,63.588,64.754,64.817,67.665,62.458,56.589,48.914,42.757,40.357,34.358
45.233,45.181,44.462,44.650,44.948,47.262,55.487,66.238,71.354,70.377,69.679,67.949,65.900,63.765,63.744,64.918,64.987,67.872,62.658,56.728,49.042,42.871,40.470,34.453
45.409,45.342,44.605,44.783,45.109,47.443,55.685,66.438,71.583,70.614,69.900,68.193,66.142,64.002,63.967,65.105,65.187,68.070,62.833,56.887,49.159,42.988,40.598,34.570
45.528,45.450,44.687,44.859,45.208,47.546,55.807,66.541,71.734,70.776,70.051,68.353,66.302,64.156,64.109,65.219,65.313,68.205,62.959,56.981,49.227,43.064,40.687,34.656
45.677,45.595,44.804,44.981,45.337,47.664,55.968,66.698,71.966,71.015,70.287,68.572,66.516,64.357,64.303,65.410,65.511,68.434,63.179,57.143,49.365,43.198,40.819,34.780
45.818,45.733,44.931,45.108,45.473,47.807,56.136,66.879,72.176,71.227,70.494,68.777,66.719,64.551,64.493,65.593,65.697,68.626,63.356,57.301,49.495,43.318,40.935,34.885
45.968,45.875,45.070,45.241,45.608,47.951,56.298,67.090,72.396,71.441,70.708,68.995,66.918,64.758,64.697,65.791,65.907,68.859,63.571,57.473,49.655,43.457,41.084,35.002
46.081,45.995,45.201,45.375,45.741,48.093,56.436,67.227,72.512,71.557,70.819,69.108,67.043,64.873,64.816,65.917,66.020,68.946,63.656,57.601,49.770,43.570,41.181,35.108
46.254,46.184,45.431,45.613,45.932,48.288,56.665,67.603,72.843,71.854,71.141,69.393,67.293,65.133,65.098,66.264,66.357,69.319,64.006,57.917,50.092,43.818,41.403,35.266
46.458,46.359,45.520,45.694,46.081,48.439,56.879,67.730,73.137,72.186,71.438,69.709,67.620,65.429,65.358,66.445,66.567,69.552,64.216,58.042,50.134,43.895,41.505,35.378
46.611,46.514,45.671,45.847,46.237,48.602,57.070,67.943,73.374,72.422,71.670,69.933,67.844,65.640,65.569,66.659,66.777,69.766,64.414,58.231,50.292,44.038,41.635,35.496
46.714,46.605,45.755,45.919,46.334,48.715,57.160,68.004,73.421,72.478,71.713,70.011,67.927,65.729,65.647,66.700,66.828,69.793,64.439,58.278,50.330,44.095,41.712,35.584
46.919,46.804,45.943,46.101,46.542,48.947,57.415,68.258,73.696,72.761,71.976,70.292,68.218,66.002,65.911,66.938,67.065,70.009,64.630,58.486,50.483,44.244,41.855,35.725
47.111,47.017,46.162,46.346,46.730,49.099,57.640,68.590,74.082,73.124,72.371,70.604,68.499,66.276,66.206,67.317,67.435,70.462,65.077,58.827,50.838,44.537,42.111,35.929
47.305,47.225,46.347,46.558,46.898,49.223,57.872,68.914,74.531,73.558,72.834,70.974,68.833,66.594,66.538,67.718,67.837,70.974,65.576,59.167,51.169,44.808,42.352,36.110
47.530,47.458,46.585,46.810,47.100,49.403,58.144,69.357,75.031,74.027,73.335,71.406,69.206,66.973,66.933,68.185,68.312,71.558,66.128,59.562,51.563,45.114,42.639,36.303
47.797,47.726,46.845,47.072,47.367,49.688,58.496,69.785,75.505,74.495,73.796,71.852,69.640,67.387,67.346,68.605,68.731,71.996,66.525,59.918,51.854,45.358,42.862,36.483
48.029,47.944,47.030,47.248,47.591,49.940,58.777,70.029,75.805,74.816,74.085,72.171,69.977,67.697,67.637,68.844,68.976,72.213,66.715,60.119,51.978,45.495,43.000,36.629
48.272,48.197,47.309,47.527,47.871,50.253,59.106,70.413,76.149,75.151,74.409,72.501,70.317,68.017,67.965,69.185,69.296,72.494,66.968,60.433,52.241,45.726,43.198,36.813
48.542,48.478,47.545,47.788,48.117,50.469,59.448,70.810,76.708,75.710,74.976,72.990,70.789,68.450,68.401,69.662,69.773,73.056,67.504,60.829,52.581,46.017,43.452,37.024
48.898,48.852,47.910,48.188,48.432,50.733,59.888,71.503,77.545,76.503,75.821,73.697,71.408,69.065,69.042,70.429,70.548,74.022,68.423,61.475,53.214,46.511,43.903,37.330
49.246,49.218,48.263,48.571,48.757,51.024,60.328,72.122,78.295,77.224,76.575,74.343,71.999,69.635,69.631,71.111,71.229,74.836,69.197,62.054,53.759,46.950,44.295,37.620
49.571,49.542,48.599,48.899,49.104,51.415,60.746,72.602,78.754,77.678,77.010,74.799,72.458,70.076,70.071,71.540,71.649,75.222,69.541,62.436,54.069,47.226,44.551,37.851
49.914,49.880,48.944,49.223,49.505,51.910,61.230,73.045,79.139,78.086,77.353,75.231,72.949,70.517,70.495,71.886,71.971,75.393,69.661,62.748,54.240,47.410,44.705,38.041
50.243,50.230,49.325,49.632,49.807,52.170,61.629,73.759,79.907,78.790,78.125,75.874,73.487,71.078,71.093,72.629,72.721,76.330,70.552,63.388,54.907,47.916,45.176,38.347
50.791,50.835,49.979,50.337,50.404,52.754,62.405,74.850,81.058,79.881,79.259,76.852,74.413,71.954,72.024,73.743,73.786,77.501,71.654,64.365,55.811,48.634,45.765,38.798
51.305,51.345,50.569,50.915,50.906,53.294,63.011,75.852,81.947,80.690,80.116,77.683,75.121,72.727,72.824,74.630,74.696,78.526,72.594,65.149,56.605,49.250,46.386,39.220
52.013,52.088,51.283,51.684,51.587,53.941,63.980,77.197,83.555,82.245,81.714,79.084,76.426,73.966,74.097,76.070,76.125,80.183,74.138,66.346,57.663,50.081,47.106,39.730
52.885,52.967,52.087,52.524,52.398,54.734,65.081,78.572,85.247,83.916,83.397,80.621,77.885,75.355,75.489,77.546,77.615,81.878,75.717,67.579,58.722,50.968,47.920,40.367
53.698,53.816,52.866,53.355,53.215,55.510,66.071,79.585,86.536,85.220,84.693,81.783,79.068,76.428,76.572,78.703,78.736,83.076,76.877,68.610,59.612,51.800,48.644,41.069
54.327,54.425,53.519,53.995,53.778,56.074,66.705,80.590,87.496,86.106,85.643,82.692,79.829,77.277,77.438,79.643,79.730,84.256,77.992,69.454,60.513,52.542,49.431,41.650
55.206,55.354,54.558,55.102,54.569,56.752,67.715,82.514,89.488,87.904,87.645,84.359,81.176,78.735,79.002,81.610,81.734,86.790,80.410,71.167,62.366,53.945,50.771,42.512
57.054,57.205,56.408,56.936,56.514,58.898,70.108,85.173,92.220,90.637,90.264,87.035,83.887,81.293,81.544,84.098,84.171,89.085,82.475,73.357,64.108,55.512,52.195,43.815
60.485,60.766,60.078,60.706,60.136,62.710,74.689,90.900,98.197,96.454,96.074,92.524,89.246,86.382,86.745,89.686,89.607,94.686,87.631,78.245,68.328,59.049,55.288,46.380
64.799,65.200,65.160,65.717,65.000,68.210,80.343,98.225,104.327,102.263,101.826,98.462,95.046,92.138,92.681,95.930,95.619,100.228,92.606,83.999,73.492,63.390,59.232,49.716
