-1.795,-4.474,-6.394,-8.165,-7.893,-5.676,-5.613,-7.085,-4.981,0.585,-1.226,-3.135,-6.053,-11.454,-15.441,-17.807,-16.462,-14.577,-4.934,-4.974,-10.835,-13.194,-11.669,-7.919
0.109,-2.611,-4.528,-5.572,-5.952,-3.744,-3.596,-4.927,-2.970,1.793,-0.229,-2.336,-5.007,-10.644,-14.247,-14.510,-12.874,-10.773,-1.797,-2.598,-8.017,-9.579,-8.176,-6.014
2.773,0.100,-1.536,-2.000,-2.734,-0.688,-0.886,-1.864,0.110,3.730,1.389,-0.525,-2.841,-8.646,-11.991,-10.997,-9.832,-7.317,0.294,-0.055,-4.559,-5.608,-4.212,-3.144
4.320,1.645,0.041,-0.091,-1.077,0.939,0.785,-0.402,1.417,4.782,2.403,0.465,-1.556,-7.310,-10.587,-9.194,-8.054,-5.385,1.805,1.613,-2.617,-3.480,-2.149,-1.421
5.525,2.887,1.301,1.223,0.205,2.192,2.068,0.846,2.605,5.905,3.564,1.638,-0.309,-5.965,-9.183,-7.744,-6.597,-3.953,3.097,2.898,-1.249,-2.068,-0.772,-0.106
6.372,3.783,2.120,1.855,0.971,2.971,3.017,1.611,3.277,6.955,4.816,2.850,0.867,-4.547,-7.785,-6.889,-5.570,-3.147,4.237,3.893,-0.495,-1.492,-0.240,0.843
7.240,4.712,3.051,2.656,1.885,3.860,3.936,2.593,4.252,8.010,5.968,4.031,1.981,-3.293,-6.480,-5.787,-4.428,-2.156,5.291,4.825,0.382,-0.671,0.562,1.781
8.081,5.614,4.007,3.536,2.852,4.781,4.784,3.655,5.368,9.002,6.971,5.106,2.982,-2.245,-5.349,-4.629,-3.333,-1.135,6.185,5.653,1.288,0.257,1.496,2.661
8.665,6.223,4.613,4.116,3.456,5.374,5.405,4.264,5.953,9.618,7.632,5.771,3.650,-1.507,-4.588,-3.939,-2.619,-0.475,6.852,6.282,1.906,0.860,2.083,3.293
9.374,6.946,5.347,4.871,4.210,6.114,6.164,4.910,6.547,10.237,8.284,6.441,4.406,-0.668,-3.767,-3.283,-2.001,0.153,7.410,6.992,2.658,1.570,2.777,4.092
9.974,7.574,5.994,5.524,4.869,6.750,6.795,5.583,7.209,10.840,8.904,7.081,5.055,0.027,-3.026,-2.503,-1.229,0.897,8.070,7.624,3.341,2.280,3.474,4.741
10.376,7.997,6.412,5.855,5.271,7.149,7.205,6.014,7.650,11.358,9.465,7.654,5.581,0.604,-2.450,-2.086,-0.798,1.260,8.512,8.031,3.691,2.574,3.768,5.154
10.843,8.465,6.886,6.366,5.763,7.634,7.702,6.412,8.007,11.726,9.846,8.043,6.046,1.111,-1.965,-1.698,-0.443,1.645,8.839,8.492,4.189,3.047,4.231,5.679
11.381,9.021,7.481,6.989,6.385,8.229,8.252,7.004,8.604,12.217,10.319,8.558,6.594,1.673,-1.380,-1.081,0.099,2.213,9.254,9.000,4.796,3.676,4.862,6.261
11.957,9.652,8.155,7.597,7.065,8.870,8.840,7.782,9.423,12.932,11.051,9.345,7.312,2.439,-0.532,-0.185,0.959,2.995,9.938,9.585,5.441,4.350,5.535,6.872
12.159,9.861,8.357,7.818,7.263,9.067,9.056,8.030,9.663,13.142,11.266,9.544,7.499,2.631,-0.299,0.175,1.368,3.379,10.315,9.843,5.701,4.659,5.833,7.074
12.488,10.195,8.729,8.211,7.656,9.441,9.368,8.412,10.074,13.445,11.530,9.846,7.810,2.912,-0.006,0.529,1.641,3.693,10.504,10.116,6.059,5.041,6.227,7.408
12.815,10.556,9.127,8.534,8.056,9.814,9.678,8.884,10.602,13.903,11.986,10.354,8.245,3.356,0.476,1.001,2.057,4.064,10.821,10.404,6.382,5.361,6.562,7.734
13.248,10.999,9.587,9.068,8.541,10.283,10.152,9.315,10.993,14.221,12.304,10.679,8.647,3.793,0.939,1.532,2.569,4.603,11.229,10.866,6.928,5.947,7.130,8.232
13.513,11.257,9.866,9.427,8.847,10.579,10.425,9.555,11.216,14.357,12.406,10.794,8.833,3.963,1.107,1.777,2.758,4.861,11.355,11.108,7.259,6.312,7.493,8.525
13.936,11.722,10.363,9.823,9.344,11.048,10.851,10.089,11.787,14.920,12.999,11.444,9.424,4.611,1.778,2.297,3.223,5.259,11.729,11.497,7.659,6.664,7.854,8.980
14.266,12.080,10.756,10.198,9.748,11.425,11.178,10.552,12.284,15.309,13.376,11.860,9.803,4.994,2.215,2.825,3.711,5.724,12.092,11.817,8.045,7.088,8.283,9.321
14.463,12.268,10.938,10.470,9.943,11.623,11.408,10.699,12.383,15.374,13.437,11.897,9.916,5.115,2.345,3.060,3.969,6.019,12.322,12.061,8.331,7.421,8.595,9.552
14.692,12.516,11.199,10.672,10.200,11.869,11.628,10.996,12.614,15.536,13.589,12.015,10.210,5.437,2.672,3.344,4.232,6.244,12.554,12.271,8.535,7.605,8.788,9.780
14.916,12.705,11.372,11.080,10.413,12.092,11.929,11.031,12.709,15.697,13.769,12.255,10.226,5.439,2.683,3.532,4.450,6.592,12.734,12.583,8.958,8.113,9.258,10.094
15.051,12.892,11.582,11.085,10.587,12.244,12.009,11.429,13.135,16.055,14.132,12.614,10.582,5.810,3.109,3.913,4.829,6.818,13.070,12.684,8.983,8.119,9.282,10.158
15.267,13.098,11.780,11.355,10.799,12.459,12.261,11.560,13.210,16.134,14.216,12.678,10.734,5.986,3.273,4.090,5.016,7.045,13.249,12.933,9.262,8.405,9.556,10.420
15.441,13.289,11.981,11.483,10.994,12.646,12.422,11.783,13.464,16.409,14.504,12.995,11.002,6.271,3.557,4.263,5.162,7.153,13.384,13.074,9.384,8.487,9.649,10.590
15.716,13.564,12.226,11.750,11.232,12.893,12.741,11.991,13.614,16.637,14.777,13.231,11.280,6.604,3.889,4.554,5.525,7.491,13.778,13.424,9.693,8.788,9.925,10.903
15.887,13.753,12.435,11.941,11.443,13.090,12.909,12.255,13.902,16.861,14.995,13.470,11.486,6.812,4.136,4.870,5.819,7.726,13.885,13.596,9.896,9.009,10.159,11.075
16.012,13.919,12.627,12.047,11.642,13.287,13.010,12.428,14.045,16.993,15.135,13.591,11.655,6.979,4.334,4.997,5.826,7.768,14.004,13.608,9.959,9.020,10.177,11.223
16.081,13.948,12.646,12.174,11.657,13.288,13.129,12.463,14.071,17.016,15.158,13.599,11.659,6.998,4.335,5.106,6.079,8.029,14.232,13.824,10.145,9.288,10.414,11.299
16.115,13.978,12.658,12.212,11.680,13.307,13.167,12.504,14.111,17.032,15.159,13.603,11.661,7.001,4.345,5.191,6.200,8.145,14.363,13.891,10.201,9.372,10.491,11.324
16.172,14.027,12.693,12.296,11.706,13.360,13.224,12.515,14.117,17.060,15.193,13.611,11.711,7.034,4.370,5.273,6.292,8.259,14.454,13.961,10.288,9.491,10.608,11.373
16.247,14.092,12.745,12.369,11.759,13.421,13.308,12.532,14.220,17.133,15.270,13.838,11.790,7.148,4.474,5.279,6.311,8.292,14.508,14.045,10.359,9.552,10.663,11.456
16.537,14.406,13.085,12.693,12.110,13.751,13.610,12.888,14.476,17.373,15.512,13.963,12.060,7.415,4.776,5.669,6.661,8.626,14.764,14.325,10.687,9.882,10.992,11.781
16.639,14.512,13.197,12.802,12.225,13.861,13.708,13.012,14.609,17.485,15.619,14.077,12.168,7.518,4.886,5.794,6.775,8.739,14.859,14.420,10.794,9.995,11.107,11.881
16.780,14.650,13.339,12.971,12.374,14.009,13.857,13.135,14.720,17.581,15.709,14.168,12.286,7.638,5.004,5.923,6.894,8.877,14.965,14.561,10.957,10.165,11.274,12.036
16.903,14.787,13.487,13.106,12.522,14.147,13.980,13.326,14.926,17.745,15.873,14.342,12.434,7.790,5.186,6.165,7.136,9.096,15.155,14.694,11.107,10.339,11.448,12.160
17.005,14.892,13.596,13.234,12.635,14.256,14.089,13.448,15.044,17.831,15.956,14.424,12.523,7.879,5.293,6.331,7.306,9.268,15.295,14.811,11.245,10.501,11.605,12.269
17.141,15.023,13.728,13.414,12.776,14.397,14.237,13.560,15.136,17.895,16.010,14.471,12.609,7.962,5.379,6.475,7.450,9.440,15.421,14.960,11.424,10.705,11.803,12.420
17.312,15.199,13.923,13.646,12.986,14.595,14.412,13.763,15.340,18.022,16.117,14.592,12.752,8.097,5.534,6.715,7.659,9.673,15.562,15.126,11.651,10.967,12.064,12.606
17.447,15.337,14.057,13.785,13.120,14.729,14.561,13.891,15.455,18.147,16.254,14.723,12.895,8.258,5.700,6.874,7.833,9.837,15.729,15.281,11.803,11.120,12.210,12.756
17.571,15.467,14.199,13.923,13.266,14.867,14.677,14.058,15.638,18.290,16.386,14.868,13.024,8.376,5.833,7.051,7.992,9.996,15.854,15.395,11.939,11.272,12.365,12.875
17.736,15.636,14.373,14.107,13.447,15.043,14.853,14.212,15.782,18.427,16.527,15.016,13.194,8.562,6.016,7.206,8.132,10.144,15.972,15.556,12.120,11.446,12.536,13.062
17.886,15.787,14.520,14.262,13.594,15.191,15.017,14.344,15.897,18.558,16.669,15.151,13.347,8.732,6.185,7.359,8.297,10.305,16.137,15.723,12.284,11.607,12.691,13.228
17.992,15.897,14.645,14.388,13.726,15.315,15.112,14.488,16.058,18.672,16.766,15.265,13.452,8.823,6.286,7.495,8.402,10.420,16.205,15.806,12.398,11.734,12.825,13.329
18.154,16.070,14.835,14.567,13.920,15.498,15.271,14.698,16.284,18.857,16.945,15.464,13.637,9.009,6.488,7.714,8.596,10.608,16.352,15.955,12.575,11.919,13.013,13.497
18.286,16.213,14.993,14.707,14.081,15.649,15.393,14.897,16.510,19.035,17.115,15.651,13.793,9.156,6.658,7.926,8.789,10.789,16.500,16.075,12.715,12.075,13.175,13.621
18.385,16.318,15.107,14.817,14.195,15.757,15.486,15.040,16.667,19.156,17.228,15.772,13.896,9.250,6.770,8.092,8.949,10.943,16.630,16.173,12.829,12.208,13.311,13.713
18.462,16.387,15.168,14.903,14.259,15.826,15.571,15.076,16.685,19.188,17.260,15.793,13.944,9.299,6.808,8.127,8.993,11.003,16.693,16.259,12.913,12.292,13.390,13.797
18.608,16.538,15.315,15.046,14.406,15.972,15.729,15.210,16.806,19.331,17.418,15.949,14.110,9.489,6.996,8.273,9.146,11.145,16.843,16.416,13.064,12.431,13.524,13.960
18.734,16.661,15.442,15.179,14.537,16.103,15.856,15.317,16.909,19.435,17.520,16.056,14.232,9.612,7.109,8.356,9.212,11.225,16.909,16.528,13.186,12.542,13.637,14.094
18.883,16.809,15.598,15.362,14.702,16.263,16.009,15.465,17.052,19.544,17.617,16.157,14.356,9.731,7.231,8.516,9.356,11.389,17.026,16.674,13.363,12.735,13.828,14.253
19.021,16.944,15.731,15.527,14.840,16.402,16.158,15.581,17.151,19.631,17.703,16.235,14.464,9.842,7.344,8.660,9.504,11.553,17.165,16.826,13.531,12.918,14.004,14.404
19.163,17.092,15.880,15.656,14.987,16.547,16.301,15.734,17.308,19.801,17.880,16.419,14.636,10.025,7.526,8.805,9.646,11.681,17.304,16.964,13.662,13.035,14.123,14.549
19.269,17.210,16.013,15.762,15.119,16.669,16.395,15.912,17.514,19.965,18.038,16.595,14.773,10.155,7.680,8.995,9.820,11.837,17.437,17.058,13.771,13.156,14.251,14.645
19.326,17.268,16.053,15.771,15.146,16.703,16.455,15.962,17.561,20.071,18.166,16.709,14.862,10.259,7.781,9.053,9.919,11.901,17.577,17.138,13.799,13.167,14.258,14.692
19.447,17.395,16.191,15.904,15.285,16.837,16.573,16.121,17.732,20.210,18.299,16.851,14.992,10.384,7.922,9.228,10.083,12.061,17.712,17.256,13.934,13.315,14.408,14.813
19.555,17.498,16.290,16.014,15.386,16.940,16.684,16.199,17.800,20.292,18.382,16.930,15.088,10.482,8.009,9.293,10.149,12.137,17.791,17.363,14.038,13.412,14.504,14.925
19.628,17.564,16.350,16.097,15.448,17.007,16.759,16.248,17.839,20.330,18.415,16.952,15.128,10.514,8.035,9.345,10.208,12.211,17.863,17.442,14.120,13.502,14.592,14.997
19.723,17.652,16.438,16.221,15.540,17.101,16.856,16.332,17.914,20.379,18.450,16.979,15.174,10.546,8.071,9.454,10.322,12.347,17.971,17.548,14.244,13.654,14.739,15.091
19.881,17.815,16.605,16.374,15.709,17.266,17.015,16.498,18.084,20.551,18.628,17.166,15.357,10.738,8.263,9.609,10.464,12.483,18.103,17.696,14.395,13.792,14.879,15.255
19.989,17.933,16.720,16.450,15.816,17.372,17.126,16.623,18.214,20.714,18.810,17.352,15.519,10.922,8.448,9.730,10.595,12.582,18.240,17.809,14.481,13.855,14.943,15.367
20.106,18.051,16.849,16.567,15.947,17.499,17.230,16.759,18.367,20.848,18.933,17.490,15.645,11.036,8.561,9.835,10.674,12.666,18.306,17.899,14.583,13.953,15.049,15.476
20.264,18.211,17.007,16.719,16.106,17.657,17.397,16.900,18.498,21.002,19.100,17.658,15.823,11.234,8.751,9.971,10.809,12.795,18.444,18.059,14.737,14.090,15.182,15.649
20.436,18.400,17.196,16.860,16.287,17.832,17.575,17.113,18.719,21.248,19.370,17.937,16.068,11.509,9.040,10.203,11.052,12.992,18.672,18.242,14.896,14.231,15.322,15.828
20.552,18.528,17.344,16.994,16.440,17.972,17.677,17.309,18.947,21.409,19.514,18.103,16.202,11.626,9.184,10.414,11.236,13.169,18.799,18.340,15.028,14.386,15.486,15.934
20.642,18.624,17.449,17.081,16.543,18.071,17.755,17.448,19.109,21.543,19.640,18.239,16.307,11.718,9.291,10.557,11.369,13.292,18.913,18.421,15.115,14.485,15.590,16.009
20.787,18.766,17.606,17.255,16.707,18.229,17.884,17.623,19.303,21.676,19.746,18.356,16.419,11.799,9.381,10.724,11.510,13.455,19.025,18.543,15.274,14.669,15.782,16.140
20.924,18.909,17.753,17.408,16.856,18.374,18.026,17.786,19.466,21.815,19.884,18.496,16.558,11.939,9.537,10.921,11.708,13.649,19.197,18.691,15.436,14.848,15.958,16.282
21.049,19.040,17.891,17.537,16.996,18.509,18.152,17.930,19.616,21.954,20.024,18.647,16.703,12.092,9.695,11.068,11.843,13.778,19.310,18.810,15.565,14.974,16.085,16.414
21.212,19.204,18.070,17.722,17.183,18.689,18.306,18.111,19.809,22.107,20.161,18.799,16.857,12.233,9.838,11.229,11.971,13.923,19.409,18.947,15.734,15.150,16.267,16.576
21.366,19.371,18.246,17.855,17.354,18.853,18.447,18.330,20.058,22.342,20.397,19.052,17.062,12.436,10.058,11.444,12.176,14.099,19.592,19.088,15.870,15.282,16.407,16.717
21.462,19.485,18.365,17.903,17.460,18.952,18.530,18.510,20.274,22.564,20.633,19.302,17.240,12.621,10.266,11.633,12.374,14.240,19.776,19.183,15.935,15.337,16.470,16.793
21.648,19.693,18.593,18.080,17.685,19.162,18.701,18.807,20.613,22.854,20.920,19.618,17.493,12.873,10.553,11.951,12.671,14.498,20.012,19.355,16.120,15.533,16.675,16.967
21.772,19.821,18.725,18.213,17.820,19.293,18.830,18.937,20.741,22.974,21.042,19.745,17.625,13.012,10.696,12.087,12.801,14.627,20.125,19.479,16.253,15.667,16.808,17.101
21.968,20.024,18.924,18.403,18.018,19.489,19.046,19.117,20.901,23.168,21.260,19.962,17.856,13.280,10.961,12.286,13.011,14.819,20.330,19.693,16.456,15.850,16.983,17.323
22.114,20.169,19.078,18.554,18.174,19.643,19.179,19.282,21.083,23.322,21.400,20.112,17.995,13.400,11.084,12.432,13.136,14.954,20.446,19.818,16.596,15.997,17.136,17.458
22.294,20.360,19.271,18.718,18.364,19.828,19.357,19.500,21.313,23.555,21.641,20.361,18.216,13.632,11.327,12.658,13.364,15.156,20.659,19.999,16.768,16.163,17.304,17.636
22.512,20.588,19.522,18.981,18.626,20.076,19.575,19.768,21.592,23.763,21.834,20.575,18.434,13.845,11.561,12.948,13.617,15.421,20.843,20.202,17.025,16.444,17.588,17.866
22.665,20.728,19.658,19.171,18.769,20.224,19.734,19.884,21.691,23.839,21.895,20.621,18.518,13.912,11.625,13.085,13.761,15.599,20.991,20.367,17.211,16.657,17.795,18.021
22.836,20.908,19.829,19.332,18.933,20.388,19.919,20.076,21.873,24.038,22.114,20.830,18.715,14.132,11.864,13.339,14.053,15.857,21.274,20.577,17.402,16.856,17.985,18.201
23.044,21.139,20.085,19.515,19.185,20.623,20.103,20.404,22.256,24.377,22.450,21.204,19.011,14.423,12.185,13.654,14.332,16.093,21.498,20.751,17.584,17.034,18.178,18.389
23.206,21.316,20.271,19.665,19.365,20.795,20.254,20.651,22.533,24.621,22.693,21.460,19.213,14.621,12.415,13.936,14.619,16.345,21.748,20.918,17.750,17.218,18.367,18.535
23.472,21.591,20.550,19.974,19.650,21.073,20.541,20.944,22.810,24.858,22.933,21.696,19.468,14.890,12.713,14.315,15.011,16.733,22.088,21.219,18.081,17.585,18.723,18.824
23.590,21.713,20.673,20.100,19.770,21.191,20.656,21.104,22.980,24.998,23.068,21.827,19.577,14.987,12.834,14.520,15.233,16.943,22.292,21.355,18.220,17.754,18.891,18.930
23.814,21.942,20.915,20.344,20.020,21.433,20.877,21.353,23.238,25.220,23.280,22.055,19.806,15.214,13.067,14.765,15.451,17.169,22.474,21.562,18.457,17.997,19.136,19.160
24.098,22.251,21.237,20.585,20.332,21.732,21.152,21.728,23.648,25.634,23.714,22.516,20.200,15.630,13.506,15.140,15.814,17.472,22.801,21.833,18.710,18.227,19.375,19.440
24.283,22.433,21.414,20.780,20.507,21.910,21.337,21.925,23.844,25.812,23.885,22.675,20.354,15.771,13.661,15.377,16.074,17.733,23.062,22.040,18.917,18.395,19.554,19.614
24.492,22.648,21.604,20.825,20.662,22.080,21.522,22.120,24.071,26.209,24.332,23.124,20.710,16.156,14.003,15.440,16.165,17.742,23.277,22.221,18.961,18.463,19.607,19.787
24.921,23.048,21.962,21.312,21.034,22.473,22.026,22.320,24.143,26.382,24.539,23.271,21.028,16.538,14.335,15.702,16.487,18.125,23.663,22.731,19.465,18.887,20.007,20.299
25.102,23.252,22.186,21.481,21.248,22.673,22.178,22.667,24.554,26.709,24.852,23.606,21.262,16.743,14.602,16.107,16.894,18.479,24.001,22.911,19.655,19.124,20.255,20.438
25.308,23.434,22.353,21.713,21.417,22.856,22.378,22.825,24.698,26.833,24.950,23.673,21.358,16.794,14.647,16.284,17.099,18.728,24.249,23.136,19.884,19.396,20.524,20.619
25.598,23.738,22.648,21.908,21.686,23.128,22.648,23.183,25.094,27.291,25.434,24.161,21.751,17.196,15.061,16.625,17.474,19.025,24.660,23.429,20.100,19.579,20.716,20.874
26.130,24.243,23.176,22.624,22.257,23.694,23.197,23.651,25.518,27.547,25.619,24.336,22.065,17.453,15.324,17.156,17.953,19.644,25.056,23.960,20.784,20.367,21.492,21.438
26.359,24.453,23.343,22.703,22.374,23.844,23.360,23.938,25.872,27.978,26.042,24.715,22.290,17.594,15.473,17.410,18.313,19.938,25.578,24.210,20.886,20.481,21.626,21.531
26.905,24.944,23.730,23.149,22.727,24.262,23.951,24.190,26.005,28.385,26.512,25.062,22.729,18.068,15.861,17.663,18.746,20.377,26.284,24.874,21.373,20.906,22.023,22.075
27.616,25.655,24.322,23.197,23.130,24.747,24.449,25.188,27.274,30.067,28.268,26.753,23.793,18.988,16.789,18.419,19.796,21.054,27.844,25.587,21.506,20.914,22.095,22.383
