7.114,6.034,6.370,5.247,8.795,8.588,16.587,27.971,28.071,20.080,16.342,16.960,13.211,7.317,5.782,5.445,7.856,12.909,17.251,24.835,25.938,23.812,20.591,12.353
11.411,10.212,10.130,10.671,12.519,14.253,22.646,32.638,32.693,24.715,22.141,22.149,18.880,13.705,11.231,10.572,13.109,17.210,21.145,28.198,29.234,27.388,25.018,18.659
14.023,12.746,12.390,13.393,14.546,16.819,24.599,33.363,33.549,26.805,23.751,22.150,19.275,14.306,11.739,13.074,14.219,19.126,22.947,29.511,30.725,29.008,27.048,21.547
15.364,13.983,13.362,14.786,15.236,17.875,25.786,33.485,33.670,27.834,23.752,22.286,19.374,14.456,11.838,13.145,14.256,19.725,24.139,30.339,31.683,29.888,28.454,23.774
16.566,15.107,14.285,16.101,15.960,18.954,27.084,33.658,33.820,28.870,23.799,22.461,19.636,14.796,12.190,13.403,14.538,20.430,25.303,31.236,32.647,30.793,29.788,25.789
17.191,15.703,14.791,16.787,16.367,19.520,27.716,33.791,33.940,29.361,24.139,22.701,19.745,14.996,12.287,13.616,14.688,20.811,25.867,31.646,33.080,31.209,30.410,26.753
17.754,16.261,15.312,17.337,16.837,20.023,28.036,33.917,34.095,29.757,24.183,22.703,19.913,15.054,12.656,14.164,15.105,21.221,26.236,31.909,33.377,31.534,30.789,27.255
18.396,16.950,16.047,17.945,17.515,20.504,28.395,34.097,34.245,30.047,24.359,23.523,20.634,16.056,13.223,14.670,15.220,21.746,26.750,32.286,33.698,31.864,31.138,27.648
18.847,17.439,16.581,18.398,18.069,20.983,28.633,34.433,34.607,30.330,25.078,23.644,20.794,16.133,13.692,15.488,16.057,22.241,27.002,32.484,33.867,32.098,31.298,27.757
19.313,17.929,17.098,18.761,18.548,21.283,28.653,34.443,34.627,30.529,25.321,23.802,21.104,16.559,14.171,15.995,16.530,22.586,27.255,32.656,34.054,32.310,31.462,27.859
19.619,18.244,17.417,19.056,18.855,21.560,28.855,34.603,34.802,30.752,25.576,24.064,21.382,16.880,14.502,16.325,16.851,22.858,27.493,32.859,34.256,32.523,31.674,28.081
19.918,18.547,17.715,19.373,19.156,21.898,29.075,34.821,35.038,31.001,26.024,24.513,21.870,17.492,15.041,16.795,17.368,23.152,27.677,33.008,34.410,32.713,31.859,28.299
20.234,18.850,17.984,19.755,19.448,22.365,29.409,35.187,35.444,31.373,26.781,25.235,22.651,18.492,15.830,17.450,18.133,23.502,27.848,33.163,34.592,32.952,32.103,28.620
20.457,19.070,18.188,20.014,19.649,22.632,29.662,35.386,35.646,31.590,27.061,25.492,22.931,18.819,16.116,17.722,18.411,23.716,28.032,33.320,34.750,33.125,32.304,28.889
20.755,19.390,18.534,20.292,19.987,22.887,29.806,35.531,35.791,31.752,27.315,25.793,23.255,19.195,16.532,18.090,18.794,23.995,28.240,33.483,34.896,33.290,32.444,29.008
20.921,19.543,18.658,20.498,20.113,23.122,30.027,35.718,35.991,31.966,27.619,26.053,23.536,19.544,16.790,18.335,19.057,24.159,28.368,33.603,35.032,33.442,32.625,29.260
21.106,19.730,18.839,20.671,20.279,23.283,30.094,35.742,36.029,32.078,27.770,26.193,23.697,19.769,16.998,18.555,19.264,24.297,28.467,33.664,35.104,33.530,32.717,29.375
21.312,19.941,19.051,20.879,20.488,23.489,30.231,35.864,36.158,32.229,28.002,26.430,23.955,20.084,17.297,18.827,19.550,24.488,28.606,33.776,35.215,33.657,32.842,29.517
21.459,20.073,19.150,21.059,20.587,23.701,30.406,36.003,36.317,32.419,28.291,26.669,24.218,20.432,17.541,19.064,19.803,24.623,28.697,33.856,35.319,33.780,32.992,29.737
21.596,20.209,19.278,21.184,20.699,23.806,30.471,36.015,36.335,32.508,28.342,26.701,24.257,20.489,17.603,19.167,19.874,24.714,28.793,33.927,35.399,33.862,33.087,29.856
21.804,20.432,19.522,21.373,20.949,24.001,30.542,36.141,36.474,32.637,28.634,27.035,24.612,20.930,18.029,19.518,20.273,24.928,28.909,34.023,35.492,33.979,33.164,29.889
21.967,20.609,19.719,21.528,21.143,24.135,30.680,36.281,36.601,32.746,28.722,27.138,24.714,20.982,18.137,19.654,20.382,25.095,29.080,34.183,35.631,34.115,33.290,29.994
22.060,20.691,19.781,21.635,21.192,24.231,30.812,36.338,36.656,32.853,28.743,27.157,24.732,21.019,18.178,19.671,20.406,25.155,29.184,34.275,35.731,34.209,33.420,30.182
22.234,20.884,19.997,21.785,21.397,24.347,30.869,36.382,36.693,32.914,28.801,27.235,24.818,21.088,18.309,19.834,20.535,25.306,29.314,34.372,35.810,34.292,33.488,30.228
22.317,20.956,20.049,21.891,21.444,24.456,31.020,36.482,36.793,33.038,28.879,27.275,24.860,21.120,18.318,19.877,20.557,25.377,29.416,34.472,35.918,34.396,33.625,30.416
22.497,21.157,20.285,22.027,21.674,24.556,31.075,36.566,36.868,33.113,28.924,27.377,24.955,21.187,18.476,20.025,20.697,25.547,29.580,34.623,36.048,34.523,33.715,30.438
22.617,21.272,20.393,22.151,21.780,24.685,31.193,36.673,36.980,33.240,29.066,27.506,25.088,21.312,18.606,20.160,20.832,25.660,29.685,34.725,36.157,34.635,33.834,30.571
22.726,21.385,20.511,22.241,21.897,24.771,31.247,36.738,37.048,33.327,29.086,27.523,25.093,21.340,18.637,20.270,20.884,25.762,29.779,34.818,36.254,34.732,33.917,30.629
22.841,21.499,20.625,22.323,21.991,24.816,31.289,36.744,37.055,33.396,29.156,27.605,25.186,21.426,18.719,20.275,20.946,25.825,29.896,34.924,36.365,34.829,34.022,30.729
23.014,21.679,20.813,22.464,22.168,24.937,31.351,36.793,37.108,33.503,29.175,27.622,25.194,21.433,18.778,20.428,21.026,25.966,30.028,35.039,36.483,34.949,34.128,30.813
23.095,21.758,20.886,22.565,22.238,25.031,31.491,36.894,37.200,33.596,29.222,27.658,25.228,21.445,18.797,20.464,21.046,26.045,30.135,35.141,36.579,35.040,34.241,30.960
23.219,21.887,21.020,22.701,22.377,25.174,31.615,37.027,37.331,33.703,29.399,27.848,25.430,21.660,19.016,20.644,21.249,26.183,30.238,35.234,36.664,35.135,34.332,31.057
23.361,22.038,21.185,22.853,22.546,25.325,31.763,37.188,37.486,33.822,29.564,28.040,25.627,21.860,19.232,20.821,21.446,26.344,30.376,35.365,36.779,35.255,34.446,31.165
23.459,22.124,21.253,22.955,22.624,25.460,31.874,37.331,37.647,33.981,29.796,28.247,25.838,22.105,19.406,20.993,21.633,26.452,30.456,35.464,36.901,35.385,34.570,31.290
23.526,22.185,21.302,23.063,22.670,25.566,32.065,37.425,37.754,34.087,29.845,28.272,25.863,22.121,19.417,21.002,21.642,26.526,30.572,35.575,37.003,35.480,34.705,31.487
23.630,22.281,21.379,23.165,22.748,25.693,32.103,37.464,37.765,34.195,29.991,28.385,26.001,22.331,19.632,21.213,21.866,26.612,30.597,35.592,37.045,35.542,34.763,31.561
23.751,22.412,21.522,23.257,22.878,25.755,32.111,37.493,37.820,34.230,30.066,28.445,26.058,22.393,19.632,21.302,21.879,26.697,30.678,35.648,37.097,35.595,34.807,31.589
23.867,22.528,21.631,23.349,22.960,25.805,32.129,37.494,37.831,34.271,30.067,28.459,26.077,22.412,19.681,21.313,21.931,26.741,30.759,35.695,37.152,35.643,34.877,31.687
23.980,22.633,21.726,23.447,23.049,25.901,32.210,37.498,37.834,34.391,30.073,28.468,26.078,22.416,19.701,21.399,21.946,26.830,30.863,35.801,37.274,35.762,35.000,31.810
24.083,22.741,21.837,23.537,23.148,25.969,32.250,37.509,37.835,34.437,30.085,28.484,26.099,22.439,19.729,21.469,21.993,26.902,30.939,35.854,37.325,35.813,35.055,31.873
24.186,22.837,21.921,23.643,23.241,26.107,32.319,37.603,37.961,34.566,30.342,28.703,26.335,22.754,19.988,21.693,22.254,27.011,30.985,35.906,37.397,35.904,35.133,31.950
24.284,22.929,21.999,23.728,23.311,26.194,32.354,37.618,37.990,34.653,30.433,28.748,26.389,22.822,20.053,21.802,22.342,27.076,31.038,35.950,37.461,35.973,35.207,32.035
24.395,23.038,22.100,23.841,23.396,26.282,32.456,37.650,38.018,34.735,30.437,28.764,26.407,22.827,20.071,21.834,22.351,27.150,31.148,36.037,37.549,36.055,35.315,32.182
24.472,23.118,22.179,23.931,23.469,26.358,32.559,37.710,38.068,34.793,30.450,28.772,26.411,22.871,20.075,21.869,22.359,27.219,31.236,36.110,37.611,36.114,35.392,32.289
24.606,23.261,22.337,24.068,23.634,26.501,32.672,37.859,38.216,34.900,30.645,28.989,26.640,23.081,20.335,22.075,22.598,27.375,31.347,36.217,37.706,36.220,35.479,32.356
24.689,23.342,22.416,24.147,23.711,26.580,32.744,37.926,38.285,34.982,30.719,29.057,26.709,23.154,20.404,22.152,22.671,27.451,31.425,36.293,37.786,36.300,35.561,32.440
24.781,23.426,22.488,24.243,23.786,26.686,32.867,38.051,38.415,35.116,30.842,29.161,26.809,23.254,20.477,22.240,22.756,27.544,31.530,36.412,37.915,36.426,35.693,32.579
24.898,23.543,22.599,24.348,23.885,26.779,32.914,38.063,38.435,35.193,30.906,29.212,26.868,23.337,20.558,22.347,22.843,27.625,31.605,36.467,37.979,36.494,35.767,32.667
25.026,23.671,22.729,24.488,24.030,26.953,33.022,38.196,38.601,35.334,31.217,29.534,27.207,23.755,20.911,22.625,23.180,27.783,31.683,36.548,38.065,36.601,35.854,32.744
25.136,23.773,22.814,24.565,24.101,27.021,33.027,38.232,38.617,35.414,31.267,29.551,27.229,23.818,20.947,22.717,23.241,27.836,31.734,36.587,38.132,36.671,35.926,32.819
25.220,23.854,22.886,24.659,24.170,27.119,33.109,38.263,38.673,35.503,31.373,29.642,27.327,23.938,21.044,22.817,23.340,27.912,31.801,36.646,38.197,36.741,36.006,32.924
25.348,23.980,23.007,24.774,24.298,27.263,33.141,38.343,38.779,35.621,31.648,29.915,27.620,24.335,21.363,23.090,23.656,28.037,31.842,36.684,38.256,36.822,36.063,32.961
25.485,24.125,23.164,24.920,24.465,27.420,33.273,38.514,38.948,35.744,31.868,30.163,27.876,24.619,21.640,23.308,23.912,28.203,31.960,36.801,38.362,36.940,36.162,33.045
25.620,24.266,23.315,25.038,24.622,27.553,33.321,38.613,39.062,35.849,32.048,30.364,28.083,24.844,21.884,23.538,24.147,28.345,32.036,36.875,38.441,37.034,36.226,33.072
25.693,24.342,23.393,25.108,24.691,27.598,33.400,38.654,39.091,35.898,32.090,30.405,28.130,24.934,21.929,23.549,24.189,28.401,32.133,36.962,38.519,37.102,36.307,33.164
25.807,24.457,23.509,25.215,24.803,27.699,33.486,38.732,39.170,35.995,32.135,30.451,28.170,24.937,21.981,23.644,24.245,28.504,32.236,37.059,38.617,37.201,36.405,33.261
25.924,24.580,23.641,25.310,24.925,27.771,33.537,38.768,39.204,36.060,32.152,30.478,28.194,24.945,22.031,23.717,24.296,28.597,32.340,37.151,38.706,37.286,36.485,33.326
26.027,24.675,23.725,25.407,25.012,27.883,33.636,38.881,39.329,36.198,32.304,30.611,28.326,25.097,22.145,23.840,24.423,28.697,32.437,37.261,38.832,37.413,36.609,33.445
26.121,24.767,23.814,25.526,25.109,28.017,33.796,39.050,39.495,36.325,32.474,30.781,28.499,25.275,22.302,23.969,24.573,28.816,32.545,37.375,38.942,37.526,36.729,33.581
26.229,24.885,23.949,25.627,25.247,28.109,33.894,39.168,39.604,36.406,32.552,30.889,28.603,25.356,22.423,24.071,24.681,28.938,32.666,37.496,39.047,37.629,36.817,33.644
26.309,24.956,24.002,25.713,25.295,28.200,33.976,39.218,39.663,36.503,32.642,30.947,28.667,25.442,22.474,24.148,24.745,28.997,32.729,37.554,39.120,37.704,36.910,33.768
26.411,25.055,24.099,25.841,25.406,28.354,34.155,39.430,39.874,36.656,32.871,31.179,28.902,25.690,22.686,24.315,24.948,29.138,32.847,37.687,39.250,37.840,37.044,33.908
26.508,25.157,24.208,25.945,25.518,28.458,34.256,39.535,39.974,36.737,32.981,31.303,29.031,25.824,22.829,24.434,25.079,29.246,32.939,37.773,39.326,37.920,37.122,33.986
26.580,25.225,24.268,26.017,25.575,28.533,34.319,39.587,40.032,36.816,33.061,31.369,29.099,25.906,22.892,24.509,25.149,29.307,32.999,37.831,39.393,37.989,37.195,34.071
26.689,25.332,24.370,26.128,25.680,28.660,34.391,39.673,40.131,36.922,33.256,31.558,29.302,26.140,23.107,24.699,25.361,29.415,33.060,37.887,39.458,38.068,37.268,34.148
26.769,25.407,24.437,26.212,25.748,28.747,34.505,39.782,40.239,37.031,33.318,31.626,29.361,26.145,23.149,24.756,25.411,29.495,33.160,37.996,39.572,38.177,37.385,34.272
26.927,25.577,24.627,26.356,25.926,28.851,34.646,39.891,40.328,37.128,33.337,31.634,29.364,26.156,23.167,24.804,25.423,29.640,33.353,38.174,39.728,38.318,37.528,34.403
27.071,25.730,24.791,26.478,26.078,28.943,34.715,39.935,40.368,37.203,33.338,31.668,29.394,26.168,23.236,24.896,25.488,29.756,33.481,38.283,39.829,38.415,37.622,34.485
27.184,25.837,24.888,26.624,26.181,29.104,34.919,40.125,40.553,37.361,33.493,31.749,29.464,26.217,23.287,25.024,25.587,29.887,33.616,38.421,39.965,38.553,37.779,34.680
27.309,25.962,25.011,26.735,26.290,29.192,34.999,40.161,40.588,37.448,33.516,31.783,29.502,26.224,23.308,25.083,25.600,29.977,33.731,38.520,40.066,38.649,37.885,34.798
27.426,26.067,25.095,26.836,26.357,29.275,35.094,40.192,40.625,37.572,33.522,31.832,29.562,26.232,23.376,25.091,25.626,30.041,33.856,38.640,40.207,38.776,38.039,34.978
27.567,26.211,25.242,26.961,26.485,29.363,35.190,40.229,40.654,37.660,33.530,31.836,29.565,26.310,23.386,25.127,25.651,30.141,34.000,38.763,40.326,38.885,38.162,35.114
27.713,26.354,25.386,27.110,26.633,29.514,35.392,40.443,40.861,37.841,33.631,31.888,29.590,26.322,23.392,25.235,25.691,30.302,34.192,38.973,40.532,39.081,38.360,35.303
27.902,26.546,25.579,27.296,26.825,29.701,35.544,40.598,41.021,38.009,33.837,32.098,29.807,26.476,23.621,25.458,25.922,30.487,34.352,39.125,40.686,39.241,38.515,35.456
28.097,26.739,25.774,27.502,27.041,29.941,35.795,40.919,41.345,38.263,34.070,32.306,29.982,26.561,23.751,25.684,26.088,30.730,34.564,39.365,40.926,39.487,38.741,35.657
28.295,26.928,25.954,27.658,27.191,30.041,35.958,40.993,41.411,38.442,34.182,32.455,30.163,26.849,23.955,25.736,26.247,30.853,34.821,39.620,41.193,39.718,39.001,35.920
28.464,27.105,26.143,27.824,27.391,30.223,36.088,41.178,41.601,38.594,34.336,32.600,30.286,26.908,24.080,25.953,26.399,31.047,34.955,39.756,41.325,39.863,39.119,36.008
28.600,27.242,26.282,27.987,27.542,30.405,36.303,41.417,41.835,38.768,34.569,32.843,30.532,27.100,24.310,26.138,26.616,31.222,35.114,39.925,41.483,40.026,39.282,36.179
28.807,27.467,26.538,28.174,27.789,30.546,36.493,41.596,41.987,38.905,34.580,32.900,30.570,27.143,24.377,26.224,26.669,31.427,35.373,40.175,41.702,40.226,39.473,36.334
29.055,27.731,26.827,28.362,28.059,30.686,36.567,41.662,42.051,39.034,34.621,32.974,30.637,27.156,24.509,26.396,26.801,31.627,35.587,40.366,41.887,40.404,39.625,36.429
29.325,28.009,27.123,28.630,28.388,31.014,36.778,42.022,42.433,39.317,35.206,33.607,31.291,27.920,25.196,26.935,27.455,31.965,35.779,40.580,42.104,40.654,39.813,36.545
29.503,28.191,27.311,28.824,28.598,31.248,36.959,42.280,42.702,39.514,35.600,34.025,31.726,28.432,25.645,27.286,27.879,32.192,35.916,40.726,42.248,40.821,39.951,36.662
29.686,28.390,27.534,29.008,28.818,31.406,37.145,42.461,42.863,39.644,35.693,34.158,31.855,28.513,25.802,27.427,28.015,32.387,36.123,40.922,42.414,40.982,40.107,36.803
29.976,28.681,27.826,29.245,29.091,31.617,37.271,42.569,42.985,39.863,35.853,34.310,32.005,28.683,25.990,27.672,28.223,32.616,36.357,41.139,42.651,41.217,40.328,36.996
30.251,28.962,28.122,29.523,29.426,31.964,37.514,42.979,43.419,40.180,36.486,34.989,32.703,29.505,26.707,28.233,28.908,32.973,36.568,41.383,42.900,41.499,40.544,37.135
30.522,29.235,28.404,29.800,29.717,32.246,37.855,43.350,43.779,40.487,36.770,35.288,32.989,29.746,26.970,28.482,29.167,33.276,36.894,41.731,43.236,41.826,40.865,37.436
30.729,29.420,28.557,30.022,29.868,32.480,38.162,43.621,44.055,40.792,36.977,35.437,33.124,29.851,27.034,28.613,29.265,33.472,37.154,42.014,43.543,42.118,41.191,37.802
30.986,29.678,28.821,30.332,30.148,32.806,38.604,44.071,44.479,41.112,37.311,35.787,33.469,30.142,27.339,28.870,29.549,33.792,37.493,42.368,43.868,42.439,41.528,38.168
31.241,29.927,29.057,30.601,30.391,33.100,38.871,44.351,44.773,41.400,37.682,36.141,33.834,30.558,27.693,29.202,29.905,34.055,37.721,42.600,44.113,42.695,41.786,38.440
31.593,30.291,29.438,30.934,30.804,33.503,39.031,44.682,45.148,41.711,38.432,36.944,34.681,31.630,28.624,29.948,30.795,34.456,37.892,42.772,44.302,42.942,41.947,38.519
31.954,30.667,29.834,31.330,31.240,33.972,39.381,45.177,45.660,42.080,39.207,37.779,35.556,32.661,29.546,30.662,31.657,34.913,38.157,43.043,44.562,43.251,42.200,38.733
32.371,31.054,30.187,31.749,31.619,34.468,39.849,45.743,46.264,42.659,39.922,38.443,36.217,33.410,30.131,31.223,32.275,35.364,38.564,43.512,45.081,43.779,42.710,39.221
32.705,31.379,30.500,32.111,31.933,34.827,40.337,46.194,46.697,43.070,40.203,38.700,36.454,33.461,30.305,31.442,32.463,35.713,38.997,43.964,45.527,44.204,43.169,39.715
33.121,31.807,30.944,32.498,32.354,35.161,40.657,46.453,46.944,43.378,40.392,38.906,36.657,33.560,30.437,31.744,32.712,36.080,39.401,44.334,45.882,44.549,43.519,40.062
33.593,32.245,31.336,32.906,32.713,35.540,41.063,46.772,47.285,43.910,40.609,39.020,36.735,33.581,30.540,31.967,32.810,36.441,39.909,44.865,46.475,45.105,44.109,40.662
34.142,32.763,31.804,33.484,33.176,36.138,41.739,47.378,47.901,44.581,41.181,39.503,37.186,33.718,30.556,32.439,32.992,36.966,40.502,45.477,47.121,45.739,44.797,41.430
34.582,33.181,32.197,33.978,33.563,36.607,42.535,48.069,48.544,45.188,41.407,39.608,37.210,33.733,30.563,32.539,33.037,37.426,41.195,46.216,47.843,46.399,45.541,42.252
35.296,33.837,32.766,34.754,34.075,37.297,43.678,48.859,49.281,46.104,41.534,39.673,37.325,34.069,30.911,32.560,33.241,38.026,42.225,47.262,48.907,47.363,46.702,43.641
36.461,34.874,33.644,36.266,34.994,38.881,46.565,51.449,51.723,48.226,42.626,40.407,37.811,34.196,30.949,32.813,33.243,39.409,44.358,49.641,51.256,49.524,49.208,46.554
