17.574,12.195,9.713,7.802,6.541,4.816,3.808,6.641,4.981,5.480,2.786,2.835,0.372,-4.658,-7.233,-3.643,1.430,8.563,15.642,19.782,19.834,18.368,19.450,14.630
22.583,18.482,16.571,15.137,14.110,12.154,11.627,13.617,12.549,13.289,10.233,10.253,8.415,4.372,3.072,5.490,9.513,14.944,21.903,24.791,25.083,24.079,25.194,21.165
24.598,20.919,19.015,17.441,16.393,14.785,13.969,15.851,14.705,15.172,12.593,12.569,11.917,8.054,6.483,8.216,12.065,17.091,23.156,25.811,26.279,25.469,26.592,22.844
26.156,22.791,20.967,19.363,18.332,17.004,15.961,17.841,16.912,17.025,14.775,14.843,14.104,10.515,9.141,10.826,14.417,19.203,24.576,27.347,27.712,27.233,28.460,25.520
27.131,23.960,22.220,20.652,19.648,18.404,17.301,19.154,18.432,18.383,16.203,16.344,15.314,11.923,10.837,12.566,15.966,20.582,25.718,28.544,28.820,28.558,29.865,27.457
27.814,24.722,23.032,21.508,20.538,19.381,18.290,20.111,19.398,19.319,17.280,17.422,16.377,13.096,11.994,13.725,17.019,21.519,26.388,29.173,29.411,29.147,30.396,28.095
28.285,25.250,23.587,22.080,21.125,20.025,18.922,20.730,20.037,19.919,17.964,18.114,17.056,13.842,12.746,14.475,17.705,22.139,26.844,29.620,29.834,29.594,30.826,28.629
28.653,25.660,24.008,22.506,21.556,20.465,19.366,21.149,20.454,20.338,18.399,18.542,17.568,14.380,13.284,14.952,18.155,22.534,27.197,29.927,30.158,29.924,31.148,28.956
29.023,26.016,24.408,22.983,22.068,20.934,19.944,21.690,20.997,20.969,18.997,19.130,18.002,14.858,13.800,15.541,18.698,23.031,27.741,30.409,30.611,30.304,31.464,29.197
29.384,26.417,24.812,23.377,22.466,21.396,20.380,22.114,21.382,21.330,19.460,19.579,18.616,15.498,14.351,16.019,19.152,23.434,27.974,30.605,30.822,30.504,31.633,29.360
29.562,26.634,25.045,23.620,22.716,21.653,20.640,22.355,21.643,21.584,19.721,19.843,18.888,15.802,14.687,16.331,19.431,23.667,28.174,30.781,30.999,30.701,31.831,29.603
29.894,27.055,25.457,23.992,23.073,22.058,20.980,22.670,21.944,21.835,20.029,20.140,19.476,16.407,15.253,16.720,19.801,23.960,28.349,30.900,31.176,30.930,32.083,29.895
30.081,27.258,25.665,24.195,23.280,22.305,21.205,22.901,22.179,22.036,20.288,20.404,19.735,16.688,15.517,16.993,20.056,24.204,28.495,31.064,31.324,31.092,32.240,30.109
30.275,27.517,25.938,24.470,23.556,22.584,21.477,23.141,22.438,22.286,20.535,20.649,20.080,17.066,15.931,17.319,20.346,24.422,28.688,31.204,31.490,31.292,32.454,30.364
30.499,27.802,26.215,24.710,23.785,22.875,21.699,23.362,22.658,22.438,20.764,20.879,20.472,17.477,16.309,17.605,20.615,24.651,28.776,31.291,31.597,31.453,32.637,30.631
30.658,27.978,26.398,24.899,23.979,23.072,21.904,23.554,22.847,22.633,20.967,21.077,20.703,17.720,16.549,17.823,20.820,24.829,28.935,31.425,31.738,31.590,32.764,30.752
30.753,28.078,26.519,25.048,24.141,23.226,22.087,23.727,23.040,22.840,21.166,21.282,20.814,17.860,16.728,18.041,21.009,24.998,29.105,31.589,31.881,31.727,32.889,30.900
31.002,28.342,26.771,25.271,24.356,23.493,22.301,23.958,23.262,23.010,21.404,21.523,21.126,18.173,16.995,18.285,21.255,25.249,29.246,31.757,32.050,31.920,33.090,31.152
31.138,28.508,26.939,25.432,24.517,23.676,22.467,24.116,23.418,23.147,21.572,21.689,21.362,18.424,17.234,18.481,21.437,25.401,29.339,31.835,32.137,32.022,33.194,31.281
31.288,28.676,27.100,25.577,24.657,23.847,22.610,24.260,23.545,23.252,21.721,21.834,21.600,18.663,17.431,18.636,21.591,25.543,29.411,31.900,32.215,32.106,33.275,31.367
31.463,28.836,27.262,25.747,24.831,24.018,22.796,24.446,23.721,23.443,21.914,22.023,21.770,18.831,17.585,18.809,21.767,25.725,29.595,32.082,32.392,32.262,33.417,31.481
31.549,28.935,27.366,25.856,24.942,24.130,22.914,24.555,23.827,23.554,22.029,22.135,21.908,18.979,17.731,18.936,21.884,25.822,29.681,32.149,32.464,32.331,33.479,31.537
31.687,29.070,27.500,25.989,25.076,24.274,23.054,24.698,23.965,23.688,22.178,22.284,22.059,19.130,17.868,19.078,22.026,25.968,29.804,32.277,32.588,32.452,33.594,31.653
31.753,29.155,27.595,26.094,25.187,24.377,23.169,24.799,24.078,23.808,22.288,22.393,22.163,19.251,18.015,19.214,22.144,26.060,29.902,32.355,32.668,32.538,33.681,31.752
31.921,29.311,27.752,26.255,25.349,24.541,23.335,24.973,24.255,23.983,22.466,22.575,22.299,19.387,18.153,19.382,22.313,26.242,30.082,32.551,32.852,32.718,33.858,31.936
32.027,29.393,27.845,26.371,25.475,24.655,23.480,25.121,24.408,24.157,22.630,22.743,22.358,19.453,18.233,19.526,22.451,26.392,30.251,32.731,33.007,32.851,33.973,32.042
32.155,29.507,27.961,26.497,25.605,24.775,23.619,25.259,24.540,24.306,22.772,22.882,22.466,19.559,18.337,19.650,22.578,26.525,30.403,32.880,33.151,32.976,34.087,32.130
32.256,29.619,28.078,26.618,25.727,24.895,23.741,25.375,24.662,24.430,22.890,23.000,22.590,19.691,18.482,19.785,22.703,26.636,30.516,32.982,33.256,33.087,34.200,32.252
32.426,29.785,28.241,26.776,25.884,25.061,23.900,25.539,24.822,24.583,23.056,23.166,22.759,19.856,18.634,19.942,22.864,26.805,30.668,33.144,33.415,33.244,34.356,32.409
32.525,29.875,28.333,26.877,25.989,25.157,24.011,25.648,24.926,24.702,23.167,23.275,22.851,19.948,18.724,20.043,22.966,26.907,30.786,33.254,33.523,33.338,34.440,32.470
32.625,29.979,28.441,26.989,26.103,25.269,24.129,25.761,25.040,24.820,23.285,23.392,22.968,20.069,18.849,20.165,23.082,27.016,30.894,33.355,33.624,33.437,34.535,32.564
32.771,30.123,28.583,27.130,26.243,25.413,24.270,25.905,25.182,24.959,23.429,23.536,23.111,20.212,18.986,20.306,23.225,27.163,31.033,33.499,33.766,33.578,34.677,32.707
32.874,30.218,28.688,27.256,26.377,25.522,24.415,26.037,25.315,25.126,23.568,23.671,23.206,20.312,19.103,20.438,23.351,27.280,31.195,33.639,33.904,33.694,34.779,32.773
32.992,30.359,28.821,27.365,26.479,25.657,24.509,26.137,25.412,25.185,23.666,23.771,23.385,20.493,19.260,20.556,23.468,27.389,31.237,33.689,33.964,33.779,34.876,32.910
33.068,30.436,28.900,27.445,26.559,25.742,24.589,26.221,25.504,25.268,23.754,23.864,23.452,20.564,19.341,20.650,23.558,27.481,31.318,33.782,34.049,33.873,34.973,33.031
33.176,30.555,29.017,27.555,26.668,25.870,24.704,26.336,25.613,25.362,23.876,23.984,23.613,20.730,19.488,20.778,23.681,27.595,31.387,33.849,34.119,33.948,35.046,33.115
33.271,30.650,29.115,27.657,26.774,25.988,24.825,26.456,25.722,25.473,24.009,24.114,23.753,20.877,19.612,20.905,23.802,27.710,31.467,33.923,34.190,34.006,35.090,33.147
33.385,30.765,29.233,27.779,26.899,26.113,24.956,26.584,25.847,25.604,24.144,24.246,23.887,21.015,19.746,21.038,23.932,27.834,31.583,34.033,34.299,34.109,35.186,33.236
33.472,30.855,29.322,27.866,26.987,26.216,25.052,26.682,25.939,25.687,24.251,24.353,24.006,21.138,19.852,21.143,24.034,27.934,31.646,34.098,34.362,34.170,35.242,33.298
33.580,30.965,29.435,27.986,27.108,26.325,25.173,26.796,26.053,25.815,24.362,24.462,24.117,21.250,19.973,21.258,24.147,28.039,31.775,34.214,34.482,34.285,35.355,33.396
33.670,31.057,29.526,28.070,27.192,26.431,25.263,26.895,26.150,25.892,24.470,24.573,24.229,21.366,20.073,21.366,24.252,28.147,31.835,34.288,34.549,34.358,35.425,33.491
33.782,31.172,29.642,28.185,27.307,26.555,25.379,27.015,26.277,26.007,24.596,24.703,24.340,21.483,20.195,21.498,24.379,28.275,31.943,34.409,34.663,34.480,35.551,33.643
33.897,31.304,29.771,28.303,27.421,26.683,25.490,27.122,26.379,26.096,24.701,24.806,24.509,21.654,20.352,21.617,24.496,28.379,32.016,34.472,34.739,34.567,35.643,33.743
33.996,31.406,29.871,28.400,27.518,26.799,25.594,27.232,26.486,26.188,24.821,24.926,24.634,21.784,20.466,21.736,24.612,28.495,32.089,34.555,34.816,34.646,35.719,33.835
34.095,31.504,29.974,28.511,27.633,26.909,25.717,27.350,26.601,26.314,24.945,25.049,24.749,21.904,20.585,21.858,24.729,28.606,32.202,34.658,34.917,34.738,35.801,33.904
34.192,31.614,30.079,28.602,27.719,27.009,25.794,27.430,26.683,26.376,25.020,25.125,24.866,22.020,20.695,21.946,24.818,28.692,32.263,34.725,34.991,34.829,35.903,34.030
34.292,31.707,30.170,28.690,27.806,27.107,25.883,27.529,26.783,26.464,25.123,25.232,24.949,22.102,20.772,22.042,24.916,28.802,32.353,34.833,35.090,34.931,36.006,34.150
34.420,31.849,30.306,28.813,27.926,27.246,26.002,27.647,26.893,26.556,25.243,25.349,25.132,22.286,20.931,22.169,25.043,28.921,32.426,34.903,35.170,35.019,36.097,34.249
34.527,31.947,30.410,28.931,28.050,27.359,26.138,27.778,27.017,26.703,25.381,25.483,25.244,22.400,21.042,22.295,25.166,29.040,32.563,35.026,35.289,35.117,36.178,34.298
34.652,32.097,30.551,29.048,28.160,27.504,26.246,27.885,27.107,26.763,25.488,25.586,25.471,22.628,21.226,22.416,25.288,29.146,32.589,35.044,35.327,35.169,36.235,34.368
34.730,32.200,30.652,29.137,28.243,27.603,26.323,27.958,27.181,26.817,25.559,25.656,25.610,22.772,21.365,22.512,25.378,29.217,32.626,35.072,35.368,35.230,36.306,34.463
34.823,32.283,30.735,29.225,28.333,27.685,26.415,28.051,27.273,26.919,25.652,25.749,25.678,22.837,21.431,22.594,25.463,29.310,32.736,35.185,35.476,35.329,36.400,34.543
34.904,32.352,30.810,29.314,28.428,27.772,26.521,28.156,27.377,27.039,25.766,25.862,25.744,22.906,21.505,22.697,25.562,29.412,32.851,35.298,35.579,35.416,36.475,34.603
34.970,32.424,30.890,29.404,28.523,27.855,26.621,28.246,27.471,27.148,25.860,25.954,25.827,22.998,21.613,22.801,25.657,29.491,32.948,35.378,35.660,35.494,36.549,34.670
35.073,32.520,30.992,29.519,28.643,27.968,26.753,28.373,27.595,27.288,25.996,26.088,25.937,23.112,21.727,22.929,25.780,29.611,33.076,35.496,35.774,35.590,36.632,34.732
35.197,32.653,31.122,29.643,28.764,28.095,26.872,28.488,27.704,27.394,26.108,26.197,26.092,23.266,21.870,23.046,25.899,29.722,33.175,35.586,35.874,35.693,36.737,34.832
35.300,32.757,31.228,29.750,28.874,28.208,26.985,28.602,27.819,27.507,26.228,26.317,26.203,23.381,21.984,23.167,26.015,29.837,33.279,35.693,35.976,35.795,36.836,34.937
35.411,32.854,31.327,29.859,28.986,28.315,27.104,28.726,27.945,27.640,26.357,26.449,26.281,23.459,22.066,23.283,26.132,29.964,33.416,35.840,36.110,35.919,36.953,35.051
35.482,32.917,31.398,29.942,29.074,28.385,27.197,28.813,28.036,27.751,26.445,26.536,26.328,23.508,22.134,23.367,26.213,30.044,33.534,35.949,36.216,36.013,37.041,35.121
35.595,33.047,31.520,30.050,29.175,28.494,27.287,28.898,28.113,27.818,26.521,26.607,26.487,23.662,22.271,23.454,26.304,30.124,33.598,35.999,36.286,36.094,37.131,35.206
35.651,33.095,31.577,30.124,29.255,28.554,27.373,28.978,28.203,27.928,26.605,26.693,26.512,23.693,22.329,23.538,26.382,30.200,33.713,36.109,36.386,36.185,37.216,35.283
35.742,33.195,31.674,30.211,29.339,28.654,27.454,29.065,28.290,27.996,26.692,26.783,26.621,23.804,22.433,23.633,26.476,30.294,33.774,36.179,36.457,36.269,37.307,35.400
35.826,33.273,31.758,30.307,29.441,28.749,27.566,29.173,28.401,28.120,26.809,26.900,26.698,23.887,22.525,23.746,26.583,30.399,33.890,36.292,36.562,36.363,37.392,35.476
35.946,33.400,31.884,30.430,29.562,28.867,27.679,29.285,28.519,28.233,26.916,27.008,26.817,24.006,22.654,23.864,26.700,30.511,34.010,36.411,36.684,36.496,37.533,35.629
36.052,33.512,31.998,30.546,29.678,28.982,27.799,29.397,28.625,28.347,27.029,27.117,26.957,24.148,22.790,23.981,26.814,30.614,34.110,36.495,36.776,36.583,37.615,35.696
36.152,33.606,32.092,30.643,29.776,29.076,27.897,29.497,28.726,28.452,27.129,27.217,27.038,24.228,22.873,24.075,26.910,30.715,34.222,36.610,36.888,36.690,37.721,35.798
36.277,33.735,32.217,30.759,29.890,29.200,28.009,29.612,28.837,28.551,27.243,27.330,27.179,24.366,22.997,24.189,27.026,30.833,34.318,36.710,36.991,36.799,37.832,35.914
36.403,33.867,32.350,30.891,30.022,29.335,28.140,29.743,28.971,28.681,27.375,27.464,27.315,24.506,23.142,24.329,27.163,30.964,34.442,36.834,37.115,36.929,37.965,36.060
36.513,33.988,32.476,31.018,30.150,29.470,28.271,29.870,29.105,28.808,27.509,27.600,27.453,24.654,23.297,24.479,27.303,31.092,34.552,36.941,37.221,37.043,38.080,36.194
36.651,34.113,32.603,31.153,30.288,29.597,28.413,30.013,29.247,28.964,27.652,27.743,27.558,24.756,23.405,24.609,27.436,31.234,34.718,37.109,37.383,37.193,38.224,36.322
36.833,34.280,32.765,31.313,30.446,29.749,28.565,30.173,29.405,29.124,27.804,27.896,27.689,24.877,23.524,24.745,27.583,31.400,34.904,37.308,37.579,37.385,38.420,36.510
36.940,34.380,32.886,31.475,30.623,29.879,28.760,30.344,29.587,29.363,27.987,28.074,27.782,24.984,23.679,24.930,27.749,31.545,35.134,37.500,37.763,37.537,38.551,36.593
37.067,34.508,33.024,31.627,30.780,30.022,28.922,30.498,29.755,29.544,28.147,28.237,27.894,25.107,23.834,25.101,27.909,31.695,35.313,37.672,37.928,37.703,38.716,36.766
37.278,34.694,33.205,31.805,30.958,30.208,29.102,30.696,29.948,29.730,28.347,28.440,28.049,25.252,23.962,25.271,28.092,31.909,35.515,37.905,38.146,37.912,38.920,36.971
37.437,34.842,33.353,31.960,31.113,30.349,29.255,30.851,30.110,29.901,28.497,28.593,28.155,25.354,24.081,25.415,28.239,32.067,35.708,38.106,38.340,38.102,39.113,37.161
37.598,34.996,33.505,32.105,31.259,30.518,29.408,31.018,30.275,30.045,28.675,28.776,28.314,25.515,24.224,25.582,28.407,32.249,35.840,38.265,38.485,38.250,39.257,37.331
37.759,35.134,33.642,32.249,31.405,30.660,29.563,31.179,30.426,30.209,28.839,28.937,28.440,25.634,24.327,25.717,28.549,32.411,36.012,38.444,38.656,38.399,39.394,37.438
37.995,35.386,33.887,32.479,31.629,30.894,29.777,31.390,30.629,30.400,29.040,29.135,28.721,25.909,24.587,25.930,28.767,32.617,36.201,38.621,38.851,38.606,39.609,37.654
38.177,35.577,34.091,32.707,31.865,31.093,30.022,31.605,30.836,30.659,29.255,29.338,28.956,26.151,24.844,26.154,28.980,32.794,36.441,38.801,39.049,38.776,39.762,37.736
38.373,35.774,34.284,32.894,32.050,31.284,30.203,31.790,31.023,30.835,29.439,29.523,29.144,26.338,25.028,26.338,29.166,32.986,36.622,38.992,39.239,38.974,39.964,37.953
38.536,35.933,34.439,33.044,32.199,31.447,30.359,31.949,31.164,30.975,29.602,29.681,29.343,26.532,25.187,26.486,29.320,33.141,36.746,39.111,39.363,39.086,40.066,38.032
38.708,36.122,34.626,33.223,32.374,31.623,30.526,32.109,31.322,31.129,29.754,29.830,29.553,26.742,25.395,26.654,29.487,33.295,36.896,39.247,39.513,39.246,40.233,38.200
38.949,36.360,34.860,33.455,32.607,31.867,30.773,32.352,31.538,31.353,30.003,30.069,29.856,27.040,25.646,26.884,29.722,33.524,37.094,39.426,39.702,39.412,40.381,38.302
39.090,36.503,35.009,33.614,32.770,32.019,30.939,32.511,31.701,31.529,30.166,30.231,30.002,27.192,25.811,27.051,29.883,33.676,37.264,39.584,39.860,39.564,40.529,38.441
39.310,36.722,35.223,33.816,32.967,32.227,31.127,32.710,31.907,31.714,30.360,30.431,30.192,27.377,25.999,27.247,30.084,33.891,37.465,39.809,40.081,39.802,40.779,38.725
39.587,36.951,35.454,34.067,33.225,32.464,31.399,32.993,32.182,32.021,30.646,30.717,30.367,27.540,26.158,27.482,30.332,34.176,37.800,40.161,40.410,40.092,41.048,38.944
39.820,37.192,35.687,34.282,33.433,32.689,31.594,33.198,32.393,32.203,30.844,30.921,30.591,27.760,26.375,27.690,30.545,34.397,37.994,40.377,40.627,40.333,41.306,39.242
40.023,37.419,35.919,34.514,33.664,32.908,31.809,33.404,32.626,32.427,31.043,31.126,30.789,27.970,26.634,27.930,30.772,34.605,38.227,40.605,40.859,40.596,41.591,39.572
40.321,37.704,36.199,34.790,33.941,33.212,32.106,33.711,32.907,32.702,31.365,31.442,31.129,28.306,26.914,28.220,31.069,34.913,38.472,40.858,41.106,40.820,41.794,39.751
40.561,37.971,36.466,35.050,34.198,33.474,32.355,33.949,33.147,32.933,31.599,31.674,31.433,28.616,27.228,28.484,31.324,35.143,38.686,41.052,41.317,41.048,42.030,40.000
40.834,38.285,36.791,35.383,34.535,33.793,32.696,34.252,33.440,33.256,31.902,31.962,31.846,29.044,27.661,28.826,31.648,35.403,38.964,41.253,41.554,41.280,42.254,40.178
41.230,38.684,37.163,35.715,34.851,34.145,32.996,34.565,33.716,33.501,32.195,32.246,32.295,29.464,27.998,29.097,31.949,35.721,39.217,41.510,41.840,41.570,42.550,40.448
41.591,39.028,37.524,36.103,35.246,34.494,33.382,34.952,34.153,33.958,32.579,32.646,32.496,29.676,28.313,29.495,32.336,36.123,39.728,42.048,42.347,42.091,43.089,41.034
42.025,39.427,37.944,36.566,35.726,34.943,33.887,35.459,34.681,34.523,33.109,33.185,32.834,30.028,28.715,30.005,32.830,36.633,40.296,42.631,42.889,42.603,43.579,41.518
42.674,40.029,38.505,37.070,36.208,35.493,34.341,35.988,35.207,34.952,33.619,33.717,33.307,30.461,29.087,30.458,33.332,37.242,40.805,43.278,43.502,43.255,44.264,42.303
43.344,40.674,39.149,37.717,36.855,36.142,34.988,36.654,35.887,35.622,34.288,34.396,33.881,31.031,29.672,31.107,33.988,37.932,41.503,44.018,44.217,43.971,44.984,43.051
44.095,41.362,39.833,38.403,37.537,36.797,35.634,37.354,36.658,36.359,34.965,35.113,34.264,31.397,30.147,31.763,34.665,38.709,42.384,45.031,45.161,44.959,46.020,44.212
44.992,42.309,40.756,39.262,38.371,37.701,36.424,38.172,37.502,37.090,35.764,35.932,35.192,32.325,31.069,32.622,35.528,39.577,43.127,45.836,45.977,45.873,46.996,45.348
46.783,44.069,42.506,41.005,40.084,39.233,37.972,39.736,39.226,38.828,37.183,37.400,36.326,33.400,32.476,34.112,37.067,41.205,45.249,48.047,48.181,48.209,49.493,47.980
