-16.870,-23.918,-28.416,-30.226,-30.547,-32.130,-38.435,-37.512,-36.452,-34.128,-38.517,-33.984,-37.838,-48.073,-51.635,-47.047,-36.626,-23.283,-14.291,-5.454,-2.426,-6.928,-8.604,-17.094
-7.711,-13.230,-17.102,-18.657,-20.033,-21.199,-26.226,-23.642,-23.864,-23.307,-28.024,-22.880,-23.209,-34.124,-39.748,-35.025,-23.577,-12.134,-3.658,1.061,3.895,-0.791,-1.546,-8.391
-2.102,-8.152,-10.889,-12.633,-13.508,-14.292,-17.235,-17.443,-18.516,-18.945,-22.487,-18.419,-18.863,-27.998,-31.395,-26.873,-18.215,-7.618,4.202,7.793,10.543,6.882,4.946,-1.711
0.006,-5.929,-8.574,-10.267,-10.994,-11.754,-14.593,-15.032,-15.997,-16.326,-19.671,-15.918,-16.715,-25.328,-28.279,-23.941,-15.910,-5.546,6.011,9.795,12.448,8.948,6.967,0.474
1.897,-3.796,-6.437,-8.015,-8.517,-9.181,-11.874,-12.525,-13.395,-13.738,-16.998,-14.005,-15.769,-23.607,-25.685,-21.442,-14.690,-4.072,7.446,11.805,14.360,10.757,8.715,2.537
3.017,-2.521,-5.153,-6.678,-7.156,-7.794,-10.459,-11.048,-11.887,-12.235,-15.479,-12.648,-14.547,-22.187,-24.143,-19.958,-13.472,-2.919,8.372,12.772,15.277,11.659,9.672,3.653
4.274,-1.115,-3.657,-5.158,-5.725,-6.320,-8.828,-9.307,-10.271,-10.786,-14.023,-11.148,-12.696,-20.348,-22.465,-18.294,-11.759,-1.456,9.779,13.755,16.231,12.638,10.726,4.878
4.947,-0.365,-2.919,-4.392,-4.936,-5.542,-8.107,-8.527,-9.412,-9.842,-13.055,-10.222,-11.846,-19.397,-21.486,-17.384,-10.915,-0.706,10.235,14.295,16.734,13.169,11.306,5.518
5.706,0.447,-2.037,-3.501,-4.050,-4.629,-7.075,-7.548,-8.488,-8.993,-12.153,-9.361,-10.895,-18.353,-20.401,-16.328,-9.973,0.098,11.075,14.972,17.388,13.876,12.006,6.300
6.342,1.182,-1.288,-2.728,-3.314,-3.885,-6.325,-6.683,-7.629,-8.153,-11.321,-8.508,-9.924,-17.379,-19.521,-15.476,-9.079,0.867,11.651,15.425,17.816,14.308,12.508,6.892
6.817,1.730,-0.785,-2.185,-2.698,-3.262,-5.751,-6.106,-6.965,-7.421,-10.590,-7.984,-9.752,-17.005,-18.919,-14.909,-8.831,1.231,11.866,15.924,18.286,14.725,12.935,7.388
7.257,2.207,-0.281,-1.674,-2.191,-2.749,-5.207,-5.560,-6.426,-6.891,-10.034,-7.432,-9.148,-16.360,-18.279,-14.297,-8.242,1.726,12.298,16.288,18.634,15.105,13.328,7.824
7.505,2.447,-0.037,-1.435,-1.963,-2.527,-4.991,-5.334,-6.201,-6.661,-9.802,-7.157,-8.811,-16.057,-18.025,-14.046,-7.922,2.010,12.563,16.513,18.861,15.348,13.577,8.060
7.789,2.776,0.278,-1.104,-1.632,-2.199,-4.697,-4.983,-5.819,-6.249,-9.396,-6.766,-8.448,-15.669,-17.646,-13.688,-7.576,2.334,12.747,16.730,19.064,15.544,13.806,8.322
8.065,3.091,0.572,-0.799,-1.339,-1.914,-4.457,-4.661,-5.473,-5.877,-9.046,-6.400,-8.071,-15.311,-17.341,-13.392,-7.232,2.662,12.941,16.936,19.262,15.725,14.029,8.566
8.555,3.646,1.135,-0.208,-0.708,-1.266,-3.783,-4.013,-4.798,-5.195,-8.336,-5.826,-7.656,-14.734,-16.614,-12.702,-6.777,3.112,13.316,17.398,19.696,16.158,14.463,9.078
8.892,4.056,1.536,0.217,-0.282,-0.825,-3.335,-3.510,-4.293,-4.710,-7.870,-5.436,-7.332,-14.350,-16.189,-12.281,-6.464,3.446,13.580,17.684,19.967,16.389,14.725,9.412
9.225,4.432,1.907,0.611,0.159,-0.359,-2.830,-3.056,-3.831,-4.271,-7.426,-5.167,-7.290,-14.153,-15.791,-11.885,-6.357,3.655,13.843,18.081,20.350,16.728,15.042,9.791
9.455,4.665,2.159,0.859,0.391,-0.122,-2.565,-2.790,-3.591,-4.057,-7.206,-4.919,-6.962,-13.845,-15.522,-11.614,-6.049,3.918,14.127,18.282,20.551,16.944,15.261,10.018
9.789,5.063,2.537,1.266,0.831,0.324,-2.142,-2.344,-3.097,-3.530,-6.678,-4.504,-6.717,-13.482,-15.048,-11.169,-5.778,4.221,14.302,18.586,20.833,17.199,15.537,10.355
10.008,5.335,2.791,1.540,1.112,0.617,-1.852,-2.011,-2.758,-3.204,-6.376,-4.280,-6.588,-13.302,-14.814,-10.930,-5.647,4.409,14.451,18.792,21.030,17.348,15.706,10.575
10.175,5.522,2.963,1.720,1.297,0.795,-1.710,-1.836,-2.552,-2.963,-6.138,-4.045,-6.383,-13.084,-14.602,-10.734,-5.447,4.599,14.541,18.925,21.156,17.473,15.850,10.727
10.314,5.680,3.107,1.868,1.428,0.920,-1.618,-1.683,-2.387,-2.785,-5.978,-3.852,-6.152,-12.891,-14.472,-10.605,-5.248,4.783,14.644,19.016,21.245,17.552,15.958,10.841
10.496,5.886,3.310,2.079,1.638,1.131,-1.412,-1.453,-2.151,-2.546,-5.742,-3.628,-5.936,-12.660,-14.242,-10.382,-5.040,4.981,14.793,19.168,21.391,17.692,16.112,11.016
10.732,6.168,3.583,2.374,1.967,1.477,-1.050,-1.105,-1.789,-2.191,-5.388,-3.406,-5.886,-12.492,-13.934,-10.081,-4.950,5.140,14.946,19.426,21.635,17.899,16.317,11.277
10.898,6.334,3.753,2.540,2.115,1.617,-0.926,-0.951,-1.631,-2.021,-5.216,-3.175,-5.571,-12.220,-13.736,-9.892,-4.664,5.368,15.113,19.542,21.750,18.034,16.469,11.420
11.070,6.501,3.914,2.703,2.304,1.797,-0.770,-0.820,-1.463,-1.806,-4.982,-2.964,-5.429,-12.032,-13.500,-9.680,-4.496,5.529,15.218,19.722,21.922,18.226,16.653,11.596
11.261,6.706,4.123,2.916,2.515,2.012,-0.547,-0.592,-1.237,-1.586,-4.760,-2.753,-5.220,-11.808,-13.271,-9.454,-4.289,5.726,15.401,19.897,22.093,18.396,16.828,11.787
11.388,6.822,4.244,3.034,2.641,2.140,-0.407,-0.479,-1.128,-1.481,-4.647,-2.651,-5.133,-11.708,-13.145,-9.327,-4.188,5.833,15.543,20.046,22.243,18.552,16.971,11.924
11.592,7.059,4.487,3.284,2.872,2.381,-0.143,-0.178,-0.853,-1.245,-4.426,-2.433,-4.870,-11.456,-12.921,-9.094,-3.953,6.059,15.772,20.213,22.408,18.698,17.135,12.122
11.790,7.281,4.719,3.522,3.104,2.626,0.136,0.106,-0.594,-1.026,-4.212,-2.247,-4.678,-11.247,-12.696,-8.861,-3.767,6.249,15.998,20.401,22.593,18.869,17.308,12.328
11.983,7.491,4.935,3.745,3.337,2.858,0.368,0.332,-0.352,-0.765,-3.934,-1.987,-4.439,-10.965,-12.391,-8.578,-3.522,6.457,16.146,20.563,22.745,19.038,17.483,12.520
12.146,7.678,5.120,3.937,3.524,3.052,0.570,0.558,-0.134,-0.566,-3.747,-1.822,-4.282,-10.800,-12.221,-8.403,-3.375,6.618,16.302,20.710,22.889,19.163,17.618,12.681
12.339,7.897,5.340,4.163,3.738,3.261,0.762,0.793,0.113,-0.303,-3.482,-1.526,-3.985,-10.461,-11.935,-8.135,-3.070,6.876,16.458,20.832,23.002,19.291,17.773,12.852
12.506,8.067,5.531,4.353,3.931,3.472,1.035,1.023,0.303,-0.169,-3.342,-1.432,-3.933,-10.439,-11.786,-7.958,-3.054,6.984,16.680,21.034,23.205,19.484,17.945,13.046
12.560,8.144,5.578,4.415,4.010,3.558,1.100,1.108,0.406,-0.063,-3.263,-1.430,-3.850,-10.346,-11.766,-7.950,-2.956,6.997,16.697,21.125,23.296,19.521,17.987,13.109
12.765,8.326,5.795,4.620,4.218,3.756,1.314,1.272,0.576,0.133,-3.017,-1.130,-3.594,-10.040,-11.414,-7.622,-2.678,7.252,16.911,21.290,23.452,19.755,18.208,13.311
12.909,8.483,5.956,4.785,4.386,3.934,1.518,1.467,0.755,0.285,-2.869,-1.019,-3.511,-9.932,-11.272,-7.470,-2.588,7.368,17.072,21.448,23.611,19.897,18.344,13.468
13.156,8.786,6.265,5.113,4.710,4.284,1.918,1.887,1.141,0.605,-2.566,-0.798,-3.333,-9.702,-10.985,-7.169,-2.414,7.581,17.330,21.684,23.839,20.081,18.538,13.731
13.317,8.948,6.423,5.274,4.891,4.465,2.092,2.038,1.312,0.799,-2.361,-0.629,-3.234,-9.557,-10.787,-6.983,-2.290,7.717,17.447,21.861,24.011,20.257,18.706,13.901
13.443,9.072,6.559,5.409,5.028,4.608,2.262,2.182,1.442,0.909,-2.242,-0.524,-3.125,-9.433,-10.642,-6.835,-2.174,7.830,17.606,21.999,24.149,20.400,18.838,14.039
13.666,9.292,6.814,5.662,5.293,4.888,2.612,2.460,1.687,1.113,-2.009,-0.333,-2.938,-9.188,-10.327,-6.525,-1.962,8.020,17.897,22.246,24.392,20.665,19.073,14.294
13.768,9.393,6.908,5.760,5.412,5.004,2.710,2.539,1.795,1.253,-1.856,-0.212,-2.890,-9.096,-10.186,-6.398,-1.889,8.102,17.939,22.360,24.500,20.779,19.181,14.400
13.888,9.512,7.036,5.886,5.541,5.134,2.851,2.665,1.918,1.375,-1.724,-0.081,-2.753,-8.946,-10.028,-6.246,-1.748,8.225,18.068,22.477,24.615,20.907,19.304,14.525
14.012,9.642,7.173,6.024,5.675,5.275,3.017,2.826,2.059,1.487,-1.617,0.013,-2.650,-8.842,-9.915,-6.123,-1.647,8.337,18.226,22.609,24.748,21.030,19.424,14.657
14.158,9.778,7.326,6.174,5.829,5.434,3.202,2.975,2.197,1.613,-1.472,0.153,-2.499,-8.672,-9.724,-5.937,-1.486,8.476,18.404,22.764,24.902,21.203,19.581,14.814
14.342,9.958,7.528,6.371,6.021,5.625,3.415,3.168,2.380,1.792,-1.270,0.383,-2.200,-8.374,-9.450,-5.677,-1.194,8.698,18.622,22.918,25.052,21.389,19.764,14.997
14.549,10.172,7.754,6.604,6.287,5.897,3.709,3.401,2.630,2.055,-0.976,0.605,-2.077,-8.153,-9.123,-5.372,-1.028,8.862,18.788,23.146,25.268,21.623,19.977,15.229
14.665,10.304,7.887,6.739,6.411,6.020,3.827,3.549,2.776,2.201,-0.834,0.767,-1.875,-7.966,-8.972,-5.226,-0.847,9.014,18.883,23.222,25.341,21.698,20.068,15.332
14.752,10.410,7.967,6.830,6.517,6.119,3.881,3.633,2.900,2.367,-0.678,0.890,-1.838,-7.901,-8.880,-5.145,-0.801,9.092,18.896,23.302,25.414,21.753,20.139,15.410
14.866,10.545,8.090,6.961,6.647,6.255,4.013,3.793,3.058,2.512,-0.553,0.985,-1.783,-7.838,-8.802,-5.056,-0.749,9.186,18.975,23.418,25.529,21.836,20.232,15.523
14.990,10.690,8.232,7.110,6.790,6.401,4.159,3.963,3.227,2.675,-0.397,1.134,-1.631,-7.683,-8.653,-4.909,-0.608,9.322,19.082,23.516,25.624,21.922,20.331,15.641
15.078,10.775,8.316,7.191,6.866,6.471,4.215,4.032,3.303,2.763,-0.308,1.248,-1.489,-7.559,-8.560,-4.820,-0.476,9.434,19.163,23.587,25.695,22.001,20.417,15.718
15.212,10.911,8.457,7.334,7.017,6.626,4.379,4.180,3.452,2.910,-0.154,1.382,-1.379,-7.424,-8.396,-4.660,-0.356,9.555,19.292,23.727,25.832,22.142,20.552,15.860
15.345,11.072,8.599,7.489,7.186,6.791,4.512,4.340,3.646,3.138,0.070,1.569,-1.267,-7.272,-8.213,-4.493,-0.237,9.687,19.329,23.839,25.934,22.232,20.658,15.985
15.463,11.183,8.717,7.604,7.308,6.908,4.623,4.434,3.754,3.268,0.218,1.727,-1.106,-7.098,-8.036,-4.332,-0.069,9.821,19.431,23.947,26.037,22.360,20.783,16.102
15.570,11.303,8.819,7.715,7.437,7.033,4.717,4.539,3.892,3.440,0.387,1.857,-1.063,-7.016,-7.911,-4.219,-0.010,9.908,19.454,24.056,26.140,22.451,20.881,16.207
15.708,11.450,8.980,7.875,7.581,7.182,4.891,4.720,4.049,3.569,0.516,2.008,-0.855,-6.849,-7.782,-4.050,0.164,10.074,19.639,24.168,26.252,22.569,21.004,16.342
15.803,11.571,9.082,7.985,7.676,7.290,5.004,4.886,4.189,3.662,0.564,2.024,-0.853,-6.825,-7.745,-4.049,0.179,10.134,19.750,24.279,26.371,22.623,21.073,16.437
15.885,11.657,9.151,8.061,7.766,7.378,5.069,4.954,4.280,3.775,0.672,2.100,-0.844,-6.816,-7.719,-3.990,0.189,10.188,19.776,24.378,26.469,22.706,21.156,16.521
15.945,11.717,9.206,8.114,7.813,7.420,5.095,5.000,4.332,3.838,0.730,2.179,-0.755,-6.747,-7.670,-3.942,0.267,10.268,19.824,24.423,26.514,22.752,21.212,16.570
16.131,11.894,9.403,8.307,8.012,7.611,5.260,5.136,4.499,4.041,0.968,2.441,-0.455,-6.426,-7.355,-3.655,0.572,10.492,20.005,24.579,26.662,22.950,21.403,16.754
16.184,11.923,9.426,8.322,8.025,7.612,5.293,5.166,4.511,4.064,0.995,2.516,-0.349,-6.355,-7.325,-3.633,0.673,10.572,20.048,24.629,26.715,23.023,21.477,16.795
16.311,12.053,9.555,8.453,8.156,7.745,5.400,5.276,4.634,4.190,1.117,2.628,-0.246,-6.248,-7.210,-3.513,0.777,10.688,20.180,24.763,26.849,23.149,21.602,16.925
16.520,12.274,9.796,8.692,8.377,7.980,5.683,5.561,4.875,4.373,1.295,2.810,0.003,-6.015,-6.998,-3.285,1.007,10.905,20.468,24.959,27.048,23.341,21.794,17.140
16.661,12.423,9.939,8.837,8.514,8.112,5.799,5.705,5.026,4.534,1.449,2.984,0.199,-5.838,-6.854,-3.143,1.188,11.072,20.591,25.074,27.162,23.454,21.921,17.268
16.877,12.632,10.191,9.079,8.735,8.345,6.102,5.973,5.240,4.690,1.626,3.198,0.543,-5.514,-6.567,-2.852,1.513,11.322,20.932,25.269,27.359,23.684,22.137,17.494
17.027,12.807,10.364,9.262,8.923,8.540,6.305,6.185,5.452,4.894,1.828,3.360,0.666,-5.356,-6.377,-2.665,1.639,11.460,21.055,25.408,27.492,23.803,22.263,17.647
17.207,12.999,10.554,9.455,9.119,8.732,6.483,6.376,5.660,5.120,2.058,3.591,0.890,-5.120,-6.144,-2.445,1.860,11.660,21.196,25.562,27.640,23.959,22.428,17.820
17.382,13.173,10.743,9.642,9.299,8.918,6.700,6.577,5.837,5.271,2.215,3.753,1.093,-4.920,-5.948,-2.246,2.058,11.839,21.421,25.735,27.814,24.141,22.603,18.001
17.525,13.309,10.881,9.778,9.443,9.060,6.838,6.700,5.969,5.414,2.367,3.901,1.226,-4.775,-5.789,-2.093,2.201,11.977,21.554,25.885,27.963,24.299,22.756,18.147
17.657,13.421,10.991,9.886,9.575,9.186,6.952,6.772,6.066,5.545,2.517,4.030,1.288,-4.674,-5.635,-1.953,2.296,12.081,21.651,26.051,28.126,24.479,22.918,18.291
17.836,13.590,11.187,10.075,9.755,9.371,7.180,6.967,6.232,5.682,2.673,4.208,1.541,-4.428,-5.404,-1.723,2.543,12.277,21.904,26.221,28.296,24.677,23.103,18.477
17.944,13.718,11.300,10.197,9.888,9.501,7.284,7.093,6.384,5.859,2.845,4.352,1.595,-4.317,-5.269,-1.598,2.628,12.382,21.940,26.317,28.386,24.755,23.193,18.580
18.052,13.845,11.406,10.314,10.021,9.635,7.391,7.218,6.535,6.031,3.005,4.460,1.624,-4.308,-5.183,-1.504,2.632,12.457,21.970,26.435,28.499,24.841,23.287,18.689
18.147,13.943,11.481,10.394,10.106,9.723,7.462,7.306,6.628,6.121,3.070,4.492,1.632,-4.270,-5.172,-1.496,2.656,12.506,22.042,26.567,28.637,24.939,23.386,18.788
18.263,14.063,11.576,10.496,10.226,9.833,7.523,7.382,6.748,6.291,3.236,4.634,1.647,-4.231,-5.075,-1.401,2.696,12.607,22.061,26.690,28.755,25.047,23.502,18.896
18.472,14.283,11.804,10.726,10.461,10.065,7.751,7.608,6.987,6.550,3.512,4.913,1.935,-3.919,-4.764,-1.111,2.983,12.846,22.241,26.865,28.921,25.237,23.698,19.101
18.618,14.432,11.945,10.868,10.599,10.197,7.864,7.743,7.133,6.710,3.667,5.087,2.123,-3.748,-4.619,-0.970,3.161,13.013,22.364,26.991,29.047,25.363,23.835,19.234
18.746,14.544,12.063,10.978,10.700,10.288,7.941,7.824,7.221,6.817,3.782,5.256,2.356,-3.550,-4.474,-0.834,3.379,13.184,22.501,27.096,29.153,25.495,23.972,19.349
18.929,14.752,12.279,11.199,10.908,10.499,8.163,8.072,7.459,7.043,4.009,5.495,2.646,-3.264,-4.220,-0.586,3.646,13.407,22.687,27.229,29.279,25.628,24.121,19.521
19.074,14.909,12.437,11.360,11.065,10.660,8.328,8.250,7.632,7.206,4.168,5.646,2.798,-3.108,-4.066,-0.430,3.793,13.555,22.830,27.362,29.412,25.752,24.251,19.665
19.224,15.071,12.582,11.513,11.235,10.822,8.455,8.390,7.809,7.424,4.387,5.841,2.922,-2.951,-3.879,-0.261,3.928,13.701,22.892,27.502,29.544,25.882,24.391,19.808
19.436,15.272,12.776,11.706,11.432,11.020,8.647,8.573,7.995,7.612,4.570,6.015,3.069,-2.806,-3.719,-0.093,4.085,13.889,23.106,27.743,29.788,26.118,24.619,20.025
19.618,15.415,12.941,11.856,11.589,11.157,8.770,8.651,8.099,7.770,4.775,6.291,3.419,-2.465,-3.416,0.173,4.440,14.132,23.286,27.896,29.936,26.343,24.833,20.197
19.878,15.668,13.208,12.117,11.835,11.395,9.009,8.897,8.340,8.018,5.035,6.610,3.834,-2.084,-3.100,0.477,4.832,14.452,23.572,28.113,30.153,26.593,25.089,20.443
20.195,15.990,13.557,12.463,12.176,11.729,9.354,9.231,8.680,8.376,5.429,7.049,4.362,-1.549,-2.606,0.938,5.343,14.845,23.890,28.360,30.387,26.885,25.388,20.748
20.624,16.447,14.039,12.950,12.659,12.215,9.864,9.741,9.187,8.881,5.960,7.586,4.956,-0.923,-1.992,1.524,5.922,15.330,24.310,28.715,30.728,27.262,25.777,21.169
20.930,16.725,14.334,13.243,13.000,12.558,10.229,9.995,9.465,9.188,6.316,7.871,5.120,-0.653,-1.585,1.905,6.156,15.567,24.592,29.089,31.093,27.666,26.134,21.514
21.117,16.907,14.508,13.420,13.201,12.758,10.343,10.158,9.649,9.394,6.529,8.040,5.198,-0.571,-1.523,1.988,6.266,15.711,24.722,29.309,31.311,27.873,26.336,21.713
21.197,17.013,14.551,13.473,13.230,12.775,10.419,10.217,9.738,9.510,6.573,8.112,5.243,-0.528,-1.394,2.089,6.268,15.807,24.734,29.369,31.380,27.880,26.381,21.751
21.531,17.386,14.930,13.862,13.605,13.167,10.771,10.674,10.162,9.880,6.926,8.433,5.580,-0.226,-1.176,2.350,6.586,16.138,25.085,29.679,31.688,28.150,26.672,22.088
21.955,17.682,15.269,14.164,13.959,13.489,11.088,10.797,10.335,10.159,7.312,8.887,6.042,0.279,-0.615,2.852,7.130,16.560,25.537,30.182,32.190,28.799,27.240,22.540
22.416,18.175,15.783,14.686,14.476,14.029,11.696,11.390,10.883,10.638,7.790,9.310,6.467,0.743,-0.107,3.373,7.554,16.995,26.059,30.643,32.649,29.239,27.674,23.023
23.047,18.829,16.518,15.420,15.199,14.808,12.677,12.258,11.616,11.189,8.367,9.795,7.020,1.371,0.624,4.140,8.122,17.552,26.940,31.319,33.326,29.913,28.296,23.726
23.302,19.040,16.675,15.567,15.344,14.923,12.681,12.320,11.731,11.382,8.523,10.019,7.214,1.471,0.650,4.179,8.309,17.810,27.119,31.609,33.632,30.194,28.593,23.949
24.093,19.761,17.459,16.327,16.113,15.731,13.657,13.112,12.405,11.912,9.081,10.512,7.719,2.009,1.316,4.902,8.877,18.451,28.199,32.578,34.625,31.190,29.488,24.830
25.017,20.676,18.426,17.285,17.066,16.708,14.742,14.116,13.339,12.760,9.958,11.366,8.638,2.959,2.307,5.904,9.807,19.348,29.272,33.528,35.577,32.164,30.426,25.791
26.711,22.263,20.047,18.879,18.682,18.414,16.709,15.824,14.826,13.942,11.086,12.258,9.322,3.682,3.344,7.128,10.626,20.601,31.446,35.684,37.802,34.227,32.317,27.668
