14.650,9.799,7.558,4.263,3.436,6.039,15.022,25.165,27.253,23.084,19.850,16.864,14.782,11.807,13.632,13.489,15.285,21.857,27.237,31.390,30.363,25.716,23.533,17.196
19.728,15.925,14.064,11.354,10.764,12.639,19.257,27.380,29.266,25.205,21.900,19.874,17.662,16.620,17.051,17.588,18.978,25.616,29.714,34.211,34.433,30.677,28.632,24.028
21.855,18.292,16.388,13.881,13.402,15.177,21.447,28.961,30.622,26.683,23.727,21.746,19.824,18.928,19.223,19.806,21.129,27.323,31.251,35.331,35.467,32.070,30.313,25.990
23.535,20.191,18.117,15.906,15.606,17.243,23.167,30.131,31.394,27.308,24.742,22.832,21.185,20.583,20.620,21.378,22.604,28.573,32.369,36.166,36.283,33.330,31.817,27.833
24.507,21.359,19.320,17.346,17.124,18.576,24.034,30.675,31.712,27.528,25.034,23.354,21.666,21.397,21.216,22.126,23.219,29.249,32.790,36.702,37.045,34.324,32.750,29.146
25.210,22.171,20.176,18.347,18.158,19.518,24.747,31.205,32.096,27.938,25.545,23.974,22.301,22.090,21.892,22.820,23.836,29.767,33.167,37.046,37.426,34.836,33.238,29.817
25.716,22.739,20.760,19.024,18.857,20.170,25.284,31.624,32.414,28.285,25.984,24.461,22.825,22.614,22.429,23.354,24.327,30.154,33.483,37.295,37.661,35.159,33.568,30.241
26.085,23.135,21.192,19.455,19.278,20.590,25.668,31.948,32.756,28.709,26.428,24.909,23.295,23.048,22.895,23.785,24.756,30.488,33.786,37.534,37.876,35.381,33.814,30.499
26.508,23.608,21.728,20.005,19.816,21.102,26.077,32.268,33.098,29.139,26.852,25.376,23.752,23.518,23.368,24.238,25.192,30.854,34.079,37.806,38.173,35.691,34.121,30.866
26.907,24.016,22.160,20.447,20.249,21.548,26.546,32.703,33.520,29.659,27.442,25.943,24.373,24.015,23.963,24.764,25.718,31.221,34.444,38.046,38.317,35.846,34.309,31.027
27.189,24.309,22.460,20.732,20.531,21.844,26.848,32.954,33.792,29.993,27.806,26.282,24.757,24.365,24.332,25.107,26.072,31.484,34.710,38.228,38.456,35.994,34.509,31.213
27.498,24.662,22.765,21.020,20.849,22.171,27.140,33.076,33.934,30.153,28.023,26.459,25.037,24.739,24.603,25.413,26.402,31.728,34.959,38.352,38.562,36.174,34.834,31.566
27.741,24.919,23.008,21.281,21.122,22.444,27.409,33.298,34.127,30.360,28.281,26.705,25.327,25.013,24.883,25.688,26.675,31.937,35.169,38.497,38.671,36.317,35.015,31.753
27.961,25.175,23.253,21.559,21.420,22.717,27.611,33.419,34.214,30.430,28.376,26.824,25.464,25.219,25.034,25.871,26.844,32.100,35.300,38.617,38.819,36.517,35.238,32.037
28.147,25.379,23.456,21.758,21.624,22.923,27.800,33.550,34.353,30.599,28.568,27.007,25.679,25.443,25.245,26.079,27.057,32.260,35.453,38.717,38.904,36.623,35.386,32.194
28.359,25.613,23.680,21.983,21.858,23.158,28.014,33.692,34.496,30.764,28.763,27.191,25.905,25.690,25.467,26.305,27.288,32.438,35.625,38.830,39.003,36.754,35.570,32.392
28.460,25.743,23.824,22.162,22.045,23.316,28.098,33.735,34.510,30.769,28.772,27.239,25.939,25.767,25.519,26.375,27.337,32.497,35.641,38.872,39.082,36.861,35.658,32.537
28.674,25.956,24.029,22.377,22.264,23.543,28.350,33.974,34.724,31.005,29.055,27.502,26.239,26.015,25.804,26.639,27.601,32.696,35.852,39.020,39.179,36.973,35.795,32.658
28.825,26.124,24.179,22.560,22.464,23.728,28.505,34.091,34.797,31.053,29.136,27.594,26.348,26.152,25.919,26.773,27.723,32.811,35.956,39.111,39.272,37.106,35.939,32.835
28.996,26.301,24.320,22.699,22.619,23.893,28.687,34.225,34.920,31.170,29.296,27.724,26.532,26.349,26.091,26.954,27.917,32.963,36.129,39.218,39.348,37.214,36.110,32.998
29.118,26.427,24.475,22.855,22.765,24.033,28.811,34.357,35.062,31.339,29.451,27.894,26.683,26.479,26.245,27.092,28.048,33.085,36.233,39.334,39.470,37.322,36.193,33.087
29.265,26.575,24.619,22.991,22.901,24.179,28.969,34.497,35.208,31.506,29.634,28.061,26.873,26.654,26.427,27.264,28.227,33.227,36.384,39.445,39.557,37.415,36.312,33.195
29.400,26.713,24.770,23.132,23.035,24.317,29.107,34.625,35.356,31.685,29.810,28.234,27.049,26.813,26.600,27.422,28.389,33.362,36.514,39.558,39.661,37.510,36.414,33.290
29.499,26.823,24.876,23.253,23.163,24.437,29.208,34.704,35.415,31.737,29.879,28.309,27.133,26.909,26.686,27.516,28.477,33.442,36.585,39.621,39.726,37.594,36.503,33.398
29.601,26.937,25.010,23.406,23.314,24.569,29.295,34.790,35.490,31.809,29.935,28.397,27.192,26.987,26.760,27.596,28.541,33.529,36.642,39.718,39.855,37.725,36.599,33.526
29.756,27.085,25.173,23.573,23.473,24.730,29.472,34.991,35.685,32.027,30.161,28.622,27.413,27.157,26.975,27.786,28.727,33.690,36.803,39.868,39.983,37.840,36.698,33.610
29.845,27.183,25.293,23.684,23.574,24.831,29.553,35.055,35.775,32.150,30.269,28.738,27.521,27.264,27.087,27.887,28.829,33.774,36.871,39.934,40.056,37.904,36.761,33.679
29.951,27.289,25.398,23.794,23.686,24.942,29.667,35.170,35.881,32.256,30.385,28.853,27.641,27.373,27.204,28.001,28.941,33.877,36.975,40.029,40.143,37.995,36.852,33.770
30.099,27.434,25.552,23.937,23.821,25.083,29.818,35.327,36.055,32.452,30.573,29.036,27.822,27.537,27.382,28.166,29.111,34.034,37.134,40.181,40.287,38.126,36.984,33.890
30.215,27.549,25.672,24.069,23.953,25.209,29.937,35.458,36.171,32.559,30.682,29.155,27.930,27.640,27.494,28.278,29.215,34.148,37.242,40.304,40.414,38.254,37.094,34.006
30.339,27.674,25.788,24.184,24.072,25.331,30.065,35.576,36.286,32.674,30.807,29.272,28.062,27.771,27.621,28.406,29.347,34.267,37.367,40.412,40.513,38.360,37.214,34.123
30.456,27.794,25.915,24.317,24.204,25.455,30.172,35.689,36.397,32.775,30.895,29.375,28.146,27.871,27.713,28.505,29.440,34.385,37.473,40.547,40.669,38.513,37.348,34.270
30.569,27.913,26.048,24.446,24.328,25.581,30.291,35.793,36.511,32.921,31.046,29.524,28.303,28.009,27.867,28.644,29.579,34.489,37.570,40.620,40.730,38.573,37.415,34.337
30.650,28.001,26.124,24.535,24.426,25.672,30.367,35.850,36.551,32.942,31.078,29.561,28.346,28.077,27.914,28.706,29.637,34.556,37.632,40.683,40.801,38.662,37.512,34.450
30.738,28.093,26.212,24.623,24.517,25.765,30.462,35.927,36.626,33.026,31.175,29.651,28.452,28.179,28.016,28.806,29.739,34.635,37.714,40.741,40.847,38.717,37.583,34.520
30.851,28.220,26.350,24.759,24.651,25.893,30.562,36.001,36.713,33.127,31.268,29.754,28.552,28.300,28.122,28.914,29.846,34.737,37.799,40.827,40.948,38.821,37.693,34.646
30.978,28.340,26.473,24.881,24.769,26.020,30.714,36.162,36.870,33.307,31.466,29.939,28.751,28.452,28.310,29.080,30.015,34.866,37.938,40.933,41.021,38.890,37.767,34.701
31.106,28.468,26.590,25.013,24.907,26.157,30.858,36.306,36.988,33.416,31.600,30.069,28.894,28.580,28.449,29.218,30.148,34.985,38.062,41.040,41.110,38.992,37.873,34.806
31.195,28.563,26.683,25.112,25.010,26.258,30.953,36.380,37.054,33.490,31.690,30.157,28.996,28.679,28.550,29.316,30.246,35.059,38.133,41.089,41.150,39.044,37.938,34.876
31.293,28.660,26.781,25.227,25.127,26.369,31.062,36.501,37.151,33.580,31.792,30.266,29.101,28.768,28.655,29.418,30.339,35.151,38.222,41.182,41.237,39.136,38.014,34.957
31.377,28.751,26.868,25.314,25.217,26.457,31.139,36.560,37.211,33.635,31.847,30.322,29.162,28.851,28.719,29.491,30.413,35.229,38.296,41.256,41.319,39.227,38.114,35.067
31.478,28.860,26.977,25.431,25.337,26.575,31.246,36.646,37.290,33.724,31.951,30.427,29.279,28.964,28.835,29.603,30.523,35.314,38.376,41.314,41.368,39.288,38.186,35.146
31.625,29.001,27.119,25.578,25.483,26.723,31.410,36.826,37.456,33.895,32.135,30.607,29.462,29.116,29.013,29.769,30.687,35.463,38.530,41.458,41.493,39.411,38.303,35.252
31.719,29.099,27.204,25.673,25.586,26.821,31.499,36.902,37.518,33.936,32.183,30.658,29.518,29.196,29.072,29.844,30.759,35.547,38.614,41.544,41.587,39.520,38.418,35.380
31.791,29.184,27.291,25.759,25.675,26.905,31.556,36.929,37.553,33.974,32.217,30.698,29.561,29.270,29.120,29.903,30.817,35.606,38.660,41.591,41.650,39.593,38.502,35.482
31.933,29.319,27.409,25.881,25.803,27.039,31.713,37.091,37.698,34.107,32.371,30.838,29.719,29.414,29.271,30.053,30.970,35.749,38.820,41.730,41.768,39.719,38.642,35.609
32.041,29.420,27.504,25.976,25.899,27.139,31.834,37.223,37.824,34.233,32.508,30.965,29.853,29.527,29.399,30.174,31.094,35.862,38.944,41.842,41.863,39.812,38.737,35.691
32.152,29.534,27.617,26.081,26.004,27.249,31.947,37.319,37.931,34.353,32.632,31.081,29.983,29.656,29.525,30.297,31.222,35.971,39.055,41.932,41.944,39.896,38.840,35.789
32.248,29.642,27.715,26.204,26.137,27.374,32.054,37.401,37.978,34.392,32.702,31.157,30.075,29.750,29.618,30.394,31.310,36.039,39.116,41.973,41.977,39.956,38.907,35.876
32.391,29.779,27.841,26.320,26.254,27.503,32.209,37.551,38.133,34.554,32.880,31.313,30.255,29.914,29.787,30.557,31.483,36.186,39.281,42.103,42.082,40.063,39.041,35.990
32.522,29.908,27.943,26.416,26.360,27.620,32.353,37.673,38.251,34.669,33.023,31.429,30.408,30.065,29.929,30.702,31.638,36.313,39.430,42.206,42.156,40.153,39.173,36.106
32.643,30.026,28.067,26.534,26.473,27.739,32.484,37.809,38.395,34.832,33.189,31.588,30.572,30.203,30.087,30.845,31.785,36.438,39.559,42.319,42.253,40.243,39.266,36.186
32.705,30.090,28.145,26.615,26.549,27.811,32.544,37.874,38.462,34.907,33.256,31.666,30.637,30.263,30.156,30.909,31.844,36.499,39.609,42.380,42.322,40.306,39.313,36.240
32.788,30.181,28.247,26.719,26.651,27.909,32.625,37.941,38.533,34.994,33.342,31.759,30.728,30.355,30.249,30.999,31.931,36.573,39.671,42.439,42.384,40.369,39.376,36.312
32.892,30.284,28.368,26.832,26.755,28.015,32.730,38.051,38.659,35.144,33.481,31.901,30.862,30.472,30.383,31.118,32.051,36.681,39.773,42.540,42.484,40.456,39.454,36.385
33.021,30.410,28.498,26.964,26.884,28.143,32.860,38.194,38.800,35.285,33.617,32.041,30.993,30.596,30.515,31.247,32.178,36.815,39.905,42.683,42.628,40.594,39.581,36.510
33.141,30.533,28.616,27.080,27.003,28.266,32.991,38.310,38.916,35.412,33.761,32.174,31.144,30.735,30.660,31.386,32.321,36.929,40.025,42.773,42.700,40.673,39.679,36.602
33.237,30.624,28.714,27.181,27.100,28.362,33.092,38.432,39.033,35.530,33.875,32.292,31.252,30.826,30.768,31.487,32.418,37.031,40.126,42.886,42.811,40.776,39.764,36.683
33.353,30.736,28.830,27.298,27.214,28.475,33.205,38.560,39.162,35.654,33.988,32.411,31.358,30.931,30.877,31.596,32.525,37.154,40.248,43.025,42.958,40.915,39.888,36.808
33.418,30.806,28.888,27.358,27.281,28.540,33.262,38.598,39.195,35.673,34.013,32.435,31.391,30.990,30.912,31.645,32.575,37.210,40.305,43.078,43.018,40.988,39.976,36.905
33.531,30.922,29.018,27.474,27.389,28.652,33.371,38.700,39.323,35.830,34.157,32.577,31.531,31.124,31.051,31.773,32.708,37.328,40.417,43.183,43.123,41.082,40.074,36.997
33.587,30.984,29.076,27.544,27.465,28.722,33.429,38.746,39.352,35.850,34.189,32.614,31.573,31.174,31.095,31.823,32.753,37.371,40.455,43.218,43.159,41.131,40.125,37.061
33.682,31.080,29.179,27.651,27.570,28.824,33.526,38.845,39.448,35.952,34.292,32.721,31.677,31.270,31.199,31.923,32.850,37.462,40.541,43.305,43.246,41.217,40.204,37.143
33.764,31.172,29.278,27.751,27.670,28.918,33.599,38.901,39.510,36.020,34.354,32.792,31.743,31.352,31.271,31.998,32.922,37.536,40.602,43.372,43.325,41.300,40.286,37.238
33.900,31.303,29.385,27.858,27.786,29.040,33.740,39.037,39.635,36.125,34.475,32.898,31.869,31.486,31.391,32.129,33.058,37.672,40.756,43.509,43.450,41.437,40.445,37.389
34.008,31.414,29.505,27.973,27.897,29.149,33.836,39.131,39.742,36.235,34.571,33.001,31.961,31.591,31.487,32.228,33.157,37.782,40.858,43.625,43.582,41.563,40.565,37.515
34.088,31.501,29.595,28.059,27.983,29.236,33.917,39.190,39.810,36.321,34.661,33.088,32.058,31.688,31.583,32.319,33.251,37.854,40.925,43.674,43.625,41.610,40.626,37.579
34.244,31.656,29.728,28.197,28.131,29.389,34.083,39.343,39.945,36.443,34.808,33.221,32.217,31.848,31.735,32.478,33.413,38.001,41.087,43.807,43.740,41.743,40.785,37.732
34.343,31.760,29.856,28.326,28.251,29.500,34.168,39.437,40.050,36.557,34.896,33.330,32.297,31.936,31.826,32.566,33.494,38.103,41.168,43.923,43.882,41.872,40.884,37.846
34.492,31.902,29.999,28.468,28.391,29.643,34.326,39.610,40.222,36.732,35.073,33.503,32.469,32.088,31.994,32.726,33.655,38.259,41.330,44.082,44.031,42.014,41.021,37.972
34.636,32.046,30.144,28.614,28.537,29.785,34.459,39.749,40.362,36.861,35.191,33.629,32.583,32.218,32.113,32.853,33.780,38.405,41.473,44.246,44.210,42.190,41.188,38.146
34.761,32.181,30.313,28.774,28.684,29.923,34.559,39.848,40.492,37.012,35.302,33.765,32.683,32.338,32.226,32.965,33.886,38.534,41.573,44.387,44.389,42.350,41.319,38.296
34.954,32.372,30.516,28.989,28.894,30.127,34.759,40.070,40.702,37.227,35.514,33.989,32.891,32.524,32.437,33.165,34.078,38.728,41.758,44.587,44.589,42.543,41.485,38.464
35.121,32.529,30.683,29.159,29.058,30.291,34.937,40.281,40.907,37.435,35.718,34.197,33.084,32.686,32.629,33.344,34.253,38.907,41.938,44.781,44.776,42.715,41.632,38.601
35.276,32.677,30.826,29.307,29.207,30.436,35.081,40.449,41.067,37.564,35.834,34.321,33.189,32.809,32.740,33.469,34.374,39.072,42.105,44.986,45.001,42.936,41.831,38.805
35.425,32.823,30.989,29.473,29.366,30.591,35.233,40.624,41.242,37.750,36.008,34.506,33.356,32.954,32.909,33.626,34.526,39.227,42.251,45.150,45.168,43.089,41.958,38.931
35.598,32.993,31.136,29.636,29.540,30.764,35.418,40.808,41.395,37.875,36.159,34.651,33.516,33.115,33.067,33.793,34.690,39.392,42.428,45.315,45.321,43.260,42.138,39.111
35.726,33.138,31.278,29.765,29.673,30.897,35.525,40.863,41.474,37.963,36.242,34.731,33.611,33.257,33.165,33.907,34.811,39.506,42.534,45.405,45.427,43.380,42.292,39.281
35.959,33.364,31.531,29.986,29.876,31.116,35.765,41.114,41.774,38.321,36.581,35.057,33.935,33.536,33.479,34.187,35.104,39.759,42.791,45.639,45.641,43.561,42.478,39.437
36.213,33.605,31.775,30.213,30.094,31.354,36.050,41.414,42.088,38.674,36.951,35.399,34.300,33.834,33.826,34.500,35.428,40.028,43.081,45.879,45.831,43.736,42.670,39.589
36.350,33.745,31.925,30.377,30.256,31.505,36.181,41.553,42.215,38.791,37.061,35.527,34.408,33.951,33.943,34.622,35.540,40.160,43.198,46.024,45.995,43.899,42.809,39.744
36.542,33.935,32.096,30.533,30.418,31.680,36.380,41.732,42.404,38.985,37.271,35.712,34.624,34.166,34.148,34.827,35.758,40.353,43.411,46.196,46.144,44.057,43.006,39.924
36.765,34.154,32.282,30.711,30.606,31.886,36.622,41.946,42.613,39.195,37.518,35.923,34.886,34.420,34.394,35.073,36.019,40.570,43.659,46.378,46.284,44.217,43.223,40.118
36.959,34.347,32.490,30.907,30.793,32.081,36.830,42.154,42.839,39.458,37.785,36.180,35.151,34.647,34.650,35.306,36.257,40.768,43.858,46.549,46.434,44.355,43.368,40.246
37.189,34.568,32.726,31.146,31.024,32.305,37.049,42.413,43.100,39.707,38.005,36.419,35.352,34.848,34.861,35.517,36.460,41.015,44.096,46.840,46.748,44.649,43.618,40.500
37.420,34.791,32.957,31.375,31.248,32.531,37.289,42.678,43.366,39.980,38.275,36.688,35.613,35.081,35.118,35.761,36.704,41.257,44.342,47.090,46.990,44.877,43.831,40.701
37.640,35.008,33.185,31.605,31.472,32.753,37.509,42.919,43.608,40.224,38.506,36.929,35.835,35.293,35.344,35.982,36.920,41.485,44.564,47.333,47.240,45.115,44.047,40.916
37.913,35.282,33.446,31.879,31.755,33.024,37.761,43.177,43.847,40.417,38.688,37.126,36.016,35.521,35.536,36.204,37.135,41.756,44.831,47.644,47.585,45.470,44.386,41.277
38.153,35.530,33.702,32.136,32.011,33.281,38.014,43.407,44.079,40.677,38.965,37.398,36.305,35.790,35.820,36.473,37.405,41.983,45.052,47.831,47.752,45.644,44.575,41.466
38.512,35.879,34.025,32.452,32.333,33.617,38.386,43.781,44.448,41.036,39.343,37.751,36.684,36.158,36.188,36.842,37.784,42.349,45.445,48.193,48.088,45.986,44.945,41.813
38.719,36.117,34.297,32.695,32.565,33.851,38.572,43.885,44.615,41.281,39.574,37.983,36.932,36.429,36.438,37.078,38.031,42.531,45.597,48.300,48.203,46.101,45.104,41.988
39.149,36.520,34.629,32.999,32.888,34.214,39.036,44.342,45.068,41.710,40.058,38.390,37.421,36.895,36.893,37.538,38.523,42.980,46.123,48.729,48.558,46.475,45.568,42.387
39.515,36.885,35.029,33.414,33.291,34.593,39.372,44.730,45.453,42.071,40.364,38.747,37.703,37.201,37.199,37.854,38.819,43.360,46.468,49.181,49.073,46.964,45.974,42.825
39.921,37.303,35.469,33.882,33.758,35.036,39.765,45.129,45.830,42.437,40.715,39.138,38.057,37.572,37.571,38.233,39.177,43.750,46.824,49.588,49.517,47.410,46.372,43.261
40.526,37.869,35.984,34.458,34.355,35.613,40.383,45.875,46.465,42.920,41.207,39.652,38.523,38.042,38.048,38.753,39.669,44.387,47.490,50.371,50.323,48.223,47.094,43.985
41.168,38.499,36.607,35.120,35.023,36.266,41.040,46.586,47.116,43.524,41.822,40.288,39.133,38.633,38.665,39.374,40.271,45.030,48.132,51.058,51.014,48.919,47.736,44.637
41.821,39.150,37.273,35.840,35.748,36.934,41.623,47.259,47.736,44.012,42.226,40.787,39.502,39.114,39.087,39.866,40.718,45.699,48.749,51.903,52.001,49.893,48.563,45.545
42.708,40.036,38.056,36.670,36.631,37.797,42.476,48.099,48.482,44.578,42.821,41.385,40.118,39.877,39.720,40.605,41.448,46.568,49.648,52.865,53.016,50.981,49.671,46.699
44.367,41.675,39.666,38.274,38.251,39.348,43.899,49.663,50.076,45.866,43.849,42.544,41.039,41.187,40.745,41.841,42.656,48.323,51.361,55.057,55.556,53.469,51.971,49.120
