1.696,-3.975,-6.040,-7.947,-9.811,-9.571,-12.254,-12.660,-13.197,-10.813,-12.879,-12.983,-14.313,-18.872,-18.709,-15.467,-7.425,-0.221,10.003,8.217,10.707,8.712,10.032,7.857
3.762,-1.284,-3.011,-5.222,-6.985,-7.067,-9.858,-10.204,-10.738,-8.263,-10.355,-10.312,-11.910,-16.547,-16.482,-12.360,-5.059,3.234,13.322,12.048,13.117,10.532,12.162,9.974
5.744,1.361,-0.166,-2.325,-4.230,-4.571,-7.451,-7.821,-8.247,-5.834,-7.904,-7.609,-9.384,-14.015,-13.974,-9.257,-2.830,6.399,15.610,15.442,14.989,12.216,14.066,11.888
6.914,2.818,1.356,-0.735,-2.722,-3.187,-6.115,-6.481,-6.835,-4.447,-6.524,-6.131,-7.972,-12.601,-12.549,-7.607,-1.560,8.045,16.828,17.168,16.013,13.211,15.153,13.006
8.365,4.257,2.855,0.709,-1.126,-1.481,-4.260,-4.646,-5.084,-2.775,-4.734,-4.383,-6.141,-10.608,-10.609,-5.897,0.142,9.274,18.068,18.075,17.435,14.637,16.466,14.319
9.280,5.207,3.846,1.663,-0.038,-0.438,-3.187,-3.479,-3.899,-1.543,-3.538,-3.296,-5.035,-9.450,-9.435,-4.783,1.245,10.125,19.070,18.750,18.142,15.333,17.153,15.112
10.204,6.055,4.692,2.502,0.923,0.574,-2.095,-2.342,-2.782,-0.429,-2.407,-2.271,-3.936,-8.261,-8.240,-3.817,2.318,10.742,19.831,19.112,18.899,16.156,17.894,15.918
10.809,6.799,5.451,3.336,1.691,1.294,-1.393,-1.649,-2.043,0.277,-1.696,-1.501,-3.185,-7.496,-7.461,-2.971,2.968,11.542,20.336,19.925,19.377,16.670,18.438,16.480
11.440,7.471,6.107,4.073,2.428,2.007,-0.671,-0.890,-1.235,1.077,-0.915,-0.751,-2.407,-6.678,-6.608,-2.207,3.679,12.110,20.779,20.375,19.756,17.151,18.902,17.016
11.975,7.975,6.625,4.565,2.973,2.609,-0.012,-0.248,-0.634,1.647,-0.296,-0.146,-1.768,-5.983,-5.938,-1.632,4.283,12.532,21.234,20.688,20.319,17.714,19.416,17.516
12.591,8.611,7.266,5.237,3.680,3.318,0.729,0.516,0.143,2.411,0.475,0.592,-1.000,-5.164,-5.106,-0.892,4.996,13.070,21.722,21.098,20.782,18.231,19.904,18.050
13.087,9.081,7.736,5.705,4.178,3.849,1.294,1.077,0.687,2.938,1.025,1.126,-0.439,-4.568,-4.518,-0.382,5.534,13.469,22.135,21.416,21.258,18.728,20.367,18.516
13.288,9.331,7.987,5.979,4.412,4.055,1.476,1.254,0.884,3.134,1.211,1.341,-0.244,-4.390,-4.333,-0.135,5.715,13.775,22.350,21.777,21.446,18.916,20.581,18.728
13.612,9.662,8.284,6.353,4.765,4.376,1.779,1.596,1.281,3.545,1.579,1.677,0.106,-4.038,-3.938,0.202,6.050,14.035,22.547,21.988,21.561,19.124,20.787,18.999
14.095,10.138,8.762,6.856,5.277,4.946,2.405,2.188,1.848,4.055,2.148,2.260,0.730,-3.350,-3.265,0.763,6.593,14.418,22.823,22.258,22.016,19.628,21.238,19.434
14.513,10.713,9.373,7.500,5.886,5.479,2.908,2.703,2.408,4.611,2.690,2.845,1.277,-2.805,-2.711,1.443,7.072,15.094,23.292,22.975,22.339,19.933,21.597,19.820
14.834,11.015,9.665,7.818,6.206,5.833,3.291,3.074,2.771,4.946,3.050,3.203,1.663,-2.384,-2.291,1.779,7.419,15.324,23.471,23.132,22.618,20.258,21.887,20.110
15.052,11.235,9.898,8.032,6.435,6.080,3.556,3.326,3.003,5.165,3.292,3.453,1.917,-2.114,-2.036,2.027,7.659,15.542,23.688,23.331,22.879,20.501,22.120,20.327
15.284,11.489,10.166,8.288,6.708,6.342,3.822,3.600,3.278,5.444,3.570,3.725,2.185,-1.839,-1.764,2.313,7.921,15.803,23.955,23.580,23.099,20.705,22.329,20.545
15.553,11.846,10.521,8.715,7.066,6.676,4.142,3.901,3.613,5.746,3.880,4.089,2.541,-1.476,-1.388,2.722,8.198,16.192,24.100,23.987,23.280,20.933,22.574,20.793
15.753,12.059,10.744,8.935,7.285,6.908,4.389,4.131,3.831,5.945,4.101,4.327,2.782,-1.220,-1.143,2.963,8.414,16.409,24.274,24.191,23.506,21.153,22.786,20.989
15.925,12.263,10.936,9.169,7.494,7.089,4.551,4.308,4.041,6.159,4.294,4.520,2.971,-1.036,-0.939,3.175,8.587,16.609,24.401,24.395,23.582,21.266,22.911,21.142
16.275,12.611,11.285,9.537,7.870,7.496,4.992,4.734,4.456,6.542,4.709,4.939,3.415,-0.550,-0.460,3.581,8.980,16.894,24.620,24.602,23.895,21.614,23.227,21.455
16.574,12.928,11.601,9.883,8.210,7.849,5.363,5.096,4.821,6.883,5.068,5.306,3.798,-0.139,-0.047,3.950,9.315,17.172,24.809,24.827,24.137,21.892,23.486,21.721
16.824,13.239,11.904,10.242,8.544,8.134,5.624,5.387,5.162,7.233,5.385,5.617,4.103,0.164,0.286,4.297,9.590,17.478,25.009,25.124,24.228,22.031,23.646,21.930
16.993,13.415,12.094,10.414,8.732,8.333,5.838,5.593,5.353,7.415,5.584,5.821,4.309,0.384,0.493,4.503,9.784,17.656,25.189,25.284,24.429,22.213,23.821,22.095
17.208,13.689,12.370,10.731,9.015,8.592,6.086,5.840,5.625,7.675,5.841,6.102,4.583,0.662,0.782,4.816,10.014,17.948,25.346,25.582,24.570,22.380,24.002,22.289
17.384,13.863,12.566,10.890,9.214,8.807,6.325,6.076,5.837,7.881,6.068,6.320,4.806,0.906,1.008,5.032,10.233,18.114,25.562,25.711,24.791,22.567,24.178,22.456
17.533,14.028,12.752,11.051,9.386,8.995,6.532,6.263,6.000,8.026,6.242,6.514,4.999,1.113,1.195,5.232,10.405,18.299,25.728,25.891,25.007,22.750,24.356,22.609
17.684,14.165,12.889,11.184,9.541,9.155,6.701,6.443,6.178,8.209,6.423,6.674,5.169,1.294,1.378,5.384,10.578,18.403,25.868,25.959,25.131,22.881,24.477,22.743
17.858,14.331,13.074,11.327,9.734,9.351,6.913,6.670,6.388,8.431,6.647,6.872,5.370,1.507,1.581,5.580,10.794,18.556,26.115,26.078,25.326,23.041,24.631,22.905
18.216,14.745,13.480,11.809,10.188,9.796,7.369,7.127,6.878,8.889,7.114,7.351,5.867,2.042,2.134,6.080,11.207,18.914,26.282,26.362,25.520,23.315,24.892,23.197
18.279,14.798,13.543,11.841,10.250,9.849,7.420,7.195,6.941,8.973,7.186,7.401,5.911,2.079,2.169,6.129,11.281,18.975,26.432,26.424,25.601,23.366,24.949,23.263
18.374,14.892,13.659,11.912,10.350,9.958,7.541,7.310,7.030,9.064,7.292,7.507,6.012,2.184,2.255,6.238,11.393,19.094,26.609,26.547,25.777,23.491,25.075,23.371
18.428,14.957,13.731,11.971,10.407,10.009,7.585,7.352,7.069,9.106,7.333,7.557,6.052,2.215,2.282,6.297,11.440,19.190,26.710,26.669,25.864,23.556,25.151,23.439
18.652,15.179,13.959,12.206,10.632,10.280,7.891,7.616,7.307,9.297,7.575,7.832,6.345,2.542,2.589,6.558,11.681,19.386,26.819,26.826,26.135,23.840,25.405,23.657
18.781,15.339,14.136,12.369,10.821,10.447,8.058,7.803,7.499,9.502,7.771,8.013,6.520,2.723,2.770,6.761,11.853,19.555,27.005,26.978,26.234,23.918,25.493,23.765
18.896,15.445,14.241,12.474,10.926,10.564,8.181,7.919,7.609,9.605,7.883,8.127,6.639,2.848,2.892,6.868,11.967,19.651,27.097,27.065,26.357,24.046,25.614,23.880
19.009,15.579,14.378,12.625,11.058,10.705,8.331,8.048,7.734,9.707,8.005,8.276,6.789,3.010,3.047,7.024,12.084,19.792,27.155,27.205,26.481,24.178,25.741,23.991
19.126,15.717,14.523,12.770,11.218,10.843,8.463,8.203,7.903,9.891,8.172,8.425,6.934,3.156,3.202,7.188,12.231,19.927,27.305,27.326,26.544,24.239,25.811,24.087
19.238,15.839,14.664,12.882,11.352,10.980,8.609,8.346,8.031,10.017,8.310,8.565,7.070,3.298,3.331,7.335,12.366,20.067,27.469,27.462,26.701,24.361,25.935,24.201
19.315,15.920,14.741,12.968,11.440,11.050,8.669,8.424,8.124,10.125,8.398,8.638,7.141,3.363,3.407,7.414,12.446,20.143,27.558,27.536,26.729,24.399,25.980,24.268
19.476,16.114,14.937,13.186,11.652,11.247,8.865,8.629,8.345,10.342,8.610,8.852,7.355,3.586,3.639,7.644,12.634,20.328,27.683,27.701,26.824,24.513,26.098,24.404
19.588,16.263,15.098,13.351,11.798,11.391,9.009,8.754,8.468,10.447,8.732,9.005,7.500,3.735,3.778,7.817,12.750,20.514,27.789,27.908,26.963,24.640,26.232,24.521
19.721,16.416,15.252,13.521,11.957,11.544,9.161,8.905,8.627,10.600,8.886,9.166,7.660,3.900,3.947,7.989,12.893,20.669,27.894,28.058,27.066,24.755,26.350,24.644
19.863,16.564,15.390,13.685,12.106,11.695,9.313,9.054,8.785,10.749,9.036,9.322,7.823,4.069,4.123,8.144,13.035,20.798,27.970,28.173,27.167,24.886,26.474,24.774
19.973,16.676,15.501,13.799,12.219,11.805,9.421,9.165,8.899,10.865,9.149,9.433,7.933,4.179,4.235,8.256,13.146,20.908,28.077,28.282,27.266,24.988,26.578,24.882
20.083,16.804,15.629,13.940,12.345,11.923,9.533,9.274,9.015,10.976,9.260,9.556,8.052,4.295,4.354,8.389,13.253,21.051,28.175,28.437,27.366,25.093,26.689,24.991
20.150,16.873,15.701,14.008,12.410,11.992,9.603,9.338,9.076,11.033,9.322,9.624,8.119,4.362,4.417,8.458,13.317,21.127,28.245,28.520,27.450,25.171,26.768,25.063
20.329,17.078,15.900,14.240,12.635,12.197,9.803,9.555,9.317,11.276,9.551,9.845,8.343,4.594,4.665,8.692,13.520,21.310,28.372,28.675,27.531,25.287,26.886,25.211
20.449,17.188,16.025,14.335,12.762,12.339,9.965,9.713,9.455,11.410,9.701,9.987,8.491,4.756,4.814,8.828,13.668,21.409,28.519,28.747,27.690,25.421,27.009,25.326
20.581,17.304,16.140,14.447,12.882,12.480,10.122,9.861,9.589,11.533,9.840,10.125,8.640,4.920,4.970,8.953,13.809,21.500,28.614,28.812,27.837,25.574,27.145,25.453
20.687,17.412,16.248,14.556,12.981,12.587,10.231,9.957,9.680,11.614,9.931,10.230,8.745,5.025,5.070,9.057,13.906,21.617,28.708,28.939,27.970,25.704,27.274,25.569
20.798,17.537,16.386,14.679,13.117,12.721,10.369,10.097,9.814,11.749,10.070,10.369,8.880,5.166,5.205,9.206,14.037,21.753,28.850,29.069,28.093,25.807,27.381,25.675
20.954,17.697,16.547,14.843,13.288,12.889,10.539,10.273,9.994,11.930,10.250,10.542,9.056,5.346,5.388,9.380,14.208,21.902,28.999,29.202,28.225,25.945,27.517,25.820
21.005,17.780,16.627,14.942,13.360,12.925,10.546,10.293,10.040,11.991,10.284,10.583,9.079,5.346,5.403,9.446,14.238,22.027,29.084,29.374,28.235,25.959,27.558,25.876
21.131,17.886,16.730,15.041,13.465,13.047,10.679,10.418,10.155,12.098,10.402,10.701,9.205,5.480,5.531,9.548,14.363,22.113,29.184,29.445,28.381,26.109,27.695,26.005
21.324,18.084,16.921,15.255,13.675,13.258,10.895,10.638,10.384,12.321,10.625,10.918,9.432,5.719,5.777,9.766,14.571,22.281,29.315,29.583,28.518,26.275,27.853,26.175
21.407,18.178,17.012,15.357,13.772,13.336,10.961,10.717,10.479,12.427,10.713,11.000,9.509,5.787,5.856,9.857,14.653,22.380,29.410,29.689,28.561,26.325,27.913,26.252
21.482,18.245,17.078,15.419,13.829,13.403,11.031,10.777,10.531,12.473,10.768,11.063,9.572,5.850,5.914,9.914,14.717,22.452,29.481,29.770,28.666,26.427,28.012,26.338
21.612,18.391,17.237,15.565,13.994,13.561,11.194,10.947,10.699,12.645,10.940,11.229,9.736,6.021,6.082,10.090,14.876,22.601,29.640,29.903,28.790,26.536,28.123,26.456
21.740,18.513,17.358,15.687,14.107,13.692,11.332,11.069,10.811,12.741,11.053,11.356,9.868,6.159,6.212,10.210,14.996,22.721,29.735,30.023,28.948,26.696,28.275,26.591
21.854,18.638,17.501,15.802,14.237,13.826,11.476,11.204,10.928,12.855,11.181,11.493,9.998,6.294,6.332,10.354,15.125,22.871,29.902,30.180,29.122,26.833,28.414,26.714
21.947,18.745,17.595,15.929,14.337,13.913,11.549,11.281,11.027,12.954,11.267,11.584,10.088,6.376,6.429,10.452,15.205,22.976,29.951,30.295,29.158,26.900,28.488,26.801
22.054,18.869,17.720,16.063,14.466,14.024,11.650,11.392,11.150,13.084,11.386,11.701,10.199,6.483,6.542,10.582,15.315,23.111,30.068,30.437,29.233,26.978,28.576,26.901
22.186,19.002,17.845,16.206,14.602,14.162,11.789,11.531,11.297,13.226,11.527,11.842,10.346,6.635,6.701,10.720,15.450,23.223,30.151,30.534,29.329,27.098,28.690,27.022
22.374,19.179,18.023,16.382,14.809,14.370,12.011,11.772,11.539,13.474,11.771,12.056,10.573,6.879,6.949,10.926,15.676,23.353,30.322,30.609,29.464,27.245,28.825,27.180
22.471,19.277,18.108,16.488,14.912,14.449,12.072,11.859,11.652,13.607,11.874,12.137,10.654,6.949,7.039,11.011,15.770,23.435,30.416,30.688,29.481,27.288,28.876,27.263
22.597,19.425,18.270,16.641,15.063,14.599,12.226,12.003,11.789,13.736,12.014,12.293,10.803,7.102,7.183,11.181,15.907,23.610,30.563,30.873,29.637,27.424,29.017,27.393
22.754,19.589,18.415,16.826,15.233,14.747,12.357,12.157,11.976,13.934,12.184,12.447,10.961,7.253,7.359,11.339,16.062,23.747,30.670,30.997,29.685,27.517,29.116,27.526
22.845,19.687,18.517,16.926,15.322,14.846,12.461,12.243,12.051,13.996,12.262,12.546,11.057,7.352,7.449,11.439,16.145,23.862,30.750,31.126,29.817,27.642,29.239,27.629
22.976,19.831,18.656,17.090,15.458,14.987,12.602,12.368,12.182,14.108,12.385,12.691,11.204,7.504,7.601,11.588,16.266,24.008,30.814,31.278,29.937,27.783,29.378,27.759
23.074,19.945,18.755,17.223,15.566,15.069,12.663,12.443,12.286,14.223,12.475,12.778,11.286,7.572,7.689,11.686,16.348,24.124,30.889,31.411,29.962,27.838,29.446,27.851
23.233,20.115,18.908,17.416,15.746,15.227,12.807,12.610,12.484,14.432,12.657,12.945,11.456,7.739,7.880,11.858,16.512,24.266,30.996,31.535,30.010,27.932,29.544,27.983
23.426,20.323,19.080,17.673,15.951,15.412,12.972,12.787,12.709,14.651,12.851,13.140,11.662,7.943,8.119,12.057,16.687,24.429,31.031,31.683,30.044,28.059,29.670,28.145
23.582,20.495,19.251,17.861,16.135,15.588,13.148,12.969,12.901,14.840,13.038,13.325,11.850,8.138,8.319,12.250,16.858,24.590,31.155,31.827,30.100,28.184,29.795,28.283
23.682,20.614,19.338,18.017,16.247,15.659,13.183,13.032,13.019,14.975,13.127,13.404,11.926,8.192,8.413,12.341,16.932,24.693,31.184,31.945,30.152,28.202,29.830,28.364
23.825,20.744,19.461,18.150,16.388,15.800,13.327,13.188,13.181,15.142,13.286,13.546,12.077,8.349,8.578,12.476,17.084,24.790,31.297,32.015,30.197,28.319,29.940,28.490
24.011,20.938,19.670,18.342,16.606,16.027,13.573,13.432,13.412,15.365,13.525,13.781,12.317,8.610,8.828,12.713,17.309,24.971,31.486,32.160,30.392,28.500,30.111,28.660
24.191,21.115,19.849,18.518,16.783,16.217,13.771,13.621,13.592,15.535,13.708,13.970,12.510,8.811,9.023,12.897,17.494,25.142,31.647,32.322,30.591,28.697,30.301,28.840
24.343,21.334,20.095,18.745,17.013,16.396,13.926,13.795,13.782,15.748,13.898,14.167,12.676,8.956,9.170,13.144,17.666,25.442,31.939,32.673,30.741,28.797,30.442,28.995
24.543,21.535,20.296,18.959,17.205,16.621,14.169,14.002,13.973,15.902,14.089,14.391,12.910,9.210,9.410,13.360,17.862,25.636,32.046,32.857,30.982,29.052,30.679,29.201
24.710,21.749,20.534,19.177,17.418,16.821,14.366,14.188,14.151,16.076,14.273,14.603,13.102,9.399,9.585,13.601,18.041,25.913,32.282,33.170,31.203,29.229,30.876,29.380
24.887,21.924,20.693,19.371,17.602,16.998,14.539,14.372,14.356,16.281,14.466,14.784,13.294,9.594,9.798,13.779,18.221,26.051,32.386,33.282,31.296,29.367,31.008,29.535
25.086,22.145,20.898,19.619,17.834,17.195,14.715,14.578,14.601,16.543,14.693,14.993,13.501,9.794,10.025,14.002,18.425,26.253,32.549,33.476,31.367,29.482,31.135,29.706
25.390,22.499,21.239,20.024,18.222,17.537,15.038,14.939,15.015,16.969,15.082,15.363,13.873,10.171,10.437,14.400,18.766,26.573,32.776,33.759,31.477,29.657,31.321,29.954
25.657,22.783,21.540,20.313,18.532,17.853,15.371,15.270,15.336,17.280,15.409,15.690,14.205,10.523,10.780,14.735,19.075,26.850,33.041,34.001,31.745,29.912,31.570,30.202
25.731,22.878,21.640,20.406,18.611,17.913,15.412,15.311,15.383,17.335,15.454,15.749,14.246,10.544,10.801,14.812,19.129,26.996,33.179,34.198,31.848,29.991,31.671,30.296
26.056,23.175,21.936,20.696,18.941,18.254,15.773,15.691,15.759,17.718,15.835,16.092,14.609,10.929,11.189,15.136,19.494,27.226,33.473,34.357,32.119,30.280,31.938,30.588
26.249,23.363,22.115,20.881,19.115,18.414,15.915,15.843,15.923,17.896,15.995,16.246,14.755,11.056,11.326,15.291,19.662,27.428,33.695,34.587,32.302,30.465,32.135,30.792
26.553,23.599,22.371,21.051,19.361,18.697,16.230,16.158,16.187,18.174,16.291,16.507,15.027,11.337,11.579,15.517,19.985,27.644,34.118,34.773,32.736,30.832,32.480,31.115
26.957,24.051,22.817,21.552,19.852,19.158,16.686,16.640,16.709,18.695,16.793,16.996,15.523,11.851,12.118,16.030,20.438,28.056,34.428,35.131,32.973,31.127,32.777,31.461
27.175,24.310,23.067,21.836,20.102,19.359,16.848,16.825,16.934,18.941,17.000,17.207,15.713,12.013,12.304,16.270,20.635,28.355,34.674,35.480,33.114,31.284,32.967,31.679
27.469,24.615,23.370,22.142,20.384,19.634,17.110,17.077,17.189,19.195,17.252,17.479,15.973,12.256,12.546,16.551,20.899,28.698,34.990,35.870,33.438,31.599,33.296,31.995
27.814,24.938,23.662,22.476,20.714,19.936,17.389,17.398,17.551,19.587,17.596,17.779,16.282,12.552,12.877,16.842,21.232,28.968,35.292,36.118,33.640,31.861,33.560,32.313
28.260,25.400,24.184,22.879,21.144,20.396,17.865,17.821,17.898,19.919,17.985,18.224,16.692,12.950,13.212,17.303,21.666,29.572,35.977,36.819,34.402,32.464,34.183,32.842
28.677,25.818,24.585,23.274,21.511,20.690,18.084,18.083,18.203,20.293,18.279,18.500,16.922,13.098,13.390,17.601,21.993,30.086,36.595,37.471,34.813,32.846,34.627,33.314
29.476,26.466,25.306,23.748,22.195,21.457,18.928,18.936,18.918,21.052,19.085,19.216,17.651,13.848,14.059,18.244,22.859,30.720,37.783,38.042,35.974,33.794,35.535,34.163
30.639,27.553,26.192,24.850,23.160,22.090,19.245,19.549,19.848,22.291,19.889,19.798,18.147,14.053,14.516,18.851,23.703,31.832,39.231,39.452,36.436,34.479,36.409,35.352
