4.032,0.781,-5.840,-6.212,-6.406,-6.213,-10.433,-10.930,-9.036,-19.339,-23.698,-27.910,-29.263,-34.892,-36.996,-32.689,-30.275,-19.067,-4.022,4.561,13.125,7.539,2.261,-4.099
10.216,6.921,3.083,2.339,1.998,0.389,-4.130,-4.394,-4.103,-10.307,-13.704,-16.005,-17.581,-22.766,-23.189,-19.008,-18.065,-10.486,4.557,13.998,19.495,12.777,8.058,1.886
13.116,9.794,6.786,5.974,5.659,3.625,-0.846,-0.956,-1.238,-6.063,-9.191,-10.812,-12.301,-17.262,-17.238,-13.281,-12.476,-5.762,8.528,17.611,22.109,15.413,10.936,5.120
14.442,11.112,8.320,7.552,7.301,5.278,0.936,0.958,0.436,-3.973,-7.107,-8.383,-9.736,-14.637,-14.739,-11.006,-9.819,-3.103,10.452,19.049,23.185,16.783,12.362,6.780
15.864,12.642,10.023,9.267,9.017,7.003,2.790,2.814,2.266,-1.880,-4.880,-6.065,-7.385,-12.112,-12.151,-8.537,-7.450,-1.070,12.062,20.418,24.332,18.096,13.836,8.438
16.662,13.536,11.001,10.262,10.005,8.026,3.904,3.917,3.396,-0.667,-3.587,-4.738,-6.054,-10.681,-10.744,-7.199,-6.171,-0.016,12.910,21.178,24.982,18.845,14.678,9.351
17.481,14.456,11.924,11.249,11.018,9.193,5.237,5.279,4.787,0.717,-2.193,-3.274,-4.521,-9.058,-9.331,-5.939,-4.706,1.443,13.876,21.826,25.552,19.704,15.610,10.422
18.033,15.079,12.589,11.932,11.700,9.917,6.037,6.072,5.607,1.578,-1.281,-2.346,-3.582,-8.042,-8.347,-5.013,-3.801,2.215,14.464,22.316,25.978,20.227,16.201,11.078
18.527,15.582,13.230,12.549,12.305,10.432,6.542,6.575,6.050,2.224,-0.564,-1.563,-2.816,-7.230,-7.411,-4.078,-3.001,2.794,15.043,22.934,26.455,20.646,16.671,11.572
18.959,16.070,13.627,12.995,12.771,11.044,7.256,7.299,6.842,2.877,0.061,-0.961,-2.166,-6.546,-6.903,-3.652,-2.405,3.513,15.483,23.164,26.743,21.134,17.179,12.153
19.298,16.448,13.981,13.382,13.174,11.533,7.820,7.880,7.440,3.440,0.613,-0.385,-1.552,-5.902,-6.375,-3.195,-1.821,4.147,15.884,23.403,26.971,21.506,17.573,12.610
19.611,16.814,14.289,13.703,13.489,11.917,8.251,8.283,7.929,3.824,1.020,-0.058,-1.227,-5.530,-6.027,-2.860,-1.531,4.417,16.096,23.567,27.204,21.803,17.909,12.974
19.873,17.094,14.541,13.958,13.744,12.199,8.551,8.570,8.252,4.105,1.312,0.193,-0.973,-5.255,-5.750,-2.586,-1.282,4.665,16.314,23.756,27.428,22.054,18.178,13.262
20.169,17.410,14.938,14.347,14.128,12.546,8.912,8.931,8.585,4.558,1.813,0.734,-0.436,-4.674,-5.110,-1.963,-0.729,5.078,16.670,24.097,27.680,22.304,18.472,13.590
20.449,17.741,15.245,14.680,14.466,12.960,9.394,9.411,9.108,5.032,2.295,1.207,0.057,-4.139,-4.656,-1.560,-0.275,5.528,16.954,24.271,27.859,22.595,18.796,13.962
20.679,18.016,15.444,14.900,14.683,13.257,9.733,9.730,9.510,5.291,2.550,1.394,0.243,-3.937,-4.536,-1.450,-0.149,5.687,17.082,24.376,28.045,22.843,19.054,14.217
20.911,18.277,15.732,15.205,14.996,13.601,10.125,10.135,9.906,5.724,2.992,1.880,0.750,-3.400,-4.053,-1.018,0.343,6.150,17.389,24.590,28.204,23.082,19.318,14.526
21.108,18.487,15.990,15.470,15.268,13.875,10.427,10.454,10.193,6.087,3.367,2.311,1.198,-2.931,-3.603,-0.607,0.794,6.559,17.678,24.809,28.351,23.278,19.534,14.780
21.313,18.713,16.193,15.688,15.493,14.148,10.738,10.768,10.527,6.388,3.665,2.604,1.509,-2.601,-3.322,-0.357,1.093,6.888,17.894,24.942,28.495,23.494,19.765,15.046
21.473,18.909,16.425,15.937,15.745,14.425,11.062,11.101,10.855,6.753,4.045,3.029,1.946,-2.134,-2.911,0.009,1.500,7.236,18.116,25.102,28.594,23.658,19.956,15.267
21.683,19.141,16.611,16.136,15.948,14.682,11.352,11.385,11.179,7.011,4.300,3.248,2.178,-1.883,-2.697,0.203,1.720,7.495,18.294,25.211,28.747,23.876,20.187,15.527
21.805,19.269,16.745,16.273,16.086,14.826,11.504,11.540,11.333,7.168,4.457,3.415,2.347,-1.712,-2.543,0.349,1.879,7.647,18.427,25.336,28.861,24.002,20.315,15.656
21.942,19.417,16.869,16.403,16.215,14.976,11.662,11.692,11.509,7.297,4.582,3.520,2.449,-1.610,-2.468,0.424,1.961,7.742,18.530,25.445,28.996,24.147,20.458,15.791
22.094,19.586,17.037,16.582,16.397,15.183,11.895,11.929,11.753,7.533,4.819,3.767,2.705,-1.343,-2.241,0.629,2.200,7.980,18.700,25.575,29.115,24.308,20.629,15.977
22.297,19.827,17.223,16.791,16.611,15.476,12.240,12.269,12.147,7.835,5.115,4.028,2.982,-1.040,-2.017,0.819,2.443,8.267,18.870,25.656,29.244,24.531,20.868,16.248
22.476,19.985,17.383,16.946,16.773,15.624,12.378,12.415,12.271,7.988,5.263,4.184,3.149,-0.877,-1.826,1.009,2.644,8.500,19.081,25.835,29.419,24.706,21.040,16.439
22.588,20.094,17.484,17.050,16.882,15.744,12.505,12.548,12.399,8.113,5.379,4.306,3.280,-0.748,-1.710,1.115,2.781,8.667,19.210,25.931,29.518,24.827,21.159,16.570
22.713,20.237,17.614,17.181,17.005,15.878,12.644,12.671,12.555,8.233,5.512,4.407,3.370,-0.646,-1.605,1.230,2.851,8.706,19.281,26.029,29.638,24.941,21.283,16.685
22.815,20.345,17.751,17.317,17.140,16.002,12.773,12.803,12.674,8.393,5.685,4.599,3.562,-0.443,-1.392,1.435,3.045,8.856,19.410,26.153,29.729,25.033,21.387,16.796
22.931,20.449,17.872,17.436,17.261,16.109,12.873,12.911,12.759,8.510,5.797,4.736,3.702,-0.311,-1.256,1.569,3.195,9.010,19.559,26.301,29.855,25.152,21.499,16.909
23.078,20.615,18.041,17.604,17.424,16.275,13.048,13.074,12.943,8.688,5.995,4.914,3.872,-0.121,-1.051,1.775,3.355,9.121,19.676,26.428,29.984,25.281,21.646,17.060
23.233,20.812,18.270,17.841,17.654,16.517,13.322,13.341,13.227,8.989,6.324,5.257,4.208,0.246,-0.710,2.097,3.652,9.321,19.834,26.589,30.103,25.423,21.818,17.237
23.351,20.938,18.422,17.988,17.797,16.646,13.451,13.465,13.347,9.140,6.492,5.431,4.375,0.424,-0.511,2.298,3.816,9.429,19.954,26.729,30.219,25.525,21.931,17.350
23.461,21.032,18.534,18.098,17.911,16.744,13.542,13.568,13.420,9.255,6.602,5.568,4.520,0.563,-0.362,2.442,3.983,9.609,20.111,26.868,30.333,25.637,22.038,17.467
23.582,21.175,18.611,18.190,18.007,16.903,13.731,13.748,13.654,9.384,6.718,5.635,4.596,0.648,-0.332,2.459,4.033,9.723,20.174,26.879,30.413,25.777,22.182,17.623
23.716,21.310,18.767,18.344,18.160,17.045,13.874,13.893,13.787,9.550,6.892,5.825,4.786,0.843,-0.125,2.662,4.227,9.889,20.329,27.032,30.541,25.902,22.314,17.761
23.797,21.392,18.881,18.461,18.278,17.153,13.985,14.014,13.885,9.689,7.032,6.004,4.967,1.022,0.037,2.812,4.402,10.039,20.458,27.161,30.626,25.990,22.400,17.845
23.908,21.491,18.996,18.578,18.402,17.270,14.103,14.147,13.988,9.829,7.162,6.168,5.143,1.190,0.194,2.956,4.591,10.249,20.625,27.299,30.735,26.112,22.515,17.971
24.012,21.591,19.139,18.719,18.546,17.393,14.228,14.285,14.090,10.001,7.340,6.392,5.373,1.424,0.437,3.185,4.833,10.459,20.795,27.450,30.832,26.211,22.620,18.090
24.168,21.765,19.316,18.899,18.725,17.584,14.437,14.488,14.307,10.220,7.576,6.618,5.601,1.675,0.692,3.430,5.058,10.652,20.946,27.575,30.952,26.354,22.784,18.273
24.246,21.855,19.438,19.021,18.845,17.696,14.559,14.611,14.421,10.376,7.747,6.810,5.792,1.882,0.904,3.631,5.245,10.785,21.050,27.674,31.013,26.421,22.866,18.365
24.353,21.951,19.597,19.175,19.001,17.812,14.667,14.735,14.493,10.545,7.924,7.050,6.034,2.121,1.160,3.877,5.500,10.989,21.239,27.870,31.132,26.522,22.967,18.470
24.482,22.073,19.744,19.321,19.147,17.943,14.792,14.868,14.602,10.692,8.070,7.225,6.210,2.290,1.330,4.044,5.680,11.157,21.405,28.043,31.273,26.654,23.094,18.594
24.568,22.163,19.832,19.411,19.238,18.041,14.896,14.973,14.710,10.794,8.171,7.327,6.314,2.396,1.423,4.132,5.779,11.259,21.493,28.123,31.352,26.744,23.185,18.686
24.671,22.251,19.955,19.537,19.372,18.160,15.016,15.115,14.762,10.954,8.321,7.536,6.539,2.611,1.626,4.314,6.020,11.512,21.687,28.279,31.454,26.860,23.294,18.809
24.780,22.330,20.124,19.683,19.515,18.217,15.035,15.144,14.804,11.060,8.448,7.725,6.717,2.784,1.888,4.591,6.241,11.645,21.875,28.522,31.606,26.937,23.372,18.881
24.891,22.445,20.232,19.789,19.616,18.317,15.131,15.231,14.864,11.147,8.542,7.799,6.784,2.855,1.974,4.688,6.305,11.693,21.954,28.621,31.720,27.038,23.477,18.981
24.991,22.562,20.330,19.898,19.729,18.466,15.306,15.408,15.058,11.309,8.700,7.951,6.946,3.028,2.106,4.799,6.453,11.863,22.055,28.672,31.784,27.150,23.597,19.118
25.170,22.720,20.550,20.104,19.935,18.614,15.431,15.544,15.141,11.500,8.906,8.204,7.197,3.278,2.418,5.117,6.739,12.094,22.301,28.937,31.982,27.307,23.757,19.284
25.289,22.839,20.692,20.249,20.085,18.765,15.593,15.717,15.292,11.690,9.096,8.427,7.431,3.517,2.644,5.323,6.978,12.327,22.473,29.071,32.080,27.430,23.885,19.430
25.408,22.956,20.801,20.363,20.205,18.897,15.736,15.867,15.438,11.836,9.236,8.572,7.588,3.678,2.794,5.459,7.145,12.524,22.615,29.166,32.176,27.555,24.012,19.578
25.512,23.066,20.878,20.441,20.282,18.993,15.834,15.955,15.554,11.904,9.302,8.602,7.616,3.709,2.823,5.495,7.168,12.567,22.671,29.221,32.273,27.658,24.117,19.681
25.609,23.186,20.945,20.522,20.365,19.129,15.999,16.111,15.758,12.019,9.409,8.668,7.688,3.791,2.853,5.514,7.213,12.656,22.717,29.229,32.335,27.770,24.234,19.807
25.695,23.304,21.051,20.641,20.483,19.287,16.190,16.297,15.974,12.197,9.593,8.843,7.866,3.987,2.999,5.639,7.355,12.782,22.787,29.271,32.382,27.863,24.342,19.924
25.787,23.391,21.159,20.748,20.591,19.381,16.280,16.393,16.051,12.304,9.699,8.974,7.997,4.113,3.123,5.761,7.487,12.902,22.908,29.401,32.485,27.958,24.432,20.010
25.948,23.555,21.349,20.936,20.780,19.559,16.464,16.581,16.224,12.526,9.937,9.227,8.254,4.388,3.425,6.052,7.761,13.139,23.102,29.566,32.620,28.102,24.593,20.196
26.055,23.684,21.425,21.019,20.859,19.682,16.605,16.704,16.403,12.613,10.025,9.256,8.281,4.427,3.440,6.071,7.764,13.165,23.129,29.584,32.702,28.210,24.710,20.313
26.169,23.796,21.545,21.137,20.978,19.794,16.716,16.816,16.509,12.735,10.149,9.386,8.411,4.559,3.582,6.212,7.901,13.294,23.253,29.704,32.814,28.320,24.822,20.429
26.251,23.894,21.617,21.218,21.060,19.907,16.847,16.943,16.661,12.843,10.256,9.473,8.502,4.659,3.652,6.272,7.975,13.383,23.310,29.737,32.871,28.408,24.917,20.531
26.357,23.984,21.718,21.317,21.163,19.997,16.929,17.036,16.729,12.940,10.344,9.583,8.619,4.766,3.765,6.382,8.109,13.540,23.454,29.868,32.986,28.521,25.020,20.640
26.464,24.110,21.847,21.444,21.283,20.119,17.057,17.150,16.866,13.065,10.487,9.706,8.730,4.892,3.900,6.524,8.203,13.582,23.522,29.965,33.087,28.612,25.126,20.738
26.562,24.230,21.957,21.560,21.395,20.251,17.205,17.288,17.032,13.198,10.629,9.831,8.850,5.024,3.996,6.613,8.297,13.653,23.589,30.036,33.169,28.709,25.233,20.842
26.689,24.370,22.025,21.640,21.478,20.390,17.363,17.436,17.232,13.290,10.705,9.850,8.876,5.052,4.011,6.631,8.305,13.735,23.647,30.057,33.270,28.853,25.374,20.990
26.799,24.465,22.141,21.748,21.584,20.466,17.419,17.495,17.269,13.364,10.781,9.941,8.961,5.128,4.103,6.732,8.405,13.820,23.772,30.212,33.406,28.955,25.471,21.076
26.911,24.576,22.238,21.843,21.677,20.562,17.511,17.582,17.368,13.439,10.854,9.996,9.012,5.176,4.154,6.792,8.454,13.878,23.857,30.311,33.526,29.067,25.579,21.177
27.037,24.725,22.389,22.000,21.833,20.735,17.705,17.770,17.574,13.637,11.063,10.201,9.217,5.400,4.361,6.986,8.641,14.032,23.975,30.414,33.623,29.188,25.717,21.324
27.178,24.860,22.554,22.162,21.996,20.881,17.848,17.921,17.699,13.811,11.243,10.408,9.427,5.612,4.585,7.205,8.862,14.231,24.157,30.590,33.763,29.324,25.855,21.470
27.337,25.012,22.690,22.296,22.128,21.011,17.966,18.037,17.821,13.908,11.331,10.484,9.497,5.668,4.642,7.274,8.930,14.322,24.292,30.752,33.947,29.489,26.009,21.606
27.479,25.140,22.891,22.486,22.317,21.145,18.082,18.164,17.893,14.092,11.530,10.743,9.752,5.921,4.936,7.570,9.204,14.524,24.509,30.999,34.113,29.615,26.137,21.731
27.587,25.274,23.019,22.622,22.450,21.304,18.264,18.339,18.094,14.268,11.716,10.918,9.926,6.113,5.101,7.722,9.353,14.646,24.598,31.074,34.190,29.721,26.258,21.859
27.735,25.427,23.152,22.761,22.590,21.461,18.429,18.502,18.271,14.412,11.852,11.043,10.052,6.237,5.200,7.819,9.467,14.782,24.729,31.200,34.335,29.880,26.413,22.010
27.880,25.576,23.263,22.877,22.708,21.608,18.584,18.653,18.448,14.534,11.965,11.126,10.140,6.326,5.271,7.888,9.550,14.909,24.840,31.287,34.465,30.033,26.565,22.168
28.040,25.727,23.456,23.061,22.890,21.753,18.716,18.790,18.553,14.709,12.153,11.343,10.354,6.542,5.528,8.149,9.784,15.098,25.041,31.503,34.636,30.177,26.714,22.320
28.189,25.861,23.629,23.222,23.049,21.873,18.817,18.894,18.627,14.847,12.301,11.513,10.519,6.706,5.738,8.368,9.972,15.246,25.219,31.707,34.805,30.309,26.847,22.451
28.350,26.005,23.798,23.392,23.227,22.037,18.978,19.074,18.765,15.039,12.483,11.741,10.761,6.936,5.962,8.578,10.232,15.529,25.455,31.910,34.968,30.482,27.011,22.627
28.467,26.124,23.909,23.508,23.347,22.170,19.120,19.220,18.914,15.177,12.614,11.876,10.902,7.078,6.083,8.689,10.370,15.685,25.580,32.011,35.072,30.607,27.135,22.759
28.600,26.295,24.032,23.644,23.478,22.355,19.335,19.416,19.173,15.339,12.781,11.991,11.011,7.205,6.161,8.762,10.434,15.749,25.633,32.060,35.174,30.746,27.287,22.907
28.748,26.440,24.163,23.777,23.614,22.499,19.483,19.566,19.325,15.480,12.917,12.119,11.146,7.340,6.295,8.893,10.577,15.919,25.781,32.183,35.311,30.897,27.437,23.068
28.943,26.655,24.336,23.962,23.801,22.733,19.743,19.819,19.618,15.702,13.135,12.304,11.337,7.543,6.455,9.040,10.746,16.121,25.937,32.298,35.469,31.102,27.650,23.293
29.116,26.838,24.560,24.177,24.007,22.911,19.916,19.984,19.777,15.912,13.373,12.550,11.570,7.793,6.749,9.341,10.980,16.266,26.110,32.509,35.643,31.246,27.813,23.454
29.326,27.067,24.706,24.333,24.162,23.124,20.146,20.194,20.057,16.061,13.512,12.609,11.628,7.857,6.779,9.378,11.014,16.364,26.215,32.598,35.831,31.467,28.034,23.673
29.490,27.221,24.877,24.502,24.335,23.284,20.304,20.361,20.201,16.243,13.693,12.813,11.838,8.067,7.000,9.592,11.241,16.593,26.418,32.781,35.990,31.628,28.196,23.847
29.616,27.375,24.984,24.627,24.463,23.471,20.525,20.577,20.461,16.418,13.858,12.950,11.984,8.221,7.082,9.655,11.349,16.740,26.508,32.829,36.079,31.777,28.349,24.006
29.788,27.548,25.100,24.758,24.605,23.667,20.745,20.803,20.710,16.593,14.006,13.077,12.132,8.366,7.167,9.720,11.493,16.985,26.672,32.913,36.214,31.978,28.542,24.223
30.009,27.781,25.346,25.004,24.848,23.911,20.996,21.051,20.962,16.857,14.282,13.356,12.407,8.653,7.457,10.006,11.761,17.218,26.894,33.136,36.424,32.191,28.766,24.451
30.231,28.032,25.573,25.252,25.100,24.216,21.342,21.400,21.337,17.179,14.594,13.670,12.733,8.988,7.707,10.224,12.046,17.526,27.117,33.309,36.604,32.439,29.019,24.714
30.465,28.280,25.787,25.465,25.310,24.446,21.579,21.620,21.598,17.385,14.810,13.834,12.892,9.162,7.894,10.421,12.200,17.680,27.285,33.475,36.819,32.661,29.253,24.953
30.762,28.560,26.141,25.796,25.633,24.693,21.792,21.831,21.763,17.675,15.135,14.188,13.231,9.512,8.353,10.902,12.582,17.955,27.620,33.863,37.141,32.910,29.518,25.220
31.054,28.835,26.456,26.105,25.949,24.985,22.083,22.138,22.026,18.023,15.489,14.584,13.642,9.931,8.807,11.340,13.033,18.397,27.992,34.181,37.409,33.189,29.807,25.544
31.355,29.101,26.796,26.438,26.290,25.272,22.351,22.437,22.238,18.372,15.832,15.017,14.089,10.347,9.205,11.745,13.516,18.876,28.429,34.597,37.729,33.493,30.100,25.851
31.673,29.414,26.986,26.637,26.493,25.537,22.614,22.684,22.556,18.512,15.934,15.023,14.097,10.363,9.266,11.784,13.523,19.020,28.622,34.782,38.058,33.843,30.423,26.155
31.942,29.711,27.255,26.915,26.767,25.849,22.950,23.007,22.922,18.816,16.243,15.299,14.370,10.636,9.459,11.992,13.757,19.256,28.841,34.993,38.301,34.115,30.706,26.439
32.294,29.988,27.581,27.226,27.093,26.104,23.151,23.250,23.057,19.070,16.459,15.605,14.693,10.902,9.760,12.300,14.148,19.726,29.331,35.483,38.727,34.491,31.035,26.760
32.772,30.490,28.177,27.814,27.673,26.642,23.703,23.799,23.577,19.718,17.160,16.354,15.433,11.686,10.598,13.122,14.892,20.304,29.868,36.028,39.169,34.921,31.509,27.258
33.286,30.890,28.729,28.325,28.194,26.989,23.946,24.097,23.680,20.111,17.535,16.893,15.977,12.160,11.210,13.762,15.555,20.953,30.614,36.846,39.819,35.426,31.962,27.690
33.824,31.374,29.244,28.818,28.684,27.405,24.299,24.458,23.987,20.482,17.894,17.279,16.350,12.490,11.610,14.203,15.970,21.380,31.177,37.498,40.450,35.960,32.460,28.149
34.635,32.052,30.113,29.631,29.502,28.000,24.759,24.974,24.278,21.120,18.521,18.091,17.153,13.211,12.517,15.160,16.908,22.262,32.235,38.692,41.444,36.748,33.188,28.833
35.356,32.764,31.053,30.560,30.433,28.814,25.571,25.834,24.977,22.157,19.603,19.388,18.458,14.532,13.882,16.475,18.240,23.371,33.237,39.695,42.165,37.439,33.905,29.576
37.070,34.430,33.048,32.501,32.352,30.475,27.137,27.436,26.359,24.008,21.529,21.563,20.585,16.641,16.176,18.798,20.417,25.168,35.221,41.919,44.035,39.076,35.546,31.153
