-3.006,-8.360,-11.575,-12.620,-14.444,-15.156,-18.365,-19.200,-23.641,-29.584,-34.573,-32.795,-33.619,-38.864,-41.244,-38.153,-33.122,-21.772,-11.948,-3.567,-0.377,0.210,-0.087,-2.626
1.956,-2.708,-5.387,-6.825,-8.064,-8.876,-11.132,-12.390,-16.457,-22.115,-25.317,-23.601,-25.664,-32.048,-34.930,-32.727,-26.536,-14.930,-6.638,3.214,7.048,5.600,5.605,2.859
4.605,0.194,-2.244,-3.942,-4.872,-5.665,-7.508,-8.742,-12.542,-17.827,-20.554,-19.104,-21.112,-27.485,-30.613,-28.811,-22.721,-11.175,-3.245,6.563,10.259,8.283,8.282,5.464
6.273,1.947,-0.413,-2.052,-2.970,-3.707,-5.464,-6.514,-10.106,-15.085,-18.068,-17.029,-18.774,-24.756,-28.090,-26.124,-20.508,-9.217,-0.995,8.086,11.554,9.923,9.751,7.001
7.779,3.614,1.369,-0.252,-1.103,-1.818,-3.427,-4.430,-7.853,-12.617,-15.496,-14.645,-16.396,-22.254,-25.678,-23.746,-18.277,-7.220,0.865,9.671,13.073,11.414,11.204,8.502
8.827,4.734,2.516,0.908,0.079,-0.633,-2.239,-3.268,-6.675,-11.411,-14.142,-13.167,-14.912,-20.715,-23.958,-22.145,-16.697,-5.857,1.920,10.710,14.067,12.356,12.207,9.554
9.644,5.636,3.484,1.939,1.110,0.417,-1.105,-2.073,-5.354,-9.942,-12.740,-12.002,-13.777,-19.488,-22.901,-20.970,-15.645,-4.912,2.977,11.488,14.833,13.222,12.992,10.375
10.368,6.418,4.290,2.796,1.959,1.276,-0.246,-1.202,-4.442,-8.975,-11.752,-11.009,-12.771,-18.388,-21.726,-19.796,-14.550,-4.007,3.760,12.128,15.432,13.883,13.660,11.096
10.912,7.016,4.918,3.409,2.606,1.920,0.435,-0.549,-3.772,-8.285,-10.925,-10.121,-11.921,-17.556,-20.827,-18.993,-13.711,-3.250,4.318,12.743,16.047,14.392,14.210,11.658
11.463,7.577,5.486,4.028,3.197,2.530,1.037,0.115,-3.056,-7.495,-10.270,-9.590,-11.311,-16.811,-20.133,-18.198,-13.072,-2.701,5.003,13.172,16.414,14.933,14.690,12.171
11.858,8.004,5.938,4.500,3.672,3.015,1.552,0.663,-2.456,-6.826,-9.638,-9.054,-10.753,-16.189,-19.569,-17.593,-12.546,-2.233,5.518,13.544,16.757,15.333,15.056,12.554
12.264,8.435,6.373,4.974,4.131,3.480,1.999,1.117,-1.988,-6.338,-9.154,-8.551,-10.237,-15.610,-18.925,-16.942,-11.944,-1.751,5.934,13.871,17.058,15.694,15.422,12.956
12.631,8.819,6.754,5.382,4.525,3.876,2.367,1.478,-1.634,-5.991,-8.780,-8.107,-9.782,-15.113,-18.326,-16.366,-11.389,-1.305,6.267,14.175,17.341,16.004,15.757,13.322
13.004,9.222,7.165,5.835,4.962,4.316,2.797,1.905,-1.193,-5.538,-8.314,-7.624,-9.323,-14.625,-17.790,-15.817,-10.854,-0.871,6.628,14.484,17.651,16.348,16.110,13.708
13.288,9.539,7.500,6.181,5.316,4.670,3.169,2.270,-0.809,-5.135,-7.865,-7.170,-8.897,-14.196,-17.343,-15.388,-10.420,-0.495,6.929,14.776,17.947,16.621,16.394,14.005
13.587,9.854,7.821,6.526,5.651,5.010,3.507,2.617,-0.445,-4.751,-7.496,-6.819,-8.546,-13.813,-16.956,-14.979,-10.041,-0.168,7.251,15.034,18.197,16.909,16.674,14.303
13.906,10.203,8.189,6.915,6.042,5.408,3.923,3.055,0.031,-4.223,-6.985,-6.361,-8.069,-13.278,-16.436,-14.439,-9.566,0.234,7.654,15.325,18.460,17.218,16.964,14.613
14.158,10.471,8.470,7.207,6.335,5.706,4.235,3.383,0.385,-3.835,-6.614,-6.036,-7.736,-12.914,-16.099,-14.081,-9.246,0.523,7.962,15.564,18.686,17.471,17.201,14.859
14.433,10.765,8.778,7.535,6.659,6.039,4.583,3.760,0.799,-3.372,-6.195,-5.689,-7.361,-12.479,-15.701,-13.646,-8.882,0.838,8.326,15.805,18.899,17.746,17.447,15.120
14.635,10.985,9.008,7.788,6.905,6.289,4.838,4.022,1.081,-3.069,-5.900,-5.421,-7.107,-12.205,-15.437,-13.358,-8.613,1.066,8.551,15.978,19.073,17.947,17.639,15.327
14.861,11.231,9.269,8.062,7.180,6.572,5.135,4.341,1.431,-2.675,-5.528,-5.098,-6.758,-11.802,-15.052,-12.955,-8.271,1.354,8.855,16.182,19.249,18.165,17.838,15.540
15.004,11.380,9.421,8.216,7.336,6.726,5.296,4.499,1.592,-2.511,-5.355,-4.929,-6.603,-11.657,-14.914,-12.817,-8.123,1.503,8.998,16.332,19.408,18.313,17.987,15.689
15.160,11.537,9.573,8.391,7.495,6.883,5.437,4.632,1.718,-2.403,-5.251,-4.807,-6.511,-11.574,-14.813,-12.695,-7.982,1.626,9.107,16.450,19.546,18.468,18.147,15.860
15.305,11.683,9.723,8.545,7.648,7.041,5.604,4.819,1.923,-2.170,-5.057,-4.665,-6.342,-11.373,-14.649,-12.506,-7.837,1.769,9.308,16.584,19.661,18.620,18.277,15.991
15.616,12.013,10.056,8.906,7.998,7.398,5.943,5.168,2.283,-1.791,-4.685,-4.274,-5.924,-10.891,-14.106,-11.961,-7.346,2.155,9.637,16.828,19.872,18.886,18.548,16.292
15.825,12.222,10.269,9.107,8.209,7.613,6.166,5.408,2.535,-1.514,-4.422,-4.036,-5.639,-10.569,-13.793,-11.657,-7.089,2.402,9.905,17.045,20.055,19.086,18.736,16.479
15.961,12.355,10.401,9.249,8.343,7.750,6.299,5.552,2.686,-1.354,-4.295,-3.934,-5.525,-10.435,-13.675,-11.514,-6.970,2.517,10.058,17.156,20.160,19.225,18.862,16.610
16.110,12.518,10.566,9.418,8.513,7.918,6.461,5.695,2.820,-1.233,-4.123,-3.706,-5.319,-10.241,-13.424,-11.296,-6.725,2.720,10.167,17.305,20.316,19.350,19.014,16.771
16.236,12.651,10.700,9.566,8.655,8.060,6.597,5.830,2.957,-1.097,-3.984,-3.558,-5.179,-10.093,-13.258,-11.125,-6.557,2.858,10.283,17.408,20.420,19.467,19.134,16.901
16.341,12.757,10.811,9.673,8.766,8.171,6.723,5.960,3.096,-0.948,-3.843,-3.449,-5.079,-10.004,-13.208,-11.063,-6.492,2.949,10.410,17.532,20.552,19.592,19.248,17.008
16.435,12.868,10.933,9.782,8.891,8.291,6.864,6.081,3.218,-0.832,-3.665,-3.252,-4.926,-9.896,-13.100,-10.988,-6.366,3.088,10.488,17.681,20.726,19.697,19.370,17.122
16.578,13.030,11.103,9.965,9.073,8.470,7.050,6.253,3.394,-0.658,-3.455,-3.027,-4.746,-9.739,-12.931,-10.825,-6.170,3.260,10.606,17.825,20.895,19.840,19.525,17.286
16.717,13.180,11.261,10.124,9.236,8.634,7.224,6.429,3.580,-0.460,-3.248,-2.829,-4.551,-9.538,-12.735,-10.632,-5.984,3.432,10.766,17.971,21.038,19.979,19.662,17.426
16.966,13.433,11.505,10.401,9.491,8.894,7.450,6.663,3.812,-0.226,-3.040,-2.590,-4.279,-9.204,-12.331,-10.216,-5.618,3.706,11.003,18.133,21.169,20.182,19.870,17.663
17.071,13.540,11.622,10.507,9.609,9.018,7.596,6.834,4.009,0.010,-2.838,-2.456,-4.107,-8.999,-12.209,-10.081,-5.524,3.830,11.195,18.254,21.264,20.300,19.961,17.748
17.143,13.610,11.707,10.558,9.684,9.093,7.711,6.956,4.148,0.170,-2.674,-2.357,-4.013,-8.937,-12.183,-10.052,-5.506,3.894,11.328,18.409,21.428,20.417,20.059,17.818
17.231,13.701,11.793,10.654,9.774,9.181,7.789,7.025,4.208,0.217,-2.613,-2.267,-3.938,-8.868,-12.110,-9.987,-5.414,3.984,11.381,18.480,21.508,20.494,20.148,17.914
17.298,13.771,11.875,10.718,9.853,9.261,7.894,7.138,4.337,0.368,-2.464,-2.161,-3.827,-8.762,-12.054,-9.931,-5.366,4.064,11.498,18.589,21.614,20.582,20.222,17.976
17.433,13.917,12.025,10.886,10.013,9.425,8.058,7.310,4.521,0.567,-2.279,-1.994,-3.660,-8.571,-11.865,-9.723,-5.181,4.214,11.653,18.695,21.714,20.712,20.345,18.111
17.576,14.084,12.213,11.057,10.208,9.620,8.290,7.542,4.778,0.853,-1.952,-1.694,-3.368,-8.285,-11.606,-9.491,-4.949,4.443,11.852,18.895,21.911,20.864,20.495,18.256
17.669,14.186,12.318,11.170,10.319,9.731,8.400,7.646,4.883,0.957,-1.832,-1.560,-3.250,-8.171,-11.537,-9.413,-4.836,4.557,11.934,18.983,22.005,20.952,20.590,18.357
17.738,14.255,12.395,11.235,10.394,9.803,8.497,7.743,4.989,1.068,-1.720,-1.491,-3.209,-8.167,-11.476,-9.365,-4.814,4.594,12.020,19.096,22.143,21.059,20.685,18.436
17.829,14.348,12.496,11.312,10.489,9.898,8.615,7.865,5.120,1.215,-1.561,-1.356,-3.065,-8.032,-11.436,-9.329,-4.754,4.710,12.152,19.239,22.280,21.164,20.784,18.520
17.933,14.449,12.602,11.409,10.592,10.005,8.732,7.998,5.266,1.383,-1.418,-1.253,-2.932,-7.876,-11.312,-9.197,-4.655,4.819,12.308,19.352,22.374,21.275,20.878,18.609
18.001,14.514,12.677,11.457,10.660,10.075,8.834,8.116,5.402,1.546,-1.270,-1.172,-2.834,-7.783,-11.297,-9.176,-4.651,4.883,12.448,19.477,22.492,21.376,20.955,18.666
18.130,14.648,12.816,11.572,10.793,10.205,8.973,8.237,5.516,1.650,-1.109,-0.967,-2.635,-7.608,-11.092,-9.024,-4.469,5.069,12.562,19.654,22.671,21.494,21.096,18.799
18.204,14.734,12.904,11.676,10.890,10.300,9.065,8.319,5.597,1.723,-1.016,-0.858,-2.560,-7.547,-11.015,-8.944,-4.365,5.151,12.606,19.715,22.751,21.566,21.177,18.889
18.391,14.921,13.090,11.863,11.077,10.489,9.248,8.507,5.786,1.919,-0.825,-0.659,-2.336,-7.298,-10.743,-8.680,-4.126,5.363,12.805,19.888,22.904,21.735,21.347,19.065
18.489,15.021,13.200,11.949,11.182,10.595,9.381,8.645,5.936,2.088,-0.648,-0.517,-2.187,-7.158,-10.649,-8.597,-4.046,5.481,12.951,20.039,23.051,21.852,21.455,19.157
18.642,15.185,13.373,12.131,11.364,10.782,9.575,8.856,6.168,2.348,-0.407,-0.312,-1.961,-6.896,-10.402,-8.335,-3.827,5.668,13.156,20.175,23.167,22.000,21.589,19.300
18.789,15.335,13.525,12.285,11.518,10.940,9.734,9.027,6.348,2.545,-0.229,-0.151,-1.775,-6.679,-10.187,-8.114,-3.640,5.835,13.337,20.309,23.281,22.140,21.720,19.436
18.922,15.471,13.657,12.432,11.656,11.077,9.857,9.145,6.460,2.649,-0.120,-0.015,-1.641,-6.535,-10.005,-7.933,-3.461,5.978,13.444,20.410,23.381,22.254,21.843,19.572
19.051,15.604,13.789,12.589,11.797,11.223,9.992,9.293,6.617,2.818,0.011,0.095,-1.525,-6.386,-9.858,-7.751,-3.311,6.092,13.586,20.487,23.449,22.378,21.954,19.698
19.127,15.693,13.888,12.685,11.901,11.325,10.112,9.406,6.739,2.945,0.165,0.239,-1.413,-6.301,-9.793,-7.692,-3.226,6.188,13.665,20.593,23.575,22.469,22.047,19.787
19.229,15.804,14.003,12.809,12.023,11.447,10.238,9.530,6.869,3.080,0.306,0.375,-1.291,-6.179,-9.674,-7.567,-3.098,6.302,13.769,20.689,23.677,22.572,22.151,19.895
19.446,16.031,14.229,13.055,12.260,11.687,10.462,9.760,7.103,3.321,0.542,0.631,-1.014,-5.859,-9.304,-7.197,-2.764,6.563,13.988,20.855,23.820,22.755,22.339,20.104
19.580,16.161,14.356,13.187,12.386,11.816,10.582,9.887,7.230,3.453,0.654,0.741,-0.883,-5.703,-9.139,-7.024,-2.615,6.695,14.131,20.965,23.915,22.879,22.458,20.229
19.663,16.253,14.451,13.290,12.487,11.916,10.683,9.980,7.323,3.542,0.762,0.861,-0.787,-5.621,-9.047,-6.936,-2.508,6.790,14.197,21.049,24.013,22.962,22.549,20.324
19.797,16.389,14.586,13.431,12.625,12.054,10.816,10.115,7.459,3.680,0.895,1.000,-0.638,-5.457,-8.867,-6.755,-2.341,6.935,14.333,21.165,24.120,23.085,22.673,20.455
19.895,16.490,14.686,13.539,12.728,12.157,10.914,10.209,7.551,3.766,0.987,1.102,-0.551,-5.375,-8.776,-6.662,-2.237,7.031,14.413,21.254,24.217,23.181,22.773,20.559
19.988,16.589,14.788,13.646,12.834,12.262,11.023,10.313,7.657,3.871,1.102,1.218,-0.453,-5.288,-8.691,-6.574,-2.137,7.127,14.498,21.348,24.322,23.278,22.873,20.660
20.160,16.765,14.958,13.832,13.010,12.438,11.178,10.462,7.796,3.999,1.239,1.397,-0.272,-5.090,-8.437,-6.328,-1.894,7.319,14.637,21.480,24.448,23.422,23.031,20.834
20.279,16.878,15.065,13.946,13.116,12.546,11.275,10.565,7.898,4.100,1.317,1.474,-0.176,-4.975,-8.313,-6.193,-1.779,7.423,14.757,21.573,24.530,23.533,23.137,20.946
20.397,16.987,15.169,14.043,13.214,12.642,11.365,10.651,7.972,4.162,1.384,1.557,-0.092,-4.902,-8.232,-6.121,-1.694,7.524,14.855,21.698,24.658,23.650,23.260,21.063
20.524,17.124,15.310,14.194,13.362,12.790,11.513,10.798,8.124,4.319,1.547,1.723,0.065,-4.738,-8.057,-5.943,-1.519,7.672,14.981,21.812,24.773,23.771,23.383,21.195
20.664,17.281,15.473,14.371,13.537,12.966,11.692,10.974,8.310,4.513,1.756,1.937,0.265,-4.530,-7.833,-5.721,-1.299,7.852,15.125,21.939,24.901,23.902,23.519,21.342
20.792,17.397,15.585,14.470,13.640,13.069,11.795,11.079,8.409,4.608,1.843,2.022,0.364,-4.435,-7.748,-5.640,-1.219,7.960,15.255,22.081,25.039,24.034,23.648,21.462
20.896,17.498,15.691,14.554,13.739,13.164,11.910,11.188,8.518,4.714,1.969,2.135,0.461,-4.375,-7.725,-5.629,-1.178,8.055,15.365,22.240,25.214,24.162,23.776,21.572
21.023,17.634,15.834,14.700,13.886,13.311,12.066,11.341,8.678,4.879,2.143,2.299,0.604,-4.244,-7.607,-5.508,-1.045,8.189,15.496,22.376,25.362,24.299,23.912,21.708
21.184,17.800,15.996,14.882,14.056,13.480,12.222,11.491,8.824,5.015,2.283,2.458,0.747,-4.100,-7.436,-5.328,-0.858,8.346,15.625,22.504,25.499,24.450,24.070,21.878
21.320,17.933,16.127,15.008,14.183,13.606,12.345,11.610,8.936,5.119,2.394,2.584,0.870,-3.985,-7.312,-5.213,-0.731,8.479,15.747,22.647,25.644,24.585,24.211,22.016
21.490,18.106,16.299,15.186,14.359,13.785,12.519,11.792,9.123,5.318,2.582,2.771,1.082,-3.741,-7.052,-4.953,-0.503,8.674,15.937,22.795,25.771,24.738,24.360,22.175
21.653,18.275,16.477,15.347,14.535,13.962,12.710,11.987,9.326,5.536,2.817,3.000,1.328,-3.487,-6.802,-4.726,-0.289,8.887,16.136,22.989,25.950,24.897,24.520,22.330
21.784,18.401,16.607,15.461,14.660,14.088,12.854,12.139,9.488,5.713,2.981,3.124,1.466,-3.352,-6.713,-4.632,-0.206,9.009,16.307,23.152,26.108,25.047,24.656,22.452
21.917,18.534,16.744,15.588,14.794,14.224,13.001,12.294,9.651,5.888,3.149,3.266,1.619,-3.195,-6.584,-4.502,-0.088,9.146,16.473,23.305,26.254,25.191,24.789,22.579
22.101,18.723,16.931,15.801,14.991,14.424,13.184,12.484,9.844,6.085,3.323,3.442,1.799,-2.984,-6.349,-4.243,0.147,9.329,16.651,23.431,26.373,25.358,24.954,22.762
22.250,18.876,17.082,15.965,15.146,14.578,13.330,12.621,9.976,6.206,3.453,3.594,1.931,-2.860,-6.203,-4.095,0.311,9.475,16.768,23.562,26.516,25.501,25.106,22.921
22.526,19.154,17.347,16.279,15.427,14.863,13.571,12.869,10.218,6.442,3.651,3.826,2.183,-2.547,-5.816,-3.677,0.684,9.748,17.009,23.722,26.655,25.731,25.340,23.192
22.661,19.299,17.500,16.418,15.580,15.015,13.738,13.032,10.387,6.619,3.857,4.035,2.389,-2.349,-5.618,-3.505,0.864,9.928,17.161,23.892,26.823,25.866,25.481,23.328
22.840,19.472,17.675,16.575,15.748,15.184,13.916,13.214,10.570,6.807,4.047,4.212,2.582,-2.159,-5.447,-3.344,1.020,10.111,17.362,24.099,27.023,26.051,25.662,23.499
23.028,19.667,17.868,16.787,15.949,15.385,14.108,13.400,10.754,6.985,4.229,4.410,2.760,-1.981,-5.248,-3.136,1.236,10.298,17.524,24.259,27.193,26.232,25.849,23.697
23.206,19.855,18.065,16.986,16.152,15.589,14.324,13.624,10.993,7.242,4.482,4.636,2.988,-1.741,-5.027,-2.908,1.448,10.500,17.736,24.441,27.370,26.415,26.023,23.873
23.366,20.009,18.214,17.150,16.303,15.744,14.468,13.782,11.155,7.413,4.607,4.737,3.106,-1.595,-4.893,-2.740,1.584,10.626,17.910,24.561,27.479,26.575,26.168,24.025
23.583,20.224,18.428,17.375,16.521,15.968,14.684,14.018,11.403,7.680,4.835,4.940,3.350,-1.300,-4.597,-2.425,1.843,10.851,18.167,24.737,27.625,26.777,26.355,24.223
23.767,20.412,18.617,17.569,16.713,16.159,14.876,14.207,11.592,7.867,5.025,5.129,3.524,-1.135,-4.435,-2.258,2.021,11.030,18.342,24.921,27.818,26.966,26.546,24.414
23.996,20.651,18.864,17.835,16.971,16.420,15.147,14.491,11.897,8.195,5.322,5.374,3.760,-0.882,-4.223,-2.005,2.251,11.248,18.607,25.126,28.027,27.210,26.769,24.645
24.283,20.940,19.146,18.121,17.254,16.704,15.412,14.748,12.142,8.428,5.575,5.680,4.082,-0.545,-3.821,-1.630,2.621,11.573,18.866,25.392,28.278,27.464,27.042,24.929
24.607,21.280,19.494,18.453,17.604,17.052,15.765,15.086,12.475,8.761,5.978,6.144,4.552,-0.075,-3.285,-1.161,3.101,12.007,19.183,25.747,28.618,27.753,27.360,25.252
24.971,21.639,19.868,18.788,17.968,17.429,16.174,15.543,12.971,9.329,6.489,6.554,5.075,0.532,-2.750,-0.628,3.516,12.436,19.718,26.149,28.942,28.118,27.682,25.560
25.132,21.807,20.059,18.937,18.151,17.612,16.418,15.798,13.256,9.651,6.821,6.794,5.307,0.729,-2.673,-0.555,3.597,12.612,19.974,26.421,29.224,28.337,27.874,25.719
25.536,22.192,20.411,19.338,18.507,17.968,16.699,16.073,13.494,9.842,6.972,7.035,5.565,1.029,-2.255,-0.113,4.023,12.953,20.270,26.689,29.482,28.685,28.243,26.122
25.759,22.422,20.638,19.587,18.743,18.198,16.919,16.272,13.680,10.001,7.158,7.257,5.726,1.151,-2.109,0.040,4.231,13.150,20.419,26.893,29.726,28.911,28.486,26.373
26.111,22.739,20.966,19.831,19.034,18.501,17.275,16.682,14.124,10.513,7.590,7.544,6.146,1.619,-1.794,0.352,4.439,13.494,20.973,27.360,30.119,29.308,28.822,26.658
26.522,23.163,21.399,20.255,19.470,18.934,17.726,17.122,14.567,10.956,8.075,8.033,6.605,2.046,-1.374,0.751,4.870,13.937,21.381,27.813,30.589,29.730,29.253,27.082
26.910,23.550,21.813,20.582,19.861,19.321,18.192,17.587,15.053,11.473,8.651,8.540,7.114,2.488,-1.053,1.010,5.165,14.376,21.871,28.393,31.176,30.179,29.689,27.462
27.371,23.964,22.204,20.935,20.218,19.672,18.530,17.918,15.348,11.726,8.882,8.788,7.380,2.708,-0.856,1.198,5.391,14.719,22.286,28.898,31.691,30.666,30.176,27.915
27.866,24.421,22.681,21.303,20.649,20.099,19.053,18.461,15.913,12.323,9.457,9.194,7.790,3.014,-0.809,1.247,5.482,15.102,22.917,29.626,32.448,31.297,30.751,28.396
28.591,25.174,23.467,22.034,21.432,20.878,19.902,19.295,16.772,13.209,10.442,10.151,8.712,3.874,-0.009,1.977,6.262,15.942,23.707,30.504,33.343,32.056,31.518,29.133
29.951,26.497,24.815,23.226,22.718,22.139,21.296,20.651,18.121,14.532,11.865,11.461,9.905,4.798,0.627,2.551,7.052,17.158,25.100,32.246,35.207,33.610,33.055,30.533
