18.333,18.302,14.716,15.113,16.944,21.903,25.089,35.443,38.138,36.758,31.220,25.191,22.213,24.081,25.353,32.489,36.785,42.127,42.715,40.314,35.184,28.721,25.688,20.318
22.869,22.946,20.866,19.645,21.855,25.945,30.568,40.734,43.432,41.294,35.444,29.803,27.175,28.735,29.835,36.377,39.847,46.100,46.991,43.976,39.064,32.374,29.143,24.115
24.756,24.937,23.402,21.587,23.597,27.307,32.708,42.609,45.259,42.934,36.991,31.393,28.958,30.396,31.592,37.680,40.848,47.429,48.542,45.401,40.669,33.965,30.763,25.841
26.035,26.374,25.143,22.956,24.579,27.989,34.173,43.829,46.329,43.915,37.964,32.286,30.052,31.336,32.826,38.293,41.319,48.175,49.410,46.299,41.848,35.150,32.080,27.192
26.467,26.841,25.519,23.448,25.000,28.387,34.520,44.098,46.487,44.115,38.295,32.645,30.455,31.674,33.263,38.527,41.593,48.373,49.493,46.493,42.183,35.562,32.585,27.733
27.394,27.759,26.530,24.452,26.035,29.298,35.292,44.641,46.954,44.594,38.929,33.467,31.347,32.507,34.039,39.139,42.094,48.736,49.512,46.830,42.667,36.205,33.294,28.593
28.113,28.450,27.124,25.260,27.043,30.266,35.801,45.029,47.070,44.819,39.474,34.269,32.188,33.247,34.721,39.671,42.620,49.005,49.596,46.846,42.955,36.676,33.855,29.327
28.517,28.814,27.310,25.746,27.691,30.934,35.928,45.037,47.190,44.856,39.715,34.732,32.662,33.659,35.068,39.943,42.927,49.008,49.781,46.952,42.972,36.888,34.159,29.774
28.931,29.248,27.761,26.206,28.200,31.373,36.332,45.391,47.326,45.045,40.051,35.159,33.140,34.055,35.501,40.197,43.160,49.213,49.796,46.959,43.230,37.199,34.523,30.211
29.273,29.612,28.163,26.565,28.383,31.522,36.631,45.577,47.525,45.288,40.268,35.321,33.327,34.263,35.754,40.386,43.322,49.382,49.879,47.262,43.543,37.540,34.893,30.566
29.695,30.077,28.785,27.003,28.735,31.761,37.151,46.030,47.955,45.659,40.604,35.645,33.714,34.606,36.157,40.624,43.482,49.664,50.227,47.578,43.923,37.903,35.271,30.962
30.042,30.421,29.101,27.391,29.092,32.095,37.377,46.143,47.994,45.781,40.813,35.914,34.005,34.883,36.429,40.829,43.674,49.751,50.246,47.691,44.095,38.164,35.580,31.323
30.307,30.699,29.380,27.689,29.392,32.355,37.612,46.256,48.029,45.897,41.006,36.158,34.281,35.114,36.687,40.972,43.807,49.847,50.262,47.766,44.253,38.366,35.823,31.609
30.484,30.859,29.457,27.896,29.596,32.582,37.645,46.265,48.037,45.901,41.091,36.296,34.416,35.253,36.804,41.085,43.939,49.852,50.269,47.777,44.292,38.490,35.985,31.810
30.585,30.975,29.493,28.019,29.618,32.624,37.674,46.283,48.045,45.910,41.142,36.312,34.439,35.276,36.885,41.109,44.004,49.861,50.270,47.849,44.398,38.632,36.172,31.983
30.866,31.243,29.687,28.342,29.902,32.915,37.785,46.326,48.055,45.946,41.280,36.507,34.642,35.481,37.076,41.266,44.169,49.874,50.270,47.904,44.499,38.840,36.432,32.291
31.046,31.444,29.846,28.548,30.040,33.043,37.926,46.354,48.082,46.025,41.406,36.625,34.781,35.597,37.251,41.342,44.267,49.945,50.282,47.999,44.655,39.028,36.666,32.529
31.328,31.712,30.021,28.870,30.381,33.398,38.063,46.416,48.151,46.093,41.593,36.887,35.048,35.847,37.489,41.540,44.488,50.020,50.287,48.003,44.753,39.242,36.931,32.847
31.495,31.894,30.233,29.037,30.540,33.536,38.279,46.585,48.210,46.204,41.757,37.056,35.231,36.012,37.680,41.686,44.557,50.063,50.317,48.060,44.776,39.272,36.938,32.973
31.599,31.953,30.360,29.160,30.808,33.766,38.325,46.611,48.240,46.285,41.773,37.227,35.398,36.180,37.697,41.734,44.627,50.198,50.421,48.235,44.970,39.416,37.106,33.019
31.718,32.082,30.424,29.288,30.850,33.823,38.333,46.645,48.272,46.295,41.870,37.233,35.421,36.201,37.800,41.851,44.785,50.206,50.454,48.254,44.993,39.543,37.258,33.225
31.900,32.252,30.568,29.476,31.027,34.020,38.485,46.710,48.340,46.420,42.007,37.413,35.584,36.387,37.945,42.008,44.908,50.299,50.495,48.347,45.086,39.659,37.369,33.366
32.095,32.452,30.789,29.682,31.345,34.305,38.727,46.970,48.495,46.540,42.228,37.705,35.895,36.641,38.199,42.169,45.062,50.422,50.526,48.362,45.225,39.797,37.514,33.554
32.186,32.556,30.868,29.806,31.441,34.378,38.768,46.986,48.563,46.588,42.247,37.753,35.968,36.683,38.275,42.191,45.080,50.485,50.607,48.425,45.231,39.851,37.611,33.681
32.417,32.815,31.322,30.007,31.634,34.484,39.199,47.444,49.004,46.941,42.526,37.990,36.236,36.934,38.542,42.395,45.207,50.770,50.944,48.704,45.555,40.077,37.789,33.838
32.581,32.936,31.410,30.168,31.854,34.742,39.260,47.473,49.071,47.048,42.656,38.173,36.387,37.126,38.641,42.619,45.424,50.882,51.060,48.821,45.618,40.187,37.880,33.955
32.715,33.102,31.715,30.277,31.918,34.745,39.562,47.818,49.442,47.342,42.841,38.292,36.530,37.259,38.815,42.748,45.504,51.138,51.409,49.093,45.875,40.355,38.016,34.055
32.804,33.192,31.817,30.358,32.006,34.834,39.669,47.878,49.482,47.406,42.955,38.397,36.633,37.361,38.920,42.859,45.615,51.194,51.432,49.147,45.957,40.457,38.109,34.139
32.891,33.270,31.856,30.472,32.121,34.947,39.680,47.957,49.587,47.473,42.958,38.451,36.694,37.415,38.959,42.872,45.628,51.274,51.550,49.221,45.995,40.484,38.167,34.235
33.018,33.425,32.103,30.590,32.193,34.968,39.906,48.127,49.730,47.611,43.102,38.552,36.820,37.524,39.112,42.960,45.684,51.368,51.659,49.335,46.154,40.630,38.302,34.351
33.134,33.535,32.174,30.720,32.298,35.086,39.949,48.129,49.737,47.642,43.167,38.629,36.895,37.609,39.189,43.041,45.773,51.394,51.681,49.387,46.213,40.730,38.419,34.480
33.220,33.613,32.201,30.810,32.403,35.216,39.995,48.177,49.769,47.703,43.256,38.729,36.985,37.701,39.278,43.143,45.900,51.475,51.728,49.459,46.289,40.823,38.522,34.586
33.338,33.746,32.379,30.934,32.496,35.274,40.143,48.306,49.887,47.804,43.349,38.815,37.092,37.793,39.393,43.201,45.937,51.551,51.821,49.545,46.399,40.927,38.634,34.701
33.473,33.888,32.577,31.071,32.631,35.375,40.309,48.454,50.037,47.930,43.462,38.937,37.229,37.920,39.519,43.299,46.003,51.650,51.941,49.645,46.508,41.031,38.733,34.812
33.606,34.019,32.751,31.205,32.796,35.515,40.462,48.602,50.183,48.053,43.584,39.086,37.386,38.067,39.649,43.419,46.096,51.759,52.046,49.732,46.602,41.124,38.819,34.916
33.703,34.129,32.879,31.310,32.902,35.596,40.587,48.726,50.280,48.130,43.676,39.185,37.503,38.157,39.766,43.472,46.144,51.831,52.094,49.785,46.692,41.211,38.918,35.024
33.814,34.244,32.998,31.431,32.991,35.673,40.671,48.771,50.321,48.185,43.741,39.253,37.580,38.234,39.848,43.532,46.195,51.866,52.143,49.846,46.764,41.303,39.023,35.138
33.893,34.331,33.111,31.509,33.042,35.709,40.773,48.868,50.420,48.276,43.814,39.311,37.645,38.297,39.926,43.589,46.241,51.943,52.243,49.937,46.858,41.387,39.106,35.214
33.958,34.402,33.181,31.575,33.109,35.773,40.854,48.960,50.501,48.349,43.891,39.383,37.722,38.365,40.008,43.650,46.308,52.021,52.309,50.006,46.939,41.461,39.184,35.290
34.063,34.522,33.352,31.678,33.191,35.824,41.012,49.119,50.658,48.479,43.995,39.474,37.828,38.458,40.124,43.722,46.360,52.131,52.441,50.119,47.065,41.565,39.286,35.388
34.132,34.587,33.400,31.756,33.262,35.897,41.044,49.126,50.658,48.496,44.034,39.525,37.881,38.512,40.173,43.767,46.407,52.144,52.446,50.141,47.095,41.618,39.350,35.462
34.217,34.672,33.515,31.836,33.327,35.954,41.142,49.217,50.766,48.599,44.113,39.594,37.950,38.591,40.244,43.852,46.476,52.232,52.570,50.247,47.185,41.700,39.422,35.529
34.287,34.755,33.607,31.906,33.362,35.980,41.234,49.309,50.856,48.685,44.185,39.641,38.005,38.642,40.322,43.901,46.526,52.312,52.665,50.343,47.288,41.791,39.518,35.613
34.369,34.843,33.712,31.986,33.422,36.032,41.336,49.411,50.960,48.783,44.267,39.710,38.078,38.714,40.406,43.972,46.592,52.401,52.772,50.443,47.389,41.881,39.607,35.695
34.458,34.939,33.808,32.074,33.522,36.128,41.453,49.550,51.086,48.894,44.381,39.820,38.193,38.814,40.524,44.065,46.692,52.523,52.873,50.543,47.503,41.983,39.710,35.795
34.542,35.033,33.905,32.163,33.588,36.184,41.547,49.640,51.164,48.969,44.458,39.888,38.269,38.882,40.614,44.120,46.749,52.593,52.942,50.619,47.596,42.074,39.811,35.893
34.645,35.134,34.034,32.261,33.682,36.270,41.661,49.748,51.287,49.086,44.555,39.982,38.364,38.984,40.704,44.226,46.838,52.698,53.073,50.734,47.696,42.168,39.895,35.976
34.712,35.209,34.129,32.327,33.772,36.344,41.771,49.880,51.405,49.177,44.645,40.078,38.468,39.069,40.802,44.292,46.900,52.793,53.147,50.798,47.778,42.232,39.957,36.042
34.800,35.311,34.270,32.412,33.842,36.391,41.911,50.031,51.551,49.297,44.744,40.161,38.564,39.152,40.908,44.361,46.956,52.902,53.271,50.906,47.897,42.329,40.052,36.130
34.898,35.409,34.373,32.516,33.968,36.506,42.006,50.120,51.629,49.368,44.832,40.270,38.679,39.256,41.007,44.444,47.033,52.971,53.319,50.957,47.963,42.404,40.130,36.223
35.036,35.560,34.575,32.649,34.106,36.615,42.212,50.348,51.851,49.553,44.993,40.422,38.844,39.404,41.174,44.573,47.144,53.147,53.502,51.115,48.133,42.543,40.262,36.352
35.100,35.631,34.663,32.713,34.165,36.662,42.300,50.439,51.938,49.627,45.061,40.485,38.914,39.465,41.247,44.625,47.191,53.217,53.574,51.181,48.208,42.609,40.329,36.416
35.215,35.732,34.743,32.834,34.350,36.855,42.385,50.527,52.012,49.702,45.174,40.646,39.070,39.612,41.365,44.757,47.325,53.306,53.611,51.228,48.264,42.687,40.408,36.522
35.320,35.842,34.884,32.939,34.449,36.936,42.510,50.646,52.133,49.809,45.270,40.742,39.174,39.712,41.466,44.843,47.394,53.399,53.719,51.323,48.363,42.780,40.498,36.614
35.439,35.975,35.082,33.047,34.500,36.961,42.687,50.819,52.330,49.987,45.389,40.817,39.259,39.805,41.579,44.943,47.470,53.548,53.941,51.514,48.536,42.919,40.624,36.718
35.505,36.047,35.135,33.113,34.515,36.986,42.741,50.863,52.378,50.054,45.447,40.844,39.285,39.841,41.636,44.995,47.535,53.612,54.028,51.613,48.632,43.016,40.729,36.805
35.581,36.133,35.224,33.183,34.549,37.022,42.844,50.981,52.503,50.177,45.543,40.904,39.344,39.905,41.724,45.077,47.625,53.735,54.177,51.756,48.767,43.129,40.840,36.894
35.670,36.222,35.314,33.271,34.649,37.122,42.942,51.088,52.606,50.273,45.642,41.006,39.447,40.003,41.824,45.172,47.722,53.837,54.267,51.846,48.860,43.219,40.928,36.984
35.739,36.289,35.343,33.346,34.720,37.209,42.981,51.122,52.631,50.317,45.707,41.073,39.510,40.067,41.892,45.241,47.808,53.892,54.302,51.902,48.923,43.296,41.017,37.073
35.810,36.369,35.397,33.419,34.724,37.224,43.032,51.157,52.668,50.382,45.763,41.090,39.527,40.095,41.951,45.287,47.872,53.953,54.392,52.011,49.030,43.406,41.139,37.174
35.917,36.479,35.539,33.515,34.791,37.286,43.169,51.298,52.834,50.540,45.879,41.177,39.612,40.195,42.051,45.407,47.980,54.098,54.587,52.183,49.177,43.530,41.249,37.266
35.974,36.539,35.540,33.576,34.858,37.379,43.212,51.365,52.881,50.600,45.965,41.257,39.685,40.260,42.138,45.484,48.093,54.189,54.634,52.257,49.265,43.622,41.354,37.363
36.075,36.642,35.644,33.672,34.942,37.468,43.324,51.486,53.010,50.730,46.079,41.355,39.780,40.361,42.243,45.599,48.211,54.321,54.780,52.397,49.394,43.740,41.467,37.465
36.151,36.726,35.723,33.744,34.987,37.517,43.417,51.591,53.114,50.834,46.170,41.419,39.845,40.426,42.331,45.675,48.298,54.429,54.899,52.518,49.515,43.847,41.576,37.558
36.290,36.858,35.869,33.885,35.141,37.664,43.541,51.698,53.228,50.948,46.288,41.555,39.981,40.567,42.451,45.807,48.415,54.532,55.007,52.621,49.614,43.957,41.683,37.677
36.384,36.952,35.954,33.985,35.214,37.738,43.609,51.740,53.270,51.007,46.354,41.618,40.046,40.637,42.524,45.875,48.484,54.582,55.068,52.694,49.689,44.048,41.782,37.778
36.516,37.075,36.056,34.125,35.402,37.929,43.711,51.840,53.352,51.092,46.478,41.782,40.209,40.789,42.657,46.008,48.620,54.678,55.116,52.755,49.767,44.148,41.889,37.908
36.636,37.201,36.206,34.233,35.512,38.037,43.883,52.045,53.569,51.286,46.639,41.921,40.346,40.926,42.803,46.161,48.771,54.877,55.333,52.948,49.946,44.294,42.020,38.022
36.708,37.277,36.290,34.304,35.569,38.088,43.966,52.127,53.646,51.363,46.709,41.982,40.411,40.989,42.877,46.220,48.828,54.949,55.412,53.027,50.029,44.371,42.099,38.097
36.780,37.345,36.299,34.381,35.637,38.185,43.993,52.128,53.649,51.414,46.783,42.051,40.469,41.055,42.947,46.307,48.944,55.020,55.463,53.106,50.107,44.466,42.206,38.198
36.887,37.446,36.361,34.500,35.703,38.267,44.021,52.154,53.670,51.438,46.829,42.094,40.509,41.113,43.003,46.370,49.017,55.031,55.484,53.167,50.167,44.566,42.324,38.320
37.013,37.557,36.392,34.641,35.918,38.510,44.081,52.194,53.678,51.491,46.958,42.280,40.685,41.273,43.144,46.516,49.195,55.122,55.492,53.201,50.229,44.668,42.446,38.470
37.106,37.646,36.476,34.731,35.996,38.597,44.162,52.270,53.766,51.589,47.048,42.361,40.761,41.361,43.225,46.619,49.299,55.219,55.598,53.314,50.327,44.768,42.541,38.560
37.197,37.757,36.625,34.819,36.030,38.609,44.305,52.416,53.914,51.721,47.144,42.417,40.830,41.425,43.328,46.679,49.351,55.334,55.752,53.455,50.474,44.887,42.661,38.660
37.262,37.823,36.673,34.888,36.093,38.677,44.354,52.459,53.948,51.764,47.201,42.476,40.890,41.483,43.391,46.733,49.413,55.380,55.787,53.503,50.531,44.953,42.736,38.736
37.382,37.940,36.771,35.013,36.164,38.759,44.424,52.489,53.992,51.843,47.279,42.538,40.948,41.562,43.470,46.827,49.510,55.445,55.887,53.619,50.635,45.078,42.870,38.863
37.454,38.012,36.777,35.093,36.278,38.897,44.476,52.569,54.038,51.899,47.381,42.654,41.059,41.655,43.579,46.917,49.639,55.538,55.906,53.671,50.714,45.168,42.977,38.975
37.535,38.109,36.851,35.174,36.352,38.975,44.595,52.725,54.169,52.018,47.505,42.755,41.165,41.741,43.710,47.002,49.750,55.680,56.015,53.792,50.860,45.294,43.113,39.096
37.639,38.233,36.994,35.274,36.450,39.061,44.774,52.946,54.370,52.183,47.656,42.886,41.308,41.858,43.869,47.107,49.860,55.856,56.173,53.939,51.031,45.429,43.249,39.219
37.751,38.363,37.126,35.378,36.455,39.062,44.907,53.074,54.517,52.348,47.770,42.922,41.346,41.915,43.974,47.200,49.965,56.007,56.396,54.163,51.237,45.610,43.433,39.358
37.949,38.571,37.444,35.562,36.625,39.189,45.192,53.361,54.831,52.613,47.970,43.108,41.546,42.115,44.169,47.386,50.099,56.233,56.675,54.400,51.457,45.789,43.585,39.505
38.050,38.683,37.460,35.683,36.797,39.383,45.281,53.495,54.892,52.675,48.116,43.280,41.723,42.245,44.346,47.486,50.257,56.353,56.691,54.441,51.569,45.916,43.749,39.681
38.244,38.863,37.627,35.890,37.040,39.624,45.418,53.596,54.982,52.780,48.265,43.479,41.923,42.441,44.510,47.655,50.417,56.452,56.742,54.525,51.666,46.054,43.896,39.862
38.443,39.059,37.803,36.095,37.286,39.872,45.608,53.797,55.162,52.955,48.471,43.713,42.158,42.660,44.726,47.857,50.628,56.642,56.883,54.678,51.840,46.238,44.087,40.068
38.637,39.257,38.007,36.298,37.536,40.105,45.817,54.016,55.352,53.122,48.670,43.946,42.402,42.876,44.945,48.035,50.801,56.817,57.005,54.804,52.000,46.403,44.259,40.263
38.850,39.480,38.324,36.492,37.683,40.219,46.105,54.304,55.681,53.422,48.887,44.119,42.583,43.073,45.144,48.246,50.971,57.077,57.363,55.108,52.268,46.627,44.456,40.435
39.057,39.693,38.579,36.688,37.868,40.391,46.363,54.578,55.971,53.689,49.115,44.325,42.792,43.285,45.361,48.465,51.176,57.335,57.612,55.372,52.517,46.847,44.660,40.626
39.263,39.887,38.702,36.924,38.209,40.737,46.496,54.702,56.029,53.755,49.298,44.604,43.077,43.527,45.586,48.645,51.376,57.434,57.655,55.381,52.595,46.985,44.831,40.855
39.447,40.089,38.866,37.098,38.357,40.908,46.731,54.997,56.311,54.030,49.555,44.808,43.277,43.718,45.832,48.866,51.639,57.743,57.904,55.682,52.902,47.253,45.104,41.090
39.726,40.368,39.209,37.352,38.628,41.168,47.092,55.402,56.751,54.430,49.888,45.116,43.579,44.031,46.132,49.207,51.957,58.139,58.349,56.073,53.252,47.551,45.365,41.330
39.945,40.561,39.278,37.574,38.875,41.489,47.204,55.523,56.874,54.616,50.122,45.361,43.789,44.268,46.341,49.498,52.305,58.374,58.536,56.306,53.462,47.799,45.623,41.584
40.234,40.844,39.511,37.890,39.107,41.729,47.362,55.575,56.921,54.736,50.290,45.539,43.971,44.470,46.541,49.684,52.496,58.462,58.646,56.473,53.643,48.054,45.915,41.894
40.513,41.136,39.729,38.204,39.549,42.160,47.643,55.899,57.132,54.915,50.602,45.942,44.398,44.807,46.918,49.926,52.777,58.699,58.673,56.559,53.852,48.294,46.202,42.236
40.813,41.479,40.148,38.483,39.765,42.339,48.109,56.435,57.665,55.383,50.985,46.236,44.714,45.100,47.299,50.223,53.071,59.162,59.184,57.027,54.331,48.682,46.578,42.559
41.303,41.943,40.522,38.963,40.181,42.830,48.489,56.792,58.074,55.876,51.462,46.669,45.106,45.560,47.727,50.779,53.666,59.669,59.751,57.621,54.850,49.226,47.117,43.064
41.882,42.517,40.910,39.528,40.999,43.741,49.147,57.692,58.880,56.628,52.311,47.565,45.965,46.346,48.545,51.599,54.619,60.607,60.401,58.309,55.591,49.913,47.804,43.743
42.666,43.316,41.457,40.304,42.230,45.071,50.135,59.089,60.075,57.679,53.545,48.907,47.280,47.486,49.770,52.720,55.933,61.953,61.218,59.181,56.615,50.835,48.739,44.692
43.531,44.230,42.264,41.139,43.283,46.165,51.283,60.575,61.435,58.896,54.790,50.119,48.489,48.569,50.995,53.815,57.161,63.361,62.341,60.303,57.834,51.896,49.796,45.694
45.358,45.890,43.128,43.015,46.128,49.387,52.728,62.437,63.006,60.539,57.056,52.873,51.073,51.005,53.215,56.285,60.013,65.544,63.488,61.730,59.414,53.673,51.636,47.728
