18.761,20.059,20.474,19.453,19.502,20.196,28.746,36.876,41.090,39.453,38.458,33.686,32.023,30.585,27.998,22.558,22.946,26.359,29.079,26.845,13.842,9.625,7.867,3.958
21.655,22.286,22.675,21.922,21.368,22.194,31.092,39.491,43.732,42.012,40.535,36.304,34.047,32.423,29.641,26.088,25.754,27.885,31.362,28.339,16.896,13.314,11.428,7.208
22.919,23.134,23.594,23.350,22.526,23.388,32.382,41.185,45.246,43.175,41.356,37.841,35.444,33.815,31.029,28.395,27.637,29.417,32.790,29.925,19.628,16.004,14.136,9.877
23.945,24.004,24.461,24.435,23.455,24.331,33.297,42.115,45.990,43.908,42.025,38.744,36.321,34.711,31.932,29.649,28.762,30.394,33.675,30.929,21.077,17.604,15.724,11.457
25.018,25.139,25.583,25.406,24.546,25.387,34.060,42.564,46.454,44.433,42.621,39.343,36.981,35.400,32.708,30.404,29.585,31.161,34.456,31.650,21.976,18.545,16.743,12.624
25.861,26.029,26.453,26.051,25.294,26.112,34.553,42.757,46.747,44.802,43.035,39.704,37.331,35.744,33.106,30.872,30.088,31.493,34.960,31.918,22.411,19.066,17.324,13.307
26.564,26.807,27.176,26.856,26.023,26.838,35.195,43.176,46.894,45.202,43.621,40.135,37.889,36.366,33.744,31.247,30.611,32.198,35.425,32.660,22.886,19.795,17.999,13.993
26.994,27.181,27.563,27.285,26.446,27.257,35.561,43.549,47.260,45.505,43.872,40.517,38.257,36.737,34.136,31.797,31.099,32.608,35.834,33.066,23.540,20.428,18.660,14.685
27.453,27.670,28.057,27.687,26.936,27.725,35.869,43.717,47.472,45.705,44.089,40.763,38.531,37.023,34.474,32.137,31.464,32.938,36.184,33.366,23.972,20.827,19.116,15.230
27.869,28.119,28.490,28.126,27.377,28.158,36.231,43.974,47.653,45.960,44.407,41.043,38.862,37.379,34.851,32.424,31.806,33.337,36.504,33.770,24.324,21.244,19.532,15.675
28.498,28.820,29.149,28.783,28.019,28.790,36.736,44.248,47.765,46.260,44.851,41.368,39.282,37.844,35.346,32.731,32.233,33.865,36.897,34.308,24.710,21.809,20.080,16.265
28.685,29.008,29.371,28.896,28.255,29.005,36.856,44.368,48.048,46.403,44.923,41.539,39.431,37.979,35.521,32.991,32.455,34.009,37.143,34.412,25.021,21.945,20.293,16.553
28.955,29.251,29.600,29.211,28.490,29.253,37.155,44.687,48.271,46.679,45.215,41.825,39.718,38.274,35.795,33.283,32.739,34.308,37.385,34.734,25.313,22.329,20.639,16.858
29.219,29.546,29.903,29.425,28.786,29.532,37.337,44.794,48.448,46.827,45.364,41.985,39.890,38.447,36.002,33.475,32.949,34.497,37.614,34.898,25.541,22.495,20.849,17.130
29.472,29.842,30.195,29.728,29.117,29.851,37.577,44.955,48.544,46.960,45.554,42.158,40.132,38.719,36.304,33.649,33.184,34.830,37.838,35.238,25.823,22.781,21.147,17.472
29.753,30.054,30.415,29.994,29.354,30.090,37.784,45.172,48.749,47.117,45.657,42.383,40.326,38.911,36.507,34.041,33.504,35.045,38.073,35.449,26.286,23.257,21.640,17.978
30.030,30.328,30.689,30.246,29.624,30.353,37.986,45.318,48.900,47.266,45.805,42.559,40.505,39.093,36.708,34.285,33.743,35.245,38.286,35.638,26.569,23.548,21.950,18.320
30.162,30.413,30.768,30.427,29.720,30.463,38.165,45.559,49.060,47.444,45.971,42.755,40.689,39.279,36.870,34.511,33.935,35.432,38.427,35.849,26.800,23.845,22.212,18.536
30.392,30.631,30.997,30.611,29.943,30.680,38.336,45.715,49.279,47.612,46.106,42.940,40.855,39.437,37.044,34.762,34.159,35.590,38.644,35.989,27.066,24.064,22.462,18.816
30.570,30.783,31.164,30.774,30.132,30.862,38.474,45.860,49.459,47.728,46.180,43.100,41.004,39.583,37.209,35.019,34.378,35.758,38.833,36.146,27.386,24.330,22.758,19.144
30.676,30.882,31.268,30.928,30.277,31.006,38.622,46.038,49.600,47.852,46.303,43.254,41.178,39.768,37.399,35.189,34.549,35.971,38.984,36.371,27.617,24.541,22.969,19.358
30.836,31.063,31.447,31.095,30.467,31.189,38.751,46.115,49.661,47.927,46.402,43.350,41.301,39.904,37.553,35.298,34.683,36.134,39.113,36.532,27.775,24.698,23.139,19.557
30.982,31.204,31.595,31.240,30.633,31.348,38.867,46.213,49.764,48.005,46.470,43.460,41.419,40.027,37.694,35.463,34.842,36.282,39.252,36.675,27.997,24.894,23.354,19.801
31.112,31.312,31.702,31.437,30.789,31.507,39.028,46.394,49.858,48.104,46.575,43.611,41.596,40.222,37.892,35.667,35.039,36.520,39.395,36.933,28.290,25.211,23.661,20.105
31.423,31.622,32.017,31.633,31.054,31.759,39.167,46.429,49.995,48.213,46.659,43.729,41.684,40.296,37.997,35.885,35.235,36.585,39.585,36.957,28.500,25.404,23.903,20.405
31.517,31.704,32.108,31.736,31.169,31.870,39.263,46.544,50.121,48.299,46.724,43.842,41.797,40.411,38.121,36.040,35.373,36.716,39.709,37.087,28.700,25.563,24.077,20.594
31.672,31.849,32.257,31.876,31.319,32.017,39.382,46.647,50.233,48.397,46.812,43.958,41.909,40.523,38.242,36.200,35.522,36.837,39.841,37.202,28.883,25.741,24.266,20.799
31.775,31.927,32.335,32.009,31.417,32.120,39.504,46.797,50.283,48.502,46.907,44.088,42.038,40.656,38.371,36.367,35.669,36.983,39.955,37.359,29.081,25.956,24.472,20.993
32.023,32.242,32.622,32.297,31.705,32.399,39.706,46.851,50.343,48.573,47.088,44.167,42.197,40.851,38.586,36.393,35.796,37.225,40.078,37.612,29.163,26.142,24.644,21.193
32.075,32.256,32.640,32.330,31.710,32.412,39.754,46.942,50.389,48.657,47.136,44.248,42.242,40.883,38.604,36.511,35.870,37.235,40.133,37.621,29.248,26.236,24.733,21.259
32.208,32.366,32.751,32.436,31.807,32.511,39.856,47.049,50.515,48.769,47.225,44.363,42.332,40.963,38.681,36.665,35.995,37.303,40.244,37.683,29.385,26.383,24.882,21.404
32.383,32.550,32.929,32.600,31.978,32.678,39.976,47.110,50.561,48.839,47.313,44.447,42.429,41.068,38.798,36.779,36.122,37.422,40.355,37.797,29.524,26.549,25.056,21.599
32.486,32.650,33.030,32.730,32.108,32.803,40.066,47.181,50.593,48.872,47.354,44.518,42.522,41.174,38.919,36.894,36.243,37.564,40.445,37.944,29.711,26.739,25.253,21.815
32.623,32.787,33.162,32.835,32.211,32.908,40.163,47.249,50.674,48.971,47.456,44.603,42.594,41.241,38.983,36.982,36.329,37.614,40.533,37.987,29.764,26.821,25.333,21.894
32.716,32.867,33.239,32.949,32.291,32.995,40.291,47.409,50.806,49.113,47.597,44.741,42.727,41.373,39.102,37.108,36.446,37.741,40.642,38.124,29.876,26.957,25.451,21.987
32.840,32.976,33.343,33.104,32.415,33.120,40.402,47.505,50.839,49.167,47.662,44.830,42.831,41.489,39.222,37.244,36.581,37.884,40.733,38.278,30.066,27.188,25.676,22.214
32.987,33.112,33.473,33.226,32.521,33.229,40.510,47.592,50.923,49.271,47.765,44.928,42.914,41.567,39.296,37.361,36.687,37.950,40.827,38.340,30.157,27.320,25.802,22.333
33.009,33.128,33.498,33.280,32.583,33.288,40.569,47.687,51.013,49.325,47.804,45.007,43.003,41.661,39.396,37.459,36.778,38.065,40.908,38.460,30.306,27.424,25.914,22.453
33.080,33.199,33.573,33.356,32.671,33.373,40.636,47.750,51.078,49.376,47.852,45.073,43.076,41.738,39.481,37.543,36.861,38.155,40.987,38.550,30.419,27.518,26.017,22.570
33.194,33.322,33.690,33.452,32.773,33.473,40.703,47.768,51.091,49.413,47.906,45.111,43.121,41.786,39.536,37.593,36.923,38.206,41.044,38.595,30.470,27.596,26.099,22.664
33.307,33.412,33.777,33.573,32.859,33.564,40.812,47.888,51.181,49.513,47.998,45.221,43.221,41.885,39.628,37.734,37.045,38.305,41.137,38.700,30.613,27.776,26.268,22.818
33.418,33.515,33.890,33.628,32.955,33.655,40.875,47.949,51.322,49.604,48.054,45.309,43.281,41.932,39.683,37.859,37.143,38.336,41.247,38.711,30.719,27.832,26.350,22.920
33.532,33.615,33.983,33.753,33.049,33.752,40.964,48.015,51.340,49.652,48.112,45.375,43.351,42.008,39.759,37.959,37.241,38.424,41.311,38.806,30.841,28.006,26.515,23.081
33.599,33.659,34.033,33.824,33.110,33.814,41.030,48.104,51.429,49.715,48.152,45.458,43.424,42.079,39.831,38.086,37.343,38.501,41.390,38.883,30.989,28.145,26.657,23.224
33.679,33.724,34.102,33.930,33.203,33.909,41.132,48.234,51.540,49.807,48.233,45.573,43.542,42.201,39.953,38.228,37.471,38.637,41.498,39.026,31.167,28.311,26.824,23.389
33.783,33.835,34.217,34.028,33.327,34.026,41.211,48.290,51.607,49.860,48.286,45.643,43.622,42.285,40.052,38.323,37.571,38.737,41.594,39.121,31.296,28.417,26.946,23.536
33.898,33.951,34.334,34.154,33.451,34.151,41.345,48.435,51.746,49.998,48.426,45.780,43.763,42.427,40.193,38.449,37.700,38.882,41.726,39.268,31.425,28.541,27.067,23.653
33.984,34.019,34.407,34.242,33.534,34.234,41.432,48.544,51.860,50.087,48.494,45.884,43.858,42.520,40.286,38.589,37.817,38.978,41.828,39.365,31.581,28.683,27.214,23.800
34.055,34.089,34.478,34.311,33.607,34.307,41.502,48.617,51.938,50.159,48.562,45.957,43.929,42.591,40.359,38.667,37.892,39.050,41.903,39.436,31.662,28.757,27.290,23.879
34.202,34.242,34.629,34.439,33.752,34.447,41.595,48.660,51.985,50.213,48.624,46.025,44.004,42.670,40.451,38.767,37.999,39.140,42.000,39.518,31.785,28.888,27.434,24.046
34.293,34.338,34.721,34.537,33.844,34.538,41.675,48.719,52.023,50.270,48.696,46.088,44.076,42.747,40.531,38.831,38.074,39.226,42.067,39.605,31.861,28.985,27.528,24.143
34.369,34.429,34.812,34.629,33.949,34.639,41.756,48.785,52.076,50.329,48.768,46.155,44.163,42.842,40.634,38.891,38.152,39.337,42.148,39.718,31.949,29.064,27.612,24.239
34.461,34.515,34.895,34.749,34.042,34.736,41.886,48.940,52.196,50.463,48.909,46.288,44.301,42.983,40.766,39.006,38.269,39.480,42.258,39.873,32.064,29.198,27.729,24.338
34.536,34.583,34.964,34.825,34.112,34.807,41.952,49.004,52.256,50.519,48.961,46.353,44.364,43.047,40.830,39.092,38.348,39.547,42.326,39.940,32.160,29.299,27.832,24.442
34.689,34.723,35.100,34.984,34.248,34.947,42.098,49.149,52.374,50.651,49.094,46.494,44.502,43.187,40.967,39.250,38.499,39.690,42.457,40.087,32.323,29.492,28.017,24.619
34.805,34.838,35.220,35.073,34.360,35.056,42.197,49.250,52.518,50.769,49.195,46.606,44.602,43.279,41.062,39.374,38.611,39.772,42.580,40.160,32.434,29.573,28.111,24.722
34.959,34.992,35.377,35.201,34.506,35.200,42.322,49.362,52.662,50.899,49.314,46.735,44.721,43.392,41.181,39.518,38.748,39.880,42.721,40.259,32.571,29.695,28.245,24.867
35.081,35.118,35.505,35.322,34.642,35.331,42.420,49.436,52.735,50.969,49.388,46.820,44.817,43.494,41.294,39.626,38.862,39.997,42.828,40.372,32.711,29.827,28.387,25.029
35.188,35.216,35.603,35.410,34.725,35.416,42.516,49.539,52.855,51.083,49.491,46.926,44.905,43.575,41.370,39.739,38.960,40.064,42.926,40.435,32.797,29.919,28.478,25.112
35.256,35.288,35.675,35.500,34.812,35.503,42.611,49.646,52.946,51.175,49.588,47.022,45.011,43.685,41.480,39.822,39.051,40.182,43.018,40.559,32.895,30.011,28.566,25.198
35.387,35.417,35.798,35.626,34.926,35.617,42.709,49.711,52.988,51.243,49.668,47.097,45.089,43.767,41.564,39.917,39.149,40.269,43.099,40.646,32.996,30.150,28.702,25.337
35.460,35.476,35.862,35.724,35.010,35.704,42.826,49.876,53.144,51.377,49.786,47.238,45.228,43.906,41.696,40.060,39.278,40.411,43.222,40.796,33.152,30.286,28.834,25.456
35.582,35.598,35.980,35.849,35.123,35.819,42.940,49.976,53.224,51.478,49.899,47.339,45.332,44.012,41.801,40.159,39.383,40.518,43.320,40.906,33.247,30.410,28.950,25.568
35.668,35.683,36.068,35.941,35.221,35.916,43.036,50.084,53.338,51.577,49.992,47.443,45.439,44.120,41.911,40.267,39.489,40.631,43.427,41.019,33.369,30.511,29.056,25.678
35.756,35.785,36.170,36.036,35.333,36.023,43.118,50.145,53.395,51.635,50.061,47.511,45.523,44.210,42.011,40.336,39.572,40.736,43.513,41.122,33.465,30.595,29.148,25.786
35.867,35.908,36.297,36.132,35.456,36.141,43.213,50.224,53.500,51.730,50.156,47.604,45.618,44.305,42.114,40.427,39.670,40.831,43.623,41.210,33.559,30.666,29.231,25.885
35.996,36.042,36.431,36.248,35.589,36.270,43.305,50.283,53.565,51.795,50.226,47.681,45.701,44.390,42.211,40.527,39.775,40.927,43.722,41.301,33.680,30.785,29.362,26.035
36.164,36.233,36.622,36.346,35.743,36.414,43.382,50.284,53.634,51.864,50.298,47.735,45.747,44.429,42.268,40.593,39.852,40.954,43.823,41.303,33.721,30.812,29.416,26.124
36.254,36.318,36.708,36.458,35.847,36.517,43.481,50.387,53.713,51.940,50.377,47.830,45.853,44.542,42.384,40.705,39.964,41.084,43.919,41.438,33.868,30.960,29.563,26.274
36.456,36.496,36.893,36.617,36.005,36.678,43.643,50.548,53.911,52.125,50.538,48.005,45.998,44.674,42.512,40.910,40.142,41.193,44.093,41.537,34.035,31.133,29.741,26.449
36.480,36.502,36.893,36.695,36.047,36.725,43.731,50.707,54.027,52.214,50.606,48.124,46.118,44.799,42.629,41.056,40.263,41.336,44.183,41.697,34.226,31.312,29.909,26.599
36.556,36.562,36.966,36.780,36.136,36.813,43.818,50.815,54.141,52.301,50.677,48.226,46.219,44.900,42.733,41.182,40.375,41.445,44.286,41.806,34.377,31.436,30.040,26.736
36.712,36.734,37.141,36.898,36.298,36.968,43.923,50.878,54.253,52.398,50.772,48.322,46.314,44.992,42.842,41.291,40.491,41.538,44.418,41.883,34.488,31.517,30.145,26.871
36.838,36.874,37.287,37.012,36.446,37.110,44.040,50.985,54.392,52.518,50.889,48.441,46.438,45.116,42.976,41.407,40.614,41.666,44.557,42.003,34.613,31.604,30.247,26.992
36.965,37.006,37.436,37.102,36.606,37.257,44.124,51.054,54.537,52.596,50.939,48.540,46.535,45.209,43.094,41.554,40.750,41.771,44.704,42.088,34.802,31.704,30.390,27.181
37.089,37.136,37.568,37.203,36.733,37.379,44.204,51.101,54.609,52.657,50.997,48.611,46.606,45.280,43.179,41.653,40.850,41.849,44.802,42.156,34.918,31.804,30.507,27.322
37.248,37.297,37.740,37.299,36.883,37.521,44.304,51.181,54.778,52.780,51.092,48.727,46.699,45.360,43.272,41.799,40.978,41.914,44.951,42.197,35.045,31.877,30.612,27.455
37.373,37.430,37.871,37.417,37.009,37.646,44.418,51.279,54.881,52.889,51.208,48.833,46.808,45.469,43.384,41.899,41.085,42.023,45.064,42.304,35.141,31.975,30.712,27.560
37.529,37.609,38.039,37.601,37.187,37.820,44.563,51.371,54.915,52.974,51.335,48.929,46.940,45.618,43.542,41.983,41.208,42.198,45.176,42.486,35.264,32.139,30.869,27.728
37.659,37.721,38.155,37.724,37.304,37.939,44.689,51.518,55.073,53.110,51.452,49.073,47.070,45.743,43.665,42.154,41.357,42.319,45.315,42.605,35.435,32.302,31.035,27.891
37.759,37.807,38.249,37.864,37.436,38.071,44.837,51.713,55.249,53.254,51.580,49.243,47.248,45.926,43.849,42.346,41.535,42.522,45.476,42.819,35.675,32.509,31.243,28.098
37.972,37.972,38.411,38.053,37.574,38.219,45.014,51.907,55.432,53.441,51.738,49.434,47.399,46.066,43.973,42.598,41.739,42.641,45.639,42.938,35.894,32.785,31.506,28.334
38.113,38.094,38.540,38.193,37.719,38.363,45.144,52.053,55.589,53.563,51.834,49.581,47.538,46.204,44.118,42.799,41.915,42.790,45.794,43.084,36.128,32.994,31.727,28.566
38.293,38.283,38.727,38.352,37.892,38.533,45.285,52.156,55.701,53.687,51.968,49.704,47.663,46.330,44.251,42.927,42.053,42.916,45.935,43.203,36.254,33.129,31.869,28.722
38.474,38.449,38.906,38.515,38.085,38.720,45.433,52.306,55.891,53.823,52.072,49.869,47.820,46.484,44.422,43.161,42.260,43.084,46.127,43.360,36.531,33.354,32.122,29.003
38.734,38.710,39.171,38.687,38.312,38.937,45.572,52.376,56.046,53.950,52.177,49.999,47.924,46.576,44.535,43.358,42.439,43.164,46.308,43.410,36.715,33.516,32.320,29.243
38.968,38.939,39.392,38.913,38.523,39.148,45.754,52.509,56.147,54.085,52.328,50.147,48.079,46.736,44.700,43.541,42.627,43.335,46.469,43.580,36.915,33.766,32.569,29.499
39.091,39.038,39.492,39.057,38.631,39.264,45.919,52.727,56.344,54.275,52.502,50.338,48.256,46.910,44.858,43.733,42.796,43.501,46.625,43.756,37.095,33.958,32.744,29.647
39.365,39.330,39.786,39.294,38.912,39.537,46.134,52.889,56.547,54.470,52.701,50.535,48.457,47.110,45.077,43.947,43.021,43.705,46.862,43.945,37.318,34.159,32.968,29.904
39.666,39.682,40.125,39.579,39.220,39.841,46.420,53.109,56.770,54.753,53.034,50.777,48.720,47.377,45.345,44.103,43.233,43.960,47.119,44.195,37.429,34.298,33.102,30.042
39.993,40.021,40.465,39.888,39.545,40.166,46.758,53.454,57.149,55.128,53.409,51.125,49.061,47.710,45.674,44.410,43.547,44.274,47.463,44.504,37.695,34.546,33.350,30.286
40.357,40.365,40.799,40.227,39.861,40.481,47.023,53.647,57.306,55.321,53.611,51.347,49.279,47.934,45.906,44.717,43.842,44.511,47.707,44.736,38.027,34.955,33.761,30.710
40.632,40.651,41.094,40.472,40.151,40.765,47.285,53.910,57.631,55.608,53.881,51.626,49.551,48.198,46.180,44.994,44.116,44.768,48.007,44.980,38.298,35.166,33.994,30.963
40.954,40.929,41.365,40.841,40.431,41.062,47.674,54.373,58.019,56.019,54.281,52.038,49.945,48.590,46.540,45.408,44.498,45.148,48.351,45.385,38.687,35.625,34.410,31.321
41.411,41.422,41.862,41.187,40.870,41.487,48.004,54.603,58.374,56.357,54.616,52.347,50.237,48.868,46.843,45.724,44.828,45.401,48.728,45.598,38.957,35.850,34.679,31.643
41.925,41.866,42.305,41.787,41.345,41.988,48.674,55.445,59.130,57.104,55.325,53.092,50.949,49.573,47.496,46.451,45.496,46.084,49.357,46.320,39.648,36.586,35.356,32.226
42.718,42.634,43.078,42.450,42.023,42.676,49.408,56.208,60.042,57.980,56.140,53.887,51.652,50.229,48.125,47.228,46.214,46.643,50.126,46.847,40.242,37.169,35.943,32.782
43.623,43.555,43.955,43.397,42.841,43.519,50.382,57.173,60.868,58.984,57.228,54.807,52.576,51.156,48.993,47.985,47.023,47.518,50.949,47.756,40.852,37.986,36.667,33.405
46.057,46.117,46.532,45.286,45.058,45.714,52.484,59.096,63.470,61.496,59.660,56.985,54.548,52.992,50.825,49.917,48.952,49.052,53.232,49.124,42.187,39.122,37.913,34.707
