-0.304,1.068,1.992,0.687,1.992,6.434,17.615,23.891,22.503,15.241,7.865,1.260,-4.802,-11.115,-14.787,-11.864,-4.233,6.866,19.008,21.331,22.988,14.834,11.063,5.562
5.272,5.874,6.231,4.932,5.760,9.499,18.334,23.992,22.780,16.681,10.294,5.518,0.599,-5.359,-8.587,-6.634,0.278,9.618,20.248,23.980,25.330,17.741,14.326,9.806
7.927,8.201,8.695,7.669,8.317,12.538,21.454,26.425,25.193,18.514,12.636,7.792,3.259,-1.996,-5.426,-3.303,3.410,12.477,22.446,26.594,28.615,20.640,17.549,12.960
9.234,9.423,9.965,9.077,9.858,14.049,22.922,27.617,26.514,19.738,14.206,9.277,4.822,-0.075,-3.458,-1.149,5.340,14.283,23.629,27.890,29.804,22.077,19.051,14.424
10.792,10.884,11.367,10.523,11.279,15.305,23.767,28.263,27.231,20.684,15.427,10.752,6.504,1.803,-1.458,0.753,7.003,15.583,24.467,28.818,30.622,23.161,20.234,15.780
11.813,11.883,12.348,11.514,12.229,16.203,24.497,28.912,27.886,21.446,16.275,11.714,7.561,2.931,-0.285,1.862,8.017,16.434,25.187,29.508,31.317,23.939,21.070,16.704
12.484,12.544,12.985,12.153,12.868,16.764,24.922,29.303,28.299,21.966,16.858,12.381,8.277,3.681,0.516,2.623,8.706,17.014,25.650,29.961,31.706,24.438,21.588,17.285
13.232,13.224,13.675,12.883,13.528,17.498,25.600,29.849,28.829,22.441,17.428,13.002,9.005,4.529,1.338,3.426,9.459,17.659,26.185,30.567,32.454,25.113,22.341,18.067
13.777,13.801,14.238,13.438,14.101,17.969,25.957,30.201,29.204,22.953,17.975,13.604,9.625,5.161,2.036,4.093,10.051,18.162,26.606,30.881,32.670,25.484,22.722,18.508
14.254,14.277,14.682,13.874,14.539,18.303,26.130,30.357,29.383,23.275,18.352,14.084,10.150,5.700,2.640,4.641,10.523,18.517,26.853,31.104,32.802,25.750,23.001,18.863
14.582,14.611,15.015,14.224,14.953,18.649,26.442,30.649,29.724,23.654,18.797,14.513,10.567,6.162,3.144,5.186,11.010,18.985,27.174,31.417,33.000,26.082,23.321,19.182
14.996,15.029,15.423,14.633,15.362,19.005,26.711,30.894,29.981,23.989,19.172,14.937,11.021,6.643,3.662,5.679,11.448,19.348,27.464,31.665,33.208,26.373,23.630,19.534
15.206,15.259,15.668,14.879,15.623,19.279,27.041,31.235,30.321,24.303,19.467,15.186,11.243,6.861,3.872,5.916,11.697,19.637,27.778,31.941,33.486,26.647,23.895,19.776
15.652,15.698,16.078,15.273,15.977,19.578,27.202,31.387,30.466,24.560,19.742,15.569,11.682,7.291,4.338,6.303,12.044,19.878,28.000,32.143,33.675,26.883,24.155,20.111
15.972,16.039,16.414,15.597,16.291,19.861,27.444,31.639,30.713,24.867,20.038,15.893,12.013,7.608,4.675,6.612,12.336,20.137,28.276,32.352,33.870,27.115,24.394,20.381
16.209,16.261,16.626,15.821,16.537,20.067,27.510,31.682,30.834,25.050,20.275,16.153,12.289,7.918,5.010,6.953,12.636,20.397,28.433,32.540,33.882,27.316,24.597,20.597
16.576,16.622,16.932,16.110,16.855,20.213,27.596,31.765,30.866,25.227,20.528,16.548,12.728,8.354,5.547,7.420,13.006,20.623,28.492,32.606,34.003,27.412,24.687,20.783
16.801,16.851,17.176,16.369,17.134,20.502,27.831,31.981,31.143,25.507,20.830,16.812,12.985,8.645,5.835,7.743,13.315,20.945,28.771,32.871,34.144,27.691,24.969,21.047
16.951,16.978,17.290,16.486,17.243,20.598,27.878,32.011,31.179,25.561,20.911,16.932,13.130,8.803,6.001,7.892,13.448,21.042,28.824,32.972,34.237,27.793,25.078,21.174
17.206,17.228,17.528,16.721,17.465,20.789,27.999,32.117,31.289,25.725,21.098,17.168,13.395,9.076,6.296,8.157,13.683,21.219,28.966,33.102,34.353,27.948,25.246,21.378
17.405,17.439,17.725,16.916,17.704,20.949,28.099,32.227,31.432,25.940,21.347,17.435,13.653,9.338,6.602,8.468,13.952,21.461,29.121,33.245,34.385,28.097,25.379,21.528
17.585,17.637,17.922,17.109,17.914,21.130,28.274,32.415,31.629,26.167,21.570,17.653,13.856,9.533,6.814,8.683,14.157,21.667,29.320,33.406,34.506,28.263,25.537,21.690
17.813,17.873,18.155,17.343,18.155,21.338,28.442,32.574,31.798,26.378,21.802,17.903,14.115,9.806,7.109,8.971,14.414,21.891,29.502,33.554,34.623,28.435,25.714,21.887
17.922,17.989,18.272,17.458,18.282,21.457,28.569,32.711,31.939,26.522,21.941,18.032,14.233,9.918,7.224,9.094,14.538,22.026,29.637,33.683,34.734,28.558,25.831,21.998
18.099,18.158,18.445,17.642,18.467,21.648,28.757,32.873,32.105,26.677,22.120,18.209,14.422,10.135,7.442,9.320,14.749,22.222,29.796,33.847,34.907,28.737,26.020,22.188
18.360,18.430,18.733,17.944,18.791,21.965,29.088,33.178,32.423,26.991,22.463,18.521,14.729,10.484,7.800,9.708,15.108,22.576,30.092,34.099,35.132,29.019,26.310,22.470
18.523,18.619,18.912,18.117,19.003,22.100,29.159,33.268,32.551,27.201,22.689,18.759,14.951,10.699,8.060,9.970,15.331,22.777,30.236,34.190,35.144,29.124,26.399,22.579
18.652,18.733,19.006,18.206,19.091,22.152,29.173,33.281,32.553,27.243,22.752,18.870,15.081,10.823,8.203,10.088,15.433,22.841,30.261,34.254,35.157,29.183,26.456,22.661
18.840,18.916,19.181,18.378,19.243,22.292,29.251,33.348,32.626,27.352,22.870,19.028,15.265,11.012,8.401,10.258,15.586,22.952,30.363,34.348,35.261,29.295,26.583,22.815
19.049,19.119,19.382,18.578,19.417,22.476,29.413,33.497,32.763,27.497,23.016,19.198,15.458,11.210,8.597,10.431,15.755,23.093,30.516,34.495,35.443,29.456,26.760,23.010
19.402,19.451,19.712,18.914,19.720,22.796,29.694,33.740,32.996,27.734,23.276,19.494,15.796,11.577,8.959,10.769,16.077,23.366,30.767,34.635,35.446,29.735,27.068,23.351
19.522,19.569,19.835,19.042,19.847,22.938,29.799,33.880,33.145,27.863,23.408,19.613,15.915,11.705,9.080,10.899,16.209,23.504,30.906,34.761,35.757,29.747,27.079,23.419
19.624,19.703,19.967,19.179,19.971,23.006,29.853,33.891,33.167,27.950,23.512,19.734,16.057,11.864,9.240,11.049,16.347,23.616,30.988,34.901,35.913,29.890,27.225,23.489
19.665,19.801,20.066,19.245,20.093,23.065,29.933,33.965,33.228,28.044,23.630,19.888,16.189,11.964,9.424,11.222,16.446,23.648,30.997,35.000,35.965,30.003,27.351,23.627
19.776,19.821,20.066,19.270,20.112,23.111,29.959,33.976,33.244,28.136,23.690,19.921,16.208,12.007,9.465,11.256,16.486,23.721,31.037,35.035,36.029,30.040,27.373,23.675
19.873,19.913,20.157,19.365,20.197,23.204,30.016,34.042,33.330,28.145,23.737,19.997,16.318,12.125,9.550,11.353,16.607,23.836,31.121,35.130,36.041,30.136,27.468,23.770
20.094,20.126,20.365,19.574,20.378,23.383,30.144,34.143,33.422,28.257,23.875,20.177,16.535,12.362,9.793,11.567,16.797,23.972,31.239,35.235,36.175,30.272,27.628,23.961
20.245,20.225,20.473,19.704,20.458,23.555,30.343,34.281,33.537,28.275,23.918,20.223,16.629,12.504,9.886,11.659,16.908,24.072,31.338,35.429,36.496,30.468,27.859,24.178
20.359,20.305,20.560,19.806,20.527,23.684,30.490,34.387,33.629,28.301,23.961,20.268,16.706,12.613,9.963,11.736,16.997,24.154,31.418,35.571,36.709,30.612,28.026,24.337
20.564,20.537,20.778,20.008,20.733,23.821,30.550,34.464,33.712,28.488,24.147,20.500,16.944,12.834,10.226,11.965,17.189,24.294,31.544,35.619,36.723,30.688,28.103,24.458
20.632,20.610,20.856,20.095,20.857,23.922,30.661,34.572,33.842,28.617,24.300,20.626,17.052,12.960,10.366,12.136,17.342,24.460,31.653,35.724,36.762,30.794,28.198,24.539
20.774,20.753,21.008,20.253,21.003,24.089,30.841,34.734,33.996,28.755,24.441,20.759,17.193,13.119,10.516,12.289,17.492,24.604,31.801,35.853,36.926,30.940,28.357,24.697
20.890,20.853,21.118,20.380,21.136,24.249,31.029,34.892,34.160,28.871,24.582,20.875,17.315,13.276,10.659,12.459,17.659,24.780,31.938,36.023,37.118,31.113,28.537,24.858
21.029,20.986,21.257,20.522,21.262,24.399,31.188,35.037,34.295,28.987,24.697,20.990,17.441,13.413,10.784,12.581,17.785,24.901,32.071,36.157,37.291,31.255,28.690,25.011
21.150,21.088,21.361,20.632,21.346,24.518,31.309,35.133,34.378,29.041,24.759,21.061,17.536,13.525,10.879,12.667,17.876,24.980,32.155,36.271,37.460,31.374,28.827,25.149
21.265,21.201,21.470,20.744,21.465,24.618,31.385,35.202,34.456,29.138,24.873,21.186,17.668,13.667,11.032,12.819,18.011,25.097,32.238,36.354,37.520,31.465,28.919,25.250
21.399,21.329,21.600,20.882,21.607,24.752,31.500,35.295,34.557,29.245,25.008,21.327,17.820,13.845,11.218,13.010,18.180,25.243,32.338,36.454,37.613,31.582,29.045,25.382
21.519,21.459,21.727,21.011,21.759,24.868,31.594,35.388,34.667,29.388,25.169,21.489,17.977,14.011,11.406,13.206,18.351,25.402,32.449,36.544,37.652,31.683,29.140,25.484
21.634,21.594,21.861,21.143,21.916,24.985,31.695,35.499,34.792,29.552,25.341,21.656,18.131,14.166,11.585,13.391,18.515,25.559,32.575,36.627,37.680,31.777,29.226,25.577
21.745,21.713,21.981,21.260,22.033,25.093,31.798,35.607,34.900,29.674,25.458,21.776,18.248,14.278,11.703,13.506,18.626,25.665,32.687,36.716,37.762,31.872,29.321,25.677
21.852,21.812,22.065,21.340,22.122,25.150,31.811,35.624,34.929,29.736,25.536,21.883,18.362,14.387,11.829,13.620,18.727,25.745,32.733,36.791,37.796,31.940,29.383,25.753
21.985,21.944,22.196,21.470,22.240,25.269,31.917,35.724,35.024,29.840,25.640,22.000,18.490,14.516,11.958,13.737,18.840,25.843,32.837,36.884,37.903,32.043,29.494,25.875
22.103,22.060,22.303,21.574,22.341,25.347,31.953,35.758,35.062,29.913,25.724,22.112,18.614,14.640,12.097,13.859,18.947,25.921,32.894,36.941,37.941,32.107,29.562,25.961
22.176,22.156,22.398,21.667,22.472,25.434,32.038,35.860,35.184,30.068,25.884,22.255,18.731,14.753,12.234,14.014,19.085,26.069,33.010,37.019,37.947,32.186,29.624,26.021
22.326,22.312,22.558,21.833,22.655,25.597,32.191,36.003,35.339,30.239,26.076,22.440,18.914,14.955,12.450,14.243,19.290,26.263,33.159,37.145,38.044,32.329,29.767,26.167
22.407,22.397,22.640,21.916,22.749,25.673,32.254,36.065,35.409,30.325,26.171,22.538,19.011,15.057,12.562,14.358,19.393,26.358,33.230,37.210,38.085,32.398,29.835,26.238
22.506,22.485,22.721,21.995,22.822,25.739,32.295,36.104,35.451,30.377,26.231,22.619,19.103,15.147,12.655,14.439,19.471,26.422,33.283,37.289,38.158,32.473,29.910,26.322
22.577,22.553,22.777,22.045,22.882,25.773,32.304,36.131,35.486,30.436,26.290,22.696,19.174,15.200,12.720,14.496,19.529,26.477,33.330,37.359,38.190,32.527,29.951,26.370
22.731,22.710,22.925,22.191,23.035,25.891,32.375,36.197,35.563,30.558,26.431,22.862,19.351,15.383,12.925,14.689,19.696,26.611,33.424,37.439,38.233,32.621,30.048,26.487
22.845,22.844,23.056,22.313,23.168,25.995,32.471,36.315,35.685,30.715,26.574,23.006,19.479,15.491,13.049,14.809,19.811,26.729,33.554,37.529,38.288,32.713,30.129,26.576
22.961,22.979,23.193,22.444,23.306,26.123,32.608,36.470,35.839,30.883,26.725,23.146,19.604,15.601,13.164,14.925,19.931,26.860,33.709,37.645,38.389,32.829,30.239,26.685
23.098,23.125,23.354,22.607,23.459,26.310,32.843,36.703,36.058,31.067,26.889,23.280,19.731,15.730,13.275,15.047,20.068,27.021,33.911,37.818,38.607,33.007,30.424,26.854
23.209,23.212,23.450,22.714,23.551,26.457,33.033,36.873,36.217,31.157,26.981,23.352,19.810,15.826,13.339,15.125,20.169,27.145,34.049,38.010,38.860,33.187,30.610,27.018
23.386,23.367,23.608,22.876,23.671,26.626,33.207,37.023,36.344,31.248,27.069,23.456,19.944,15.970,13.457,15.225,20.284,27.246,34.182,38.174,39.107,33.356,30.802,27.213
23.523,23.506,23.737,22.999,23.791,26.722,33.263,37.082,36.406,31.347,27.172,23.588,20.085,16.106,13.607,15.355,20.402,27.338,34.264,38.248,39.161,33.436,30.884,27.315
23.681,23.675,23.911,23.175,23.973,26.894,33.433,37.246,36.572,31.526,27.357,23.766,20.264,16.295,13.804,15.557,20.590,27.517,34.429,38.378,39.283,33.583,31.035,27.470
23.791,23.767,24.008,23.284,24.075,27.021,33.572,37.361,36.687,31.607,27.455,23.857,20.366,16.421,13.918,15.681,20.714,27.640,34.531,38.512,39.446,33.719,31.180,27.607
23.945,23.895,24.133,23.419,24.196,27.158,33.688,37.444,36.770,31.674,27.552,23.974,20.511,16.595,14.085,15.843,20.865,27.765,34.616,38.646,39.606,33.860,31.336,27.769
24.108,24.055,24.276,23.554,24.322,27.243,33.700,37.458,36.789,31.755,27.646,24.121,20.679,16.755,14.270,15.993,20.993,27.843,34.671,38.697,39.627,33.923,31.404,27.872
24.280,24.218,24.442,23.724,24.485,27.421,33.880,37.622,36.950,31.901,27.800,24.276,20.846,16.935,14.442,16.167,21.165,28.009,34.830,38.869,39.820,34.099,31.588,28.055
24.420,24.351,24.576,23.863,24.614,27.560,34.014,37.741,37.066,32.010,27.918,24.399,20.982,17.085,14.588,16.309,21.302,28.133,34.946,38.990,39.962,34.230,31.729,28.199
24.531,24.484,24.710,23.989,24.755,27.683,34.149,37.901,37.228,32.190,28.079,24.546,21.106,17.188,14.700,16.426,21.423,28.273,35.107,39.112,40.054,34.347,31.833,28.301
24.655,24.587,24.808,24.094,24.857,27.785,34.229,37.963,37.296,32.254,28.167,24.651,21.227,17.326,14.838,16.562,21.550,28.382,35.178,39.227,40.169,34.461,31.953,28.424
24.772,24.699,24.928,24.223,24.981,27.928,34.383,38.096,37.427,32.363,28.289,24.763,21.348,17.470,14.975,16.708,21.690,28.518,35.298,39.347,40.314,34.594,32.096,28.563
24.889,24.812,25.038,24.336,25.113,28.045,34.497,38.211,37.555,32.493,28.433,24.902,21.479,17.606,15.117,16.863,21.839,28.672,35.419,39.491,40.420,34.729,32.221,28.682
25.051,24.991,25.197,24.477,25.268,28.132,34.518,38.264,37.621,32.644,28.578,25.089,21.661,17.754,15.302,17.019,21.977,28.782,35.521,39.563,40.425,34.800,32.278,28.770
25.168,25.108,25.302,24.581,25.396,28.214,34.559,38.311,37.689,32.752,28.709,25.237,21.806,17.899,15.472,17.190,22.126,28.914,35.598,39.653,40.444,34.887,32.354,28.857
25.316,25.288,25.479,24.746,25.584,28.355,34.688,38.472,37.859,32.977,28.916,25.441,21.985,18.053,15.652,17.368,22.293,29.085,35.778,39.766,40.495,35.005,32.456,28.968
25.466,25.459,25.651,24.908,25.750,28.509,34.847,38.653,38.036,33.174,29.092,25.611,22.140,18.187,15.793,17.504,22.434,29.235,35.961,39.904,40.621,35.144,32.589,29.104
25.629,25.649,25.838,25.082,25.933,28.657,34.981,38.813,38.198,33.385,29.282,25.806,22.320,18.342,15.967,17.667,22.591,29.389,36.137,40.019,40.699,35.265,32.702,29.230
25.736,25.758,25.934,25.173,26.035,28.720,35.001,38.844,38.240,33.470,29.377,25.927,22.442,18.455,16.101,17.790,22.698,29.476,36.197,40.082,40.714,35.327,32.757,29.301
25.870,25.900,26.059,25.286,26.159,28.790,35.014,38.878,38.287,33.583,29.492,26.077,22.592,18.582,16.258,17.924,22.816,29.569,36.271,40.147,40.716,35.390,32.808,29.377
26.037,26.028,26.199,25.444,26.288,28.998,35.268,39.090,38.483,33.685,29.609,26.177,22.716,18.741,16.373,18.054,22.969,29.735,36.441,40.396,41.061,35.632,33.070,29.614
26.201,26.226,26.398,25.641,26.544,29.188,35.457,39.305,38.729,33.979,29.911,26.450,22.948,18.969,16.637,18.349,23.237,30.020,36.675,40.572,41.127,35.810,33.222,29.759
26.441,26.473,26.643,25.880,26.768,29.411,35.667,39.520,38.935,34.203,30.123,26.676,23.181,19.191,16.861,18.555,23.444,30.214,36.895,40.765,41.334,36.012,33.429,29.981
26.704,26.755,26.931,26.167,27.053,29.690,35.948,39.799,39.210,34.495,30.409,26.956,23.459,19.473,17.150,18.842,23.721,30.483,37.173,40.986,41.558,36.253,33.678,30.236
26.949,26.980,27.149,26.388,27.253,29.891,36.105,39.931,39.339,34.636,30.573,27.157,23.693,19.725,17.404,19.074,23.937,30.657,37.320,41.160,41.752,36.441,33.883,30.462
27.314,27.337,27.518,26.784,27.665,30.292,36.483,40.246,39.675,34.972,30.979,27.555,24.117,20.226,17.921,19.617,24.423,31.098,37.639,41.461,42.043,36.791,34.258,30.844
27.575,27.581,27.777,27.060,27.921,30.595,36.810,40.529,39.947,35.195,31.223,27.785,24.370,20.523,18.197,19.905,24.706,31.370,37.894,41.726,42.375,37.078,34.570,31.147
27.734,27.763,27.962,27.237,28.124,30.779,37.020,40.770,40.195,35.453,31.459,27.994,24.546,20.675,18.357,20.080,24.890,31.588,38.132,41.931,42.539,37.270,34.742,31.306
27.993,28.054,28.224,27.465,28.368,30.940,37.120,40.946,40.379,35.743,31.704,28.285,24.808,20.856,18.576,20.258,25.074,31.769,38.364,42.123,42.632,37.436,34.873,31.469
28.214,28.273,28.440,27.672,28.566,31.149,37.340,41.186,40.610,35.966,31.903,28.486,25.003,21.025,18.736,20.409,25.248,31.960,38.599,42.376,42.897,37.669,35.099,31.690
28.569,28.604,28.792,28.050,28.942,31.589,37.840,41.637,41.059,36.323,32.290,28.828,25.355,21.432,19.110,20.824,25.667,32.401,39.004,42.826,43.412,38.126,35.572,32.129
29.024,29.025,29.175,28.427,29.288,31.869,37.953,41.720,41.153,36.525,32.547,29.212,25.810,21.899,19.619,21.259,26.047,32.656,39.172,43.041,43.591,38.369,35.838,32.472
29.347,29.330,29.492,28.753,29.609,32.257,38.425,42.192,41.613,36.889,32.893,29.510,26.092,22.181,19.859,21.529,26.363,33.033,39.594,43.525,44.134,38.819,36.282,32.870
29.715,29.732,29.936,29.212,30.108,32.804,39.114,42.885,42.307,37.494,33.475,29.971,26.494,22.603,20.254,22.004,26.860,33.626,40.213,44.078,44.705,39.371,36.821,33.344
30.185,30.164,30.328,29.596,30.533,33.163,39.404,43.210,42.672,37.895,33.904,30.448,26.961,23.034,20.710,22.455,27.314,34.082,40.595,44.613,45.117,39.839,37.244,33.768
30.872,30.820,30.980,30.250,31.177,33.850,40.123,43.934,43.389,38.549,34.549,31.086,27.599,23.660,21.305,23.056,27.955,34.757,41.298,45.414,45.957,40.599,37.996,34.495
32.283,32.023,31.973,31.177,32.025,34.459,40.145,43.997,43.509,38.991,35.112,32.150,28.853,24.783,22.537,24.007,28.860,35.359,41.698,46.377,46.689,41.426,38.790,35.502
