6.998,5.469,6.094,5.056,4.701,9.739,23.906,34.330,38.962,39.296,34.305,33.594,31.674,33.502,32.572,33.215,29.443,39.094,49.042,43.807,36.257,18.575,14.376,6.792
15.044,14.511,14.893,14.236,14.168,18.805,31.458,40.942,44.187,43.963,40.444,40.207,39.095,40.782,40.178,39.746,37.656,44.469,50.285,46.394,36.545,25.187,21.517,14.434
19.149,18.856,19.204,18.347,18.783,22.844,33.731,43.462,45.474,45.640,42.745,43.148,42.386,44.265,44.932,43.809,42.415,46.797,50.555,47.942,36.863,27.878,24.556,18.236
20.648,20.662,20.759,20.076,20.489,24.747,35.891,45.008,47.142,46.684,43.998,44.346,43.679,45.238,45.387,44.560,43.697,47.482,50.816,47.981,36.936,29.348,26.101,19.717
21.412,21.587,21.681,21.092,21.510,25.697,36.628,45.582,47.500,46.975,44.546,44.936,44.413,45.975,46.135,45.059,44.422,47.945,51.226,48.009,37.527,29.935,26.766,20.424
21.983,22.112,22.225,21.624,22.031,26.164,36.980,45.879,47.802,47.333,44.885,45.261,44.718,46.281,46.460,45.410,44.708,48.292,51.390,48.436,38.025,30.436,27.289,21.019
22.366,22.531,22.660,22.105,22.479,26.615,37.460,46.313,48.224,47.733,45.339,45.692,45.181,46.752,46.876,45.746,45.062,48.744,51.832,48.762,38.095,30.853,27.707,21.398
22.861,22.995,23.104,22.507,22.914,27.015,37.741,46.569,48.470,48.000,45.576,45.954,45.418,46.968,47.150,46.107,45.421,48.952,51.864,49.083,38.235,31.241,28.120,21.902
23.233,23.375,23.462,22.857,23.280,27.398,38.142,46.973,48.880,48.380,45.949,46.340,45.800,47.332,47.513,46.508,45.855,49.298,52.018,49.428,38.466,31.607,28.486,22.268
23.519,23.653,23.711,23.087,23.528,27.647,38.365,47.159,49.085,48.558,46.105,46.504,45.946,47.445,47.624,46.706,46.071,49.408,52.048,49.595,38.546,31.848,28.739,22.560
23.863,23.973,24.043,23.398,23.854,27.924,38.517,47.311,49.195,48.725,46.274,46.691,46.130,47.591,47.748,46.963,46.307,49.594,52.059,49.832,38.701,32.108,29.019,22.907
24.049,24.133,24.147,23.481,23.940,28.062,38.747,47.467,49.471,48.914,46.379,46.773,46.156,47.642,47.834,47.029,46.374,49.607,52.108,49.990,38.883,32.318,29.223,23.121
24.188,24.275,24.277,23.610,24.071,28.204,38.905,47.608,49.628,49.048,46.506,46.898,46.276,47.696,47.891,47.146,46.504,49.713,52.128,50.101,38.995,32.458,29.364,23.261
24.387,24.462,24.468,23.788,24.258,28.379,39.053,47.780,49.789,49.234,46.683,47.085,46.458,47.888,48.054,47.369,46.712,49.908,52.284,50.287,39.150,32.642,29.548,23.460
24.502,24.604,24.592,23.933,24.394,28.533,39.237,47.906,49.929,49.320,46.790,47.180,46.563,47.967,48.058,47.385,46.795,49.967,52.350,50.326,39.242,32.763,29.674,23.574
24.583,24.718,24.695,24.072,24.508,28.668,39.419,48.007,50.054,49.383,46.883,47.247,46.645,48.023,48.083,47.411,46.805,50.012,52.499,50.327,39.419,32.870,29.786,23.660
24.733,24.853,24.810,24.174,24.612,28.800,39.607,48.192,50.291,49.592,47.048,47.404,46.775,48.129,48.129,47.544,46.954,50.154,52.542,50.501,39.603,33.047,29.953,23.820
24.861,24.970,24.903,24.246,24.702,28.902,39.714,48.296,50.418,49.699,47.124,47.490,46.841,48.171,48.174,47.664,47.084,50.202,52.620,50.609,39.610,33.159,30.066,23.952
24.963,25.059,25.002,24.351,24.790,28.985,39.802,48.359,50.504,49.792,47.206,47.553,46.896,48.225,48.202,47.700,47.091,50.287,52.736,50.722,39.851,33.274,30.180,24.066
25.141,25.229,25.183,24.521,24.972,29.139,39.888,48.468,50.574,49.902,47.327,47.690,47.041,48.388,48.420,47.884,47.267,50.432,52.822,50.873,39.916,33.409,30.324,24.238
25.288,25.357,25.315,24.638,25.098,29.244,39.942,48.527,50.623,49.979,47.392,47.764,47.105,48.456,48.521,47.997,47.362,50.506,52.847,50.996,39.988,33.520,30.443,24.389
25.442,25.531,25.494,24.839,25.285,29.423,40.107,48.651,50.734,50.079,47.525,47.888,47.247,48.598,48.639,48.080,47.460,50.628,53.029,51.054,40.165,33.668,30.598,24.542
25.664,25.711,25.698,25.023,25.470,29.559,40.143,48.692,50.758,50.173,47.603,47.968,47.313,48.683,48.778,48.213,47.535,50.741,53.031,51.257,40.337,33.833,30.777,24.775
25.783,25.842,25.814,25.136,25.595,29.685,40.249,48.782,50.837,50.233,47.673,48.049,47.398,48.756,48.857,48.307,47.660,50.787,53.104,51.284,40.364,33.925,30.877,24.890
25.915,25.956,25.903,25.202,25.676,29.780,40.356,48.877,50.969,50.342,47.741,48.120,47.443,48.772,48.866,48.409,47.764,50.821,53.128,51.399,40.378,34.044,30.996,25.029
25.989,26.019,25.966,25.262,25.732,29.838,40.423,48.939,51.050,50.425,47.808,48.179,47.492,48.817,48.900,48.465,47.802,50.888,53.160,51.501,40.500,34.127,31.076,25.111
26.118,26.145,26.110,25.416,25.872,29.954,40.495,48.987,51.082,50.482,47.882,48.245,47.565,48.902,48.987,48.515,47.834,50.975,53.217,51.575,40.628,34.237,31.196,25.245
26.166,26.196,26.138,25.431,25.905,30.010,40.587,49.100,51.210,50.582,47.963,48.338,47.649,48.970,49.056,48.632,47.975,51.036,53.242,51.634,40.654,34.294,31.246,25.288
26.302,26.347,26.278,25.580,26.053,30.153,40.703,49.162,51.266,50.611,48.013,48.387,47.706,49.009,49.063,48.663,48.036,51.050,53.255,51.655,40.689,34.397,31.364,25.424
26.443,26.470,26.395,25.691,26.160,30.253,40.782,49.203,51.332,50.677,48.058,48.422,47.725,49.012,49.064,48.701,48.045,51.078,53.299,51.721,40.801,34.519,31.493,25.578
26.527,26.551,26.481,25.785,26.243,30.325,40.836,49.223,51.357,50.704,48.090,48.443,47.746,49.029,49.075,48.701,48.054,51.103,53.336,51.748,40.930,34.594,31.574,25.670
26.632,26.673,26.600,25.918,26.368,30.460,40.997,49.362,51.501,50.824,48.225,48.570,47.881,49.158,49.163,48.792,48.153,51.223,53.493,51.824,41.073,34.715,31.694,25.774
26.717,26.770,26.694,26.024,26.466,30.576,41.156,49.518,51.668,50.970,48.376,48.713,48.030,49.302,49.280,48.904,48.275,51.368,53.685,51.939,41.234,34.831,31.804,25.858
26.861,26.925,26.848,26.190,26.624,30.728,41.293,49.616,51.762,51.051,48.476,48.806,48.131,49.396,49.354,48.971,48.354,51.450,53.792,51.988,41.367,34.961,31.943,26.003
26.973,27.032,26.958,26.299,26.732,30.830,41.384,49.703,51.850,51.146,48.569,48.897,48.220,49.487,49.448,49.066,48.441,51.546,53.896,52.095,41.486,35.068,32.051,26.118
27.072,27.137,27.066,26.409,26.846,30.934,41.461,49.781,51.906,51.209,48.648,48.984,48.316,49.589,49.567,49.161,48.547,51.629,53.921,52.153,41.518,35.148,32.137,26.211
27.170,27.226,27.147,26.476,26.924,31.008,41.517,49.842,51.968,51.276,48.700,49.045,48.367,49.634,49.629,49.253,48.638,51.675,53.949,52.236,41.525,35.226,32.217,26.311
27.293,27.328,27.269,26.590,27.036,31.092,41.548,49.885,51.995,51.348,48.770,49.115,48.435,49.721,49.749,49.348,48.697,51.775,54.059,52.372,41.679,35.325,32.322,26.437
27.401,27.452,27.396,26.734,27.172,31.217,41.648,49.949,52.043,51.388,48.839,49.180,48.515,49.800,49.815,49.386,48.753,51.833,54.143,52.377,41.765,35.416,32.423,26.545
27.489,27.532,27.470,26.799,27.242,31.289,41.717,50.021,52.122,51.468,48.905,49.249,48.575,49.854,49.873,49.471,48.833,51.894,54.168,52.469,41.819,35.498,32.505,26.635
27.596,27.617,27.548,26.855,27.310,31.356,41.776,50.096,52.213,51.569,48.973,49.324,48.631,49.904,49.943,49.586,48.931,51.963,54.173,52.612,41.876,35.593,32.598,26.747
27.681,27.698,27.631,26.944,27.388,31.436,41.866,50.164,52.297,51.648,49.049,49.387,48.690,49.958,49.974,49.627,48.961,52.033,54.263,52.691,41.982,35.687,32.692,26.838
27.756,27.795,27.709,27.026,27.481,31.543,41.986,50.272,52.399,51.714,49.129,49.476,48.787,50.040,50.046,49.712,49.090,52.083,54.304,52.696,42.040,35.755,32.763,26.905
27.863,27.913,27.837,27.170,27.612,31.672,42.121,50.396,52.515,51.831,49.266,49.604,48.928,50.189,50.180,49.808,49.187,52.227,54.486,52.796,42.172,35.875,32.883,27.011
27.973,28.028,27.951,27.286,27.728,31.791,42.247,50.521,52.640,51.950,49.388,49.727,49.054,50.313,50.300,49.926,49.311,52.347,54.574,52.904,42.273,35.989,32.996,27.119
28.086,28.144,28.063,27.395,27.845,31.894,42.309,50.569,52.670,51.982,49.431,49.778,49.109,50.365,50.367,49.993,49.392,52.379,54.604,52.929,42.280,36.066,33.085,27.230
28.191,28.224,28.144,27.462,27.911,31.961,42.382,50.647,52.775,52.099,49.515,49.856,49.167,50.419,50.421,50.086,49.453,52.469,54.682,53.093,42.440,36.178,33.191,27.346
28.334,28.364,28.290,27.598,28.061,32.087,42.445,50.729,52.820,52.174,49.601,49.961,49.277,50.543,50.596,50.235,49.604,52.571,54.703,53.194,42.443,36.278,33.301,27.482
28.424,28.458,28.390,27.702,28.164,32.179,42.514,50.798,52.862,52.234,49.675,50.038,49.363,50.636,50.699,50.313,49.685,52.651,54.784,53.253,42.508,36.355,33.382,27.569
28.547,28.582,28.538,27.861,28.314,32.294,42.559,50.827,52.871,52.262,49.736,50.097,49.439,50.733,50.818,50.368,49.727,52.734,54.931,53.302,42.643,36.444,33.485,27.691
28.585,28.627,28.574,27.905,28.350,32.350,42.665,50.918,52.979,52.350,49.817,50.167,49.506,50.787,50.834,50.406,49.773,52.798,55.031,53.358,42.753,36.512,33.547,27.733
28.707,28.718,28.668,27.979,28.428,32.425,42.734,51.009,53.090,52.486,49.916,50.266,49.582,50.866,50.932,50.540,49.868,52.913,55.143,53.561,42.914,36.634,33.663,27.863
28.773,28.778,28.734,28.052,28.485,32.493,42.842,51.112,53.221,52.613,50.031,50.363,49.672,50.955,50.990,50.603,49.908,53.034,55.378,53.698,43.159,36.738,33.759,27.938
28.874,28.875,28.836,28.152,28.584,32.595,42.959,51.247,53.359,52.760,50.172,50.502,49.810,51.100,51.138,50.745,50.039,53.187,55.556,53.859,43.314,36.854,33.869,28.039
28.993,28.987,28.967,28.290,28.709,32.706,43.057,51.348,53.453,52.880,50.298,50.620,49.931,51.238,51.279,50.850,50.118,53.338,55.775,54.008,43.505,36.979,33.994,28.161
29.084,29.085,29.052,28.368,28.802,32.804,43.151,51.455,53.550,52.967,50.385,50.722,50.034,51.335,51.393,50.976,50.269,53.415,55.803,54.078,43.547,37.057,34.073,28.245
29.169,29.172,29.132,28.447,28.882,32.899,43.278,51.585,53.695,53.095,50.506,50.840,50.148,51.442,51.485,51.087,50.384,53.527,55.880,54.193,43.578,37.160,34.170,28.329
29.294,29.308,29.270,28.585,29.031,33.029,43.353,51.662,53.731,53.143,50.579,50.930,50.254,51.556,51.633,51.201,50.521,53.603,55.885,54.230,43.611,37.243,34.265,28.445
29.382,29.385,29.352,28.662,29.105,33.101,43.427,51.742,53.821,53.245,50.669,51.015,50.331,51.636,51.715,51.290,50.590,53.702,56.011,54.359,43.725,37.338,34.357,28.538
29.532,29.534,29.523,28.847,29.276,33.246,43.527,51.827,53.882,53.335,50.784,51.123,50.452,51.776,51.862,51.382,50.665,53.838,56.237,54.467,43.940,37.472,34.499,28.689
29.644,29.655,29.645,28.979,29.401,33.378,43.682,51.975,54.034,53.475,50.932,51.265,50.599,51.921,51.989,51.499,50.787,53.983,56.425,54.586,44.109,37.602,34.626,28.801
29.767,29.802,29.810,29.164,29.579,33.540,43.817,52.114,54.126,53.583,51.087,51.425,50.789,52.134,52.217,51.639,50.945,54.158,56.644,54.668,44.232,37.718,34.747,28.912
29.880,29.905,29.907,29.258,29.667,33.647,43.972,52.270,54.318,53.761,51.239,51.565,50.914,52.249,52.304,51.764,51.055,54.304,56.836,54.853,44.453,37.863,34.883,29.032
29.999,30.012,30.020,29.375,29.769,33.753,44.102,52.382,54.462,53.904,51.366,51.672,51.011,52.343,52.368,51.845,51.107,54.433,57.070,55.015,44.732,38.007,35.022,29.163
30.104,30.136,30.139,29.503,29.898,33.891,44.256,52.537,54.606,54.032,51.511,51.821,51.172,52.502,52.521,51.981,51.268,54.571,57.190,55.104,44.805,38.120,35.134,29.261
30.267,30.298,30.325,29.691,30.087,34.047,44.348,52.652,54.673,54.146,51.652,51.972,51.339,52.701,52.767,52.153,51.428,54.750,57.388,55.254,44.945,38.254,35.276,29.417
30.470,30.496,30.538,29.902,30.301,34.220,44.422,52.709,54.686,54.197,51.728,52.058,51.436,52.811,52.919,52.267,51.537,54.837,57.441,55.332,45.024,38.393,35.434,29.618
30.628,30.619,30.676,30.025,30.420,34.326,44.517,52.829,54.822,54.375,51.872,52.195,51.553,52.941,53.068,52.429,51.643,55.013,57.632,55.595,45.237,38.557,35.592,29.788
30.760,30.756,30.801,30.136,30.553,34.458,44.625,52.957,54.930,54.479,51.978,52.324,51.684,53.069,53.230,52.601,51.842,55.112,57.681,55.689,45.246,38.659,35.699,29.910
30.869,30.882,30.915,30.248,30.678,34.597,44.782,53.133,55.094,54.624,52.132,52.491,51.858,53.239,53.407,52.777,52.050,55.256,57.693,55.799,45.304,38.772,35.809,30.009
31.031,30.998,31.047,30.358,30.786,34.679,44.821,53.185,55.162,54.745,52.213,52.566,51.908,53.300,53.498,52.894,52.101,55.367,57.848,56.027,45.487,38.915,35.953,30.186
31.146,31.126,31.171,30.482,30.918,34.824,44.993,53.387,55.354,54.928,52.403,52.766,52.115,53.511,53.717,53.098,52.325,55.562,58.002,56.189,45.570,39.047,36.078,30.291
31.312,31.287,31.345,30.654,31.090,34.983,45.128,53.543,55.457,55.092,52.572,52.939,52.292,53.705,53.935,53.284,52.498,55.755,58.175,56.382,45.698,39.207,36.238,30.455
31.524,31.511,31.582,30.892,31.342,35.181,45.189,53.589,55.491,55.099,52.631,53.024,52.404,53.837,54.134,53.412,52.649,55.824,58.214,56.392,45.752,39.324,36.383,30.655
31.759,31.724,31.817,31.104,31.575,35.362,45.250,53.692,55.498,55.214,52.756,53.177,52.562,54.027,54.421,53.650,52.864,55.994,58.246,56.593,45.753,39.484,36.558,30.883
31.895,31.872,31.958,31.258,31.716,35.531,45.489,53.920,55.757,55.439,52.976,53.382,52.766,54.220,54.566,53.809,53.031,56.199,58.521,56.779,46.016,39.669,36.732,31.022
32.030,32.022,32.114,31.422,31.883,35.692,45.637,54.078,55.885,55.571,53.136,53.550,52.951,54.417,54.777,53.975,53.215,56.368,58.677,56.890,46.105,39.796,36.862,31.146
32.146,32.124,32.194,31.486,31.952,35.795,45.807,54.252,56.114,55.769,53.285,53.693,53.066,54.506,54.836,54.121,53.356,56.493,58.770,57.090,46.260,39.947,37.000,31.272
32.288,32.243,32.317,31.592,32.065,35.898,45.890,54.362,56.226,55.908,53.402,53.815,53.175,54.622,54.982,54.283,53.490,56.628,58.877,57.286,46.390,40.078,37.129,31.417
32.461,32.403,32.497,31.766,32.240,36.046,45.987,54.479,56.317,56.043,53.543,53.961,53.325,54.794,55.193,54.454,53.637,56.801,59.071,57.472,46.568,40.228,37.284,31.589
32.593,32.573,32.640,31.918,32.401,36.269,46.337,54.870,56.725,56.385,53.887,54.313,53.685,55.141,55.505,54.777,54.018,57.124,59.332,57.721,46.698,40.434,37.467,31.704
32.789,32.768,32.867,32.164,32.623,36.485,46.576,55.133,56.981,56.671,54.188,54.598,53.982,55.469,55.825,55.022,54.229,57.471,59.870,58.034,47.152,40.675,37.697,31.900
32.938,32.940,33.033,32.360,32.790,36.710,46.959,55.512,57.420,57.052,54.562,54.939,54.324,55.800,56.062,55.263,54.474,57.835,60.428,58.347,47.639,40.941,37.935,32.052
33.083,33.072,33.187,32.518,32.935,36.841,47.077,55.646,57.549,57.217,54.726,55.094,54.480,55.976,56.249,55.414,54.589,58.033,60.730,58.559,47.923,41.097,38.088,32.202
33.203,33.196,33.297,32.628,33.042,36.991,47.328,55.917,57.863,57.493,54.976,55.335,54.709,56.193,56.426,55.630,54.810,58.272,60.991,58.809,48.161,41.282,38.252,32.323
33.446,33.418,33.482,32.778,33.219,37.197,47.570,56.171,58.165,57.762,55.185,55.557,54.895,56.342,56.574,55.903,55.091,58.444,60.995,59.088,48.253,41.522,38.486,32.572
33.761,33.675,33.761,33.025,33.466,37.433,47.805,56.474,58.496,58.161,55.522,55.889,55.192,56.665,56.940,56.292,55.391,58.841,61.458,59.632,48.751,41.858,38.806,32.901
33.952,33.872,33.968,33.252,33.667,37.681,48.194,56.905,58.972,58.618,55.962,56.303,55.604,57.088,57.305,56.636,55.712,59.308,62.132,60.076,49.317,42.167,39.082,33.093
34.260,34.235,34.364,33.697,34.083,38.145,48.817,57.621,59.665,59.298,56.698,57.026,56.374,57.908,58.091,57.258,56.354,60.109,63.185,60.686,50.023,42.623,39.498,33.374
34.562,34.528,34.677,34.014,34.390,38.436,49.091,57.905,59.939,59.604,57.008,57.330,56.682,58.234,58.428,57.557,56.625,60.448,63.611,61.028,50.431,42.929,39.804,33.678
35.014,34.964,35.167,34.497,34.879,38.853,49.368,58.254,60.189,59.972,57.416,57.763,57.141,58.764,59.077,58.061,57.085,60.950,64.136,61.510,50.837,43.319,40.206,34.117
35.290,35.276,35.499,34.905,35.202,39.293,50.160,59.065,61.127,60.823,58.254,58.513,57.897,59.526,59.635,58.570,57.558,61.814,65.598,62.265,52.095,43.885,40.702,34.404
35.689,35.701,35.791,35.143,35.507,39.791,51.014,60.015,62.237,61.719,59.019,59.308,58.626,60.145,60.160,59.398,58.511,62.451,65.782,62.993,52.245,44.444,41.196,34.787
36.171,36.163,36.276,35.656,35.960,40.318,51.783,60.824,63.167,62.627,59.865,60.086,59.377,60.905,60.796,60.045,59.070,63.341,67.128,63.931,53.522,45.134,41.829,35.291
36.783,36.749,36.905,36.289,36.568,40.936,52.478,61.613,63.972,63.492,60.704,60.906,60.190,61.769,61.667,60.846,59.790,64.269,68.311,64.893,54.572,45.844,42.506,35.907
37.653,37.598,37.834,37.213,37.493,41.780,53.186,62.448,64.686,64.364,61.623,61.852,61.172,62.854,62.902,61.869,60.743,65.335,69.478,65.922,55.521,46.677,43.342,36.757
38.357,38.381,38.510,37.911,38.178,42.830,55.091,64.593,67.126,66.496,63.599,63.778,63.044,64.651,64.407,63.579,62.546,67.259,71.595,67.785,57.162,47.949,44.436,37.437
39.702,39.651,39.905,39.296,39.533,44.081,56.204,65.865,68.305,67.914,65.022,65.199,64.476,66.224,66.137,65.071,63.855,68.901,73.606,69.502,58.986,49.298,45.773,38.785
43.081,42.610,43.138,42.335,42.535,46.887,58.813,69.016,71.505,71.781,68.542,68.687,67.779,69.823,70.152,68.952,67.016,73.004,78.550,74.539,63.950,52.779,49.162,42.254
