0.371,-4.869,-6.249,-8.095,-8.448,-10.583,-12.112,-11.533,-4.623,-4.739,-6.785,-9.705,-15.319,-23.162,-29.047,-30.799,-28.475,-21.235,-14.850,-8.026,-5.008,-8.324,-8.573,-15.363
5.525,1.210,0.110,-1.484,-2.481,-3.020,-4.524,-4.511,0.400,1.083,-0.305,-3.596,-8.961,-16.398,-22.750,-24.093,-21.225,-13.903,-6.034,-0.441,1.796,-1.611,-3.325,-9.961
8.096,4.210,3.214,1.749,0.575,0.459,-1.007,-1.251,2.910,3.833,2.698,-0.584,-5.768,-12.828,-18.982,-20.173,-17.203,-10.166,-2.188,2.925,4.853,1.438,-0.545,-7.032
9.692,5.840,4.836,3.435,2.405,2.112,0.833,0.606,4.576,5.263,4.117,1.086,-4.069,-11.327,-17.494,-18.537,-15.952,-8.405,-0.574,4.411,6.057,2.885,1.233,-5.093
11.084,7.386,6.422,5.087,4.059,3.876,2.685,2.424,6.076,6.746,5.674,2.733,-2.308,-9.502,-15.657,-16.592,-14.127,-6.483,1.351,6.094,7.542,4.502,2.827,-3.327
12.096,8.478,7.539,6.221,5.180,5.047,3.841,3.574,7.173,7.885,6.844,3.913,-1.026,-8.015,-14.029,-14.973,-12.475,-5.110,2.589,7.249,8.720,5.690,3.977,-2.081
12.940,9.358,8.439,7.146,6.162,6.043,4.902,4.712,8.236,8.872,7.830,4.973,0.150,-6.809,-12.853,-13.749,-11.383,-3.952,3.682,8.215,9.620,6.744,5.035,-0.834
13.657,10.101,9.190,7.910,6.967,6.807,5.686,5.536,9.072,9.665,8.615,5.817,1.080,-5.775,-11.722,-12.616,-10.313,-3.004,4.460,8.948,10.360,7.551,5.902,0.147
14.146,10.657,9.763,8.500,7.520,7.436,6.309,6.113,9.540,10.187,9.179,6.368,1.656,-5.126,-11.035,-11.914,-9.570,-2.341,5.147,9.567,10.946,8.119,6.410,0.666
14.710,11.203,10.312,9.052,8.145,7.997,6.905,6.804,10.299,10.858,9.813,7.069,2.449,-4.288,-10.173,-11.049,-8.814,-1.613,5.723,10.111,11.508,8.796,7.149,1.553
15.096,11.588,10.695,9.446,8.578,8.385,7.334,7.254,10.726,11.225,10.170,7.482,2.877,-3.901,-9.795,-10.643,-8.498,-1.190,6.104,10.467,11.814,9.165,7.590,2.042
15.494,12.010,11.122,9.883,9.025,8.827,7.790,7.709,11.150,11.638,10.591,7.928,3.350,-3.397,-9.257,-10.093,-7.975,-0.688,6.559,10.891,12.217,9.592,8.038,2.528
15.827,12.322,11.430,10.183,9.351,9.101,8.055,8.009,11.536,12.001,10.931,8.283,3.736,-2.956,-8.755,-9.617,-7.510,-0.331,6.804,11.165,12.545,9.933,8.421,2.945
16.115,12.621,11.733,10.486,9.656,9.405,8.349,8.310,11.855,12.329,11.258,8.611,4.093,-2.536,-8.286,-9.161,-7.040,0.036,7.114,11.469,12.876,10.263,8.749,3.298
16.446,12.968,12.088,10.853,10.045,9.799,8.770,8.759,12.268,12.710,11.640,9.026,4.552,-2.066,-7.826,-8.680,-6.614,0.494,7.545,11.848,13.224,10.672,9.163,3.787
16.784,13.307,12.428,11.200,10.428,10.146,9.144,9.164,12.678,13.074,11.992,9.422,4.985,-1.625,-7.370,-8.211,-6.212,0.915,7.896,12.175,13.534,11.040,9.580,4.269
17.086,13.628,12.753,11.542,10.792,10.506,9.547,9.571,13.011,13.365,12.291,9.766,5.343,-1.312,-7.088,-7.888,-5.966,1.289,8.279,12.504,13.789,11.356,9.929,4.664
17.356,13.903,13.031,11.821,11.084,10.779,9.819,9.859,13.321,13.666,12.586,10.076,5.684,-0.920,-6.648,-7.456,-5.545,1.634,8.550,12.770,14.075,11.655,10.249,5.020
17.569,14.127,13.261,12.058,11.335,11.040,10.097,10.160,13.601,13.927,12.847,10.356,5.999,-0.592,-6.330,-7.126,-5.248,1.943,8.843,13.025,14.313,11.938,10.525,5.352
17.799,14.372,13.511,12.318,11.606,11.319,10.397,10.469,13.869,14.176,13.101,10.632,6.296,-0.303,-6.057,-6.832,-4.993,2.246,9.147,13.290,14.544,12.207,10.799,5.664
18.006,14.574,13.713,12.525,11.838,11.540,10.646,10.742,14.124,14.393,13.310,10.869,6.546,-0.093,-5.887,-6.642,-4.860,2.475,9.382,13.500,14.721,12.434,11.044,5.949
18.236,14.804,13.945,12.754,12.069,11.761,10.855,10.961,14.376,14.649,13.562,11.119,6.816,0.226,-5.526,-6.297,-4.501,2.744,9.597,13.724,14.977,12.685,11.299,6.220
18.403,14.973,14.116,12.927,12.252,11.939,11.040,11.157,14.573,14.834,13.745,11.313,7.025,0.444,-5.304,-6.072,-4.293,2.949,9.783,13.898,15.148,12.875,11.496,6.441
18.589,15.145,14.282,13.094,12.444,12.085,11.199,11.331,14.774,15.002,13.898,11.494,7.210,0.615,-5.118,-5.884,-4.145,3.120,9.902,14.031,15.278,13.028,11.702,6.663
18.818,15.383,14.524,13.337,12.698,12.331,11.447,11.595,15.048,15.267,14.161,11.770,7.517,0.968,-4.730,-5.500,-3.772,3.432,10.157,14.272,15.531,13.299,11.983,6.982
18.996,15.581,14.723,13.543,12.898,12.529,11.646,11.768,15.192,15.421,14.326,11.943,7.689,1.159,-4.502,-5.267,-3.537,3.644,10.348,14.455,15.698,13.453,12.156,7.147
19.156,15.741,14.880,13.703,13.066,12.679,11.806,11.925,15.343,15.558,14.461,12.093,7.832,1.286,-4.371,-5.129,-3.419,3.793,10.487,14.594,15.822,13.585,12.316,7.305
19.268,15.862,15.006,13.830,13.184,12.818,11.941,12.055,15.457,15.685,14.595,12.220,7.966,1.435,-4.222,-4.979,-3.257,3.936,10.641,14.736,15.964,13.723,12.432,7.424
19.391,15.984,15.127,13.951,13.301,12.941,12.065,12.176,15.572,15.803,14.714,12.334,8.072,1.526,-4.147,-4.902,-3.177,4.039,10.767,14.862,16.085,13.841,12.542,7.526
19.532,16.124,15.269,14.094,13.452,13.090,12.221,12.343,15.738,15.957,14.866,12.494,8.243,1.696,-3.983,-4.734,-3.024,4.202,10.923,15.009,16.227,14.001,12.704,7.707
19.618,16.212,15.360,14.188,13.544,13.211,12.350,12.484,15.851,16.068,14.980,12.603,8.357,1.784,-3.948,-4.686,-2.986,4.301,11.075,15.137,16.336,14.130,12.799,7.818
19.795,16.406,15.563,14.393,13.751,13.435,12.567,12.717,16.090,16.316,15.231,12.853,8.652,2.152,-3.542,-4.289,-2.579,4.603,11.327,15.364,16.587,14.395,13.039,8.106
19.937,16.553,15.710,14.542,13.905,13.579,12.716,12.864,16.231,16.450,15.366,12.999,8.802,2.306,-3.373,-4.117,-2.418,4.762,11.467,15.499,16.715,14.528,13.191,8.264
20.208,16.838,15.998,14.832,14.206,13.852,12.980,13.134,16.532,16.750,15.664,13.314,9.155,2.674,-3.124,-3.823,-2.173,5.141,11.728,15.761,17.010,14.823,13.519,8.627
20.275,16.902,16.064,14.901,14.274,13.946,13.089,13.251,16.613,16.824,15.739,13.387,9.221,2.750,-2.932,-3.660,-1.991,5.187,11.849,15.860,17.077,14.913,13.580,8.694
20.340,16.968,16.129,14.969,14.340,14.020,13.173,13.327,16.661,16.866,15.786,13.437,9.256,2.757,-2.896,-3.638,-1.955,5.224,11.926,15.929,17.118,14.960,13.627,8.730
20.421,17.043,16.203,15.047,14.409,14.125,13.282,13.439,16.721,16.920,15.847,13.490,9.275,2.761,-2.835,-3.596,-1.894,5.224,12.043,16.039,17.174,15.031,13.663,8.744
20.439,17.070,16.232,15.073,14.444,14.129,13.299,13.446,16.771,16.977,15.898,13.548,9.374,2.883,-2.805,-3.534,-1.863,5.342,12.057,16.040,17.230,15.075,13.735,8.847
20.636,17.280,16.447,15.297,14.670,14.381,13.557,13.715,16.987,17.182,16.112,13.772,9.603,3.072,-2.668,-3.369,-1.730,5.574,12.329,16.284,17.427,15.304,13.947,9.080
20.798,17.457,16.630,15.484,14.853,14.588,13.766,13.926,17.172,17.373,16.311,13.971,9.818,3.305,-2.439,-3.134,-1.495,5.798,12.561,16.491,17.625,15.513,14.133,9.287
20.908,17.576,16.751,15.611,14.977,14.721,13.909,14.060,17.271,17.470,16.414,14.081,9.923,3.390,-2.369,-3.051,-1.423,5.916,12.702,16.616,17.723,15.618,14.239,9.392
20.975,17.655,16.833,15.696,15.049,14.823,14.013,14.149,17.320,17.534,16.490,14.146,9.980,3.432,-2.353,-3.025,-1.388,5.987,12.823,16.720,17.806,15.696,14.289,9.431
21.066,17.759,16.939,15.808,15.150,14.942,14.134,14.254,17.389,17.613,16.581,14.234,10.060,3.506,-2.286,-2.949,-1.306,6.088,12.951,16.835,17.902,15.784,14.367,9.499
21.205,17.904,17.083,15.954,15.295,15.083,14.280,14.387,17.508,17.731,16.702,14.362,10.181,3.619,-2.167,-2.824,-1.188,6.223,13.086,16.968,18.021,15.901,14.497,9.621
21.284,17.984,17.163,16.033,15.366,15.160,14.349,14.449,17.573,17.808,16.782,14.432,10.247,3.695,-2.082,-2.745,-1.091,6.295,13.162,17.049,18.111,15.976,14.563,9.675
21.409,18.112,17.290,16.161,15.491,15.279,14.469,14.556,17.669,17.906,16.883,14.536,10.338,3.775,-1.997,-2.656,-1.001,6.399,13.270,17.163,18.214,16.070,14.670,9.764
21.500,18.207,17.388,16.259,15.586,15.388,14.573,14.669,17.785,18.029,17.007,14.653,10.471,3.933,-1.836,-2.500,-0.836,6.529,13.395,17.278,18.342,16.201,14.780,9.891
21.629,18.354,17.539,16.415,15.738,15.551,14.738,14.822,17.909,18.161,17.149,14.799,10.624,4.104,-1.648,-2.306,-0.641,6.708,13.568,17.434,18.484,16.343,14.919,10.036
21.740,18.479,17.668,16.549,15.864,15.695,14.885,14.958,18.015,18.275,17.273,14.922,10.751,4.237,-1.517,-2.168,-0.500,6.852,13.726,17.574,18.610,16.468,15.033,10.152
21.875,18.615,17.802,16.689,16.022,15.836,15.047,15.130,18.170,18.402,17.396,15.071,10.905,4.363,-1.405,-2.040,-0.415,7.002,13.868,17.701,18.709,16.599,15.192,10.334
22.028,18.762,17.949,16.837,16.183,15.985,15.207,15.303,18.347,18.559,17.547,15.236,11.078,4.525,-1.252,-1.881,-0.283,7.163,14.017,17.845,18.844,16.757,15.365,10.527
22.150,18.879,18.066,16.954,16.313,16.101,15.329,15.442,18.502,18.699,17.679,15.379,11.235,4.687,-1.087,-1.716,-0.136,7.305,14.134,17.959,18.963,16.895,15.515,10.700
22.261,18.984,18.168,17.056,16.421,16.192,15.424,15.536,18.602,18.788,17.765,15.474,11.322,4.762,-1.007,-1.635,-0.067,7.393,14.210,18.044,19.043,16.977,15.620,10.799
22.367,19.092,18.276,17.165,16.534,16.298,15.532,15.646,18.713,18.895,17.870,15.585,11.438,4.882,-0.877,-1.504,0.056,7.511,14.313,18.146,19.144,17.082,15.735,10.921
22.497,19.225,18.412,17.304,16.680,16.447,15.686,15.813,18.878,19.052,18.026,15.749,11.621,5.079,-0.679,-1.304,0.245,7.689,14.476,18.293,19.291,17.248,15.898,11.111
22.665,19.402,18.590,17.482,16.859,16.612,15.845,15.965,19.040,19.219,18.195,15.923,11.805,5.303,-0.406,-1.039,0.518,7.893,14.630,18.452,19.463,17.410,16.078,11.294
22.780,19.515,18.703,17.593,16.973,16.726,15.953,16.085,19.179,19.359,18.331,16.056,11.952,5.473,-0.225,-0.866,0.695,8.031,14.747,18.570,19.599,17.549,16.212,11.442
22.928,19.665,18.851,17.744,17.133,16.858,16.089,16.216,19.319,19.487,18.456,16.199,12.097,5.631,-0.030,-0.672,0.875,8.191,14.859,18.689,19.717,17.668,16.370,11.603
23.056,19.777,18.963,17.853,17.261,16.973,16.212,16.373,19.504,19.648,18.603,16.356,12.273,5.800,0.101,-0.537,0.979,8.329,14.981,18.808,19.846,17.829,16.534,11.803
23.154,19.866,19.049,17.937,17.345,17.057,16.301,16.459,19.585,19.725,18.678,16.428,12.326,5.814,0.119,-0.524,0.997,8.371,15.060,18.895,19.921,17.903,16.607,11.858
23.266,19.983,19.167,18.055,17.462,17.169,16.408,16.563,19.696,19.840,18.795,16.546,12.450,5.963,0.278,-0.365,1.158,8.506,15.168,19.005,20.040,18.016,16.726,11.980
23.400,20.116,19.299,18.185,17.595,17.289,16.522,16.680,19.835,19.980,18.931,16.684,12.596,6.136,0.481,-0.172,1.356,8.654,15.278,19.124,20.178,18.148,16.871,12.129
23.489,20.214,19.400,18.287,17.687,17.403,16.630,16.784,19.928,20.088,19.045,16.787,12.705,6.261,0.604,-0.050,1.496,8.770,15.408,19.244,20.301,18.266,16.962,12.221
23.609,20.336,19.523,18.410,17.802,17.529,16.751,16.898,20.035,20.206,19.167,16.900,12.813,6.369,0.708,0.053,1.612,8.882,15.536,19.373,20.432,18.385,17.069,12.317
23.751,20.463,19.646,18.528,17.930,17.636,16.857,17.015,20.184,20.343,19.294,17.030,12.940,6.489,0.830,0.169,1.721,8.991,15.628,19.483,20.555,18.511,17.210,12.458
23.880,20.596,19.780,18.660,18.044,17.769,16.978,17.121,20.283,20.465,19.424,17.140,13.038,6.591,0.930,0.263,1.846,9.099,15.764,19.624,20.703,18.634,17.309,12.531
24.039,20.777,19.964,18.851,18.229,17.965,17.180,17.304,20.425,20.614,19.585,17.309,13.208,6.771,1.124,0.468,2.049,9.302,15.968,19.808,20.863,18.793,17.472,12.694
24.135,20.879,20.070,18.956,18.320,18.087,17.292,17.414,20.524,20.733,19.711,17.415,13.318,6.891,1.231,0.572,2.178,9.413,16.110,19.942,21.003,18.922,17.561,12.781
24.287,21.020,20.210,19.092,18.468,18.216,17.419,17.560,20.707,20.905,19.872,17.582,13.498,7.091,1.446,0.777,2.377,9.575,16.232,20.074,21.159,19.088,17.737,12.975
24.461,21.201,20.395,19.280,18.662,18.414,17.622,17.775,20.917,21.109,20.076,17.793,13.732,7.343,1.704,1.038,2.626,9.807,16.445,20.270,21.353,19.301,17.947,13.215
24.572,21.318,20.510,19.399,18.777,18.525,17.737,17.871,20.991,21.185,20.157,17.880,13.803,7.399,1.764,1.105,2.691,9.898,16.546,20.371,21.436,19.374,18.036,13.284
24.740,21.497,20.690,19.582,18.952,18.707,17.920,18.036,21.131,21.334,20.315,18.038,13.952,7.547,1.920,1.266,2.857,10.070,16.727,20.547,21.597,19.525,18.190,13.424
24.891,21.660,20.856,19.752,19.125,18.882,18.099,18.214,21.294,21.495,20.480,18.212,14.140,7.751,2.140,1.491,3.072,10.271,16.910,20.714,21.757,19.694,18.363,13.615
24.988,21.772,20.972,19.877,19.244,19.030,18.263,18.371,21.393,21.593,20.590,18.326,14.253,7.837,2.185,1.558,3.124,10.396,17.087,20.858,21.860,19.814,18.463,13.723
25.157,21.924,21.120,20.021,19.407,19.162,18.398,18.528,21.591,21.768,20.750,18.497,14.432,8.012,2.366,1.733,3.278,10.549,17.203,20.989,22.006,19.976,18.651,13.927
25.350,22.122,21.318,20.218,19.602,19.342,18.568,18.689,21.767,21.953,20.936,18.685,14.623,8.241,2.645,2.000,3.560,10.759,17.367,21.165,22.199,20.152,18.845,14.115
25.531,22.282,21.473,20.372,19.787,19.488,18.730,18.883,21.997,22.140,21.104,18.880,14.830,8.425,2.819,2.177,3.688,10.930,17.499,21.303,22.338,20.330,19.063,14.365
25.731,22.488,21.679,20.579,19.997,19.685,18.924,19.075,22.199,22.343,21.306,19.089,15.050,8.679,3.114,2.466,3.979,11.164,17.687,21.494,22.540,20.528,19.279,14.589
25.927,22.696,21.891,20.789,20.194,19.897,19.121,19.263,22.390,22.559,21.529,19.297,15.268,8.942,3.407,2.747,4.293,11.399,17.907,21.713,22.780,20.747,19.477,14.784
26.098,22.870,22.066,20.967,20.381,20.075,19.304,19.455,22.585,22.742,21.710,19.490,15.475,9.161,3.639,2.981,4.511,11.606,18.086,21.884,22.950,20.932,19.675,15.003
26.246,23.019,22.218,21.121,20.541,20.241,19.480,19.641,22.759,22.906,21.874,19.661,15.657,9.336,3.796,3.146,4.659,11.780,18.267,22.049,23.103,21.106,19.844,15.193
26.362,23.139,22.339,21.243,20.661,20.373,19.609,19.776,22.891,23.043,22.012,19.794,15.798,9.488,3.943,3.292,4.811,11.919,18.411,22.185,23.244,21.250,19.970,15.329
26.568,23.338,22.535,21.436,20.864,20.542,19.776,19.945,23.091,23.234,22.194,19.988,15.993,9.699,4.194,3.533,5.046,12.116,18.554,22.348,23.422,21.424,20.182,15.539
26.809,23.590,22.788,21.692,21.117,20.794,20.027,20.184,23.320,23.468,22.435,20.232,16.240,9.964,4.483,3.823,5.339,12.383,18.803,22.593,23.664,21.659,20.426,15.782
27.061,23.822,23.010,21.914,21.355,20.989,20.240,20.390,23.531,23.648,22.604,20.424,16.397,10.051,4.550,3.902,5.379,12.531,18.959,22.773,23.815,21.817,20.642,15.971
27.300,24.076,23.270,22.176,21.617,21.261,20.503,20.665,23.815,23.942,22.901,20.720,16.731,10.455,4.998,4.339,5.828,12.875,19.250,23.047,24.114,22.122,20.933,16.299
27.527,24.328,23.526,22.437,21.857,21.522,20.753,20.882,23.998,24.156,23.132,20.942,16.948,10.705,5.284,4.624,6.145,13.139,19.514,23.303,24.365,22.342,21.141,16.486
27.830,24.674,23.881,22.807,22.219,21.910,21.154,21.259,24.297,24.464,23.463,21.289,17.314,11.100,5.704,5.066,6.575,13.562,19.932,23.670,24.689,22.678,21.474,16.841
28.092,24.948,24.155,23.086,22.493,22.186,21.433,21.522,24.536,24.707,23.714,21.544,17.563,11.348,5.963,5.331,6.839,13.834,20.205,23.937,24.941,22.923,21.728,17.086
28.369,25.217,24.418,23.352,22.765,22.430,21.694,21.763,24.758,24.910,23.916,21.764,17.748,11.471,6.071,5.455,6.933,14.029,20.419,24.165,25.131,23.112,21.965,17.290
28.633,25.456,24.659,23.580,23.013,22.673,21.923,22.056,25.137,25.277,24.259,22.097,18.131,11.906,6.506,5.862,7.346,14.343,20.681,24.434,25.469,23.479,22.300,17.687
28.859,25.663,24.863,23.783,23.233,22.878,22.142,22.296,25.388,25.501,24.471,22.321,18.351,12.084,6.644,6.008,7.459,14.532,20.885,24.640,25.663,23.700,22.533,17.932
29.300,26.145,25.341,24.271,23.670,23.329,22.577,22.623,25.632,25.805,24.813,22.646,18.605,12.332,6.953,6.325,7.836,14.900,21.294,25.068,26.049,23.990,22.848,18.129
29.643,26.525,25.732,24.673,24.057,23.767,23.020,23.054,25.993,26.186,25.216,23.046,19.029,12.786,7.404,6.792,8.310,15.360,21.780,25.501,26.454,24.406,23.221,18.529
29.970,26.882,26.098,25.053,24.406,24.196,23.471,23.467,26.272,26.486,25.549,23.365,19.317,12.988,7.501,6.933,8.449,15.679,22.264,25.928,26.793,24.749,23.498,18.780
30.397,27.296,26.510,25.459,24.799,24.613,23.880,23.877,26.688,26.916,25.978,23.768,19.701,13.341,7.805,7.234,8.772,16.039,22.690,26.364,27.236,25.179,23.888,19.146
30.935,27.876,27.096,26.059,25.333,25.253,24.527,24.431,27.067,27.358,26.472,24.220,20.071,13.598,7.953,7.428,9.012,16.483,23.371,27.003,27.770,25.658,24.284,19.435
31.698,28.645,27.869,26.835,26.087,26.065,25.346,25.237,27.807,28.113,27.243,24.968,20.794,14.253,8.515,8.013,9.605,17.202,24.219,27.825,28.549,26.437,25.003,20.132
33.088,30.098,29.346,28.326,27.458,27.697,26.970,26.775,29.085,29.520,28.730,26.337,22.090,15.417,9.423,8.980,10.690,18.545,26.012,29.509,30.116,27.947,26.232,21.262
