5.715,3.226,3.743,2.885,1.069,-1.987,-4.969,-3.849,-7.082,-6.680,-12.516,-15.276,-16.093,-20.584,-22.059,-17.248,-9.809,-5.277,7.382,7.037,-1.937,-8.178,0.533,-2.951
8.066,5.535,5.626,4.663,3.019,0.299,-2.984,-2.273,-5.010,-4.934,-10.486,-12.940,-14.346,-18.623,-19.954,-15.269,-8.339,-3.149,7.673,9.576,1.221,-3.863,3.432,0.213
9.737,7.216,7.074,6.075,4.512,1.975,-1.356,-0.931,-3.386,-3.451,-8.799,-11.104,-12.890,-17.011,-18.294,-13.668,-7.048,-1.499,7.703,11.556,3.615,-0.892,5.615,2.655
11.413,8.986,8.585,7.642,6.265,3.989,0.426,0.622,-1.519,-1.714,-6.751,-8.942,-10.850,-14.648,-15.928,-11.553,-5.349,0.123,8.138,12.713,5.430,1.847,7.441,4.545
12.976,10.573,10.147,9.160,7.856,5.716,2.171,2.389,0.398,0.096,-4.771,-6.751,-8.650,-12.360,-13.474,-9.284,-3.379,2.091,9.278,14.228,7.172,3.888,9.066,6.242
13.870,11.451,11.035,10.010,8.700,6.573,3.076,3.306,1.340,1.005,-3.849,-5.758,-7.695,-11.432,-12.478,-8.298,-2.443,3.120,10.058,15.288,8.214,4.911,10.029,7.255
14.537,12.123,11.732,10.689,9.395,7.296,3.823,4.102,2.158,1.796,-3.018,-4.854,-6.743,-10.472,-11.450,-7.334,-1.559,3.969,10.735,15.924,8.878,5.606,10.663,7.891
15.174,12.808,12.380,11.375,10.105,8.042,4.598,4.808,2.907,2.564,-2.170,-4.024,-5.937,-9.579,-10.597,-6.519,-0.816,4.642,11.325,16.539,9.653,6.487,11.425,8.715
15.739,13.385,13.014,12.005,10.716,8.636,5.301,5.549,3.623,3.303,-1.416,-3.250,-5.127,-8.782,-9.772,-5.706,-0.020,5.400,12.143,17.231,10.320,7.021,12.043,9.378
16.302,13.938,13.517,12.480,11.236,9.227,5.804,6.049,4.206,3.810,-0.859,-2.601,-4.498,-8.122,-9.042,-5.047,0.525,5.994,12.303,17.673,10.852,7.781,12.561,9.878
16.743,14.423,14.012,13.012,11.773,9.768,6.415,6.635,4.792,4.436,-0.179,-1.950,-3.823,-7.391,-8.347,-4.378,1.161,6.525,12.909,18.116,11.384,8.298,13.086,10.449
17.150,14.809,14.355,13.313,12.116,10.180,6.741,6.971,5.209,4.768,0.194,-1.469,-3.365,-6.920,-7.788,-3.887,1.539,6.980,12.926,18.433,11.766,8.893,13.442,10.787
17.518,15.193,14.776,13.752,12.536,10.571,7.197,7.441,5.640,5.240,0.659,-1.038,-2.899,-6.458,-7.350,-3.436,2.023,7.401,13.542,18.846,12.153,9.163,13.831,11.190
17.794,15.477,15.085,14.068,12.839,10.855,7.527,7.782,5.956,5.580,0.994,-0.720,-2.564,-6.129,-7.031,-3.108,2.371,7.720,13.980,19.171,12.456,9.385,14.128,11.501
18.052,15.730,15.347,14.322,13.093,11.111,7.785,8.057,6.231,5.847,1.260,-0.437,-2.270,-5.844,-6.727,-2.812,2.659,8.011,14.242,19.429,12.701,9.624,14.367,11.734
18.404,16.062,15.703,14.643,13.414,11.441,8.117,8.443,6.623,6.206,1.612,-0.019,-1.829,-5.438,-6.251,-2.360,3.081,8.469,14.558,19.804,13.029,9.939,14.666,12.018
18.762,16.441,16.019,14.970,13.782,11.869,8.501,8.766,7.022,6.574,2.054,0.451,-1.403,-4.938,-5.751,-1.912,3.430,8.819,14.616,20.079,13.459,10.578,15.086,12.468
19.096,16.790,16.350,15.303,14.136,12.258,8.890,9.138,7.434,6.969,2.499,0.927,-0.933,-4.429,-5.225,-1.428,3.844,9.216,14.840,20.383,13.846,11.059,15.455,12.860
19.327,17.003,16.572,15.502,14.327,12.448,9.089,9.355,7.654,7.170,2.687,1.148,-0.726,-4.251,-5.011,-1.209,4.058,9.487,15.020,20.684,14.107,11.295,15.687,13.099
19.476,17.155,16.718,15.648,14.478,12.606,9.247,9.507,7.814,7.327,2.854,1.321,-0.558,-4.076,-4.834,-1.038,4.215,9.645,15.138,20.833,14.274,11.482,15.849,13.267
19.659,17.355,16.881,15.829,14.676,12.826,9.450,9.658,7.996,7.510,3.072,1.524,-0.388,-3.859,-4.646,-0.861,4.362,9.781,15.203,20.981,14.507,11.809,16.087,13.528
19.962,17.679,17.220,16.181,15.035,13.195,9.845,10.067,8.407,7.932,3.524,1.982,0.111,-3.335,-4.118,-0.367,4.823,10.170,15.612,21.239,14.806,12.112,16.387,13.833
20.186,17.911,17.439,16.404,15.270,13.447,10.090,10.302,8.661,8.178,3.794,2.263,0.390,-3.034,-3.813,-0.083,5.075,10.410,15.776,21.431,15.042,12.403,16.621,14.073
20.347,18.086,17.598,16.578,15.454,13.641,10.279,10.465,8.837,8.361,3.998,2.452,0.572,-2.822,-3.623,0.098,5.242,10.550,15.916,21.559,15.221,12.625,16.809,14.270
20.551,18.298,17.803,16.787,15.676,13.879,10.502,10.689,9.076,8.593,4.250,2.714,0.849,-2.525,-3.320,0.375,5.491,10.770,16.088,21.699,15.399,12.855,16.995,14.448
20.838,18.597,18.103,17.090,15.995,14.218,10.838,11.037,9.441,8.949,4.636,3.123,1.287,-2.064,-2.841,0.815,5.886,11.122,16.371,21.920,15.663,13.168,17.260,14.708
21.075,18.834,18.353,17.336,16.244,14.471,11.093,11.318,9.720,9.223,4.914,3.419,1.612,-1.742,-2.499,1.138,6.195,11.408,16.645,22.125,15.863,13.367,17.462,14.897
21.269,19.031,18.540,17.518,16.436,14.681,11.300,11.518,9.942,9.431,5.144,3.671,1.852,-1.488,-2.230,1.388,6.411,11.633,16.759,22.320,16.092,13.642,17.676,15.124
21.425,19.188,18.693,17.668,16.579,14.824,11.473,11.671,10.102,9.593,5.312,3.843,1.991,-1.349,-2.091,1.538,6.553,11.810,16.885,22.566,16.347,13.881,17.900,15.385
21.563,19.333,18.835,17.818,16.730,14.975,11.634,11.820,10.253,9.751,5.480,4.001,2.146,-1.184,-1.937,1.692,6.704,11.949,17.039,22.710,16.509,14.044,18.061,15.557
21.694,19.479,18.981,17.978,16.889,15.132,11.816,11.985,10.415,9.931,5.673,4.176,2.317,-0.994,-1.770,1.862,6.872,12.089,17.230,22.860,16.686,14.209,18.236,15.753
21.843,19.625,19.129,18.118,17.030,15.280,11.971,12.146,10.584,10.090,5.839,4.362,2.500,-0.814,-1.570,2.052,7.044,12.276,17.348,23.030,16.858,14.387,18.392,15.916
21.963,19.751,19.255,18.247,17.154,15.401,12.119,12.279,10.717,10.232,5.988,4.505,2.627,-0.683,-1.447,2.183,7.174,12.412,17.487,23.206,17.043,14.552,18.560,16.110
22.078,19.904,19.420,18.452,17.350,15.581,12.375,12.501,10.919,10.490,6.273,4.732,2.861,-0.408,-1.232,2.406,7.408,12.560,17.827,23.368,17.259,14.703,18.775,16.374
22.353,20.151,19.660,18.651,17.559,15.813,12.573,12.724,11.173,10.691,6.472,5.003,3.114,-0.183,-0.938,2.680,7.640,12.878,17.886,23.513,17.412,14.985,18.940,16.463
22.425,20.235,19.762,18.758,17.692,15.972,12.692,12.907,11.364,10.865,6.673,5.241,3.389,0.104,-0.652,2.953,7.899,13.038,18.033,23.662,17.530,15.034,19.015,16.604
22.534,20.343,19.860,18.859,17.768,16.025,12.804,12.959,11.408,10.934,6.729,5.261,3.407,0.110,-0.650,2.972,7.914,13.102,18.130,23.833,17.720,15.216,19.203,16.799
22.602,20.406,19.926,18.923,17.824,16.071,12.860,13.012,11.453,10.983,6.767,5.291,3.408,0.112,-0.641,2.984,7.935,13.158,18.156,23.946,17.811,15.276,19.288,16.891
22.675,20.471,19.972,18.960,17.866,16.123,12.893,13.029,11.487,11.001,6.787,5.324,3.454,0.179,-0.538,3.006,7.935,13.203,18.213,24.035,17.911,15.418,19.377,16.987
22.883,20.720,20.227,19.254,18.166,16.423,13.235,13.350,11.801,11.356,7.181,5.676,3.792,0.547,-0.252,3.354,8.293,13.449,18.547,24.197,18.147,15.647,19.630,17.263
23.017,20.857,20.370,19.397,18.309,16.569,13.397,13.516,11.970,11.525,7.359,5.863,3.984,0.743,-0.048,3.548,8.474,13.621,18.700,24.343,18.303,15.798,19.776,17.417
23.119,20.953,20.471,19.490,18.398,16.657,13.489,13.614,12.067,11.618,7.446,5.958,4.076,0.824,0.043,3.643,8.570,13.735,18.796,24.472,18.415,15.895,19.879,17.523
23.242,21.077,20.586,19.602,18.514,16.781,13.615,13.730,12.195,11.738,7.577,6.099,4.201,0.955,0.180,3.776,8.687,13.868,18.861,24.613,18.573,16.077,20.025,17.682
23.351,21.194,20.714,19.738,18.648,16.908,13.758,13.879,12.333,11.890,7.730,6.241,4.362,1.120,0.336,3.930,8.847,13.995,19.059,24.713,18.674,16.151,20.132,17.788
23.460,21.305,20.820,19.843,18.755,17.023,13.877,13.991,12.454,12.007,7.858,6.377,4.488,1.253,0.473,4.062,8.963,14.118,19.134,24.834,18.812,16.305,20.260,17.927
23.589,21.434,20.933,19.953,18.876,17.161,13.996,14.101,12.586,12.124,7.989,6.525,4.626,1.402,0.633,4.206,9.081,14.247,19.161,24.939,18.947,16.499,20.391,18.060
23.738,21.579,21.061,20.071,19.011,17.322,14.123,14.228,12.742,12.253,8.137,6.705,4.800,1.589,0.844,4.391,9.224,14.406,19.167,25.038,19.079,16.715,20.520,18.181
23.897,21.748,21.226,20.244,19.195,17.517,14.310,14.417,12.941,12.450,8.352,6.924,5.039,1.848,1.103,4.627,9.439,14.583,19.330,25.136,19.210,16.883,20.662,18.315
24.036,21.887,21.366,20.380,19.329,17.651,14.457,14.560,13.087,12.595,8.500,7.078,5.183,1.989,1.250,4.775,9.582,14.740,19.458,25.311,19.385,17.051,20.824,18.490
24.145,21.997,21.475,20.488,19.442,17.772,14.572,14.679,13.212,12.715,8.627,7.214,5.326,2.137,1.405,4.920,9.712,14.863,19.550,25.399,19.484,17.170,20.923,18.586
24.308,22.172,21.638,20.658,19.624,17.972,14.772,14.865,13.419,12.918,8.860,7.455,5.564,2.404,1.672,5.163,9.920,15.050,19.667,25.535,19.675,17.414,21.109,18.785
24.422,22.288,21.758,20.780,19.746,18.094,14.897,14.994,13.546,13.047,8.990,7.585,5.703,2.544,1.813,5.300,10.056,15.175,19.800,25.640,19.780,17.516,21.217,18.890
24.534,22.390,21.848,20.857,19.829,18.188,14.971,15.067,13.635,13.115,9.060,7.678,5.777,2.612,1.900,5.384,10.123,15.282,19.804,25.759,19.901,17.675,21.327,19.000
24.664,22.529,21.973,20.989,19.968,18.338,15.124,15.198,13.781,13.262,9.226,7.843,5.928,2.784,2.064,5.540,10.259,15.413,19.885,25.889,20.072,17.882,21.492,19.182
24.822,22.686,22.120,21.128,20.121,18.513,15.278,15.355,13.962,13.422,9.405,8.051,6.137,3.005,2.307,5.757,10.438,15.596,19.944,26.006,20.219,18.094,21.634,19.319
24.950,22.812,22.239,21.244,20.243,18.644,15.396,15.474,14.092,13.541,9.530,8.189,6.274,3.145,2.458,5.897,10.563,15.727,20.018,26.113,20.337,18.244,21.752,19.433
25.073,22.928,22.357,21.352,20.351,18.754,15.497,15.586,14.206,13.645,9.628,8.300,6.386,3.247,2.574,6.012,10.676,15.857,20.113,26.237,20.446,18.354,21.857,19.531
25.191,23.058,22.505,21.515,20.502,18.886,15.667,15.757,14.352,13.819,9.798,8.441,6.542,3.404,2.708,6.158,10.847,15.989,20.388,26.383,20.581,18.421,21.997,19.680
25.327,23.199,22.646,21.660,20.650,19.036,15.820,15.908,14.505,13.975,9.961,8.601,6.708,3.577,2.878,6.322,11.006,16.134,20.540,26.509,20.719,18.564,22.137,19.822
25.475,23.348,22.801,21.814,20.803,19.189,15.983,16.077,14.673,14.144,10.133,8.779,6.892,3.761,3.067,6.507,11.185,16.307,20.708,26.665,20.875,18.711,22.287,19.976
25.585,23.452,22.907,21.912,20.899,19.284,16.080,16.179,14.775,14.240,10.224,8.880,6.986,3.845,3.162,6.605,11.283,16.425,20.801,26.798,20.994,18.821,22.397,20.088
25.721,23.611,23.049,22.077,21.078,19.479,16.271,16.343,14.954,14.431,10.448,9.086,7.197,4.100,3.390,6.813,11.465,16.553,20.933,26.869,21.139,19.026,22.557,20.257
25.812,23.703,23.158,22.190,21.179,19.561,16.378,16.458,15.048,14.541,10.543,9.165,7.286,4.176,3.456,6.895,11.574,16.651,21.134,26.996,21.235,19.057,22.653,20.356
25.978,23.876,23.334,22.370,21.363,19.751,16.577,16.660,15.253,14.748,10.764,9.390,7.522,4.424,3.706,7.131,11.795,16.849,21.323,27.147,21.406,19.237,22.822,20.529
26.118,24.021,23.454,22.494,21.496,19.901,16.719,16.769,15.388,14.875,10.913,9.543,7.642,4.565,3.842,7.261,11.898,16.972,21.345,27.297,21.606,19.497,23.011,20.740
26.236,24.136,23.556,22.590,21.597,20.013,16.818,16.858,15.492,14.967,11.011,9.653,7.734,4.661,3.945,7.361,11.983,17.081,21.374,27.419,21.741,19.669,23.139,20.874
26.323,24.224,23.657,22.690,21.689,20.094,16.925,16.971,15.593,15.077,11.116,9.754,7.837,4.755,4.039,7.463,12.096,17.194,21.527,27.553,21.857,19.738,23.244,20.989
26.470,24.366,23.812,22.836,21.833,20.238,17.077,17.144,15.763,15.241,11.277,9.933,8.030,4.937,4.242,7.658,12.284,17.383,21.697,27.706,21.992,19.857,23.372,21.112
26.598,24.491,23.935,22.951,21.945,20.353,17.211,17.269,15.897,15.368,11.411,10.081,8.154,5.057,4.373,7.792,12.406,17.538,21.781,27.900,22.188,20.048,23.542,21.307
26.735,24.633,24.072,23.090,22.087,20.500,17.364,17.412,16.048,15.520,11.573,10.244,8.309,5.221,4.534,7.951,12.553,17.686,21.901,28.050,22.358,20.229,23.703,21.481
26.910,24.809,24.236,23.254,22.264,20.695,17.528,17.579,16.232,15.689,11.755,10.441,8.516,5.442,4.765,8.159,12.736,17.856,22.002,28.152,22.488,20.423,23.845,21.606
27.054,24.965,24.387,23.419,22.442,20.881,17.694,17.745,16.402,15.864,11.944,10.620,8.722,5.672,4.984,8.356,12.923,17.989,22.168,28.200,22.570,20.548,23.955,21.696
27.174,25.086,24.505,23.535,22.563,21.011,17.818,17.871,16.536,15.991,12.080,10.766,8.871,5.826,5.146,8.508,13.059,18.123,22.260,28.303,22.686,20.687,24.069,21.809
27.337,25.241,24.649,23.669,22.711,21.178,17.944,18.010,16.694,16.124,12.219,10.933,9.047,6.004,5.349,8.688,13.213,18.284,22.314,28.396,22.790,20.858,24.182,21.897
27.476,25.369,24.793,23.795,22.829,21.290,18.076,18.162,16.841,16.262,12.346,11.084,9.195,6.127,5.499,8.842,13.367,18.473,22.462,28.601,22.957,20.983,24.324,22.047
27.684,25.564,24.995,23.977,23.019,21.493,18.255,18.376,17.065,16.458,12.541,11.322,9.456,6.373,5.789,9.108,13.607,18.725,22.611,28.764,23.102,21.158,24.467,22.164
27.862,25.741,25.170,24.148,23.195,21.676,18.429,18.557,17.253,16.637,12.725,11.518,9.658,6.577,6.004,9.312,13.798,18.915,22.758,28.920,23.265,21.342,24.630,22.320
28.059,25.945,25.377,24.362,23.425,21.920,18.643,18.793,17.495,16.873,12.975,11.777,9.964,6.901,6.337,9.609,14.073,19.130,22.976,28.989,23.358,21.486,24.754,22.408
28.194,26.070,25.503,24.470,23.538,22.045,18.757,18.926,17.640,16.995,13.099,11.938,10.128,7.053,6.525,9.781,14.221,19.304,23.038,29.122,23.483,21.635,24.865,22.512
28.340,26.217,25.669,24.638,23.701,22.198,18.923,19.112,17.810,17.174,13.271,12.106,10.322,7.240,6.713,9.968,14.420,19.475,23.284,29.257,23.597,21.708,24.986,22.622
28.493,26.364,25.824,24.786,23.838,22.323,19.070,19.260,17.949,17.316,13.400,12.234,10.436,7.336,6.811,10.085,14.553,19.638,23.463,29.485,23.793,21.855,25.165,22.816
28.656,26.522,25.994,24.948,23.986,22.459,19.240,19.429,18.108,17.481,13.556,12.390,10.573,7.455,6.934,10.228,14.708,19.825,23.660,29.746,24.027,22.031,25.372,23.049
28.843,26.728,26.187,25.163,24.211,22.692,19.468,19.636,18.322,17.708,13.805,12.617,10.807,7.724,7.175,10.456,14.925,19.992,23.865,29.872,24.207,22.252,25.572,23.251
29.048,26.961,26.400,25.409,24.470,22.962,19.734,19.864,18.560,17.970,14.098,12.873,11.067,8.035,7.440,10.708,15.164,20.161,24.097,30.002,24.418,22.517,25.808,23.496
29.218,27.132,26.556,25.566,24.633,23.133,19.894,20.009,18.718,18.121,14.257,13.035,11.214,8.191,7.594,10.859,15.304,20.312,24.197,30.164,24.601,22.737,25.990,23.683
29.462,27.363,26.801,25.790,24.861,23.371,20.117,20.273,18.987,18.365,14.498,13.318,11.523,8.481,7.931,11.172,15.596,20.615,24.411,30.382,24.792,22.938,26.174,23.844
29.825,27.726,27.183,26.159,25.236,23.756,20.520,20.709,19.429,18.794,14.943,13.803,12.037,8.991,8.480,11.691,16.078,21.082,24.800,30.739,25.151,23.296,26.515,24.184
30.061,27.971,27.413,26.392,25.480,24.019,20.782,20.954,19.698,19.054,15.230,14.103,12.325,9.303,8.797,11.988,16.339,21.341,24.959,30.967,25.428,23.628,26.781,24.467
30.191,28.109,27.554,26.548,25.626,24.150,20.934,21.088,19.815,19.197,15.366,14.203,12.417,9.400,8.859,12.073,16.453,21.439,25.176,31.129,25.589,23.745,26.948,24.647
30.447,28.357,27.818,26.801,25.871,24.385,21.187,21.359,20.076,19.456,15.613,14.461,12.681,9.642,9.118,12.338,16.726,21.728,25.472,31.428,25.852,23.963,27.198,24.899
30.721,28.643,28.116,27.115,26.167,24.657,21.512,21.665,20.358,19.772,15.923,14.732,12.940,9.901,9.342,12.592,17.013,22.001,25.888,31.791,26.204,24.230,27.540,25.274
31.056,28.957,28.456,27.426,26.461,24.939,21.823,22.009,20.690,20.091,16.218,15.061,13.263,10.179,9.661,12.924,17.354,22.402,26.241,32.235,26.577,24.528,27.877,25.620
31.385,29.297,28.767,27.756,26.815,25.313,22.136,22.305,21.005,20.401,16.547,15.375,13.592,10.546,10.006,13.245,17.658,22.657,26.490,32.407,26.810,24.869,28.155,25.864
31.695,29.613,29.092,28.087,27.134,25.618,22.478,22.636,21.322,20.738,16.880,15.688,13.894,10.845,10.288,13.546,17.977,22.975,26.881,32.787,27.182,25.185,28.515,26.249
32.023,29.912,29.406,28.363,27.400,25.882,22.747,22.938,21.626,21.010,17.129,15.989,14.181,11.084,10.583,13.848,18.275,23.357,27.132,33.203,27.528,25.497,28.825,26.558
32.502,30.397,29.855,28.824,27.878,26.380,23.200,23.357,22.071,21.447,17.584,16.434,14.604,11.539,11.018,14.273,18.682,23.762,27.470,33.609,27.995,26.063,29.310,27.039
33.093,30.924,30.354,29.266,28.318,26.826,23.545,23.719,22.452,21.760,17.835,16.738,14.849,11.712,11.248,14.536,18.970,24.229,27.705,34.223,28.507,26.633,29.816,27.497
33.742,31.547,31.006,29.900,28.915,27.377,24.135,24.324,23.012,22.334,18.347,17.233,15.318,12.116,11.650,15.004,19.516,24.851,28.460,35.036,29.199,27.169,30.485,28.176
35.251,32.873,32.372,31.065,29.989,28.392,25.175,25.446,24.120,23.301,19.123,18.194,16.060,12.562,12.313,15.833,20.442,26.389,29.423,37.251,30.979,28.679,32.051,29.793
