-2.396,-1.428,-2.355,-12.082,-9.379,-9.104,-11.085,-9.798,-7.978,-5.589,-6.802,-5.695,-6.137,-9.690,-9.951,-5.928,-0.316,7.581,12.284,10.747,8.344,7.323,10.208,4.876
2.310,2.681,1.424,-8.697,-5.769,-5.362,-7.122,-5.491,-2.930,-0.758,-1.806,-0.206,-0.375,-3.220,-3.559,0.113,5.146,13.120,17.236,16.336,13.603,12.701,14.902,9.239
4.856,4.729,2.932,-6.445,-3.412,-2.974,-4.673,-3.043,-0.110,1.784,0.823,2.673,2.485,-0.232,-0.547,3.021,7.671,15.771,19.589,18.985,16.318,15.507,17.426,11.669
6.717,5.934,3.608,-4.482,-1.583,-1.220,-2.924,-1.307,1.748,3.487,2.590,4.513,4.240,1.450,1.299,4.829,9.279,17.535,21.098,20.591,18.089,17.269,19.087,13.362
7.795,6.824,4.419,-3.165,-0.394,-0.076,-1.763,-0.160,2.836,4.545,3.676,5.555,5.265,2.479,2.400,5.870,10.239,18.413,21.858,21.351,18.930,18.098,19.888,14.275
9.292,8.217,5.905,-1.507,1.123,1.413,-0.216,1.434,4.360,6.086,5.254,7.083,6.848,4.202,4.164,7.505,11.777,19.755,23.040,22.562,20.144,19.297,21.002,15.519
10.480,9.369,7.262,-0.219,2.261,2.526,0.959,2.696,5.524,7.325,6.524,8.283,8.136,5.666,5.658,8.864,13.089,20.850,23.998,23.532,21.062,20.187,21.816,16.451
11.188,10.002,7.945,0.648,3.019,3.255,1.710,3.464,6.217,8.039,7.255,8.960,8.831,6.407,6.440,9.585,13.777,21.430,24.498,24.018,21.571,20.676,22.284,17.013
11.940,10.784,8.763,1.376,3.767,4.023,2.515,4.278,7.065,8.856,8.088,9.819,9.722,7.394,7.398,10.484,14.593,22.159,25.169,24.748,22.282,21.414,22.951,17.698
12.575,11.218,9.028,2.223,4.528,4.741,3.219,4.938,7.692,9.432,8.680,10.386,10.232,7.824,7.900,10.986,15.047,22.629,25.575,25.138,22.779,21.900,23.450,18.266
13.052,11.680,9.478,2.705,5.014,5.234,3.731,5.449,8.227,9.938,9.198,10.921,10.777,8.414,8.483,11.535,15.538,23.079,25.981,25.579,23.224,22.360,23.868,18.699
13.732,12.304,10.110,3.672,5.871,6.054,4.557,6.240,8.910,10.618,9.886,11.537,11.371,8.984,9.100,12.119,16.095,23.531,26.385,25.941,23.662,22.784,24.313,19.265
14.171,12.713,10.551,4.264,6.390,6.551,5.064,6.741,9.344,11.062,10.338,11.942,11.776,9.399,9.541,12.529,16.491,23.848,26.665,26.198,23.949,23.060,24.592,19.618
14.496,13.143,10.997,4.804,6.937,7.102,5.612,7.211,9.756,11.432,10.701,12.271,12.069,9.648,9.772,12.766,16.706,23.983,26.833,26.336,24.156,23.289,24.855,19.952
14.880,13.491,11.254,5.371,7.487,7.637,6.133,7.667,10.180,11.807,11.075,12.626,12.373,9.877,10.021,13.033,16.944,24.213,27.065,26.547,24.451,23.594,25.189,20.336
15.292,13.935,11.672,6.012,8.106,8.245,6.732,8.194,10.645,12.233,11.497,13.009,12.712,10.154,10.304,13.327,17.219,24.434,27.304,26.749,24.734,23.888,25.522,20.742
15.631,14.214,12.017,6.456,8.447,8.555,7.051,8.544,10.917,12.556,11.827,13.282,13.004,10.469,10.662,13.648,17.558,24.708,27.531,26.944,24.931,24.053,25.692,20.977
16.114,14.697,12.569,6.826,8.818,8.945,7.491,9.045,11.421,13.075,12.348,13.751,13.481,10.967,11.160,14.116,18.019,25.060,27.874,27.259,25.264,24.384,26.033,21.364
16.126,14.760,12.655,7.096,9.040,9.139,7.648,9.127,11.470,13.108,12.405,13.895,13.683,11.300,11.471,14.372,18.201,25.252,27.997,27.420,25.409,24.545,26.081,21.393
16.500,15.254,13.251,7.707,9.610,9.705,8.228,9.665,11.863,13.518,12.788,14.131,13.857,11.353,11.536,14.463,18.351,25.266,28.071,27.488,25.464,24.590,26.259,21.718
16.748,15.504,13.491,7.940,9.859,9.963,8.496,9.930,12.152,13.785,13.061,14.421,14.153,11.673,11.845,14.757,18.611,25.495,28.296,27.670,25.712,24.852,26.495,21.953
16.995,15.647,13.672,8.037,9.910,10.005,8.563,10.084,12.335,14.014,13.308,14.682,14.469,12.084,12.279,15.140,18.985,25.868,28.591,28.002,25.976,25.093,26.676,22.113
17.233,15.732,13.682,8.187,10.029,10.113,8.678,10.243,12.540,14.216,13.528,14.929,14.730,12.376,12.604,15.441,19.253,26.179,28.830,28.279,26.240,25.346,26.883,22.299
17.570,16.189,14.167,8.556,10.493,10.611,9.192,10.727,12.956,14.614,13.922,15.282,15.073,12.724,12.929,15.747,19.535,26.340,29.007,28.432,26.433,25.555,27.109,22.603
17.660,16.279,14.185,8.569,10.506,10.627,9.213,10.768,13.093,14.734,14.044,15.451,15.262,12.959,13.127,15.939,19.702,26.523,29.192,28.663,26.624,25.767,27.283,22.726
17.719,16.291,14.216,8.615,10.546,10.637,9.214,10.774,13.149,14.755,14.071,15.529,15.325,13.000,13.180,16.011,19.751,26.667,29.318,28.824,26.790,25.938,27.433,22.821
17.759,16.302,14.218,8.665,10.549,10.664,9.244,10.776,13.172,14.792,14.111,15.584,15.400,13.105,13.283,16.104,19.846,26.777,29.415,28.938,26.873,26.018,27.492,22.856
17.802,16.325,14.332,8.715,10.565,10.681,9.270,10.796,13.191,14.811,14.133,15.621,15.436,13.136,13.325,16.153,19.897,26.872,29.500,29.033,26.960,26.100,27.568,22.907
17.993,16.464,14.357,8.868,10.768,10.872,9.450,11.002,13.382,14.997,14.320,15.779,15.576,13.250,13.457,16.283,20.023,26.968,29.589,29.099,27.064,26.199,27.685,23.070
18.136,16.601,14.451,9.038,10.939,11.043,9.622,11.163,13.544,15.144,14.469,15.929,15.720,13.389,13.596,16.420,20.145,27.084,29.700,29.213,27.192,26.333,27.816,23.209
18.293,16.654,14.453,9.213,11.070,11.154,9.729,11.284,13.661,15.266,14.598,16.053,15.838,13.496,13.738,16.556,20.278,27.238,29.818,29.329,27.323,26.448,27.928,23.330
18.554,16.915,14.754,9.429,11.370,11.444,10.028,11.586,13.922,15.539,14.876,16.302,16.095,13.771,14.025,16.819,20.531,27.441,29.998,29.498,27.499,26.617,28.095,23.540
18.558,17.046,14.803,9.555,11.415,11.547,10.131,11.623,14.082,15.599,14.927,16.445,16.212,13.876,14.048,16.879,20.534,27.485,30.103,29.668,27.676,26.859,28.311,23.678
18.765,17.136,14.890,9.735,11.618,11.712,10.297,11.816,14.215,15.767,15.105,16.578,16.348,14.009,14.238,17.045,20.709,27.643,30.207,29.744,27.770,26.920,28.378,23.797
18.855,17.242,15.048,9.867,11.721,11.808,10.395,11.922,14.284,15.861,15.198,16.644,16.424,14.094,14.329,17.126,20.807,27.707,30.270,29.789,27.809,26.949,28.417,23.860
19.034,17.322,15.055,10.014,11.854,11.933,10.519,12.057,14.449,16.011,15.358,16.822,16.596,14.263,14.520,17.314,20.974,27.912,30.440,29.978,28.007,27.142,28.592,24.022
19.188,17.501,15.271,10.202,12.031,12.109,10.703,12.242,14.615,16.183,15.530,16.982,16.765,14.452,14.705,17.483,21.135,28.033,30.553,30.088,28.116,27.252,28.697,24.149
19.279,17.577,15.336,10.281,12.110,12.189,10.785,12.328,14.709,16.273,15.623,17.081,16.865,14.558,14.813,17.587,21.231,28.132,30.642,30.185,28.211,27.349,28.785,24.235
19.377,17.632,15.361,10.292,12.135,12.219,10.820,12.383,14.807,16.364,15.721,17.207,17.001,14.717,14.972,17.738,21.365,28.293,30.782,30.353,28.361,27.501,28.910,24.330
19.516,17.764,15.500,10.497,12.316,12.392,10.994,12.549,14.947,16.504,15.862,17.330,17.120,14.830,15.094,17.854,21.478,28.382,30.863,30.423,28.447,27.584,28.999,24.446
19.633,17.892,15.592,10.634,12.461,12.539,11.142,12.685,15.084,16.629,15.987,17.457,17.241,14.947,15.206,17.967,21.580,28.477,30.960,30.522,28.556,27.700,29.114,24.567
19.701,17.922,15.594,10.686,12.523,12.600,11.196,12.731,15.153,16.681,16.040,17.525,17.296,14.980,15.246,18.019,21.625,28.559,31.040,30.609,28.655,27.801,29.216,24.654
19.756,17.951,15.619,10.715,12.560,12.637,11.232,12.768,15.209,16.727,16.088,17.586,17.353,15.034,15.302,18.078,21.677,28.632,31.108,30.687,28.735,27.882,29.291,24.716
19.877,18.103,15.746,10.848,12.709,12.794,11.391,12.915,15.359,16.865,16.225,17.726,17.491,15.175,15.431,18.207,21.793,28.734,31.216,30.800,28.852,28.009,29.415,24.844
19.998,18.151,15.748,10.940,12.790,12.868,11.466,13.001,15.468,16.966,16.333,17.848,17.611,15.296,15.569,18.340,21.912,28.881,31.335,30.934,28.989,28.142,29.533,24.951
20.082,18.208,15.819,11.026,12.849,12.918,11.516,13.067,15.518,17.037,16.405,17.908,17.679,15.370,15.656,18.421,22.006,28.972,31.416,31.005,29.053,28.194,29.587,25.012
20.153,18.284,15.874,11.087,12.909,12.979,11.577,13.134,15.583,17.108,16.476,17.977,17.752,15.447,15.732,18.497,22.087,29.052,31.497,31.086,29.128,28.267,29.660,25.083
20.244,18.322,15.906,11.154,12.988,13.057,11.652,13.202,15.684,17.184,16.555,18.078,17.840,15.520,15.813,18.584,22.155,29.158,31.591,31.197,29.252,28.396,29.779,25.186
20.359,18.403,15.929,11.194,13.042,13.117,11.718,13.284,15.806,17.297,16.675,18.223,17.995,15.700,15.990,18.753,22.304,29.327,31.739,31.372,29.411,28.559,29.915,25.297
20.509,18.505,16.035,11.312,13.137,13.206,11.813,13.406,15.933,17.437,16.822,18.372,18.158,15.888,16.191,18.937,22.483,29.506,31.888,31.530,29.554,28.694,30.032,25.413
20.633,18.571,16.037,11.453,13.272,13.335,11.938,13.521,16.061,17.544,16.933,18.492,18.264,15.974,16.291,19.041,22.568,29.614,31.980,31.630,29.677,28.818,30.152,25.534
20.716,18.683,16.150,11.566,13.397,13.464,12.066,13.631,16.166,17.638,17.024,18.581,18.345,16.044,16.353,19.108,22.632,29.668,32.047,31.693,29.752,28.900,30.241,25.630
20.839,18.818,16.260,11.761,13.594,13.658,12.253,13.789,16.310,17.763,17.147,18.695,18.438,16.106,16.416,19.182,22.701,29.732,32.124,31.758,29.848,29.001,30.360,25.766
20.960,18.973,16.424,11.929,13.768,13.834,12.428,13.943,16.450,17.895,17.275,18.816,18.550,16.205,16.508,19.279,22.797,29.811,32.217,31.842,29.946,29.105,30.475,25.895
21.021,19.062,16.550,11.961,13.805,13.876,12.475,14.003,16.510,17.967,17.347,18.887,18.635,16.312,16.605,19.370,22.894,29.895,32.304,31.932,30.016,29.175,30.538,25.954
21.115,19.171,16.601,12.063,13.942,14.023,12.616,14.116,16.647,18.069,17.447,19.006,18.734,16.388,16.669,19.448,22.953,29.972,32.395,32.033,30.139,29.314,30.679,26.084
21.209,19.229,16.611,12.204,14.068,14.139,12.725,14.210,16.731,18.146,17.523,19.074,18.786,16.409,16.706,19.495,23.000,30.033,32.455,32.082,30.212,29.384,30.762,26.178
21.288,19.248,16.631,12.284,14.135,14.196,12.774,14.260,16.787,18.198,17.577,19.131,18.831,16.430,16.746,19.544,23.053,30.120,32.533,32.157,30.301,29.465,30.849,26.260
21.380,19.318,16.662,12.410,14.241,14.292,12.863,14.346,16.855,18.273,17.650,19.191,18.883,16.460,16.790,19.596,23.119,30.195,32.611,32.219,30.374,29.531,30.930,26.350
21.478,19.402,16.742,12.601,14.398,14.434,12.996,14.465,16.930,18.356,17.730,19.242,18.918,16.462,16.810,19.623,23.163,30.229,32.652,32.230,30.412,29.559,30.986,26.437
21.598,19.576,16.955,12.796,14.588,14.624,13.185,14.634,17.064,18.493,17.862,19.351,19.021,16.555,16.896,19.711,23.259,30.288,32.729,32.287,30.483,29.631,31.077,26.556
21.696,19.689,17.058,12.933,14.730,14.766,13.324,14.755,17.179,18.596,17.963,19.449,19.108,16.626,16.964,19.786,23.329,30.353,32.804,32.356,30.569,29.722,31.177,26.664
21.774,19.749,17.103,13.028,14.816,14.846,13.399,14.827,17.244,18.662,18.028,19.509,19.161,16.663,17.010,19.837,23.387,30.421,32.874,32.418,30.640,29.789,31.253,26.743
21.890,19.883,17.241,13.155,14.950,14.983,13.537,14.957,17.372,18.785,18.151,19.631,19.281,16.782,17.123,19.952,23.499,30.526,32.983,32.527,30.752,29.905,31.371,26.864
22.038,20.057,17.404,13.338,15.147,15.185,13.738,15.137,17.552,18.946,18.310,19.792,19.431,16.920,17.253,20.086,23.621,30.637,33.105,32.649,30.891,30.054,31.523,27.024
22.136,20.151,17.525,13.426,15.220,15.255,13.812,15.226,17.632,19.043,18.408,19.883,19.534,17.039,17.375,20.200,23.742,30.749,33.209,32.750,30.979,30.135,31.601,27.105
22.262,20.314,17.709,13.568,15.371,15.411,13.970,15.376,17.776,19.185,18.548,20.019,19.671,17.180,17.506,20.329,23.870,30.857,33.325,32.866,31.094,30.256,31.723,27.234
22.336,20.403,17.807,13.660,15.462,15.500,14.054,15.455,17.842,19.256,18.615,20.078,19.726,17.221,17.547,20.378,23.933,30.922,33.405,32.932,31.165,30.324,31.806,27.320
22.434,20.446,17.832,13.790,15.556,15.579,14.129,15.537,17.904,19.330,18.691,20.140,19.782,17.264,17.615,20.444,24.008,31.004,33.471,32.987,31.230,30.376,31.865,27.393
22.599,20.590,17.993,13.969,15.708,15.723,14.275,15.695,18.045,19.487,18.850,20.286,19.935,17.423,17.785,20.607,24.178,31.165,33.620,33.128,31.367,30.504,31.994,27.533
22.673,20.669,18.063,13.987,15.749,15.773,14.327,15.753,18.132,19.566,18.930,20.385,20.040,17.541,17.893,20.715,24.277,31.278,33.733,33.258,31.484,30.627,32.104,27.621
22.800,20.788,18.206,14.163,15.893,15.906,14.459,15.890,18.235,19.687,19.051,20.482,20.139,17.637,18.002,20.818,24.394,31.374,33.825,33.331,31.562,30.694,32.182,27.723
22.934,20.969,18.403,14.299,16.052,16.075,14.631,16.052,18.402,19.843,19.206,20.642,20.299,17.806,18.153,20.968,24.533,31.496,33.957,33.470,31.700,30.843,32.327,27.869
22.984,20.989,18.415,14.323,16.064,16.081,14.633,16.063,18.412,19.870,19.230,20.665,20.321,17.815,18.174,20.999,24.588,31.581,34.046,33.549,31.772,30.904,32.398,27.927
23.110,21.128,18.519,14.536,16.283,16.297,14.838,16.231,18.565,19.997,19.354,20.780,20.409,17.861,18.221,21.062,24.643,31.634,34.116,33.605,31.869,31.009,32.524,28.073
23.255,21.244,18.530,14.716,16.432,16.436,14.978,16.377,18.691,20.133,19.492,20.903,20.534,17.985,18.360,21.193,24.778,31.757,34.225,33.705,31.974,31.105,32.624,28.190
23.391,21.328,18.576,14.880,16.598,16.596,15.127,16.505,18.831,20.247,19.607,21.027,20.632,18.042,18.431,21.281,24.855,31.872,34.339,33.819,32.120,31.254,32.781,28.344
23.524,21.391,18.600,15.048,16.773,16.753,15.263,16.625,18.971,20.350,19.711,21.143,20.712,18.065,18.472,21.347,24.907,31.978,34.445,33.925,32.271,31.409,32.948,28.506
23.618,21.408,18.639,15.075,16.778,16.762,15.277,16.668,19.031,20.414,19.780,21.221,20.790,18.138,18.564,21.441,25.003,32.113,34.560,34.046,32.389,31.517,33.050,28.592
23.708,21.410,18.646,15.102,16.811,16.791,15.303,16.668,19.073,20.468,19.840,21.307,20.887,18.249,18.694,21.570,25.136,32.307,34.727,34.234,32.550,31.666,33.178,28.678
23.848,21.584,18.777,15.274,16.943,16.910,15.421,16.833,19.186,20.613,19.981,21.412,21.002,18.368,18.817,21.687,25.281,32.410,34.839,34.318,32.628,31.732,33.263,28.794
24.076,21.764,18.949,15.516,17.157,17.114,15.629,17.052,19.397,20.831,20.205,21.629,21.223,18.598,19.064,21.920,25.507,32.630,35.032,34.512,32.825,31.921,33.443,28.987
24.227,21.862,19.060,15.668,17.261,17.200,15.709,17.159,19.476,20.948,20.321,21.724,21.323,18.691,19.186,22.042,25.664,32.802,35.195,34.653,32.956,32.028,33.565,29.113
24.468,22.153,19.352,15.941,17.561,17.511,16.025,17.450,19.773,21.218,20.592,22.000,21.594,18.965,19.440,22.294,25.891,33.002,35.403,34.869,33.186,32.275,33.806,29.365
24.630,22.284,19.369,16.004,17.664,17.624,16.136,17.566,19.948,21.371,20.747,22.195,21.787,19.159,19.625,22.490,26.070,33.236,35.634,35.130,33.437,32.535,34.047,29.561
24.773,22.350,19.402,16.042,17.716,17.678,16.190,17.642,20.079,21.491,20.874,22.358,21.953,19.335,19.810,22.675,26.240,33.462,35.836,35.363,33.655,32.753,34.239,29.711
24.922,22.375,19.425,16.065,17.738,17.696,16.208,17.695,20.194,21.600,20.993,22.516,22.117,19.511,20.007,22.870,26.420,33.716,36.049,35.611,33.885,32.976,34.429,29.855
25.108,22.440,19.426,16.110,17.760,17.709,16.227,17.775,20.318,21.748,21.153,22.701,22.329,19.763,20.285,23.129,26.677,34.026,36.306,35.899,34.131,33.204,34.619,30.006
25.254,22.556,19.556,16.278,17.874,17.802,16.312,17.886,20.382,21.862,21.263,22.776,22.411,19.832,20.381,23.230,26.829,34.183,36.467,36.023,34.245,33.290,34.732,30.131
25.491,22.770,19.750,16.438,18.048,17.980,16.488,18.077,20.603,22.085,21.488,23.019,22.659,20.084,20.633,23.488,27.093,34.485,36.769,36.337,34.541,33.584,35.018,30.386
25.773,23.143,20.173,16.913,18.503,18.427,16.926,18.463,20.906,22.389,21.779,23.258,22.872,20.248,20.794,23.662,27.287,34.616,36.942,36.457,34.709,33.754,35.240,30.672
26.205,23.743,20.931,17.408,19.006,18.948,17.470,19.002,21.395,22.898,22.284,23.732,23.377,20.817,21.319,24.154,27.776,34.978,37.323,36.830,35.057,34.114,35.595,31.072
26.543,23.943,21.135,17.816,19.298,19.197,17.709,19.282,21.606,23.169,22.560,23.956,23.605,21.024,21.595,24.420,28.088,35.300,37.604,37.066,35.300,34.311,35.816,31.331
27.039,24.377,21.503,18.571,19.979,19.839,18.323,19.835,22.067,23.619,23.004,24.337,23.925,21.230,21.852,24.709,28.402,35.612,37.933,37.325,35.655,34.648,36.227,31.818
27.306,24.779,21.855,18.735,20.157,19.884,18.333,20.135,22.459,23.938,23.312,24.714,24.282,21.572,22.122,25.016,28.674,35.925,38.311,37.747,36.078,35.122,36.690,32.214
27.662,24.990,22.058,18.903,20.288,20.182,18.624,20.301,22.602,24.213,23.594,24.970,24.605,21.958,22.567,25.436,29.186,36.491,38.826,38.243,36.471,35.447,37.004,32.491
28.288,25.100,22.154,19.043,20.349,20.196,18.676,20.425,22.845,24.584,23.983,25.417,25.089,22.422,23.176,26.082,29.957,37.613,39.851,39.287,37.399,36.267,37.802,33.107
28.944,25.368,22.557,19.077,20.375,20.223,18.705,20.521,22.922,25.018,24.435,25.827,25.690,23.208,24.108,26.953,31.082,38.921,41.030,40.436,38.241,36.928,38.421,33.579
31.121,27.857,26.410,21.641,22.008,21.563,20.072,22.690,24.281,27.166,26.547,27.366,27.565,25.406,26.466,29.093,33.801,41.043,43.145,42.119,39.562,37.928,39.626,35.156
