-26.612,-21.232,-25.971,-26.618,-22.077,-17.643,-5.355,-2.148,-4.130,-16.505,-29.719,-46.551,-60.011,-66.275,-63.618,-56.863,-45.225,-23.942,-1.632,6.377,8.190,2.677,-4.252,-8.660
-16.592,-13.564,-15.944,-16.217,-13.171,-7.350,5.085,8.833,6.375,-6.469,-17.411,-31.620,-41.126,-47.972,-46.623,-40.437,-31.708,-12.621,4.789,13.683,16.015,9.075,3.739,-0.919
-13.214,-10.609,-12.340,-12.569,-9.975,-3.845,8.778,12.399,9.613,-3.049,-13.450,-26.996,-35.524,-42.516,-41.415,-35.365,-27.508,-9.183,6.879,16.004,18.607,11.328,6.460,1.771
-10.566,-7.835,-9.369,-9.716,-7.332,-1.322,11.318,14.567,11.471,-0.549,-10.876,-24.182,-32.449,-39.446,-38.404,-32.500,-25.021,-7.148,8.473,17.567,20.413,13.183,8.543,3.960
-8.722,-5.865,-7.315,-7.765,-5.494,0.388,13.000,16.005,12.713,1.158,-9.181,-22.375,-30.530,-37.530,-36.539,-30.747,-23.454,-5.805,9.641,18.696,21.702,14.536,10.023,5.525
-7.119,-4.488,-5.813,-6.311,-4.148,1.609,13.798,16.904,13.707,2.398,-7.727,-20.547,-28.289,-35.250,-34.535,-28.998,-21.901,-4.454,10.623,19.553,22.536,15.447,11.100,6.704
-5.780,-3.356,-4.595,-5.003,-2.900,2.835,14.761,17.899,14.850,3.587,-6.168,-18.608,-26.066,-32.855,-32.149,-26.703,-19.826,-2.851,11.705,20.454,23.302,16.310,12.076,7.739
-4.865,-2.419,-3.689,-4.119,-2.020,3.583,15.311,18.391,15.387,4.336,-5.349,-17.668,-25.093,-31.784,-31.090,-25.733,-18.889,-2.083,12.389,20.995,23.806,16.950,12.749,8.490
-3.956,-1.579,-2.694,-3.066,-1.074,4.641,16.505,19.482,16.382,5.347,-4.146,-16.296,-23.531,-30.205,-29.452,-24.062,-17.470,-0.998,13.057,21.699,24.557,17.628,13.533,9.254
-3.209,-0.841,-2.053,-2.441,-0.406,5.105,16.603,19.590,16.649,5.824,-3.570,-15.561,-22.783,-29.297,-28.577,-23.318,-16.690,-0.379,13.645,22.050,24.787,18.076,13.989,9.818
-2.611,-0.303,-1.540,-1.949,0.093,5.499,16.752,19.802,16.961,6.235,-3.101,-14.977,-22.122,-28.580,-27.950,-22.798,-16.159,0.116,14.108,22.405,25.082,18.465,14.400,10.288
-2.199,0.098,-1.133,-1.557,0.471,5.828,16.991,20.029,17.201,6.566,-2.737,-14.546,-21.640,-28.073,-27.476,-22.374,-15.766,0.446,14.382,22.632,25.304,18.730,14.692,10.611
-1.695,0.602,-0.694,-1.077,0.990,6.270,17.284,20.302,17.581,6.994,-2.193,-13.907,-21.035,-27.330,-26.656,-21.570,-14.955,1.064,14.920,23.016,25.581,19.136,15.086,11.050
-1.442,0.861,-0.403,-0.797,1.246,6.552,17.625,20.624,17.855,7.276,-1.932,-13.660,-20.766,-27.098,-26.437,-21.344,-14.758,1.278,15.120,23.262,25.868,19.385,15.350,11.303
-0.997,1.301,-0.015,-0.407,1.663,6.878,17.772,20.790,18.105,7.606,-1.547,-13.202,-20.314,-26.561,-25.900,-20.859,-14.250,1.701,15.528,23.552,26.090,19.712,15.674,11.675
-0.488,1.761,0.381,-0.014,2.087,7.165,17.783,20.830,18.291,7.904,-1.156,-12.674,-19.744,-25.877,-25.265,-20.331,-13.693,2.156,15.943,23.797,26.228,20.000,15.969,12.046
0.064,2.287,0.947,0.507,2.564,7.574,18.059,21.106,18.552,8.324,-0.712,-12.131,-19.085,-25.221,-24.708,-19.868,-13.295,2.506,16.209,24.029,26.492,20.296,16.326,12.446
0.447,2.616,1.270,0.834,2.894,7.861,18.201,21.300,18.815,8.615,-0.358,-11.694,-18.590,-24.684,-24.209,-19.421,-12.858,2.890,16.535,24.291,26.707,20.559,16.605,12.753
0.624,2.838,1.458,1.002,3.075,7.993,18.211,21.344,18.887,8.754,-0.254,-11.608,-18.547,-24.628,-24.152,-19.380,-12.785,2.978,16.686,24.411,26.829,20.722,16.757,12.925
0.850,3.074,1.698,1.209,3.271,8.150,18.308,21.372,18.974,8.921,-0.114,-11.459,-18.376,-24.470,-24.041,-19.310,-12.718,3.070,16.799,24.518,26.960,20.868,16.918,13.105
1.277,3.443,1.973,1.477,3.591,8.301,18.335,21.475,19.035,9.091,0.145,-11.060,-17.948,-23.912,-23.551,-18.947,-12.286,3.433,17.168,24.684,26.990,21.078,17.121,13.396
1.501,3.667,2.197,1.707,3.818,8.517,18.398,21.505,19.224,9.303,0.384,-10.795,-17.675,-23.618,-23.244,-18.645,-12.000,3.666,17.364,24.857,27.153,21.260,17.310,13.594
1.794,3.949,2.388,1.910,4.078,8.669,18.418,21.527,19.338,9.463,0.600,-10.514,-17.436,-23.268,-22.885,-18.336,-11.621,3.983,17.712,25.057,27.242,21.483,17.504,13.840
1.925,4.098,2.594,2.106,4.236,8.887,18.689,21.816,19.556,9.675,0.778,-10.372,-17.272,-23.167,-22.781,-18.202,-11.538,4.084,17.785,25.216,27.475,21.639,17.682,13.990
2.181,4.336,2.844,2.379,4.500,9.160,18.954,22.066,19.818,9.936,1.101,-10.000,-16.873,-22.735,-22.323,-17.739,-11.116,4.412,18.022,25.428,27.668,21.844,17.901,14.212
2.453,4.677,3.176,2.687,4.802,9.430,19.252,22.290,19.991,10.206,1.333,-9.792,-16.705,-22.565,-22.130,-17.546,-10.929,4.575,18.211,25.610,27.885,22.084,18.144,14.470
2.678,4.923,3.418,2.906,5.016,9.613,19.409,22.430,20.117,10.394,1.497,-9.629,-16.542,-22.407,-21.994,-17.433,-10.813,4.704,18.365,25.755,28.047,22.262,18.330,14.670
2.878,5.110,3.586,3.078,5.199,9.760,19.470,22.513,20.241,10.543,1.677,-9.411,-16.317,-22.147,-21.737,-17.200,-10.573,4.906,18.551,25.891,28.151,22.408,18.476,14.835
3.023,5.225,3.689,3.181,5.310,9.841,19.472,22.539,20.315,10.629,1.791,-9.257,-16.137,-21.943,-21.561,-17.056,-10.421,5.047,18.680,25.981,28.208,22.497,18.568,14.945
3.283,5.476,3.940,3.433,5.556,10.060,19.481,22.620,20.488,10.847,2.043,-8.958,-15.813,-21.591,-21.214,-16.733,-10.118,5.291,18.876,26.140,28.354,22.674,18.758,15.153
3.461,5.586,4.020,3.503,5.647,10.085,19.639,22.697,20.516,10.888,2.119,-8.813,-15.616,-21.362,-21.066,-16.661,-10.006,5.433,19.033,26.226,28.377,22.756,18.841,15.270
3.657,5.770,4.266,3.781,5.888,10.409,19.927,23.034,20.870,11.191,2.470,-8.447,-15.212,-20.973,-20.627,-16.169,-9.598,5.749,19.221,26.468,28.650,22.965,19.075,15.472
3.889,5.963,4.475,3.995,6.091,10.600,20.058,23.180,21.041,11.380,2.710,-8.143,-14.850,-20.592,-20.269,-15.839,-9.301,5.991,19.389,26.609,28.773,23.103,19.236,15.646
4.014,6.118,4.642,4.163,6.249,10.777,20.303,23.382,21.202,11.550,2.870,-8.003,-14.727,-20.478,-20.123,-15.669,-9.151,6.118,19.503,26.744,28.934,23.248,19.383,15.784
4.096,6.169,4.714,4.227,6.301,10.839,20.349,23.458,21.279,11.617,2.934,-7.929,-14.612,-20.387,-20.075,-15.637,-9.128,6.176,19.554,26.816,29.016,23.308,19.455,15.852
4.355,6.448,4.947,4.438,6.530,10.976,20.353,23.461,21.322,11.765,3.083,-7.745,-14.442,-20.170,-19.882,-15.500,-8.960,6.323,19.736,26.916,29.088,23.463,19.609,16.051
4.477,6.544,5.036,4.529,6.625,11.045,20.355,23.473,21.376,11.836,3.187,-7.597,-14.269,-19.971,-19.700,-15.346,-8.807,6.446,19.833,26.974,29.118,23.524,19.675,16.134
4.660,6.696,5.239,4.727,6.789,11.238,20.568,23.695,21.564,12.028,3.394,-7.360,-13.960,-19.694,-19.458,-15.114,-8.629,6.612,19.928,27.107,29.283,23.648,19.831,16.281
4.927,6.899,5.518,5.018,7.032,11.535,20.897,24.032,21.873,12.315,3.743,-6.945,-13.431,-19.191,-18.987,-14.650,-8.256,6.924,20.094,27.313,29.515,23.824,20.055,16.491
5.114,7.052,5.691,5.194,7.196,11.703,21.039,24.192,22.043,12.482,3.939,-6.711,-13.150,-18.910,-18.730,-14.409,-8.040,7.120,20.241,27.458,29.655,23.960,20.207,16.645
5.292,7.246,5.874,5.357,7.357,11.823,21.107,24.249,22.101,12.609,4.054,-6.584,-13.021,-18.773,-18.614,-14.323,-7.949,7.209,20.347,27.538,29.740,24.075,20.328,16.788
5.390,7.346,5.979,5.465,7.463,11.935,21.235,24.367,22.213,12.718,4.169,-6.467,-12.903,-18.654,-18.486,-14.189,-7.823,7.320,20.443,27.638,29.842,24.173,20.429,16.886
5.569,7.559,6.216,5.696,7.671,12.158,21.527,24.601,22.386,12.934,4.375,-6.272,-12.707,-18.473,-18.282,-13.970,-7.644,7.461,20.552,27.772,30.018,24.330,20.602,17.054
5.675,7.650,6.331,5.802,7.762,12.261,21.641,24.723,22.490,13.039,4.473,-6.168,-12.571,-18.361,-18.199,-13.895,-7.587,7.539,20.616,27.861,30.127,24.415,20.701,17.148
5.788,7.764,6.461,5.953,7.905,12.441,21.884,24.943,22.692,13.208,4.667,-5.974,-12.378,-18.165,-17.962,-13.626,-7.346,7.731,20.757,28.018,30.288,24.555,20.844,17.276
5.895,7.836,6.573,6.061,7.990,12.554,22.014,25.092,22.823,13.321,4.788,-5.835,-12.182,-18.000,-17.834,-13.506,-7.258,7.833,20.818,28.114,30.405,24.634,20.943,17.366
6.073,8.010,6.758,6.245,8.161,12.716,22.160,25.224,22.949,13.481,4.967,-5.627,-11.948,-17.759,-17.598,-13.283,-7.062,7.990,20.933,28.219,30.514,24.751,21.076,17.507
6.280,8.215,6.946,6.430,8.352,12.863,22.229,25.291,23.047,13.630,5.144,-5.409,-11.722,-17.496,-17.341,-13.055,-6.834,8.170,21.094,28.327,30.598,24.882,21.212,17.668
6.435,8.383,7.103,6.564,8.488,12.959,22.274,25.331,23.090,13.733,5.228,-5.319,-11.631,-17.403,-17.274,-13.020,-6.787,8.233,21.185,28.398,30.674,24.985,21.319,17.793
6.616,8.567,7.275,6.750,8.679,13.133,22.404,25.457,23.238,13.901,5.434,-5.082,-11.399,-17.131,-16.983,-12.753,-6.498,8.449,21.362,28.534,30.785,25.129,21.464,17.951
6.718,8.679,7.360,6.819,8.762,13.176,22.419,25.458,23.259,13.954,5.464,-5.058,-11.392,-17.117,-16.974,-12.720,-6.496,8.487,21.455,28.603,30.844,25.218,21.544,18.046
6.840,8.796,7.483,6.945,8.884,13.304,22.508,25.586,23.386,14.080,5.599,-4.915,-11.240,-16.963,-16.827,-12.596,-6.349,8.620,21.570,28.717,30.959,25.330,21.661,18.162
6.992,8.926,7.590,7.051,9.004,13.380,22.535,25.588,23.442,14.161,5.708,-4.765,-11.079,-16.767,-16.652,-12.457,-6.192,8.760,21.708,28.801,31.004,25.422,21.752,18.276
7.119,9.047,7.718,7.183,9.130,13.507,22.631,25.700,23.561,14.286,5.848,-4.609,-10.908,-16.591,-16.475,-12.282,-6.032,8.895,21.816,28.905,31.106,25.526,21.862,18.388
7.263,9.234,7.848,7.305,9.282,13.593,22.644,25.707,23.589,14.376,5.928,-4.533,-10.894,-16.530,-16.391,-12.215,-5.919,8.990,21.970,28.992,31.163,25.654,21.970,18.524
7.466,9.460,8.067,7.515,9.490,13.772,22.769,25.825,23.706,14.554,6.109,-4.338,-10.705,-16.323,-16.176,-12.014,-5.725,9.144,22.114,29.110,31.284,25.804,22.126,18.696
7.580,9.582,8.200,7.631,9.595,13.871,22.776,25.868,23.778,14.658,6.191,-4.261,-10.617,-16.253,-16.128,-12.011,-5.697,9.194,22.173,29.183,31.381,25.892,22.224,18.797
7.689,9.679,8.284,7.699,9.671,13.911,22.802,25.870,23.820,14.715,6.232,-4.218,-10.565,-16.205,-16.122,-12.000,-5.694,9.246,22.268,29.264,31.454,25.981,22.309,18.894
7.760,9.737,8.295,7.709,9.712,13.917,22.889,25.920,23.822,14.718,6.239,-4.198,-10.565,-16.172,-16.107,-11.976,-5.654,9.312,22.388,29.329,31.469,26.048,22.356,18.961
7.884,9.872,8.387,7.800,9.829,13.980,22.906,25.936,23.870,14.792,6.315,-4.116,-10.518,-16.087,-16.016,-11.941,-5.540,9.422,22.540,29.427,31.530,26.163,22.453,19.079
8.058,10.047,8.579,8.002,10.020,14.190,23.014,26.092,24.073,14.994,6.540,-3.877,-10.268,-15.832,-15.738,-11.649,-5.280,9.632,22.697,29.590,31.700,26.323,22.624,19.244
8.197,10.201,8.728,8.163,10.184,14.356,23.197,26.248,24.228,15.152,6.717,-3.696,-10.107,-15.649,-15.517,-11.410,-5.051,9.810,22.852,29.730,31.831,26.467,22.764,19.385
8.257,10.281,8.804,8.253,10.280,14.481,23.390,26.425,24.388,15.271,6.827,-3.621,-10.069,-15.615,-15.442,-11.298,-4.932,9.930,22.984,29.883,31.989,26.605,22.889,19.493
8.361,10.372,8.964,8.413,10.397,14.674,23.711,26.728,24.611,15.457,6.999,-3.467,-9.865,-15.477,-15.313,-11.140,-4.836,10.042,23.041,30.032,32.202,26.730,23.040,19.610
8.570,10.538,9.154,8.617,10.590,14.886,23.908,26.948,24.846,15.665,7.253,-3.171,-9.519,-15.126,-14.973,-10.805,-4.532,10.308,23.236,30.227,32.385,26.901,23.227,19.794
8.778,10.705,9.297,8.773,10.760,15.012,23.911,26.984,24.960,15.792,7.443,-2.910,-9.228,-14.780,-14.644,-10.515,-4.235,10.549,23.437,30.354,32.451,27.026,23.354,19.948
8.879,10.837,9.461,8.937,10.903,15.197,24.207,27.230,25.136,15.968,7.600,-2.783,-9.108,-14.690,-14.521,-10.356,-4.114,10.653,23.515,30.482,32.627,27.158,23.496,20.070
9.052,10.989,9.634,9.092,11.040,15.320,24.291,27.326,25.226,16.097,7.730,-2.624,-8.898,-14.496,-14.377,-10.246,-4.024,10.753,23.593,30.564,32.725,27.252,23.613,20.196
9.291,11.195,9.852,9.296,11.232,15.484,24.376,27.436,25.356,16.268,7.920,-2.386,-8.602,-14.198,-14.134,-10.049,-3.842,10.930,23.741,30.692,32.849,27.392,23.773,20.375
9.462,11.343,9.962,9.420,11.381,15.592,24.377,27.468,25.464,16.377,8.075,-2.187,-8.408,-13.948,-13.880,-9.818,-3.585,11.146,23.949,30.829,32.924,27.526,23.896,20.520
9.620,11.508,10.150,9.616,11.564,15.807,24.657,27.724,25.686,16.585,8.287,-1.983,-8.201,-13.752,-13.661,-9.575,-3.370,11.337,24.107,31.014,33.129,27.703,24.080,20.690
9.768,11.681,10.347,9.790,11.715,15.966,24.869,27.905,25.808,16.747,8.407,-1.888,-8.095,-13.688,-13.617,-9.532,-3.347,11.392,24.174,31.124,33.292,27.836,24.228,20.833
9.875,11.779,10.461,9.913,11.831,16.102,25.030,28.061,25.955,16.877,8.554,-1.731,-7.925,-13.519,-13.437,-9.342,-3.177,11.538,24.284,31.243,33.414,27.944,24.342,20.940
10.056,11.942,10.659,10.096,11.988,16.266,25.196,28.226,26.094,17.043,8.721,-1.544,-7.684,-13.305,-13.262,-9.216,-3.058,11.661,24.370,31.353,33.553,28.061,24.484,21.083
10.168,12.101,10.804,10.237,12.134,16.410,25.203,28.267,26.217,17.186,8.831,-1.473,-7.662,-13.285,-13.219,-9.187,-2.973,11.751,24.498,31.489,33.706,28.215,24.628,21.223
10.304,12.231,10.882,10.299,12.227,16.432,25.274,28.309,26.217,17.222,8.859,-1.431,-7.642,-13.229,-13.210,-9.141,-2.956,11.824,24.644,31.570,33.742,28.317,24.711,21.338
10.445,12.381,10.989,10.380,12.333,16.469,25.347,28.379,26.219,17.276,8.881,-1.411,-7.639,-13.217,-13.190,-9.114,-2.939,11.865,24.772,31.652,33.802,28.429,24.809,21.463
10.703,12.650,11.230,10.625,12.591,16.682,25.369,28.394,26.380,17.487,9.123,-1.134,-7.379,-12.904,-12.887,-8.901,-2.637,12.117,25.007,31.825,33.943,28.627,25.006,21.684
10.835,12.789,11.327,10.724,12.717,16.770,25.387,28.432,26.464,17.580,9.217,-1.039,-7.321,-12.812,-12.787,-8.812,-2.505,12.253,25.187,31.958,34.038,28.768,25.127,21.820
11.057,13.010,11.542,10.964,12.961,17.016,25.580,28.654,26.705,17.814,9.501,-0.725,-7.012,-12.463,-12.393,-8.404,-2.116,12.556,25.432,32.169,34.222,28.975,25.333,22.031
11.153,13.129,11.656,11.074,13.073,17.127,25.611,28.667,26.799,17.925,9.596,-0.650,-6.960,-12.413,-12.328,-8.340,-2.037,12.637,25.531,32.273,34.336,29.089,25.443,22.139
11.308,13.262,11.728,11.133,13.169,17.139,25.731,28.770,26.804,17.954,9.629,-0.585,-6.906,-12.314,-12.278,-8.329,-1.977,12.736,25.702,32.360,34.360,29.193,25.528,22.261
11.490,13.467,11.922,11.319,13.357,17.304,25.746,28.796,26.922,18.119,9.786,-0.429,-6.766,-12.163,-12.119,-8.188,-1.822,12.876,25.854,32.494,34.497,29.351,25.686,22.431
11.678,13.687,12.136,11.530,13.573,17.530,26.010,29.053,27.153,18.344,9.980,-0.275,-6.650,-12.059,-11.993,-8.039,-1.660,13.060,26.074,32.735,34.754,29.596,25.919,22.655
11.902,13.918,12.381,11.786,13.820,17.803,26.336,29.355,27.432,18.610,10.257,-0.002,-6.378,-11.789,-11.694,-7.717,-1.362,13.324,26.305,32.981,35.010,29.836,26.163,22.888
12.178,14.221,12.705,12.129,14.147,18.163,26.782,29.739,27.772,18.953,10.625,0.367,-6.019,-11.420,-11.264,-7.248,-0.941,13.659,26.570,33.259,35.306,30.117,26.453,23.167
12.459,14.490,13.036,12.437,14.411,18.460,27.142,30.085,28.048,19.252,10.902,0.645,-5.674,-11.138,-11.031,-7.025,-0.772,13.856,26.728,33.485,35.599,30.348,26.720,23.421
12.935,14.987,13.471,12.859,14.857,18.779,27.259,30.179,28.219,19.576,11.276,1.105,-5.225,-10.589,-10.482,-6.548,-0.277,14.237,27.093,33.705,35.756,30.643,27.019,23.788
13.348,15.388,13.998,13.403,15.317,19.355,27.920,30.845,28.777,20.125,11.873,1.728,-4.653,-10.003,-9.876,-5.932,0.315,14.707,27.354,34.075,36.222,30.994,27.437,24.165
13.486,15.584,14.127,13.517,15.503,19.448,28.044,30.876,28.906,20.248,11.929,1.733,-4.494,-9.917,-9.780,-5.795,0.382,14.840,27.538,34.262,36.419,31.200,27.622,24.346
13.606,15.677,14.171,13.576,15.540,19.538,28.285,31.070,28.943,20.305,12.018,1.827,-4.473,-9.889,-9.699,-5.682,0.449,14.922,27.838,34.434,36.466,31.373,27.724,24.494
13.843,15.921,14.424,13.820,15.813,19.801,28.426,31.325,29.306,20.592,12.248,2.002,-4.367,-9.777,-9.634,-5.641,0.630,15.196,28.085,34.774,36.865,31.685,28.047,24.778
14.243,16.378,14.924,14.285,16.242,20.262,29.019,31.852,29.716,21.054,12.630,2.319,-4.054,-9.538,-9.403,-5.391,0.847,15.467,28.384,35.159,37.346,32.103,28.484,25.196
14.663,16.726,15.338,14.719,16.636,20.700,29.464,32.312,30.170,21.482,13.138,2.909,-3.354,-8.844,-8.732,-4.729,1.423,15.959,28.721,35.514,37.705,32.425,28.849,25.553
15.093,17.079,15.796,15.198,17.054,21.223,30.094,32.957,30.759,21.991,13.702,3.445,-2.915,-8.450,-8.289,-4.220,1.982,16.483,29.083,35.969,38.207,32.819,29.294,25.959
15.298,17.421,16.016,15.397,17.332,21.443,30.348,33.174,30.981,22.224,13.794,3.520,-2.615,-8.388,-8.263,-4.094,1.983,16.620,29.500,36.362,38.587,33.256,29.642,26.310
15.675,17.846,16.589,15.926,17.771,22.078,31.042,34.169,31.708,22.857,14.248,3.713,-2.614,-8.164,-8.083,-4.060,2.028,16.891,29.823,36.990,39.439,33.845,30.263,26.826
16.296,18.343,17.036,16.333,18.222,22.456,31.406,34.504,32.199,23.283,14.625,4.107,-2.158,-7.964,-8.039,-3.987,2.271,17.402,30.512,37.649,40.029,34.461,30.853,27.440
17.727,19.190,17.869,17.087,19.016,23.020,31.514,34.751,32.999,23.967,15.468,5.354,-0.374,-6.193,-6.961,-3.378,3.044,18.613,31.762,38.706,40.816,35.363,31.820,28.528
