15.017,15.462,15.345,15.294,16.749,20.245,24.187,33.547,38.938,38.298,34.958,29.014,28.259,27.778,29.900,33.847,37.897,41.638,44.010,42.134,33.854,26.599,23.425,19.540
20.972,21.588,21.592,21.523,22.743,26.106,31.053,38.567,42.988,41.307,38.367,33.415,32.655,32.695,35.270,38.108,41.990,45.301,46.692,43.583,37.084,31.408,28.791,25.482
23.857,24.935,25.192,25.066,26.214,29.207,34.860,41.399,44.861,42.929,40.218,35.770,35.099,35.403,37.964,39.917,43.711,47.314,47.704,43.873,37.871,32.745,31.100,28.039
24.992,25.906,26.036,25.932,27.031,30.212,36.008,41.960,45.549,42.989,40.578,36.122,35.999,36.450,39.251,40.171,44.183,47.684,47.976,44.174,38.371,33.853,32.206,29.300
25.906,26.698,26.801,26.712,27.742,30.925,36.628,42.431,45.977,43.411,40.952,36.778,36.317,36.789,39.654,41.064,44.859,47.959,48.402,44.461,39.261,34.975,33.056,30.264
26.406,27.239,27.371,27.278,28.288,31.404,37.138,42.804,46.212,43.657,41.221,37.159,36.652,37.148,39.992,41.388,45.120,48.195,48.543,44.528,39.470,35.273,33.445,30.703
26.788,27.615,27.737,27.644,28.648,31.786,37.579,43.134,46.537,43.870,41.486,37.424,37.016,37.544,40.429,41.620,45.396,48.482,48.776,44.739,39.703,35.607,33.816,31.098
27.223,28.048,28.174,28.082,29.076,32.183,37.938,43.442,46.804,44.162,41.793,37.777,37.354,37.881,40.742,41.944,45.681,48.736,49.021,44.999,40.024,35.963,34.190,31.497
27.724,28.513,28.629,28.541,29.533,32.635,38.285,43.883,47.286,44.740,42.327,38.323,37.801,38.291,41.124,42.550,46.230,49.214,49.603,45.636,40.693,36.572,34.700,31.998
28.023,28.808,28.916,28.828,29.820,32.913,38.526,44.067,47.485,44.930,42.557,38.538,38.095,38.583,41.396,42.700,46.393,49.266,49.773,45.870,40.886,36.790,34.958,32.266
28.317,29.126,29.254,29.163,30.152,33.213,38.841,44.083,47.742,44.982,42.836,38.858,38.351,38.839,41.637,43.021,46.679,49.400,50.029,46.082,41.143,37.036,35.226,32.539
28.556,29.341,29.454,29.366,30.352,33.420,38.878,44.395,47.825,45.228,42.847,38.896,38.563,39.045,41.837,43.119,46.772,49.680,50.046,46.307,41.364,37.278,35.452,32.773
28.792,29.517,29.589,29.509,30.493,33.593,39.000,44.540,47.912,45.392,43.020,39.034,38.752,39.228,42.048,43.183,46.842,49.825,50.200,46.590,41.584,37.537,35.675,33.005
28.968,29.689,29.617,29.583,30.495,33.751,39.074,44.591,48.050,45.494,43.176,39.137,38.794,39.261,42.138,43.243,46.935,49.905,50.340,46.618,41.767,37.713,35.835,33.170
29.156,29.741,29.764,29.684,30.667,33.761,39.204,44.731,48.177,45.657,43.327,39.311,38.925,39.385,42.157,43.428,47.090,50.033,50.485,46.739,41.952,37.946,36.036,33.379
29.384,29.837,29.883,29.808,30.790,33.910,39.339,44.834,48.341,45.758,43.462,39.414,39.113,39.577,42.372,43.526,47.223,50.153,50.633,46.943,42.048,38.323,36.201,33.698
29.472,30.096,30.113,30.045,31.013,34.162,39.546,44.980,48.528,45.889,43.621,39.596,39.318,39.787,42.610,43.734,47.424,50.271,50.801,47.143,42.241,38.490,36.344,33.716
29.634,30.234,30.241,30.175,31.141,34.284,39.600,45.046,48.613,46.007,43.744,39.720,39.441,39.894,42.696,43.852,47.522,50.342,50.913,47.315,42.415,38.492,36.486,33.862
29.816,30.421,30.427,30.361,31.334,34.468,39.749,45.228,48.807,46.235,43.975,39.920,39.672,40.110,42.885,44.020,47.698,50.551,51.128,47.584,42.612,38.649,36.661,34.025
29.976,30.601,30.617,30.548,31.525,34.640,39.923,45.396,48.951,46.396,44.144,40.084,39.855,40.291,43.047,44.144,47.825,50.713,51.261,47.725,42.717,38.740,36.798,34.160
30.104,30.740,30.762,30.693,31.668,34.772,40.065,45.528,49.061,46.513,44.260,40.213,39.972,40.410,43.162,44.266,47.939,50.830,51.362,47.811,42.815,38.840,36.914,34.279
30.265,30.904,30.923,30.853,31.829,34.922,40.195,45.627,49.152,46.600,44.375,40.318,40.136,40.573,43.309,44.318,48.001,50.916,51.429,47.920,42.890,38.931,37.044,34.416
30.461,31.083,31.092,31.024,32.002,35.090,40.294,45.748,49.298,46.779,44.564,40.487,40.332,40.750,43.460,44.463,48.141,51.055,51.600,48.167,43.096,39.118,37.221,34.591
30.582,31.215,31.231,31.162,32.139,35.212,40.418,45.863,49.390,46.886,44.669,40.606,40.439,40.858,43.558,44.571,48.237,51.155,51.686,48.245,43.183,39.204,37.326,34.699
30.666,31.297,31.319,31.250,32.220,35.277,40.468,45.909,49.412,46.937,44.706,40.683,40.455,40.871,43.564,44.667,48.295,51.175,51.716,48.255,43.259,39.285,37.390,34.773
30.769,31.389,31.409,31.341,32.307,35.366,40.544,45.991,49.496,47.032,44.789,40.785,40.518,40.932,43.628,44.767,48.406,51.251,51.815,48.345,43.384,39.423,37.496,34.884
30.849,31.472,31.485,31.417,32.386,35.453,40.647,46.048,49.561,47.046,44.843,40.808,40.639,41.063,43.764,44.797,48.417,51.306,51.834,48.393,43.392,39.447,37.565,34.957
30.987,31.590,31.575,31.515,32.469,35.561,40.714,46.073,49.631,47.061,44.876,40.869,40.703,41.134,43.847,44.870,48.505,51.307,51.894,48.473,43.523,39.599,37.691,35.091
31.029,31.592,31.595,31.529,32.494,35.570,40.724,46.111,49.637,47.132,44.933,40.907,40.734,41.151,43.869,44.873,48.512,51.364,51.920,48.510,43.567,39.654,37.748,35.168
31.120,31.743,31.761,31.693,32.656,35.689,40.825,46.215,49.697,47.239,45.038,41.035,40.840,41.251,43.916,44.968,48.575,51.442,51.978,48.571,43.592,39.715,37.783,35.188
31.313,31.923,31.945,31.878,32.830,35.830,40.897,46.287,49.738,47.350,45.132,41.191,40.906,41.302,43.938,45.141,48.677,51.474,52.046,48.650,43.766,39.834,37.928,35.352
31.456,32.041,32.046,31.983,32.932,35.957,41.020,46.391,49.875,47.445,45.241,41.291,41.036,41.437,44.094,45.255,48.807,51.583,52.175,48.793,43.921,40.022,38.086,35.516
31.598,32.184,32.186,32.122,33.073,36.093,41.141,46.489,49.974,47.537,45.356,41.392,41.189,41.589,44.236,45.315,48.880,51.677,52.256,48.910,44.004,40.115,38.208,35.642
31.678,32.260,32.261,32.197,33.144,36.162,41.213,46.533,50.008,47.557,45.384,41.436,41.235,41.641,44.292,45.357,48.917,51.700,52.272,48.918,44.043,40.181,38.275,35.720
31.802,32.396,32.410,32.345,33.289,36.284,41.320,46.660,50.106,47.705,45.513,41.589,41.333,41.730,44.361,45.515,49.042,51.816,52.389,49.023,44.170,40.283,38.381,35.825
31.895,32.491,32.504,32.439,33.385,36.374,41.401,46.735,50.179,47.781,45.598,41.668,41.432,41.827,44.450,45.574,49.105,51.889,52.456,49.108,44.238,40.351,38.464,35.908
32.003,32.619,32.639,32.572,33.524,36.502,41.537,46.877,50.308,47.921,45.744,41.795,41.589,41.982,44.591,45.665,49.210,52.039,52.579,49.243,44.317,40.407,38.563,35.999
32.110,32.748,32.784,32.713,33.663,36.607,41.631,46.968,50.352,48.014,45.829,41.909,41.665,42.053,44.634,45.757,49.270,52.103,52.623,49.279,44.369,40.445,38.632,36.073
32.213,32.835,32.861,32.792,33.742,36.702,41.716,47.055,50.466,48.109,45.930,41.997,41.774,42.161,44.751,45.853,49.377,52.203,52.740,49.414,44.497,40.582,38.748,36.189
32.299,32.917,32.940,32.872,33.821,36.779,41.781,47.109,50.522,48.163,45.993,42.058,41.853,42.239,44.825,45.900,49.427,52.253,52.790,49.481,44.559,40.652,38.824,36.268
32.375,32.983,32.999,32.932,33.880,36.843,41.836,47.151,50.574,48.203,46.042,42.106,41.913,42.301,44.891,45.949,49.477,52.292,52.838,49.540,44.627,40.736,38.898,36.347
32.467,33.079,33.096,33.029,33.976,36.939,41.948,47.237,50.650,48.258,46.111,42.174,42.008,42.403,44.997,45.999,49.538,52.366,52.890,49.587,44.670,40.797,38.981,36.436
32.588,33.204,33.223,33.155,34.102,37.052,42.040,47.323,50.725,48.352,46.212,42.276,42.122,42.512,45.089,46.075,49.608,52.444,52.963,49.684,44.753,40.877,39.080,36.537
32.710,33.336,33.361,33.292,34.240,37.177,42.161,47.452,50.840,48.488,46.342,42.413,42.243,42.628,45.194,46.207,49.729,52.569,53.083,49.801,44.869,40.979,39.193,36.648
32.832,33.461,33.488,33.418,34.366,37.296,42.272,47.561,50.942,48.601,46.456,42.530,42.361,42.744,45.302,46.313,49.831,52.675,53.185,49.910,44.975,41.083,39.304,36.761
32.954,33.592,33.626,33.556,34.504,37.412,42.364,47.667,51.028,48.730,46.578,42.663,42.470,42.843,45.378,46.432,49.928,52.774,53.284,50.022,45.084,41.170,39.404,36.860
33.026,33.657,33.689,33.619,34.565,37.485,42.453,47.748,51.114,48.794,46.640,42.732,42.528,42.909,45.460,46.524,50.021,52.851,53.365,50.067,45.170,41.272,39.489,36.948
33.065,33.696,33.729,33.659,34.601,37.531,42.536,47.805,51.165,48.810,46.655,42.762,42.549,42.944,45.518,46.574,50.076,52.893,53.394,50.080,45.197,41.329,39.539,37.005
33.164,33.808,33.848,33.777,34.720,37.644,42.665,47.947,51.294,48.951,46.786,42.895,42.664,43.058,45.630,46.710,50.209,53.037,53.527,50.181,45.307,41.421,39.642,37.103
33.268,33.893,33.923,33.854,34.798,37.730,42.711,48.020,51.398,49.071,46.902,42.998,42.767,43.149,45.715,46.825,50.320,53.132,53.661,50.353,45.467,41.567,39.754,37.210
33.367,33.981,34.008,33.941,34.883,37.817,42.781,48.107,51.494,49.183,47.001,43.107,42.842,43.219,45.785,46.959,50.439,53.224,53.778,50.471,45.610,41.703,39.860,37.315
33.489,34.125,34.164,34.094,35.042,37.957,42.920,48.272,51.640,49.365,47.175,43.273,43.000,43.370,45.915,47.103,50.579,53.397,53.935,50.631,45.730,41.785,39.973,37.418
33.594,34.249,34.299,34.226,35.175,38.079,43.063,48.420,51.764,49.501,47.302,43.408,43.116,43.488,46.029,47.236,50.707,53.538,54.056,50.727,45.826,41.867,40.076,37.518
33.691,34.345,34.397,34.324,35.273,38.170,43.138,48.512,51.854,49.615,47.406,43.519,43.202,43.568,46.099,47.354,50.810,53.633,54.163,50.837,45.943,41.970,40.169,37.610
33.801,34.461,34.514,34.440,35.393,38.287,43.250,48.627,51.970,49.734,47.535,43.629,43.344,43.708,46.229,47.437,50.907,53.756,54.276,50.973,46.036,42.051,40.273,37.709
33.902,34.563,34.617,34.543,35.497,38.386,43.340,48.726,52.069,49.845,47.643,43.736,43.446,43.806,46.321,47.543,51.008,53.859,54.382,51.085,46.143,42.149,40.371,37.805
33.993,34.662,34.718,34.643,35.598,38.481,43.436,48.811,52.144,49.920,47.726,43.817,43.545,43.906,46.414,47.602,51.072,53.938,54.446,51.156,46.199,42.207,40.451,37.886
34.106,34.793,34.865,34.788,35.738,38.606,43.597,48.966,52.258,50.047,47.832,43.961,43.623,43.991,46.505,47.771,51.215,54.065,54.553,51.198,46.301,42.310,40.560,37.999
34.185,34.874,34.951,34.873,35.820,38.683,43.680,49.047,52.323,50.120,47.894,44.047,43.670,44.041,46.556,47.874,51.301,54.131,54.620,51.238,46.381,42.395,40.635,38.080
34.299,35.004,35.090,35.011,35.957,38.803,43.807,49.171,52.421,50.238,48.007,44.172,43.779,44.149,46.654,47.989,51.403,54.243,54.714,51.320,46.467,42.472,40.734,38.180
34.405,35.105,35.192,35.113,36.055,38.903,43.916,49.275,52.519,50.333,48.091,44.280,43.846,44.221,46.736,48.127,51.525,54.334,54.813,51.389,46.589,42.607,40.846,38.297
34.501,35.171,35.238,35.164,36.104,38.989,44.003,49.355,52.648,50.411,48.178,44.349,43.945,44.325,46.871,48.225,51.647,54.433,54.942,51.528,46.735,42.782,40.975,38.428
34.636,35.331,35.409,35.331,36.277,39.144,44.167,49.518,52.787,50.565,48.341,44.497,44.125,44.504,47.030,48.327,51.760,54.596,55.068,51.665,46.816,42.843,41.092,38.538
34.787,35.479,35.561,35.483,36.427,39.283,44.280,49.656,52.920,50.738,48.496,44.668,44.249,44.617,47.130,48.514,51.920,54.734,55.228,51.828,47.001,43.007,41.236,38.681
34.888,35.585,35.670,35.592,36.531,39.396,44.445,49.783,53.031,50.804,48.565,44.756,44.330,44.717,47.258,48.620,52.033,54.837,55.306,51.849,47.070,43.114,41.346,38.801
35.054,35.758,35.841,35.762,36.710,39.571,44.602,49.956,53.216,50.999,48.774,44.929,44.555,44.934,47.457,48.752,52.186,55.033,55.495,52.085,47.227,43.245,41.507,38.951
35.192,35.902,35.987,35.907,36.858,39.720,44.754,50.119,53.382,51.168,48.944,45.083,44.727,45.104,47.622,48.893,52.339,55.208,55.663,52.263,47.370,43.374,41.650,39.087
35.310,36.018,36.099,36.019,36.973,39.839,44.865,50.238,53.514,51.299,49.080,45.202,44.868,45.241,47.757,49.003,52.460,55.340,55.800,52.419,47.499,43.494,41.772,39.205
35.443,36.170,36.258,36.176,37.136,39.991,45.024,50.402,53.667,51.461,49.250,45.351,45.051,45.422,47.924,49.115,52.587,55.513,55.946,52.579,47.600,43.575,41.896,39.321
35.585,36.337,36.441,36.356,37.320,40.150,45.187,50.594,53.828,51.670,49.439,45.550,45.208,45.573,48.052,49.307,52.760,55.705,56.123,52.740,47.749,43.682,42.028,39.443
35.723,36.490,36.601,36.514,37.479,40.294,45.332,50.732,53.945,51.799,49.575,45.684,45.359,45.722,48.188,49.411,52.865,55.834,56.229,52.853,47.839,43.765,42.146,39.562
35.892,36.685,36.813,36.723,37.690,40.477,45.518,50.936,54.109,52.010,49.770,45.896,45.528,45.887,48.330,49.612,53.043,56.027,56.402,53.007,47.994,43.887,42.297,39.709
36.014,36.822,36.960,36.868,37.831,40.593,45.631,51.015,54.148,52.064,49.834,45.984,45.617,45.977,48.403,49.666,53.081,56.071,56.417,53.020,48.022,43.930,42.379,39.802
36.131,36.946,37.088,36.996,37.960,40.721,45.773,51.170,54.298,52.220,49.979,46.131,45.743,46.104,48.533,49.826,53.239,56.231,56.574,53.156,48.163,44.059,42.506,39.924
36.248,37.072,37.216,37.122,38.088,40.852,45.930,51.302,54.425,52.318,50.093,46.233,45.887,46.258,48.693,49.904,53.339,56.358,56.673,53.251,48.233,44.143,42.621,40.041
36.450,37.272,37.409,37.315,38.288,41.060,46.125,51.512,54.659,52.546,50.334,46.437,46.143,46.507,48.937,50.084,53.544,56.595,56.912,53.530,48.447,44.341,42.830,40.240
36.573,37.406,37.547,37.452,38.430,41.212,46.315,51.720,54.872,52.746,50.523,46.611,46.316,46.685,49.128,50.271,53.749,56.821,57.127,53.718,48.610,44.487,42.981,40.380
36.708,37.512,37.639,37.548,38.524,41.330,46.418,51.841,55.034,52.892,50.663,46.744,46.437,46.805,49.264,50.445,53.925,56.962,57.312,53.911,48.824,44.707,43.144,40.541
36.816,37.620,37.750,37.658,38.631,41.441,46.548,51.962,55.149,52.995,50.759,46.856,46.525,46.899,49.372,50.578,54.052,57.073,57.420,53.988,48.937,44.834,43.260,40.661
37.014,37.861,38.011,37.915,38.897,41.682,46.812,52.265,55.417,53.308,51.057,47.138,46.801,47.169,49.615,50.827,54.307,57.391,57.699,54.255,49.134,44.969,43.454,40.835
37.204,38.067,38.229,38.131,39.115,41.901,47.074,52.557,55.697,53.595,51.314,47.405,47.009,47.382,49.841,51.135,54.607,57.690,57.992,54.488,49.388,45.198,43.673,41.044
37.426,38.264,38.416,38.320,39.306,42.109,47.242,52.781,55.966,53.888,51.588,47.661,47.242,47.599,50.057,51.427,54.895,57.954,58.313,54.840,49.727,45.504,43.923,41.282
37.618,38.439,38.590,38.496,39.478,42.310,47.477,53.074,56.283,54.205,51.846,47.951,47.399,47.760,50.259,51.843,55.283,58.268,58.681,55.119,50.108,45.870,44.185,41.535
37.842,38.690,38.860,38.763,39.750,42.524,47.617,53.265,56.431,54.475,52.101,48.213,47.625,47.955,50.381,52.051,55.446,58.459,58.872,55.369,50.306,45.991,44.351,41.692
38.041,38.894,39.062,38.965,39.957,42.755,47.898,53.558,56.744,54.747,52.369,48.456,47.884,48.224,50.677,52.315,55.742,58.776,59.180,55.644,50.556,46.236,44.593,41.922
38.285,39.162,39.341,39.241,40.240,43.039,48.223,53.902,57.079,55.078,52.694,48.759,48.200,48.544,51.000,52.607,56.057,59.138,59.511,55.952,50.814,46.465,44.855,42.169
38.551,39.384,39.538,39.443,40.443,43.278,48.417,54.137,57.390,55.377,52.988,49.022,48.473,48.806,51.276,52.913,56.375,59.420,59.866,56.356,51.206,46.850,45.161,42.467
38.852,39.685,39.833,39.738,40.751,43.640,48.859,54.631,57.942,55.864,53.457,49.432,48.905,49.250,51.771,53.377,56.901,59.982,60.433,56.875,51.663,47.278,45.559,42.834
39.160,39.993,40.161,40.067,41.068,43.978,49.282,55.147,58.443,56.397,53.873,49.937,49.130,49.486,52.064,54.093,57.542,60.502,61.013,57.254,52.248,47.825,45.964,43.227
39.383,40.181,40.330,40.240,41.239,44.177,49.458,55.323,58.668,56.592,54.074,50.126,49.336,49.691,52.288,54.311,57.769,60.695,61.248,57.515,52.524,48.123,46.210,43.475
39.707,40.563,40.737,40.639,41.654,44.564,49.885,55.779,59.084,57.039,54.524,50.534,49.792,50.144,52.709,54.644,58.135,61.172,61.654,57.922,52.800,48.332,46.524,43.764
40.215,41.041,41.210,41.116,42.134,45.083,50.396,56.445,59.820,57.830,55.219,51.232,50.312,50.644,53.238,55.510,58.965,61.920,62.518,58.728,53.666,49.107,47.141,44.347
40.777,41.530,41.643,41.559,42.582,45.675,51.091,57.122,60.665,58.444,55.865,51.775,51.001,51.372,54.098,56.149,59.741,62.686,63.334,59.521,54.416,49.942,47.864,45.055
41.260,41.945,42.026,41.950,42.971,46.145,51.562,57.671,61.330,59.059,56.434,52.326,51.480,51.850,54.645,56.855,60.457,63.307,64.073,60.231,55.192,50.716,48.465,45.639
41.982,42.658,42.736,42.662,43.695,46.905,52.332,58.586,62.313,60.079,57.387,53.236,52.302,52.654,55.466,57.868,61.477,64.319,65.159,61.291,56.211,51.632,49.289,46.418
42.536,43.230,43.344,43.267,44.282,47.467,52.948,59.260,62.910,60.759,57.954,53.941,52.695,53.053,55.887,58.745,62.233,64.943,65.817,61.751,56.923,52.316,49.872,47.008
43.661,44.312,44.375,44.304,45.352,48.757,54.498,60.910,64.807,62.343,59.528,55.295,54.230,54.645,57.681,60.266,64.005,66.814,67.718,63.540,58.507,53.890,51.324,48.378
45.078,45.872,46.022,45.933,47.023,50.318,56.058,62.788,66.589,64.441,61.481,57.199,55.924,56.270,59.172,62.150,65.832,68.815,69.686,65.476,60.202,55.219,52.764,49.711
48.116,49.002,49.154,49.053,50.261,53.598,59.277,66.521,70.565,68.593,65.596,60.829,59.894,60.127,62.901,65.596,69.545,73.021,73.925,70.058,63.835,58.314,56.014,52.729
