-3.430,-4.038,-9.051,-11.770,-11.236,-5.002,8.939,16.204,18.083,13.681,9.995,8.010,5.759,2.566,4.071,4.989,4.926,10.708,11.768,11.065,12.539,7.973,6.108,-0.365
3.502,1.264,-3.312,-5.088,-4.848,0.462,11.242,16.932,18.776,15.525,12.238,10.633,9.097,6.251,6.555,6.228,7.409,11.478,15.382,15.585,16.680,11.822,10.179,4.900
6.355,3.610,-0.838,-2.402,-2.174,2.846,12.467,17.718,19.518,16.720,13.611,12.101,10.730,8.044,7.985,7.606,9.112,12.758,16.975,17.147,18.271,13.470,11.939,7.343
7.831,5.061,0.809,-0.761,-0.487,4.410,13.675,18.890,20.567,17.788,14.810,13.289,11.835,9.182,9.002,8.924,10.426,14.290,18.112,18.231,19.444,14.811,13.247,8.967
9.342,6.488,2.386,0.898,1.167,5.890,14.673,19.694,21.305,18.663,15.801,14.324,12.912,10.337,10.040,9.993,11.555,15.314,19.115,19.252,20.460,15.937,14.406,10.395
10.310,7.601,3.626,2.173,2.418,7.036,15.747,20.672,22.237,19.574,16.768,15.323,13.932,11.392,11.132,11.034,12.527,16.243,20.017,20.248,21.386,16.955,15.431,11.382
11.064,8.435,4.633,3.187,3.435,7.969,16.593,21.507,22.980,20.232,17.503,16.051,14.597,12.052,11.748,11.767,13.219,17.118,20.732,21.058,22.195,17.860,16.280,12.274
11.843,9.221,5.477,4.093,4.317,8.750,17.164,21.932,23.396,20.735,18.050,16.643,15.257,12.768,12.452,12.370,13.834,17.559,21.273,21.639,22.721,18.433,16.897,12.947
12.309,9.675,5.968,4.620,4.829,9.213,17.520,22.220,23.674,21.046,18.384,16.996,15.637,13.169,12.831,12.699,14.181,17.839,21.627,22.035,23.090,18.815,17.290,13.366
12.762,10.139,6.502,5.132,5.364,9.725,17.973,22.702,24.107,21.447,18.826,17.421,16.009,13.536,13.164,13.174,14.639,18.438,22.038,22.427,23.525,19.307,17.754,13.917
13.107,10.596,7.052,5.662,5.900,10.234,18.533,23.293,24.646,21.899,19.311,17.895,16.430,13.947,13.593,13.689,15.086,19.029,22.467,22.899,23.995,19.844,18.254,14.388
13.516,11.094,7.567,6.187,6.414,10.713,19.010,23.723,25.078,22.348,19.769,18.374,16.941,14.486,14.191,14.235,15.582,19.439,22.858,23.287,24.346,20.238,18.677,14.775
13.795,11.429,7.922,6.542,6.766,11.045,19.346,24.042,25.390,22.658,20.090,18.702,17.275,14.833,14.567,14.606,15.919,19.760,23.136,23.563,24.607,20.530,18.979,15.064
14.212,11.805,8.303,6.967,7.176,11.403,19.546,24.142,25.501,22.855,20.305,18.947,17.577,15.174,14.890,14.849,16.195,19.886,23.366,23.795,24.813,20.744,19.232,15.375
14.450,12.128,8.719,7.368,7.584,11.779,19.941,24.561,25.868,23.147,20.633,19.264,17.844,15.431,15.148,15.194,16.490,20.319,23.653,24.126,25.147,21.139,19.591,15.727
14.671,12.378,9.015,7.664,7.880,12.057,20.219,24.844,26.126,23.370,20.873,19.501,18.061,15.642,15.351,15.425,16.706,20.593,23.891,24.399,25.416,21.430,19.862,15.992
15.013,12.766,9.443,8.115,8.316,12.449,20.568,25.138,26.411,23.665,21.186,19.833,18.416,16.016,15.742,15.764,17.026,20.855,24.186,24.733,25.713,21.755,20.199,16.311
15.206,12.930,9.646,8.314,8.528,12.645,20.689,25.268,26.512,23.762,21.309,19.947,18.501,16.099,15.781,15.886,17.161,21.068,24.315,24.852,25.864,21.931,20.357,16.547
15.363,13.121,9.890,8.557,8.771,12.866,20.908,25.490,26.707,23.920,21.488,20.122,18.655,16.248,15.923,16.058,17.316,21.284,24.487,25.061,26.068,22.160,20.568,16.752
15.598,13.360,10.183,8.867,9.076,13.131,21.097,25.646,26.838,24.050,21.646,20.287,18.817,16.418,16.067,16.212,17.474,21.455,24.652,25.263,26.261,22.381,20.780,16.995
15.764,13.557,10.392,9.073,9.284,13.328,21.292,25.836,27.022,24.233,21.836,20.479,19.010,16.618,16.282,16.437,17.678,21.658,24.814,25.417,26.412,22.553,20.957,17.172
15.899,13.734,10.581,9.245,9.461,13.516,21.544,26.120,27.296,24.467,22.069,20.703,19.211,16.807,16.490,16.676,17.889,21.930,25.025,25.632,26.632,22.784,21.173,17.359
16.057,13.918,10.788,9.460,9.667,13.707,21.742,26.304,27.473,24.631,22.239,20.878,19.390,16.988,16.677,16.838,18.041,22.074,25.195,25.836,26.816,22.975,21.361,17.518
16.185,14.033,10.932,9.608,9.816,13.846,21.855,26.420,27.573,24.714,22.334,20.968,19.464,17.054,16.716,16.902,18.116,22.196,25.311,25.979,26.964,23.127,21.496,17.669
16.416,14.328,11.245,9.910,10.121,14.142,22.183,26.754,27.897,25.021,22.647,21.283,19.772,17.369,17.065,17.269,18.441,22.536,25.574,26.232,27.212,23.407,21.779,17.933
16.589,14.508,11.434,10.087,10.308,14.328,22.356,26.939,28.072,25.195,22.831,21.461,19.935,17.533,17.228,17.483,18.644,22.775,25.734,26.363,27.362,23.578,21.947,18.135
16.671,14.593,11.515,10.160,10.385,14.412,22.450,27.046,28.179,25.299,22.934,21.560,20.027,17.624,17.323,17.600,18.755,22.903,25.825,26.436,27.444,23.666,22.034,18.230
16.841,14.777,11.705,10.359,10.578,14.592,22.620,27.194,28.329,25.456,23.093,21.728,20.208,17.813,17.520,17.766,18.917,23.030,25.982,26.606,27.599,23.824,22.200,18.382
16.939,14.881,11.830,10.495,10.708,14.706,22.718,27.278,28.405,25.524,23.170,21.808,20.289,17.894,17.593,17.825,18.979,23.093,26.069,26.725,27.706,23.934,22.305,18.480
17.045,14.965,11.908,10.575,10.790,14.789,22.778,27.334,28.463,25.595,23.241,21.879,20.364,17.971,17.659,17.893,19.058,23.164,26.150,26.798,27.784,24.007,22.380,18.574
17.240,15.176,12.112,10.781,10.994,14.987,22.971,27.511,28.646,25.794,23.439,22.084,20.583,18.200,17.906,18.120,19.276,23.342,26.330,26.965,27.943,24.174,22.561,18.751
17.421,15.394,12.387,11.082,11.276,15.230,23.197,27.700,28.817,25.939,23.602,22.258,20.764,18.382,18.083,18.249,19.397,23.457,26.509,27.229,28.168,24.411,22.787,18.933
17.583,15.544,12.543,11.254,11.441,15.377,23.300,27.771,28.889,26.032,23.700,22.366,20.889,18.517,18.187,18.344,19.504,23.521,26.621,27.355,28.280,24.523,22.907,19.063
17.646,15.575,12.579,11.288,11.480,15.421,23.329,27.813,28.925,26.062,23.733,22.391,20.901,18.520,18.210,18.347,19.525,23.578,26.676,27.415,28.355,24.588,22.960,19.138
17.755,15.718,12.732,11.433,11.627,15.566,23.497,27.989,29.095,26.217,23.891,22.548,21.051,18.670,18.353,18.528,19.684,23.756,26.810,27.545,28.484,24.734,23.104,19.270
17.890,15.845,12.878,11.574,11.774,15.710,23.623,28.128,29.219,26.330,24.015,22.665,21.149,18.764,18.429,18.647,19.805,23.926,26.936,27.670,28.624,24.884,23.242,19.435
17.940,15.882,12.924,11.625,11.821,15.760,23.683,28.194,29.281,26.374,24.058,22.705,21.182,18.785,18.436,18.647,19.817,23.961,27.006,27.771,28.722,24.968,23.313,19.492
18.053,15.971,13.028,11.734,11.933,15.859,23.730,28.231,29.310,26.414,24.109,22.756,21.230,18.836,18.463,18.692,19.877,24.030,27.069,27.835,28.793,25.045,23.387,19.604
18.194,16.104,13.168,11.886,12.082,15.990,23.815,28.289,29.366,26.490,24.193,22.848,21.335,18.952,18.571,18.785,19.978,24.098,27.157,27.925,28.877,25.136,23.486,19.722
18.348,16.254,13.352,12.086,12.275,16.157,23.934,28.383,29.447,26.570,24.289,22.949,21.439,19.059,18.659,18.862,20.063,24.182,27.270,28.075,29.015,25.282,23.627,19.872
18.460,16.365,13.459,12.196,12.385,16.261,23.976,28.399,29.460,26.619,24.350,23.013,21.509,19.136,18.692,18.905,20.146,24.250,27.352,28.144,29.082,25.355,23.710,19.968
18.547,16.387,13.490,12.238,12.430,16.297,24.016,28.451,29.518,26.659,24.380,23.045,21.544,19.173,18.749,18.973,20.174,24.266,27.364,28.163,29.117,25.378,23.726,20.041
18.655,16.507,13.621,12.374,12.561,16.424,24.120,28.543,29.599,26.743,24.474,23.137,21.632,19.254,18.777,18.989,20.246,24.357,27.497,28.325,29.267,25.525,23.866,20.154
18.720,16.552,13.677,12.429,12.618,16.485,24.175,28.611,29.653,26.786,24.525,23.179,21.650,19.255,18.800,19.007,20.272,24.428,27.572,28.417,29.367,25.617,23.942,20.237
18.802,16.583,13.717,12.474,12.666,16.531,24.179,28.613,29.655,26.791,24.527,23.181,21.661,19.272,18.806,19.013,20.275,24.451,27.610,28.462,29.428,25.667,23.982,20.319
18.923,16.673,13.806,12.580,12.767,16.617,24.205,28.616,29.664,26.816,24.562,23.222,21.710,19.324,18.810,19.023,20.318,24.454,27.667,28.527,29.485,25.718,24.042,20.402
19.037,16.778,13.912,12.690,12.877,16.719,24.274,28.667,29.711,26.890,24.640,23.304,21.800,19.421,18.893,19.104,20.414,24.529,27.742,28.592,29.552,25.790,24.121,20.501
19.164,16.945,14.092,12.861,13.050,16.891,24.455,28.838,29.875,27.064,24.824,23.487,21.977,19.597,19.046,19.271,20.601,24.726,27.908,28.757,29.716,25.971,24.297,20.660
19.291,16.999,14.145,12.930,13.119,16.951,24.479,28.884,29.921,27.078,24.832,23.493,21.980,19.602,19.087,19.316,20.602,24.745,27.947,28.801,29.769,26.007,24.334,20.751
19.432,17.154,14.302,13.083,13.275,17.105,24.607,28.992,30.026,27.217,24.980,23.643,22.133,19.760,19.212,19.452,20.772,24.901,28.083,28.923,29.895,26.146,24.476,20.901
19.543,17.264,14.408,13.181,13.380,17.213,24.708,29.102,30.135,27.331,25.096,23.756,22.240,19.869,19.322,19.591,20.906,25.048,28.184,28.997,29.983,26.243,24.575,21.023
19.682,17.450,14.596,13.356,13.558,17.395,24.935,29.341,30.373,27.554,25.318,23.977,22.455,20.085,19.569,19.851,21.133,25.287,28.367,29.166,30.149,26.427,24.762,21.187
19.781,17.594,14.772,13.529,13.728,17.555,25.125,29.537,30.553,27.700,25.472,24.130,22.595,20.221,19.716,20.004,21.263,25.454,28.509,29.338,30.311,26.605,24.927,21.321
19.869,17.695,14.896,13.665,13.856,17.665,25.227,29.622,30.631,27.768,25.547,24.210,22.681,20.307,19.799,20.061,21.320,25.502,28.595,29.462,30.416,26.714,25.031,21.405
20.012,17.823,15.038,13.819,14.007,17.800,25.311,29.685,30.689,27.840,25.629,24.297,22.773,20.405,19.882,20.140,21.410,25.579,28.686,29.563,30.515,26.817,25.137,21.535
20.137,17.956,15.170,13.944,14.137,17.930,25.438,29.815,30.818,27.974,25.765,24.432,22.906,20.542,20.025,20.301,21.562,25.735,28.805,29.661,30.620,26.933,25.257,21.668
20.300,18.164,15.376,14.146,14.338,18.125,25.650,30.018,31.025,28.186,25.978,24.651,23.134,20.782,20.299,20.567,21.798,25.943,28.975,29.812,30.761,27.096,25.434,21.830
20.408,18.273,15.488,14.261,14.452,18.235,25.758,30.121,31.127,28.287,26.080,24.755,23.240,20.888,20.404,20.664,21.897,26.037,29.081,29.926,30.871,27.205,25.543,21.935
20.476,18.345,15.581,14.355,14.545,18.321,25.841,30.208,31.202,28.347,26.147,24.819,23.294,20.937,20.443,20.715,21.947,26.117,29.155,30.020,30.965,27.304,25.630,22.021
20.609,18.463,15.695,14.482,14.666,18.432,25.915,30.254,31.255,28.423,26.225,24.905,23.398,21.051,20.552,20.793,22.037,26.160,29.243,30.112,31.047,27.382,25.719,22.119
20.688,18.567,15.812,14.598,14.779,18.543,26.055,30.401,31.396,28.542,26.344,25.023,23.510,21.158,20.667,20.904,22.136,26.279,29.359,30.250,31.177,27.515,25.844,22.217
20.803,18.703,15.960,14.746,14.925,18.684,26.207,30.552,31.542,28.677,26.483,25.163,23.648,21.295,20.813,21.049,22.269,26.418,29.488,30.390,31.310,27.656,25.983,22.342
20.932,18.860,16.118,14.896,15.077,18.838,26.393,30.747,31.736,28.860,26.664,25.342,23.823,21.470,21.005,21.247,22.449,26.607,29.649,30.545,31.464,27.819,26.145,22.487
21.006,18.924,16.174,14.941,15.129,18.904,26.471,30.847,31.835,28.953,26.754,25.425,23.893,21.534,21.064,21.336,22.540,26.729,29.738,30.617,31.552,27.903,26.225,22.578
21.201,19.153,16.385,15.152,15.335,19.111,26.703,31.067,32.068,29.200,26.992,25.672,24.158,21.810,21.376,21.616,22.799,26.935,29.945,30.806,31.727,28.085,26.425,22.753
21.372,19.340,16.579,15.359,15.534,19.292,26.863,31.198,32.202,29.346,27.143,25.833,24.337,22.000,21.575,21.780,22.957,27.048,30.089,30.964,31.865,28.231,26.582,22.900
21.467,19.408,16.656,15.443,15.618,19.370,26.908,31.235,32.235,29.382,27.185,25.874,24.377,22.038,21.590,21.796,22.993,27.091,30.156,31.044,31.948,28.308,26.653,22.990
21.624,19.527,16.768,15.561,15.737,19.490,26.997,31.320,32.322,29.483,27.285,25.974,24.479,22.139,21.669,21.874,23.094,27.187,30.281,31.168,32.079,28.426,26.770,23.131
21.747,19.628,16.883,15.689,15.858,19.602,27.086,31.397,32.394,29.553,27.359,26.050,24.557,22.213,21.722,21.910,23.148,27.240,30.386,31.307,32.211,28.546,26.883,23.243
21.870,19.784,17.056,15.867,16.029,19.764,27.272,31.576,32.568,29.708,27.516,26.210,24.719,22.374,21.894,22.058,23.282,27.373,30.541,31.495,32.379,28.719,27.052,23.372
21.991,19.917,17.226,16.035,16.198,19.924,27.435,31.752,32.724,29.829,27.650,26.338,24.824,22.468,21.973,22.169,23.389,27.545,30.683,31.667,32.555,28.906,27.217,23.537
22.137,20.042,17.321,16.120,16.290,20.034,27.554,31.883,32.867,29.989,27.799,26.483,24.972,22.616,22.124,22.329,23.556,27.701,30.827,31.776,32.678,29.018,27.337,23.671
22.307,20.204,17.462,16.272,16.436,20.177,27.677,31.983,32.981,30.132,27.937,26.630,25.142,22.797,22.314,22.482,23.714,27.797,30.965,31.902,32.794,29.128,27.465,23.800
22.449,20.339,17.609,16.408,16.581,20.328,27.832,32.162,33.149,30.282,28.091,26.775,25.265,22.911,22.415,22.628,23.861,28.001,31.121,32.054,32.963,29.302,27.624,23.976
22.617,20.463,17.710,16.514,16.689,20.439,27.899,32.216,33.214,30.383,28.189,26.875,25.379,23.032,22.520,22.725,23.983,28.085,31.233,32.142,33.059,29.386,27.720,24.108
22.714,20.563,17.829,16.633,16.810,20.551,27.994,32.312,33.299,30.460,28.276,26.960,25.453,23.105,22.584,22.814,24.070,28.200,31.317,32.230,33.154,29.493,27.820,24.225
22.851,20.752,18.046,16.848,17.018,20.754,28.253,32.580,33.555,30.673,28.492,27.175,25.658,23.302,22.799,23.017,24.246,28.408,31.525,32.481,33.385,29.733,28.046,24.394
23.040,20.951,18.243,17.033,17.212,20.952,28.455,32.795,33.767,30.885,28.706,27.385,25.858,23.503,23.006,23.260,24.478,28.662,31.716,32.644,33.562,29.923,28.237,24.604
23.235,21.151,18.441,17.240,17.415,21.141,28.614,32.927,33.904,31.047,28.870,27.559,26.051,23.710,23.223,23.450,24.665,28.798,31.869,32.791,33.698,30.067,28.397,24.769
23.430,21.386,18.675,17.475,17.643,21.369,28.883,33.192,34.174,31.305,29.123,27.816,26.316,23.977,23.516,23.712,24.907,29.019,32.106,33.043,33.931,30.302,28.636,24.963
23.642,21.597,18.869,17.661,17.835,21.568,29.078,33.391,34.380,31.528,29.343,28.036,26.538,24.206,23.756,23.970,25.158,29.259,32.304,33.199,34.100,30.478,28.823,25.172
23.832,21.838,19.131,17.917,18.090,21.816,29.360,33.679,34.658,31.780,29.601,28.294,26.788,24.455,24.027,24.248,25.407,29.530,32.534,33.442,34.333,30.732,29.072,25.392
23.970,22.006,19.318,18.097,18.272,21.994,29.559,33.888,34.856,31.956,29.783,28.473,26.954,24.618,24.198,24.440,25.580,29.738,32.700,33.614,34.506,30.920,29.252,25.562
24.112,22.163,19.496,18.256,18.443,22.171,29.752,34.115,35.064,32.135,29.972,28.649,27.098,24.752,24.328,24.640,25.765,30.006,32.869,33.770,34.685,31.119,29.434,25.763
24.346,22.419,19.763,18.519,18.706,22.432,30.034,34.404,35.347,32.402,30.241,28.916,27.358,25.010,24.593,24.912,26.024,30.284,33.129,34.039,34.950,31.392,29.701,26.015
24.556,22.684,20.081,18.843,19.019,22.726,30.368,34.738,35.658,32.660,30.510,29.185,27.613,25.254,24.843,25.149,26.237,30.544,33.402,34.386,35.271,31.725,30.011,26.266
24.829,22.978,20.368,19.143,19.311,22.999,30.615,34.945,35.877,32.911,30.762,29.453,27.911,25.573,25.186,25.443,26.521,30.746,33.631,34.606,35.470,31.936,30.247,26.496
25.174,23.286,20.648,19.446,19.607,23.279,30.811,35.085,36.038,33.140,30.990,29.700,28.202,25.889,25.499,25.697,26.800,30.907,33.867,34.818,35.670,32.128,30.473,26.757
25.487,23.490,20.833,19.628,19.808,23.485,30.897,35.174,36.126,33.282,31.142,29.844,28.337,26.029,25.577,25.849,27.006,31.129,34.047,34.933,35.836,32.288,30.637,27.052
25.741,23.728,21.055,19.830,20.027,23.721,31.132,35.439,36.389,33.552,31.412,30.102,28.577,26.268,25.812,26.149,27.303,31.466,34.296,35.126,36.063,32.523,30.872,27.332
25.987,24.061,21.424,20.189,20.380,24.072,31.579,35.909,36.843,33.940,31.801,30.487,28.942,26.619,26.197,26.532,27.641,31.862,34.660,35.540,36.455,32.933,31.261,27.638
26.351,24.446,21.776,20.544,20.728,24.427,31.958,36.272,37.228,34.349,32.195,30.891,29.373,27.063,26.677,26.963,28.058,32.204,35.031,35.891,36.789,33.262,31.614,27.963
26.665,24.624,21.923,20.688,20.889,24.613,32.063,36.401,37.361,34.515,32.358,31.039,29.505,27.180,26.718,27.064,28.233,32.420,35.263,36.084,37.034,33.468,31.809,28.261
27.195,25.122,22.442,21.237,21.428,25.115,32.465,36.747,37.704,34.894,32.754,31.449,29.940,27.632,27.141,27.446,28.643,32.769,35.687,36.535,37.469,33.904,32.256,28.741
27.552,25.343,22.611,21.393,21.608,25.331,32.604,36.918,37.887,35.124,32.976,31.654,30.128,27.811,27.254,27.638,28.902,33.063,35.957,36.728,37.726,34.127,32.477,29.082
28.054,25.781,22.968,21.730,21.954,25.740,33.077,37.440,38.443,35.694,33.508,32.172,30.645,28.311,27.753,28.141,29.434,33.591,36.514,37.232,38.259,34.605,32.959,29.561
28.747,26.255,23.331,22.090,22.334,26.186,33.440,37.836,38.882,36.214,33.993,32.640,31.119,28.769,28.121,28.538,29.951,34.085,37.106,37.738,38.834,35.087,33.448,30.173
29.416,26.793,23.927,22.736,22.970,26.772,33.830,38.168,39.186,36.548,34.362,33.014,31.496,29.144,28.377,28.786,30.293,34.436,37.596,38.309,39.407,35.638,33.976,30.798
31.028,28.134,25.298,24.210,24.405,28.163,34.975,39.210,40.229,37.644,35.469,34.136,32.661,30.286,29.323,29.578,31.289,35.352,38.988,39.897,40.961,37.063,35.367,32.250
