-10.457,-8.954,-13.128,-11.835,-10.037,-2.863,-1.088,11.628,16.208,14.138,13.857,13.472,13.673,17.249,21.207,29.141,33.089,41.109,41.264,39.717,39.030,36.350,33.766,25.706
-6.097,-5.536,-8.990,-8.548,-6.595,0.819,4.269,16.116,21.930,20.533,19.220,19.642,19.150,22.026,26.403,34.395,38.564,46.364,46.189,45.138,42.296,38.912,36.450,29.985
-3.663,-3.764,-7.033,-6.774,-4.630,2.484,6.091,17.675,23.531,22.476,21.315,22.052,21.726,24.509,28.711,36.300,40.334,47.821,47.564,46.497,43.544,39.912,37.675,31.727
-1.632,-2.422,-5.288,-5.431,-3.316,3.741,7.723,18.928,25.307,24.511,23.110,24.289,23.928,26.450,30.627,38.200,42.145,49.467,49.150,48.100,44.511,40.449,38.415,33.394
-0.301,-1.568,-4.231,-4.603,-2.383,4.598,8.916,19.898,26.532,25.993,24.493,25.959,25.575,27.949,32.119,39.553,43.475,50.645,50.242,49.248,45.254,40.937,39.028,34.510
0.443,-1.292,-3.935,-4.390,-1.883,4.938,9.506,20.468,27.102,26.871,25.519,27.202,26.919,29.286,33.399,40.511,44.428,51.426,50.914,49.950,45.856,41.362,39.567,35.214
1.273,-0.551,-3.230,-3.651,-1.020,5.668,10.260,21.169,27.647,27.529,26.299,27.995,27.764,30.148,34.201,41.086,44.982,51.856,51.303,50.366,46.365,41.904,40.145,35.751
2.062,0.277,-2.424,-2.798,-0.142,6.449,10.986,21.814,28.144,28.046,26.885,28.537,28.327,30.716,34.719,41.469,45.334,52.120,51.562,50.642,46.753,42.375,40.627,36.181
2.551,0.679,-2.046,-2.415,0.357,6.882,11.511,22.316,28.578,28.586,27.482,29.166,28.966,31.358,35.349,41.950,45.826,52.537,51.933,51.052,47.153,42.774,41.043,36.579
2.887,0.880,-1.806,-2.226,0.603,7.091,11.823,22.572,28.874,28.971,27.861,29.620,29.420,31.779,35.764,42.292,46.166,52.816,52.185,51.327,47.334,42.895,41.199,36.844
3.226,1.260,-1.393,-1.813,0.915,7.400,12.000,22.724,29.035,29.052,27.940,29.675,29.503,31.860,35.810,42.404,46.232,52.822,52.311,51.371,47.483,43.054,41.369,37.062
3.733,1.741,-0.917,-1.321,1.442,7.854,12.439,23.109,29.338,29.394,28.335,30.068,29.920,32.277,36.189,42.677,46.482,52.902,52.360,51.405,47.719,43.318,41.653,37.344
4.172,2.206,-0.427,-0.824,1.876,8.250,12.730,23.345,29.540,29.555,28.514,30.225,30.104,32.455,36.323,42.809,46.516,52.922,52.468,51.455,47.855,43.481,41.833,37.561
4.673,2.823,0.196,-0.157,2.424,8.769,13.035,23.621,29.742,29.643,28.637,30.271,30.193,32.562,36.372,42.903,46.567,53.084,52.481,51.585,47.958,43.763,42.117,37.822
5.314,3.530,0.895,0.586,3.164,9.409,13.603,24.075,30.045,29.950,28.997,30.575,30.507,32.870,36.626,43.030,46.598,53.144,52.569,51.646,48.065,43.819,42.273,38.021
6.548,4.654,2.118,1.748,4.306,10.425,14.437,24.542,30.425,30.279,29.328,30.901,30.870,33.131,36.734,43.030,46.618,53.174,52.661,51.686,48.191,43.986,42.350,38.249
6.562,4.676,2.125,1.788,4.352,10.439,14.450,24.646,30.426,30.283,29.428,30.960,30.988,33.312,36.890,43.132,46.686,53.180,52.665,51.701,48.193,44.092,42.540,38.369
6.634,4.716,2.158,1.802,4.391,10.464,14.552,24.796,30.656,30.619,29.724,31.328,31.303,33.613,37.262,43.475,47.035,53.350,52.835,51.882,48.438,44.267,42.703,38.537
6.635,4.842,2.367,2.017,4.408,10.513,14.654,24.909,30.879,30.853,29.885,31.531,31.466,33.750,37.443,43.726,47.313,53.666,53.142,52.202,48.629,44.401,42.831,38.730
6.681,4.911,2.373,2.078,4.521,10.548,14.715,25.012,30.949,30.933,30.007,31.647,31.607,33.916,37.601,43.860,47.450,53.794,53.277,52.328,48.803,44.578,43.008,38.858
6.834,4.979,2.484,2.078,4.552,10.764,14.970,25.236,31.235,31.169,30.160,31.801,31.696,33.960,37.657,43.934,47.478,53.805,53.292,52.346,48.810,44.623,43.064,39.022
7.153,5.292,2.802,2.423,4.909,11.004,15.140,25.296,31.309,31.214,30.188,31.808,31.741,33.999,37.689,44.112,47.709,53.963,53.446,52.505,48.956,44.739,43.195,39.142
7.584,5.614,3.156,2.750,5.274,11.301,15.466,25.556,31.481,31.482,30.532,32.201,32.160,34.377,37.980,44.203,47.713,53.966,53.485,52.521,48.989,44.785,43.220,39.265
7.918,6.020,3.614,3.195,5.601,11.633,15.698,25.711,31.658,31.578,30.580,32.221,32.167,34.398,38.021,44.235,47.721,54.002,53.538,52.554,49.034,44.797,43.280,39.400
8.192,6.293,3.870,3.475,5.911,11.892,15.944,25.929,31.802,31.730,30.794,32.415,32.385,34.602,38.180,44.356,47.803,54.026,53.538,52.584,49.106,44.946,43.438,39.528
8.379,6.528,4.086,3.729,6.137,12.088,16.030,26.024,31.827,31.747,30.829,32.422,32.417,34.660,38.201,44.366,47.821,54.095,53.632,52.647,49.197,45.079,43.573,39.612
8.495,6.606,4.167,3.804,6.226,12.163,16.107,26.103,31.907,31.827,30.943,32.526,32.530,34.740,38.246,44.486,47.887,54.104,53.637,52.662,49.294,45.160,43.666,39.723
8.687,6.856,4.458,4.080,6.407,12.368,16.249,26.202,32.046,31.899,30.962,32.545,32.546,34.767,38.297,44.511,47.916,54.132,53.690,52.680,49.338,45.214,43.716,39.831
8.918,7.144,4.773,4.398,6.646,12.599,16.390,26.295,32.130,31.923,30.972,32.545,32.563,34.808,38.339,44.525,47.933,54.143,53.707,52.700,49.344,45.249,43.754,39.901
9.055,7.264,4.904,4.509,6.771,12.737,16.588,26.476,32.342,32.158,31.175,32.748,32.725,34.918,38.444,44.709,48.099,54.306,53.887,52.880,49.496,45.385,43.888,40.062
9.159,7.379,5.010,4.628,6.891,12.844,16.673,26.563,32.403,32.214,31.250,32.810,32.798,34.998,38.514,44.766,48.150,54.350,53.934,52.923,49.572,45.476,43.978,40.132
9.259,7.466,5.096,4.720,6.977,12.917,16.706,26.606,32.434,32.238,31.299,32.860,32.873,35.083,38.581,44.828,48.198,54.395,53.988,52.958,49.648,45.548,44.061,40.215
9.373,7.551,5.177,4.807,7.070,12.988,16.743,26.656,32.465,32.273,31.371,32.937,32.984,35.207,38.683,44.911,48.265,54.453,54.050,53.001,49.737,45.630,44.157,40.311
9.523,7.654,5.282,4.907,7.203,13.091,16.865,26.763,32.556,32.400,31.521,33.106,33.166,35.388,38.851,45.028,48.377,54.535,54.120,53.076,49.814,45.697,44.238,40.408
9.653,7.759,5.397,5.011,7.316,13.197,16.996,26.875,32.677,32.539,31.655,33.255,33.311,35.523,38.986,45.146,48.495,54.639,54.217,53.180,49.893,45.766,44.313,40.510
9.802,7.904,5.555,5.166,7.450,13.320,17.088,26.951,32.752,32.603,31.722,33.323,33.390,35.598,39.047,45.211,48.544,54.682,54.269,53.221,49.951,45.824,44.379,40.599
9.900,7.973,5.641,5.236,7.514,13.382,17.155,27.008,32.831,32.688,31.801,33.418,33.489,35.690,39.134,45.304,48.630,54.765,54.353,53.300,50.012,45.865,44.431,40.689
9.963,8.043,5.683,5.300,7.601,13.460,17.216,27.103,32.891,32.750,31.898,33.503,33.593,35.815,39.253,45.402,48.732,54.868,54.454,53.396,50.154,46.019,44.581,40.788
10.047,8.133,5.754,5.386,7.708,13.563,17.323,27.226,32.989,32.857,32.022,33.618,33.711,35.944,39.383,45.513,48.849,54.982,54.563,53.509,50.286,46.162,44.720,40.889
10.112,8.182,5.819,5.429,7.746,13.623,17.417,27.318,33.126,32.999,32.133,33.748,33.824,36.045,39.500,45.656,49.001,55.147,54.724,53.676,50.399,46.251,44.808,41.012
10.271,8.357,6.012,5.607,7.910,13.797,17.622,27.486,33.317,33.189,32.283,33.901,33.946,36.144,39.614,45.782,49.133,55.276,54.850,53.819,50.491,46.346,44.897,41.131
10.350,8.450,6.110,5.699,7.997,13.897,17.744,27.599,33.443,33.313,32.384,33.999,34.024,36.213,39.696,45.878,49.237,55.386,54.957,53.938,50.579,46.437,44.981,41.219
10.452,8.511,6.176,5.753,8.076,13.968,17.852,27.699,33.554,33.454,32.527,34.165,34.190,36.373,39.857,46.014,49.377,55.511,55.070,54.059,50.673,46.513,45.065,41.324
10.540,8.595,6.258,5.833,8.167,14.059,17.960,27.806,33.661,33.570,32.640,34.281,34.300,36.481,39.970,46.120,49.488,55.619,55.173,54.169,50.770,46.609,45.159,41.418
10.596,8.686,6.341,5.925,8.240,14.153,18.033,27.902,33.762,33.644,32.706,34.331,34.346,36.535,40.032,46.216,49.589,55.745,55.308,54.297,50.910,46.758,45.297,41.530
10.689,8.773,6.436,6.013,8.324,14.239,18.130,27.989,33.860,33.745,32.797,34.427,34.436,36.618,40.117,46.305,49.678,55.832,55.394,54.386,50.982,46.825,45.365,41.615
10.768,8.838,6.502,6.067,8.389,14.316,18.199,28.052,33.948,33.818,32.852,34.485,34.489,36.664,40.166,46.382,49.752,55.917,55.486,54.473,51.055,46.889,45.430,41.702
10.795,8.856,6.533,6.100,8.403,14.323,18.249,28.126,34.019,33.927,32.980,34.634,34.646,36.829,40.335,46.518,49.900,56.058,55.610,54.604,51.173,46.989,45.534,41.795
10.871,8.902,6.575,6.121,8.466,14.410,18.391,28.266,34.200,34.121,33.141,34.812,34.799,36.968,40.498,46.698,50.098,56.265,55.807,54.817,51.321,47.118,45.657,41.939
11.047,9.081,6.754,6.281,8.648,14.596,18.580,28.429,34.367,34.281,33.281,34.947,34.918,37.076,40.609,46.816,50.214,56.377,55.921,54.938,51.425,47.232,45.768,42.065
11.055,9.093,6.762,6.292,8.650,14.606,18.624,28.502,34.454,34.387,33.389,35.068,35.038,37.202,40.747,46.953,50.366,56.540,56.073,55.095,51.562,47.351,45.885,42.170
11.118,9.096,6.779,6.321,8.682,14.658,18.729,28.597,34.596,34.545,33.513,35.216,35.166,37.312,40.875,47.097,50.521,56.700,56.224,55.258,51.656,47.419,45.954,42.279
11.127,9.117,6.809,6.321,8.689,14.661,18.764,28.670,34.659,34.639,33.633,35.349,35.310,37.471,41.039,47.232,50.670,56.848,56.358,55.396,51.796,47.546,46.082,42.376
11.245,9.195,6.846,6.379,8.816,14.766,18.862,28.779,34.732,34.731,33.761,35.475,35.456,37.631,41.187,47.339,50.775,56.936,56.440,55.476,51.914,47.670,46.211,42.478
11.330,9.245,6.899,6.422,8.875,14.827,18.947,28.876,34.847,34.863,33.895,35.629,35.614,37.790,41.348,47.496,50.937,57.099,56.597,55.632,52.050,47.785,46.332,42.612
11.508,9.398,7.063,6.580,9.040,14.967,19.087,28.988,34.947,34.979,34.021,35.765,35.758,37.926,41.470,47.587,51.016,57.152,56.646,55.684,52.105,47.837,46.396,42.703
11.694,9.607,7.281,6.801,9.231,15.153,19.238,29.117,35.069,35.079,34.118,35.849,35.843,38.007,41.541,47.668,51.083,57.216,56.722,55.752,52.192,47.938,46.498,42.817
11.843,9.799,7.457,7.003,9.413,15.327,19.354,29.239,35.155,35.136,34.194,35.895,35.902,38.080,41.600,47.731,51.135,57.272,56.792,55.809,52.310,48.085,46.641,42.922
11.996,10.003,7.460,7.222,9.586,15.503,19.461,29.344,35.245,35.180,34.239,35.911,35.926,38.108,41.617,47.781,51.169,57.319,56.860,55.860,52.409,48.208,46.759,43.027
12.084,10.085,7.665,7.300,9.667,15.595,19.586,29.461,35.385,35.328,34.366,36.048,36.046,38.218,41.740,47.912,51.309,57.462,56.997,56.007,52.516,48.305,46.853,43.139
12.200,10.174,7.755,7.335,9.737,15.668,19.643,29.509,35.466,35.400,34.428,36.127,36.134,38.298,41.812,48.008,51.392,57.549,57.093,56.088,52.585,48.351,46.911,43.248
12.356,10.274,7.869,7.395,9.847,15.763,19.761,29.607,35.583,35.544,34.573,36.302,36.317,38.469,41.976,48.151,51.527,57.665,57.202,56.197,52.669,48.407,46.984,43.371
12.483,10.413,7.988,7.493,9.982,15.908,19.935,29.760,35.750,35.714,34.714,36.445,36.435,38.573,42.093,48.274,51.658,57.795,57.327,56.338,52.770,48.512,47.082,43.483
12.609,10.588,8.136,7.632,10.136,16.077,20.092,29.907,35.900,35.837,34.815,36.525,36.497,38.630,42.159,48.369,51.756,57.906,57.445,56.460,52.888,48.649,47.207,43.598
12.679,10.745,8.312,7.813,10.229,16.233,20.210,30.051,36.089,35.954,34.878,36.556,36.500,38.631,42.187,48.507,51.903,58.115,57.680,56.683,53.098,48.871,47.402,43.777
12.777,10.857,8.473,7.977,10.314,16.345,20.342,30.163,36.248,36.097,34.973,36.657,36.572,38.683,42.257,48.621,52.022,58.250,57.819,56.829,53.188,48.952,47.476,43.890
12.876,10.975,8.609,8.092,10.415,16.475,20.496,30.320,36.436,36.276,35.118,36.801,36.692,38.795,42.389,48.789,52.204,58.451,58.020,57.038,53.356,49.115,47.628,44.048
12.940,11.090,8.732,8.206,10.506,16.588,20.560,30.422,36.533,36.330,35.176,36.830,36.728,38.848,42.445,48.889,52.305,58.586,58.172,57.172,53.532,49.308,47.808,44.182
13.085,11.240,8.831,8.324,10.613,16.713,20.646,30.488,36.645,36.402,35.215,36.873,36.768,38.872,42.466,48.971,52.369,58.669,58.276,57.257,53.602,49.364,47.869,44.303
13.089,11.245,9.011,8.471,10.614,16.748,20.746,30.613,36.811,36.585,35.367,37.040,36.909,39.009,42.635,49.162,52.589,58.910,58.504,57.502,53.782,49.524,48.016,44.446
13.163,11.319,9.017,8.493,10.698,16.865,20.878,30.789,36.984,36.747,35.517,37.172,37.021,39.127,42.774,49.320,52.766,59.108,58.699,57.708,53.980,49.737,48.211,44.595
13.163,11.334,9.020,8.528,10.726,16.884,20.899,30.820,37.029,36.800,35.593,37.262,37.135,39.260,42.906,49.461,52.911,59.272,58.862,57.855,54.140,49.870,48.349,44.719
13.183,11.355,9.058,8.531,10.751,16.915,20.919,30.948,37.109,36.894,35.750,37.406,37.313,39.482,43.127,49.652,53.119,59.494,59.076,58.059,54.413,50.151,48.622,44.889
13.305,11.451,9.107,8.580,10.840,17.030,21.061,31.064,37.284,37.061,35.866,37.539,37.420,39.547,43.225,49.795,53.265,59.653,59.238,58.226,54.513,50.229,48.699,45.026
13.386,11.591,9.165,8.647,10.895,17.166,21.196,31.192,37.522,37.230,35.933,37.603,37.433,39.564,43.248,49.959,53.438,59.892,59.501,58.483,54.680,50.376,48.826,45.216
13.527,11.727,9.240,8.739,11.071,17.330,21.376,31.383,37.676,37.402,36.125,37.784,37.614,39.739,43.441,50.117,53.606,60.050,59.648,58.642,54.856,50.569,49.013,45.358
13.638,11.741,9.264,8.750,11.092,17.397,21.437,31.465,37.756,37.476,36.220,37.885,37.739,39.872,43.559,50.235,53.711,60.154,59.760,58.735,54.980,50.683,49.137,45.491
13.663,11.793,9.266,8.795,11.153,17.433,21.447,31.512,37.895,37.604,36.315,38.012,37.864,39.998,43.710,50.467,53.959,60.456,60.067,59.024,55.210,50.856,49.308,45.696
13.720,11.857,9.278,8.818,11.158,17.475,21.472,31.579,37.974,37.656,36.376,38.069,37.941,40.087,43.793,50.586,54.070,60.591,60.217,59.149,55.366,51.003,49.457,45.839
13.837,11.878,9.348,8.838,11.163,17.580,21.519,31.681,38.045,37.664,36.428,38.084,38.005,40.184,43.860,50.694,54.150,60.698,60.359,59.242,55.577,51.233,49.689,46.029
13.846,11.880,9.373,8.883,11.184,17.620,21.528,31.764,38.211,37.862,36.621,38.330,38.260,40.453,44.158,51.034,54.521,61.116,60.762,59.634,55.905,51.484,49.942,46.292
13.899,11.911,9.405,8.930,11.201,17.660,21.628,31.951,38.432,38.104,36.854,38.576,38.494,40.704,44.448,51.349,54.876,61.513,61.142,60.025,56.251,51.804,50.244,46.542
13.906,11.926,9.429,8.938,11.212,17.759,21.665,32.201,38.713,38.386,37.098,38.815,38.693,40.903,44.691,51.627,55.193,61.865,61.482,60.388,56.554,52.106,50.519,46.777
13.923,11.939,9.474,8.956,11.217,17.769,21.711,32.250,38.823,38.435,37.192,38.926,38.849,41.076,44.873,51.840,55.417,62.120,61.738,60.627,56.787,52.304,50.719,46.968
14.023,11.962,9.542,8.978,11.224,17.775,21.842,32.276,38.867,38.498,37.220,38.954,38.910,41.181,44.943,52.064,55.597,62.393,62.076,60.854,57.133,52.593,51.026,47.296
14.033,11.967,9.592,9.057,11.233,17.816,21.855,32.331,39.012,38.601,37.400,39.186,39.226,41.535,45.301,52.458,56.004,62.850,62.530,61.266,57.551,52.927,51.375,47.640
14.061,11.982,9.627,9.066,11.288,17.885,21.867,32.610,39.303,38.861,37.642,39.399,39.419,41.746,45.546,52.762,56.338,63.238,62.922,61.660,57.942,53.331,51.748,47.937
14.081,12.008,9.632,9.078,11.293,17.904,21.878,32.706,39.415,38.990,37.809,39.583,39.634,41.999,45.811,53.041,56.641,63.580,63.257,61.976,58.277,53.629,52.043,48.173
14.106,12.022,9.667,9.095,11.300,17.937,22.012,32.992,39.726,39.436,38.302,40.148,40.207,42.611,46.474,53.625,57.302,64.255,63.864,62.618,58.835,54.110,52.519,48.563
14.138,12.040,9.686,9.128,11.300,17.965,22.023,33.165,39.997,39.681,38.556,40.433,40.531,42.976,46.866,54.133,57.834,64.887,64.509,63.212,59.425,54.619,53.024,49.040
14.216,12.042,9.687,9.130,11.312,18.096,22.031,33.469,40.203,39.831,38.875,40.693,40.919,43.499,47.360,54.657,58.366,65.511,65.161,63.774,60.252,55.460,53.849,49.610
14.260,12.101,9.689,9.148,11.345,18.110,22.061,33.637,40.416,40.064,39.194,41.057,41.372,44.023,47.883,55.218,58.945,66.162,65.813,64.361,60.902,56.018,54.421,50.118
14.276,12.101,9.715,9.161,11.350,18.164,22.152,34.016,41.078,40.652,39.685,41.616,41.926,44.610,48.570,56.213,60.008,67.447,67.124,65.603,61.999,56.949,55.322,51.039
14.524,12.108,9.785,9.227,11.354,18.271,22.232,34.306,41.444,41.051,40.186,42.199,42.630,45.385,49.327,57.011,60.808,68.315,67.996,66.388,62.845,57.660,56.070,51.778
15.087,12.177,9.803,9.251,11.847,18.890,22.650,34.823,41.891,41.393,40.606,42.544,43.049,45.870,49.772,57.519,61.285,68.847,68.580,66.898,63.561,58.423,56.823,52.411
15.579,12.641,9.832,9.303,12.042,19.563,23.208,35.597,42.641,42.041,41.302,43.159,43.700,46.612,50.541,58.418,62.218,69.913,69.682,67.945,64.751,59.644,57.992,53.359
15.587,12.663,9.873,9.428,12.145,19.873,23.516,36.427,43.513,42.897,42.355,44.234,44.952,48.063,52.021,60.028,63.902,71.813,71.592,69.720,66.733,61.496,59.824,54.878
15.751,13.263,10.394,10.030,12.430,19.944,24.173,38.241,45.849,45.588,45.179,47.418,48.253,51.654,55.952,64.208,68.494,76.897,76.481,74.560,71.178,65.357,63.614,58.222
15.906,13.473,10.418,10.139,12.684,20.216,25.797,41.629,49.335,49.875,49.998,52.567,53.562,57.542,62.336,70.306,75.330,84.221,83.347,81.573,77.928,71.597,69.657,62.887
