-9.445,-16.182,-20.099,-21.545,-20.448,-14.451,-7.341,2.600,-1.949,-6.063,-15.878,-16.163,-18.372,-21.851,-17.734,-8.033,2.330,12.547,20.532,26.776,22.263,20.125,23.356,17.786
-6.871,-13.001,-16.212,-17.585,-17.202,-11.497,-4.148,5.686,1.617,-3.061,-12.399,-13.013,-15.016,-18.085,-14.477,-5.285,4.554,15.432,24.332,29.432,24.759,23.106,25.674,20.074
-4.459,-9.697,-12.562,-13.730,-13.824,-8.414,-0.915,8.125,4.545,-0.293,-8.894,-9.757,-11.578,-14.182,-10.906,-2.623,6.348,17.714,27.074,31.329,26.346,25.200,27.052,21.651
-2.924,-7.996,-10.554,-11.694,-11.885,-6.589,0.926,9.586,6.199,1.342,-6.948,-7.869,-9.608,-12.127,-8.990,-1.036,7.525,19.094,28.217,32.223,27.399,26.408,28.158,22.669
-1.427,-6.275,-8.954,-10.040,-10.275,-5.127,2.147,10.767,7.423,2.678,-5.479,-6.379,-8.094,-10.489,-7.422,0.396,8.900,19.971,29.212,33.081,28.177,27.190,28.791,23.637
-0.295,-5.270,-7.774,-8.919,-9.200,-4.140,2.969,11.819,8.484,3.689,-4.492,-5.374,-7.060,-9.481,-6.528,1.412,9.994,20.786,29.972,33.718,29.034,27.990,29.666,24.522
0.535,-4.346,-7.003,-8.121,-8.380,-3.395,3.530,12.411,9.055,4.370,-3.786,-4.627,-6.318,-8.688,-5.742,2.178,10.802,21.185,30.426,34.169,29.428,28.339,29.966,25.062
1.385,-3.447,-5.963,-7.073,-7.346,-2.412,4.499,13.186,9.911,5.244,-2.766,-3.620,-5.275,-7.625,-4.732,3.041,11.469,21.914,30.961,34.626,29.999,28.964,30.578,25.625
2.065,-2.719,-5.227,-6.331,-6.626,-1.756,5.052,13.750,10.496,5.857,-2.106,-2.951,-4.590,-6.906,-4.059,3.682,12.089,22.341,31.395,34.991,30.390,29.350,30.934,26.078
2.564,-2.153,-4.780,-5.862,-6.141,-1.311,5.388,14.104,10.832,6.265,-1.687,-2.507,-4.153,-6.435,-3.582,4.146,12.587,22.586,31.692,35.298,30.637,29.569,31.116,26.419
3.196,-1.462,-4.050,-5.120,-5.410,-0.633,6.004,14.632,11.401,6.869,-0.996,-1.814,-3.439,-5.691,-2.876,4.766,13.114,23.026,32.059,35.608,30.991,29.943,31.462,26.811
3.892,-0.864,-3.409,-4.507,-4.735,0.021,6.562,15.204,11.955,7.479,-0.388,-1.166,-2.789,-5.090,-2.281,5.402,13.757,23.513,32.336,35.938,31.471,30.368,31.986,27.322
4.154,-0.614,-3.198,-4.292,-4.476,0.297,6.836,15.427,12.162,7.730,-0.137,-0.899,-2.532,-4.849,-2.007,5.668,14.012,23.763,32.506,36.176,31.712,30.595,32.242,27.575
4.521,-0.227,-2.783,-3.875,-4.077,0.672,7.190,15.773,12.526,8.090,0.250,-0.516,-2.139,-4.441,-1.624,6.028,14.347,24.069,32.812,36.440,31.993,30.886,32.517,27.864
4.833,0.208,-2.326,-3.387,-3.632,1.081,7.613,16.062,12.874,8.441,0.705,-0.087,-1.689,-3.933,-1.145,6.375,14.570,24.343,33.117,36.660,32.167,31.122,32.663,28.047
5.503,0.997,-1.591,-2.621,-2.874,1.762,8.168,16.542,13.384,9.030,1.385,0.609,-0.979,-3.163,-0.407,7.016,15.144,24.670,33.440,36.928,32.413,31.375,32.849,28.394
5.791,1.320,-1.319,-2.328,-2.522,2.121,8.520,16.739,13.583,9.311,1.720,0.962,-0.631,-2.816,-0.021,7.321,15.368,24.893,33.523,37.085,32.567,31.532,33.017,28.576
6.090,1.551,-0.991,-2.023,-2.212,2.422,8.812,17.038,13.894,9.605,2.022,1.267,-0.315,-2.529,0.241,7.601,15.627,25.172,33.691,37.241,32.832,31.790,33.328,28.817
6.445,1.886,-0.641,-1.676,-1.827,2.800,9.156,17.319,14.177,9.934,2.380,1.642,0.063,-2.168,0.608,7.944,15.927,25.433,33.815,37.401,33.054,32.000,33.575,29.055
6.713,2.315,-0.244,-1.236,-1.441,3.145,9.503,17.553,14.464,10.230,2.770,2.007,0.443,-1.709,1.042,8.247,16.132,25.637,34.129,37.622,33.173,32.180,33.634,29.205
6.907,2.484,-0.020,-1.020,-1.218,3.370,9.740,17.753,14.677,10.439,2.998,2.234,0.676,-1.490,1.254,8.444,16.291,25.850,34.261,37.755,33.360,32.374,33.852,29.372
7.153,2.809,0.267,-0.710,-0.912,3.651,9.996,17.935,14.877,10.675,3.287,2.522,0.970,-1.161,1.579,8.699,16.492,25.999,34.423,37.896,33.459,32.492,33.921,29.507
7.296,2.936,0.426,-0.558,-0.769,3.793,10.144,18.097,15.044,10.825,3.435,2.666,1.118,-1.018,1.711,8.840,16.632,26.160,34.577,38.036,33.621,32.656,34.094,29.656
7.658,3.332,0.777,-0.189,-0.348,4.197,10.495,18.326,15.277,11.145,3.813,3.068,1.519,-0.613,2.137,9.195,16.919,26.356,34.637,38.147,33.751,32.778,34.226,29.836
7.997,3.775,1.206,0.267,0.077,4.581,10.850,18.605,15.593,11.481,4.222,3.466,1.931,-0.149,2.576,9.544,17.196,26.581,34.907,38.351,33.910,32.971,34.345,30.031
8.265,4.031,1.472,0.528,0.347,4.833,11.059,18.821,15.809,11.714,4.464,3.719,2.188,0.105,2.819,9.790,17.441,26.749,35.032,38.474,34.070,33.118,34.507,30.211
8.473,4.299,1.708,0.781,0.596,5.063,11.267,18.979,15.981,11.912,4.699,3.954,2.426,0.370,3.081,10.003,17.619,26.881,35.178,38.604,34.167,33.227,34.579,30.337
8.665,4.522,1.946,1.030,0.852,5.314,11.528,19.145,16.168,12.121,4.957,4.209,2.688,0.640,3.352,10.211,17.756,27.058,35.292,38.718,34.288,33.370,34.711,30.459
8.805,4.657,2.113,1.194,1.014,5.471,11.687,19.284,16.318,12.267,5.119,4.370,2.854,0.804,3.506,10.352,17.872,27.194,35.391,38.806,34.404,33.492,34.840,30.567
9.041,4.884,2.391,1.465,1.266,5.705,11.905,19.517,16.566,12.498,5.365,4.611,3.105,1.057,3.732,10.577,18.083,27.393,35.579,38.953,34.592,33.684,35.033,30.750
9.235,5.044,2.588,1.647,1.443,5.867,12.036,19.699,16.747,12.668,5.524,4.775,3.274,1.216,3.870,10.746,18.274,27.532,35.702,39.056,34.744,33.822,35.193,30.905
9.489,5.190,2.767,1.795,1.635,6.060,12.174,19.904,16.923,12.864,5.679,4.959,3.453,1.345,4.001,10.954,18.532,27.695,35.736,39.144,34.943,33.968,35.431,31.111
9.786,5.543,3.141,2.189,2.049,6.453,12.554,20.116,17.172,13.167,6.077,5.360,3.867,1.775,4.428,11.267,18.717,27.896,35.801,39.208,35.037,34.091,35.541,31.223
10.001,5.826,3.403,2.465,2.289,6.658,12.725,20.299,17.373,13.365,6.301,5.575,4.090,2.039,4.667,11.476,18.921,28.019,36.020,39.364,35.146,34.215,35.605,31.364
10.055,5.861,3.483,2.537,2.344,6.719,12.815,20.405,17.486,13.445,6.376,5.639,4.158,2.101,4.717,11.537,18.980,28.145,36.155,39.477,35.277,34.356,35.750,31.466
10.105,5.902,3.574,2.622,2.406,6.784,12.908,20.504,17.600,13.524,6.459,5.708,4.234,2.176,4.776,11.596,19.025,28.261,36.282,39.573,35.389,34.483,35.875,31.550
10.420,6.247,3.940,2.996,2.790,7.139,13.226,20.740,17.859,13.820,6.815,6.071,4.607,2.561,5.148,11.906,19.264,28.452,36.385,39.663,35.516,34.620,36.007,31.702
10.551,6.375,4.092,3.146,2.940,7.287,13.378,20.870,17.998,13.958,6.967,6.221,4.762,2.714,5.294,12.039,19.375,28.584,36.486,39.757,35.631,34.741,36.132,31.810
10.635,6.446,4.181,3.233,3.035,7.391,13.499,20.963,18.095,14.055,7.070,6.324,4.865,2.808,5.394,12.130,19.447,28.700,36.561,39.845,35.736,34.850,36.254,31.901
10.739,6.589,4.319,3.379,3.155,7.496,13.599,21.069,18.213,14.162,7.191,6.436,4.981,2.948,5.518,12.237,19.547,28.785,36.710,39.953,35.814,34.941,36.309,31.987
10.925,6.766,4.523,3.579,3.359,7.687,13.770,21.228,18.379,14.336,7.381,6.630,5.181,3.144,5.703,12.414,19.705,28.919,36.796,40.032,35.930,35.055,36.435,32.109
11.059,6.944,4.710,3.775,3.528,7.838,13.917,21.360,18.531,14.478,7.551,6.789,5.348,3.336,5.877,12.553,19.819,29.029,36.949,40.139,36.017,35.161,36.503,32.201
11.161,7.061,4.808,3.876,3.617,7.914,13.969,21.447,18.615,14.561,7.628,6.867,5.426,3.426,5.957,12.645,19.933,29.084,37.054,40.225,36.085,35.225,36.550,32.287
11.345,7.287,5.065,4.144,3.876,8.155,14.211,21.602,18.802,14.759,7.886,7.117,5.688,3.706,6.223,12.841,20.052,29.228,37.154,40.295,36.167,35.333,36.636,32.371
11.466,7.456,5.202,4.294,4.020,8.290,14.340,21.702,18.908,14.880,8.026,7.255,5.827,3.866,6.385,12.970,20.163,29.319,37.280,40.409,36.240,35.418,36.687,32.462
11.593,7.625,5.370,4.473,4.184,8.444,14.497,21.824,19.047,15.019,8.194,7.414,5.991,4.051,6.561,13.108,20.269,29.437,37.419,40.522,36.331,35.527,36.765,32.557
11.747,7.768,5.494,4.598,4.333,8.597,14.638,21.948,19.162,15.158,8.331,7.562,6.135,4.186,6.709,13.257,20.419,29.561,37.500,40.636,36.453,35.638,36.894,32.691
11.906,7.937,5.684,4.788,4.510,8.757,14.781,22.092,19.317,15.310,8.499,7.728,6.308,4.367,6.873,13.410,20.557,29.675,37.614,40.721,36.553,35.743,36.990,32.797
12.026,8.071,5.810,4.917,4.637,8.877,14.890,22.194,19.422,15.422,8.620,7.850,6.431,4.497,7.000,13.527,20.670,29.763,37.707,40.807,36.634,35.824,37.062,32.888
12.115,8.134,5.891,4.991,4.718,8.965,14.984,22.294,19.519,15.514,8.704,7.936,6.516,4.569,7.074,13.615,20.761,29.873,37.788,40.900,36.750,35.935,37.193,32.993
12.308,8.318,6.134,5.228,4.948,9.184,15.206,22.487,19.731,15.717,8.935,8.161,6.752,4.802,7.288,13.807,20.912,30.057,37.917,41.004,36.902,36.099,37.366,33.132
12.426,8.454,6.242,5.344,5.073,9.304,15.309,22.569,19.811,15.820,9.048,8.280,6.869,4.926,7.419,13.923,21.021,30.127,37.981,41.079,36.963,36.157,37.417,33.211
12.545,8.561,6.358,5.458,5.205,9.440,15.444,22.672,19.915,15.939,9.176,8.414,7.003,5.049,7.549,14.043,21.120,30.237,38.031,41.149,37.058,36.250,37.528,33.305
12.644,8.654,6.448,5.550,5.318,9.561,15.571,22.755,19.996,16.041,9.288,8.532,7.119,5.156,7.669,14.148,21.203,30.339,38.071,41.219,37.142,36.333,37.627,33.388
12.817,8.864,6.679,5.786,5.516,9.737,15.742,22.938,20.201,16.220,9.488,8.718,7.315,5.378,7.862,14.321,21.364,30.491,38.292,41.377,37.282,36.492,37.746,33.530
12.891,8.959,6.772,5.883,5.590,9.810,15.829,23.043,20.311,16.309,9.575,8.794,7.392,5.469,7.946,14.403,21.452,30.601,38.465,41.523,37.399,36.620,37.849,33.640
12.982,9.079,6.872,5.992,5.690,9.905,15.922,23.128,20.400,16.401,9.675,8.891,7.489,5.581,8.057,14.499,21.544,30.681,38.582,41.629,37.474,36.703,37.908,33.725
13.101,9.180,6.949,6.064,5.773,9.992,15.996,23.240,20.494,16.502,9.749,8.973,7.566,5.649,8.134,14.607,21.689,30.786,38.699,41.766,37.607,36.818,38.036,33.867
13.289,9.363,7.134,6.249,5.977,10.191,16.176,23.387,20.642,16.675,9.938,9.171,7.765,5.842,8.330,14.789,21.850,30.920,38.767,41.852,37.720,36.925,38.159,33.991
13.397,9.520,7.272,6.401,6.116,10.318,16.298,23.477,20.745,16.786,10.075,9.303,7.900,6.000,8.484,14.905,21.941,30.998,38.879,41.941,37.775,36.996,38.193,34.061
13.534,9.665,7.419,6.548,6.254,10.445,16.409,23.603,20.874,16.913,10.205,9.433,8.032,6.139,8.613,15.036,22.076,31.100,38.999,42.045,37.878,37.098,38.287,34.173
13.678,9.785,7.581,6.703,6.417,10.611,16.588,23.753,21.032,17.068,10.373,9.600,8.204,6.298,8.768,15.182,22.193,31.263,39.096,42.145,38.022,37.246,38.458,34.299
13.782,9.898,7.722,6.847,6.557,10.756,16.762,23.878,21.173,17.202,10.529,9.748,8.356,6.451,8.920,15.304,22.274,31.418,39.223,42.266,38.149,37.392,38.599,34.408
13.894,10.025,7.857,6.986,6.689,10.883,16.891,23.988,21.293,17.320,10.663,9.878,8.489,6.592,9.055,15.420,22.371,31.525,39.330,42.359,38.241,37.493,38.689,34.499
14.012,10.179,7.974,7.110,6.794,10.970,16.948,24.085,21.387,17.415,10.754,9.968,8.580,6.705,9.159,15.528,22.507,31.579,39.469,42.470,38.310,37.559,38.721,34.595
14.159,10.355,8.125,7.273,6.972,11.140,17.101,24.183,21.490,17.551,10.918,10.138,8.750,6.884,9.345,15.677,22.624,31.666,39.522,42.536,38.367,37.619,38.773,34.673
14.360,10.566,8.376,7.519,7.179,11.323,17.266,24.395,21.718,17.747,11.121,10.331,8.953,7.103,9.529,15.866,22.819,31.832,39.744,42.693,38.535,37.795,38.927,34.841
14.492,10.692,8.484,7.625,7.290,11.428,17.345,24.505,21.817,17.856,11.216,10.434,9.053,7.203,9.628,15.985,22.963,31.916,39.836,42.790,38.634,37.880,39.017,34.956
14.645,10.877,8.653,7.803,7.463,11.590,17.496,24.635,21.955,18.004,11.383,10.599,9.220,7.385,9.808,16.140,23.103,32.031,39.970,42.912,38.734,37.987,39.102,35.071
14.802,11.055,8.768,7.929,7.614,11.741,17.623,24.738,22.044,18.135,11.515,10.745,9.359,7.528,9.972,16.293,23.261,32.125,40.052,43.031,38.825,38.067,39.178,35.193
14.895,11.153,8.853,8.017,7.709,11.838,17.720,24.824,22.127,18.227,11.608,10.840,9.452,7.622,10.072,16.388,23.354,32.215,40.137,43.127,38.914,38.154,39.265,35.285
15.049,11.372,9.088,8.270,7.949,12.066,17.968,24.965,22.303,18.412,11.859,11.078,9.701,7.896,10.339,16.569,23.447,32.368,40.269,43.229,38.997,38.275,39.346,35.368
15.148,11.481,9.148,8.336,8.024,12.142,18.026,25.041,22.364,18.491,11.923,11.149,9.765,7.965,10.420,16.662,23.567,32.434,40.364,43.343,39.081,38.347,39.412,35.472
15.375,11.757,9.383,8.583,8.261,12.351,18.184,25.206,22.532,18.681,12.131,11.362,9.981,8.208,10.651,16.875,23.783,32.535,40.514,43.467,39.174,38.437,39.467,35.608
15.546,12.050,9.603,8.838,8.484,12.547,18.368,25.343,22.689,18.855,12.349,11.568,10.190,8.476,10.914,17.065,23.942,32.645,40.747,43.653,39.250,38.544,39.481,35.724
15.692,12.199,9.682,8.923,8.611,12.675,18.456,25.414,22.737,18.959,12.446,11.687,10.299,8.579,11.045,17.198,24.092,32.698,40.761,43.725,39.309,38.577,39.529,35.822
15.828,12.350,9.796,9.046,8.761,12.828,18.597,25.505,22.822,19.083,12.584,11.836,10.443,8.723,11.208,17.337,24.211,32.792,40.809,43.810,39.384,38.648,39.603,35.916
16.051,12.627,10.027,9.292,8.997,13.039,18.762,25.668,22.989,19.274,12.794,12.051,10.659,8.967,11.445,17.550,24.423,32.901,40.966,43.946,39.481,38.744,39.662,36.055
16.146,12.730,10.090,9.360,9.075,13.119,18.833,25.748,23.057,19.356,12.865,12.127,10.730,9.040,11.531,17.643,24.536,32.979,41.064,44.062,39.572,38.827,39.741,36.161
16.354,12.888,10.300,9.547,9.227,13.262,18.965,26.008,23.312,19.554,13.019,12.274,10.881,9.182,11.640,17.826,24.786,33.205,41.360,44.310,39.852,39.094,40.021,36.423
16.532,13.110,10.558,9.814,9.466,13.486,19.205,26.196,23.531,19.759,13.270,12.509,11.127,9.452,11.888,18.020,24.922,33.390,41.556,44.455,39.992,39.266,40.157,36.554
16.691,13.275,10.754,10.017,9.698,13.733,19.492,26.346,23.701,19.956,13.517,12.755,11.378,9.692,12.146,18.208,25.016,33.597,41.630,44.564,40.133,39.429,40.337,36.674
16.881,13.495,11.020,10.291,9.955,13.986,19.777,26.555,23.942,20.185,13.793,13.016,11.650,9.977,12.417,18.421,25.159,33.828,41.835,44.736,40.312,39.642,40.529,36.833
17.167,13.786,11.274,10.545,10.217,14.227,19.959,26.777,24.151,20.420,14.019,13.257,11.888,10.221,12.657,18.680,25.450,33.988,42.009,44.912,40.487,39.793,40.680,37.047
17.380,14.014,11.448,10.724,10.405,14.398,20.075,26.926,24.285,20.584,14.174,13.426,12.052,10.394,12.833,18.870,25.674,34.083,42.131,45.043,40.598,39.883,40.763,37.201
17.807,14.529,11.915,11.214,10.884,14.828,20.426,27.239,24.615,20.961,14.606,13.865,12.500,10.887,13.306,19.281,26.051,34.298,42.375,45.245,40.768,40.059,40.884,37.438
18.039,14.768,12.178,11.477,11.139,15.073,20.666,27.465,24.853,21.195,14.859,14.114,12.755,11.147,13.554,19.512,26.260,34.511,42.575,45.425,40.963,40.262,41.082,37.631
18.158,14.915,12.321,11.627,11.271,15.203,20.814,27.606,25.003,21.332,15.003,14.248,12.891,11.298,13.701,19.643,26.383,34.662,42.775,45.603,41.109,40.423,41.215,37.773
18.481,15.174,12.576,11.862,11.526,15.450,20.997,27.884,25.252,21.593,15.221,14.489,13.126,11.508,13.906,19.922,26.732,34.880,42.963,45.814,41.374,40.642,41.484,38.061
18.701,15.357,12.680,11.961,11.663,15.600,21.110,28.068,25.391,21.763,15.332,14.624,13.244,11.605,14.034,20.117,27.011,35.050,43.143,46.062,41.605,40.829,41.704,38.322
18.912,15.465,12.918,12.161,11.829,15.788,21.358,28.416,25.743,22.022,15.542,14.815,13.441,11.764,14.164,20.326,27.258,35.442,43.537,46.417,42.043,41.268,42.192,38.681
19.387,16.028,13.426,12.690,12.338,16.239,21.712,28.770,26.110,22.430,15.995,15.277,13.911,12.284,14.656,20.773,27.694,35.672,43.831,46.657,42.244,41.468,42.331,38.959
19.684,16.360,13.690,12.968,12.633,16.536,21.999,29.033,26.362,22.715,16.281,15.569,14.196,12.580,14.975,21.075,28.002,35.938,44.120,46.974,42.510,41.730,42.574,39.251
19.891,16.570,13.987,13.263,12.890,16.811,22.364,29.354,26.717,23.007,16.596,15.853,14.491,12.877,15.255,21.323,28.192,36.336,44.528,47.336,42.880,42.145,42.974,39.553
20.258,17.031,14.274,13.580,13.207,17.101,22.566,29.618,26.948,23.296,16.863,16.138,14.761,13.194,15.591,21.667,28.616,36.515,44.875,47.692,43.100,42.339,43.098,39.868
20.643,17.355,14.758,14.039,13.615,17.537,23.119,30.181,27.546,23.785,17.348,16.583,15.221,13.633,15.997,22.086,29.000,37.172,45.529,48.282,43.754,43.036,43.813,40.415
21.021,17.788,15.095,14.388,13.897,17.842,23.481,30.698,28.037,24.200,17.680,16.886,15.509,13.958,16.331,22.487,29.527,37.734,46.420,49.128,44.423,43.715,44.405,41.071
21.864,18.252,15.877,15.042,14.525,18.507,24.172,31.766,29.065,25.042,18.339,17.545,16.175,14.477,16.775,23.242,30.477,38.799,47.367,50.045,45.668,44.880,45.797,42.167
22.850,19.364,16.230,15.434,14.829,18.861,24.380,32.869,29.886,25.807,18.603,17.840,16.349,14.753,17.173,24.134,32.195,39.782,49.610,52.357,47.267,46.293,46.989,43.979
