5.267,0.995,0.602,0.732,3.031,7.588,19.320,29.694,37.268,37.309,37.521,36.018,31.783,32.234,33.894,33.696,31.722,32.265,35.969,43.770,41.173,38.293,31.114,22.473
12.849,9.318,9.029,9.230,10.765,14.939,24.352,32.729,39.116,39.329,39.427,38.415,34.963,35.593,36.942,36.817,34.825,34.978,38.086,44.130,42.624,40.654,34.300,27.801
16.489,13.224,13.004,12.980,14.138,18.431,27.194,34.781,40.228,40.566,40.524,39.691,36.715,36.636,37.199,37.128,35.816,36.777,40.099,45.344,43.476,41.371,36.005,29.879
19.476,16.516,16.354,16.254,17.032,21.301,29.154,35.879,40.507,41.031,40.895,40.201,37.734,37.373,37.374,37.375,36.434,37.676,40.971,45.345,43.507,41.636,37.007,31.596
20.726,17.933,17.773,17.697,18.411,22.461,29.756,36.115,40.597,41.059,40.921,40.283,37.873,37.442,37.472,37.449,36.463,37.767,41.002,45.472,43.513,41.703,37.215,32.033
21.552,18.848,18.705,18.601,19.217,23.246,30.307,36.416,40.607,41.142,40.982,40.361,38.139,37.641,37.475,37.484,36.655,38.017,41.214,45.542,43.700,41.728,37.472,32.502
22.053,19.391,19.233,19.163,19.863,23.698,30.633,36.713,40.877,41.390,41.265,40.561,38.359,37.913,37.792,37.812,36.974,38.266,41.379,45.583,43.700,41.931,37.749,32.748
22.634,20.018,19.865,19.783,20.428,24.259,31.024,36.984,40.998,41.559,41.418,40.699,38.595,38.044,37.808,37.813,37.064,38.482,41.648,45.676,43.797,42.037,37.997,33.042
23.013,20.445,20.307,20.185,20.804,24.601,31.343,37.164,41.100,41.597,41.447,40.827,38.726,38.179,37.979,37.986,37.278,38.661,41.722,45.687,43.822,42.039,38.103,33.288
23.267,20.727,20.598,20.454,21.056,24.833,31.564,37.302,41.195,41.651,41.497,40.940,38.837,38.298,38.138,38.137,37.447,38.801,41.793,45.703,43.870,42.075,38.198,33.471
23.572,21.068,20.953,20.778,21.333,25.118,31.817,37.434,41.260,41.682,41.513,41.046,38.954,38.413,38.272,38.264,37.600,38.936,41.864,45.705,43.893,42.094,38.289,33.698
23.846,21.370,21.261,21.075,21.631,25.370,32.045,37.593,41.392,41.775,41.610,41.184,39.088,38.576,38.488,38.472,37.809,39.094,41.947,45.721,43.979,42.183,38.417,33.901
24.264,21.818,21.727,21.493,21.969,25.777,32.421,37.847,41.536,41.915,41.720,41.381,39.325,38.732,38.568,38.555,37.971,39.341,42.203,45.860,44.100,42.271,38.620,34.212
24.477,22.037,21.945,21.711,22.188,25.985,32.608,38.023,41.693,42.077,41.882,41.535,39.490,38.884,38.705,38.693,38.122,39.507,42.374,46.025,44.251,42.420,38.790,34.378
24.743,22.317,22.231,21.979,22.429,26.243,32.837,38.204,41.818,42.208,42.002,41.672,39.655,39.001,38.772,38.763,38.237,39.676,42.558,46.168,44.364,42.517,38.948,34.560
24.920,22.505,22.419,22.171,22.614,26.415,32.965,38.307,41.899,42.297,42.091,41.756,39.755,39.098,38.854,38.847,38.326,39.769,42.650,46.217,44.439,42.606,39.054,34.684
25.125,22.732,22.648,22.408,22.824,26.617,33.077,38.360,41.913,42.329,42.119,41.788,39.820,39.164,38.895,38.893,38.370,39.808,42.685,46.239,44.449,42.653,39.122,34.814
25.277,22.892,22.806,22.570,22.987,26.764,33.187,38.460,41.992,42.420,42.211,41.860,39.911,39.241,38.947,38.949,38.437,39.895,42.782,46.308,44.524,42.734,39.222,34.905
25.402,23.029,22.950,22.701,23.109,26.880,33.327,38.555,42.091,42.476,42.266,41.978,40.004,39.375,39.151,39.143,38.614,40.007,42.824,46.320,44.596,42.805,39.297,35.060
25.513,23.146,23.065,22.820,23.234,26.986,33.406,38.628,42.152,42.544,42.336,42.031,40.068,39.434,39.198,39.191,38.668,40.070,42.891,46.385,44.651,42.866,39.370,35.125
25.663,23.294,23.208,22.979,23.396,27.141,33.523,38.760,42.285,42.702,42.498,42.157,40.210,39.572,39.307,39.307,38.777,40.191,43.040,46.542,44.799,43.034,39.526,35.255
25.745,23.382,23.297,23.067,23.491,27.217,33.599,38.824,42.352,42.754,42.552,42.223,40.269,39.650,39.417,39.413,38.873,40.258,43.077,46.575,44.853,43.091,39.583,35.333
25.900,23.545,23.463,23.230,23.647,27.370,33.755,38.955,42.488,42.872,42.671,42.370,40.405,39.813,39.615,39.607,39.052,40.398,43.181,46.661,44.979,43.225,39.711,35.507
26.022,23.667,23.586,23.348,23.763,27.489,33.882,39.076,42.604,42.985,42.781,42.488,40.523,39.923,39.724,39.715,39.168,40.521,43.303,46.779,45.091,43.330,39.825,35.624
26.158,23.817,23.741,23.488,23.886,27.617,33.995,39.148,42.638,43.011,42.802,42.532,40.579,39.957,39.743,39.733,39.214,40.587,43.361,46.805,45.109,43.334,39.874,35.704
26.300,23.966,23.891,23.643,24.025,27.760,34.096,39.228,42.699,43.088,42.876,42.602,40.667,40.039,39.799,39.794,39.276,40.659,43.445,46.864,45.175,43.418,39.965,35.815
26.457,24.129,24.055,23.813,24.184,27.919,34.222,39.335,42.802,43.198,42.984,42.715,40.788,40.172,39.931,39.927,39.397,40.765,43.545,46.943,45.280,43.545,40.086,35.967
26.544,24.217,24.141,23.901,24.285,28.001,34.301,39.420,42.887,43.281,43.071,42.788,40.862,40.246,40.008,40.003,39.476,40.845,43.623,47.033,45.359,43.621,40.167,36.030
26.687,24.366,24.294,24.043,24.415,28.142,34.457,39.551,43.012,43.390,43.176,42.927,40.994,40.383,40.162,40.155,39.629,40.985,43.741,47.125,45.475,43.731,40.286,36.187
26.798,24.488,24.415,24.176,24.549,28.248,34.519,39.591,43.051,43.428,43.219,42.967,41.039,40.456,40.256,40.248,39.701,41.020,43.751,47.130,45.506,43.790,40.339,36.271
26.902,24.587,24.512,24.276,24.651,28.356,34.629,39.719,43.181,43.569,43.360,43.093,41.168,40.575,40.337,40.336,39.809,41.145,43.897,47.282,45.645,43.927,40.472,36.380
27.018,24.710,24.635,24.396,24.766,28.467,34.706,39.779,43.209,43.610,43.399,43.118,41.216,40.593,40.357,40.352,39.817,41.191,43.961,47.334,45.669,43.948,40.525,36.425
27.142,24.841,24.774,24.516,24.874,28.584,34.862,39.900,43.326,43.692,43.475,43.252,41.330,40.722,40.510,40.500,39.984,41.327,44.051,47.399,45.765,44.026,40.619,36.575
27.246,24.953,24.887,24.627,24.973,28.685,34.936,39.951,43.357,43.727,43.508,43.289,41.380,40.763,40.535,40.527,40.019,41.372,44.098,47.424,45.792,44.059,40.668,36.644
27.327,25.036,24.966,24.717,25.073,28.766,34.991,40.013,43.420,43.802,43.587,43.343,41.442,40.828,40.593,40.588,40.074,41.427,44.159,47.494,45.857,44.137,40.741,36.701
27.427,25.136,25.066,24.816,25.172,28.865,35.090,40.113,43.516,43.890,43.678,43.433,41.537,40.918,40.678,40.673,40.165,41.525,44.250,47.580,45.934,44.209,40.838,36.793
27.494,25.213,25.144,24.892,25.256,28.920,35.128,40.131,43.519,43.898,43.682,43.437,41.538,40.920,40.692,40.684,40.183,41.535,44.260,47.596,45.951,44.227,40.842,36.805
27.611,25.337,25.273,25.007,25.355,29.035,35.257,40.229,43.606,43.960,43.742,43.537,41.635,41.020,40.798,40.792,40.300,41.642,44.334,47.638,46.012,44.278,40.925,36.933
27.752,25.490,25.426,25.163,25.497,29.172,35.339,40.282,43.624,43.996,43.775,43.559,41.684,41.050,40.806,40.796,40.312,41.679,44.386,47.662,46.027,44.305,40.981,37.001
27.884,25.631,25.568,25.303,25.622,29.302,35.433,40.352,43.663,44.049,43.824,43.605,41.752,41.093,40.806,40.804,40.342,41.739,44.462,47.714,46.066,44.348,41.050,37.081
28.009,25.764,25.706,25.428,25.734,29.421,35.555,40.442,43.733,44.106,43.876,43.685,41.833,41.166,40.881,40.877,40.430,41.831,44.539,47.766,46.122,44.393,41.121,37.185
28.082,25.844,25.788,25.504,25.811,29.488,35.621,40.491,43.773,44.134,43.904,43.726,41.872,41.209,40.936,40.929,40.487,41.879,44.569,47.788,46.149,44.416,41.158,37.238
28.179,25.949,25.893,25.613,25.912,29.583,35.685,40.537,43.808,44.175,43.944,43.767,41.923,41.264,40.988,40.983,40.536,41.921,44.606,47.798,46.176,44.463,41.210,37.313
28.277,26.058,26.004,25.722,26.013,29.674,35.745,40.566,43.813,44.180,43.948,43.776,41.945,41.280,40.994,40.989,40.552,41.943,44.620,47.806,46.182,44.464,41.234,37.359
28.370,26.153,26.101,25.817,26.102,29.768,35.848,40.658,43.912,44.268,44.035,43.884,42.044,41.396,41.133,41.126,40.677,42.042,44.700,47.867,46.272,44.563,41.325,37.479
28.491,26.279,26.233,25.936,26.202,29.887,35.983,40.762,44.008,44.348,44.109,43.999,42.152,41.508,41.260,41.250,40.803,42.157,44.793,47.932,46.361,44.646,41.418,37.619
28.599,26.395,26.354,26.041,26.301,29.987,36.096,40.848,44.076,44.399,44.156,44.073,42.223,41.572,41.333,41.319,40.890,42.245,44.862,47.984,46.412,44.680,41.480,37.705
28.681,26.477,26.437,26.120,26.387,30.065,36.194,40.944,44.179,44.485,44.244,44.175,42.312,41.673,41.461,41.443,41.011,42.347,44.942,48.068,46.505,44.765,41.565,37.799
28.729,26.528,26.487,26.171,26.442,30.111,36.243,40.992,44.230,44.530,44.290,44.223,42.356,41.725,41.526,41.506,41.070,42.395,44.979,48.108,46.550,44.811,41.610,37.846
28.825,26.629,26.591,26.266,26.525,30.205,36.329,41.058,44.275,44.576,44.331,44.276,42.417,41.768,41.552,41.533,41.113,42.459,45.047,48.158,46.591,44.844,41.666,37.916
28.913,26.724,26.690,26.357,26.608,30.287,36.409,41.111,44.315,44.604,44.357,44.325,42.466,41.820,41.615,41.594,41.179,42.514,45.081,48.172,46.620,44.871,41.708,37.990
28.987,26.799,26.767,26.430,26.691,30.358,36.518,41.217,44.448,44.706,44.463,44.460,42.572,41.965,41.823,41.793,41.356,42.636,45.157,48.253,46.739,44.988,41.806,38.116
29.055,26.863,26.826,26.495,26.781,30.420,36.584,41.309,44.544,44.802,44.566,44.533,42.644,42.032,41.889,41.860,41.429,42.720,45.245,48.374,46.829,45.067,41.891,38.153
29.153,26.964,26.928,26.594,26.871,30.517,36.660,41.375,44.587,44.857,44.618,44.577,42.706,42.067,41.890,41.864,41.453,42.776,45.323,48.440,46.873,45.108,41.954,38.210
29.221,27.031,26.992,26.663,26.950,30.585,36.731,41.456,44.678,44.947,44.711,44.662,42.786,42.157,41.990,41.963,41.544,42.858,45.400,48.529,46.964,45.202,42.038,38.284
29.331,27.146,27.110,26.773,27.050,30.691,36.831,41.535,44.739,45.005,44.765,44.729,42.859,42.218,42.042,42.015,41.610,42.935,45.475,48.587,47.018,45.249,42.107,38.369
29.416,27.227,27.193,26.850,27.136,30.775,36.958,41.672,44.896,45.140,44.902,44.885,42.992,42.370,42.233,42.201,41.786,43.083,45.598,48.723,47.168,45.388,42.233,38.500
29.535,27.345,27.311,26.973,27.250,30.898,37.065,41.777,45.000,45.256,45.016,44.995,43.109,42.487,42.338,42.309,41.888,43.188,45.713,48.830,47.282,45.514,42.350,38.625
29.621,27.434,27.400,27.065,27.336,30.987,37.142,41.847,45.074,45.331,45.091,45.075,43.190,42.578,42.434,42.405,41.973,43.260,45.781,48.887,47.358,45.603,42.430,38.722
29.725,27.544,27.508,27.180,27.447,31.090,37.202,41.896,45.104,45.379,45.139,45.104,43.239,42.615,42.442,42.417,41.992,43.297,45.834,48.930,47.391,45.648,42.487,38.777
29.810,27.627,27.589,27.268,27.539,31.178,37.276,41.981,45.193,45.479,45.241,45.187,43.329,42.704,42.519,42.497,42.067,43.378,45.928,49.031,47.487,45.753,42.584,38.857
29.909,27.722,27.683,27.367,27.639,31.280,37.386,42.100,45.327,45.613,45.376,45.323,43.457,42.846,42.673,42.651,42.208,43.502,46.049,49.158,47.627,45.900,42.712,38.987
30.058,27.882,27.844,27.527,27.781,31.427,37.486,42.171,45.364,45.665,45.423,45.368,43.527,42.895,42.686,42.667,42.240,43.560,46.122,49.200,47.663,45.944,42.783,39.077
30.136,27.959,27.916,27.614,27.889,31.504,37.553,42.255,45.472,45.771,45.538,45.463,43.614,43.012,42.830,42.811,42.359,43.644,46.191,49.289,47.770,46.068,42.882,39.164
30.234,28.058,28.020,27.706,27.978,31.598,37.673,42.362,45.576,45.857,45.622,45.572,43.713,43.112,42.948,42.924,42.479,43.758,46.285,49.378,47.863,46.146,42.971,39.271
30.321,28.151,28.111,27.805,28.074,31.686,37.728,42.409,45.620,45.911,45.677,45.618,43.769,43.174,43.005,42.984,42.529,43.800,46.329,49.412,47.910,46.212,43.032,39.342
30.404,28.232,28.190,27.892,28.168,31.769,37.801,42.492,45.709,46.006,45.775,45.700,43.853,43.264,43.094,43.075,42.613,43.880,46.412,49.504,48.002,46.312,43.123,39.420
30.558,28.385,28.339,28.046,28.323,31.925,37.937,42.638,45.843,46.159,45.928,45.828,43.996,43.385,43.180,43.165,42.715,44.015,46.577,49.675,48.144,46.455,43.274,39.543
30.671,28.499,28.451,28.171,28.457,32.040,38.039,42.744,45.973,46.285,46.061,45.956,44.116,43.543,43.371,43.354,42.873,44.126,46.666,49.768,48.275,46.610,43.399,39.683
30.837,28.665,28.619,28.338,28.608,32.210,38.192,42.890,46.105,46.432,46.202,46.096,44.269,43.678,43.475,43.462,42.990,44.267,46.830,49.917,48.417,46.755,43.551,39.839
30.990,28.828,28.787,28.499,28.747,32.362,38.336,42.994,46.200,46.516,46.281,46.213,44.385,43.808,43.621,43.606,43.126,44.380,46.917,49.967,48.506,46.854,43.653,40.004
31.175,29.017,28.981,28.684,28.909,32.550,38.520,43.153,46.342,46.661,46.418,46.373,44.552,43.963,43.762,43.748,43.276,44.542,47.083,50.104,48.651,46.998,43.810,40.192
31.347,29.195,29.164,28.858,29.060,32.722,38.684,43.286,46.457,46.774,46.523,46.506,44.691,44.095,43.885,43.871,43.408,44.678,47.215,50.203,48.764,47.112,43.938,40.361
31.479,29.327,29.296,28.989,29.199,32.851,38.832,43.435,46.619,46.921,46.673,46.666,44.837,44.260,44.080,44.063,43.589,44.833,47.347,50.342,48.919,47.264,44.082,40.513
31.563,29.416,29.385,29.075,29.287,32.931,38.903,43.500,46.670,46.971,46.724,46.714,44.890,44.302,44.115,44.098,43.636,44.892,47.406,50.400,48.962,47.302,44.137,40.563
31.775,29.614,29.579,29.280,29.495,33.155,39.127,43.762,46.947,47.274,47.027,46.984,45.166,44.567,44.348,44.336,43.870,45.151,47.708,50.724,49.265,47.610,44.421,40.803
31.958,29.803,29.768,29.467,29.674,33.336,39.284,43.905,47.069,47.404,47.155,47.108,45.305,44.688,44.445,44.435,43.983,45.286,47.854,50.856,49.385,47.731,44.562,40.946
32.127,29.984,29.955,29.643,29.840,33.497,39.458,44.036,47.199,47.503,47.251,47.255,45.436,44.848,44.656,44.639,44.176,45.431,47.944,50.916,49.494,47.840,44.678,41.130
32.266,30.122,30.095,29.779,29.978,33.635,39.618,44.195,47.368,47.658,47.407,47.427,45.595,45.022,44.855,44.835,44.364,45.598,48.092,51.065,49.658,48.001,44.831,41.298
32.382,30.236,30.212,29.892,30.087,33.752,39.764,44.334,47.527,47.798,47.546,47.597,45.745,45.200,45.075,45.050,44.559,45.753,48.216,51.183,49.815,48.159,44.969,41.470
32.490,30.343,30.310,30.009,30.241,33.854,39.840,44.444,47.648,47.928,47.690,47.685,45.838,45.299,45.173,45.149,44.653,45.847,48.318,51.327,49.931,48.283,45.088,41.527
32.643,30.493,30.458,30.159,30.398,34.008,39.996,44.612,47.820,48.103,47.866,47.850,46.003,45.461,45.332,45.309,44.814,46.013,48.491,51.511,50.104,48.455,45.257,41.678
32.790,30.643,30.612,30.299,30.534,34.148,40.162,44.762,47.957,48.223,47.982,47.991,46.138,45.586,45.465,45.439,44.961,46.166,48.629,51.642,50.227,48.556,45.382,41.816
32.971,30.822,30.792,30.475,30.703,34.333,40.340,44.943,48.123,48.403,48.159,48.159,46.318,45.739,45.583,45.560,45.100,46.341,48.832,51.841,50.401,48.723,45.562,41.981
33.178,31.032,31.006,30.679,30.889,34.539,40.546,45.127,48.290,48.569,48.318,48.339,46.503,45.911,45.742,45.719,45.272,46.527,49.020,52.007,50.567,48.882,45.738,42.181
33.371,31.238,31.214,30.893,31.083,34.732,40.701,45.243,48.401,48.678,48.425,48.469,46.638,46.073,45.920,45.898,45.428,46.646,49.114,52.062,50.676,49.021,45.869,42.376
33.602,31.474,31.453,31.133,31.300,34.970,40.916,45.435,48.587,48.873,48.614,48.674,46.851,46.291,46.132,46.111,45.632,46.842,49.311,52.228,50.871,49.235,46.075,42.623
33.852,31.722,31.702,31.385,31.545,35.225,41.172,45.691,48.854,49.141,48.881,48.949,47.122,46.576,46.425,46.404,45.910,47.104,49.570,52.481,51.146,49.521,46.342,42.907
33.999,31.864,31.842,31.526,31.722,35.364,41.364,45.906,49.112,49.361,49.113,49.190,47.325,46.826,46.755,46.725,46.204,47.334,49.745,52.694,51.384,49.750,46.545,43.102
34.358,32.220,32.198,31.873,32.079,35.718,41.739,46.293,49.486,49.732,49.484,49.551,47.687,47.159,47.071,47.040,46.548,47.714,50.140,53.107,51.750,50.088,46.910,43.428
34.561,32.415,32.387,32.073,32.307,35.920,41.956,46.545,49.766,50.009,49.770,49.812,47.936,47.427,47.362,47.330,46.821,47.967,50.387,53.391,52.032,50.371,47.169,43.650
34.859,32.713,32.678,32.385,32.626,36.222,42.198,46.806,50.021,50.299,50.065,50.052,48.202,47.681,47.572,47.548,47.037,48.208,50.668,53.684,52.301,50.665,47.457,43.897
35.312,33.173,33.144,32.842,33.047,36.679,42.630,47.202,50.385,50.676,50.431,50.441,48.610,48.066,47.919,47.899,47.404,48.602,51.079,54.049,52.673,51.042,47.854,44.336
35.873,33.725,33.684,33.418,33.638,37.253,43.135,47.755,50.952,51.298,51.061,50.987,49.186,48.636,48.435,48.427,47.912,49.135,51.673,54.674,53.275,51.684,48.460,44.874
36.290,34.147,34.091,33.862,34.107,37.668,43.430,48.081,51.250,51.659,51.433,51.245,49.500,48.914,48.623,48.630,48.128,49.414,52.024,55.052,53.587,52.031,48.821,45.143
36.740,34.557,34.469,34.282,34.664,38.110,43.902,48.748,51.969,52.414,52.227,51.835,50.092,49.458,49.118,49.133,48.661,50.035,52.740,55.973,54.313,52.712,49.488,45.491
37.941,35.732,35.645,35.471,35.743,39.371,45.052,49.922,53.081,53.681,53.457,53.003,51.361,50.585,49.973,50.025,49.598,51.183,54.124,57.291,55.551,53.992,50.755,46.717
39.130,36.889,36.781,36.671,36.928,40.607,46.140,51.120,54.272,55.034,54.808,54.172,52.624,51.757,50.918,51.007,50.585,52.331,55.496,58.705,56.855,55.365,52.072,47.864
40.474,38.200,38.072,38.009,38.346,41.963,47.528,52.641,55.897,56.672,56.474,55.740,54.158,53.354,52.568,52.658,52.167,53.854,57.031,60.363,58.509,57.044,53.644,49.305
