17.351,13.512,12.256,10.244,10.746,12.861,23.913,32.122,31.341,23.945,20.046,19.155,17.262,14.372,13.492,12.663,15.448,22.649,30.297,35.702,36.000,33.064,29.731,24.287
21.521,18.291,17.475,15.447,15.939,17.388,26.705,33.655,33.073,26.299,21.883,21.289,18.190,16.782,16.732,16.055,18.109,23.676,31.635,36.950,37.848,34.241,30.953,25.785
23.516,20.502,19.624,17.911,18.327,19.860,28.640,35.260,34.694,28.428,24.640,23.967,21.518,19.876,19.521,18.976,21.018,26.475,33.416,38.311,38.911,35.800,32.845,28.190
24.535,21.835,20.926,19.839,20.070,21.750,29.955,36.589,35.998,29.793,26.283,25.236,22.823,21.523,20.450,20.335,22.347,27.700,34.049,38.922,39.630,36.665,33.872,29.757
25.405,22.855,21.950,21.106,21.266,22.976,30.872,37.441,36.852,30.720,27.319,26.145,23.724,22.600,21.289,21.345,23.314,28.554,34.649,39.494,40.250,37.330,34.614,30.731
25.873,23.479,22.566,21.993,22.074,23.836,31.438,37.979,37.390,31.304,28.015,26.691,24.263,23.314,21.725,21.980,23.916,29.071,34.898,39.752,40.549,37.659,35.014,31.370
26.238,23.885,22.998,22.411,22.496,24.211,31.682,38.105,37.534,31.535,28.248,26.963,24.509,23.617,22.110,22.361,24.246,29.285,35.078,39.895,40.694,37.788,35.165,31.549
26.745,24.433,23.543,22.989,23.067,24.781,32.146,38.490,37.929,32.024,28.821,27.541,25.168,24.255,22.744,23.013,24.881,29.871,35.515,40.277,41.026,38.169,35.595,32.051
27.101,24.814,23.961,23.325,23.429,25.067,32.313,38.496,37.963,32.169,28.947,27.758,25.352,24.476,23.147,23.368,25.173,30.019,35.667,40.382,41.118,38.226,35.667,32.109
27.585,25.319,24.454,23.802,23.916,25.549,32.707,38.762,38.246,32.617,29.544,28.408,26.198,25.190,23.920,24.112,25.907,30.716,36.135,40.731,41.341,38.560,36.079,32.588
27.831,25.575,24.719,24.045,24.167,25.778,32.890,38.886,38.377,32.801,29.743,28.635,26.443,25.431,24.210,24.384,26.161,30.927,36.317,40.878,41.473,38.705,36.240,32.757
28.171,25.933,25.069,24.474,24.573,26.205,33.257,39.235,38.703,33.187,30.253,29.095,27.033,25.983,24.606,24.782,26.585,31.373,36.616,41.025,41.630,39.041,36.642,33.271
28.390,26.174,25.300,24.745,24.834,26.482,33.482,39.436,38.903,33.436,30.576,29.403,27.419,26.338,24.913,25.106,26.913,31.700,36.827,41.191,41.762,39.234,36.871,33.560
28.670,26.465,25.606,25.046,25.136,26.758,33.701,39.594,39.058,33.644,30.808,29.647,27.683,26.614,25.194,25.361,27.155,31.897,37.004,41.285,41.877,39.406,37.068,33.786
28.831,26.661,25.789,25.297,25.369,27.015,33.887,39.762,39.225,33.858,31.104,29.912,28.024,26.937,25.441,25.649,27.446,32.186,37.152,41.400,41.958,39.544,37.246,34.042
28.945,26.785,25.922,25.443,25.510,27.148,33.993,39.860,39.323,33.951,31.183,29.982,28.062,27.016,25.506,25.722,27.510,32.229,37.212,41.455,42.043,39.624,37.325,34.132
29.027,26.892,26.030,25.593,25.648,27.292,34.092,39.961,39.424,34.048,31.282,30.055,28.112,27.109,25.558,25.809,27.589,32.291,37.253,41.512,42.116,39.686,37.390,34.228
29.243,27.122,26.245,25.823,25.876,27.537,34.310,40.152,39.621,34.299,31.602,30.381,28.526,27.462,25.909,26.171,27.955,32.663,37.507,41.747,42.285,39.888,37.623,34.495
29.397,27.290,26.416,26.011,26.060,27.715,34.436,40.235,39.703,34.431,31.786,30.564,28.761,27.685,26.108,26.364,28.145,32.831,37.606,41.778,42.309,39.977,37.744,34.660
29.556,27.453,26.571,26.172,26.220,27.884,34.597,40.385,39.854,34.609,32.000,30.780,29.026,27.915,26.336,26.593,28.378,33.071,37.789,41.946,42.445,40.135,37.917,34.850
29.736,27.630,26.755,26.326,26.384,28.029,34.727,40.476,39.950,34.736,32.130,30.937,29.193,28.072,26.539,26.770,28.546,33.214,37.932,42.060,42.552,40.253,38.042,34.967
29.851,27.749,26.878,26.430,26.494,28.127,34.809,40.530,40.012,34.819,32.209,31.037,29.291,28.168,26.678,26.903,28.667,33.312,38.026,42.156,42.634,40.319,38.109,35.027
29.991,27.890,27.024,26.568,26.634,28.257,34.919,40.611,40.091,34.928,32.338,31.177,29.455,28.322,26.839,27.047,28.807,33.437,38.132,42.219,42.696,40.415,38.219,35.149
30.091,27.998,27.133,26.680,26.746,28.367,35.013,40.694,40.178,35.023,32.434,31.275,29.549,28.422,26.949,27.165,28.918,33.536,38.220,42.316,42.786,40.493,38.299,35.233
30.183,28.098,27.232,26.804,26.862,28.491,35.132,40.834,40.317,35.138,32.537,31.358,29.590,28.507,27.003,27.241,28.995,33.617,38.310,42.431,42.918,40.606,38.405,35.347
30.288,28.207,27.346,26.892,26.958,28.575,35.216,40.911,40.408,35.214,32.562,31.404,29.605,28.521,27.088,27.335,29.070,33.665,38.407,42.597,43.078,40.681,38.456,35.359
30.396,28.316,27.457,27.003,27.069,28.684,35.314,40.998,40.493,35.313,32.672,31.516,29.714,28.641,27.205,27.446,29.181,33.770,38.499,42.669,43.150,40.771,38.553,35.466
30.509,28.431,27.578,27.122,27.188,28.794,35.413,41.088,40.583,35.403,32.754,31.599,29.782,28.727,27.293,27.530,29.259,33.835,38.580,42.740,43.237,40.860,38.641,35.554
30.665,28.588,27.735,27.265,27.336,28.936,35.551,41.211,40.712,35.545,32.892,31.753,29.936,28.873,27.475,27.709,29.432,33.996,38.737,42.908,43.389,40.992,38.772,35.675
30.770,28.692,27.845,27.358,27.434,29.021,35.627,41.265,40.767,35.615,32.960,31.835,30.017,28.956,27.580,27.798,29.514,34.062,38.812,42.963,43.448,41.060,38.842,35.742
30.949,28.864,28.021,27.516,27.597,29.176,35.781,41.400,40.902,35.770,33.126,32.015,30.218,29.139,27.780,27.978,29.694,34.237,38.981,43.101,43.580,41.216,39.006,35.904
31.087,28.994,28.149,27.630,27.715,29.297,35.934,41.577,41.083,35.919,33.240,32.134,30.301,29.229,27.896,28.100,29.816,34.369,39.156,43.328,43.806,41.390,39.158,36.024
31.163,29.082,28.240,27.735,27.816,29.393,35.995,41.615,41.119,35.979,33.320,32.210,30.391,29.327,27.978,28.183,29.894,34.429,39.187,43.329,43.811,41.423,39.206,36.097
31.235,29.164,28.315,27.829,27.906,29.494,36.081,41.702,41.209,36.078,33.440,32.321,30.523,29.450,28.086,28.309,30.021,34.559,39.274,43.424,43.887,41.500,39.291,36.200
31.280,29.219,28.371,27.906,27.976,29.568,36.140,41.768,41.274,36.133,33.489,32.355,30.538,29.490,28.103,28.342,30.052,34.586,39.303,43.463,43.941,41.545,39.335,36.255
31.406,29.344,28.507,28.020,28.096,29.666,36.212,41.788,41.298,36.198,33.569,32.456,30.658,29.605,28.243,28.452,30.153,34.658,39.367,43.469,43.952,41.595,39.400,36.328
31.509,29.445,28.621,28.099,28.185,29.729,36.253,41.794,41.299,36.229,33.593,32.512,30.709,29.659,28.353,28.533,30.219,34.687,39.412,43.482,43.968,41.616,39.425,36.341
31.650,29.591,28.752,28.243,28.328,29.890,36.415,41.952,41.467,36.417,33.823,32.740,30.994,29.897,28.583,28.777,30.471,34.959,39.611,43.688,44.125,41.784,39.607,36.540
31.706,29.656,28.816,28.315,28.398,29.963,36.473,42.004,41.522,36.479,33.888,32.803,31.057,29.964,28.652,28.858,30.548,35.028,39.662,43.752,44.180,41.828,39.653,36.593
31.820,29.776,28.932,28.439,28.521,30.091,36.585,42.106,41.626,36.602,34.035,32.950,31.233,30.124,28.807,29.018,30.708,35.187,39.780,43.859,44.269,41.931,39.768,36.724
31.892,29.850,29.012,28.525,28.604,30.167,36.649,42.164,41.680,36.655,34.086,32.995,31.265,30.177,28.843,29.050,30.738,35.208,39.814,43.872,44.306,41.984,39.823,36.788
31.983,29.949,29.103,28.644,28.715,30.293,36.766,42.291,41.804,36.782,34.237,33.129,31.424,30.327,28.955,29.177,30.872,35.356,39.922,43.975,44.401,42.098,39.947,36.934
32.064,30.041,29.193,28.743,28.812,30.393,36.845,42.357,41.875,36.869,34.338,33.229,31.537,30.437,29.067,29.301,30.992,35.466,39.999,44.057,44.467,42.159,40.015,37.015
32.180,30.160,29.315,28.860,28.931,30.505,36.940,42.433,41.953,36.964,34.442,33.341,31.657,30.555,29.197,29.426,31.111,35.571,40.092,44.134,44.540,42.241,40.104,37.110
32.287,30.269,29.427,28.961,29.036,30.603,37.030,42.510,42.034,37.053,34.523,33.433,31.741,30.642,29.310,29.536,31.214,35.661,40.186,44.236,44.636,42.323,40.183,37.182
32.354,30.343,29.497,29.048,29.118,30.693,37.113,42.599,42.123,37.141,34.621,33.521,31.834,30.737,29.386,29.626,31.306,35.757,40.261,44.319,44.714,42.401,40.265,37.275
32.432,30.424,29.569,29.146,29.208,30.801,37.225,42.731,42.252,37.263,34.763,33.644,31.980,30.871,29.480,29.735,31.425,35.899,40.371,44.431,44.818,42.520,40.390,37.418
32.551,30.546,29.686,29.269,29.331,30.929,37.352,42.858,42.380,37.397,34.911,33.790,32.144,31.022,29.625,29.885,31.578,36.057,40.506,44.565,44.939,42.647,40.522,37.558
32.680,30.676,29.819,29.388,29.454,31.043,37.447,42.919,42.442,37.498,35.037,33.932,32.321,31.177,29.800,30.042,31.731,36.195,40.612,44.632,44.990,42.729,40.620,37.665
32.818,30.817,29.960,29.525,29.594,31.176,37.551,42.981,42.504,37.611,35.197,34.105,32.555,31.377,30.001,30.223,31.912,36.364,40.722,44.676,45.016,42.815,40.733,37.805
32.925,30.923,30.062,29.621,29.692,31.278,37.655,43.079,42.604,37.725,35.327,34.242,32.718,31.515,30.149,30.368,32.059,36.516,40.849,44.799,45.117,42.923,40.848,37.921
33.001,31.006,30.140,29.720,29.786,31.381,37.745,43.169,42.693,37.823,35.450,34.354,32.854,31.642,30.251,30.481,32.176,36.638,40.932,44.874,45.181,43.005,40.941,38.035
33.143,31.140,30.281,29.818,29.897,31.470,37.833,43.221,42.752,37.908,35.525,34.465,32.965,31.741,30.417,30.618,32.301,36.740,41.050,44.978,45.274,43.090,41.025,38.095
33.223,31.222,30.374,29.893,29.977,31.533,37.879,43.241,42.774,37.942,35.547,34.502,32.984,31.776,30.481,30.670,32.342,36.753,41.084,44.999,45.306,43.117,41.051,38.116
33.312,31.311,30.468,29.975,30.062,31.607,37.941,43.283,42.817,37.999,35.601,34.566,33.046,31.842,30.566,30.743,32.408,36.802,41.141,45.039,45.351,43.168,41.105,38.168
33.453,31.453,30.608,30.114,30.202,31.747,38.075,43.405,42.940,38.140,35.761,34.732,33.238,32.015,30.744,30.916,32.583,36.976,41.287,45.171,45.467,43.299,41.245,38.315
33.549,31.552,30.708,30.214,30.302,31.846,38.165,43.489,43.027,38.232,35.853,34.826,33.330,32.110,30.846,31.022,32.684,37.071,41.376,45.265,45.557,43.382,41.329,38.400
33.668,31.670,30.821,30.328,30.416,31.969,38.303,43.644,43.184,38.374,35.988,34.958,33.426,32.231,30.970,31.156,32.821,37.220,41.529,45.447,45.730,43.532,41.471,38.533
33.711,31.721,30.871,30.382,30.469,32.024,38.356,43.708,43.256,38.424,36.006,34.975,33.455,32.232,30.989,31.198,32.854,37.243,41.576,45.554,45.836,43.578,41.499,38.546
33.835,31.840,30.992,30.499,30.587,32.138,38.473,43.819,43.362,38.539,36.132,35.102,33.572,32.367,31.114,31.308,32.968,37.361,41.691,45.635,45.924,43.698,41.628,38.680
33.917,31.921,31.075,30.578,30.667,32.216,38.555,43.906,43.452,38.617,36.192,35.164,33.610,32.418,31.178,31.376,33.033,37.422,41.773,45.739,46.033,43.781,41.701,38.742
34.024,32.025,31.180,30.682,30.771,32.319,38.664,44.020,43.562,38.723,36.297,35.267,33.713,32.521,31.274,31.467,33.127,37.520,41.879,45.837,46.138,43.896,41.815,38.856
34.120,32.124,31.276,30.797,30.880,32.437,38.779,44.145,43.682,38.840,36.428,35.382,33.840,32.648,31.364,31.564,33.230,37.634,41.978,45.922,46.231,44.011,41.937,38.994
34.226,32.231,31.392,30.898,30.985,32.525,38.851,44.193,43.731,38.902,36.479,35.447,33.889,32.713,31.454,31.641,33.297,37.677,42.039,45.968,46.288,44.067,41.992,39.045
34.349,32.355,31.515,31.014,31.103,32.643,38.968,44.303,43.847,39.025,36.603,35.579,34.026,32.841,31.602,31.790,33.443,37.819,42.172,46.112,46.417,44.183,42.108,39.156
34.451,32.457,31.616,31.120,31.208,32.750,39.073,44.407,43.948,39.132,36.723,35.695,34.159,32.965,31.713,31.898,33.555,37.936,42.274,46.198,46.502,44.288,42.220,39.277
34.559,32.564,31.721,31.232,31.317,32.865,39.200,44.553,44.093,39.257,36.836,35.800,34.247,33.063,31.799,31.994,33.654,38.044,42.398,46.343,46.653,44.424,42.347,39.399
34.677,32.687,31.842,31.358,31.443,32.992,39.309,44.646,44.187,39.374,36.979,35.944,34.421,33.221,31.955,32.149,33.808,38.194,42.510,46.433,46.729,44.522,42.459,39.526
34.783,32.800,31.962,31.488,31.569,33.111,39.408,44.739,44.278,39.462,37.055,36.013,34.465,33.297,32.018,32.216,33.869,38.239,42.571,46.488,46.809,44.601,42.537,39.613
34.923,32.936,32.096,31.608,31.694,33.236,39.542,44.870,44.412,39.601,37.197,36.166,34.628,33.443,32.185,32.377,34.030,38.402,42.730,46.653,46.958,44.744,42.679,39.746
35.076,33.088,32.249,31.769,31.851,33.395,39.711,45.059,44.598,39.762,37.336,36.294,34.703,33.563,32.292,32.492,34.146,38.503,42.883,46.825,47.150,44.919,42.843,39.902
35.236,33.243,32.427,31.909,32.001,33.507,39.808,45.124,44.663,39.827,37.352,36.335,34.725,33.590,32.367,32.536,34.171,38.523,42.948,46.867,47.241,44.996,42.907,39.942
35.380,33.388,32.570,32.045,32.139,33.647,39.953,45.271,44.816,39.974,37.485,36.474,34.827,33.717,32.518,32.694,34.325,38.654,43.107,47.059,47.422,45.143,43.045,40.066
35.497,33.514,32.687,32.177,32.268,33.790,40.097,45.428,44.980,40.130,37.645,36.627,34.982,33.866,32.667,32.869,34.500,38.837,43.263,47.261,47.598,45.285,43.184,40.206
35.691,33.694,32.877,32.336,32.435,33.941,40.269,45.600,45.151,40.287,37.766,36.763,35.083,33.981,32.815,32.996,34.622,38.952,43.442,47.441,47.799,45.471,43.355,40.347
35.798,33.808,32.983,32.473,32.562,34.087,40.420,45.784,45.334,40.443,37.917,36.890,35.197,34.108,32.906,33.116,34.749,39.096,43.579,47.616,47.976,45.627,43.504,40.503
35.956,33.965,33.151,32.632,32.723,34.231,40.550,45.896,45.442,40.557,38.022,36.999,35.288,34.222,33.021,33.214,34.841,39.169,43.680,47.683,48.074,45.743,43.622,40.624
36.117,34.133,33.307,32.822,32.904,34.433,40.746,46.104,45.646,40.772,38.281,37.238,35.578,34.484,33.232,33.443,35.082,39.434,43.878,47.866,48.235,45.941,43.837,40.872
36.412,34.414,33.593,33.051,33.151,34.659,40.982,46.300,45.850,41.009,38.515,37.517,35.874,34.746,33.578,33.751,35.381,39.714,44.168,48.141,48.483,46.183,44.080,41.083
36.678,34.672,33.852,33.285,33.393,34.894,41.224,46.522,46.076,41.256,38.772,37.795,36.177,35.020,33.886,34.039,35.668,39.998,44.443,48.398,48.720,46.432,44.334,41.328
36.838,34.829,34.008,33.437,33.546,35.047,41.383,46.683,46.236,41.415,38.932,37.958,36.344,35.180,34.050,34.198,35.830,40.163,44.610,48.563,48.883,46.597,44.499,41.489
37.042,35.029,34.214,33.626,33.740,35.230,41.558,46.835,46.388,41.588,39.111,38.150,36.548,35.376,34.265,34.395,36.022,40.343,44.790,48.714,49.034,46.766,44.675,41.664
37.298,35.273,34.460,33.835,33.962,35.436,41.761,46.992,46.545,41.798,39.357,38.429,36.888,35.665,34.593,34.679,36.307,40.619,45.033,48.888,49.183,46.971,44.901,41.891
37.539,35.514,34.698,34.067,34.196,35.672,41.999,47.223,46.780,42.043,39.612,38.691,37.168,35.926,34.869,34.954,36.582,40.895,45.290,49.148,49.423,47.211,45.143,42.132
37.714,35.690,34.870,34.250,34.375,35.861,42.202,47.452,47.010,42.245,39.796,38.864,37.316,36.088,35.020,35.122,36.753,41.078,45.491,49.387,49.667,47.423,45.344,42.324
37.927,35.901,35.080,34.440,34.572,36.055,42.410,47.663,47.232,42.454,39.973,39.058,37.477,36.254,35.239,35.350,36.971,41.289,45.727,49.683,49.944,47.636,45.538,42.487
38.161,36.138,35.300,34.708,34.826,36.344,42.731,48.053,47.615,42.786,40.306,39.347,37.762,36.542,35.451,35.603,37.244,41.612,46.041,50.046,50.309,47.987,45.879,42.839
38.328,36.317,35.482,34.923,35.030,36.552,42.916,48.248,47.804,42.963,40.484,39.498,37.895,36.711,35.569,35.737,37.379,41.743,46.172,50.169,50.463,48.154,46.049,43.034
38.528,36.517,35.680,35.150,35.247,36.783,43.160,48.532,48.080,43.202,40.710,39.695,38.068,36.908,35.713,35.902,37.552,41.938,46.388,50.403,50.724,48.410,46.296,43.287
38.866,36.860,36.022,35.461,35.570,37.093,43.433,48.733,48.291,43.496,41.062,40.089,38.545,37.322,36.189,36.349,37.990,42.348,46.709,50.670,50.928,48.657,46.575,43.581
39.264,37.248,36.425,35.811,35.937,37.422,43.731,48.948,48.507,43.789,41.388,40.461,38.971,37.713,36.640,36.736,38.366,42.682,47.025,50.876,51.129,48.932,46.878,43.889
39.661,37.633,36.802,36.193,36.318,37.813,44.134,49.347,48.895,44.207,41.866,40.935,39.531,38.213,37.097,37.169,38.820,43.167,47.451,51.223,51.460,49.356,47.331,44.369
39.980,37.955,37.117,36.589,36.686,38.219,44.588,49.927,49.455,44.640,42.239,41.223,39.717,38.487,37.232,37.370,39.043,43.448,47.819,51.680,51.999,49.846,47.781,44.823
40.342,38.330,37.504,36.967,37.066,38.582,44.923,50.245,49.782,44.959,42.513,41.507,39.934,38.758,37.544,37.692,39.343,43.708,48.124,52.024,52.362,50.149,48.068,45.094
40.747,38.742,37.895,37.401,37.486,39.047,45.450,50.883,50.430,45.491,42.970,41.920,40.245,39.117,37.878,38.110,39.769,44.184,48.659,52.753,53.085,50.717,48.580,45.565
41.268,39.278,38.396,38.022,38.071,39.714,46.192,51.810,51.349,46.244,43.663,42.502,40.727,39.670,38.271,38.631,40.322,44.840,49.356,53.651,54.011,51.518,49.328,46.312
41.904,39.914,39.029,38.669,38.712,40.371,46.898,52.598,52.144,46.933,44.251,43.066,41.159,40.176,38.785,39.198,40.884,45.421,50.049,54.501,54.890,52.251,50.002,46.932
42.470,40.522,39.589,39.502,39.459,41.260,47.848,53.847,53.349,47.888,45.180,43.752,41.734,40.895,39.075,39.697,41.455,46.166,50.800,55.440,55.946,53.260,50.968,47.994
44.093,42.092,41.165,41.270,41.152,43.036,49.872,56.313,55.723,49.788,46.802,45.107,42.686,42.169,39.891,40.632,42.480,47.403,52.530,57.364,58.260,55.477,53.028,50.000
