-0.119,-4.890,-4.955,-5.894,-6.222,-8.044,-13.248,-9.333,-2.672,-2.784,-4.955,-8.478,-11.379,-15.848,-21.013,-19.894,-14.631,-6.343,3.894,10.576,8.964,5.423,5.006,-0.588
7.979,3.944,3.569,2.863,2.576,1.666,-2.625,-0.325,4.396,4.495,1.820,-1.927,-4.162,-7.827,-13.060,-12.513,-8.089,0.049,10.338,16.411,16.089,11.892,10.674,7.031
10.949,7.228,6.719,6.218,5.975,5.556,1.399,3.049,6.888,7.188,4.595,0.705,-1.180,-4.514,-9.525,-8.975,-4.880,2.621,12.622,18.541,18.703,14.486,13.128,10.139
12.410,8.782,8.232,7.880,7.694,7.263,3.293,5.057,8.644,8.732,6.444,3.094,1.514,-1.833,-6.453,-5.601,-1.696,4.838,13.958,20.181,20.358,16.132,14.722,11.501
13.953,10.480,9.885,9.621,9.463,9.148,5.377,6.969,10.198,10.243,8.038,4.875,3.501,0.277,-4.158,-3.266,0.436,6.526,15.244,21.444,21.778,17.523,16.022,12.979
14.972,11.565,10.987,10.703,10.541,10.224,6.540,8.082,11.272,11.328,9.111,5.966,4.583,1.433,-2.970,-2.151,1.487,7.598,16.245,22.270,22.600,18.416,16.934,13.997
15.844,12.511,11.935,11.661,11.507,11.147,7.646,9.203,12.314,12.272,10.088,7.162,5.857,2.749,-1.553,-0.736,2.791,8.719,17.077,23.060,23.393,19.200,17.675,14.755
16.455,13.155,12.605,12.315,12.161,11.758,8.307,9.902,13.044,12.985,10.839,7.983,6.667,3.586,-0.651,0.151,3.644,9.517,17.737,23.615,23.889,19.788,18.312,15.379
17.032,13.775,13.208,12.940,12.789,12.454,9.025,10.521,13.546,13.519,11.368,8.476,7.198,4.167,-0.056,0.729,4.178,10.006,18.219,24.058,24.402,20.294,18.794,15.970
17.414,14.163,13.635,13.327,13.170,12.732,9.368,10.971,14.114,14.033,11.902,9.121,7.801,4.764,0.581,1.344,4.782,10.625,18.716,24.468,24.706,20.673,19.222,16.322
17.807,14.585,14.047,13.772,13.630,13.176,9.891,11.526,14.603,14.451,12.386,9.768,8.530,5.493,1.406,2.233,5.611,11.221,19.075,24.897,25.140,21.090,19.612,16.660
18.188,14.987,14.443,14.187,14.050,13.611,10.349,11.972,14.998,14.835,12.798,10.224,9.023,5.998,1.954,2.804,6.153,11.660,19.423,25.258,25.518,21.471,19.985,17.038
18.392,15.177,14.658,14.367,14.222,13.726,10.465,12.145,15.272,15.102,13.053,10.481,9.223,6.188,2.127,2.946,6.318,11.923,19.712,25.484,25.677,21.676,20.227,17.245
18.670,15.465,14.969,14.654,14.503,13.975,10.726,12.429,15.610,15.446,13.400,10.828,9.533,6.514,2.464,3.250,6.619,12.270,20.043,25.720,25.866,21.931,20.526,17.545
18.975,15.794,15.297,14.991,14.845,14.292,11.120,12.848,15.999,15.780,13.758,11.303,10.050,7.036,3.036,3.841,7.167,12.709,20.335,26.031,26.174,22.224,20.794,17.791
19.282,16.122,15.635,15.328,15.186,14.605,11.479,13.235,16.388,16.139,14.148,11.768,10.530,7.526,3.577,4.389,7.685,13.151,20.658,26.325,26.442,22.525,21.108,18.085
19.529,16.387,15.891,15.608,15.473,14.907,11.797,13.547,16.649,16.388,14.435,12.103,10.906,7.910,4.011,4.859,8.127,13.467,20.873,26.569,26.700,22.786,21.365,18.333
19.783,16.652,16.165,15.879,15.746,15.146,12.085,13.873,16.987,16.686,14.756,12.509,11.326,8.329,4.469,5.327,8.572,13.849,21.146,26.838,26.942,23.041,21.621,18.555
20.023,16.919,16.427,16.149,16.020,15.417,12.419,14.197,17.265,16.933,15.007,12.828,11.679,8.699,4.867,5.724,8.928,14.143,21.355,27.043,27.165,23.245,21.797,18.751
20.268,17.183,16.684,16.420,16.298,15.693,12.746,14.524,17.546,17.179,15.272,13.168,12.061,9.087,5.291,6.168,9.337,14.458,21.569,27.284,27.422,23.479,22.006,18.956
20.485,17.415,16.904,16.661,16.547,15.941,13.040,14.824,17.797,17.391,15.508,13.488,12.432,9.456,5.702,6.612,9.748,14.752,21.752,27.520,27.676,23.702,22.199,19.131
20.686,17.615,17.127,16.857,16.736,16.094,13.193,15.008,18.049,17.650,15.763,13.733,12.631,9.661,5.904,6.781,9.928,15.002,22.013,27.701,27.806,23.890,22.428,19.352
20.816,17.744,17.263,16.982,16.858,16.195,13.310,15.142,18.209,17.799,15.903,13.887,12.773,9.802,6.038,6.902,10.048,15.154,22.164,27.833,27.921,24.009,22.549,19.467
20.929,17.855,17.377,17.104,16.984,16.304,13.421,15.290,18.369,17.938,16.080,14.116,13.016,10.032,6.307,7.206,10.348,15.369,22.297,27.996,28.061,24.166,22.718,19.583
21.131,18.064,17.602,17.311,17.186,16.486,13.608,15.490,18.607,18.185,16.325,14.352,13.222,10.250,6.529,7.401,10.544,15.608,22.535,28.162,28.194,24.348,22.932,19.804
21.301,18.247,17.776,17.505,17.385,16.716,13.826,15.681,18.749,18.341,16.506,14.527,13.423,10.463,6.768,7.663,10.793,15.780,22.671,28.312,28.367,24.528,23.114,19.999
21.430,18.378,17.905,17.644,17.528,16.860,13.973,15.838,18.892,18.473,16.660,14.711,13.625,10.661,6.991,7.909,11.031,15.955,22.794,28.461,28.516,24.677,23.262,20.127
21.591,18.546,18.065,17.811,17.698,17.043,14.170,16.014,19.036,18.613,16.796,14.853,13.785,10.825,7.155,8.076,11.187,16.093,22.926,28.609,28.686,24.825,23.390,20.274
21.710,18.666,18.184,17.930,17.815,17.173,14.285,16.112,19.129,18.725,16.900,14.925,13.849,10.896,7.217,8.128,11.243,16.173,23.039,28.705,28.789,24.935,23.507,20.410
21.869,18.830,18.349,18.094,17.980,17.325,14.464,16.304,19.320,18.895,17.074,15.137,14.071,11.118,7.450,8.363,11.467,16.374,23.200,28.870,28.949,25.089,23.652,20.545
22.024,18.996,18.505,18.258,18.146,17.498,14.676,16.498,19.472,19.027,17.193,15.288,14.248,11.301,7.632,8.542,11.624,16.513,23.317,29.008,29.117,25.215,23.741,20.657
22.179,19.162,18.683,18.418,18.302,17.640,14.836,16.656,19.651,19.211,17.364,15.452,14.389,11.458,7.783,8.659,11.735,16.677,23.492,29.115,29.208,25.333,23.874,20.814
22.313,19.303,18.827,18.563,18.448,17.772,14.988,16.824,19.821,19.365,17.531,15.655,14.600,11.670,8.015,8.898,11.962,16.870,23.633,29.254,29.335,25.469,24.012,20.938
22.471,19.470,18.993,18.733,18.618,17.953,15.172,16.993,19.973,19.524,17.693,15.813,14.763,11.843,8.197,9.078,12.133,17.026,23.779,29.386,29.475,25.617,24.162,21.104
22.625,19.628,19.153,18.893,18.777,18.137,15.318,17.112,20.085,19.677,17.852,15.909,14.844,11.939,8.292,9.165,12.229,17.138,23.929,29.497,29.588,25.768,24.341,21.312
22.753,19.763,19.279,19.026,18.915,18.258,15.506,17.312,20.255,19.791,17.959,16.107,15.082,12.169,8.531,9.415,12.451,17.310,24.030,29.653,29.763,25.880,24.402,21.359
22.848,19.861,19.379,19.126,19.015,18.360,15.599,17.405,20.350,19.895,18.071,16.211,15.182,12.272,8.641,9.527,12.563,17.415,24.131,29.740,29.845,25.979,24.513,21.471
22.958,19.977,19.484,19.249,19.144,18.503,15.758,17.552,20.453,19.983,18.172,16.345,15.351,12.440,8.828,9.738,12.758,17.537,24.205,29.860,29.989,26.096,24.607,21.562
23.095,20.128,19.626,19.399,19.297,18.650,15.957,17.749,20.617,20.113,18.297,16.530,15.567,12.659,9.059,9.972,12.965,17.704,24.315,29.994,30.143,26.211,24.686,21.646
23.282,20.324,19.829,19.591,19.485,18.833,16.158,17.941,20.814,20.313,18.484,16.711,15.735,12.842,9.235,10.121,13.106,17.884,24.506,30.138,30.283,26.363,24.842,21.829
23.425,20.480,19.970,19.750,19.650,19.024,16.367,18.120,20.931,20.424,18.598,16.843,15.904,13.018,9.423,10.323,13.287,18.006,24.598,30.264,30.447,26.494,24.943,21.953
23.550,20.616,20.090,19.892,19.797,19.202,16.556,18.276,21.023,20.512,18.693,16.951,16.051,13.172,9.589,10.509,13.454,18.106,24.670,30.377,30.601,26.615,25.035,22.066
23.691,20.766,20.230,20.046,19.956,19.383,16.743,18.439,21.139,20.629,18.816,17.080,16.206,13.333,9.762,10.695,13.626,18.230,24.773,30.504,30.756,26.751,25.155,22.202
23.823,20.900,20.362,20.182,20.092,19.537,16.877,18.556,21.246,20.754,18.946,17.181,16.306,13.439,9.869,10.803,13.737,18.338,24.896,30.619,30.878,26.886,25.299,22.359
23.902,20.980,20.440,20.264,20.174,19.625,16.956,18.630,21.315,20.830,19.027,17.253,16.379,13.513,9.945,10.884,13.820,18.412,24.972,30.698,30.960,26.971,25.388,22.449
24.018,21.093,20.547,20.381,20.294,19.759,17.077,18.746,21.413,20.930,19.137,17.361,16.500,13.630,10.068,11.025,13.962,18.520,25.074,30.829,31.102,27.105,25.516,22.571
24.145,21.228,20.684,20.508,20.417,19.887,17.214,18.858,21.523,21.054,19.237,17.430,16.554,13.699,10.117,11.040,13.975,18.595,25.194,30.903,31.183,27.190,25.601,22.699
24.254,21.345,20.797,20.627,20.537,20.019,17.354,18.983,21.622,21.154,19.338,17.535,16.671,13.824,10.248,11.173,14.097,18.697,25.284,30.996,31.291,27.290,25.692,22.804
24.401,21.505,20.955,20.790,20.702,20.195,17.537,19.151,21.767,21.304,19.496,17.695,16.841,14.006,10.444,11.370,14.282,18.853,25.416,31.114,31.417,27.426,25.830,22.959
24.538,21.650,21.093,20.944,20.862,20.354,17.725,19.346,21.929,21.438,19.651,17.912,17.094,14.256,10.726,11.680,14.569,19.050,25.530,31.268,31.582,27.572,25.957,23.068
24.663,21.773,21.226,21.071,20.989,20.448,17.835,19.499,22.116,21.601,19.831,18.140,17.318,14.471,10.962,11.925,14.812,19.268,25.691,31.429,31.710,27.717,26.114,23.183
24.743,21.849,21.307,21.149,21.067,20.521,17.892,19.568,22.203,21.695,19.936,18.237,17.405,14.555,11.052,12.020,14.915,19.368,25.789,31.519,31.784,27.813,26.229,23.283
24.849,21.960,21.416,21.264,21.184,20.632,18.024,19.709,22.333,21.806,20.058,18.397,17.582,14.731,11.246,12.225,15.108,19.517,25.888,31.634,31.899,27.921,26.328,23.370
24.945,22.057,21.511,21.362,21.282,20.747,18.121,19.788,22.401,21.891,20.144,18.454,17.638,14.792,11.304,12.284,15.169,19.581,25.973,31.714,31.989,28.017,26.429,23.487
25.050,22.159,21.626,21.462,21.380,20.808,18.200,19.907,22.566,22.037,20.292,18.635,17.802,14.949,11.467,12.438,15.325,19.756,26.121,31.839,32.077,28.124,26.551,23.579
25.177,22.296,21.764,21.603,21.521,20.955,18.350,20.048,22.695,22.173,20.435,18.778,17.948,15.106,11.637,12.605,15.484,19.896,26.243,31.940,32.179,28.243,26.678,23.718
25.289,22.407,21.888,21.710,21.624,21.026,18.433,20.160,22.854,22.324,20.584,18.940,18.084,15.241,11.772,12.724,15.607,20.057,26.396,32.054,32.258,28.350,26.804,23.828
25.396,22.517,22.001,21.824,21.739,21.144,18.546,20.274,22.967,22.440,20.711,19.069,18.216,15.375,11.918,12.876,15.757,20.185,26.506,32.158,32.358,28.464,26.927,23.947
25.506,22.622,22.109,21.928,21.844,21.217,18.646,20.411,23.128,22.568,20.843,19.254,18.404,15.550,12.101,13.065,15.942,20.358,26.637,32.307,32.488,28.582,27.038,24.023
25.617,22.730,22.214,22.038,21.956,21.333,18.760,20.525,23.233,22.669,20.947,19.366,18.525,15.666,12.219,13.194,16.072,20.468,26.740,32.434,32.622,28.704,27.151,24.129
25.719,22.827,22.320,22.133,22.047,21.417,18.822,20.596,23.337,22.791,21.068,19.456,18.588,15.731,12.276,13.239,16.132,20.568,26.871,32.530,32.696,28.811,27.285,24.259
25.836,22.945,22.440,22.246,22.158,21.525,18.939,20.707,23.452,22.907,21.169,19.549,18.674,15.820,12.352,13.299,16.191,20.663,26.988,32.630,32.797,28.908,27.378,24.368
25.964,23.073,22.567,22.372,22.283,21.655,19.061,20.821,23.568,23.031,21.288,19.650,18.769,15.918,12.442,13.384,16.279,20.770,27.115,32.751,32.920,29.032,27.504,24.503
26.095,23.205,22.701,22.501,22.409,21.782,19.189,20.942,23.692,23.161,21.407,19.756,18.866,16.019,12.533,13.461,16.358,20.879,27.247,32.865,33.036,29.150,27.623,24.635
26.241,23.338,22.836,22.632,22.539,21.914,19.286,21.044,23.818,23.305,21.549,19.860,18.952,16.097,12.597,13.525,16.443,20.996,27.410,33.027,33.188,29.314,27.803,24.807
26.365,23.468,22.961,22.764,22.673,22.054,19.442,21.193,23.943,23.420,21.668,20.000,19.110,16.257,12.766,13.702,16.608,21.128,27.515,33.148,33.322,29.433,27.908,24.915
26.568,23.683,23.167,22.978,22.888,22.296,19.691,21.401,24.105,23.594,21.829,20.140,19.263,16.426,12.926,13.851,16.745,21.269,27.678,33.306,33.515,29.607,28.062,25.115
26.692,23.804,23.293,23.095,23.003,22.406,19.796,21.507,24.230,23.726,21.952,20.247,19.355,16.520,13.010,13.922,16.823,21.382,27.815,33.421,33.620,29.723,28.188,25.245
26.802,23.907,23.406,23.196,23.099,22.487,19.864,21.591,24.353,23.858,22.079,20.356,19.437,16.600,13.081,13.979,16.893,21.499,27.957,33.532,33.707,29.836,28.322,25.371
26.963,24.082,23.582,23.374,23.280,22.653,20.070,21.811,24.560,24.038,22.273,20.607,19.707,16.874,13.382,14.287,17.177,21.732,28.115,33.690,33.860,29.987,28.465,25.505
27.112,24.237,23.722,23.533,23.442,22.858,20.258,21.954,24.646,24.143,22.380,20.684,19.809,16.983,13.491,14.409,17.294,21.813,28.214,33.819,34.031,30.136,28.597,25.668
27.265,24.400,23.882,23.704,23.617,23.036,20.454,22.151,24.816,24.299,22.555,20.897,20.045,17.224,13.759,14.694,17.562,22.013,28.351,33.971,34.190,30.292,28.747,25.812
27.401,24.541,24.018,23.849,23.766,23.195,20.608,22.298,24.945,24.431,22.700,21.045,20.205,17.386,13.935,14.884,17.746,22.158,28.475,34.105,34.330,30.437,28.893,25.959
27.562,24.712,24.189,24.024,23.943,23.369,20.806,22.497,25.128,24.600,22.878,21.257,20.433,17.618,14.186,15.141,17.987,22.359,28.627,34.260,34.488,30.592,29.041,26.105
27.669,24.815,24.290,24.126,24.047,23.449,20.917,22.637,25.277,24.713,22.993,21.430,20.620,17.792,14.367,15.334,18.172,22.518,28.740,34.409,34.630,30.708,29.137,26.169
27.810,24.951,24.437,24.264,24.181,23.584,21.013,22.738,25.410,24.875,23.163,21.552,20.712,17.888,14.461,15.419,18.276,22.655,28.911,34.539,34.736,30.861,29.329,26.359
27.955,25.097,24.585,24.413,24.334,23.695,21.177,22.953,25.641,25.050,23.355,21.848,21.030,18.189,14.793,15.773,18.612,22.924,29.075,34.740,34.915,31.022,29.473,26.448
28.157,25.301,24.797,24.613,24.528,23.903,21.354,23.106,25.808,25.257,23.548,21.970,21.119,18.295,14.878,15.827,18.679,23.064,29.287,34.887,35.057,31.201,29.680,26.694
28.305,25.451,24.952,24.771,24.688,24.062,21.497,23.259,25.969,25.427,23.743,22.164,21.311,18.489,15.095,16.058,18.911,23.258,29.449,35.037,35.191,31.371,29.875,26.873
28.437,25.588,25.101,24.905,24.816,24.178,21.617,23.382,26.118,25.587,23.893,22.297,21.419,18.607,15.207,16.143,18.997,23.397,29.605,35.136,35.270,31.481,30.005,27.018
28.641,25.805,25.316,25.119,25.030,24.397,21.859,23.605,26.321,25.788,24.083,22.493,21.620,18.822,15.420,16.341,19.181,23.587,29.792,35.304,35.451,31.654,30.167,27.208
28.758,25.930,25.442,25.243,25.153,24.520,21.994,23.734,26.445,25.911,24.204,22.618,21.745,18.955,15.556,16.469,19.301,23.709,29.906,35.400,35.548,31.756,30.268,27.321
28.877,26.034,25.554,25.353,25.263,24.615,22.058,23.833,26.584,26.053,24.369,22.782,21.896,19.089,15.703,16.635,19.486,23.878,30.063,35.567,35.682,31.920,30.461,27.469
29.129,26.296,25.810,25.617,25.529,24.909,22.342,24.083,26.798,26.287,24.604,22.989,22.112,19.320,15.936,16.867,19.712,24.089,30.285,35.781,35.920,32.160,30.699,27.739
29.308,26.459,25.973,25.789,25.705,25.064,22.493,24.281,27.017,26.476,24.823,23.262,22.401,19.581,16.221,17.195,20.046,24.352,30.485,36.045,36.164,32.395,30.935,27.906
29.543,26.711,26.226,26.040,25.954,25.334,22.757,24.509,27.224,26.713,25.054,23.450,22.579,19.784,16.423,17.373,20.216,24.547,30.705,36.208,36.337,32.597,31.150,28.171
29.821,27.006,26.534,26.332,26.241,25.612,23.054,24.795,27.523,27.025,25.357,23.739,22.845,20.075,16.715,17.627,20.460,24.836,30.998,36.416,36.530,32.830,31.405,28.461
30.108,27.317,26.826,26.657,26.573,26.017,23.431,25.099,27.726,27.268,25.626,23.965,23.112,20.369,17.039,17.977,20.789,25.064,31.207,36.640,36.809,33.115,31.687,28.798
30.369,27.591,27.089,26.938,26.859,26.328,23.749,25.392,27.967,27.508,25.882,24.234,23.414,20.679,17.370,18.328,21.122,25.325,31.428,36.886,37.084,33.377,31.934,29.059
30.601,27.814,27.301,27.174,27.102,26.586,23.985,25.636,28.184,27.717,26.123,24.495,23.705,20.954,17.670,18.676,21.472,25.581,31.641,37.174,37.385,33.660,32.210,29.299
30.859,28.058,27.578,27.397,27.312,26.715,24.144,25.861,28.538,28.053,26.419,24.801,23.937,21.178,17.855,18.797,21.614,25.893,32.002,37.437,37.569,33.885,32.466,29.530
31.124,28.321,27.825,27.664,27.585,27.000,24.445,26.157,28.791,28.281,26.650,25.072,24.247,21.477,18.160,19.130,21.936,26.152,32.228,37.737,37.902,34.162,32.704,29.757
31.570,28.774,28.273,28.126,28.047,27.531,24.887,26.533,29.128,28.702,27.092,25.387,24.550,21.804,18.491,19.468,22.292,26.498,32.646,38.118,38.305,34.625,33.212,30.317
31.977,29.209,28.680,28.577,28.509,28.060,25.427,27.003,29.468,29.049,27.464,25.771,25.006,22.282,19.007,20.021,22.805,26.867,32.949,38.477,38.738,35.021,33.570,30.724
32.418,29.680,29.114,29.047,28.988,28.608,26.024,27.507,29.823,29.394,27.789,26.113,25.427,22.727,19.451,20.474,23.211,27.194,33.259,38.853,39.222,35.405,33.870,31.108
32.958,30.204,29.628,29.561,29.501,29.139,26.537,27.996,30.302,29.884,28.246,26.526,25.835,23.126,19.805,20.819,23.573,27.620,33.776,39.404,39.802,35.939,34.377,31.635
33.680,30.945,30.311,30.312,30.267,30.032,27.408,28.735,30.838,30.449,28.812,27.046,26.459,23.765,20.444,21.512,24.236,28.141,34.320,40.087,40.633,36.655,35.006,32.352
34.619,31.895,31.233,31.259,31.222,31.012,28.447,29.735,31.746,31.316,29.658,27.950,27.427,24.732,21.405,22.488,25.178,29.024,35.172,41.027,41.645,37.562,35.829,33.205
36.503,33.826,33.068,33.174,33.152,33.148,30.626,31.639,33.299,32.908,31.151,29.341,28.966,26.326,22.917,23.990,26.610,30.419,36.727,42.732,43.636,39.298,37.363,34.994
