25.520,19.885,18.728,16.364,16.442,19.496,31.166,37.362,38.740,33.092,25.907,23.357,21.859,22.106,24.975,23.687,26.011,32.590,40.429,48.659,44.608,39.810,33.065,20.678
29.442,24.732,23.880,22.042,21.817,24.160,33.956,39.993,40.712,36.120,29.896,27.365,25.634,25.839,27.594,27.105,29.331,34.774,42.092,48.936,45.850,41.534,35.382,25.362
31.003,26.763,25.659,24.060,23.863,26.431,35.721,42.541,42.634,38.895,33.455,31.167,30.095,30.089,31.040,30.897,32.646,38.397,44.051,49.943,46.804,42.301,36.237,27.505
31.990,28.292,27.200,25.816,25.409,27.896,36.559,43.669,43.304,40.337,35.397,33.088,32.092,31.977,32.085,32.471,34.104,39.502,44.473,49.986,46.853,42.566,36.700,29.042
32.324,28.878,27.814,26.493,26.076,28.498,36.756,43.752,43.400,40.467,35.810,33.611,32.712,32.578,32.571,32.992,34.525,39.647,44.645,49.989,46.957,42.676,36.865,29.611
32.638,29.287,28.235,26.964,26.518,28.899,36.998,43.949,43.501,40.786,36.234,34.041,33.149,33.001,32.859,33.367,34.875,39.922,44.656,50.021,47.005,42.693,37.032,30.013
33.112,29.821,28.791,27.524,27.136,29.471,37.372,43.979,43.634,40.928,36.492,34.405,33.578,33.444,33.446,33.833,35.281,40.197,44.755,50.036,47.030,42.905,37.465,30.527
33.315,30.119,29.066,27.834,27.426,29.782,37.595,44.292,43.872,41.303,36.978,34.908,34.147,33.984,33.831,34.300,35.697,40.605,44.978,50.043,47.052,43.009,37.581,30.838
33.538,30.339,29.299,28.090,27.731,30.036,37.719,44.308,43.876,41.307,37.046,35.037,34.305,34.154,34.092,34.494,35.852,40.739,44.997,50.123,47.054,43.011,37.686,31.042
33.702,30.521,29.484,28.297,27.961,30.240,37.830,44.352,43.924,41.386,37.186,35.213,34.511,34.360,34.314,34.697,36.023,40.899,45.052,50.285,47.128,43.020,37.751,31.217
33.845,30.678,29.646,28.501,28.160,30.400,37.910,44.520,44.013,41.531,37.376,35.399,34.690,34.534,34.418,34.854,36.167,41.058,45.152,50.295,47.158,43.024,37.757,31.368
34.065,30.895,29.834,28.732,28.401,30.647,38.128,44.927,44.307,41.898,37.797,35.825,35.163,34.988,34.782,35.271,36.544,41.542,45.482,50.295,47.227,43.140,37.819,31.595
34.223,31.079,30.018,28.932,28.621,30.850,38.246,44.983,44.361,41.983,37.942,36.007,35.379,35.204,35.012,35.481,36.721,41.700,45.536,50.393,47.237,43.169,37.911,31.773
34.327,31.227,30.159,29.088,28.743,30.985,38.373,45.217,44.535,42.223,38.206,36.248,35.622,35.431,35.126,35.669,36.909,41.881,45.698,50.430,47.382,43.290,37.993,31.929
34.487,31.396,30.320,29.250,28.920,31.170,38.536,45.350,44.675,42.373,38.384,36.451,35.857,35.663,35.374,35.897,37.114,42.090,45.839,50.554,47.488,43.411,38.145,32.100
34.611,31.535,30.472,29.411,29.075,31.302,38.627,45.418,44.738,42.449,38.474,36.540,35.931,35.740,35.440,35.974,37.194,42.137,45.895,50.582,47.547,43.487,38.238,32.233
34.695,31.646,30.585,29.533,29.191,31.412,38.699,45.488,44.795,42.535,38.587,36.657,36.054,35.859,35.529,36.080,37.293,42.213,45.943,50.603,47.582,43.532,38.298,32.343
34.812,31.788,30.735,29.683,29.332,31.545,38.806,45.560,44.875,42.628,38.692,36.763,36.154,35.959,35.617,36.176,37.392,42.269,46.008,50.658,47.667,43.638,38.424,32.483
34.873,31.873,30.828,29.787,29.419,31.618,38.847,45.611,44.909,42.686,38.763,36.823,36.198,36.002,35.621,36.210,37.432,42.277,46.030,50.659,47.698,43.674,38.461,32.565
34.979,31.973,30.927,29.884,29.542,31.736,38.937,45.631,44.954,42.720,38.817,36.907,36.306,36.114,35.787,36.333,37.536,42.382,46.082,50.692,47.718,43.723,38.555,32.661
35.123,32.103,31.060,30.018,29.679,31.867,39.071,45.765,45.090,42.843,38.930,37.019,36.410,36.221,35.909,36.448,37.655,42.509,46.223,50.835,47.859,43.862,38.690,32.789
35.211,32.203,31.172,30.135,29.785,31.954,39.135,45.814,45.137,42.896,38.983,37.063,36.432,36.246,35.919,36.475,37.693,42.513,46.261,50.860,47.917,43.932,38.766,32.884
35.416,32.382,31.364,30.332,30.001,32.139,39.288,45.913,45.252,42.982,39.064,37.155,36.508,36.334,36.065,36.589,37.809,42.626,46.387,50.964,48.031,44.069,38.929,33.052
35.483,32.478,31.455,30.424,30.074,32.228,39.383,46.047,45.368,43.129,39.222,37.303,36.663,36.480,36.156,36.712,37.932,42.738,46.491,51.073,48.144,44.170,39.014,33.155
35.567,32.561,31.528,30.511,30.171,32.325,39.460,46.165,45.456,43.240,39.358,37.450,36.833,36.645,36.305,36.867,38.068,42.906,46.591,51.143,48.188,44.200,39.044,33.240
35.664,32.680,31.649,30.638,30.275,32.429,39.563,46.316,45.582,43.391,39.510,37.581,36.948,36.755,36.357,36.962,38.174,42.995,46.706,51.257,48.322,44.319,39.139,33.360
35.734,32.759,31.729,30.727,30.363,32.509,39.619,46.379,45.631,43.456,39.591,37.664,37.033,36.838,36.426,37.040,38.247,43.064,46.755,51.285,48.354,44.354,39.180,33.438
35.816,32.842,31.807,30.814,30.453,32.599,39.699,46.499,45.725,43.568,39.717,37.793,37.173,36.974,36.541,37.167,38.364,43.203,46.857,51.368,48.422,44.408,39.225,33.523
35.952,32.970,31.947,30.942,30.594,32.728,39.815,46.507,45.785,43.592,39.732,37.824,37.196,37.008,36.644,37.225,38.426,43.229,46.911,51.429,48.504,44.532,39.393,33.644
36.049,33.089,32.073,31.072,30.715,32.838,39.896,46.569,45.847,43.669,39.822,37.912,37.276,37.088,36.706,37.300,38.503,43.273,46.961,51.464,48.565,44.608,39.483,33.759
36.162,33.199,32.189,31.181,30.822,32.943,40.008,46.645,45.944,43.750,39.890,37.978,37.331,37.148,36.786,37.369,38.581,43.332,47.053,51.570,48.685,44.740,39.622,33.867
36.227,33.262,32.225,31.234,30.882,33.028,40.104,46.851,46.105,43.950,40.123,38.216,37.613,37.414,36.995,37.606,38.789,43.622,47.236,51.701,48.766,44.784,39.627,33.942
36.301,33.340,32.311,31.332,30.986,33.109,40.139,46.870,46.111,43.954,40.134,38.249,37.627,37.443,37.044,37.653,38.831,43.622,47.244,51.702,48.781,44.785,39.651,34.014
36.411,33.445,32.433,31.448,31.113,33.212,40.212,46.883,46.122,43.969,40.158,38.260,37.654,37.458,37.091,37.663,38.847,43.649,47.249,51.730,48.795,44.859,39.770,34.109
36.474,33.526,32.516,31.528,31.182,33.286,40.283,46.913,46.189,44.027,40.214,38.324,37.700,37.514,37.144,37.726,38.914,43.665,47.303,51.760,48.871,44.941,39.856,34.191
36.529,33.587,32.574,31.591,31.243,33.347,40.339,46.991,46.252,44.103,40.299,38.408,37.788,37.599,37.212,37.806,38.989,43.746,47.368,51.817,48.923,44.986,39.896,34.253
36.629,33.680,32.670,31.695,31.360,33.449,40.410,47.042,46.302,44.152,40.361,38.483,37.868,37.682,37.315,37.894,39.070,43.830,47.425,51.847,48.950,45.025,39.954,34.341
36.721,33.772,32.767,31.799,31.465,33.542,40.483,47.110,46.363,44.217,40.433,38.556,37.936,37.752,37.385,37.967,39.141,43.897,47.488,51.893,49.004,45.083,40.019,34.430
36.759,33.845,32.834,31.871,31.519,33.609,40.542,47.209,46.439,44.333,40.570,38.687,38.077,37.883,37.453,38.072,39.241,43.983,47.551,51.948,49.066,45.135,40.062,34.509
36.830,33.920,32.903,31.945,31.601,33.693,40.613,47.287,46.507,44.414,40.668,38.796,38.203,38.006,37.575,38.190,39.346,44.100,47.624,52.005,49.104,45.155,40.081,34.586
36.864,33.962,32.937,31.998,31.655,33.745,40.637,47.371,46.548,44.490,40.773,38.904,38.328,38.124,37.654,38.292,39.432,44.213,47.675,52.019,49.109,45.177,40.112,34.630
36.932,34.042,33.016,32.077,31.729,33.824,40.711,47.433,46.617,44.557,40.848,38.984,38.395,38.196,37.735,38.372,39.515,44.268,47.739,52.062,49.170,45.226,40.156,34.711
37.000,34.102,33.089,32.156,31.814,33.882,40.738,47.444,46.620,44.572,40.863,38.996,38.425,38.218,37.738,38.380,39.517,44.288,47.741,52.084,49.173,45.243,40.191,34.763
37.077,34.188,33.173,32.249,31.907,33.970,40.807,47.518,46.685,44.642,40.949,39.087,38.504,38.303,37.828,38.472,39.607,44.363,47.809,52.112,49.219,45.290,40.240,34.848
37.167,34.281,33.265,32.348,31.997,34.059,40.897,47.662,46.800,44.774,41.083,39.209,38.620,38.414,37.903,38.574,39.712,44.480,47.926,52.217,49.328,45.378,40.305,34.943
37.202,34.322,33.309,32.396,32.047,34.102,40.921,47.673,46.811,44.791,41.109,39.240,38.653,38.448,37.936,38.607,39.742,44.500,47.935,52.222,49.329,45.388,40.327,34.983
37.323,34.428,33.413,32.509,32.179,34.222,41.017,47.760,46.893,44.869,41.200,39.347,38.772,38.570,38.085,38.736,39.858,44.639,48.032,52.287,49.382,45.446,40.399,35.085
37.433,34.524,33.515,32.611,32.292,34.322,41.105,47.802,46.958,44.915,41.243,39.397,38.816,38.621,38.172,38.802,39.924,44.702,48.102,52.348,49.448,45.527,40.497,35.176
37.486,34.581,33.576,32.670,32.359,34.383,41.146,47.810,46.968,44.920,41.257,39.424,38.848,38.656,38.231,38.842,39.960,44.720,48.109,52.350,49.454,45.555,40.552,35.230
37.586,34.659,33.654,32.753,32.459,34.472,41.226,47.875,47.039,44.978,41.315,39.492,38.920,38.732,38.339,38.930,40.041,44.825,48.195,52.421,49.511,45.613,40.615,35.304
37.635,34.707,33.691,32.805,32.513,34.529,41.277,47.999,47.122,45.087,41.442,39.618,39.062,38.866,38.438,39.051,40.148,44.972,48.290,52.493,49.556,45.631,40.618,35.357
37.737,34.804,33.795,32.914,32.620,34.623,41.359,48.075,47.196,45.157,41.509,39.682,39.112,38.920,38.495,39.110,40.213,45.030,48.365,52.559,49.634,45.713,40.698,35.450
37.837,34.910,33.898,33.011,32.716,34.728,41.474,48.103,47.272,45.225,41.598,39.798,39.234,39.041,38.616,39.228,40.330,45.128,48.430,52.620,49.705,45.832,40.824,35.558
37.880,34.964,33.958,33.065,32.786,34.793,41.499,48.184,47.313,45.273,41.624,39.801,39.254,39.066,38.693,39.263,40.352,45.143,48.478,52.683,49.757,45.837,40.879,35.608
37.965,35.049,34.041,33.151,32.872,34.878,41.584,48.200,47.363,45.319,41.693,39.895,39.348,39.159,38.780,39.355,40.442,45.225,48.523,52.709,49.791,45.913,40.955,35.692
38.096,35.176,34.163,33.277,32.989,35.002,41.729,48.415,47.548,45.517,41.884,40.072,39.522,39.328,38.911,39.513,40.604,45.412,48.713,52.904,49.974,46.067,41.074,35.824
38.176,35.254,34.244,33.359,33.076,35.081,41.795,48.457,47.598,45.560,41.929,40.121,39.569,39.378,38.979,39.570,40.660,45.461,48.764,52.949,50.024,46.128,41.147,35.898
38.270,35.341,34.333,33.450,33.179,35.177,41.875,48.509,47.658,45.613,41.990,40.195,39.650,39.462,39.088,39.661,40.744,45.547,48.829,53.000,50.071,46.186,41.224,35.983
38.388,35.458,34.457,33.568,33.293,35.285,41.988,48.594,47.760,45.701,42.065,40.265,39.704,39.520,39.159,39.727,40.821,45.603,48.924,53.108,50.196,46.322,41.364,36.098
38.439,35.532,34.527,33.637,33.346,35.352,42.062,48.703,47.854,45.821,42.192,40.382,39.825,39.634,39.226,39.822,40.917,45.690,49.008,53.198,50.291,46.405,41.433,36.177
38.526,35.631,34.632,33.739,33.435,35.438,42.149,48.772,47.934,45.899,42.262,40.442,39.869,39.679,39.262,39.868,40.975,45.718,49.075,53.275,50.393,46.516,41.544,36.274
38.642,35.744,34.743,33.851,33.541,35.548,42.274,48.938,48.084,46.054,42.410,40.580,40.003,39.811,39.373,39.994,41.105,45.862,49.228,53.434,50.546,46.651,41.657,36.389
38.704,35.816,34.821,33.933,33.620,35.617,42.320,48.965,48.112,46.088,42.453,40.625,40.042,39.851,39.410,40.035,41.147,45.882,49.250,53.442,50.571,46.688,41.708,36.458
38.833,35.933,34.938,34.053,33.745,35.736,42.439,49.078,48.234,46.203,42.563,40.734,40.147,39.958,39.526,40.147,41.260,45.998,49.373,53.554,50.692,46.806,41.820,36.573
38.892,36.014,35.028,34.140,33.828,35.812,42.487,49.091,48.243,46.216,42.589,40.768,40.179,39.992,39.568,40.182,41.295,46.008,49.379,53.568,50.705,46.849,41.896,36.651
39.003,36.121,35.136,34.242,33.932,35.920,42.603,49.173,48.352,46.315,42.681,40.863,40.274,40.089,39.681,40.284,41.398,46.097,49.481,53.673,50.825,46.974,42.027,36.758
39.093,36.208,35.229,34.336,34.031,36.006,42.675,49.220,48.406,46.361,42.727,40.911,40.315,40.134,39.742,40.336,41.454,46.142,49.536,53.719,50.881,47.042,42.106,36.841
39.197,36.327,35.343,34.454,34.129,36.115,42.800,49.409,48.569,46.547,42.911,41.077,40.476,40.287,39.839,40.472,41.596,46.287,49.692,53.883,51.048,47.184,42.217,36.965
39.324,36.465,35.490,34.606,34.260,36.235,42.917,49.555,48.699,46.688,43.042,41.186,40.556,40.368,39.881,40.548,41.689,46.357,49.812,54.004,51.197,47.325,42.338,37.101
39.458,36.614,35.637,34.741,34.390,36.380,43.075,49.689,48.851,46.841,43.196,41.341,40.719,40.528,40.040,40.703,41.844,46.493,49.952,54.163,51.362,47.499,42.519,37.253
39.633,36.764,35.804,34.921,34.572,36.524,43.195,49.804,48.958,46.928,43.268,41.403,40.745,40.564,40.096,40.759,41.916,46.562,50.069,54.258,51.478,47.620,42.637,37.393
39.764,36.888,35.929,35.058,34.706,36.646,43.309,49.971,49.094,47.074,43.414,41.539,40.869,40.688,40.194,40.880,42.040,46.705,50.213,54.385,51.602,47.725,42.720,37.515
39.890,37.008,36.050,35.185,34.835,36.769,43.424,50.096,49.210,47.192,43.533,41.658,40.987,40.806,40.313,41.000,42.159,46.832,50.335,54.496,51.711,47.830,42.824,37.634
40.003,37.132,36.167,35.306,34.953,36.894,43.548,50.251,49.348,47.348,43.701,41.826,41.165,40.980,40.460,41.162,42.313,46.995,50.472,54.628,51.834,47.943,42.929,37.761
40.127,37.259,36.288,35.427,35.066,37.020,43.692,50.436,49.519,47.530,43.880,41.997,41.340,41.149,40.603,41.321,42.474,47.169,50.643,54.808,52.004,48.095,43.060,37.893
40.290,37.432,36.448,35.592,35.219,37.192,43.885,50.716,49.762,47.801,44.157,42.261,41.615,41.413,40.810,41.564,42.712,47.436,50.888,55.057,52.233,48.289,43.217,38.074
40.423,37.560,36.575,35.725,35.350,37.320,44.016,50.881,49.909,47.954,44.309,42.408,41.759,41.556,40.938,41.704,42.852,47.591,51.040,55.204,52.374,48.416,43.329,38.203
40.609,37.731,36.761,35.916,35.548,37.488,44.155,50.974,50.015,48.039,44.386,42.486,41.813,41.620,41.038,41.788,42.946,47.666,51.149,55.296,52.490,48.553,43.485,38.364
40.793,37.898,36.941,36.102,35.747,37.656,44.292,51.060,50.115,48.117,44.462,42.569,41.879,41.697,41.158,41.886,43.048,47.756,51.256,55.381,52.590,48.676,43.632,38.520
40.961,38.050,37.097,36.254,35.914,37.816,44.446,51.173,50.247,48.228,44.569,42.688,42.000,41.824,41.327,42.026,43.186,47.897,51.394,55.517,52.722,48.823,43.797,38.669
41.078,38.185,37.233,36.379,36.032,37.945,44.581,51.266,50.366,48.345,44.686,42.807,42.120,41.944,41.450,42.144,43.306,47.985,51.497,55.638,52.859,48.976,43.965,38.806
41.245,38.359,37.405,36.547,36.192,38.114,44.765,51.466,50.563,48.548,44.884,42.998,42.311,42.131,41.621,42.325,43.491,48.168,51.690,55.844,53.065,49.175,44.154,38.983
41.436,38.533,37.576,36.727,36.382,38.297,44.942,51.667,50.748,48.730,45.069,43.187,42.503,42.325,41.823,42.523,43.683,48.389,51.890,56.028,53.232,49.331,44.303,39.155
41.528,38.649,37.676,36.834,36.480,38.418,45.067,51.872,50.913,48.941,45.305,43.421,42.765,42.573,42.005,42.741,43.885,48.615,52.054,56.183,53.363,49.433,44.382,39.281
41.652,38.772,37.802,36.969,36.621,38.546,45.167,51.961,50.997,49.029,45.407,43.530,42.876,42.685,42.124,42.856,43.993,48.722,52.141,56.246,53.428,49.508,44.471,39.401
41.887,38.984,38.017,37.197,36.842,38.751,45.384,52.261,51.256,49.288,45.645,43.745,43.063,42.874,42.285,43.047,44.199,48.962,52.415,56.513,53.691,49.736,44.653,39.610
42.066,39.166,38.197,37.384,37.013,38.925,45.571,52.521,51.484,49.532,45.883,43.963,43.270,43.075,42.438,43.237,44.397,49.173,52.643,56.743,53.921,49.937,44.818,39.796
42.416,39.466,38.511,37.704,37.345,39.222,45.871,52.810,51.779,49.780,46.095,44.165,43.433,43.253,42.669,43.447,44.627,49.421,52.956,57.054,54.239,50.255,45.125,40.084
42.630,39.713,38.771,37.968,37.574,39.439,46.079,53.043,51.996,50.020,46.329,44.369,43.600,43.418,42.769,43.599,44.803,49.545,53.150,57.250,54.486,50.499,45.350,40.329
42.905,39.974,39.013,38.228,37.818,39.700,46.384,53.536,52.407,50.466,46.767,44.776,44.009,43.813,43.074,43.968,45.172,49.996,53.581,57.682,54.873,50.808,45.572,40.601
43.182,40.257,39.278,38.481,38.096,40.009,46.697,53.802,52.698,50.759,47.087,45.132,44.420,44.219,43.518,44.369,45.541,50.385,53.877,57.981,55.132,51.081,45.881,40.891
43.502,40.547,39.578,38.785,38.404,40.296,46.989,54.102,52.996,51.031,47.335,45.370,44.631,44.437,43.757,44.605,45.792,50.648,54.185,58.290,55.445,51.389,46.174,41.176
43.822,40.896,39.931,39.136,38.731,40.627,47.320,54.446,53.334,51.390,47.694,45.712,44.960,44.762,44.037,44.917,46.115,50.935,54.504,58.618,55.802,51.744,46.520,41.526
44.178,41.238,40.278,39.513,39.104,40.968,47.629,54.844,53.671,51.747,48.058,46.062,45.288,45.090,44.324,45.242,46.443,51.295,54.859,58.925,56.107,52.022,46.766,41.863
44.630,41.749,40.784,40.000,39.536,41.443,48.160,55.433,54.254,52.370,48.666,46.629,45.842,45.629,44.755,45.743,46.968,51.767,55.401,59.528,56.747,52.638,47.337,42.387
45.055,42.178,41.233,40.424,39.984,41.876,48.557,55.609,54.533,52.596,48.893,46.893,46.107,45.911,45.158,46.060,47.285,52.002,55.662,59.798,57.058,53.037,47.834,42.805
46.104,43.242,42.250,41.434,40.890,42.886,49.800,57.312,56.087,54.224,50.435,48.306,47.487,47.249,46.209,47.314,48.591,53.426,57.209,61.482,58.687,54.460,48.991,43.910
47.275,44.533,43.506,42.641,41.952,44.091,51.227,59.019,57.740,55.974,52.119,49.868,49.026,48.739,47.393,48.697,50.038,54.822,58.778,63.241,60.481,56.128,50.471,45.247
48.538,46.048,44.937,44.126,43.116,45.446,52.855,61.743,59.999,58.637,54.767,52.215,51.306,50.889,48.601,50.549,51.981,56.837,60.940,65.530,62.790,58.014,51.819,46.852
