-11.900,-18.418,-22.146,-24.271,-22.269,-16.082,-17.180,-14.278,-13.096,-13.960,-16.879,-15.128,-17.250,-18.271,-13.058,-6.440,4.378,14.549,22.611,24.123,18.086,12.804,15.764,6.898
-10.128,-16.420,-19.974,-21.188,-19.551,-15.125,-16.115,-13.266,-12.726,-12.541,-15.982,-15.069,-15.608,-16.804,-12.653,-6.387,4.526,15.493,22.944,24.275,18.191,13.296,15.898,7.679
-7.784,-13.786,-17.138,-17.602,-16.066,-12.755,-13.463,-11.144,-11.021,-10.215,-13.794,-13.331,-13.210,-14.378,-10.785,-4.783,5.730,15.516,23.823,24.413,18.530,14.220,16.541,9.519
-6.436,-12.083,-15.148,-15.408,-13.902,-11.002,-11.545,-9.438,-9.508,-8.354,-11.997,-11.406,-11.164,-12.476,-9.094,-3.153,7.168,16.482,24.825,24.980,18.867,14.772,16.979,10.714
-4.395,-10.251,-13.556,-13.680,-12.262,-9.511,-10.152,-8.047,-8.067,-7.113,-10.639,-10.574,-10.066,-11.102,-7.871,-2.186,7.921,17.406,25.576,25.983,19.713,16.528,18.671,12.059
-3.257,-9.120,-12.465,-12.826,-11.444,-8.433,-9.195,-6.902,-6.778,-6.075,-9.478,-9.377,-8.996,-9.984,-6.698,-1.142,8.811,18.201,26.081,26.966,21.017,17.644,19.819,12.813
-2.200,-7.942,-11.209,-11.717,-10.348,-7.198,-7.987,-5.640,-5.451,-4.850,-8.162,-7.921,-7.687,-8.694,-5.380,0.096,9.880,19.066,26.723,27.758,22.015,18.465,20.643,13.620
-1.284,-6.861,-10.005,-10.504,-9.134,-6.038,-6.771,-4.507,-4.346,-3.693,-6.968,-6.619,-6.449,-7.495,-4.214,1.225,10.865,19.847,27.411,28.286,22.586,19.012,21.156,14.414
-0.599,-6.073,-9.143,-9.704,-8.338,-5.200,-5.926,-3.661,-3.483,-2.851,-6.082,-5.633,-5.544,-6.616,-3.333,2.066,11.601,20.433,27.882,28.774,23.168,19.499,21.636,14.973
0.212,-5.301,-8.423,-9.011,-7.647,-4.439,-5.191,-2.932,-2.702,-2.187,-5.343,-4.958,-4.916,-5.909,-2.603,2.746,12.197,21.082,28.420,29.352,23.846,20.245,22.382,15.626
0.977,-4.478,-7.571,-8.122,-6.769,-3.622,-4.353,-2.153,-1.933,-1.418,-4.534,-4.178,-4.128,-5.095,-1.832,3.459,12.798,21.606,28.871,29.728,24.264,20.755,22.861,16.223
1.456,-3.956,-7.015,-7.676,-6.315,-3.036,-3.786,-1.539,-1.271,-0.822,-3.899,-3.428,-3.497,-4.488,-1.169,4.120,13.421,22.164,29.335,30.279,24.910,21.237,23.365,16.677
2.003,-3.446,-6.552,-7.213,-5.856,-2.552,-3.319,-1.081,-0.783,-0.407,-3.438,-3.038,-3.113,-4.044,-0.721,4.531,13.781,22.575,29.684,30.652,25.337,21.743,23.867,17.113
2.654,-2.731,-5.795,-6.407,-5.037,-1.777,-2.496,-0.364,-0.082,0.307,-2.684,-2.274,-2.392,-3.301,0.012,5.250,14.409,23.163,30.224,30.989,25.676,22.163,24.260,17.708
3.114,-2.150,-5.122,-5.755,-4.406,-1.192,-1.897,0.241,0.502,0.938,-2.047,-1.559,-1.679,-2.639,0.625,5.810,14.875,23.428,30.420,31.214,25.958,22.382,24.458,18.023
3.412,-1.802,-4.738,-5.330,-4.010,-0.904,-1.602,0.539,0.761,1.263,-1.745,-1.282,-1.316,-2.299,0.891,6.031,15.055,23.500,30.497,31.321,26.060,22.530,24.579,18.209
3.614,-1.588,-4.510,-5.007,-3.680,-0.683,-1.337,0.720,0.894,1.470,-1.560,-1.138,-1.122,-2.099,1.055,6.211,15.242,23.704,30.766,31.410,26.064,22.648,24.674,18.461
4.061,-1.128,-4.048,-4.554,-3.219,-0.191,-0.838,1.185,1.379,1.911,-1.076,-0.650,-0.686,-1.635,1.536,6.676,15.649,24.112,31.112,31.705,26.401,23.007,25.025,18.849
4.344,-0.727,-3.553,-4.003,-2.681,0.217,-0.382,1.587,1.720,2.365,-0.646,-0.248,-0.166,-1.168,1.932,7.048,15.960,24.258,31.266,31.750,26.414,23.039,25.028,19.073
4.634,-0.519,-3.420,-3.784,-2.466,0.364,-0.235,1.684,1.809,2.435,-0.566,-0.174,-0.163,-1.088,1.985,7.081,15.992,24.413,31.449,31.867,26.497,23.321,25.291,19.314
4.944,-0.131,-2.973,-3.385,-2.073,0.784,0.189,2.119,2.252,2.873,-0.105,0.295,0.327,-0.627,2.445,7.514,16.356,24.657,31.618,32.067,26.760,23.500,25.466,19.540
5.235,0.247,-2.525,-2.933,-1.610,1.229,0.672,2.552,2.666,3.329,0.358,0.841,0.824,-0.164,2.906,7.983,16.780,24.990,31.930,32.259,26.947,23.647,25.601,19.844
5.561,0.599,-2.160,-2.531,-1.223,1.549,1.000,2.858,2.953,3.639,0.672,1.118,1.146,0.166,3.191,8.232,16.981,25.142,32.066,32.377,27.072,23.841,25.773,20.072
5.766,0.854,-1.866,-2.239,-0.939,1.805,1.265,3.120,3.203,3.915,0.948,1.423,1.454,0.453,3.456,8.476,17.187,25.266,32.167,32.478,27.190,23.942,25.863,20.221
6.062,1.224,-1.438,-1.813,-0.510,2.219,1.705,3.527,3.598,4.336,1.381,1.917,1.913,0.887,3.882,8.896,17.556,25.547,32.415,32.655,27.379,24.100,26.010,20.491
6.276,1.429,-1.246,-1.592,-0.312,2.357,1.831,3.666,3.724,4.475,1.513,1.984,2.052,1.040,3.988,8.960,17.599,25.567,32.434,32.732,27.465,24.254,26.149,20.602
6.497,1.635,-1.059,-1.382,-0.117,2.512,1.977,3.816,3.870,4.617,1.658,2.068,2.186,1.196,4.112,9.052,17.668,25.635,32.492,32.828,27.574,24.430,26.315,20.738
6.565,1.706,-0.983,-1.288,-0.024,2.578,2.050,3.881,3.922,4.693,1.721,2.127,2.264,1.266,4.172,9.116,17.742,25.706,32.585,32.900,27.624,24.493,26.374,20.822
6.801,1.929,-0.778,-1.145,0.112,2.788,2.226,4.108,4.188,4.891,1.948,2.359,2.463,1.481,4.406,9.323,17.921,25.878,32.691,33.130,27.931,24.752,26.644,20.977
7.048,2.154,-0.579,-0.921,0.324,2.968,2.398,4.276,4.356,5.045,2.112,2.456,2.602,1.650,4.550,9.436,18.009,25.981,32.779,33.243,28.059,24.956,26.837,21.140
7.398,2.572,-0.112,-0.461,0.770,3.384,2.822,4.700,4.769,5.480,2.554,2.934,3.082,2.106,4.976,9.827,18.339,26.199,32.954,33.418,28.282,25.133,26.981,21.394
7.541,2.754,0.069,-0.260,0.981,3.595,3.037,4.870,4.946,5.631,2.743,3.053,3.218,2.279,5.155,9.962,18.451,26.305,33.040,33.431,28.286,25.157,27.024,21.520
7.571,2.817,0.200,-0.116,1.092,3.620,3.050,4.941,4.992,5.721,2.779,3.104,3.316,2.362,5.165,9.994,18.458,26.315,33.066,33.465,28.300,25.225,27.081,21.525
7.769,2.915,0.219,-0.106,1.112,3.665,3.125,4.984,5.016,5.780,2.855,3.136,3.377,2.431,5.237,10.026,18.492,26.326,33.067,33.600,28.470,25.461,27.304,21.632
7.813,2.976,0.271,-0.032,1.170,3.699,3.138,5.006,5.060,5.806,2.865,3.325,3.467,2.437,5.274,10.121,18.592,26.328,33.071,33.647,28.503,25.480,27.328,21.650
8.057,3.229,0.529,0.229,1.432,3.956,3.386,5.256,5.310,6.028,3.110,3.390,3.627,2.686,5.488,10.272,18.721,26.547,33.275,33.792,28.668,25.670,27.509,21.875
8.163,3.365,0.691,0.390,1.590,4.100,3.537,5.404,5.448,6.187,3.265,3.570,3.806,2.848,5.640,10.418,18.854,26.633,33.356,33.866,28.743,25.711,27.541,21.968
8.180,3.420,0.783,0.499,1.707,4.191,3.654,5.492,5.515,6.300,3.363,3.712,3.936,2.950,5.740,10.541,18.985,26.733,33.482,33.909,28.749,25.727,27.561,22.048
8.424,3.633,0.960,0.691,1.886,4.356,3.803,5.644,5.677,6.428,3.510,3.786,4.045,3.098,5.869,10.633,19.046,26.819,33.540,34.010,28.881,25.920,27.741,22.190
8.530,3.773,1.127,0.872,2.056,4.479,3.934,5.774,5.788,6.575,3.645,3.927,4.216,3.250,5.990,10.738,19.132,26.844,33.567,34.041,28.900,25.952,27.762,22.257
8.718,3.976,1.338,1.107,2.282,4.661,4.121,5.947,5.948,6.750,3.822,4.079,4.398,3.438,6.149,10.872,19.235,26.915,33.627,34.068,28.909,26.052,27.831,22.378
8.831,4.121,1.507,1.336,2.502,4.785,4.269,6.057,6.019,6.885,3.938,4.170,4.546,3.577,6.240,10.951,19.297,26.933,33.675,34.090,28.953,26.057,27.848,22.466
8.992,4.288,1.676,1.532,2.690,4.931,4.421,6.194,6.143,7.025,4.076,4.279,4.686,3.725,6.363,11.056,19.384,27.006,33.749,34.126,28.962,26.159,27.921,22.583
9.098,4.411,1.813,1.686,2.844,5.058,4.559,6.316,6.252,7.157,4.202,4.409,4.825,3.857,6.483,11.177,19.499,27.102,33.855,34.196,29.009,26.226,27.982,22.691
9.277,4.596,2.000,1.871,3.028,5.245,4.746,6.497,6.438,7.332,4.389,4.593,5.001,4.041,6.666,11.349,19.649,27.243,33.974,34.312,29.141,26.368,28.121,22.837
9.485,4.797,2.192,2.070,3.224,5.434,4.933,6.678,6.622,7.504,4.570,4.751,5.167,4.221,6.841,11.511,19.794,27.396,34.114,34.453,29.293,26.550,28.299,23.008
9.611,4.939,2.345,2.228,3.384,5.588,5.095,6.825,6.765,7.652,4.724,4.913,5.321,4.374,6.991,11.659,19.928,27.515,34.225,34.533,29.373,26.616,28.356,23.127
9.628,4.996,2.441,2.335,3.498,5.680,5.210,6.917,6.837,7.768,4.825,5.063,5.458,4.481,7.096,11.783,20.057,27.603,34.334,34.571,29.382,26.635,28.380,23.196
9.761,5.155,2.620,2.536,3.699,5.846,5.393,7.075,6.979,7.938,4.991,5.236,5.638,4.653,7.253,11.940,20.202,27.721,34.460,34.645,29.439,26.689,28.421,23.329
9.897,5.330,2.828,2.746,3.901,6.018,5.572,7.254,7.144,8.132,5.178,5.445,5.860,4.853,7.431,12.104,20.342,27.794,34.524,34.713,29.513,26.749,28.471,23.428
10.080,5.474,2.934,2.863,4.017,6.139,5.683,7.360,7.262,8.216,5.278,5.489,5.916,4.946,7.525,12.185,20.416,27.922,34.641,34.840,29.652,26.946,28.668,23.574
10.170,5.546,2.989,2.888,4.041,6.208,5.734,7.438,7.361,8.278,5.352,5.563,5.971,5.010,7.607,12.264,20.497,28.021,34.719,34.976,29.816,27.084,28.816,23.653
10.326,5.703,3.146,3.078,4.233,6.364,5.904,7.575,7.486,8.419,5.492,5.680,6.104,5.154,7.738,12.393,20.618,28.152,34.861,35.056,29.876,27.196,28.918,23.806
10.490,5.843,3.264,3.178,4.335,6.501,6.027,7.712,7.641,8.537,5.625,5.800,6.209,5.276,7.876,12.527,20.750,28.315,35.004,35.233,30.075,27.395,29.124,23.954
10.618,5.985,3.416,3.353,4.505,6.633,6.169,7.838,7.753,8.672,5.755,5.919,6.350,5.415,7.994,12.637,20.849,28.393,35.089,35.293,30.124,27.472,29.191,24.063
10.789,6.185,3.636,3.595,4.744,6.837,6.388,8.031,7.932,8.873,5.958,6.124,6.562,5.624,8.185,12.818,21.002,28.510,35.199,35.356,30.183,27.556,29.264,24.204
10.874,6.289,3.759,3.682,4.840,6.977,6.528,8.181,8.093,9.024,6.115,6.335,6.727,5.771,8.357,13.004,21.189,28.679,35.352,35.513,30.355,27.660,29.376,24.321
10.971,6.430,3.923,3.838,4.987,7.118,6.671,8.336,8.235,9.197,6.268,6.507,6.916,5.936,8.510,13.160,21.332,28.743,35.399,35.602,30.463,27.709,29.423,24.389
11.003,6.435,3.937,3.848,5.001,7.121,6.672,8.347,8.253,9.205,6.289,6.556,6.943,5.955,8.529,13.165,21.358,28.814,35.507,35.684,30.511,27.791,29.506,24.466
11.168,6.595,4.076,3.970,5.123,7.284,6.825,8.507,8.426,9.353,6.441,6.691,7.071,6.099,8.690,13.333,21.519,28.979,35.640,35.857,30.719,27.970,29.693,24.608
11.269,6.687,4.160,4.082,5.228,7.346,6.888,8.566,8.471,9.416,6.493,6.706,7.130,6.163,8.730,13.364,21.552,29.015,35.695,35.913,30.758,28.056,29.770,24.689
11.372,6.794,4.272,4.223,5.366,7.441,6.993,8.653,8.542,9.514,6.581,6.775,7.228,6.260,8.807,13.438,21.625,29.082,35.781,35.966,30.788,28.124,29.829,24.786
11.483,6.912,4.392,4.344,5.480,7.544,7.092,8.761,8.647,9.623,6.688,6.878,7.344,6.374,8.909,13.528,21.706,29.142,35.835,36.044,30.876,28.214,29.916,24.866
11.653,7.096,4.588,4.500,5.651,7.782,7.332,8.996,8.905,9.847,6.936,7.178,7.571,6.600,9.174,13.808,21.975,29.413,36.071,36.258,31.116,28.394,30.107,25.066
11.743,7.189,4.685,4.606,5.766,7.897,7.458,9.101,9.006,9.954,7.044,7.296,7.674,6.703,9.286,13.934,22.105,29.557,36.224,36.357,31.199,28.483,30.196,25.192
11.905,7.326,4.797,4.696,5.852,8.019,7.561,9.226,9.153,10.058,7.165,7.397,7.766,6.815,9.410,14.044,22.208,29.685,36.323,36.516,31.392,28.675,30.395,25.315
12.048,7.498,4.993,4.826,5.991,8.241,7.776,9.465,9.419,10.289,7.417,7.729,8.019,7.048,9.682,14.326,22.474,29.915,36.504,36.732,31.656,28.831,30.566,25.469
12.200,7.711,5.257,5.089,6.253,8.479,8.033,9.706,9.645,10.549,7.676,8.040,8.315,7.315,9.935,14.573,22.689,30.048,36.622,36.810,31.686,28.875,30.575,25.603
12.272,7.815,5.388,5.255,6.414,8.580,8.153,9.801,9.711,10.665,7.776,8.141,8.447,7.431,10.022,14.656,22.762,30.079,36.674,36.812,31.708,28.878,30.589,25.671
12.295,7.865,5.468,5.384,6.546,8.637,8.240,9.855,9.724,10.755,7.829,8.207,8.550,7.504,10.069,14.726,22.860,30.152,36.812,36.858,31.738,28.881,30.606,25.765
12.500,8.058,5.646,5.578,6.734,8.806,8.406,10.013,9.883,10.904,7.987,8.324,8.688,7.663,10.214,14.852,22.967,30.269,36.918,36.968,31.805,29.045,30.738,25.918
12.625,8.202,5.805,5.716,6.879,8.981,8.585,10.188,10.067,11.076,8.171,8.546,8.870,7.838,10.407,15.050,23.154,30.440,37.068,37.102,31.954,29.156,30.853,26.053
12.806,8.395,6.008,5.969,7.138,9.189,8.820,10.368,10.224,11.265,8.358,8.715,9.052,8.028,10.582,15.234,23.328,30.624,37.274,37.192,32.005,29.272,30.956,26.255
12.954,8.573,6.212,6.114,7.297,9.429,9.059,10.618,10.498,11.510,8.622,9.064,9.316,8.273,10.870,15.539,23.623,30.892,37.501,37.423,32.272,29.415,31.113,26.437
12.961,8.633,6.323,6.207,7.390,9.514,9.157,10.725,10.591,11.645,8.739,9.252,9.490,8.399,10.992,15.672,23.760,30.951,37.568,37.489,32.329,29.435,31.133,26.477
13.106,8.847,6.594,6.443,7.634,9.789,9.448,11.009,10.875,11.943,9.045,9.656,9.830,8.700,11.309,16.000,24.061,31.171,37.758,37.643,32.501,29.494,31.194,26.642
13.270,9.047,6.824,6.710,7.898,9.991,9.673,11.198,11.037,12.149,9.244,9.854,10.050,8.912,11.492,16.173,24.210,31.275,37.870,37.684,32.521,29.553,31.236,26.784
13.389,9.144,6.901,6.741,7.930,10.088,9.745,11.309,11.178,12.242,9.351,9.971,10.138,9.006,11.612,16.293,24.335,31.421,37.988,37.884,32.759,29.742,31.441,26.895
13.586,9.355,7.121,6.964,8.149,10.292,9.952,11.514,11.378,12.448,9.559,10.179,10.352,9.218,11.813,16.482,24.507,31.568,38.125,38.023,32.907,29.897,31.590,27.060
13.831,9.616,7.392,7.223,8.422,10.604,10.276,11.808,11.685,12.732,9.868,10.521,10.634,9.508,12.132,16.811,24.814,31.882,38.408,38.239,33.137,30.111,31.807,27.323
13.967,9.777,7.576,7.453,8.649,10.759,10.454,11.952,11.798,12.896,10.016,10.658,10.809,9.672,12.264,16.942,24.937,31.976,38.532,38.291,33.151,30.172,31.852,27.459
14.166,9.981,7.782,7.719,8.898,10.909,10.613,12.093,11.905,13.055,10.153,10.735,10.971,9.837,12.371,17.023,25.007,32.019,38.605,38.349,33.178,30.288,31.946,27.599
14.313,10.145,7.960,7.889,9.060,11.064,10.764,12.259,12.068,13.228,10.320,10.914,11.159,10.012,12.535,17.178,25.155,32.130,38.710,38.487,33.325,30.415,32.071,27.723
14.504,10.365,8.204,8.121,9.293,11.301,11.008,12.501,12.307,13.475,10.571,11.198,11.425,10.263,12.786,17.426,25.386,32.321,38.885,38.654,33.504,30.563,32.218,27.904
14.619,10.547,8.444,8.365,9.537,11.511,11.241,12.719,12.502,13.724,10.805,11.496,11.715,10.509,13.017,17.662,25.608,32.454,39.024,38.746,33.580,30.594,32.240,28.034
14.890,10.867,8.802,8.726,9.887,11.827,11.565,13.040,12.808,14.057,11.138,11.849,12.079,10.856,13.335,17.957,25.863,32.628,39.177,38.900,33.749,30.756,32.389,28.242
15.103,11.121,9.086,9.037,10.177,12.038,11.782,13.261,13.000,14.302,11.362,12.063,12.355,11.110,13.535,18.124,26.002,32.680,39.234,38.982,33.828,30.859,32.473,28.375
15.307,11.297,9.236,9.200,10.345,12.214,11.958,13.419,13.166,14.444,11.518,12.186,12.474,11.256,13.690,18.281,26.157,32.886,39.437,39.158,34.003,31.077,32.692,28.579
15.579,11.601,9.568,9.446,10.605,12.585,12.318,13.810,13.594,14.823,11.925,12.694,12.877,11.637,14.126,18.731,26.592,33.286,39.776,39.538,34.442,31.379,33.014,28.875
15.773,11.801,9.773,9.664,10.810,12.749,12.479,13.987,13.755,15.013,12.095,12.848,13.078,11.826,14.285,18.876,26.742,33.405,39.912,39.715,34.609,31.557,33.185,29.040
15.946,11.970,9.943,9.831,10.971,12.901,12.624,14.154,13.917,15.188,12.255,13.008,13.259,11.994,14.445,19.037,26.921,33.574,40.099,39.942,34.830,31.762,33.392,29.222
16.569,12.558,10.491,10.285,11.437,13.524,13.210,14.775,14.613,15.750,12.885,13.659,13.798,12.578,15.101,19.680,27.525,34.233,40.649,40.583,35.579,32.445,34.101,29.788
16.665,12.712,10.698,10.502,11.642,13.671,13.371,14.945,14.750,15.957,13.060,13.877,14.051,12.779,15.266,19.842,27.688,34.297,40.739,40.679,35.652,32.478,34.123,29.885
16.867,12.890,10.863,10.742,11.866,13.780,13.487,15.056,14.815,16.097,13.148,13.891,14.181,12.903,15.332,19.906,27.796,34.417,40.947,40.879,35.777,32.695,34.324,30.102
17.138,13.202,11.213,11.007,12.145,14.159,13.860,15.467,15.253,16.512,13.572,14.436,14.630,13.308,15.790,20.391,28.289,34.862,41.358,41.334,36.270,33.023,34.675,30.439
17.633,13.657,11.634,11.549,12.665,14.491,14.206,15.749,15.448,16.825,13.831,14.497,14.904,13.622,15.981,20.548,28.455,35.069,41.682,41.529,36.342,33.388,34.989,30.868
17.688,13.672,11.643,11.616,12.726,14.506,14.225,15.850,15.553,16.964,13.891,14.648,15.056,13.693,16.097,20.743,28.816,35.460,42.184,42.201,36.956,33.799,35.445,31.161
18.382,14.200,12.031,11.878,12.969,14.861,14.459,16.259,16.012,17.325,14.236,14.832,15.356,14.048,16.442,21.042,29.190,35.965,42.701,43.089,37.902,34.780,36.451,31.751
18.590,14.472,12.446,11.892,13.021,15.395,14.922,17.074,16.909,18.246,15.012,16.229,16.423,14.784,17.448,22.327,30.861,37.532,44.408,45.227,40.015,35.911,37.749,32.729
