8.278,5.946,5.185,4.535,6.435,13.466,29.240,41.941,48.048,48.492,46.159,45.199,39.626,38.458,36.649,34.978,35.343,39.000,47.919,54.328,53.645,48.152,40.066,30.748
15.514,13.376,12.603,12.544,14.274,20.659,34.258,45.228,48.756,48.849,47.670,46.863,42.702,41.638,40.267,38.004,38.656,41.897,48.973,54.428,53.780,48.447,42.402,34.349
17.816,16.235,15.397,15.640,17.184,23.089,35.682,45.650,48.804,48.886,47.718,46.879,44.136,42.574,40.824,38.990,39.495,42.878,48.973,54.451,53.824,48.568,42.776,34.627
20.253,18.808,17.997,18.380,19.811,25.296,36.869,45.723,48.823,48.897,47.777,46.914,44.419,42.968,41.410,39.601,40.102,43.184,49.022,54.564,53.909,48.617,42.789,35.526
21.411,20.122,19.344,19.717,21.061,26.247,37.115,45.753,48.971,49.038,47.844,46.967,44.431,43.036,41.445,39.690,40.223,43.266,49.110,54.600,53.933,48.636,43.123,35.628
22.240,20.904,20.170,20.504,21.810,26.808,37.373,45.755,49.029,49.060,47.848,46.971,44.454,43.070,41.519,39.887,40.332,43.315,49.127,54.610,53.942,48.666,43.137,36.222
22.842,21.540,20.825,21.161,22.428,27.277,37.566,45.799,49.074,49.147,47.976,46.983,44.552,43.077,41.525,40.008,40.405,43.318,49.128,54.687,53.997,48.710,43.245,36.474
23.148,21.886,21.173,21.524,22.767,27.535,37.723,45.800,49.147,49.232,48.025,47.025,44.604,43.136,41.554,40.158,40.473,43.415,49.220,54.695,54.046,48.887,43.433,36.641
23.490,22.247,21.557,21.874,23.086,27.734,37.737,45.820,49.206,49.237,48.078,47.212,44.613,43.194,41.589,40.196,40.489,43.456,49.348,54.699,54.087,49.011,43.448,36.799
23.689,22.471,21.778,22.114,23.320,27.952,37.867,45.861,49.247,49.330,48.115,47.235,44.628,43.205,41.626,40.261,40.571,43.467,49.458,54.721,54.096,49.096,43.480,36.822
24.090,22.858,22.172,22.534,23.723,28.278,38.115,46.104,49.290,49.373,48.217,47.337,44.836,43.384,41.709,40.452,40.675,43.671,49.458,54.739,54.125,49.131,43.816,37.176
24.304,23.100,22.404,22.787,23.976,28.547,38.369,46.116,49.341,49.404,48.264,47.364,45.089,43.625,41.968,40.671,40.926,43.900,49.537,54.745,54.140,49.152,43.949,37.303
24.503,23.318,22.624,23.005,24.186,28.728,38.506,46.214,49.371,49.435,48.345,47.373,45.228,43.751,42.080,40.815,41.058,44.032,49.564,54.815,54.171,49.174,44.073,37.434
24.722,23.550,22.856,23.247,24.422,28.949,38.668,46.334,49.468,49.518,48.420,47.427,45.344,43.873,42.220,40.938,41.194,44.145,49.623,54.881,54.196,49.186,44.153,37.551
24.859,23.706,23.010,23.410,24.579,29.093,38.761,46.392,49.468,49.521,48.441,47.459,45.407,43.936,42.300,41.004,41.275,44.201,49.713,54.974,54.344,49.281,44.160,37.585
25.047,23.899,23.200,23.622,24.789,29.293,38.911,46.503,49.606,49.653,48.449,47.528,45.509,44.037,42.411,41.091,41.373,44.293,49.725,55.045,54.515,49.304,44.228,37.678
25.181,24.034,23.333,23.769,24.936,29.438,39.041,46.618,49.800,49.833,48.479,47.620,45.621,44.143,42.517,41.185,41.471,44.395,49.738,55.072,54.546,49.330,44.324,37.776
25.332,24.182,23.486,23.921,25.081,29.555,39.109,46.641,49.823,49.855,48.501,47.644,45.652,44.181,42.553,41.239,41.511,44.435,49.856,55.163,54.626,49.478,44.396,37.880
25.468,24.311,23.618,24.046,25.207,29.681,39.237,46.772,49.868,49.895,48.583,47.781,45.772,44.310,42.687,41.373,41.645,44.564,49.896,55.242,54.736,49.656,44.539,38.033
25.614,24.446,23.752,24.184,25.350,29.837,39.406,46.956,49.958,49.993,48.767,47.954,45.929,44.476,42.867,41.527,41.810,44.724,50.021,55.247,54.769,49.713,44.697,38.196
25.771,24.606,23.913,24.348,25.510,29.983,39.514,47.034,49.962,50.022,48.836,48.021,46.002,44.557,42.960,41.615,41.902,44.802,50.076,55.278,54.783,49.759,44.769,38.297
25.903,24.739,24.050,24.474,25.634,30.098,39.612,47.121,49.981,50.041,48.930,48.116,46.086,44.653,43.068,41.725,42.014,44.897,50.163,55.354,54.861,49.799,44.865,38.415
26.026,24.866,24.178,24.604,25.759,30.203,39.701,47.188,50.002,50.089,48.979,48.192,46.184,44.737,43.124,41.817,42.083,44.990,50.247,55.456,54.977,49.904,44.989,38.528
26.130,24.979,24.290,24.732,25.880,30.301,39.766,47.213,50.068,50.106,48.984,48.207,46.250,44.777,43.130,41.855,42.098,45.036,50.274,55.471,55.011,49.947,45.057,38.582
26.239,25.096,24.406,24.852,25.999,30.420,39.863,47.299,50.184,50.132,49.064,48.277,46.328,44.860,43.231,41.937,42.195,45.113,50.338,55.513,55.034,49.980,45.098,38.641
26.372,25.232,24.539,24.996,26.143,30.566,39.997,47.424,50.242,50.214,49.178,48.382,46.447,44.977,43.354,42.044,42.311,45.225,50.441,55.620,55.063,50.073,45.192,38.740
26.496,25.353,24.660,25.124,26.272,30.695,40.123,47.547,50.298,50.322,49.291,48.495,46.567,45.094,43.468,42.153,42.420,45.341,50.554,55.694,55.158,50.196,45.312,38.857
26.625,25.472,24.783,25.249,26.394,30.798,40.197,47.589,50.319,50.333,49.316,48.534,46.607,45.140,43.509,42.205,42.459,45.388,50.581,55.741,55.215,50.274,45.398,38.965
26.730,25.586,24.903,25.350,26.486,30.862,40.228,47.592,50.322,50.354,49.329,48.565,46.634,45.174,43.542,42.273,42.514,45.429,50.609,55.794,55.287,50.300,45.455,39.047
26.802,25.670,24.975,25.447,26.591,31.003,40.410,47.813,50.545,50.565,49.546,48.751,46.851,45.367,43.733,42.426,42.689,45.615,50.815,55.836,55.306,50.428,45.574,39.121
26.907,25.786,25.085,25.586,26.727,31.132,40.494,47.860,50.553,50.572,49.557,48.751,46.901,45.404,43.770,42.442,42.715,45.644,50.815,55.840,55.373,50.444,45.576,39.127
27.041,25.905,25.214,25.690,26.830,31.222,40.575,47.935,50.647,50.660,49.648,48.855,46.961,45.490,43.870,42.556,42.821,45.733,50.901,55.880,55.391,50.555,45.703,39.291
27.119,25.994,25.303,25.773,26.911,31.300,40.640,47.996,50.717,50.738,49.719,48.916,47.022,45.558,43.951,42.632,42.907,45.797,50.960,55.887,55.478,50.579,45.738,39.340
27.237,26.106,25.418,25.885,27.021,31.398,40.717,48.054,50.770,50.785,49.771,48.977,47.075,45.620,44.017,42.702,42.972,45.860,51.010,55.911,55.483,50.658,45.824,39.446
27.315,26.188,25.498,25.979,27.112,31.479,40.777,48.091,50.778,50.789,49.787,48.998,47.126,45.658,44.041,42.734,42.996,45.899,51.035,55.927,55.508,50.690,45.867,39.485
27.436,26.306,25.618,26.110,27.238,31.588,40.865,48.151,50.805,50.812,49.823,49.053,47.208,45.726,44.084,42.800,43.043,45.971,51.094,55.927,55.520,50.785,45.974,39.585
27.561,26.427,25.735,26.246,27.376,31.729,41.006,48.271,50.855,50.874,49.901,49.136,47.341,45.846,44.194,42.900,43.140,46.090,51.194,55.934,55.555,50.828,46.081,39.689
27.626,26.522,25.825,26.346,27.469,31.810,41.060,48.285,50.909,50.910,49.935,49.165,47.392,45.874,44.206,42.950,43.182,46.121,51.208,55.968,55.572,50.869,46.100,39.695
27.718,26.629,25.935,26.454,27.568,31.877,41.064,48.316,50.916,50.928,49.957,49.185,47.416,45.897,44.228,42.952,43.191,46.143,51.248,55.973,55.600,50.882,46.106,39.699
27.779,26.695,26.000,26.526,27.639,31.948,41.131,48.332,50.925,50.937,49.959,49.188,47.459,45.934,44.265,43.004,43.239,46.180,51.249,56.013,55.635,50.893,46.126,39.735
27.867,26.784,26.089,26.619,27.731,32.034,41.188,48.371,50.942,50.951,49.986,49.211,47.484,45.968,44.314,43.039,43.282,46.209,51.260,56.050,55.686,50.920,46.145,39.779
27.975,26.885,26.192,26.728,27.838,32.130,41.261,48.420,50.972,50.972,50.019,49.251,47.531,46.017,44.359,43.087,43.324,46.257,51.293,56.132,55.762,50.948,46.216,39.865
28.087,27.006,26.306,26.863,27.974,32.277,41.407,48.567,51.107,51.099,50.152,49.367,47.678,46.150,44.493,43.197,43.447,46.384,51.417,56.137,55.823,51.040,46.304,39.939
28.169,27.091,26.390,26.955,28.064,32.360,41.477,48.623,51.145,51.136,50.195,49.416,47.745,46.208,44.541,43.252,43.496,46.444,51.468,56.212,55.841,51.097,46.370,40.000
28.274,27.184,26.487,27.051,28.158,32.439,41.554,48.653,51.147,51.141,50.212,49.485,47.800,46.273,44.580,43.327,43.546,46.521,51.524,56.307,55.929,51.230,46.505,40.129
28.382,27.287,26.599,27.145,28.244,32.490,41.562,48.684,51.187,51.175,50.244,49.490,47.820,46.278,44.586,43.357,43.555,46.523,51.543,56.344,56.027,51.257,46.559,40.221
28.473,27.380,26.689,27.246,28.346,32.596,41.669,48.759,51.243,51.232,50.309,49.578,47.909,46.373,44.674,43.444,43.644,46.621,51.620,56.397,56.039,51.350,46.648,40.300
28.545,27.452,26.761,27.318,28.419,32.669,41.749,48.842,51.323,51.314,50.391,49.663,47.998,46.457,44.750,43.527,43.723,46.707,51.710,56.499,56.104,51.442,46.739,40.382
28.626,27.542,26.856,27.396,28.491,32.725,41.779,48.856,51.344,51.350,50.418,49.696,48.023,46.492,44.794,43.588,43.781,46.745,51.738,56.547,56.227,51.453,46.774,40.439
28.733,27.646,26.962,27.502,28.596,32.822,41.861,48.924,51.407,51.409,50.481,49.762,48.089,46.562,44.866,43.662,43.853,46.815,51.799,56.554,56.274,51.528,46.853,40.531
28.823,27.733,27.046,27.595,28.690,32.917,41.964,49.027,51.498,51.496,50.574,49.861,48.199,46.661,44.952,43.752,43.936,46.916,51.903,56.761,56.284,51.648,46.969,40.631
28.902,27.815,27.126,27.683,28.778,33.007,42.048,49.108,51.572,51.566,50.647,49.927,48.275,46.736,45.029,43.819,44.008,46.988,51.969,56.824,56.480,51.705,47.026,40.689
28.976,27.900,27.211,27.774,28.864,33.080,42.097,49.134,51.577,51.576,50.662,49.948,48.327,46.774,45.054,43.860,44.041,47.029,51.998,56.901,56.527,51.721,47.062,40.720
29.111,28.030,27.342,27.896,28.989,33.214,42.251,49.308,51.770,51.772,50.850,50.134,48.489,46.945,45.232,44.034,44.219,47.199,52.181,56.904,56.540,51.905,47.234,40.893
29.190,28.115,27.425,27.980,29.073,33.299,42.330,49.386,51.850,51.854,50.929,50.206,48.566,47.023,45.316,44.111,44.303,47.275,52.253,56.980,56.619,51.957,47.290,40.952
29.289,28.209,27.521,28.075,29.167,33.389,42.415,49.465,51.927,51.928,51.007,50.288,48.643,47.103,45.396,44.194,44.382,47.356,52.331,57.083,56.645,52.052,47.385,41.054
29.392,28.312,27.626,28.174,29.265,33.479,42.495,49.537,51.999,52.002,51.080,50.365,48.716,47.181,45.477,44.280,44.466,47.434,52.405,57.170,56.695,52.131,47.471,41.150
29.484,28.408,27.720,28.270,29.363,33.586,42.607,49.657,52.127,52.128,51.203,50.476,48.826,47.293,45.600,44.387,44.585,47.542,52.515,57.278,56.780,52.219,47.554,41.235
29.573,28.491,27.800,28.364,29.460,33.696,42.725,49.782,52.247,52.234,51.317,50.581,48.937,47.401,45.709,44.474,44.679,47.645,52.619,57.408,56.883,52.332,47.651,41.324
29.673,28.589,27.895,28.466,29.566,33.818,42.856,49.927,52.402,52.379,51.463,50.707,49.059,47.528,45.853,44.587,44.811,47.764,52.741,57.454,56.977,52.435,47.741,41.417
29.785,28.702,28.010,28.569,29.668,33.918,42.956,50.030,52.521,52.504,51.580,50.825,49.159,47.638,45.973,44.711,44.936,47.876,52.855,57.478,57.090,52.542,47.850,41.539
29.866,28.779,28.091,28.641,29.739,33.982,43.007,50.074,52.569,52.552,51.628,50.875,49.195,47.686,46.030,44.769,44.995,47.923,52.896,57.503,57.136,52.594,47.907,41.615
29.956,28.873,28.187,28.733,29.829,34.062,43.065,50.116,52.612,52.596,51.671,50.916,49.235,47.734,46.089,44.827,45.057,47.969,52.929,57.585,57.150,52.620,47.945,41.674
30.065,28.985,28.298,28.846,29.942,34.175,43.176,50.226,52.720,52.706,51.780,51.025,49.350,47.845,46.198,44.937,45.167,48.081,53.041,57.647,57.254,52.723,48.051,41.775
30.176,29.096,28.413,28.952,30.044,34.263,43.245,50.278,52.770,52.760,51.834,51.088,49.408,47.909,46.264,45.017,45.240,48.147,53.098,57.822,57.319,52.793,48.133,41.875
30.286,29.215,28.527,29.072,30.167,34.406,43.407,50.465,52.970,52.962,52.029,51.262,49.588,48.085,46.449,45.179,45.419,48.318,53.280,57.926,57.458,52.926,48.257,41.984
30.395,29.321,28.629,29.184,30.285,34.543,43.553,50.625,53.141,53.118,52.187,51.395,49.714,48.220,46.608,45.294,45.560,48.442,53.405,58.091,57.550,53.034,48.346,42.081
30.551,29.467,28.773,29.331,30.439,34.722,43.744,50.839,53.381,53.339,52.408,51.587,49.880,48.406,46.830,45.464,45.760,48.615,53.582,58.189,57.697,53.199,48.484,42.239
30.655,29.572,28.879,29.431,30.540,34.828,43.848,50.948,53.506,53.462,52.526,51.694,49.971,48.510,46.955,45.571,45.880,48.714,53.680,58.232,57.775,53.283,48.565,42.338
30.872,29.760,29.071,29.628,30.740,35.023,44.043,51.133,53.678,53.612,52.693,51.878,50.135,48.683,47.121,45.738,46.033,48.888,53.849,58.364,58.019,53.541,48.805,42.588
30.996,29.887,29.197,29.762,30.872,35.145,44.143,51.213,53.739,53.668,52.758,51.946,50.221,48.764,47.198,45.817,46.109,48.968,53.916,58.407,58.078,53.614,48.888,42.677
31.159,30.044,29.345,29.933,31.051,35.360,44.399,51.505,54.037,53.948,53.043,52.206,50.486,49.021,47.459,46.034,46.347,49.216,54.182,58.658,58.329,53.867,49.105,42.865
31.286,30.181,29.481,30.070,31.186,35.491,44.524,51.625,54.153,54.072,53.164,52.327,50.621,49.149,47.583,46.165,46.476,49.346,54.309,58.779,58.437,53.972,49.220,42.975
31.415,30.307,29.605,30.206,31.323,35.632,44.667,51.766,54.281,54.191,53.292,52.453,50.761,49.281,47.708,46.283,46.594,49.476,54.439,58.893,58.571,54.112,49.354,43.099
31.523,30.431,29.723,30.337,31.454,35.768,44.804,51.905,54.408,54.323,53.423,52.574,50.916,49.418,47.836,46.406,46.723,49.611,54.574,59.004,58.663,54.203,49.451,43.175
31.625,30.542,29.831,30.455,31.570,35.886,44.918,52.015,54.507,54.425,53.526,52.673,51.039,49.528,47.939,46.509,46.827,49.721,54.681,59.093,58.743,54.285,49.539,43.250
31.849,30.745,30.041,30.653,31.768,36.067,45.089,52.170,54.659,54.568,53.678,52.850,51.186,49.690,48.096,46.687,46.985,49.889,54.842,59.279,58.981,54.526,49.778,43.510
32.021,30.898,30.197,30.808,31.925,36.225,45.257,52.342,54.831,54.728,53.845,53.025,51.339,49.852,48.258,46.847,47.139,50.052,55.008,59.460,59.197,54.745,49.981,43.720
32.199,31.064,30.374,30.960,32.072,36.342,45.340,52.394,54.888,54.788,53.904,53.110,51.389,49.927,48.341,46.959,47.233,50.132,55.072,59.549,59.308,54.864,50.118,43.902
32.349,31.213,30.520,31.111,32.225,36.508,45.529,52.601,55.099,54.999,54.113,53.313,51.595,50.126,48.535,47.147,47.424,50.331,55.283,59.765,59.520,55.066,50.308,44.073
32.506,31.371,30.673,31.273,32.393,36.701,45.749,52.850,55.362,55.255,54.367,53.545,51.826,50.355,48.775,47.354,47.651,50.552,55.518,59.994,59.728,55.271,50.492,44.243
32.649,31.521,30.815,31.434,32.557,36.882,45.948,53.063,55.566,55.454,54.569,53.734,52.040,50.552,48.965,47.527,47.832,50.747,55.720,60.174,59.904,55.446,50.657,44.379
32.791,31.677,30.976,31.578,32.694,36.992,46.023,53.111,55.612,55.521,54.627,53.806,52.117,50.632,49.042,47.637,47.931,50.832,55.792,60.253,59.962,55.501,50.746,44.487
32.967,31.838,31.133,31.755,32.875,37.190,46.258,53.364,55.848,55.742,54.862,54.046,52.368,50.865,49.250,47.841,48.126,51.067,56.042,60.504,60.262,55.792,51.010,44.712
33.160,32.029,31.316,31.966,33.089,37.415,46.505,53.618,56.071,55.954,55.088,54.275,52.635,51.103,49.456,48.046,48.321,51.306,56.289,60.729,60.526,56.054,51.257,44.913
33.289,32.164,31.446,32.111,33.235,37.572,46.682,53.806,56.248,56.132,55.268,54.453,52.839,51.285,49.620,48.210,48.483,51.490,56.483,60.915,60.715,56.233,51.429,45.051
33.615,32.461,31.739,32.420,33.556,37.926,47.067,54.221,56.677,56.524,55.673,54.836,53.189,51.653,50.014,48.543,48.840,51.844,56.846,61.267,61.101,56.640,51.786,45.417
33.801,32.653,31.925,32.616,33.756,38.143,47.308,54.483,56.943,56.790,55.937,55.085,53.449,51.903,50.263,48.775,49.082,52.092,57.106,61.520,61.337,56.869,52.003,45.610
34.038,32.919,32.175,32.905,34.047,38.460,47.665,54.865,57.295,57.153,56.300,55.432,53.879,52.274,50.592,49.101,49.411,52.464,57.500,61.875,61.668,57.176,52.308,45.827
34.310,33.186,32.438,33.184,34.329,38.758,47.951,55.152,57.584,57.418,56.574,55.679,54.123,52.532,50.881,49.337,49.675,52.708,57.731,62.066,61.859,57.402,52.517,46.060
34.582,33.455,32.694,33.472,34.629,39.107,48.365,55.619,58.054,57.871,57.032,56.108,54.573,52.958,51.298,49.707,50.066,53.125,58.180,62.496,62.287,57.819,52.888,46.371
34.857,33.721,32.966,33.730,34.884,39.345,48.615,55.866,58.293,58.122,57.282,56.392,54.848,53.226,51.534,49.994,50.319,53.407,58.471,62.833,62.658,58.162,53.238,46.705
35.231,34.087,33.331,34.095,35.256,39.739,48.988,56.247,58.712,58.512,57.672,56.734,55.147,53.570,51.955,50.328,50.707,53.728,58.776,63.099,62.884,58.439,53.493,47.028
35.645,34.494,33.726,34.518,35.693,40.231,49.534,56.848,59.336,59.110,58.272,57.285,55.695,54.117,52.529,50.821,51.244,54.257,59.328,63.624,63.388,58.951,53.952,47.463
36.166,35.006,34.250,35.013,36.181,40.686,49.954,57.236,59.727,59.509,58.669,57.712,56.090,54.534,52.948,51.280,51.680,54.682,59.738,64.065,63.848,59.413,54.438,47.990
36.871,35.767,34.955,35.811,37.013,41.695,51.251,58.772,61.293,61.099,60.223,59.166,57.671,55.976,54.314,52.552,53.011,56.116,61.330,65.653,65.294,60.719,55.625,48.871
37.808,36.678,35.879,36.675,37.887,42.596,52.197,59.782,62.413,62.220,61.309,60.229,58.597,56.976,55.393,53.589,54.085,57.107,62.352,66.770,66.336,61.742,56.610,49.922
38.764,37.649,36.827,37.640,38.880,43.713,53.444,61.183,63.926,63.720,62.770,61.568,59.894,58.290,56.798,54.828,55.437,58.385,63.701,68.111,67.502,62.886,57.664,50.934
41.084,39.971,39.056,40.055,41.383,46.597,56.780,64.947,67.824,67.506,66.542,65.048,63.428,61.734,60.322,57.908,58.759,61.739,67.277,71.564,70.759,66.090,60.536,53.491
