3.772,-1.257,-2.952,-3.304,-2.733,0.237,14.647,24.046,25.677,22.553,16.693,13.327,10.448,5.773,4.625,6.878,9.470,15.518,25.384,32.223,31.130,25.593,20.908,11.914
10.210,6.157,4.527,4.448,5.053,7.364,19.953,28.231,29.693,26.644,21.564,18.546,16.204,12.285,11.023,13.238,15.759,20.789,29.117,35.400,34.267,28.932,24.878,17.631
13.655,9.974,8.588,8.233,8.703,11.097,22.446,30.126,31.443,28.222,23.909,21.482,19.396,15.790,14.871,16.794,19.016,23.643,30.826,36.946,35.745,31.305,27.186,20.061
16.725,13.132,12.086,11.378,11.557,14.243,24.130,31.068,32.313,29.356,25.551,23.370,21.698,18.001,16.921,18.702,21.068,25.587,32.398,37.414,36.421,32.888,29.211,22.300
18.391,14.951,14.018,13.283,13.389,16.016,25.175,31.648,32.832,30.108,26.533,24.452,22.945,19.363,18.246,19.940,22.271,26.591,33.110,37.603,36.722,33.496,30.126,23.595
19.182,15.788,14.913,14.152,14.222,16.838,25.684,31.949,33.103,30.505,27.026,24.993,23.544,20.004,18.892,20.530,22.824,27.072,33.483,37.729,36.909,33.848,30.609,24.205
19.836,16.468,15.616,14.862,14.927,17.508,26.214,32.361,33.491,30.988,27.550,25.545,24.098,20.609,19.534,21.124,23.352,27.548,33.893,38.026,37.244,34.260,31.089,24.761
20.412,17.088,16.245,15.544,15.614,18.109,26.658,32.651,33.759,31.408,27.978,25.958,24.523,21.099,20.014,21.576,23.762,27.882,34.193,38.146,37.422,34.452,31.424,25.285
20.742,17.498,16.654,15.954,16.045,18.499,26.993,32.961,34.045,31.617,28.283,26.361,24.916,21.590,20.615,22.130,24.217,28.250,34.346,38.441,37.668,34.751,31.642,25.514
21.116,17.896,17.060,16.371,16.464,18.888,27.311,33.216,34.287,31.904,28.594,26.688,25.245,21.955,21.003,22.493,24.541,28.537,34.584,38.634,37.876,34.990,31.915,25.840
21.395,18.233,17.410,16.696,16.784,19.212,27.538,33.415,34.474,32.014,28.795,26.962,25.548,22.302,21.391,22.863,24.885,28.829,34.720,38.830,38.037,35.219,32.097,26.029
21.708,18.602,17.804,17.077,17.153,19.566,27.727,33.510,34.550,32.097,28.962,27.185,25.805,22.608,21.723,23.165,25.155,29.035,34.794,38.854,38.062,35.330,32.233,26.232
21.990,18.907,18.130,17.371,17.431,19.868,27.936,33.687,34.722,32.237,29.160,27.424,26.075,22.883,22.006,23.438,25.431,29.294,34.978,39.025,38.224,35.559,32.451,26.446
22.327,19.238,18.480,17.719,17.766,20.198,28.179,33.855,34.880,32.477,29.408,27.671,26.327,23.141,22.265,23.672,25.645,29.497,35.189,39.121,38.358,35.745,32.701,26.733
22.599,19.516,18.774,17.996,18.033,20.475,28.392,34.035,35.053,32.661,29.620,27.903,26.571,23.390,22.523,23.916,25.879,29.721,35.382,39.278,38.522,35.957,32.923,26.956
22.775,19.714,18.974,18.202,18.243,20.667,28.545,34.157,35.167,32.782,29.764,28.066,26.735,23.582,22.736,24.114,26.051,29.866,35.477,39.372,38.615,36.068,33.040,27.101
22.997,19.951,19.222,18.447,18.482,20.899,28.712,34.281,35.283,32.919,29.927,28.245,26.924,23.787,22.952,24.315,26.235,30.028,35.602,39.458,38.711,36.199,33.191,27.280
23.122,20.102,19.380,18.602,18.634,21.043,28.795,34.331,35.328,32.960,29.998,28.335,27.031,23.912,23.078,24.436,26.352,30.120,35.644,39.484,38.734,36.246,33.249,27.371
23.272,20.267,19.548,18.771,18.802,21.204,28.922,34.440,35.433,33.063,30.118,28.464,27.170,24.063,23.229,24.585,26.500,30.251,35.745,39.578,38.826,36.347,33.357,27.504
23.416,20.418,19.698,18.923,18.957,21.353,29.067,34.582,35.573,33.199,30.260,28.613,27.318,24.219,23.394,24.746,26.653,30.396,35.874,39.717,38.962,36.485,33.491,27.641
23.527,20.535,19.817,19.052,19.084,21.467,29.149,34.634,35.624,33.281,30.340,28.683,27.395,24.301,23.463,24.815,26.725,30.458,35.942,39.738,38.997,36.519,33.559,27.749
23.627,20.643,19.916,19.159,19.199,21.573,29.284,34.788,35.779,33.415,30.471,28.815,27.521,24.437,23.604,24.961,26.868,30.596,36.069,39.907,39.154,36.653,33.675,27.865
23.741,20.789,20.054,19.307,19.358,21.710,29.420,34.928,35.915,33.514,30.593,28.959,27.666,24.613,23.801,25.156,27.046,30.744,36.152,40.050,39.275,36.764,33.760,27.970
23.910,20.944,20.218,19.465,19.508,21.869,29.551,35.036,36.021,33.657,30.730,29.088,27.798,24.733,23.911,25.262,27.155,30.862,36.296,40.137,39.380,36.890,33.914,28.127
24.052,21.083,20.362,19.610,19.648,22.007,29.663,35.126,36.110,33.772,30.844,29.194,27.910,24.841,24.008,25.357,27.255,30.962,36.410,40.206,39.463,36.981,34.031,28.262
24.192,21.219,20.504,19.754,19.787,22.144,29.772,35.212,36.195,33.888,30.955,29.297,28.017,24.945,24.101,25.448,27.349,31.056,36.519,40.267,39.539,37.064,34.145,28.397
24.343,21.366,20.659,19.898,19.925,22.293,29.899,35.327,36.309,34.007,31.083,29.431,28.157,25.080,24.237,25.579,27.479,31.188,36.648,40.378,39.654,37.202,34.286,28.529
24.454,21.488,20.777,20.027,20.059,22.411,30.016,35.438,36.417,34.120,31.197,29.545,28.268,25.204,24.367,25.706,27.598,31.295,36.742,40.477,39.753,37.291,34.379,28.642
24.551,21.602,20.881,20.142,20.186,22.520,30.143,35.575,36.553,34.233,31.316,29.673,28.390,25.346,24.522,25.863,27.743,31.423,36.839,40.621,39.882,37.401,34.471,28.745
24.697,21.768,21.051,20.316,20.357,22.680,30.251,35.652,36.626,34.316,31.415,29.776,28.510,25.479,24.644,25.985,27.870,31.529,36.918,40.670,39.935,37.462,34.555,28.873
24.818,21.871,21.156,20.420,20.458,22.788,30.372,35.775,36.752,34.462,31.544,29.892,28.620,25.575,24.734,26.075,27.963,31.639,37.064,40.793,40.069,37.595,34.699,29.005
24.927,21.962,21.253,20.510,20.543,22.884,30.468,35.868,36.845,34.577,31.649,29.990,28.713,25.654,24.810,26.147,28.037,31.727,37.183,40.881,40.170,37.708,34.822,29.112
25.027,22.083,21.376,20.632,20.664,22.999,30.548,35.932,36.905,34.623,31.720,30.076,28.811,25.768,24.929,26.263,28.148,31.819,37.231,40.936,40.217,37.768,34.880,29.190
25.139,22.216,21.509,20.771,20.808,23.126,30.651,36.017,36.985,34.700,31.814,30.185,28.922,25.902,25.077,26.404,28.272,31.919,37.289,41.004,40.280,37.837,34.949,29.283
25.253,22.328,21.625,20.885,20.919,23.238,30.747,36.099,37.065,34.794,31.912,30.287,29.022,26.004,25.186,26.505,28.364,32.009,37.377,41.074,40.357,37.929,35.048,29.383
25.332,22.411,21.704,20.974,21.015,23.320,30.838,36.189,37.152,34.888,32.002,30.376,29.104,26.098,25.288,26.603,28.450,32.087,37.449,41.156,40.438,38.000,35.120,29.465
25.400,22.501,21.790,21.075,21.122,23.403,30.896,36.224,37.183,34.928,32.051,30.428,29.160,26.176,25.369,26.682,28.519,32.132,37.464,41.165,40.448,38.002,35.137,29.526
25.502,22.609,21.901,21.174,21.218,23.510,30.997,36.333,37.292,35.009,32.148,30.541,29.278,26.294,25.494,26.807,28.645,32.256,37.564,41.289,40.561,38.129,35.243,29.615
25.648,22.761,22.063,21.330,21.365,23.660,31.096,36.402,37.358,35.089,32.245,30.643,29.394,26.412,25.605,26.913,28.754,32.357,37.651,41.336,40.615,38.209,35.344,29.735
25.766,22.883,22.196,21.457,21.487,23.781,31.168,36.438,37.387,35.145,32.316,30.727,29.482,26.509,25.715,27.006,28.829,32.421,37.695,41.342,40.633,38.262,35.414,29.815
25.881,22.993,22.308,21.572,21.601,23.891,31.270,36.528,37.476,35.257,32.421,30.824,29.577,26.602,25.802,27.092,28.915,32.508,37.798,41.416,40.718,38.348,35.519,29.931
26.003,23.132,22.461,21.708,21.727,24.027,31.337,36.565,37.508,35.279,32.481,30.911,29.683,26.717,25.925,27.204,29.022,32.599,37.838,41.438,40.738,38.414,35.585,30.004
26.119,23.252,22.585,21.827,21.843,24.146,31.436,36.653,37.593,35.364,32.579,31.019,29.793,26.832,26.049,27.321,29.131,32.702,37.923,41.520,40.820,38.515,35.684,30.100
26.192,23.339,22.671,21.918,21.938,24.229,31.507,36.716,37.653,35.417,32.644,31.094,29.869,26.924,26.150,27.418,29.218,32.774,37.965,41.575,40.869,38.565,35.731,30.163
26.298,23.453,22.791,22.036,22.053,24.341,31.585,36.772,37.705,35.481,32.719,31.174,29.957,27.018,26.244,27.507,29.303,32.849,38.025,41.612,40.911,38.622,35.801,30.251
26.366,23.534,22.873,22.117,22.134,24.419,31.643,36.823,37.755,35.517,32.770,31.235,30.026,27.095,26.323,27.586,29.383,32.917,38.066,41.660,40.953,38.669,35.846,30.307
26.452,23.639,22.974,22.219,22.241,24.519,31.739,36.924,37.854,35.588,32.858,31.338,30.132,27.216,26.454,27.718,29.509,33.028,38.138,41.768,41.046,38.760,35.918,30.386
26.549,23.759,23.088,22.341,22.372,24.632,31.856,37.042,37.968,35.678,32.966,31.465,30.254,27.365,26.627,27.885,29.653,33.149,38.208,41.887,41.150,38.860,35.996,30.472
26.655,23.857,23.189,22.443,22.471,24.733,31.949,37.126,38.050,35.781,33.063,31.556,30.344,27.451,26.712,27.965,29.731,33.231,38.305,41.959,41.231,38.948,36.097,30.575
26.734,23.933,23.270,22.518,22.543,24.809,32.013,37.182,38.105,35.844,33.129,31.625,30.413,27.518,26.780,28.029,29.793,33.295,38.370,42.009,41.286,39.016,36.169,30.644
26.852,24.047,23.392,22.634,22.652,24.924,32.099,37.248,38.170,35.926,33.216,31.712,30.507,27.608,26.864,28.109,29.876,33.378,38.457,42.061,41.348,39.096,36.266,30.747
26.916,24.131,23.468,22.723,22.753,25.002,32.183,37.331,38.248,35.994,33.293,31.800,30.587,27.715,26.992,28.231,29.975,33.455,38.497,42.137,41.414,39.152,36.309,30.807
26.980,24.210,23.542,22.808,22.845,25.076,32.257,37.397,38.310,36.055,33.361,31.878,30.659,27.808,27.104,28.335,30.057,33.519,38.531,42.193,41.465,39.198,36.350,30.863
27.059,24.311,23.632,22.909,22.961,25.171,32.379,37.536,38.444,36.157,33.475,32.011,30.779,27.958,27.286,28.511,30.204,33.645,38.607,42.342,41.593,39.312,36.428,30.941
27.134,24.389,23.709,22.990,23.043,25.249,32.455,37.610,38.519,36.230,33.549,32.085,30.854,28.037,27.364,28.590,30.283,33.719,38.676,42.414,41.663,39.377,36.495,31.017
27.205,24.464,23.777,23.068,23.129,25.322,32.548,37.709,38.617,36.329,33.641,32.173,30.934,28.126,27.458,28.685,30.370,33.801,38.757,42.512,41.759,39.455,36.570,31.100
27.346,24.592,23.906,23.201,23.262,25.452,32.686,37.839,38.747,36.491,33.786,32.306,31.058,28.244,27.575,28.797,30.478,33.917,38.904,42.630,41.891,39.586,36.718,31.248
27.452,24.684,23.999,23.297,23.354,25.548,32.782,37.931,38.842,36.610,33.888,32.390,31.143,28.315,27.628,28.855,30.549,34.000,39.025,42.714,41.988,39.676,36.831,31.367
27.554,24.782,24.100,23.389,23.441,25.647,32.879,38.034,38.947,36.705,33.986,32.488,31.247,28.409,27.714,28.946,30.651,34.110,39.140,42.827,42.100,39.794,36.945,31.469
27.661,24.895,24.223,23.503,23.547,25.759,32.942,38.071,38.981,36.748,34.046,32.558,31.330,28.492,27.793,29.020,30.728,34.181,39.194,42.847,42.126,39.848,37.013,31.549
27.741,24.985,24.311,23.595,23.642,25.846,33.026,38.153,39.062,36.819,34.125,32.644,31.417,28.590,27.899,29.124,30.825,34.267,39.258,42.928,42.200,39.921,37.080,31.623
27.830,25.069,24.392,23.685,23.734,25.930,33.117,38.240,39.150,36.929,34.218,32.721,31.491,28.661,27.956,29.186,30.895,34.340,39.358,43.005,42.286,39.989,37.168,31.729
27.932,25.171,24.491,23.788,23.839,26.033,33.227,38.355,39.266,37.043,34.328,32.826,31.597,28.766,28.056,29.291,31.003,34.449,39.471,43.122,42.402,40.095,37.275,31.841
28.067,25.293,24.620,23.913,23.955,26.158,33.333,38.446,39.360,37.165,34.439,32.922,31.700,28.851,28.120,29.358,31.087,34.545,39.604,43.200,42.497,40.197,37.406,31.979
28.169,25.399,24.726,24.018,24.060,26.262,33.432,38.544,39.456,37.257,34.537,33.024,31.804,28.958,28.230,29.467,31.194,34.648,39.697,43.297,42.592,40.296,37.502,32.075
28.285,25.519,24.849,24.140,24.181,26.382,33.536,38.639,39.550,37.353,34.639,33.130,31.913,29.071,28.343,29.578,31.304,34.754,39.793,43.386,42.681,40.392,37.602,32.183
28.386,25.623,24.959,24.243,24.279,26.485,33.613,38.703,39.612,37.417,34.715,33.212,32.002,29.160,28.433,29.664,31.390,34.836,39.864,43.441,42.739,40.468,37.683,32.266
28.502,25.746,25.079,24.368,24.406,26.606,33.733,38.823,39.732,37.533,34.832,33.329,32.121,29.284,28.554,29.788,31.515,34.956,39.977,43.559,42.855,40.576,37.792,32.386
28.619,25.857,25.186,24.484,24.526,26.718,33.861,38.950,39.860,37.679,34.962,33.446,32.232,29.393,28.658,29.894,31.622,35.065,40.108,43.681,42.983,40.687,37.915,32.519
28.772,26.017,25.348,24.640,24.679,26.876,34.004,39.094,40.005,37.805,35.101,33.593,32.388,29.549,28.809,30.049,31.786,35.226,40.252,43.831,43.126,40.838,38.059,32.664
28.880,26.129,25.462,24.753,24.791,26.987,34.103,39.186,40.096,37.899,35.199,33.693,32.491,29.655,28.916,30.154,31.889,35.325,40.345,43.917,43.213,40.930,38.156,32.766
29.092,26.331,25.681,24.951,24.971,27.193,34.253,39.312,40.222,38.039,35.352,33.848,32.666,29.809,29.051,30.288,32.044,35.491,40.520,44.032,43.341,41.097,38.345,32.950
29.231,26.464,25.808,25.099,25.126,27.325,34.398,39.443,40.353,38.214,35.501,33.975,32.782,29.930,29.166,30.402,32.150,35.595,40.657,44.136,43.462,41.194,38.473,33.110
29.381,26.607,25.955,25.250,25.275,27.469,34.527,39.550,40.457,38.355,35.634,34.100,32.903,30.051,29.286,30.515,32.255,35.700,40.780,44.218,43.561,41.300,38.605,33.254
29.505,26.739,26.089,25.379,25.400,27.600,34.638,39.659,40.567,38.450,35.740,34.209,33.026,30.170,29.392,30.629,32.385,35.827,40.896,44.331,43.669,41.412,38.717,33.374
29.683,26.896,26.256,25.530,25.539,27.763,34.788,39.805,40.715,38.614,35.899,34.363,33.184,30.306,29.518,30.753,32.520,35.983,41.082,44.478,43.828,41.594,38.910,33.543
29.873,27.083,26.439,25.712,25.724,27.951,35.003,40.039,40.951,38.834,36.115,34.580,33.395,30.514,29.731,30.968,32.736,36.204,41.306,44.730,44.073,41.830,39.128,33.744
30.017,27.229,26.578,25.863,25.882,28.096,35.169,40.211,41.123,39.009,36.281,34.740,33.547,30.673,29.893,31.131,32.893,36.358,41.464,44.902,44.243,41.981,39.279,33.903
30.141,27.395,26.737,26.026,26.056,28.252,35.316,40.366,41.274,39.099,36.409,34.903,33.715,30.879,30.126,31.363,33.106,36.534,41.548,45.070,44.378,42.113,39.368,34.008
30.262,27.539,26.877,26.173,26.212,28.389,35.444,40.487,41.388,39.200,36.528,35.040,33.850,31.041,30.312,31.539,33.258,36.662,41.627,45.181,44.479,42.215,39.457,34.112
30.439,27.724,27.062,26.354,26.393,28.573,35.625,40.674,41.576,39.365,36.705,35.228,34.042,31.237,30.513,31.742,33.461,36.859,41.801,45.379,44.666,42.406,39.632,34.282
30.594,27.870,27.197,26.509,26.559,28.720,35.818,40.878,41.779,39.590,36.904,35.410,34.203,31.404,30.687,31.914,33.619,37.020,41.990,45.579,44.872,42.581,39.811,34.465
30.753,28.022,27.340,26.669,26.728,28.872,36.008,41.072,41.974,39.809,37.097,35.588,34.363,31.569,30.858,32.083,33.775,37.178,42.175,45.766,45.065,42.749,39.986,34.648
30.926,28.204,27.532,26.842,26.892,29.054,36.153,41.213,42.113,39.920,37.238,35.750,34.540,31.746,31.038,32.261,33.958,37.357,42.317,45.915,45.206,42.921,40.143,34.791
31.076,28.345,27.670,26.989,27.042,29.195,36.303,41.354,42.254,40.093,37.393,35.891,34.673,31.876,31.165,32.386,34.077,37.480,42.470,46.041,45.345,43.051,40.294,34.951
31.270,28.552,27.879,27.194,27.244,29.400,36.486,41.535,42.435,40.252,37.569,36.075,34.871,32.077,31.359,32.585,34.288,37.683,42.646,46.226,45.521,43.231,40.469,35.137
31.520,28.792,28.120,27.438,27.487,29.642,36.729,41.772,42.673,40.513,37.816,36.310,35.103,32.303,31.575,32.802,34.510,37.911,42.901,46.453,45.759,43.465,40.720,35.395
31.710,28.985,28.303,27.630,27.684,29.834,36.953,42.019,42.924,40.746,38.038,36.523,35.315,32.512,31.775,33.015,34.735,38.139,43.138,46.718,46.015,43.690,40.936,35.614
31.973,29.284,28.601,27.931,27.992,30.124,37.211,42.264,43.165,40.954,38.280,36.790,35.593,32.820,32.097,33.335,35.044,38.414,43.340,46.957,46.235,43.916,41.146,35.854
32.248,29.556,28.872,28.193,28.249,30.397,37.494,42.569,43.476,41.236,38.562,37.069,35.883,33.093,32.351,33.603,35.340,38.723,43.658,47.288,46.557,44.231,41.450,36.143
32.491,29.816,29.120,28.452,28.521,30.653,37.784,42.880,43.784,41.512,38.845,37.367,36.169,33.402,32.689,33.937,35.650,39.017,43.912,47.615,46.864,44.519,41.703,36.390
32.848,30.167,29.480,28.806,28.874,31.006,38.117,43.191,44.087,41.841,39.184,37.721,36.510,33.755,33.072,34.296,35.974,39.336,44.218,47.905,47.163,44.854,42.039,36.712
33.143,30.461,29.752,29.109,29.191,31.298,38.477,43.582,44.487,42.241,39.542,38.041,36.823,34.063,33.349,34.601,36.304,39.672,44.602,48.310,47.565,45.178,42.374,37.079
33.744,31.014,30.335,29.654,29.695,31.865,38.960,44.031,44.950,42.760,40.042,38.498,37.327,34.485,33.677,34.954,36.749,40.172,45.215,48.744,48.044,45.699,42.976,37.680
34.352,31.547,30.893,30.191,30.205,32.416,39.485,44.517,45.439,43.371,40.602,39.010,37.833,34.927,34.080,35.347,37.163,40.648,45.839,49.189,48.556,46.255,43.615,38.287
35.036,32.142,31.484,30.791,30.805,33.033,40.220,45.283,46.212,44.244,41.379,39.726,38.493,35.538,34.692,35.949,37.749,41.306,46.671,49.960,49.374,47.046,44.435,39.033
36.173,33.147,32.530,31.751,31.698,34.078,41.265,46.370,47.334,45.409,42.474,40.740,39.552,36.415,35.427,36.735,38.696,42.408,48.035,51.119,50.588,48.308,45.758,40.224
37.181,34.066,33.470,32.658,32.570,35.022,42.217,47.332,48.316,46.464,43.462,41.656,40.485,37.241,36.161,37.498,39.548,43.353,49.174,52.096,51.618,49.346,46.867,41.280
39.130,35.852,35.287,34.369,34.201,36.860,44.138,49.392,50.439,48.544,45.437,43.511,42.414,38.910,37.606,39.058,41.379,45.403,51.573,54.332,53.884,51.600,49.149,43.374
