17.156,15.003,14.007,10.916,9.840,12.745,24.776,26.500,27.969,20.333,13.490,6.650,1.270,-0.025,0.090,4.850,12.396,20.689,28.988,32.819,25.255,18.527,16.944,7.452
20.919,19.449,18.093,14.823,13.175,15.022,25.856,30.032,30.993,23.930,17.533,10.755,5.606,4.442,4.463,8.877,15.481,23.183,32.222,35.358,26.533,20.298,18.909,10.877
22.469,21.594,20.119,16.856,15.034,16.557,26.510,31.767,32.344,25.715,19.570,12.766,7.942,6.918,6.945,11.003,17.254,24.834,33.564,36.446,27.717,21.902,20.616,12.990
23.554,23.096,21.446,18.360,16.522,17.775,26.777,32.901,33.208,27.116,21.306,14.601,10.090,9.086,9.187,12.811,18.466,25.653,34.180,37.175,28.526,22.913,21.645,14.648
25.021,24.395,22.838,19.742,17.887,19.045,28.087,33.872,34.271,28.187,22.488,16.020,11.509,10.533,10.568,14.268,19.851,26.834,35.382,38.095,29.416,23.942,22.738,15.962
25.919,25.226,23.679,20.619,18.763,19.812,28.731,34.458,34.889,28.900,23.326,17.030,12.550,11.572,11.587,15.262,20.665,27.419,36.015,38.627,29.881,24.478,23.300,16.810
26.478,25.782,24.261,21.207,19.354,20.394,29.277,34.934,35.366,29.401,23.861,17.613,13.161,12.199,12.204,15.872,21.263,27.985,36.514,39.062,30.381,25.036,23.876,17.414
27.121,26.405,24.878,21.851,19.994,20.957,29.732,35.408,35.845,29.955,24.499,18.348,13.924,12.959,12.957,16.593,21.854,28.429,36.990,39.491,30.760,25.457,24.312,18.042
27.571,26.822,25.295,22.335,20.520,21.450,30.088,35.691,36.147,30.359,25.000,18.966,14.589,13.610,13.617,17.193,22.308,28.714,37.237,39.762,31.079,25.800,24.656,18.565
27.944,27.113,25.622,22.674,20.892,21.857,30.568,35.959,36.469,30.654,25.299,19.319,14.927,13.941,13.941,17.551,22.689,29.070,37.570,40.084,31.452,26.167,25.022,18.915
28.329,27.639,26.144,23.192,21.366,22.266,30.779,36.363,36.781,31.063,25.769,19.795,15.491,14.555,14.547,18.082,23.168,29.537,37.907,40.311,31.761,26.614,25.506,19.463
28.918,28.068,26.653,23.702,21.915,22.861,31.531,36.720,37.238,31.455,26.167,20.302,15.963,15.025,14.990,18.609,23.754,30.080,38.423,40.745,32.264,27.131,26.036,19.968
29.193,28.715,27.272,24.248,22.337,23.202,31.576,37.312,37.600,31.920,26.640,20.621,16.424,15.599,15.554,19.053,24.250,30.766,38.856,40.990,32.651,27.755,26.720,20.561
29.465,28.745,27.333,24.352,22.516,23.422,31.978,37.335,37.772,32.031,26.759,20.862,16.582,15.695,15.648,19.227,24.389,30.770,39.002,41.214,32.800,27.782,26.724,20.633
29.769,28.923,27.514,24.577,22.784,23.683,32.270,37.461,37.973,32.244,27.013,21.213,16.906,15.979,15.935,19.529,24.604,30.849,39.168,41.431,32.958,27.882,26.805,20.844
30.088,29.215,27.766,24.883,23.104,23.918,32.361,37.636,38.158,32.531,27.394,21.686,17.402,16.444,16.411,19.947,24.826,30.878,39.292,41.601,33.022,27.929,26.845,21.136
30.140,29.327,27.882,25.035,23.294,24.167,32.533,37.782,38.274,32.690,27.559,21.832,17.597,16.647,16.636,20.117,25.011,31.097,39.355,41.730,33.325,28.250,27.157,21.374
30.220,29.509,28.072,25.234,23.497,24.399,32.669,37.968,38.402,32.860,27.736,21.974,17.801,16.881,16.879,20.307,25.232,31.380,39.470,41.837,33.595,28.586,27.503,21.642
30.374,29.664,28.220,25.406,23.688,24.593,32.821,38.112,38.546,33.034,27.930,22.185,18.026,17.099,17.106,20.510,25.399,31.514,39.584,41.987,33.771,28.756,27.667,21.836
30.701,29.959,28.533,25.709,23.979,24.856,33.097,38.339,38.789,33.274,28.189,22.488,18.326,17.406,17.397,20.821,25.698,31.775,39.864,42.197,33.956,28.972,27.898,22.115
30.914,30.171,28.745,25.927,24.191,25.038,33.237,38.491,38.940,33.452,28.397,22.730,18.580,17.663,17.650,21.063,25.897,31.926,40.020,42.324,34.068,29.108,28.043,22.326
30.954,30.234,28.788,26.006,24.302,25.175,33.317,38.593,39.031,33.580,28.535,22.855,18.726,17.794,17.804,21.173,25.974,31.992,40.047,42.446,34.243,29.253,28.169,22.450
31.116,30.429,28.970,26.211,24.508,25.347,33.380,38.726,39.141,33.755,28.757,23.107,19.014,18.084,18.100,21.422,26.146,32.100,40.132,42.534,34.341,29.379,28.300,22.671
31.255,30.552,29.101,26.351,24.659,25.506,33.542,38.835,39.262,33.878,28.888,23.257,19.166,18.235,18.250,21.573,26.295,32.235,40.250,42.652,34.484,29.525,28.446,22.820
31.383,30.734,29.294,26.526,24.821,25.686,33.713,39.034,39.430,34.039,29.030,23.363,19.291,18.383,18.395,21.714,26.491,32.501,40.439,42.807,34.708,29.788,28.719,23.015
31.564,30.948,29.499,26.768,25.081,25.928,33.834,39.187,39.562,34.247,29.291,23.661,19.636,18.729,18.752,22.013,26.712,32.655,40.532,42.920,34.879,29.989,28.922,23.296
31.731,31.092,29.620,26.939,25.278,26.090,33.898,39.265,39.652,34.409,29.516,23.951,19.947,19.016,19.052,22.267,26.840,32.655,40.564,43.009,34.940,30.033,28.955,23.479
31.822,31.158,29.682,27.027,25.390,26.210,34.004,39.325,39.728,34.503,29.627,24.087,20.086,19.141,19.186,22.388,26.927,32.701,40.610,43.098,35.042,30.113,29.026,23.582
32.009,31.306,29.853,27.201,25.572,26.393,34.205,39.430,39.856,34.627,29.766,24.269,20.266,19.324,19.359,22.577,27.114,32.858,40.755,43.208,35.171,30.260,29.180,23.755
32.216,31.516,30.074,27.416,25.777,26.580,34.376,39.588,40.011,34.791,29.947,24.472,20.481,19.551,19.576,22.796,27.328,33.056,40.934,43.334,35.308,30.434,29.368,23.965
32.290,31.646,30.209,27.549,25.904,26.717,34.466,39.717,40.107,34.905,30.062,24.567,20.605,19.694,19.722,22.917,27.470,33.236,41.032,43.415,35.462,30.628,29.571,24.127
32.351,31.737,30.291,27.645,26.007,26.821,34.520,39.805,40.178,35.005,30.175,24.676,20.735,19.824,19.860,23.028,27.560,33.319,41.082,43.487,35.567,30.740,29.680,24.246
32.476,31.842,30.412,27.764,26.133,26.961,34.687,39.905,40.291,35.105,30.271,24.783,20.838,19.931,19.962,23.144,27.697,33.462,41.206,43.596,35.703,30.882,29.825,24.369
32.618,32.043,30.632,28.004,26.383,27.214,34.830,40.034,40.385,35.261,30.470,25.010,21.129,20.249,20.281,23.413,27.949,33.702,41.296,43.646,35.897,31.159,30.119,24.668
32.725,32.140,30.730,28.098,26.475,27.309,34.948,40.141,40.498,35.361,30.562,25.099,21.209,20.326,20.357,23.499,28.046,33.805,41.414,43.764,36.002,31.255,30.214,24.754
32.843,32.280,30.857,28.218,26.581,27.394,35.011,40.279,40.621,35.492,30.694,25.219,21.330,20.449,20.480,23.615,28.147,33.906,41.539,43.884,36.086,31.341,30.302,24.862
32.943,32.379,30.975,28.355,26.741,27.582,35.180,40.360,40.706,35.593,30.808,25.355,21.489,20.614,20.648,23.769,28.310,34.065,41.613,43.960,36.260,31.539,30.502,25.038
33.047,32.515,31.107,28.487,26.864,27.694,35.250,40.479,40.805,35.712,30.937,25.480,21.631,20.765,20.799,23.903,28.433,34.189,41.713,44.046,36.360,31.662,30.630,25.177
33.150,32.655,31.253,28.618,26.979,27.804,35.343,40.611,40.914,35.822,31.044,25.570,21.734,20.885,20.915,24.014,28.567,34.356,41.842,44.136,36.477,31.813,30.792,25.312
33.280,32.805,31.397,28.758,27.111,27.923,35.439,40.752,41.041,35.959,31.186,25.706,21.878,21.033,21.062,24.153,28.697,34.486,41.972,44.257,36.589,31.936,30.919,25.450
33.409,32.904,31.502,28.868,27.225,28.027,35.548,40.819,41.125,36.047,31.288,25.840,22.007,21.158,21.183,24.281,28.803,34.556,42.061,44.333,36.649,31.997,30.981,25.552
33.529,33.008,31.614,28.983,27.343,28.142,35.651,40.899,41.215,36.138,31.388,25.960,22.128,21.281,21.301,24.404,28.922,34.647,42.158,44.413,36.736,32.093,31.081,25.666
33.574,33.069,31.654,29.041,27.404,28.184,35.667,40.948,41.254,36.212,31.484,26.062,22.242,21.385,21.415,24.489,28.952,34.657,42.166,44.457,36.757,32.103,31.085,25.727
33.701,33.180,31.776,29.165,27.531,28.306,35.772,41.025,41.340,36.302,31.587,26.191,22.375,21.521,21.546,24.624,29.080,34.755,42.263,44.528,36.840,32.203,31.191,25.852
33.871,33.347,31.951,29.329,27.682,28.440,35.909,41.160,41.475,36.434,31.725,26.343,22.527,21.681,21.696,24.784,29.241,34.909,42.422,44.643,36.941,32.326,31.325,26.002
33.993,33.513,32.111,29.484,27.822,28.560,35.976,41.303,41.589,36.572,31.875,26.485,22.690,21.856,21.870,24.938,29.381,35.052,42.542,44.739,37.045,32.462,31.468,26.161
34.097,33.626,32.215,29.600,27.939,28.659,36.029,41.388,41.668,36.680,32.005,26.631,22.849,22.012,22.030,25.077,29.479,35.114,42.607,44.811,37.109,32.531,31.538,26.281
34.189,33.716,32.304,29.697,28.043,28.768,36.131,41.482,41.764,36.782,32.110,26.738,22.958,22.119,22.139,25.181,29.577,35.187,42.692,44.911,37.220,32.637,31.641,26.385
34.292,33.766,32.349,29.779,28.155,28.875,36.216,41.496,41.809,36.856,32.219,26.905,23.125,22.263,22.291,25.320,29.647,35.206,42.701,44.965,37.262,32.651,31.644,26.473
34.390,33.933,32.518,29.933,28.290,29.002,36.293,41.653,41.925,36.988,32.351,27.009,23.258,22.420,22.445,25.454,29.801,35.385,42.832,45.056,37.402,32.841,31.847,26.644
34.464,34.003,32.601,30.015,28.377,29.104,36.409,41.722,41.997,37.052,32.412,27.072,23.324,22.493,22.515,25.530,29.901,35.499,42.913,45.124,37.507,32.959,31.969,26.736
34.523,34.043,32.627,30.060,28.438,29.167,36.462,41.777,42.064,37.131,32.497,27.165,23.411,22.561,22.594,25.599,29.934,35.500,42.947,45.212,37.572,32.987,31.984,26.784
34.722,34.207,32.800,30.238,28.617,29.328,36.627,41.890,42.196,37.269,32.656,27.367,23.610,22.758,22.783,25.797,30.106,35.625,43.091,45.327,37.668,33.093,32.096,26.949
34.882,34.366,32.960,30.390,28.755,29.438,36.723,42.006,42.310,37.391,32.794,27.523,23.769,22.922,22.939,25.955,30.244,35.737,43.224,45.421,37.730,33.175,32.187,27.084
34.965,34.471,33.071,30.497,28.859,29.550,36.827,42.112,42.404,37.485,32.884,27.603,23.859,23.023,23.039,26.051,30.361,35.879,43.325,45.507,37.855,33.320,32.337,27.203
35.033,34.527,33.111,30.564,28.946,29.637,36.880,42.173,42.472,37.580,32.996,27.729,23.989,23.134,23.163,26.153,30.412,35.886,43.351,45.594,37.930,33.365,32.368,27.281
35.199,34.703,33.309,30.744,29.120,29.828,37.101,42.352,42.647,37.733,33.132,27.854,24.117,23.279,23.299,26.305,30.620,36.141,43.557,45.755,38.141,33.605,32.619,27.468
35.308,34.812,33.409,30.851,29.224,29.912,37.157,42.438,42.731,37.835,33.252,27.987,24.254,23.413,23.434,26.429,30.708,36.196,43.633,45.833,38.193,33.657,32.671,27.569
35.357,34.888,33.471,30.917,29.289,29.979,37.200,42.538,42.815,37.929,33.340,28.053,24.326,23.483,23.511,26.491,30.766,36.268,43.701,45.928,38.289,33.745,32.754,27.642
35.477,35.011,33.593,31.053,29.432,30.114,37.294,42.631,42.905,38.047,33.481,28.216,24.504,23.660,23.691,26.653,30.894,36.362,43.779,46.010,38.387,33.853,32.864,27.790
35.574,35.091,33.668,31.133,29.519,30.204,37.397,42.723,43.008,38.145,33.577,28.314,24.592,23.739,23.773,26.739,30.972,36.429,43.870,46.125,38.483,33.928,32.931,27.866
35.677,35.191,33.766,31.235,29.623,30.306,37.494,42.819,43.106,38.247,33.683,28.425,24.703,23.848,23.883,26.846,31.071,36.520,43.965,46.224,38.579,34.021,33.023,27.968
35.814,35.324,33.910,31.375,29.764,30.452,37.651,42.943,43.233,38.368,33.803,28.550,24.831,23.981,24.012,26.982,31.223,36.679,44.104,46.343,38.719,34.175,33.182,28.111
35.934,35.455,34.048,31.511,29.897,30.589,37.782,43.067,43.350,38.487,33.923,28.670,24.959,24.117,24.146,27.113,31.365,36.832,44.228,46.451,38.855,34.328,33.339,28.254
35.986,35.537,34.117,31.594,29.982,30.659,37.784,43.129,43.393,38.568,34.026,28.778,25.089,24.248,24.283,27.219,31.429,36.871,44.249,46.487,38.902,34.386,33.397,28.352
36.146,35.686,34.263,31.742,30.125,30.779,37.889,43.244,43.513,38.700,34.175,28.948,25.259,24.415,24.447,27.381,31.561,36.966,44.373,46.597,38.978,34.466,33.481,28.486
36.330,35.819,34.400,31.892,30.285,30.919,38.031,43.326,43.624,38.821,34.323,29.150,25.453,24.598,24.625,27.567,31.700,37.035,44.482,46.699,39.043,34.524,33.540,28.622
36.414,35.906,34.487,31.984,30.379,31.011,38.108,43.405,43.701,38.907,34.416,29.248,25.557,24.702,24.731,27.665,31.789,37.116,44.555,46.774,39.126,34.611,33.627,28.719
36.561,36.033,34.617,32.118,30.517,31.143,38.246,43.515,43.823,39.030,34.547,29.398,25.703,24.844,24.871,27.811,31.921,37.224,44.678,46.892,39.234,34.716,33.732,28.847
36.596,36.088,34.663,32.186,30.599,31.233,38.284,43.567,43.864,39.103,34.636,29.490,25.816,24.955,24.992,27.901,31.986,37.273,44.689,46.938,39.321,34.804,33.815,28.943
36.794,36.197,34.783,32.303,30.727,31.362,38.503,43.677,44.027,39.226,34.751,29.639,25.922,25.040,25.070,28.025,32.109,37.361,44.863,47.116,39.428,34.868,33.872,29.025
36.832,36.268,34.836,32.376,30.808,31.439,38.515,43.749,44.080,39.316,34.857,29.740,26.045,25.159,25.201,28.120,32.166,37.400,44.881,47.174,39.505,34.942,33.940,29.120
37.023,36.441,35.016,32.562,30.996,31.612,38.672,43.876,44.216,39.467,35.031,29.947,26.258,25.373,25.410,28.327,32.347,37.522,45.023,47.293,39.622,35.075,34.079,29.303
37.140,36.554,35.095,32.676,31.117,31.703,38.705,43.962,44.302,39.593,35.188,30.129,26.447,25.546,25.592,28.482,32.425,37.541,45.059,47.384,39.665,35.100,34.096,29.412
37.176,36.570,35.106,32.709,31.173,31.783,38.792,44.010,44.363,39.655,35.247,30.189,26.504,25.590,25.646,28.530,32.467,37.550,45.075,47.468,39.770,35.174,34.157,29.463
37.221,36.573,35.118,32.748,31.249,31.869,38.843,44.035,44.423,39.748,35.358,30.316,26.631,25.687,25.764,28.619,32.491,37.550,45.098,47.565,39.857,35.203,34.163,29.523
37.246,36.594,35.122,32.768,31.315,31.965,38.929,44.053,44.437,39.784,35.414,30.410,26.728,25.759,25.851,28.690,32.521,37.561,45.106,47.605,39.938,35.244,34.186,29.575
37.434,36.679,35.207,32.908,31.482,32.122,39.099,44.101,44.550,39.908,35.569,30.632,26.935,25.943,26.036,28.882,32.653,37.586,45.151,47.724,40.020,35.294,34.227,29.706
37.598,36.785,35.320,33.032,31.621,32.260,39.270,44.187,44.671,40.022,35.694,30.795,27.082,26.076,26.166,29.029,32.778,37.640,45.269,47.850,40.119,35.371,34.301,29.819
37.830,37.009,35.532,33.226,31.792,32.402,39.435,44.413,44.899,40.232,35.895,30.987,27.252,26.242,26.326,29.208,32.950,37.809,45.515,48.077,40.257,35.496,34.427,29.972
38.009,37.234,35.770,33.451,32.006,32.624,39.636,44.626,45.085,40.422,36.082,31.158,27.446,26.460,26.538,29.412,33.192,38.095,45.724,48.241,40.489,35.777,34.721,30.217
38.117,37.414,35.931,33.609,32.142,32.734,39.664,44.795,45.208,40.581,36.253,31.303,27.619,26.646,26.728,29.566,33.322,38.236,45.841,48.349,40.598,35.916,34.867,30.381
38.217,37.549,36.065,33.764,32.312,32.911,39.771,44.915,45.308,40.722,36.415,31.472,27.821,26.853,26.945,29.745,33.478,38.381,45.915,48.442,40.764,36.104,35.055,30.575
38.290,37.721,36.218,33.923,32.467,33.079,39.848,45.124,45.459,40.912,36.601,31.602,27.993,27.039,27.146,29.893,33.633,38.588,46.035,48.597,40.995,36.358,35.307,30.779
38.446,37.770,36.280,34.014,32.604,33.252,40.101,45.190,45.593,41.021,36.710,31.759,28.116,27.130,27.243,30.019,33.748,38.650,46.141,48.766,41.157,36.455,35.384,30.871
38.834,38.032,36.543,34.317,32.933,33.527,40.369,45.328,45.803,41.265,37.026,32.207,28.545,27.525,27.631,30.418,34.013,38.728,46.335,48.960,41.248,36.517,35.444,31.138
39.083,38.314,36.865,34.619,33.225,33.837,40.679,45.571,46.027,41.481,37.241,32.425,28.791,27.808,27.898,30.692,34.355,39.124,46.610,49.141,41.545,36.896,35.847,31.466
39.185,38.416,36.946,34.720,33.335,33.933,40.735,45.673,46.129,41.610,37.387,32.578,28.948,27.949,28.050,30.822,34.431,39.158,46.676,49.255,41.627,36.952,35.893,31.568
39.459,38.647,37.201,34.962,33.582,34.208,41.094,45.922,46.406,41.842,37.594,32.789,29.135,28.138,28.230,31.041,34.706,39.463,46.980,49.537,41.924,37.242,36.185,31.802
39.815,38.940,37.509,35.251,33.861,34.474,41.438,46.193,46.713,42.108,37.853,33.074,29.387,28.385,28.462,31.320,34.999,39.740,47.326,49.836,42.156,37.465,36.414,32.049
40.131,39.351,37.934,35.634,34.210,34.848,41.818,46.648,47.113,42.481,38.182,33.325,29.658,28.697,28.765,31.626,35.413,40.290,47.772,50.217,42.623,37.994,36.960,32.450
40.494,39.636,38.236,35.939,34.517,35.123,42.123,46.852,47.361,42.726,38.458,33.676,29.991,29.022,29.075,31.964,35.708,40.500,48.044,50.442,42.788,38.162,37.136,32.721
40.849,39.885,38.464,36.211,34.823,35.394,42.391,47.053,47.623,43.016,38.795,34.098,30.386,29.370,29.431,32.320,35.940,40.578,48.256,50.726,42.955,38.257,37.211,32.965
41.141,40.250,38.829,36.551,35.140,35.726,42.712,47.461,47.987,43.369,39.118,34.359,30.661,29.668,29.729,32.611,36.292,41.022,48.639,51.086,43.362,38.694,37.656,33.319
41.524,40.562,39.114,36.858,35.459,36.010,43.005,47.758,48.324,43.716,39.488,34.770,31.041,30.011,30.077,32.965,36.558,41.186,48.943,51.448,43.591,38.855,37.799,33.586
41.952,41.035,39.607,37.326,35.911,36.485,43.497,48.250,48.791,44.161,39.906,35.151,31.434,30.431,30.490,33.386,37.055,41.768,49.445,51.899,44.115,39.423,38.380,34.069
42.884,42.036,40.540,38.191,36.685,37.164,44.187,49.311,49.801,45.137,40.838,35.981,32.217,31.211,31.263,34.177,37.831,42.593,50.489,52.921,44.860,40.129,39.086,34.823
43.951,43.188,41.761,39.276,37.670,38.168,45.358,50.497,50.935,46.132,41.727,36.759,32.975,32.056,32.054,35.070,38.993,44.019,51.816,53.985,45.982,41.385,40.399,35.860
46.714,45.156,43.743,41.173,39.561,39.941,47.984,52.482,53.383,48.181,43.678,38.955,34.711,33.594,33.509,36.976,40.832,45.516,54.411,56.576,47.551,42.499,41.450,37.284
