-9.481,-6.939,-7.020,-9.245,-7.094,-0.341,14.078,26.282,34.554,30.014,27.485,31.871,28.488,26.693,26.345,26.031,21.218,26.417,27.807,24.051,22.696,18.689,15.054,10.413
6.972,7.936,8.062,7.168,9.810,13.896,25.857,34.393,41.626,39.967,38.383,39.730,33.853,26.782,29.190,32.960,37.226,40.883,43.528,44.179,39.131,31.644,27.871,23.033
11.292,12.168,12.320,11.543,13.901,17.729,28.786,36.678,43.082,41.684,40.273,41.373,36.133,29.864,32.140,35.483,39.441,42.719,45.197,45.885,41.056,34.081,30.548,26.189
13.104,14.333,15.056,14.165,16.105,19.750,30.912,38.622,44.634,42.685,41.588,42.559,37.223,30.729,32.999,36.524,40.422,43.106,45.718,45.990,41.672,35.379,32.054,28.155
14.641,15.792,16.192,15.340,17.074,21.050,31.607,39.349,44.750,42.959,41.753,42.864,38.859,34.474,36.237,38.398,40.599,43.391,46.069,46.062,42.019,35.836,32.597,29.064
15.684,16.708,16.845,16.054,17.773,21.923,32.153,39.915,44.821,43.509,42.203,43.361,39.994,36.102,37.713,39.690,41.199,44.140,46.085,46.563,42.020,36.449,33.201,29.753
16.174,17.186,17.301,16.496,18.252,22.320,32.440,40.109,45.126,43.767,42.447,43.661,40.204,36.313,37.958,39.691,41.346,44.312,46.225,46.615,42.244,36.737,33.543,30.060
16.633,17.706,17.963,17.126,18.879,22.766,32.905,40.434,45.645,44.069,42.818,44.015,40.206,36.327,37.994,39.810,41.597,44.448,46.543,46.705,42.657,37.102,33.977,30.480
17.093,18.118,18.331,17.517,19.306,23.153,33.209,40.673,45.896,44.397,43.135,44.315,40.482,36.622,38.181,39.974,41.981,44.855,46.916,47.170,43.057,37.467,34.344,30.815
17.394,18.410,18.647,17.843,19.643,23.439,33.492,40.908,46.164,44.663,43.419,44.563,40.635,36.661,38.213,40.125,42.304,45.150,47.258,47.351,43.414,37.760,34.639,31.096
17.623,18.724,19.060,18.222,19.926,23.752,33.867,41.321,46.491,44.854,43.657,44.805,40.946,36.682,38.313,40.436,42.443,45.197,47.370,47.466,43.512,37.965,34.872,31.432
17.788,18.921,19.313,18.460,20.145,23.927,34.059,41.481,46.690,44.967,43.796,44.943,41.003,36.739,38.379,40.457,42.526,45.234,47.466,47.469,43.633,38.097,35.028,31.604
18.033,19.211,19.623,18.745,20.369,24.198,34.317,41.774,46.899,45.112,43.947,45.136,41.337,37.089,38.725,40.785,42.579,45.264,47.467,47.531,43.633,38.245,35.205,31.856
18.214,19.407,19.887,19.018,20.618,24.397,34.543,41.953,47.065,45.250,44.130,45.252,41.363,37.228,38.798,40.832,42.820,45.427,47.723,47.608,43.890,38.431,35.391,32.065
18.380,19.593,20.091,19.220,20.769,24.591,34.738,42.175,47.174,45.362,44.255,45.365,41.599,37.333,39.025,41.111,42.953,45.526,47.814,47.679,43.957,38.559,35.520,32.259
18.471,19.700,20.186,19.304,20.833,24.701,34.854,42.335,47.299,45.472,44.354,45.497,41.756,37.376,39.058,41.235,43.002,45.592,47.843,47.688,43.975,38.647,35.612,32.374
18.649,19.862,20.375,19.501,21.068,24.843,34.988,42.388,47.456,45.613,44.513,45.622,41.818,37.513,39.125,41.290,43.193,45.760,48.079,47.926,44.247,38.818,35.791,32.503
18.851,20.071,20.597,19.723,21.265,25.036,35.149,42.529,47.547,45.698,44.611,45.711,41.822,37.520,39.143,41.326,43.291,45.831,48.147,47.978,44.324,38.935,35.921,32.670
19.001,20.223,20.798,19.930,21.480,25.172,35.287,42.597,47.675,45.790,44.734,45.793,41.885,37.708,39.324,41.332,43.440,45.930,48.327,48.142,44.531,39.067,36.065,32.798
19.107,20.334,20.918,20.043,21.608,25.274,35.399,42.696,47.834,45.917,44.861,45.931,41.889,37.896,39.454,41.379,43.536,46.029,48.428,48.157,44.634,39.186,36.191,32.902
19.251,20.502,21.075,20.185,21.707,25.439,35.552,42.900,47.949,46.018,44.953,46.061,42.178,37.899,39.511,41.631,43.569,46.068,48.445,48.202,44.665,39.276,36.291,33.058
19.361,20.629,21.224,20.328,21.831,25.564,35.686,43.036,48.070,46.110,45.056,46.163,42.287,38.017,39.627,41.739,43.654,46.132,48.508,48.226,44.713,39.374,36.397,33.185
19.564,20.797,21.380,20.511,22.024,25.730,35.810,43.111,48.106,46.223,45.178,46.231,42.347,38.042,39.694,41.841,43.882,46.345,48.726,48.500,44.932,39.532,36.543,33.328
19.744,20.991,21.602,20.729,22.220,25.895,35.943,43.204,48.184,46.265,45.240,46.286,42.391,38.060,39.708,41.876,43.923,46.349,48.749,48.525,44.979,39.613,36.648,33.461
19.892,21.118,21.686,20.821,22.318,26.014,36.015,43.277,48.219,46.353,45.309,46.368,42.553,38.349,39.969,42.052,44.009,46.465,48.807,48.603,45.037,39.705,36.738,33.554
19.951,21.177,21.724,20.856,22.349,26.080,36.081,43.376,48.295,46.440,45.382,46.462,42.712,38.621,40.210,42.216,44.064,46.542,48.849,48.644,45.068,39.772,36.802,33.624
20.014,21.269,21.849,20.967,22.439,26.184,36.234,43.558,48.478,46.572,45.524,46.610,42.856,38.727,40.349,42.353,44.168,46.626,48.963,48.701,45.170,39.887,36.918,33.757
20.215,21.438,21.983,21.117,22.606,26.337,36.323,43.610,48.512,46.667,45.610,46.685,42.951,38.765,40.358,42.463,44.303,46.777,49.078,48.884,45.299,40.009,37.041,33.870
20.325,21.534,22.061,21.200,22.700,26.422,36.376,43.645,48.551,46.726,45.663,46.741,43.011,38.883,40.470,42.521,44.363,46.848,49.130,48.953,45.362,40.077,37.113,33.935
20.421,21.628,22.148,21.289,22.784,26.510,36.449,43.715,48.601,46.787,45.722,46.801,43.098,38.930,40.526,42.571,44.426,46.912,49.181,49.011,45.414,40.145,37.183,34.013
20.520,21.751,22.306,21.433,22.924,26.630,36.602,43.867,48.803,46.923,45.869,46.958,43.136,38.947,40.529,42.613,44.523,46.991,49.301,49.059,45.544,40.272,37.321,34.147
20.632,21.875,22.475,21.594,23.103,26.735,36.727,43.940,48.981,47.033,46.000,47.079,43.186,38.996,40.577,42.670,44.626,47.065,49.448,49.104,45.724,40.395,37.460,34.255
20.768,22.009,22.585,21.696,23.213,26.853,36.816,44.033,49.087,47.134,46.085,47.198,43.285,39.013,40.593,42.698,44.667,47.133,49.478,49.125,45.767,40.486,37.562,34.352
20.840,22.101,22.695,21.792,23.299,26.936,36.908,44.129,49.200,47.199,46.154,47.286,43.363,39.057,40.638,42.752,44.683,47.140,49.495,49.147,45.794,40.545,37.635,34.434
20.937,22.203,22.806,21.900,23.404,27.026,36.990,44.196,49.280,47.260,46.219,47.355,43.412,39.075,40.648,42.789,44.730,47.179,49.542,49.152,45.853,40.613,37.714,34.515
21.075,22.324,22.907,22.012,23.515,27.143,37.073,44.267,49.310,47.334,46.289,47.414,43.518,39.187,40.762,42.918,44.838,47.291,49.599,49.180,45.898,40.705,37.802,34.612
21.202,22.477,23.068,22.162,23.617,27.290,37.207,44.431,49.382,47.386,46.346,47.488,43.724,39.608,41.126,43.142,44.855,47.291,49.629,49.229,45.933,40.765,37.875,34.747
21.308,22.582,23.177,22.277,23.713,27.389,37.283,44.494,49.395,47.414,46.382,47.510,43.788,39.732,41.245,43.226,44.913,47.331,49.635,49.259,45.938,40.818,37.931,34.829
21.413,22.690,23.291,22.396,23.811,27.500,37.388,44.601,49.444,47.479,46.456,47.566,43.896,39.819,41.366,43.363,45.013,47.412,49.714,49.326,46.002,40.900,38.011,34.937
21.523,22.794,23.415,22.531,23.945,27.606,37.496,44.680,49.518,47.564,46.559,47.631,43.915,39.850,41.398,43.397,45.165,47.536,49.875,49.517,46.163,41.011,38.117,35.044
21.654,22.925,23.549,22.661,24.083,27.715,37.579,44.732,49.604,47.629,46.625,47.706,43.950,39.918,41.428,43.407,45.207,47.575,49.917,49.530,46.230,41.088,38.211,35.129
21.773,23.030,23.620,22.736,24.157,27.814,37.640,44.801,49.631,47.695,46.676,47.771,44.097,39.921,41.523,43.569,45.264,47.656,49.947,49.589,46.257,41.157,38.279,35.207
21.854,23.121,23.707,22.817,24.226,27.905,37.732,44.913,49.724,47.778,46.754,47.866,44.205,40.057,41.615,43.672,45.313,47.710,49.984,49.601,46.291,41.229,38.355,35.298
21.949,23.231,23.872,22.983,24.377,28.010,37.856,44.999,49.823,47.835,46.844,47.919,44.233,40.099,41.615,43.689,45.420,47.761,50.106,49.696,46.422,41.319,38.453,35.407
22.048,23.325,23.972,23.085,24.494,28.098,37.944,45.062,49.924,47.932,46.945,48.010,44.237,40.134,41.668,43.707,45.530,47.867,50.233,49.827,46.560,41.422,38.558,35.493
22.127,23.421,24.090,23.194,24.596,28.201,38.078,45.211,50.090,48.061,47.081,48.151,44.330,40.141,41.701,43.748,45.639,47.966,50.354,49.909,46.678,41.540,38.677,35.615
22.223,23.529,24.241,23.340,24.747,28.300,38.201,45.298,50.238,48.158,47.200,48.251,44.350,40.180,41.750,43.794,45.748,48.041,50.495,50.009,46.837,41.651,38.797,35.722
22.344,23.642,24.328,23.428,24.831,28.405,38.271,45.373,50.278,48.224,47.252,48.320,44.471,40.317,41.807,43.897,45.795,48.106,50.516,50.041,46.859,41.718,38.868,35.805
22.457,23.751,24.418,23.525,24.907,28.518,38.360,45.480,50.305,48.288,47.313,48.378,44.636,40.515,42.057,44.096,45.879,48.191,50.564,50.121,46.892,41.792,38.938,35.906
22.539,23.836,24.483,23.585,24.961,28.608,38.449,45.601,50.354,48.393,47.404,48.491,44.820,40.819,42.328,44.285,45.949,48.283,50.599,50.172,46.900,41.878,39.021,35.999
22.679,23.955,24.547,23.661,25.018,28.723,38.499,45.672,50.401,48.426,47.416,48.515,45.029,41.206,42.710,44.541,45.992,48.353,50.619,50.215,46.936,41.923,39.063,36.078
22.808,24.071,24.680,23.808,25.176,28.842,38.621,45.757,50.452,48.544,47.550,48.605,45.044,41.325,42.776,44.570,46.190,48.526,50.801,50.468,47.102,42.067,39.198,36.200
22.917,24.169,24.716,23.839,25.212,28.935,38.676,45.854,50.522,48.646,47.615,48.726,45.292,41.533,42.992,44.809,46.209,48.607,50.814,50.479,47.119,42.138,39.271,36.274
23.022,24.288,24.869,23.983,25.363,29.045,38.809,45.963,50.696,48.767,47.749,48.858,45.320,41.644,43.094,44.813,46.315,48.692,50.936,50.551,47.254,42.260,39.404,36.391
23.098,24.359,24.926,24.041,25.426,29.114,38.866,46.023,50.755,48.837,47.812,48.928,45.405,41.672,43.104,44.893,46.376,48.765,50.992,50.616,47.312,42.327,39.471,36.454
23.205,24.456,25.022,24.145,25.540,29.219,38.977,46.126,50.864,48.965,47.943,49.041,45.493,41.688,43.161,44.992,46.542,48.930,51.168,50.827,47.483,42.459,39.594,36.566
23.295,24.536,25.085,24.212,25.607,29.299,39.038,46.191,50.905,49.032,48.003,49.104,45.596,41.802,43.279,45.106,46.614,49.013,51.226,50.909,47.538,42.528,39.660,36.636
23.370,24.626,25.201,24.319,25.718,29.389,39.161,46.311,51.078,49.158,48.136,49.241,45.658,41.857,43.318,45.141,46.715,49.104,51.354,50.990,47.674,42.643,39.780,36.743
23.476,24.742,25.302,24.417,25.790,29.523,39.306,46.511,51.201,49.299,48.269,49.387,45.929,42.281,43.717,45.442,46.842,49.241,51.453,51.095,47.743,42.767,39.894,36.890
23.581,24.848,25.394,24.507,25.869,29.632,39.410,46.637,51.290,49.400,48.362,49.492,46.103,42.571,43.980,45.628,46.928,49.337,51.521,51.144,47.800,42.861,39.986,36.998
23.657,24.938,25.475,24.576,25.925,29.723,39.507,46.770,51.407,49.498,48.448,49.612,46.287,42.868,44.234,45.803,46.963,49.388,51.541,51.166,47.815,42.936,40.066,37.093
23.741,25.022,25.557,24.661,26.004,29.814,39.600,46.871,51.480,49.586,48.537,49.692,46.396,42.965,44.342,45.928,47.070,49.492,51.642,51.263,47.906,43.026,40.151,37.187
23.900,25.177,25.719,24.822,26.177,29.950,39.715,46.951,51.605,49.691,48.646,49.804,46.445,43.020,44.386,45.952,47.163,49.580,51.744,51.343,48.033,43.144,40.283,37.304
24.049,25.299,25.793,24.909,26.272,30.084,39.822,47.079,51.679,49.842,48.776,49.934,46.669,43.341,44.700,46.211,47.342,49.793,51.899,51.581,48.169,43.289,40.410,37.431
24.196,25.447,25.905,25.018,26.370,30.242,39.976,47.284,51.832,50.021,48.933,50.122,46.978,43.856,45.163,46.536,47.478,49.963,52.008,51.697,48.257,43.441,40.555,37.593
24.305,25.563,26.005,25.108,26.458,30.353,40.082,47.414,51.962,50.138,49.037,50.259,47.157,44.113,45.385,46.701,47.536,50.042,52.057,51.714,48.307,43.539,40.660,37.700
24.401,25.671,26.134,25.234,26.571,30.467,40.214,47.549,52.088,50.245,49.155,50.367,47.261,44.187,45.474,46.808,47.653,50.140,52.176,51.816,48.421,43.650,40.770,37.824
24.506,25.789,26.271,25.360,26.706,30.580,40.351,47.682,52.280,50.389,49.303,50.528,47.350,44.206,45.484,46.865,47.759,50.242,52.306,51.895,48.563,43.782,40.910,37.948
24.688,25.957,26.423,25.522,26.856,30.731,40.445,47.751,52.290,50.438,49.352,50.567,47.456,44.390,45.660,46.993,47.836,50.315,52.347,51.969,48.612,43.864,41.000,38.061
24.869,26.105,26.550,25.671,27.026,30.889,40.585,47.870,52.401,50.617,49.528,50.710,47.581,44.439,45.764,47.147,48.097,50.583,52.613,52.331,48.871,44.058,41.176,38.215
25.024,26.257,26.711,25.832,27.199,31.029,40.715,47.970,52.537,50.741,49.657,50.833,47.645,44.476,45.783,47.195,48.225,50.704,52.752,52.461,49.027,44.193,41.319,38.344
25.122,26.373,26.850,25.964,27.321,31.147,40.860,48.121,52.700,50.868,49.794,50.970,47.756,44.513,45.842,47.297,48.339,50.802,52.876,52.547,49.150,44.316,41.445,38.477
25.226,26.486,26.968,26.079,27.423,31.280,41.025,48.322,52.876,51.042,49.968,51.144,47.968,44.790,46.111,47.523,48.512,50.975,53.049,52.720,49.302,44.473,41.591,38.634
25.377,26.619,27.058,26.180,27.521,31.427,41.153,48.482,52.966,51.199,50.106,51.285,48.224,45.233,46.528,47.818,48.688,51.180,53.197,52.934,49.425,44.621,41.723,38.779
25.456,26.714,27.166,26.280,27.605,31.533,41.285,48.641,53.106,51.320,50.230,51.415,48.377,45.239,46.583,47.975,48.793,51.277,53.300,53.012,49.516,44.730,41.830,38.902
25.662,26.888,27.338,26.473,27.832,31.693,41.411,48.696,53.209,51.460,50.379,51.523,48.381,45.291,46.644,47.979,49.015,51.489,53.542,53.322,49.781,44.907,42.005,39.040
25.897,27.108,27.556,26.700,28.060,31.889,41.553,48.787,53.285,51.557,50.484,51.610,48.457,45.439,46.722,48.059,49.148,51.608,53.657,53.460,49.919,45.045,42.155,39.196
26.019,27.254,27.718,26.845,28.201,32.038,41.740,49.001,53.538,51.754,50.680,51.833,48.655,45.462,46.801,48.228,49.280,51.743,53.807,53.540,50.068,45.213,42.329,39.366
26.241,27.446,27.902,27.056,28.409,32.231,41.892,49.113,53.581,51.874,50.812,51.909,48.758,45.588,46.960,48.384,49.519,51.960,54.024,53.860,50.279,45.381,42.485,39.537
26.334,27.585,28.095,27.230,28.545,32.393,42.133,49.401,53.858,52.076,51.033,52.133,48.983,45.824,47.192,48.607,49.692,52.097,54.210,53.964,50.442,45.561,42.663,39.747
26.478,27.728,28.217,27.354,28.652,32.550,42.289,49.597,53.988,52.235,51.182,52.291,49.249,46.268,47.602,48.901,49.847,52.266,54.339,54.114,50.547,45.708,42.802,39.909
26.591,27.885,28.399,27.513,28.782,32.749,42.589,49.994,54.371,52.561,51.505,52.642,49.651,46.774,48.079,49.302,50.107,52.528,54.615,54.321,50.780,45.972,43.050,40.178
26.802,28.075,28.530,27.650,28.927,32.952,42.772,50.221,54.550,52.805,51.718,52.879,50.008,47.290,48.597,49.684,50.334,52.807,54.817,54.582,50.961,46.190,43.253,40.379
26.940,28.223,28.714,27.832,29.118,33.116,42.990,50.436,54.823,53.042,51.970,53.112,50.135,47.333,48.598,49.797,50.589,53.042,55.113,54.860,51.253,46.416,43.472,40.577
27.074,28.400,28.915,28.006,29.265,33.305,43.239,50.748,55.137,53.281,52.208,53.391,50.450,47.682,48.949,50.089,50.736,53.188,55.265,54.912,51.390,46.614,43.675,40.802
27.188,28.549,29.097,28.173,29.400,33.473,43.463,51.018,55.381,53.475,52.413,53.603,50.696,47.990,49.241,50.338,50.900,53.330,55.430,55.017,51.533,46.787,43.846,41.005
27.421,28.810,29.379,28.448,29.635,33.757,43.791,51.397,55.693,53.767,52.713,53.902,51.077,48.510,49.738,50.745,51.188,53.598,55.703,55.263,51.775,47.065,44.117,41.319
27.579,29.022,29.655,28.685,29.881,33.990,44.153,51.808,56.253,54.181,53.135,54.366,51.377,48.572,49.817,50.965,51.480,53.885,56.075,55.479,52.146,47.407,44.464,41.628
27.897,29.339,29.918,28.941,30.154,34.376,44.631,52.424,56.865,54.830,53.739,55.016,52.131,49.529,50.735,51.738,52.068,54.555,56.684,56.130,52.688,47.951,44.960,42.097
28.117,29.557,30.088,29.103,30.319,34.605,44.860,52.715,57.131,55.120,53.996,55.320,52.548,50.144,51.291,52.157,52.287,54.827,56.884,56.333,52.870,48.196,45.198,42.334
28.427,29.903,30.448,29.450,30.609,34.982,45.287,53.227,57.532,55.503,54.382,55.720,53.106,50.968,52.062,52.753,52.643,55.170,57.207,56.619,53.147,48.554,45.545,42.747
28.833,30.421,31.082,30.028,31.121,35.558,46.076,54.151,58.497,56.264,55.172,56.549,53.897,51.732,52.806,53.501,53.267,55.741,57.889,57.073,53.777,49.221,46.210,43.454
29.080,30.775,31.440,30.314,31.329,35.979,46.669,55.002,59.282,56.907,55.774,57.299,54.920,53.264,54.164,54.497,53.618,56.150,58.224,57.181,54.026,49.698,46.677,43.993
29.644,31.351,31.947,30.787,31.847,36.586,47.347,55.811,60.201,57.788,56.587,58.234,55.897,54.362,55.180,55.406,54.280,56.936,58.924,57.807,54.704,50.441,47.406,44.659
30.173,31.912,32.564,31.397,32.453,37.241,48.194,56.764,61.188,58.739,57.553,59.166,56.749,55.104,55.987,56.284,55.278,57.918,60.001,58.896,55.705,51.314,48.223,45.454
30.787,32.595,33.348,32.178,33.140,38.064,49.267,58.016,62.278,59.804,58.663,60.196,57.891,56.437,57.363,57.545,56.471,59.028,61.225,60.143,56.783,52.313,49.145,46.460
31.560,33.432,34.130,32.903,33.859,39.017,50.445,59.500,63.784,61.243,60.023,61.707,59.609,58.572,59.364,59.238,57.638,60.333,62.434,61.243,57.876,53.517,50.292,47.588
32.827,34.548,35.040,33.827,35.067,40.047,51.313,60.222,65.017,62.567,61.221,63.034,60.502,58.794,59.639,59.920,58.774,61.727,63.703,62.620,59.292,54.762,51.553,48.521
35.560,37.280,37.177,35.849,37.102,42.946,54.254,64.006,68.489,66.281,64.513,66.969,65.892,66.767,66.836,65.315,61.509,65.154,66.210,65.085,61.546,57.874,54.565,51.547
