-9.209,-13.414,-16.290,-16.257,-16.299,-15.905,-18.631,-14.665,-15.996,-19.306,-23.888,-22.876,-22.512,-25.381,-26.147,-25.247,-20.011,-12.414,-6.307,0.358,2.550,0.151,-1.343,-5.034
-1.290,-4.773,-8.069,-7.759,-7.420,-6.360,-9.022,-6.622,-8.500,-12.509,-15.722,-13.937,-14.356,-18.255,-19.257,-17.032,-11.709,-4.507,-2.765,8.399,11.487,6.918,6.365,3.606
2.118,-1.200,-4.392,-4.175,-3.638,-2.273,-4.794,-2.865,-4.882,-8.739,-11.669,-10.190,-10.568,-14.279,-15.487,-13.237,-8.247,-1.231,0.229,11.441,14.641,10.065,9.718,7.234
3.802,0.497,-2.394,-2.347,-1.836,-0.592,-2.891,-0.905,-2.795,-6.322,-9.403,-8.472,-8.746,-11.947,-13.290,-11.403,-6.850,0.189,2.928,12.644,15.648,11.801,11.215,8.651
5.568,2.408,-0.371,-0.346,0.158,1.353,-0.814,1.024,-0.825,-4.271,-7.219,-6.385,-6.738,-9.834,-11.212,-9.334,-4.991,1.915,4.612,14.115,17.084,13.326,12.732,10.261
6.649,3.543,0.758,0.820,1.324,2.537,0.353,2.155,0.320,-3.100,-5.959,-5.021,-5.350,-8.474,-9.775,-7.885,-3.534,3.180,5.540,15.104,18.031,14.221,13.706,11.310
7.649,4.641,1.981,2.008,2.452,3.509,1.475,3.237,1.481,-1.889,-4.726,-3.928,-4.386,-7.393,-8.751,-6.894,-2.741,4.007,6.684,15.886,18.771,15.131,14.486,12.074
8.359,5.387,2.779,2.797,3.227,4.252,2.256,4.011,2.290,-1.021,-3.838,-3.075,-3.525,-6.467,-7.811,-6.000,-1.920,4.748,7.478,16.468,19.301,15.753,15.094,12.701
8.920,5.991,3.355,3.407,3.847,4.901,2.886,4.585,2.853,-0.479,-3.212,-2.351,-2.812,-5.819,-7.122,-5.255,-1.146,5.416,7.809,17.011,19.854,16.192,15.606,13.275
9.481,6.567,4.020,4.034,4.441,5.413,3.470,5.208,3.534,0.284,-2.496,-1.763,-2.224,-5.100,-6.425,-4.654,-0.664,5.906,8.664,17.431,20.205,16.750,16.072,13.705
9.950,7.064,4.576,4.568,4.958,5.885,3.996,5.729,4.088,0.886,-1.896,-1.239,-1.714,-4.513,-5.855,-4.130,-0.228,6.331,9.258,17.792,20.530,17.185,16.462,14.090
10.334,7.468,5.012,5.001,5.374,6.265,4.399,6.144,4.534,1.367,-1.413,-0.773,-1.247,-4.006,-5.333,-3.640,0.222,6.736,9.719,18.102,20.801,17.521,16.778,14.407
10.627,7.768,5.300,5.317,5.669,6.539,4.648,6.429,4.842,1.679,-1.088,-0.365,-0.821,-3.609,-4.871,-3.183,0.718,7.147,9.994,18.381,21.041,17.745,17.022,14.661
10.954,8.127,5.647,5.694,6.025,6.863,4.965,6.746,5.177,1.993,-0.735,0.075,-0.411,-3.248,-4.465,-2.744,1.183,7.548,10.212,18.695,21.341,17.987,17.281,14.939
11.345,8.553,6.115,6.147,6.471,7.283,5.435,7.180,5.625,2.465,-0.241,0.513,-0.005,-2.798,-4.040,-2.329,1.524,7.885,10.622,19.002,21.641,18.337,17.606,15.274
11.665,8.894,6.481,6.512,6.819,7.593,5.768,7.520,5.991,2.850,0.149,0.894,0.363,-2.406,-3.639,-1.944,1.876,8.212,10.989,19.267,21.879,18.618,17.866,15.534
11.937,9.172,6.806,6.814,7.110,7.854,6.066,7.830,6.325,3.231,0.507,1.175,0.650,-2.045,-3.295,-1.653,2.101,8.442,11.411,19.463,22.044,18.892,18.097,15.750
12.248,9.512,7.169,7.179,7.456,8.159,6.399,8.156,6.674,3.586,0.879,1.546,0.988,-1.696,-2.942,-1.299,2.423,8.746,11.722,19.723,22.289,19.156,18.342,15.998
12.543,9.820,7.523,7.507,7.783,8.471,6.752,8.498,7.031,3.986,1.270,1.852,1.296,-1.315,-2.591,-0.989,2.657,8.987,12.132,19.940,22.487,19.449,18.602,16.255
12.776,10.070,7.801,7.777,8.041,8.697,7.007,8.751,7.302,4.275,1.560,2.111,1.538,-1.043,-2.326,-0.740,2.866,9.194,12.413,20.123,22.654,19.662,18.789,16.438
12.995,10.310,8.068,8.036,8.289,8.916,7.257,8.991,7.559,4.547,1.838,2.359,1.764,-0.789,-2.082,-0.507,3.055,9.384,12.666,20.290,22.810,19.858,18.960,16.609
13.200,10.514,8.280,8.247,8.496,9.118,7.459,9.204,7.781,4.783,2.069,2.586,2.004,-0.536,-1.820,-0.260,3.296,9.606,12.909,20.477,22.981,20.054,19.153,16.801
13.371,10.697,8.466,8.440,8.675,9.268,7.617,9.368,7.957,4.951,2.243,2.780,2.174,-0.376,-1.650,-0.082,3.475,9.781,13.064,20.640,23.138,20.204,19.292,16.936
13.507,10.841,8.621,8.591,8.821,9.403,7.766,9.512,8.106,5.104,2.397,2.917,2.300,-0.239,-1.521,0.044,3.582,9.896,13.215,20.759,23.256,20.337,19.413,17.055
13.739,11.072,8.874,8.841,9.060,9.622,7.987,9.766,8.385,5.421,2.700,3.213,2.626,0.124,-1.133,0.388,3.909,10.175,13.552,20.940,23.392,20.542,19.607,17.245
13.941,11.277,9.092,9.053,9.270,9.829,8.204,9.983,8.609,5.661,2.936,3.425,2.843,0.366,-0.896,0.608,4.108,10.369,13.797,21.116,23.558,20.740,19.797,17.434
14.069,11.397,9.219,9.176,9.394,9.956,8.327,10.122,8.753,5.826,3.091,3.572,3.017,0.558,-0.693,0.787,4.283,10.522,13.980,21.227,23.650,20.866,19.924,17.558
14.248,11.584,9.406,9.366,9.590,10.164,8.532,10.314,8.942,6.022,3.302,3.790,3.242,0.783,-0.463,1.019,4.512,10.724,14.132,21.391,23.812,21.020,20.094,17.744
14.370,11.718,9.546,9.509,9.722,10.273,8.653,10.435,9.073,6.148,3.434,3.926,3.357,0.896,-0.348,1.139,4.624,10.837,14.249,21.502,23.919,21.128,20.190,17.837
14.500,11.854,9.674,9.641,9.857,10.414,8.794,10.558,9.187,6.245,3.545,4.051,3.465,0.984,-0.266,1.244,4.735,10.957,14.314,21.644,24.079,21.252,20.322,17.977
14.641,12.008,9.826,9.794,10.012,10.568,8.956,10.698,9.322,6.366,3.682,4.190,3.581,1.087,-0.174,1.358,4.843,11.077,14.401,21.789,24.240,21.385,20.458,18.120
14.838,12.240,10.043,10.038,10.238,10.763,9.155,10.876,9.510,6.517,3.876,4.457,3.795,1.243,0.006,1.589,5.094,11.301,14.451,21.986,24.447,21.515,20.597,18.277
14.968,12.370,10.184,10.168,10.375,10.910,9.313,11.021,9.650,6.668,4.026,4.572,3.913,1.384,0.128,1.702,5.185,11.403,14.604,22.102,24.567,21.655,20.734,18.415
15.140,12.542,10.370,10.346,10.560,11.107,9.513,11.220,9.852,6.899,4.256,4.779,4.147,1.649,0.395,1.942,5.404,11.593,14.826,22.238,24.686,21.814,20.899,18.588
15.293,12.693,10.534,10.511,10.712,11.240,9.645,11.383,10.035,7.106,4.450,4.975,4.363,1.886,0.633,2.172,5.628,11.784,15.058,22.361,24.775,21.950,21.025,18.706
15.406,12.818,10.653,10.626,10.837,11.373,9.792,11.489,10.124,7.167,4.530,5.042,4.392,1.897,0.655,2.186,5.634,11.835,15.084,22.495,24.947,22.077,21.152,18.840
15.489,12.905,10.754,10.724,10.921,11.426,9.860,11.571,10.222,7.270,4.622,5.123,4.460,1.977,0.713,2.257,5.689,11.901,15.212,22.560,25.000,22.159,21.209,18.884
15.638,13.050,10.913,10.866,11.080,11.611,10.055,11.746,10.385,7.455,4.804,5.253,4.607,2.159,0.869,2.395,5.796,12.018,15.398,22.688,25.134,22.326,21.378,19.059
15.742,13.163,11.035,10.984,11.198,11.725,10.182,11.860,10.500,7.574,4.930,5.364,4.708,2.270,0.970,2.497,5.881,12.105,15.498,22.775,25.223,22.421,21.468,19.154
15.923,13.362,11.246,11.192,11.403,11.921,10.396,12.054,10.698,7.773,5.144,5.566,4.889,2.458,1.149,2.682,6.041,12.265,15.659,22.929,25.380,22.582,21.623,19.316
16.068,13.519,11.403,11.356,11.564,12.076,10.552,12.205,10.854,7.929,5.315,5.755,5.074,2.635,1.338,2.876,6.236,12.434,15.776,23.060,25.505,22.696,21.745,19.447
16.194,13.664,11.536,11.497,11.703,12.208,10.693,12.313,10.952,7.990,5.402,5.865,5.134,2.656,1.344,2.931,6.297,12.523,15.784,23.209,25.688,22.813,21.864,19.574
16.319,13.787,11.669,11.614,11.836,12.363,10.862,12.456,11.081,8.128,5.540,5.953,5.225,2.772,1.428,3.009,6.347,12.599,15.922,23.325,25.819,22.961,22.011,19.725
16.421,13.880,11.771,11.702,11.938,12.487,10.989,12.576,11.193,8.261,5.663,6.034,5.329,2.907,1.545,3.106,6.424,12.684,16.073,23.416,25.910,23.085,22.136,19.851
16.531,13.978,11.880,11.795,12.040,12.601,11.111,12.697,11.308,8.390,5.775,6.099,5.409,3.016,1.632,3.173,6.472,12.757,16.243,23.520,26.017,23.229,22.269,19.977
16.645,14.091,11.983,11.894,12.159,12.754,11.259,12.816,11.406,8.481,5.879,6.194,5.507,3.108,1.707,3.262,6.562,12.857,16.305,23.650,26.170,23.353,22.414,20.136
16.769,14.234,12.124,12.050,12.298,12.864,11.373,12.931,11.535,8.596,6.012,6.369,5.655,3.231,1.850,3.424,6.732,13.005,16.377,23.764,26.278,23.434,22.493,20.220
16.875,14.341,12.232,12.156,12.408,12.981,11.490,13.043,11.645,8.711,6.129,6.481,5.773,3.353,1.971,3.542,6.846,13.114,16.483,23.865,26.379,23.538,22.602,20.332
17.035,14.498,12.387,12.303,12.576,13.187,11.693,13.219,11.801,8.873,6.301,6.632,5.939,3.527,2.127,3.701,6.997,13.263,16.617,24.026,26.554,23.705,22.789,20.535
17.168,14.633,12.538,12.445,12.718,13.324,11.842,13.368,11.957,9.047,6.470,6.772,6.086,3.701,2.295,3.849,7.121,13.385,16.799,24.131,26.648,23.837,22.911,20.655
17.314,14.783,12.709,12.607,12.876,13.470,12.004,13.534,12.134,9.247,6.663,6.932,6.251,3.900,2.488,4.018,7.260,13.519,17.010,24.239,26.741,23.978,23.037,20.776
17.471,14.944,12.872,12.777,13.038,13.625,12.154,13.697,12.307,9.431,6.850,7.139,6.469,4.119,2.729,4.250,7.496,13.718,17.180,24.378,26.860,24.107,23.171,20.915
17.574,15.051,13.005,12.900,13.145,13.693,12.246,13.808,12.440,9.580,6.979,7.232,6.549,4.233,2.835,4.332,7.545,13.787,17.376,24.448,26.912,24.219,23.243,20.967
17.681,15.175,13.125,13.026,13.266,13.801,12.363,13.907,12.538,9.657,7.075,7.348,6.631,4.292,2.891,4.415,7.630,13.879,17.412,24.560,27.037,24.308,23.331,21.061
17.807,15.309,13.258,13.162,13.404,13.944,12.508,14.038,12.667,9.785,7.216,7.493,6.772,4.428,3.026,4.559,7.769,14.009,17.506,24.678,27.160,24.418,23.450,21.190
17.944,15.453,13.422,13.323,13.548,14.055,12.635,14.182,12.832,9.963,7.385,7.649,6.919,4.596,3.200,4.715,7.904,14.141,17.704,24.784,27.244,24.544,23.550,21.279
18.083,15.578,13.553,13.451,13.679,14.198,12.765,14.338,12.994,10.157,7.564,7.822,7.140,4.843,3.467,4.943,8.135,14.330,17.923,24.901,27.332,24.677,23.692,21.421
18.201,15.714,13.681,13.592,13.812,14.316,12.884,14.447,13.107,10.251,7.681,7.977,7.268,4.942,3.578,5.081,8.282,14.463,17.966,25.019,27.455,24.760,23.781,21.519
18.298,15.804,13.776,13.681,13.908,14.425,12.992,14.555,13.213,10.371,7.794,8.071,7.380,5.072,3.703,5.191,8.384,14.560,18.097,25.108,27.539,24.865,23.889,21.628
18.417,15.933,13.911,13.823,14.031,14.514,13.086,14.668,13.345,10.502,7.925,8.223,7.518,5.205,3.855,5.341,8.535,14.697,18.230,25.212,27.626,24.961,23.971,21.703
18.534,16.062,14.030,13.952,14.158,14.638,13.209,14.776,13.450,10.588,8.031,8.358,7.631,5.291,3.946,5.458,8.663,14.820,18.272,25.338,27.764,25.057,24.075,21.817
18.661,16.199,14.164,14.097,14.294,14.760,13.330,14.900,13.583,10.715,8.169,8.523,7.787,5.433,4.104,5.624,8.836,14.972,18.372,25.458,27.877,25.156,24.178,21.924
18.763,16.286,14.257,14.183,14.383,14.858,13.421,15.010,13.695,10.849,8.284,8.622,7.918,5.586,4.262,5.755,8.965,15.091,18.544,25.553,27.956,25.272,24.293,22.033
18.871,16.395,14.364,14.292,14.486,14.948,13.512,15.107,13.796,10.939,8.371,8.717,7.999,5.659,4.335,5.834,9.050,15.189,18.646,25.672,28.077,25.385,24.398,22.131
18.967,16.483,14.442,14.375,14.576,15.057,13.605,15.204,13.886,11.034,8.467,8.829,8.133,5.787,4.475,5.971,9.204,15.320,18.733,25.776,28.178,25.476,24.508,22.248
19.131,16.669,14.628,14.571,14.760,15.219,13.776,15.364,14.055,11.188,8.642,9.031,8.305,5.937,4.634,6.153,9.385,15.490,18.838,25.931,28.334,25.605,24.635,22.382
19.239,16.773,14.731,14.673,14.863,15.323,13.879,15.470,14.160,11.293,8.744,9.129,8.405,6.039,4.735,6.251,9.484,15.594,18.954,26.042,28.446,25.720,24.748,22.493
19.400,16.924,14.885,14.811,15.020,15.509,14.070,15.642,14.314,11.454,8.897,9.237,8.524,6.179,4.844,6.354,9.570,15.712,19.135,26.211,28.632,25.919,24.949,22.694
19.572,17.121,15.067,15.011,15.213,15.691,14.253,15.799,14.469,11.576,9.055,9.446,8.692,6.299,4.973,6.529,9.762,15.894,19.174,26.394,28.834,26.048,25.092,22.854
19.681,17.232,15.175,15.124,15.319,15.784,14.346,15.897,14.571,11.668,9.147,9.551,8.784,6.379,5.057,6.622,9.862,16.000,19.270,26.511,28.953,26.156,25.194,22.951
19.855,17.408,15.351,15.302,15.498,15.967,14.526,16.076,14.751,11.852,9.336,9.748,8.986,6.581,5.266,6.829,10.071,16.191,19.438,26.677,29.115,26.317,25.362,23.125
20.000,17.541,15.499,15.441,15.637,16.109,14.667,16.240,14.924,12.058,9.522,9.905,9.179,6.813,5.503,7.026,10.253,16.355,19.685,26.795,29.206,26.469,25.507,23.264
20.149,17.694,15.657,15.592,15.798,16.281,14.847,16.400,15.077,12.214,9.685,10.048,9.320,6.962,5.637,7.162,10.374,16.483,19.822,26.936,29.356,26.620,25.662,23.425
20.310,17.849,15.801,15.734,15.958,16.476,15.032,16.567,15.225,12.362,9.840,10.198,9.487,7.126,5.793,7.323,10.541,16.647,19.951,27.110,29.544,26.789,25.854,23.629
20.470,18.013,15.980,15.901,16.128,16.644,15.217,16.739,15.396,12.540,10.017,10.341,9.622,7.281,5.927,7.452,10.643,16.769,20.132,27.254,29.693,26.959,26.012,23.786
20.620,18.154,16.154,16.053,16.273,16.770,15.367,16.909,15.582,12.760,10.203,10.457,9.749,7.468,6.095,7.574,10.721,16.873,20.427,27.365,29.782,27.141,26.154,23.906
20.771,18.321,16.309,16.231,16.433,16.903,15.491,17.044,15.731,12.890,10.352,10.671,9.943,7.624,6.285,7.786,10.959,17.075,20.515,27.519,29.927,27.245,26.265,24.022
20.989,18.543,16.553,16.477,16.655,17.084,15.679,17.274,15.995,13.185,10.630,10.951,10.237,7.948,6.639,8.101,11.260,17.335,20.839,27.687,30.047,27.432,26.429,24.174
21.151,18.704,16.728,16.639,16.823,17.258,15.866,17.451,16.169,13.372,10.813,11.094,10.383,8.119,6.791,8.240,11.374,17.465,21.037,27.833,30.195,27.609,26.596,24.340
21.345,18.900,16.896,16.822,17.022,17.493,16.074,17.641,16.341,13.530,10.998,11.329,10.634,8.333,7.023,8.497,11.666,17.716,21.128,28.051,30.425,27.774,26.808,24.578
21.542,19.098,17.099,17.029,17.216,17.667,16.250,17.833,16.546,13.737,11.199,11.540,10.840,8.539,7.241,8.709,11.879,17.923,21.346,28.240,30.601,27.962,26.985,24.747
21.746,19.316,17.331,17.261,17.435,17.860,16.457,18.045,16.773,13.971,11.436,11.775,11.061,8.770,7.477,8.939,12.092,18.126,21.572,28.415,30.763,28.145,27.153,24.912
21.868,19.436,17.472,17.393,17.556,17.955,16.568,18.176,16.920,14.136,11.581,11.890,11.177,8.917,7.621,9.057,12.186,18.230,21.782,28.511,30.840,28.277,27.256,24.999
22.045,19.598,17.665,17.564,17.725,18.114,16.742,18.376,17.134,14.390,11.800,12.042,11.356,9.159,7.849,9.233,12.323,18.380,22.116,28.650,30.953,28.486,27.434,25.157
22.250,19.808,17.869,17.773,17.933,18.319,16.946,18.575,17.332,14.579,11.996,12.252,11.556,9.346,8.038,9.433,12.530,18.587,22.289,28.862,31.170,28.683,27.635,25.361
22.505,20.076,18.161,18.053,18.205,18.565,17.223,18.843,17.611,14.866,12.279,12.494,11.773,9.590,8.261,9.648,12.705,18.788,22.583,29.085,31.391,28.942,27.863,25.581
22.744,20.323,18.399,18.307,18.451,18.804,17.450,19.078,17.854,15.105,12.534,12.796,12.078,9.873,8.574,9.969,13.047,19.085,22.783,29.318,31.611,29.139,28.076,25.804
23.073,20.658,18.715,18.634,18.797,19.196,17.820,19.420,18.177,15.429,12.891,13.187,12.494,10.267,8.984,10.394,13.490,19.473,23.019,29.647,31.947,29.426,28.414,26.176
23.407,20.958,19.056,18.932,19.124,19.570,18.203,19.815,18.567,15.900,13.316,13.488,12.881,10.766,9.450,10.769,13.804,19.784,23.579,29.923,32.192,29.816,28.795,26.549
23.677,21.233,19.344,19.198,19.409,19.874,18.533,20.100,18.833,16.165,13.586,13.692,13.065,10.973,9.604,10.932,13.927,19.962,23.835,30.187,32.490,30.119,29.088,26.846
23.941,21.470,19.583,19.441,19.639,20.093,18.728,20.361,19.114,16.475,13.858,13.978,13.404,11.332,10.003,11.282,14.299,20.297,24.229,30.446,32.702,30.391,29.354,27.092
24.206,21.760,19.844,19.737,19.910,20.326,18.950,20.583,19.346,16.653,14.069,14.293,13.662,11.509,10.217,11.556,14.623,20.605,24.340,30.749,33.017,30.605,29.577,27.322
24.543,22.030,20.153,19.976,20.208,20.716,19.348,20.982,19.709,17.104,14.442,14.466,13.948,11.936,10.562,11.795,14.789,20.840,24.963,31.065,33.331,31.088,30.047,27.770
25.020,22.531,20.651,20.476,20.711,21.219,19.868,21.457,20.174,17.543,14.912,14.937,14.373,12.339,10.942,12.215,15.197,21.271,25.333,31.544,33.842,31.549,30.511,28.248
25.537,23.042,21.146,20.953,21.239,21.833,20.481,21.990,20.651,18.007,15.402,15.378,14.820,12.783,11.325,12.630,15.600,21.719,25.738,32.094,34.456,32.107,31.111,28.878
25.937,23.395,21.456,21.263,21.575,22.227,20.830,22.352,20.976,18.307,15.674,15.662,15.143,13.074,11.608,12.924,15.956,22.119,26.118,32.596,34.990,32.592,31.623,29.380
26.568,24.021,22.080,21.851,22.211,22.929,21.562,22.991,21.555,18.859,16.236,16.116,15.561,13.505,11.931,13.288,16.275,22.570,26.662,33.272,35.756,33.319,32.351,30.115
27.442,24.889,22.923,22.683,23.088,23.884,22.509,23.865,22.375,19.652,17.055,16.908,16.350,14.271,12.645,14.046,17.039,23.382,27.400,34.199,36.750,34.234,33.308,31.099
29.112,26.563,24.510,24.253,24.760,25.718,24.345,25.482,23.841,20.969,18.456,18.269,17.602,15.395,13.601,15.197,18.221,24.790,28.562,36.075,38.860,36.041,35.196,33.041
