2.158,-0.458,0.703,-1.537,0.203,8.300,14.024,18.872,24.162,22.236,19.770,20.102,19.761,20.322,20.079,15.154,16.117,18.634,20.317,23.941,16.309,11.860,12.451,10.651
5.122,2.583,3.561,1.723,2.955,10.369,16.332,21.781,27.024,25.155,22.597,22.439,21.868,21.674,20.983,17.495,18.240,21.242,23.584,26.461,19.365,15.411,15.185,13.068
7.806,5.850,5.856,5.007,5.937,12.223,18.085,23.887,28.631,26.384,24.017,23.828,23.120,22.762,21.632,19.252,19.021,22.344,25.423,27.789,21.745,18.153,17.499,15.592
9.455,7.595,7.386,6.854,7.554,13.422,19.192,24.959,29.480,27.179,24.881,24.623,23.968,23.474,22.165,20.222,19.785,23.230,26.531,28.789,23.145,19.762,18.909,17.030
10.654,8.690,8.509,8.068,8.591,14.389,20.089,25.641,30.051,27.745,25.476,25.198,24.724,24.191,22.800,20.887,20.499,23.998,27.336,29.786,24.240,20.931,20.036,18.156
11.257,9.282,9.414,8.579,9.319,15.279,20.890,26.400,30.929,28.870,26.580,26.281,25.648,25.138,23.996,21.913,21.820,25.061,28.037,30.264,24.522,21.200,20.437,18.515
11.885,9.808,10.169,9.114,9.913,16.028,21.551,26.860,31.418,29.487,27.199,26.917,26.333,25.878,24.865,22.549,22.691,25.789,28.527,30.841,24.959,21.614,20.973,19.042
12.634,10.670,10.889,9.969,10.744,16.660,22.122,27.451,31.908,29.942,27.699,27.424,26.809,26.349,25.298,23.138,23.137,26.240,29.045,31.253,25.557,22.279,21.598,19.719
13.194,11.268,11.509,10.549,11.362,17.236,22.639,27.937,32.373,30.453,28.229,27.957,27.305,26.857,25.854,23.700,23.720,26.756,29.490,31.621,25.956,22.703,22.048,20.186
13.617,11.627,11.978,10.924,11.752,17.706,23.047,28.195,32.623,30.755,28.542,28.294,27.705,27.305,26.361,24.055,24.191,27.155,29.767,31.999,26.272,23.003,22.426,20.574
14.102,12.091,12.486,11.405,12.224,18.172,23.462,28.522,32.922,31.086,28.887,28.644,28.088,27.700,26.777,24.435,24.620,27.547,30.103,32.363,26.647,23.395,22.844,21.001
14.597,12.643,13.020,11.928,12.793,18.692,23.934,28.989,33.365,31.548,29.370,29.143,28.545,28.184,27.299,24.962,25.126,27.997,30.508,32.695,27.019,23.779,23.256,21.442
14.879,12.884,13.274,12.198,13.024,18.942,24.168,29.146,33.499,31.670,29.499,29.284,28.752,28.405,27.506,25.120,25.305,28.187,30.696,32.982,27.303,24.060,23.551,21.744
15.139,13.184,13.580,12.466,13.346,19.253,24.463,29.469,33.833,32.029,29.862,29.651,29.064,28.729,27.869,25.485,25.670,28.508,30.974,33.180,27.500,24.257,23.767,21.968
15.554,13.634,14.014,12.902,13.809,19.679,24.825,29.767,34.086,32.290,30.152,29.973,29.390,29.103,28.275,25.850,26.023,28.805,31.220,33.424,27.785,24.548,24.105,22.348
16.041,14.126,14.490,13.429,14.272,20.047,25.165,30.084,34.355,32.569,30.444,30.234,29.667,29.329,28.464,26.152,26.311,29.116,31.568,33.738,28.187,25.013,24.515,22.750
16.437,14.580,14.876,13.875,14.717,20.398,25.475,30.384,34.601,32.798,30.701,30.505,29.927,29.603,28.730,26.470,26.560,29.353,31.821,33.950,28.488,25.340,24.841,23.112
16.628,14.794,15.058,14.087,14.922,20.564,25.646,30.589,34.797,32.985,30.890,30.686,30.089,29.750,28.862,26.655,26.712,29.520,32.017,34.108,28.679,25.546,25.022,23.294
16.961,15.189,15.357,14.482,15.289,20.814,25.883,30.862,35.019,33.173,31.097,30.889,30.275,29.918,28.987,26.896,26.857,29.693,32.261,34.293,28.972,25.878,25.311,23.603
17.215,15.477,15.621,14.763,15.576,21.052,26.100,31.087,35.224,33.382,31.318,31.109,30.472,30.113,29.187,27.136,27.071,29.894,32.461,34.443,29.165,26.090,25.517,23.821
17.595,15.929,15.961,15.212,16.001,21.347,26.363,31.362,35.430,33.546,31.513,31.314,30.670,30.314,29.349,27.395,27.219,30.060,32.691,34.629,29.475,26.438,25.838,24.180
17.740,16.057,16.131,15.337,16.148,21.531,26.523,31.471,35.540,33.677,31.648,31.465,30.835,30.508,29.577,27.549,27.417,30.220,32.794,34.762,29.577,26.525,25.967,24.318
18.043,16.388,16.428,15.667,16.473,21.802,26.761,31.683,35.715,33.844,31.835,31.663,31.037,30.722,29.787,27.780,27.616,30.407,32.982,34.941,29.809,26.775,26.222,24.595
18.334,16.737,16.745,15.992,16.833,22.104,27.019,31.940,35.942,34.080,32.092,31.936,31.274,30.982,30.073,28.083,27.884,30.633,33.181,35.073,29.991,26.972,26.438,24.842
18.572,17.006,16.972,16.265,17.086,22.285,27.193,32.137,36.113,34.243,32.265,32.095,31.417,31.101,30.169,28.263,28.021,30.786,33.370,35.212,30.194,27.206,26.638,25.045
18.842,17.323,17.248,16.570,17.399,22.534,27.423,32.391,36.343,34.471,32.505,32.334,31.626,31.306,30.373,28.523,28.238,30.994,33.590,35.368,30.405,27.440,26.859,25.281
19.061,17.564,17.476,16.812,17.633,22.719,27.604,32.599,36.542,34.680,32.716,32.527,31.793,31.446,30.505,28.725,28.423,31.184,33.795,35.512,30.586,27.649,27.039,25.454
19.254,17.772,17.669,17.020,17.839,22.896,27.757,32.729,36.648,34.784,32.833,32.652,31.923,31.586,30.646,28.871,28.556,31.305,33.911,35.625,30.730,27.803,27.200,25.630
19.409,17.907,17.806,17.175,17.963,23.014,27.865,32.799,36.700,34.831,32.884,32.703,32.009,31.668,30.714,28.936,28.628,31.388,34.002,35.759,30.877,27.958,27.350,25.781
19.540,17.992,17.939,17.285,18.048,23.129,27.970,32.844,36.742,34.890,32.941,32.755,32.104,31.761,30.806,28.992,28.736,31.495,34.086,35.902,30.998,28.081,27.480,25.902
19.635,18.066,18.065,17.360,18.135,23.248,28.080,32.935,36.849,35.029,33.074,32.881,32.227,31.880,30.950,29.109,28.905,31.640,34.188,35.999,31.063,28.146,27.557,25.967
19.934,18.393,18.407,17.673,18.477,23.561,28.349,33.180,37.077,35.289,33.349,33.161,32.482,32.147,31.253,29.411,29.220,31.905,34.401,36.160,31.246,28.345,27.778,26.202
20.071,18.498,18.521,17.809,18.567,23.645,28.428,33.217,37.095,35.304,33.365,33.169,32.535,32.186,31.267,29.433,29.255,31.963,34.475,36.286,31.385,28.498,27.916,26.333
20.147,18.582,18.609,17.891,18.648,23.711,28.511,33.344,37.237,35.457,33.510,33.292,32.627,32.247,31.323,29.543,29.365,32.083,34.610,36.366,31.469,28.597,27.985,26.385
20.268,18.759,18.713,18.053,18.809,23.800,28.617,33.530,37.414,35.609,33.664,33.435,32.725,32.321,31.370,29.690,29.435,32.180,34.768,36.442,31.605,28.752,28.098,26.502
20.397,18.843,18.833,18.158,18.894,23.925,28.725,33.561,37.435,35.633,33.692,33.476,32.821,32.438,31.491,29.740,29.527,32.265,34.826,36.589,31.727,28.862,28.236,26.644
20.590,19.019,19.021,18.355,19.064,24.078,28.852,33.636,37.483,35.690,33.758,33.540,32.917,32.531,31.578,29.827,29.630,32.365,34.918,36.711,31.870,29.023,28.397,26.808
20.739,19.184,19.158,18.523,19.221,24.197,28.958,33.732,37.555,35.750,33.829,33.615,32.999,32.615,31.650,29.922,29.698,32.437,35.004,36.795,31.992,29.157,28.525,26.948
20.883,19.342,19.285,18.687,19.366,24.305,29.063,33.844,37.649,35.831,33.915,33.698,33.084,32.691,31.707,30.018,29.764,32.519,35.115,36.897,32.129,29.309,28.659,27.087
20.919,19.345,19.348,18.693,19.383,24.375,29.133,33.889,37.717,35.928,34.003,33.782,33.175,32.783,31.824,30.087,29.893,32.627,35.178,36.979,32.161,29.330,28.698,27.112
21.103,19.561,19.511,18.914,19.581,24.501,29.246,34.014,37.808,36.001,34.089,33.863,33.252,32.847,31.861,30.194,29.948,32.700,35.292,37.064,32.314,29.510,28.851,27.276
21.190,19.645,19.608,19.000,19.665,24.583,29.333,34.112,37.913,36.118,34.201,33.964,33.342,32.922,31.937,30.290,30.055,32.807,35.398,37.148,32.396,29.599,28.929,27.344
21.345,19.829,19.774,19.176,19.848,24.726,29.467,34.270,38.062,36.272,34.361,34.117,33.468,33.038,32.054,30.452,30.196,32.942,35.538,37.233,32.512,29.732,29.049,27.467
21.483,19.995,19.895,19.342,20.002,24.828,29.561,34.377,38.144,36.338,34.436,34.193,33.538,33.103,32.101,30.546,30.246,33.003,35.630,37.302,32.630,29.867,29.167,27.597
21.681,20.234,20.069,19.581,20.222,24.972,29.696,34.532,38.264,36.433,34.546,34.302,33.638,33.194,32.165,30.681,30.315,33.092,35.765,37.404,32.804,30.065,29.339,27.784
21.843,20.402,20.244,19.745,20.397,25.143,29.848,34.662,38.385,36.563,34.683,34.447,33.783,33.352,32.338,30.837,30.478,33.234,35.882,37.518,32.922,30.184,29.475,27.930
21.970,20.542,20.366,19.877,20.541,25.282,29.976,34.782,38.496,36.663,34.790,34.570,33.908,33.499,32.489,30.967,30.592,33.338,35.982,37.629,33.040,30.293,29.601,28.072
22.112,20.699,20.502,20.035,20.691,25.400,30.090,34.904,38.605,36.767,34.899,34.675,34.007,33.590,32.571,31.083,30.686,33.438,36.099,37.725,33.165,30.432,29.726,28.201
22.191,20.782,20.585,20.116,20.773,25.478,30.174,35.007,38.714,36.880,35.009,34.777,34.096,33.668,32.648,31.180,30.781,33.537,36.202,37.806,33.247,30.518,29.802,28.271
22.393,21.017,20.790,20.343,21.007,25.663,30.332,35.156,38.835,36.999,35.143,34.920,34.229,33.812,32.795,31.348,30.920,33.660,36.323,37.899,33.384,30.670,29.959,28.447
22.481,21.093,20.897,20.419,21.094,25.773,30.430,35.229,38.914,37.094,35.239,35.018,34.332,33.924,32.927,31.446,31.049,33.768,36.397,37.983,33.448,30.729,30.036,28.524
22.568,21.146,20.991,20.483,21.153,25.871,30.520,35.274,38.962,37.156,35.299,35.082,34.425,34.026,33.040,31.508,31.154,33.863,36.462,38.096,33.530,30.802,30.129,28.612
22.684,21.264,21.084,20.607,21.263,25.967,30.612,35.352,39.024,37.198,35.347,35.140,34.501,34.111,33.110,31.577,31.201,33.921,36.539,38.201,33.654,30.926,30.252,28.746
22.794,21.369,21.181,20.723,21.358,26.046,30.695,35.435,39.100,37.269,35.418,35.202,34.572,34.169,33.151,31.644,31.261,33.998,36.636,38.301,33.769,31.052,30.361,28.850
22.959,21.546,21.346,20.901,21.530,26.194,30.836,35.582,39.236,37.405,35.557,35.338,34.703,34.292,33.269,31.788,31.393,34.132,36.778,38.425,33.915,31.209,30.509,29.000
23.068,21.668,21.452,21.018,21.651,26.301,30.944,35.701,39.352,37.515,35.670,35.452,34.808,34.398,33.373,31.905,31.492,34.232,36.887,38.521,34.023,31.318,30.615,29.111
23.198,21.832,21.606,21.158,21.825,26.461,31.108,35.913,39.577,37.750,35.903,35.682,34.989,34.577,33.569,32.126,31.699,34.422,37.069,38.632,34.136,31.433,30.728,29.225
23.346,21.975,21.757,21.305,21.968,26.604,31.243,36.035,39.694,37.872,36.027,35.806,35.119,34.707,33.701,32.254,31.836,34.555,37.194,38.763,34.269,31.569,30.867,29.363
23.464,22.100,21.865,21.437,22.083,26.690,31.330,36.129,39.777,37.949,36.106,35.878,35.192,34.766,33.745,32.334,31.899,34.632,37.292,38.850,34.382,31.696,30.975,29.470
23.546,22.179,21.947,21.515,22.163,26.779,31.423,36.226,39.880,38.051,36.206,35.978,35.291,34.866,33.845,32.429,31.997,34.731,37.392,38.952,34.476,31.786,31.066,29.559
23.646,22.265,22.044,21.612,22.244,26.861,31.504,36.290,39.940,38.116,36.270,36.036,35.364,34.930,33.903,32.490,32.071,34.811,37.473,39.049,34.573,31.889,31.163,29.651
23.777,22.403,22.163,21.748,22.379,26.987,31.630,36.421,40.064,38.227,36.385,36.156,35.486,35.058,34.024,32.614,32.176,34.922,37.596,39.176,34.712,32.026,31.299,29.794
23.912,22.528,22.286,21.887,22.496,27.093,31.732,36.504,40.135,38.294,36.454,36.222,35.572,35.137,34.090,32.690,32.251,35.008,37.694,39.296,34.844,32.167,31.432,29.926
24.035,22.659,22.415,22.013,22.628,27.219,31.855,36.633,40.264,38.427,36.588,36.355,35.696,35.261,34.218,32.824,32.383,35.134,37.817,39.403,34.955,32.280,31.545,30.040
24.191,22.856,22.573,22.197,22.826,27.371,31.990,36.782,40.393,38.547,36.720,36.497,35.815,35.391,34.351,32.983,32.501,35.241,37.929,39.474,35.067,32.402,31.669,30.183
24.289,22.962,22.675,22.292,22.938,27.491,32.110,36.908,40.523,38.676,36.850,36.634,35.944,35.532,34.502,33.117,32.631,35.362,38.041,39.582,35.167,32.492,31.771,30.291
24.429,23.100,22.840,22.430,23.082,27.635,32.243,37.032,40.651,38.827,37.001,36.777,36.077,35.656,34.641,33.261,32.801,35.514,38.168,39.685,35.266,32.601,31.882,30.395
24.482,23.139,22.954,22.450,23.154,27.770,32.371,37.156,40.814,39.038,37.202,36.977,36.247,35.838,34.878,33.436,33.046,35.708,38.284,39.773,35.288,32.605,31.920,30.422
24.693,23.399,23.160,22.702,23.403,27.942,32.528,37.341,40.970,39.184,37.361,37.132,36.376,35.956,34.983,33.616,33.170,35.836,38.439,39.867,35.448,32.793,32.086,30.601
24.831,23.556,23.275,22.861,23.543,28.043,32.651,37.511,41.136,39.330,37.504,37.263,36.492,36.048,35.044,33.745,33.256,35.955,38.612,40.007,35.622,32.979,32.236,30.746
24.960,23.669,23.380,22.991,23.644,28.137,32.740,37.572,41.179,39.361,37.540,37.300,36.561,36.117,35.094,33.794,33.301,36.016,38.690,40.128,35.757,33.119,32.370,30.882
25.156,23.911,23.547,23.226,23.872,28.296,32.885,37.728,41.298,39.446,37.642,37.416,36.673,36.240,35.196,33.939,33.372,36.099,38.812,40.233,35.929,33.303,32.546,31.086
25.262,24.025,23.686,23.324,24.004,28.446,33.031,37.887,41.474,39.643,37.837,37.612,36.840,36.414,35.399,34.124,33.577,36.276,38.954,40.340,36.012,33.380,32.638,31.176
25.405,24.196,23.850,23.472,24.189,28.630,33.201,38.064,41.653,39.828,38.027,37.816,37.019,36.616,35.626,34.330,33.775,36.444,39.094,40.450,36.121,33.479,32.763,31.315
25.621,24.483,24.084,23.725,24.483,28.860,33.417,38.334,41.911,40.083,38.295,38.090,37.231,36.836,35.860,34.617,34.003,36.649,39.303,40.560,36.279,33.650,32.932,31.505
25.769,24.661,24.251,23.887,24.670,29.025,33.560,38.477,42.043,40.222,38.444,38.249,37.368,36.988,36.031,34.788,34.161,36.780,39.413,40.634,36.372,33.746,33.043,31.632
25.892,24.821,24.397,24.022,24.838,29.175,33.714,38.685,42.264,40.450,38.671,38.472,37.540,37.155,36.213,35.002,34.356,36.961,39.589,40.734,36.479,33.856,33.149,31.738
25.957,24.874,24.480,24.069,24.905,29.277,33.815,38.775,42.371,40.572,38.788,38.593,37.659,37.286,36.366,35.113,34.496,37.082,39.679,40.832,36.542,33.906,33.219,31.805
26.176,25.057,24.712,24.274,25.090,29.478,33.991,38.883,42.467,40.693,38.913,38.714,37.816,37.442,36.531,35.247,34.683,37.254,39.815,41.011,36.712,34.085,33.409,31.991
26.342,25.260,24.874,24.463,25.291,29.641,34.149,39.069,42.641,40.855,39.083,38.890,37.968,37.598,36.684,35.432,34.825,37.394,39.971,41.127,36.861,34.240,33.560,32.155
26.569,25.503,25.056,24.716,25.514,29.816,34.317,39.226,42.760,40.934,39.176,38.995,38.099,37.738,36.790,35.563,34.899,37.495,40.120,41.307,37.094,34.481,33.790,32.406
26.753,25.685,25.236,24.917,25.676,29.936,34.457,39.407,42.943,41.126,39.359,39.139,38.228,37.808,36.829,35.704,35.035,37.666,40.335,41.469,37.288,34.711,33.959,32.547
27.022,25.997,25.486,25.226,25.973,30.158,34.661,39.623,43.121,41.284,39.534,39.317,38.397,37.975,36.976,35.911,35.181,37.821,40.524,41.625,37.514,34.960,34.191,32.799
27.164,26.144,25.645,25.365,26.128,30.318,34.822,39.798,43.307,41.482,39.728,39.508,38.569,38.144,37.158,36.095,35.373,38.003,40.693,41.768,37.648,35.093,34.326,32.930
27.419,26.453,25.930,25.649,26.444,30.584,35.077,40.101,43.608,41.796,40.048,39.822,38.824,38.392,37.422,36.416,35.664,38.271,40.954,41.927,37.842,35.305,34.529,33.140
27.647,26.692,26.203,25.878,26.697,30.829,35.304,40.333,43.846,42.073,40.325,40.088,39.057,38.615,37.673,36.681,35.960,38.533,41.175,42.087,38.000,35.478,34.705,33.309
27.914,26.968,26.463,26.165,26.961,31.051,35.511,40.527,44.016,42.242,40.503,40.259,39.235,38.780,37.824,36.873,36.137,38.717,41.373,42.275,38.229,35.729,34.939,33.547
28.066,27.114,26.581,26.326,27.089,31.159,35.632,40.656,44.134,42.336,40.597,40.347,39.341,38.872,37.884,36.965,36.203,38.818,41.519,42.442,38.418,35.927,35.112,33.716
28.287,27.346,26.851,26.538,27.343,31.431,35.893,40.926,44.424,42.662,40.920,40.667,39.625,39.160,38.212,37.275,36.548,39.121,41.771,42.643,38.592,36.098,35.302,33.902
28.426,27.422,27.016,26.618,27.443,31.642,36.117,41.109,44.652,42.919,41.158,40.910,39.893,39.445,38.532,37.484,36.848,39.398,41.985,42.925,38.773,36.242,35.487,34.067
28.658,27.622,27.272,26.816,27.658,31.922,36.412,41.401,44.980,43.269,41.494,41.241,40.223,39.775,38.884,37.788,37.205,39.744,42.296,43.251,39.037,36.487,35.746,34.309
29.053,28.009,27.676,27.225,28.034,32.258,36.726,41.690,45.247,43.560,41.789,41.515,40.505,40.026,39.126,38.082,37.517,40.057,42.608,43.543,39.365,36.852,36.085,34.637
29.285,28.264,27.945,27.446,28.315,32.566,37.032,42.020,45.602,43.930,42.157,41.896,40.844,40.390,39.531,38.447,37.893,40.392,42.899,43.791,39.580,37.046,36.312,34.872
29.668,28.656,28.262,27.869,28.660,32.831,37.333,42.376,45.933,44.217,42.442,42.149,41.109,40.596,39.656,38.710,38.081,40.666,43.291,44.170,40.035,37.538,36.719,35.263
29.944,28.950,28.603,28.123,28.989,33.208,37.714,42.799,46.403,44.728,42.941,42.649,41.545,41.044,40.163,39.178,38.589,41.122,43.680,44.484,40.290,37.772,36.984,35.521
30.517,29.504,29.081,28.719,29.492,33.665,38.214,43.320,46.896,45.153,43.362,43.056,42.007,41.469,40.495,39.593,38.933,41.566,44.251,45.125,40.986,38.483,37.628,36.156
30.957,29.940,29.545,29.133,29.933,34.161,38.808,44.078,47.750,46.023,44.184,43.827,42.692,42.085,41.107,40.281,39.635,42.309,45.035,45.800,41.584,39.068,38.153,36.619
31.513,30.258,30.119,29.540,30.258,34.736,39.447,44.593,48.366,46.717,44.813,44.402,43.399,42.732,41.758,40.773,40.395,43.104,45.758,46.745,42.307,39.755,38.839,37.197
32.414,31.114,31.322,30.214,31.280,36.230,41.211,46.822,51.048,49.598,47.515,47.009,45.632,44.888,44.148,43.018,42.933,45.534,47.973,48.586,43.611,40.885,40.003,38.166
