-6.752,-9.133,-10.119,-11.916,-11.106,-11.881,-12.655,-13.000,-11.267,-14.481,-16.476,-15.036,-16.824,-22.916,-26.123,-26.067,-20.385,-7.583,3.269,8.696,13.807,10.551,9.252,7.663
0.500,-2.025,-3.102,-5.445,-4.934,-5.522,-5.655,-5.933,-5.798,-8.444,-8.712,-9.058,-10.048,-15.603,-19.805,-19.143,-13.338,0.054,8.987,14.854,19.532,16.230,14.527,13.298
3.152,0.563,-0.515,-2.765,-2.384,-2.918,-2.948,-3.140,-3.358,-5.745,-5.577,-6.468,-7.329,-12.412,-16.934,-16.193,-10.492,2.830,11.265,17.099,21.595,18.446,16.743,15.573
4.981,2.532,1.517,-0.490,-0.183,-0.589,-0.658,-0.721,-0.910,-3.216,-3.228,-4.087,-5.073,-9.713,-14.143,-13.446,-8.167,4.177,12.988,18.806,23.120,19.981,18.323,16.870
6.439,4.223,3.285,1.479,1.728,1.507,1.395,1.472,1.360,-0.958,-1.328,-1.985,-3.149,-7.432,-11.643,-10.975,-6.214,4.840,14.393,20.322,24.461,21.183,19.519,17.627
7.544,5.365,4.442,2.660,2.909,2.681,2.574,2.639,2.526,0.258,-0.083,-0.733,-1.860,-6.076,-10.203,-9.547,-4.858,6.032,15.323,21.114,25.172,21.974,20.346,18.525
8.560,6.432,5.513,3.619,3.885,3.654,3.607,3.626,3.430,1.176,0.921,0.267,-0.754,-5.052,-9.083,-8.381,-3.702,7.129,16.089,21.822,25.814,22.613,20.957,19.236
9.276,7.173,6.270,4.434,4.705,4.462,4.390,4.404,4.268,2.039,1.746,1.150,0.121,-4.120,-8.066,-7.402,-2.786,7.899,16.740,22.347,26.292,23.164,21.558,19.874
9.838,7.766,6.870,5.020,5.283,5.060,5.009,5.029,4.852,2.637,2.363,1.749,0.742,-3.469,-7.392,-6.708,-2.144,8.411,17.209,22.819,26.724,23.583,21.963,20.266
10.430,8.368,7.475,5.613,5.881,5.642,5.603,5.602,5.410,3.225,3.001,2.377,1.413,-2.794,-6.675,-5.991,-1.432,9.115,17.681,23.201,27.066,23.979,22.377,20.760
10.936,8.953,8.085,6.264,6.541,6.330,6.267,6.277,6.160,3.953,3.590,3.104,2.097,-2.078,-5.818,-5.161,-0.733,9.464,18.158,23.644,27.463,24.357,22.770,21.079
11.328,9.368,8.506,6.681,6.960,6.753,6.696,6.701,6.580,4.382,4.018,3.547,2.554,-1.612,-5.311,-4.651,-0.256,9.855,18.484,23.937,27.727,24.630,23.047,21.368
11.581,9.612,8.749,6.931,7.204,6.997,6.942,6.950,6.818,4.631,4.289,3.790,2.800,-1.344,-5.066,-4.405,-0.007,10.124,18.733,24.184,27.972,24.885,23.305,21.632
11.917,9.964,9.106,7.273,7.563,7.338,7.281,7.266,7.161,4.971,4.618,4.170,3.198,-0.986,-4.639,-3.988,0.411,10.526,19.014,24.396,28.169,25.109,23.543,21.922
12.357,10.412,9.558,7.732,8.028,7.788,7.729,7.699,7.608,5.436,5.095,4.662,3.710,-0.469,-4.078,-3.439,0.950,11.045,19.387,24.690,28.438,25.424,23.881,22.314
12.667,10.771,9.931,8.115,8.416,8.196,8.130,8.106,8.045,5.858,5.444,5.086,4.116,-0.054,-3.582,-2.950,1.364,11.254,19.667,24.963,28.683,25.647,24.104,22.492
13.025,11.154,10.323,8.515,8.816,8.600,8.537,8.509,8.449,6.279,5.864,5.519,4.562,0.421,-3.061,-2.432,1.838,11.619,19.947,25.193,28.875,25.861,24.330,22.734
13.292,11.452,10.631,8.845,9.141,8.948,8.879,8.868,8.821,6.645,6.178,5.867,4.886,0.781,-2.668,-2.042,2.163,11.759,20.213,25.476,29.139,26.103,24.570,22.916
13.438,11.631,10.814,9.016,9.296,9.147,9.097,9.111,9.017,6.832,6.349,6.023,5.032,0.960,-2.498,-1.845,2.300,11.781,20.342,25.698,29.342,26.237,24.666,22.923
13.767,12.008,11.205,9.411,9.711,9.559,9.495,9.495,9.460,7.259,6.701,6.483,5.486,1.389,-1.949,-1.316,2.774,12.070,20.620,25.908,29.523,26.428,24.875,23.140
13.930,12.206,11.412,9.617,9.917,9.787,9.724,9.732,9.703,7.489,6.885,6.707,5.698,1.608,-1.687,-1.050,2.986,12.135,20.766,26.076,29.674,26.546,24.984,23.201
14.160,12.427,11.633,9.849,10.153,10.007,9.937,9.935,9.923,7.721,7.128,6.952,5.951,1.863,-1.422,-0.797,3.251,12.438,20.981,26.239,29.833,26.743,25.200,23.458
14.386,12.673,11.882,10.071,10.395,10.234,10.164,10.138,10.153,7.936,7.322,7.208,6.222,2.075,-1.138,-0.519,3.533,12.706,21.164,26.375,29.962,26.880,25.343,23.641
14.513,12.810,12.022,10.207,10.538,10.376,10.301,10.269,10.304,8.076,7.436,7.358,6.369,2.200,-0.982,-0.367,3.679,12.827,21.292,26.492,30.080,26.994,25.459,23.758
14.707,13.026,12.243,10.436,10.763,10.615,10.542,10.517,10.549,8.324,7.668,7.600,6.608,2.464,-0.696,-0.079,3.926,12.971,21.458,26.660,30.227,27.132,25.596,23.871
14.910,13.238,12.459,10.662,10.994,10.842,10.761,10.731,10.788,8.561,7.883,7.846,6.848,2.703,-0.424,0.181,4.174,13.182,21.653,26.825,30.385,27.304,25.778,24.061
15.123,13.472,12.705,10.966,11.294,11.152,11.046,11.034,11.141,8.916,8.169,8.179,7.141,3.056,-0.035,0.544,4.472,13.328,21.893,27.040,30.584,27.515,26.013,24.251
15.256,13.592,12.822,11.079,11.399,11.260,11.163,11.158,11.234,9.019,8.306,8.272,7.242,3.172,0.042,0.632,4.571,13.464,22.023,27.192,30.738,27.666,26.155,24.391
15.405,13.751,12.983,11.238,11.567,11.423,11.319,11.306,11.407,9.182,8.443,8.449,7.415,3.324,0.229,0.811,4.746,13.620,22.172,27.320,30.866,27.797,26.293,24.537
15.544,13.893,13.125,11.379,11.705,11.566,11.466,11.455,11.545,9.325,8.594,8.589,7.560,3.478,0.380,0.966,4.894,13.751,22.296,27.448,30.987,27.916,26.410,24.651
15.691,14.048,13.279,11.502,11.831,11.695,11.610,11.591,11.658,9.434,8.720,8.710,7.700,3.592,0.502,1.103,5.036,13.895,22.406,27.571,31.105,28.017,26.496,24.745
15.839,14.206,13.440,11.666,11.990,11.863,11.782,11.768,11.826,9.606,8.891,8.877,7.868,3.777,0.693,1.297,5.208,14.016,22.536,27.705,31.226,28.134,26.610,24.846
16.028,14.390,13.618,11.789,12.125,11.976,11.919,11.875,11.898,9.688,9.041,9.006,8.052,3.902,0.832,1.453,5.411,14.325,22.637,27.763,31.276,28.204,26.675,24.997
16.170,14.539,13.771,11.963,12.297,12.153,12.086,12.050,12.091,9.880,9.207,9.189,8.219,4.091,1.033,1.645,5.579,14.437,22.791,27.913,31.421,28.352,26.830,25.132
16.339,14.717,13.953,12.156,12.485,12.351,12.284,12.257,12.293,10.087,9.408,9.385,8.409,4.310,1.252,1.864,5.773,14.570,22.952,28.080,31.576,28.503,26.980,25.262
16.475,14.862,14.101,12.302,12.636,12.500,12.431,12.399,12.447,10.238,9.544,9.545,8.570,4.460,1.429,2.038,5.938,14.708,23.075,28.187,31.678,28.608,27.089,25.376
16.568,14.960,14.201,12.415,12.743,12.616,12.545,12.522,12.569,10.361,9.658,9.657,8.672,4.585,1.549,2.157,6.039,14.767,23.175,28.299,31.785,28.709,27.188,25.453
16.653,15.049,14.291,12.514,12.835,12.719,12.650,12.637,12.675,10.470,9.764,9.750,8.758,4.696,1.648,2.260,6.123,14.809,23.263,28.408,31.889,28.802,27.276,25.515
16.750,15.160,14.403,12.602,12.924,12.817,12.760,12.745,12.764,10.552,9.849,9.839,8.858,4.778,1.745,2.370,6.223,14.876,23.331,28.495,31.968,28.859,27.318,25.550
16.951,15.377,14.623,12.828,13.144,13.052,12.999,12.995,13.003,10.793,10.078,10.067,9.080,5.026,1.996,2.627,6.447,15.017,23.519,28.704,32.164,29.038,27.490,25.689
17.062,15.501,14.751,12.957,13.266,13.192,13.144,13.152,13.145,10.934,10.211,10.193,9.199,5.169,2.135,2.774,6.565,15.062,23.624,28.840,32.289,29.141,27.582,25.745
17.159,15.590,14.839,13.058,13.352,13.292,13.250,13.275,13.237,11.040,10.339,10.273,9.275,5.289,2.211,2.858,6.637,15.122,23.728,28.977,32.423,29.267,27.700,25.835
17.285,15.732,14.987,13.230,13.519,13.471,13.421,13.458,13.435,11.238,10.503,10.457,9.441,5.487,2.426,3.066,6.806,15.192,23.858,29.108,32.542,29.382,27.820,25.921
17.404,15.850,15.107,13.372,13.652,13.612,13.560,13.608,13.580,11.393,10.659,10.596,9.570,5.657,2.580,3.218,6.938,15.287,23.982,29.237,32.663,29.507,27.949,26.032
17.490,15.930,15.184,13.437,13.719,13.674,13.626,13.671,13.634,11.447,10.728,10.654,9.636,5.709,2.623,3.265,7.002,15.392,24.066,29.325,32.757,29.599,28.037,26.131
17.612,16.041,15.293,13.557,13.831,13.787,13.740,13.791,13.741,11.566,10.868,10.762,9.744,5.843,2.726,3.370,7.110,15.524,24.194,29.458,32.889,29.741,28.180,26.273
17.718,16.157,15.415,13.713,13.980,13.949,13.891,13.959,13.926,11.752,11.017,10.925,9.881,6.024,2.912,3.546,7.245,15.564,24.323,29.595,33.019,29.866,28.312,26.362
17.877,16.311,15.571,13.890,14.142,14.122,14.068,14.150,14.093,11.940,11.231,11.093,10.048,6.249,3.105,3.741,7.421,15.708,24.466,29.745,33.153,30.011,28.457,26.494
18.005,16.446,15.708,14.033,14.285,14.267,14.212,14.296,14.243,12.092,11.375,11.245,10.198,6.408,3.276,3.910,7.575,15.825,24.583,29.855,33.255,30.114,28.564,26.596
18.162,16.622,15.887,14.196,14.462,14.435,14.379,14.447,14.414,12.255,11.519,11.436,10.400,6.573,3.497,4.127,7.787,16.010,24.705,29.938,33.329,30.195,28.651,26.711
18.281,16.750,16.018,14.329,14.592,14.574,14.520,14.593,14.556,12.396,11.651,11.572,10.532,6.716,3.647,4.279,7.920,16.094,24.816,30.059,33.442,30.299,28.751,26.793
18.399,16.883,16.154,14.457,14.728,14.709,14.652,14.717,14.699,12.528,11.758,11.717,10.677,6.838,3.807,4.436,8.068,16.206,24.923,30.151,33.531,30.384,28.837,26.883
18.522,17.015,16.287,14.575,14.858,14.831,14.772,14.824,14.822,12.641,11.857,11.851,10.819,6.942,3.949,4.575,8.212,16.351,25.030,30.237,33.618,30.472,28.927,26.993
18.620,17.108,16.380,14.681,14.956,14.934,14.875,14.936,14.924,12.753,11.979,11.950,10.913,7.066,4.052,4.678,8.308,16.439,25.132,30.346,33.722,30.581,29.037,27.092
18.732,17.237,16.515,14.824,15.101,15.085,15.022,15.085,15.089,12.912,12.108,12.108,11.062,7.221,4.236,4.858,8.460,16.515,25.239,30.448,33.816,30.668,29.127,27.165
18.923,17.430,16.711,15.031,15.311,15.286,15.217,15.275,15.293,13.126,12.323,12.333,11.291,7.460,4.495,5.106,8.702,16.747,25.407,30.573,33.929,30.809,29.284,27.347
19.033,17.543,16.826,15.167,15.445,15.422,15.344,15.408,15.443,13.277,12.454,12.476,11.419,7.607,4.647,5.249,8.830,16.841,25.534,30.693,34.048,30.934,29.416,27.466
19.162,17.689,16.977,15.326,15.607,15.589,15.505,15.569,15.625,13.452,12.596,12.653,11.588,7.777,4.853,5.448,9.002,16.939,25.656,30.803,34.149,31.032,29.519,27.555
19.259,17.791,17.077,15.390,15.678,15.658,15.586,15.639,15.679,13.496,12.652,12.714,11.667,7.813,4.900,5.508,9.079,17.047,25.731,30.889,34.238,31.104,29.577,27.629
19.336,17.879,17.166,15.467,15.757,15.747,15.678,15.733,15.772,13.575,12.711,12.790,11.737,7.868,4.965,5.580,9.141,17.072,25.816,31.004,34.356,31.195,29.656,27.681
19.451,17.997,17.285,15.586,15.882,15.864,15.791,15.837,15.893,13.693,12.821,12.922,11.871,7.987,5.107,5.715,9.280,17.214,25.924,31.086,34.437,31.287,29.756,27.799
19.597,18.136,17.422,15.707,16.011,15.976,15.906,15.935,15.991,13.797,12.950,13.051,12.022,8.110,5.242,5.849,9.441,17.439,26.038,31.162,34.512,31.385,29.861,27.956
19.752,18.287,17.576,15.895,16.191,16.160,16.080,16.122,16.187,14.006,13.151,13.241,12.196,8.332,5.450,6.047,9.618,17.582,26.209,31.324,34.667,31.557,30.045,28.124
19.851,18.378,17.663,15.975,16.272,16.237,16.158,16.198,16.261,14.076,13.229,13.312,12.268,8.391,5.497,6.095,9.685,17.693,26.323,31.446,34.800,31.686,30.171,28.255
19.979,18.493,17.773,16.064,16.360,16.321,16.254,16.289,16.324,14.144,13.334,13.385,12.360,8.468,5.548,6.158,9.775,17.852,26.438,31.572,34.931,31.816,30.292,28.394
20.150,18.674,17.956,16.238,16.538,16.499,16.434,16.464,16.503,14.318,13.499,13.568,12.546,8.640,5.741,6.352,9.963,18.020,26.595,31.724,35.079,31.959,30.434,28.540
20.272,18.779,18.056,16.333,16.624,16.585,16.532,16.565,16.567,14.398,13.630,13.641,12.636,8.748,5.804,6.428,10.056,18.168,26.700,31.840,35.193,32.080,30.548,28.666
20.435,18.937,18.213,16.488,16.776,16.734,16.687,16.720,16.704,14.549,13.810,13.795,12.802,8.928,5.972,6.599,10.231,18.362,26.836,31.963,35.308,32.208,30.679,28.816
20.602,19.114,18.394,16.679,16.964,16.930,16.880,16.918,16.910,14.752,13.992,13.991,12.989,9.127,6.184,6.807,10.418,18.492,27.006,32.138,35.477,32.371,30.842,28.958
20.747,19.263,18.542,16.807,17.101,17.059,17.013,17.039,17.032,14.870,14.117,14.129,13.141,9.248,6.326,6.952,10.575,18.671,27.126,32.241,35.578,32.476,30.946,29.089
20.909,19.434,18.717,17.005,17.289,17.262,17.212,17.253,17.245,15.089,14.319,14.327,13.323,9.472,6.545,7.169,10.757,18.775,27.295,32.424,35.752,32.642,31.112,29.219
21.032,19.556,18.840,17.139,17.420,17.398,17.345,17.394,17.388,15.231,14.451,14.456,13.441,9.606,6.668,7.291,10.870,18.869,27.438,32.583,35.913,32.797,31.266,29.352
21.188,19.700,18.982,17.292,17.558,17.543,17.498,17.559,17.517,15.383,14.646,14.592,13.585,9.796,6.813,7.444,11.020,19.031,27.576,32.730,36.050,32.944,31.411,29.496
21.323,19.850,19.136,17.452,17.724,17.709,17.658,17.716,17.697,15.556,14.788,14.771,13.756,9.962,7.015,7.638,11.195,19.150,27.708,32.846,36.160,33.054,31.527,29.605
21.466,20.021,19.315,17.628,17.908,17.900,17.844,17.900,17.907,15.749,14.931,14.972,13.947,10.137,7.246,7.864,11.387,19.242,27.841,32.974,36.278,33.156,31.628,29.686
21.574,20.135,19.429,17.746,18.024,18.026,17.966,18.030,18.043,15.874,15.032,15.085,14.045,10.235,7.342,7.961,11.474,19.299,27.979,33.142,36.453,33.309,31.775,29.801
21.738,20.319,19.619,17.946,18.232,18.237,18.165,18.226,18.277,16.093,15.199,15.310,14.253,10.434,7.590,8.197,11.683,19.428,28.151,33.299,36.606,33.457,31.931,29.940
21.949,20.532,19.835,18.180,18.468,18.464,18.384,18.443,18.512,16.338,15.440,15.562,14.505,10.701,7.877,8.471,11.947,19.674,28.345,33.449,36.745,33.626,32.117,30.147
22.148,20.724,20.026,18.359,18.653,18.637,18.559,18.606,18.675,16.504,15.625,15.745,14.704,10.879,8.061,8.655,12.152,19.930,28.525,33.602,36.899,33.796,32.292,30.357
22.335,20.893,20.193,18.542,18.832,18.804,18.723,18.768,18.837,16.684,15.832,15.925,14.889,11.086,8.246,8.832,12.345,20.178,28.709,33.756,37.052,33.982,32.492,30.587
22.504,21.063,20.361,18.675,18.977,18.934,18.864,18.887,18.946,16.795,15.973,16.070,15.065,11.217,8.401,8.994,12.533,20.422,28.825,33.838,37.129,34.073,32.583,30.732
22.631,21.206,20.506,18.821,19.121,19.089,19.020,19.049,19.109,16.951,16.107,16.220,15.209,11.364,8.564,9.159,12.676,20.499,28.949,33.978,37.263,34.188,32.692,30.816
22.843,21.428,20.736,19.091,19.395,19.360,19.268,19.300,19.410,17.253,16.359,16.521,15.484,11.666,8.905,9.475,12.959,20.704,29.177,34.161,37.437,34.388,32.917,31.033
23.110,21.680,20.987,19.352,19.656,19.609,19.512,19.541,19.658,17.510,16.632,16.780,15.745,11.935,9.160,9.722,13.223,21.024,29.452,34.411,37.692,34.668,33.209,31.349
23.292,21.853,21.159,19.546,19.841,19.798,19.697,19.737,19.851,17.712,16.838,16.964,15.919,12.142,9.340,9.899,13.394,21.192,29.654,34.622,37.904,34.886,33.431,31.556
23.532,22.077,21.379,19.770,20.057,20.013,19.918,19.963,20.052,17.929,17.092,17.171,16.133,12.379,9.537,10.101,13.610,21.456,29.892,34.867,38.150,35.141,33.684,31.817
23.796,22.349,21.656,20.052,20.349,20.293,20.189,20.222,20.343,18.218,17.360,17.479,16.443,12.674,9.876,10.427,13.931,21.758,30.140,35.065,38.341,35.355,33.914,32.074
24.194,22.760,22.076,20.507,20.795,20.745,20.637,20.679,20.802,18.704,17.849,17.959,16.922,13.221,10.441,10.981,14.436,22.157,30.485,35.364,38.603,35.651,34.230,32.392
24.464,23.017,22.332,20.801,21.070,21.033,20.922,20.989,21.092,19.014,18.175,18.232,17.179,13.551,10.716,11.255,14.690,22.389,30.779,35.683,38.918,35.971,34.552,32.678
24.670,23.238,22.560,21.063,21.324,21.302,21.181,21.265,21.383,19.308,18.433,18.505,17.426,13.846,11.020,11.551,14.938,22.528,31.001,35.911,39.133,36.183,34.769,32.853
24.925,23.511,22.832,21.272,21.565,21.524,21.405,21.452,21.604,19.488,18.578,18.739,17.680,13.973,11.228,11.760,15.186,22.824,31.240,36.130,39.370,36.398,34.976,33.103
25.190,23.782,23.102,21.513,21.814,21.769,21.658,21.692,21.840,19.714,18.809,18.985,17.941,14.193,11.469,12.009,15.448,23.105,31.482,36.369,39.610,36.629,35.199,33.345
25.539,24.111,23.435,21.961,22.223,22.208,22.069,22.164,22.318,20.224,19.293,19.403,18.289,14.713,11.893,12.411,15.784,23.332,31.937,36.871,40.110,37.141,35.730,33.768
25.960,24.518,23.840,22.377,22.622,22.615,22.488,22.598,22.706,20.640,19.762,19.797,18.694,15.175,12.299,12.829,16.196,23.754,32.335,37.285,40.510,37.551,36.136,34.169
26.337,24.873,24.186,22.698,22.920,22.930,22.836,22.959,22.973,20.933,20.149,20.067,18.993,15.510,12.540,13.106,16.494,24.122,32.679,37.695,40.916,37.937,36.491,34.517
26.740,25.271,24.580,23.069,23.304,23.306,23.206,23.320,23.359,21.286,20.470,20.429,19.344,15.794,12.833,13.398,16.821,24.516,33.142,38.188,41.442,38.434,36.979,34.998
27.302,25.804,25.103,23.613,23.803,23.855,23.776,23.948,23.888,21.831,21.065,20.880,19.768,16.323,13.196,13.798,17.208,24.904,33.788,39.008,42.279,39.200,37.697,35.590
28.046,26.533,25.826,24.330,24.500,24.570,24.512,24.703,24.577,22.537,21.828,21.557,20.453,17.052,13.849,14.475,17.888,25.609,34.527,39.809,43.079,39.978,38.452,36.317
29.347,27.808,27.077,25.527,25.630,25.817,25.818,26.106,25.782,23.699,23.032,22.556,21.401,18.060,14.576,15.308,18.720,26.447,36.031,41.768,45.110,41.754,40.079,37.646
