-0.971,1.308,2.707,2.145,0.387,3.038,11.869,23.694,25.725,18.791,9.400,6.201,0.309,-4.662,-6.940,-2.231,5.181,15.317,19.826,35.563,30.350,15.052,15.171,16.010
1.426,2.945,3.644,3.040,2.033,5.081,14.293,25.219,27.321,20.282,12.109,9.484,4.536,0.215,-2.006,1.481,7.978,17.816,24.203,37.439,32.004,19.085,17.828,18.076
3.600,4.596,4.385,3.776,3.276,6.771,16.263,26.769,28.797,21.813,14.599,12.397,8.118,4.564,2.310,4.941,10.494,20.135,27.637,38.708,33.509,22.560,20.454,20.001
5.700,6.373,5.722,5.139,4.846,8.540,17.978,28.054,29.936,23.254,16.616,14.608,10.734,7.680,5.487,7.673,12.566,21.863,29.720,39.384,34.583,24.926,22.488,21.530
6.861,7.271,6.840,6.260,6.074,9.733,19.092,28.604,30.470,23.972,17.560,15.602,11.979,8.932,6.902,8.827,13.560,22.549,30.807,39.918,35.088,26.024,23.283,22.191
7.973,8.258,7.823,7.242,7.150,10.808,20.123,29.370,31.233,24.797,18.584,16.702,13.240,10.263,8.287,10.033,14.630,23.472,31.935,40.661,35.820,27.141,24.227,23.074
8.540,8.926,8.440,7.857,7.781,11.340,20.505,29.737,31.626,25.151,19.026,17.214,13.760,10.793,8.784,10.541,15.166,23.967,32.208,41.016,36.124,27.366,24.548,23.590
9.414,9.709,9.261,8.693,8.600,12.179,21.289,30.361,32.184,25.879,19.800,17.963,14.567,11.663,9.718,11.436,15.935,24.596,32.846,41.398,36.668,28.158,25.324,24.206
10.011,10.348,9.863,9.302,9.194,12.731,21.731,30.779,32.581,26.327,20.295,18.477,15.085,12.221,10.273,12.011,16.475,25.073,33.141,41.671,37.008,28.513,25.769,24.692
10.493,10.758,10.450,9.889,9.791,13.273,22.222,31.057,32.865,26.675,20.662,18.834,15.498,12.565,10.690,12.380,16.862,25.348,33.516,41.994,37.280,28.872,26.056,24.989
10.945,11.062,10.677,10.121,10.086,13.662,22.670,31.364,33.130,27.029,21.146,19.346,16.132,13.319,11.483,13.026,17.322,25.727,34.139,42.185,37.570,29.568,26.586,25.304
11.384,11.521,11.077,10.527,10.493,14.052,22.985,31.656,33.404,27.341,21.519,19.746,16.552,13.793,11.950,13.487,17.730,26.084,34.387,42.357,37.801,29.863,26.928,25.657
11.643,11.761,11.423,10.870,10.829,14.366,23.312,31.935,33.698,27.631,21.766,19.969,16.769,13.942,12.126,13.669,17.968,26.316,34.681,42.723,38.111,30.122,27.158,25.908
11.884,12.045,11.760,11.205,11.146,14.637,23.546,32.178,33.957,27.869,21.970,20.166,16.935,14.058,12.240,13.823,18.189,26.542,34.830,43.012,38.354,30.242,27.326,26.160
12.277,12.453,12.209,11.662,11.562,15.024,23.861,32.464,34.215,28.201,22.279,20.449,17.200,14.321,12.523,14.151,18.509,26.807,34.964,43.169,38.586,30.452,27.616,26.444
12.559,12.632,12.462,11.914,11.846,15.332,24.210,32.672,34.420,28.446,22.559,20.726,17.543,14.656,12.907,14.454,18.771,27.013,35.377,43.418,38.817,30.859,27.894,26.636
13.110,13.131,12.917,12.377,12.339,15.824,24.628,32.952,34.667,28.784,23.019,21.224,18.124,15.321,13.600,15.070,19.267,27.393,35.756,43.541,39.024,31.310,28.313,26.993
13.267,13.287,13.012,12.468,12.469,15.955,24.758,33.071,34.801,28.882,23.185,21.434,18.369,15.598,13.861,15.284,19.454,27.582,35.981,43.694,39.145,31.495,28.460,27.165
13.423,13.334,13.066,12.518,12.576,16.118,25.005,33.216,34.949,29.036,23.399,21.665,18.679,15.930,14.222,15.536,19.643,27.750,36.412,43.910,39.333,31.897,28.698,27.298
13.616,13.536,13.287,12.739,12.802,16.312,25.156,33.327,35.066,29.157,23.543,21.822,18.848,16.090,14.388,15.697,19.811,27.889,36.518,44.023,39.428,31.992,28.802,27.445
13.988,13.941,13.620,13.079,13.127,16.628,25.399,33.583,35.293,29.434,23.858,22.150,19.176,16.479,14.766,16.093,20.151,28.190,36.668,44.118,39.616,32.216,29.105,27.742
14.276,14.170,13.913,13.377,13.414,16.929,25.704,33.805,35.492,29.703,24.118,22.382,19.429,16.729,15.056,16.367,20.393,28.379,36.918,44.283,39.827,32.518,29.375,27.931
14.450,14.343,13.993,13.458,13.524,17.056,25.826,33.934,35.618,29.821,24.305,22.606,19.684,17.046,15.354,16.626,20.595,28.577,37.118,44.375,39.940,32.722,29.562,28.105
14.714,14.635,14.246,13.715,13.769,17.288,26.006,34.124,35.792,30.022,24.527,22.836,19.910,17.303,15.603,16.892,20.836,28.794,37.227,44.470,40.086,32.873,29.770,28.324
14.937,14.800,14.421,13.891,13.971,17.504,26.229,34.259,35.921,30.181,24.736,23.058,20.183,17.597,15.921,17.151,21.046,28.959,37.492,44.595,40.218,33.144,29.971,28.474
15.234,15.081,14.740,14.217,14.266,17.800,26.497,34.493,36.124,30.458,24.989,23.280,20.398,17.818,16.167,17.419,21.290,29.158,37.644,44.719,40.417,33.372,30.233,28.681
15.455,15.239,14.910,14.388,14.467,18.013,26.711,34.604,36.228,30.598,25.189,23.495,20.672,18.115,16.492,17.678,21.493,29.306,37.897,44.815,40.521,33.634,30.418,28.813
15.641,15.450,15.081,14.558,14.648,18.180,26.851,34.758,36.388,30.739,25.361,23.693,20.875,18.334,16.695,17.876,21.688,29.502,38.046,44.966,40.662,33.768,30.570,29.006
15.792,15.571,15.199,14.675,14.787,18.326,27.001,34.856,36.488,30.845,25.508,23.855,21.072,18.546,16.917,18.056,21.839,29.630,38.238,45.073,40.761,33.951,30.706,29.123
15.964,15.782,15.460,14.940,15.012,18.516,27.148,35.023,36.649,31.026,25.634,23.954,21.129,18.567,16.942,18.143,21.971,29.756,38.248,45.207,40.909,33.985,30.818,29.276
16.110,15.920,15.568,15.047,15.140,18.644,27.265,35.114,36.743,31.117,25.770,24.114,21.314,18.776,17.148,18.319,22.121,29.890,38.398,45.292,40.992,34.127,30.939,29.400
16.211,15.990,15.635,15.112,15.225,18.744,27.387,35.203,36.834,31.207,25.886,24.240,21.468,18.938,17.318,18.453,22.233,29.994,38.580,45.405,41.092,34.297,31.058,29.493
16.340,16.136,15.698,15.174,15.312,18.833,27.461,35.297,36.933,31.282,26.020,24.411,21.659,19.175,17.531,18.641,22.388,30.154,38.714,45.483,41.172,34.419,31.181,29.638
16.449,16.248,15.820,15.294,15.440,18.948,27.563,35.379,37.022,31.364,26.115,24.515,21.771,19.280,17.637,18.739,22.493,30.251,38.813,45.585,41.253,34.502,31.256,29.737
16.848,16.669,16.129,15.611,15.768,19.263,27.781,35.569,37.182,31.579,26.433,24.879,22.172,19.700,18.078,19.158,22.859,30.547,38.968,45.592,41.356,34.728,31.527,30.017
16.902,16.701,16.287,15.766,15.917,19.379,27.895,35.610,37.241,31.638,26.454,24.879,22.172,19.704,18.080,19.172,22.879,30.548,39.029,45.728,41.424,34.748,31.539,30.040
16.939,16.748,16.343,15.817,15.977,19.430,27.950,35.674,37.315,31.695,26.494,24.915,22.197,19.777,18.122,19.201,22.919,30.599,39.078,45.828,41.500,34.779,31.563,30.099
17.002,16.787,16.352,15.829,15.993,19.474,28.028,35.752,37.395,31.760,26.597,25.038,22.347,19.886,18.255,19.305,23.016,30.708,39.231,45.924,41.591,34.943,31.682,30.187
17.221,17.073,16.643,16.122,16.262,19.690,28.159,35.908,37.546,31.926,26.741,25.175,22.446,19.969,18.329,19.442,23.190,30.864,39.262,46.015,41.702,34.948,31.786,30.370
17.392,17.291,16.759,16.237,16.387,19.811,28.245,36.050,37.687,32.046,26.908,25.377,22.646,20.221,18.546,19.663,23.382,31.068,39.335,46.103,41.814,35.052,31.943,30.564
17.508,17.383,16.864,16.344,16.495,19.927,28.367,36.143,37.773,32.153,27.019,25.483,22.764,20.344,18.681,19.785,23.488,31.157,39.456,46.180,41.906,35.188,32.059,30.649
17.617,17.456,16.922,16.400,16.583,20.029,28.484,36.212,37.847,32.222,27.137,25.624,22.947,20.545,18.889,19.940,23.610,31.263,39.652,46.275,41.983,35.364,32.171,30.739
17.714,17.552,16.988,16.466,16.653,20.113,28.579,36.323,37.954,32.328,27.252,25.742,23.067,20.685,19.021,20.067,23.721,31.382,39.775,46.371,42.093,35.494,32.299,30.850
17.819,17.643,17.134,16.612,16.797,20.237,28.685,36.376,38.008,32.401,27.321,25.805,23.139,20.732,19.089,20.130,23.795,31.426,39.832,46.433,42.142,35.551,32.345,30.904
17.948,17.775,17.242,16.720,16.921,20.354,28.789,36.468,38.107,32.487,27.441,25.947,23.297,20.902,19.253,20.275,23.931,31.556,39.962,46.536,42.230,35.663,32.448,31.029
18.044,17.847,17.318,16.796,17.001,20.449,28.899,36.559,38.191,32.587,27.545,26.046,23.407,21.021,19.381,20.389,24.025,31.641,40.089,46.615,42.324,35.803,32.564,31.108
18.235,17.984,17.437,16.919,17.141,20.617,29.072,36.664,38.276,32.720,27.728,26.236,23.644,21.302,19.682,20.640,24.203,31.773,40.291,46.653,42.410,36.045,32.756,31.220
18.383,18.139,17.573,17.056,17.280,20.752,29.192,36.785,38.394,32.842,27.865,26.381,23.793,21.464,19.840,20.795,24.349,31.912,40.403,46.752,42.519,36.164,32.885,31.356
18.472,18.198,17.655,17.137,17.370,20.853,29.317,36.877,38.487,32.941,27.965,26.478,23.905,21.570,19.958,20.892,24.439,31.995,40.559,46.870,42.626,36.313,32.992,31.435
18.633,18.353,17.810,17.293,17.528,21.003,29.440,36.969,38.572,33.048,28.095,26.613,24.054,21.731,20.127,21.052,24.579,32.106,40.650,46.922,42.698,36.422,33.106,31.546
18.794,18.495,17.937,17.423,17.667,21.149,29.577,37.072,38.667,33.165,28.243,26.770,24.235,21.935,20.339,21.240,24.732,32.233,40.794,46.989,42.787,36.584,33.251,31.663
18.921,18.614,18.066,17.555,17.786,21.273,29.696,37.185,38.766,33.293,28.359,26.873,24.332,22.038,20.450,21.361,24.841,32.329,40.874,47.056,42.887,36.696,33.376,31.761
19.003,18.659,18.118,17.603,17.863,21.362,29.814,37.260,38.852,33.365,28.460,26.988,24.480,22.186,20.607,21.472,24.939,32.422,41.074,47.188,42.985,36.864,33.475,31.843
19.146,18.774,18.205,17.692,17.967,21.487,29.948,37.366,38.948,33.479,28.609,27.149,24.670,22.408,20.834,21.664,25.087,32.552,41.250,47.263,43.083,37.055,33.632,31.957
19.283,18.857,18.301,17.789,18.082,21.622,30.101,37.451,39.025,33.585,28.746,27.288,24.848,22.602,21.050,21.835,25.215,32.647,41.441,47.337,43.170,37.259,33.774,32.039
19.415,18.961,18.394,17.883,18.181,21.744,30.242,37.577,39.140,33.721,28.892,27.431,25.006,22.779,21.235,22.001,25.350,32.772,41.610,47.436,43.296,37.449,33.939,32.153
19.520,19.032,18.525,18.015,18.310,21.875,30.388,37.675,39.236,33.839,28.991,27.511,25.094,22.844,21.324,22.081,25.436,32.840,41.740,47.552,43.406,37.583,34.040,32.225
19.629,19.192,18.651,18.139,18.430,21.973,30.456,37.794,39.365,33.935,29.090,27.626,25.188,22.937,21.393,22.176,25.555,32.980,41.789,47.677,43.515,37.613,34.122,32.373
19.809,19.357,18.790,18.279,18.588,22.135,30.611,37.918,39.486,34.065,29.262,27.816,25.406,23.182,21.639,22.390,25.736,33.141,41.973,47.783,43.628,37.800,34.284,32.522
19.936,19.528,18.970,18.460,18.741,22.266,30.710,38.061,39.627,34.207,29.367,27.906,25.458,23.217,21.665,22.468,25.847,33.262,41.986,47.898,43.756,37.828,34.383,32.661
20.037,19.615,19.102,18.592,18.874,22.387,30.829,38.142,39.713,34.297,29.452,27.987,25.546,23.281,21.743,22.539,25.933,33.334,42.089,48.010,43.845,37.918,34.454,32.739
20.234,19.808,19.260,18.753,19.034,22.556,30.980,38.286,39.842,34.454,29.634,28.174,25.744,23.515,21.976,22.766,26.120,33.500,42.224,48.081,43.963,38.089,34.638,32.897
20.339,19.963,19.402,18.895,19.160,22.658,31.050,38.407,39.968,34.561,29.723,28.265,25.804,23.566,22.009,22.838,26.223,33.621,42.243,48.195,44.072,38.103,34.715,33.031
20.500,20.106,19.532,19.026,19.300,22.808,31.202,38.535,40.090,34.697,29.882,28.430,25.987,23.767,22.216,23.025,26.382,33.764,42.411,48.300,44.194,38.284,34.876,33.166
20.671,20.285,19.637,19.132,19.422,22.941,31.325,38.675,40.224,34.828,30.059,28.632,26.205,24.033,22.465,23.254,26.570,33.952,42.576,48.397,44.315,38.459,35.054,33.338
20.800,20.377,19.749,19.243,19.551,23.076,31.469,38.760,40.310,34.926,30.182,28.763,26.368,24.196,22.645,23.397,26.694,34.050,42.752,48.502,44.407,38.626,35.169,33.429
20.889,20.490,19.848,19.339,19.655,23.159,31.525,38.819,40.380,34.975,30.252,28.851,26.458,24.287,22.725,23.476,26.784,34.140,42.801,48.575,44.458,38.654,35.213,33.522
20.967,20.555,19.965,19.455,19.773,23.264,31.636,38.897,40.469,35.058,30.322,28.915,26.525,24.320,22.771,23.518,26.853,34.203,42.906,48.708,44.553,38.734,35.270,33.593
21.105,20.682,20.086,19.574,19.908,23.397,31.765,39.000,40.575,35.162,30.453,29.060,26.690,24.493,22.947,23.670,26.992,34.330,43.059,48.820,44.655,38.876,35.388,33.715
21.252,20.803,20.166,19.654,20.017,23.519,31.887,39.083,40.656,35.248,30.600,29.234,26.904,24.745,23.200,23.875,27.148,34.464,43.244,48.890,44.730,39.058,35.528,33.831
21.424,20.963,20.334,19.826,20.179,23.688,32.052,39.233,40.793,35.415,30.762,29.385,27.057,24.906,23.371,24.047,27.304,34.603,43.378,48.995,44.868,39.224,35.698,33.969
21.632,21.152,20.584,20.083,20.395,23.910,32.267,39.429,40.960,35.651,30.943,29.519,27.170,25.005,23.498,24.211,27.463,34.732,43.476,49.103,45.045,39.395,35.902,34.111
21.776,21.306,20.725,20.224,20.537,24.041,32.372,39.526,41.054,35.753,31.063,29.648,27.303,25.150,23.640,24.354,27.596,34.851,43.556,49.172,45.125,39.483,36.007,34.230
21.926,21.400,20.841,20.343,20.660,24.195,32.558,39.663,41.175,35.914,31.227,29.797,27.477,25.335,23.850,24.533,27.737,34.968,43.768,49.284,45.267,39.724,36.196,34.336
22.008,21.446,20.941,20.442,20.767,24.305,32.693,39.751,41.270,36.012,31.315,29.876,27.570,25.400,23.936,24.599,27.814,35.036,43.924,49.425,45.378,39.862,36.283,34.405
22.165,21.539,21.163,20.664,20.986,24.514,32.912,39.853,41.371,36.156,31.437,29.969,27.687,25.464,24.052,24.691,27.923,35.094,44.093,49.567,45.497,40.030,36.389,34.475
22.349,21.700,21.317,20.821,21.140,24.687,33.091,40.019,41.521,36.336,31.622,30.147,27.874,25.672,24.268,24.899,28.098,35.254,44.271,49.684,45.652,40.241,36.591,34.627
22.502,21.800,21.493,21.000,21.306,24.866,33.290,40.154,41.640,36.508,31.765,30.256,27.992,25.769,24.403,25.027,28.216,35.338,44.428,49.797,45.792,40.434,36.750,34.715
22.665,21.951,21.747,21.259,21.525,25.066,33.470,40.293,41.764,36.688,31.882,30.326,28.039,25.770,24.438,25.101,28.320,35.408,44.471,49.901,45.921,40.518,36.863,34.809
22.761,22.014,21.819,21.329,21.614,25.169,33.601,40.389,41.865,36.784,31.996,30.446,28.184,25.915,24.592,25.220,28.427,35.511,44.661,50.034,46.035,40.691,36.981,34.902
22.900,22.146,21.938,21.446,21.741,25.310,33.768,40.571,42.054,36.953,32.166,30.620,28.361,26.093,24.765,25.382,28.589,35.693,44.885,50.251,46.235,40.889,37.163,35.078
23.041,22.341,22.157,21.662,21.953,25.466,33.871,40.682,42.187,37.051,32.260,30.729,28.450,26.145,24.805,25.451,28.717,35.823,44.922,50.411,46.339,40.896,37.205,35.230
23.240,22.537,22.249,21.752,22.080,25.615,34.022,40.841,42.346,37.192,32.480,30.993,28.752,26.513,25.151,25.748,28.952,36.059,45.177,50.545,46.486,41.138,37.426,35.439
23.595,22.946,22.584,22.096,22.389,25.918,34.260,41.143,42.616,37.506,32.795,31.304,29.032,26.846,25.463,26.112,29.281,36.375,45.301,50.679,46.723,41.346,37.747,35.758
23.796,23.171,22.760,22.273,22.562,26.093,34.421,41.342,42.809,37.697,32.996,31.514,29.233,27.073,25.673,26.335,29.490,36.593,45.457,50.835,46.905,41.517,37.953,35.971
24.003,23.318,23.026,22.542,22.811,26.348,34.699,41.540,42.995,37.938,33.187,31.658,29.381,27.174,25.822,26.484,29.651,36.717,45.672,51.038,47.118,41.760,38.156,36.108
24.246,23.468,23.252,22.767,23.071,26.618,34.991,41.683,43.140,38.119,33.410,31.886,29.677,27.458,26.155,26.736,29.869,36.872,46.012,51.227,47.279,42.086,38.360,36.251
24.579,23.802,23.541,23.060,23.369,26.913,35.245,41.913,43.354,38.365,33.705,32.200,30.013,27.839,26.534,27.100,30.183,37.149,46.237,51.369,47.469,42.348,38.640,36.520
24.794,24.051,23.785,23.305,23.605,27.119,35.400,42.070,43.511,38.526,33.876,32.379,30.184,28.011,26.700,27.285,30.377,37.327,46.323,51.494,47.599,42.440,38.781,36.709
25.035,24.307,24.065,23.586,23.868,27.372,35.646,42.333,43.772,38.792,34.109,32.596,30.378,28.185,26.875,27.489,30.606,37.562,46.519,51.752,47.861,42.644,39.016,36.955
25.231,24.538,24.367,23.884,24.144,27.613,35.881,42.595,44.054,39.041,34.296,32.762,30.502,28.241,26.931,27.593,30.794,37.777,46.693,52.094,48.145,42.779,39.186,37.197
25.541,24.859,24.570,24.083,24.391,27.875,36.147,42.884,44.357,39.294,34.638,33.162,30.940,28.740,27.396,28.005,31.159,38.160,47.099,52.402,48.432,43.145,39.518,37.552
25.899,25.185,24.920,24.433,24.749,28.241,36.526,43.222,44.693,39.644,34.995,33.518,31.314,29.111,27.783,28.369,31.511,38.495,47.495,52.750,48.777,43.542,39.877,37.883
26.249,25.651,25.346,24.858,25.149,28.578,36.782,43.575,45.064,39.964,35.299,33.840,31.579,29.360,27.988,28.649,31.858,38.876,47.646,53.101,49.101,43.667,40.134,38.291
26.507,25.870,25.716,25.224,25.509,28.912,37.135,43.845,45.352,40.255,35.538,34.046,31.786,29.477,28.146,28.806,32.083,39.082,47.957,53.485,49.411,43.934,40.350,38.521
27.043,26.282,26.108,25.619,25.946,29.425,37.719,44.321,45.802,40.766,36.116,34.630,32.454,30.209,28.915,29.469,32.629,39.579,48.682,53.916,49.897,44.702,40.974,38.974
27.467,26.648,26.456,25.954,26.331,29.889,38.365,45.030,46.551,41.404,36.727,35.243,33.078,30.807,29.496,29.992,33.179,40.246,49.644,54.862,50.729,45.551,41.666,39.611
27.991,27.197,27.079,26.566,26.944,30.484,39.018,45.737,47.305,42.062,37.311,35.814,33.608,31.243,29.921,30.445,33.748,40.895,50.361,55.779,51.513,46.158,42.249,40.280
28.875,27.718,27.903,27.336,27.981,31.626,40.613,46.976,48.734,43.197,38.527,37.100,35.133,32.542,31.317,31.443,34.867,42.123,52.874,58.033,53.158,48.150,43.469,41.442
