9.719,7.728,5.847,3.876,4.161,5.176,15.824,27.396,28.776,20.624,13.632,9.764,4.937,0.336,-0.450,6.279,11.647,22.131,26.463,34.394,32.560,25.177,20.689,13.623
14.956,12.844,11.090,9.920,9.987,11.201,20.897,31.294,32.794,25.209,19.008,15.076,10.690,6.977,5.700,11.611,16.716,25.929,30.140,36.715,35.217,29.067,25.008,18.651
17.228,15.327,13.628,12.780,12.904,14.165,23.176,32.605,33.862,26.555,20.924,17.131,13.191,10.161,8.656,13.834,18.414,26.707,31.535,37.554,36.144,30.592,27.291,21.340
18.152,16.730,15.037,14.254,14.567,15.753,24.377,33.132,34.139,26.958,21.679,17.969,14.347,11.798,10.105,14.829,18.964,26.780,32.365,38.070,36.579,31.294,28.761,23.065
18.882,18.066,16.358,15.546,16.089,17.141,25.539,33.790,34.617,27.515,22.474,18.771,15.371,13.192,11.293,15.748,19.552,26.870,33.424,38.826,37.181,32.052,30.223,24.738
19.623,18.863,17.171,16.474,17.020,18.089,26.305,34.298,35.094,28.077,23.194,19.497,16.206,14.223,12.229,16.501,20.196,27.096,33.949,39.136,37.521,32.590,30.945,25.587
20.074,19.469,17.791,17.114,17.701,18.729,26.817,34.616,35.391,28.470,23.692,20.005,16.789,14.919,12.870,17.051,20.659,27.293,34.363,39.375,37.743,32.925,31.446,26.203
20.418,19.879,18.230,17.483,18.097,19.071,27.021,34.691,35.403,28.605,23.893,20.323,17.170,15.291,13.339,17.460,20.959,27.521,34.494,39.514,37.880,33.066,31.647,26.478
20.762,20.326,18.699,17.902,18.543,19.459,27.311,34.879,35.575,28.889,24.227,20.715,17.601,15.720,13.810,17.911,21.352,27.775,34.756,39.712,38.064,33.277,31.908,26.821
21.159,20.717,19.124,18.255,18.897,19.773,27.499,34.984,35.628,29.065,24.448,21.066,17.997,16.062,14.288,18.349,21.705,28.138,34.870,39.880,38.249,33.446,32.060,27.026
21.404,20.938,19.354,18.506,19.137,20.021,27.697,35.131,35.765,29.230,24.647,21.286,18.243,16.331,14.565,18.583,21.913,28.329,34.998,39.987,38.376,33.608,32.233,27.223
21.620,21.198,19.623,18.776,19.423,20.295,27.893,35.228,35.824,29.334,24.805,21.481,18.485,16.622,14.860,18.812,22.075,28.417,35.124,40.080,38.468,33.738,32.443,27.477
21.977,21.491,19.920,19.160,19.774,20.686,28.237,35.512,36.125,29.644,25.163,21.818,18.846,17.052,15.242,19.131,22.393,28.693,35.352,40.225,38.652,34.015,32.726,27.789
22.358,21.702,20.152,19.466,20.010,20.977,28.438,35.664,36.277,29.844,25.412,22.115,19.170,17.392,15.623,19.435,22.685,29.056,35.380,40.248,38.752,34.190,32.820,27.904
22.762,21.996,20.462,19.837,20.332,21.334,28.733,35.922,36.553,30.161,25.766,22.487,19.557,17.795,16.038,19.805,23.059,29.445,35.557,40.385,38.942,34.451,33.020,28.130
23.043,22.194,20.671,20.070,20.531,21.556,28.918,36.097,36.729,30.363,25.983,22.730,19.808,18.037,16.311,20.054,23.307,29.741,35.673,40.502,39.104,34.636,33.152,28.268
23.257,22.346,20.838,20.267,20.703,21.745,29.031,36.147,36.764,30.442,26.107,22.896,20.006,18.258,16.559,20.240,23.459,29.813,35.677,40.511,39.131,34.711,33.218,28.364
23.311,22.524,21.012,20.436,20.916,21.930,29.187,36.221,36.816,30.505,26.208,22.983,20.127,18.445,16.696,20.342,23.513,29.896,35.824,40.588,39.183,34.792,33.426,28.611
23.549,22.664,21.170,20.605,21.051,22.083,29.273,36.277,36.855,30.593,26.322,23.158,20.322,18.622,16.938,20.542,23.689,30.054,35.833,40.613,39.251,34.878,33.456,28.654
23.731,22.778,21.289,20.778,21.195,22.260,29.414,36.383,36.961,30.703,26.462,23.301,20.483,18.819,17.124,20.678,23.816,30.193,35.877,40.642,39.312,34.991,33.562,28.769
23.851,22.927,21.443,20.900,21.330,22.374,29.511,36.467,37.034,30.801,26.563,23.426,20.615,18.934,17.265,20.825,23.945,30.309,35.985,40.762,39.424,35.087,33.665,28.884
24.010,23.069,21.588,21.059,21.480,22.531,29.655,36.602,37.173,30.947,26.718,23.582,20.774,19.100,17.430,20.979,24.100,30.460,36.106,40.870,39.541,35.221,33.792,29.017
24.114,23.208,21.728,21.195,21.626,22.666,29.776,36.697,37.264,31.053,26.835,23.701,20.902,19.241,17.563,21.106,24.214,30.531,36.225,40.965,39.629,35.318,33.916,29.159
24.240,23.357,21.887,21.329,21.765,22.783,29.857,36.752,37.316,31.151,26.946,23.842,21.052,19.373,17.727,21.271,24.362,30.648,36.299,41.029,39.692,35.382,33.977,29.246
24.404,23.484,22.024,21.480,21.895,22.919,29.967,36.853,37.433,31.299,27.106,24.011,21.222,19.534,17.902,21.442,24.544,30.825,36.373,41.080,39.763,35.479,34.033,29.320
24.498,23.609,22.152,21.569,21.999,23.002,30.042,36.925,37.487,31.369,27.172,24.104,21.319,19.609,18.008,21.556,24.639,30.923,36.471,41.208,39.878,35.565,34.129,29.418
24.612,23.741,22.286,21.686,22.123,23.114,30.156,37.043,37.607,31.498,27.296,24.232,21.444,19.720,18.128,21.690,24.773,31.048,36.604,41.342,40.005,35.682,34.244,29.536
24.731,23.874,22.417,21.838,22.268,23.269,30.310,37.167,37.702,31.605,27.409,24.362,21.590,19.870,18.269,21.826,24.891,31.117,36.752,41.472,40.141,35.822,34.393,29.685
24.758,23.948,22.491,21.847,22.321,23.278,30.315,37.202,37.739,31.653,27.459,24.379,21.590,19.880,18.286,21.846,24.919,31.161,36.793,41.540,40.172,35.833,34.452,29.757
24.801,24.060,22.605,21.933,22.427,23.365,30.385,37.222,37.775,31.658,27.463,24.434,21.672,19.951,18.380,21.935,24.955,31.188,36.881,41.637,40.255,35.890,34.553,29.866
24.930,24.189,22.732,22.070,22.562,23.504,30.527,37.365,37.888,31.798,27.608,24.568,21.805,20.091,18.508,22.064,25.089,31.288,37.022,41.767,40.386,36.029,34.693,30.006
25.078,24.298,22.849,22.198,22.673,23.624,30.622,37.446,37.969,31.898,27.721,24.699,21.942,20.226,18.661,22.200,25.221,31.434,37.076,41.821,40.458,36.116,34.757,30.079
25.129,24.395,22.947,22.280,22.771,23.703,30.689,37.492,38.010,31.956,27.786,24.769,22.019,20.308,18.742,22.282,25.289,31.458,37.155,41.882,40.506,36.165,34.835,30.172
25.199,24.507,23.055,22.350,22.862,23.775,30.783,37.606,38.111,32.047,27.859,24.847,22.091,20.359,18.805,22.368,25.369,31.546,37.302,42.053,40.665,36.283,34.969,30.294
25.496,24.621,23.179,22.585,23.019,24.007,30.968,37.775,38.311,32.255,28.101,25.083,22.335,20.637,19.072,22.575,25.605,31.846,37.332,42.063,40.733,36.444,35.038,30.370
25.604,24.731,23.289,22.712,23.145,24.138,31.087,37.871,38.406,32.352,28.212,25.189,22.450,20.776,19.194,22.679,25.701,31.919,37.428,42.125,40.808,36.542,35.154,30.495
25.689,24.858,23.420,22.835,23.281,24.259,31.184,37.932,38.440,32.404,28.300,25.292,22.566,20.906,19.320,22.794,25.780,31.938,37.517,42.184,40.859,36.606,35.252,30.617
25.727,24.912,23.473,22.886,23.345,24.323,31.227,37.940,38.462,32.431,28.309,25.298,22.595,20.961,19.375,22.814,25.798,31.960,37.536,42.218,40.888,36.636,35.332,30.699
25.776,25.019,23.579,22.956,23.439,24.390,31.292,37.993,38.477,32.453,28.347,25.360,22.662,21.019,19.447,22.893,25.839,31.971,37.634,42.327,40.976,36.699,35.429,30.802
25.821,25.106,23.670,23.015,23.517,24.447,31.333,38.014,38.480,32.474,28.374,25.408,22.721,21.071,19.518,22.963,25.883,31.994,37.688,42.392,41.027,36.734,35.492,30.876
25.968,25.188,23.751,23.135,23.613,24.573,31.456,38.139,38.589,32.576,28.493,25.522,22.836,21.202,19.640,23.062,25.990,32.142,37.764,42.472,41.130,36.860,35.595,30.968
26.026,25.250,23.815,23.199,23.683,24.644,31.500,38.148,38.592,32.578,28.501,25.550,22.886,21.271,19.717,23.105,25.999,32.149,37.776,42.494,41.154,36.889,35.659,31.039
26.080,25.332,23.897,23.268,23.768,24.721,31.556,38.171,38.609,32.587,28.518,25.585,22.940,21.341,19.794,23.157,26.017,32.154,37.819,42.550,41.202,36.932,35.746,31.133
26.222,25.453,24.022,23.417,23.902,24.863,31.685,38.292,38.729,32.733,28.682,25.741,23.094,21.503,19.945,23.305,26.179,32.295,37.922,42.614,41.280,37.041,35.835,31.236
26.335,25.549,24.120,23.525,24.003,24.970,31.783,38.382,38.819,32.825,28.782,25.844,23.202,21.615,20.059,23.408,26.280,32.402,38.000,42.691,41.364,37.135,35.924,31.327
26.419,25.654,24.226,23.627,24.108,25.066,31.876,38.472,38.919,32.931,28.893,25.954,23.309,21.719,20.158,23.519,26.388,32.481,38.104,42.769,41.438,37.216,36.003,31.419
26.449,25.712,24.281,23.666,24.165,25.116,31.922,38.502,38.921,32.940,28.898,25.963,23.331,21.753,20.196,23.540,26.398,32.487,38.155,42.847,41.503,37.263,36.095,31.505
26.515,25.787,24.356,23.744,24.249,25.201,31.992,38.545,38.949,32.959,28.935,26.012,23.394,21.836,20.275,23.596,26.422,32.506,38.205,42.898,41.553,37.319,36.182,31.597
26.593,25.892,24.459,23.840,24.355,25.300,32.098,38.650,39.053,33.059,29.033,26.102,23.485,21.931,20.361,23.686,26.511,32.574,38.328,43.013,41.658,37.420,36.302,31.718
26.740,25.995,24.567,23.959,24.462,25.421,32.188,38.717,39.101,33.116,29.107,26.204,23.603,22.056,20.508,23.799,26.601,32.701,38.364,43.072,41.736,37.508,36.384,31.801
26.850,26.082,24.658,24.057,24.552,25.517,32.264,38.778,39.155,33.180,29.182,26.294,23.702,22.158,20.623,23.896,26.686,32.798,38.409,43.124,41.799,37.579,36.451,31.872
26.920,26.153,24.729,24.111,24.615,25.577,32.322,38.833,39.188,33.207,29.207,26.337,23.752,22.204,20.686,23.950,26.720,32.861,38.469,43.222,41.892,37.651,36.537,31.949
27.056,26.231,24.813,24.228,24.707,25.689,32.404,38.896,39.255,33.289,29.308,26.448,23.873,22.336,20.824,24.060,26.829,32.985,38.488,43.228,41.925,37.718,36.579,32.000
27.175,26.327,24.908,24.337,24.808,25.804,32.518,39.009,39.365,33.388,29.410,26.548,23.976,22.449,20.933,24.156,26.923,33.099,38.584,43.331,42.036,37.835,36.694,32.108
27.333,26.437,25.026,24.466,24.917,25.921,32.617,39.111,39.453,33.507,29.530,26.697,24.123,22.581,21.086,24.306,27.082,33.280,38.653,43.400,42.125,37.936,36.752,32.172
27.367,26.508,25.099,24.493,24.966,25.947,32.634,39.117,39.476,33.519,29.545,26.716,24.153,22.592,21.132,24.352,27.095,33.305,38.692,43.484,42.193,37.966,36.808,32.227
27.433,26.609,25.202,24.572,25.057,26.020,32.703,39.181,39.513,33.581,29.604,26.799,24.236,22.664,21.215,24.446,27.182,33.370,38.782,43.576,42.273,38.033,36.885,32.312
27.529,26.688,25.279,24.657,25.138,26.110,32.794,39.274,39.599,33.657,29.680,26.876,24.316,22.749,21.301,24.522,27.254,33.462,38.863,43.668,42.370,38.130,36.984,32.402
27.669,26.794,25.387,24.770,25.238,26.219,32.905,39.400,39.731,33.789,29.807,27.007,24.441,22.860,21.423,24.649,27.391,33.631,38.965,43.784,42.496,38.254,37.077,32.489
27.760,26.897,25.483,24.888,25.362,26.352,33.047,39.530,39.860,33.894,29.918,27.096,24.535,22.989,21.516,24.725,27.465,33.684,39.100,43.898,42.606,38.381,37.238,32.647
27.883,27.000,25.590,24.992,25.458,26.450,33.140,39.631,39.964,34.007,30.029,27.215,24.651,23.090,21.633,24.847,27.592,33.828,39.189,43.996,42.711,38.482,37.316,32.725
28.013,27.120,25.708,25.123,25.582,26.580,33.282,39.787,40.135,34.172,30.188,27.358,24.785,23.225,21.753,24.978,27.741,33.974,39.336,44.127,42.845,38.625,37.443,32.850
28.097,27.214,25.807,25.204,25.668,26.655,33.339,39.830,40.168,34.225,30.247,27.438,24.872,23.302,21.853,25.074,27.822,34.052,39.388,44.190,42.906,38.679,37.500,32.916
28.227,27.291,25.881,25.305,25.754,26.767,33.457,39.956,40.286,34.315,30.337,27.526,24.962,23.406,21.952,25.151,27.898,34.181,39.475,44.302,43.034,38.812,37.626,33.021
28.285,27.378,25.963,25.394,25.852,26.864,33.562,40.051,40.383,34.402,30.427,27.598,25.037,23.501,22.020,25.216,27.963,34.213,39.589,44.392,43.114,38.901,37.744,33.142
28.390,27.493,26.085,25.501,25.960,26.959,33.640,40.119,40.454,34.501,30.531,27.716,25.157,23.607,22.144,25.347,28.090,34.322,39.666,44.461,43.184,38.971,37.804,33.218
28.478,27.665,26.255,25.634,26.123,27.088,33.774,40.246,40.580,34.641,30.667,27.850,25.289,23.731,22.265,25.492,28.228,34.398,39.853,44.631,43.325,39.094,37.962,33.391
28.566,27.773,26.365,25.738,26.232,27.190,33.865,40.323,40.654,34.727,30.759,27.946,25.390,23.837,22.371,25.595,28.323,34.469,39.944,44.710,43.400,39.173,38.055,33.494
28.687,27.885,26.486,25.849,26.342,27.294,33.927,40.350,40.662,34.766,30.819,28.043,25.506,23.951,22.517,25.715,28.412,34.562,39.966,44.744,43.443,39.222,38.108,33.563
28.742,27.981,26.574,25.940,26.452,27.402,34.044,40.450,40.747,34.827,30.885,28.095,25.568,24.044,22.582,25.765,28.445,34.568,40.094,44.866,43.548,39.326,38.270,33.722
28.891,28.132,26.720,26.099,26.615,27.572,34.218,40.615,40.905,34.969,31.032,28.232,25.712,24.209,22.729,25.897,28.570,34.690,40.258,45.027,43.708,39.493,38.461,33.908
29.078,28.290,26.877,26.282,26.783,27.756,34.410,40.817,41.125,35.179,31.241,28.423,25.895,24.400,22.902,26.071,28.765,34.889,40.436,45.186,43.878,39.682,38.630,34.074
29.165,28.436,27.026,26.383,26.907,27.848,34.498,40.904,41.201,35.277,31.332,28.534,26.006,24.485,23.012,26.203,28.882,34.982,40.569,45.332,44.002,39.775,38.739,34.193
29.333,28.607,27.197,26.551,27.077,28.016,34.665,41.068,41.362,35.440,31.496,28.701,26.174,24.653,23.182,26.372,29.048,35.148,40.736,45.501,44.171,39.942,38.908,34.362
29.426,28.767,27.351,26.696,27.244,28.166,34.827,41.219,41.516,35.589,31.646,28.830,26.304,24.799,23.300,26.499,29.174,35.212,40.931,45.665,44.311,40.083,39.094,34.558
29.641,28.958,27.538,26.883,27.429,28.363,35.046,41.461,41.747,35.790,31.833,29.016,26.485,24.977,23.481,26.679,29.353,35.444,41.159,45.934,44.581,40.331,39.340,34.777
29.738,29.136,27.709,27.004,27.587,28.489,35.196,41.621,41.891,35.924,31.950,29.135,26.600,25.078,23.586,26.810,29.470,35.539,41.380,46.180,44.791,40.496,39.549,34.979
29.853,29.271,27.844,27.126,27.716,28.609,35.319,41.744,42.011,36.047,32.070,29.258,26.723,25.195,23.707,26.938,29.595,35.656,41.518,46.321,44.925,40.620,39.680,35.112
30.043,29.458,28.031,27.322,27.910,28.806,35.512,41.931,42.203,36.241,32.268,29.451,26.917,25.396,23.901,27.128,29.787,35.838,41.702,46.492,45.098,40.805,39.865,35.301
30.165,29.611,28.180,27.443,28.047,28.929,35.653,42.089,42.351,36.379,32.392,29.578,27.039,25.502,24.016,27.260,29.916,35.975,41.885,46.701,45.290,40.965,40.038,35.463
30.480,29.875,28.462,27.689,28.268,29.136,35.843,42.316,42.599,36.684,32.679,29.907,27.348,25.731,24.321,27.608,30.288,36.395,42.084,46.929,45.538,41.190,40.156,35.589
30.712,30.040,28.634,27.868,28.427,29.312,35.996,42.467,42.735,36.827,32.828,30.088,27.537,25.908,24.535,27.798,30.465,36.640,42.191,47.080,45.712,41.361,40.295,35.720
30.969,30.186,28.787,28.053,28.572,29.492,36.159,42.642,42.913,37.007,33.012,30.291,27.741,26.100,24.754,27.997,30.673,36.932,42.289,47.210,45.881,41.545,40.412,35.824
31.168,30.346,28.956,28.203,28.708,29.624,36.271,42.763,43.030,37.153,33.155,30.471,27.920,26.238,24.946,28.195,30.867,37.174,42.388,47.346,46.032,41.679,40.496,35.909
31.504,30.660,29.271,28.497,28.995,29.907,36.579,43.120,43.399,37.520,33.494,30.815,28.241,26.515,25.249,28.535,31.233,37.587,42.734,47.726,46.412,42.028,40.792,36.188
31.720,30.883,29.489,28.703,29.211,30.124,36.819,43.376,43.640,37.733,33.694,31.014,28.438,26.710,25.444,28.732,31.424,37.809,42.997,48.025,46.701,42.290,41.072,36.445
32.110,31.255,29.856,29.107,29.596,30.524,37.246,43.834,44.144,38.226,34.177,31.449,28.849,27.126,25.818,29.134,31.879,38.237,43.435,48.406,47.090,42.710,41.452,36.828
32.330,31.460,30.061,29.300,29.790,30.719,37.446,44.045,44.343,38.417,34.360,31.645,29.045,27.310,26.020,29.336,32.073,38.471,43.639,48.648,47.333,42.932,41.668,37.029
32.654,31.654,30.251,29.564,30.012,31.004,37.728,44.330,44.621,38.651,34.606,31.884,29.293,27.594,26.289,29.549,32.290,38.785,43.828,48.864,47.593,43.226,41.933,37.265
33.106,32.022,30.632,30.014,30.408,31.428,38.121,44.717,45.068,39.140,35.116,32.371,29.769,28.077,26.751,30.012,32.805,39.265,44.147,49.088,47.862,43.578,42.197,37.563
33.439,32.342,30.955,30.337,30.723,31.742,38.436,45.046,45.413,39.498,35.468,32.720,30.108,28.400,27.080,30.358,33.169,39.629,44.467,49.397,48.178,43.897,42.484,37.854
34.081,32.653,31.265,30.777,31.053,32.203,38.907,45.585,45.955,39.959,35.922,33.180,30.559,28.859,27.561,30.766,33.617,40.362,44.770,49.811,48.697,44.451,42.884,38.171
34.456,33.086,31.688,31.143,31.455,32.581,39.326,46.033,46.370,40.340,36.273,33.543,30.917,29.193,27.914,31.141,33.971,40.754,45.266,50.383,49.233,44.916,43.389,38.644
35.056,33.441,32.042,31.694,31.905,33.158,39.871,46.550,46.925,40.845,36.830,34.044,31.434,29.819,28.454,31.573,34.443,41.302,45.590,50.631,49.582,45.414,43.820,39.064
35.438,34.109,32.692,32.163,32.488,33.619,40.443,47.204,47.573,41.480,37.380,34.576,31.918,30.211,28.859,32.131,35.010,41.766,46.461,51.546,50.371,46.047,44.536,39.765
35.870,34.562,33.131,32.602,32.955,34.098,40.927,47.655,47.962,41.812,37.723,34.930,32.303,30.647,29.281,32.494,35.312,42.108,46.927,52.076,50.886,46.537,45.127,40.326
36.442,35.297,33.836,33.329,33.722,34.841,41.793,48.583,48.973,42.757,38.625,35.679,32.997,31.382,29.858,33.169,36.085,42.698,47.956,52.949,51.696,47.369,46.016,41.217
37.175,36.365,34.850,34.361,34.867,35.939,43.034,49.813,50.243,43.903,39.751,36.607,33.903,32.435,30.655,34.022,36.974,43.272,49.400,54.192,52.815,48.514,47.421,42.629
38.832,38.268,36.636,36.344,36.912,38.046,45.557,52.558,53.187,46.482,42.198,38.574,35.719,34.463,32.164,35.708,38.939,44.955,52.267,56.734,55.233,51.009,50.084,45.183
