27.183,26.610,24.699,25.445,26.172,26.317,33.077,47.352,52.269,48.755,44.651,40.299,35.505,35.854,35.093,39.239,45.419,50.349,48.761,42.084,35.952,31.302,30.232,27.905
30.770,30.289,28.712,28.645,29.769,30.227,36.856,49.758,54.424,50.982,47.017,42.535,38.326,38.237,37.341,41.146,45.728,51.365,50.731,45.126,39.379,34.682,33.061,30.910
32.350,31.893,30.439,29.958,31.012,31.466,37.968,50.001,54.658,51.593,47.658,43.094,39.087,38.769,37.940,41.558,46.053,51.438,51.192,46.181,40.660,36.080,34.368,32.297
33.602,33.209,31.860,30.953,31.702,32.262,38.614,50.090,54.711,51.968,48.074,43.499,39.620,39.056,38.515,41.971,46.081,51.555,51.578,46.836,41.557,37.112,35.561,33.573
34.093,33.739,32.426,31.433,32.082,32.742,39.017,50.199,54.839,52.233,48.394,43.887,40.057,39.441,39.024,42.431,46.398,51.708,51.919,47.126,41.940,37.532,36.085,34.135
34.773,34.426,33.158,32.254,33.001,33.663,39.759,50.669,55.121,52.470,48.766,44.417,40.730,40.169,39.684,42.997,46.689,52.060,52.162,47.502,42.455,38.143,36.664,34.772
35.373,35.082,33.893,32.855,33.573,34.396,40.369,50.915,55.281,52.679,49.080,44.834,41.284,40.646,40.261,43.480,47.040,52.348,52.447,47.815,42.921,38.647,37.218,35.393
35.715,35.456,34.309,33.316,34.080,35.004,40.852,51.224,55.464,52.798,49.317,45.220,41.775,41.162,40.791,43.951,47.615,52.722,52.646,47.964,43.176,38.939,37.542,35.766
36.084,35.852,34.751,33.692,34.475,35.484,41.266,51.436,55.615,52.952,49.531,45.489,42.131,41.482,41.137,44.243,47.852,52.909,52.827,48.189,43.483,39.261,37.860,36.122
36.406,36.169,35.068,33.992,34.719,35.678,41.422,51.498,55.676,53.100,49.682,45.640,42.285,41.626,41.304,44.387,47.853,52.954,52.954,48.392,43.719,39.549,38.178,36.447
36.740,36.516,35.440,34.274,34.943,35.924,41.629,51.533,55.710,53.223,49.818,45.778,42.458,41.748,41.481,44.524,47.876,52.976,53.076,48.585,43.970,39.833,38.489,36.778
37.074,36.873,35.833,34.623,35.283,36.323,41.952,51.665,55.770,53.328,49.981,46.002,42.754,42.018,41.788,44.780,48.048,53.117,53.211,48.752,44.219,40.115,38.794,37.118
37.246,37.053,36.022,34.800,35.410,36.457,42.040,51.668,55.772,53.363,50.041,46.095,42.862,42.119,41.931,44.899,48.111,53.163,53.266,48.811,44.320,40.253,38.980,37.318
37.435,37.243,36.207,35.040,35.601,36.623,42.134,51.699,55.789,53.403,50.118,46.237,43.012,42.298,42.138,45.084,48.295,53.271,53.330,48.861,44.413,40.407,39.200,37.552
37.570,37.386,36.354,35.186,35.733,36.778,42.276,51.824,55.867,53.523,50.252,46.390,43.171,42.456,42.317,45.258,48.479,53.439,53.472,48.971,44.537,40.534,39.349,37.707
37.782,37.600,36.565,35.474,35.968,36.991,42.392,51.857,55.889,53.541,50.327,46.558,43.357,42.684,42.576,45.488,48.723,53.570,53.528,49.001,44.627,40.701,39.598,37.977
38.000,37.834,36.807,35.714,36.183,37.256,42.634,52.075,56.035,53.747,50.557,46.827,43.636,42.961,42.894,45.799,49.064,53.879,53.780,49.182,44.830,40.905,39.847,38.236
38.188,38.036,37.027,35.889,36.322,37.427,42.770,52.102,56.075,53.758,50.639,46.930,43.767,43.065,43.042,45.921,49.115,53.933,53.859,49.273,44.964,41.060,40.033,38.439
38.298,38.138,37.117,36.050,36.486,37.556,42.867,52.210,56.092,53.807,50.735,47.061,43.895,43.233,43.191,46.068,49.314,54.066,53.899,49.278,45.043,41.168,40.155,38.563
38.438,38.284,37.275,36.181,36.604,37.691,42.984,52.218,56.179,53.885,50.742,47.151,44.003,43.326,43.302,46.164,49.371,54.125,53.939,49.346,45.121,41.291,40.288,38.704
38.563,38.433,37.451,36.439,36.849,37.986,43.116,52.274,56.228,53.954,50.815,47.249,44.188,43.556,43.569,46.365,49.636,54.172,54.015,49.436,45.156,41.343,40.425,38.892
38.721,38.568,37.571,36.541,37.000,38.080,43.290,52.486,56.347,54.059,50.982,47.398,44.302,43.663,43.611,46.437,49.681,54.314,54.131,49.586,45.363,41.545,40.543,38.983
38.854,38.703,37.710,36.659,37.120,38.205,43.422,52.512,56.356,54.091,51.060,47.511,44.419,43.768,43.718,46.542,49.688,54.360,54.195,49.673,45.502,41.678,40.667,39.108
38.957,38.830,37.870,36.768,37.200,38.350,43.501,52.605,56.480,54.188,51.107,47.520,44.487,43.805,43.809,46.588,49.752,54.416,54.254,49.724,45.526,41.731,40.758,39.230
39.123,38.995,38.045,36.900,37.370,38.524,43.698,52.687,56.525,54.258,51.214,47.640,44.623,43.919,43.897,46.672,49.760,54.444,54.332,49.872,45.719,41.904,40.879,39.350
39.241,39.100,38.147,37.028,37.548,38.665,43.845,52.852,56.674,54.378,51.330,47.744,44.732,44.045,43.968,46.745,49.771,54.504,54.418,50.017,45.852,42.035,40.960,39.426
39.342,39.200,38.254,37.082,37.603,38.718,43.922,52.906,56.749,54.474,51.405,47.780,44.770,44.053,43.976,46.751,49.779,54.519,54.490,50.138,45.966,42.137,41.037,39.500
39.459,39.317,38.376,37.141,37.657,38.772,44.006,52.961,56.819,54.594,51.499,47.825,44.812,44.060,43.986,46.762,49.799,54.519,54.583,50.282,46.102,42.256,41.130,39.589
39.553,39.417,38.486,37.237,37.734,38.860,44.064,52.969,56.843,54.595,51.518,47.865,44.870,44.110,44.051,46.805,49.829,54.526,54.595,50.305,46.154,42.328,41.222,39.692
39.675,39.537,38.614,37.302,37.803,38.922,44.152,53.011,56.892,54.695,51.594,47.894,44.904,44.111,44.057,46.815,49.890,54.531,54.661,50.436,46.287,42.450,41.309,39.776
39.746,39.610,38.681,37.451,37.938,39.055,44.227,53.086,56.923,54.713,51.654,48.028,45.044,44.296,44.247,46.992,49.952,54.669,54.718,50.443,46.307,42.506,41.417,39.895
39.848,39.710,38.779,37.564,38.045,39.149,44.305,53.148,56.975,54.773,51.722,48.108,45.127,44.387,44.337,47.076,50.013,54.731,54.777,50.506,46.386,42.601,41.519,39.999
39.945,39.811,38.887,37.665,38.163,39.285,44.440,53.247,57.081,54.871,51.826,48.217,45.249,44.480,44.442,47.161,50.031,54.768,54.879,50.606,46.491,42.698,41.606,40.090
40.077,39.946,39.035,37.742,38.218,39.339,44.497,53.271,57.089,54.915,51.859,48.219,45.263,44.506,44.451,47.186,50.054,54.815,54.900,50.699,46.601,42.813,41.710,40.199
40.173,40.046,39.140,37.829,38.295,39.424,44.575,53.292,57.125,54.974,51.922,48.284,45.336,44.542,44.517,47.229,50.083,54.844,54.962,50.769,46.682,42.899,41.804,40.296
40.242,40.124,39.228,37.911,38.378,39.538,44.670,53.346,57.165,55.010,51.977,48.363,45.434,44.636,44.624,47.326,50.083,54.879,55.018,50.807,46.740,42.958,41.873,40.375
40.330,40.211,39.318,37.985,38.432,39.582,44.704,53.347,57.169,55.037,52.005,48.388,45.462,44.655,44.655,47.348,50.136,54.886,55.039,50.855,46.800,43.033,41.957,40.463
40.429,40.312,39.422,38.049,38.468,39.615,44.741,53.352,57.185,55.098,52.053,48.417,45.488,44.658,44.678,47.366,50.153,54.898,55.090,50.933,46.884,43.122,42.053,40.559
40.509,40.398,39.518,38.107,38.520,39.688,44.815,53.381,57.223,55.148,52.104,48.460,45.543,44.692,44.726,47.405,50.161,54.903,55.141,50.999,46.960,43.193,42.122,40.632
40.583,40.477,39.600,38.191,38.605,39.788,44.909,53.469,57.304,55.222,52.187,48.555,45.644,44.794,44.834,47.512,50.206,55.011,55.228,51.066,47.033,43.265,42.202,40.716
40.682,40.576,39.704,38.278,38.684,39.865,44.979,53.504,57.338,55.274,52.240,48.605,45.701,44.841,44.886,47.555,50.213,55.028,55.273,51.138,47.116,43.355,42.290,40.807
40.750,40.650,39.787,38.327,38.734,39.933,45.050,53.540,57.376,55.319,52.285,48.643,45.752,44.872,44.926,47.588,50.215,55.049,55.317,51.198,47.184,43.417,42.346,40.867
40.829,40.728,39.865,38.385,38.777,39.972,45.095,53.578,57.429,55.393,52.349,48.692,45.794,44.903,44.967,47.630,50.222,55.085,55.385,51.276,47.260,43.493,42.425,40.945
40.902,40.801,39.938,38.456,38.834,40.023,45.141,53.612,57.464,55.442,52.399,48.743,45.844,44.952,45.024,47.683,50.259,55.125,55.434,51.331,47.320,43.561,42.502,41.022
41.004,40.901,40.038,38.545,38.925,40.106,45.229,53.692,57.549,55.535,52.485,48.818,45.919,45.021,45.088,47.746,50.300,55.182,55.515,51.434,47.422,43.663,42.594,41.114
41.093,40.987,40.117,38.636,38.997,40.164,45.284,53.760,57.624,55.624,52.571,48.906,45.994,45.103,45.178,47.840,50.344,55.274,55.607,51.515,47.500,43.750,42.699,41.216
41.221,41.120,40.263,38.711,39.065,40.250,45.392,53.823,57.708,55.734,52.664,48.963,46.060,45.128,45.217,47.873,50.391,55.294,55.702,51.652,47.638,43.873,42.803,41.321
41.280,41.183,40.330,38.770,39.124,40.326,45.467,53.891,57.776,55.796,52.731,49.034,46.136,45.200,45.296,47.951,50.428,55.375,55.773,51.710,47.700,43.930,42.864,41.384
41.344,41.256,40.414,38.827,39.185,40.417,45.553,53.939,57.819,55.837,52.780,49.089,46.209,45.257,45.364,48.011,50.452,55.424,55.824,51.759,47.763,43.987,42.919,41.446
41.455,41.372,40.544,38.902,39.261,40.513,45.658,53.994,57.882,55.915,52.853,49.141,46.276,45.294,45.409,48.046,50.475,55.441,55.892,51.864,47.877,44.090,43.006,41.537
41.537,41.453,40.622,39.002,39.369,40.612,45.745,54.084,57.959,55.985,52.930,49.230,46.368,45.398,45.504,48.139,50.562,55.528,55.961,51.935,47.952,44.173,43.087,41.620
41.664,41.595,40.782,39.111,39.485,40.790,45.933,54.239,58.118,56.129,53.081,49.382,46.539,45.540,45.669,48.299,50.672,55.700,56.128,52.075,48.101,44.297,43.209,41.749
41.744,41.674,40.865,39.186,39.567,40.868,46.007,54.291,58.164,56.179,53.132,49.430,46.596,45.593,45.715,48.339,50.715,55.714,56.168,52.142,48.175,44.373,43.274,41.816
41.842,41.774,40.971,39.256,39.636,40.940,46.087,54.339,58.224,56.255,53.200,49.479,46.650,45.627,45.752,48.371,50.718,55.724,56.232,52.238,48.274,44.468,43.355,41.898
41.928,41.855,41.051,39.321,39.684,40.965,46.111,54.343,58.229,56.293,53.229,49.493,46.662,45.630,45.758,48.372,50.725,55.742,56.252,52.299,48.338,44.545,43.432,41.975
42.040,41.963,41.153,39.423,39.764,41.022,46.167,54.396,58.297,56.387,53.315,49.570,46.727,45.695,45.830,48.445,50.740,55.775,56.338,52.397,48.435,44.653,43.552,42.092
42.138,42.060,41.247,39.512,39.844,41.104,46.262,54.511,58.425,56.518,53.437,49.683,46.829,45.794,45.935,48.556,50.826,55.902,56.470,52.517,48.544,44.756,43.659,42.195
42.217,42.141,41.324,39.608,39.928,41.190,46.338,54.599,58.509,56.602,53.527,49.789,46.930,45.905,46.056,48.680,50.972,56.029,56.568,52.585,48.615,44.833,43.756,42.292
42.325,42.254,41.440,39.705,40.016,41.300,46.455,54.716,58.637,56.731,53.655,49.913,47.053,46.017,46.184,48.810,51.098,56.170,56.709,52.704,48.733,44.940,43.873,42.409
42.386,42.317,41.499,39.782,40.067,41.349,46.488,54.749,58.668,56.776,53.707,49.985,47.118,46.091,46.277,48.902,51.198,56.253,56.770,52.735,48.772,44.994,43.958,42.497
42.530,42.451,41.619,39.898,40.166,41.410,46.576,54.876,58.826,56.958,53.860,50.102,47.206,46.177,46.358,48.996,51.260,56.362,56.928,52.914,48.926,45.147,44.107,42.633
42.647,42.564,41.725,40.024,40.291,41.526,46.698,55.037,58.992,57.116,54.013,50.256,47.347,46.329,46.507,49.154,51.445,56.542,57.089,53.053,49.053,45.272,44.238,42.759
42.745,42.657,41.812,40.126,40.394,41.612,46.787,55.143,59.099,57.223,54.116,50.354,47.437,46.428,46.596,49.247,51.543,56.638,57.188,53.159,49.152,45.375,44.337,42.854
42.850,42.754,41.894,40.230,40.477,41.665,46.850,55.253,59.227,57.364,54.242,50.471,47.527,46.529,46.699,49.363,51.664,56.771,57.324,53.283,49.258,45.486,44.463,42.971
42.975,42.883,42.028,40.362,40.634,41.843,47.037,55.455,59.423,57.531,54.412,50.642,47.706,46.708,46.869,49.536,51.871,56.968,57.497,53.439,49.409,45.620,44.583,43.091
43.068,42.975,42.115,40.455,40.701,41.895,47.075,55.476,59.445,57.580,54.463,50.699,47.758,46.762,46.936,49.599,51.908,57.006,57.547,53.495,49.473,45.703,44.686,43.195
43.184,43.102,42.255,40.590,40.852,42.087,47.252,55.626,59.574,57.684,54.590,50.852,47.934,46.936,47.117,49.771,52.112,57.177,57.675,53.595,49.591,45.814,44.799,43.319
43.279,43.194,42.346,40.676,40.926,42.152,47.315,55.681,59.634,57.760,54.662,50.920,47.998,46.997,47.184,49.836,52.156,57.231,57.746,53.677,49.674,45.904,44.895,43.414
43.403,43.321,42.478,40.760,41.003,42.240,47.425,55.775,59.751,57.894,54.778,51.005,48.082,47.054,47.249,49.902,52.170,57.299,57.868,53.822,49.814,46.029,45.006,43.523
43.506,43.422,42.573,40.871,41.117,42.349,47.541,55.921,59.900,58.033,54.914,51.142,48.210,47.190,47.381,50.042,52.335,57.458,58.009,53.946,49.928,46.139,45.119,43.632
43.620,43.529,42.662,41.001,41.194,42.386,47.563,55.972,59.963,58.134,55.012,51.252,48.290,47.292,47.505,50.172,52.463,57.578,58.119,54.026,50.005,46.246,45.277,43.784
43.762,43.685,42.833,41.155,41.355,42.602,47.765,56.140,60.115,58.266,55.166,51.432,48.493,47.485,47.718,50.376,52.691,57.781,58.281,54.150,50.149,46.380,45.421,43.939
43.849,43.771,42.915,41.264,41.468,42.714,47.870,56.268,60.235,58.371,55.278,51.560,48.617,47.625,47.853,50.515,52.869,57.931,58.396,54.240,50.236,46.470,45.519,44.037
43.950,43.864,42.997,41.348,41.543,42.756,47.928,56.351,60.335,58.488,55.376,51.633,48.673,47.681,47.901,50.571,52.900,57.992,58.493,54.361,50.341,46.577,45.619,44.129
44.035,43.947,43.080,41.442,41.624,42.825,47.979,56.379,60.355,58.524,55.420,51.690,48.732,47.746,47.971,50.634,52.951,58.028,58.529,54.406,50.398,46.652,45.708,44.221
44.149,44.062,43.188,41.570,41.730,42.926,48.068,56.480,60.456,58.635,55.535,51.821,48.853,47.878,48.117,50.782,53.112,58.175,58.654,54.501,50.496,46.762,45.846,44.359
44.272,44.192,43.317,41.725,41.883,43.110,48.246,56.691,60.660,58.812,55.726,52.040,49.069,48.108,48.362,51.034,53.433,58.459,58.865,54.638,50.632,46.890,45.999,44.514
44.373,44.296,43.424,41.828,41.994,43.232,48.370,56.814,60.780,58.921,55.839,52.156,49.190,48.227,48.480,51.152,53.561,58.582,58.979,54.745,50.740,46.992,46.097,44.613
44.518,44.452,43.583,41.969,42.115,43.398,48.547,57.006,60.988,59.123,56.041,52.364,49.392,48.417,48.704,51.383,53.770,58.844,59.212,54.912,50.904,47.139,46.270,44.787
44.656,44.606,43.760,42.075,42.220,43.524,48.683,57.090,61.087,59.228,56.153,52.471,49.512,48.502,48.819,51.491,53.813,58.897,59.331,55.035,51.048,47.264,46.391,44.918
44.823,44.751,43.878,42.204,42.286,43.561,48.713,57.102,61.114,59.344,56.230,52.503,49.526,48.510,48.825,51.491,53.873,58.936,59.398,55.175,51.169,47.425,46.571,45.083
45.016,44.954,44.092,42.410,42.525,43.814,48.981,57.401,61.415,59.597,56.494,52.780,49.804,48.790,49.105,51.780,54.116,59.223,59.673,55.406,51.399,47.628,46.761,45.277
45.156,45.104,44.255,42.554,42.658,43.977,49.118,57.470,61.468,59.660,56.579,52.889,49.937,48.911,49.248,51.905,54.221,59.311,59.754,55.486,51.509,47.748,46.897,45.425
45.373,45.333,44.498,42.752,42.854,44.214,49.355,57.663,61.662,59.858,56.782,53.091,50.158,49.106,49.463,52.112,54.400,59.508,59.964,55.692,51.730,47.956,47.105,45.641
45.547,45.524,44.713,42.886,42.987,44.406,49.553,57.783,61.788,59.994,56.923,53.221,50.316,49.219,49.604,52.238,54.466,59.614,60.110,55.852,51.911,48.117,47.257,45.804
45.732,45.696,44.876,43.082,43.207,44.581,49.729,57.983,61.979,60.176,57.098,53.388,50.478,49.400,49.748,52.385,54.623,59.758,60.264,56.048,52.096,48.312,47.425,45.967
45.892,45.861,45.054,43.282,43.442,44.839,49.956,58.174,62.128,60.289,57.244,53.573,50.695,49.631,49.962,52.585,54.870,59.940,60.391,56.172,52.244,48.465,47.568,46.122
46.135,46.128,45.342,43.491,43.632,45.118,50.249,58.422,62.394,60.556,57.516,53.843,50.982,49.871,50.257,52.875,55.135,60.244,60.696,56.424,52.510,48.699,47.820,46.383
46.321,46.299,45.489,43.735,43.871,45.301,50.409,58.650,62.605,60.757,57.725,54.083,51.197,50.142,50.505,53.134,55.469,60.512,60.899,56.598,52.672,48.892,48.038,46.594
46.555,46.554,45.767,43.921,44.062,45.572,50.710,58.909,62.886,61.029,57.992,54.327,51.462,50.353,50.749,53.375,55.673,60.774,61.189,56.870,52.949,49.125,48.259,46.821
46.904,46.877,46.068,44.276,44.467,45.905,51.081,59.392,63.377,61.484,58.415,54.711,51.816,50.740,51.065,53.716,56.063,61.169,61.595,57.317,53.346,49.511,48.588,47.129
47.168,47.123,46.282,44.572,44.713,46.073,51.232,59.608,63.601,61.745,58.667,54.977,52.037,51.006,51.332,53.996,56.362,61.443,61.851,57.553,53.568,49.774,48.900,47.429
47.498,47.503,46.717,44.885,45.013,46.542,51.665,59.862,63.830,61.970,58.946,55.308,52.445,51.343,51.758,54.382,56.708,61.782,62.155,57.792,53.881,50.062,49.222,47.789
47.832,47.837,47.060,45.154,45.264,46.791,51.936,60.085,64.083,62.267,59.220,55.535,52.673,51.529,51.957,54.575,56.794,61.950,62.426,58.125,54.215,50.389,49.532,48.097
48.340,48.383,47.624,45.672,45.746,47.413,52.562,60.711,64.723,62.876,59.854,56.211,53.359,52.186,52.702,55.326,57.614,62.761,63.131,58.654,54.759,50.891,50.103,48.680
48.881,48.933,48.175,46.181,46.253,47.967,53.167,61.379,65.432,63.563,60.517,56.843,53.971,52.774,53.312,55.958,58.268,63.469,63.835,59.295,55.369,51.453,50.663,49.231
49.874,50.009,49.316,47.066,47.147,49.211,54.542,62.776,66.921,64.944,61.883,58.168,55.327,53.979,54.662,57.341,59.712,65.065,65.357,60.538,56.589,52.479,51.699,50.278
51.168,51.391,50.784,48.263,48.465,50.928,56.413,64.675,68.880,66.695,63.631,59.870,57.103,55.599,56.368,59.078,61.585,67.060,67.239,62.165,58.185,53.830,52.973,51.566
53.269,53.580,53.008,50.550,50.937,53.828,59.408,68.011,72.181,69.568,66.588,62.969,60.235,58.761,59.572,62.369,65.539,70.801,70.382,64.692,60.643,56.046,55.205,53.806
