5.883,2.460,4.155,4.923,8.346,15.625,23.024,34.461,41.573,41.313,42.450,43.401,47.418,46.730,38.513,36.151,34.197,32.005,40.517,41.339,31.311,19.504,18.399,11.644
14.189,11.812,13.060,14.123,16.934,22.519,30.124,40.910,47.625,47.199,47.906,48.197,49.841,48.944,44.088,42.083,40.101,38.907,45.844,46.094,36.764,27.315,25.082,18.523
17.890,15.347,16.404,17.223,19.488,24.140,31.896,43.020,49.991,49.780,49.409,49.835,53.531,52.219,46.308,43.718,42.067,43.298,48.079,47.453,38.504,30.822,27.358,21.430
19.704,17.473,18.488,19.413,21.596,25.858,33.616,44.354,51.133,50.814,50.468,50.699,53.660,52.318,47.219,44.908,43.116,44.188,48.860,48.210,39.592,32.417,28.894,22.982
20.491,18.420,19.406,20.389,22.535,26.628,34.375,44.929,51.605,51.236,50.926,51.057,53.895,52.419,47.613,45.434,43.588,44.551,49.199,48.553,40.067,33.099,29.562,23.646
21.188,19.065,19.930,20.848,22.965,27.259,34.679,45.210,51.732,51.485,51.289,51.497,53.948,52.466,48.317,45.952,44.416,45.385,50.012,49.471,40.804,33.530,30.152,24.360
21.680,19.549,20.450,21.356,23.458,27.666,35.106,45.569,52.095,51.829,51.568,51.781,54.231,52.933,48.551,46.228,44.629,45.656,50.203,49.619,41.092,33.980,30.578,24.832
22.089,19.916,20.864,21.744,23.822,27.927,35.435,45.898,52.479,52.201,51.815,52.050,55.143,53.713,48.757,46.444,44.775,45.977,50.372,49.698,41.304,34.403,30.909,25.213
22.441,20.253,21.204,22.073,24.145,28.246,35.735,46.182,52.758,52.485,52.086,52.334,55.525,54.088,49.043,46.723,45.061,46.288,50.656,49.975,41.607,34.725,31.237,25.567
22.740,20.539,21.502,22.356,24.411,28.465,35.950,46.368,52.943,52.670,52.224,52.482,55.900,54.422,49.185,46.868,45.193,46.334,50.757,50.069,41.772,34.986,31.475,25.846
22.995,20.842,21.878,22.765,24.858,28.849,36.392,46.672,53.230,52.885,52.467,52.685,56.384,54.827,49.237,47.083,45.244,46.481,50.781,50.071,41.942,35.241,31.800,26.134
23.191,21.080,22.108,23.015,25.101,29.053,36.614,46.872,53.419,53.059,52.651,52.839,56.409,54.852,49.396,47.272,45.416,46.489,50.906,50.219,42.100,35.441,31.983,26.299
23.426,21.352,22.378,23.303,25.369,29.231,36.871,47.151,53.729,53.351,52.894,53.049,56.665,55.055,49.602,47.497,45.601,46.746,51.096,50.358,42.262,35.733,32.179,26.476
23.528,21.469,22.512,23.453,25.526,29.359,37.058,47.349,53.953,53.553,53.085,53.223,56.728,55.140,49.733,47.661,45.713,46.846,51.211,50.460,42.381,35.890,32.310,26.576
23.714,21.688,22.702,23.652,25.721,29.570,37.217,47.473,54.030,53.637,53.217,53.340,56.799,55.207,49.900,47.829,45.921,46.984,51.389,50.671,42.564,36.026,32.482,26.748
23.834,21.854,22.884,23.865,25.955,29.791,37.467,47.675,54.217,53.791,53.415,53.502,56.924,55.276,50.011,48.015,46.046,46.994,51.477,50.781,42.709,36.166,32.657,26.878
24.036,22.025,23.075,24.035,26.105,29.885,37.580,47.785,54.351,53.926,53.475,53.583,57.192,55.552,50.074,48.068,46.078,47.135,51.522,50.788,42.777,36.354,32.795,27.061
24.213,22.246,23.296,24.274,26.351,30.116,37.796,47.934,54.461,54.017,53.609,53.689,57.241,55.582,50.171,48.219,46.206,47.160,51.603,50.891,42.919,36.498,32.979,27.232
24.330,22.356,23.425,24.402,26.492,30.265,37.941,48.051,54.573,54.120,53.721,53.805,57.402,55.751,50.254,48.326,46.287,47.194,51.674,50.974,43.034,36.605,33.118,27.371
24.443,22.475,23.535,24.514,26.598,30.365,38.042,48.160,54.682,54.233,53.831,53.911,57.455,55.809,50.375,48.439,46.411,47.335,51.800,51.096,43.143,36.720,33.220,27.472
24.563,22.584,23.638,24.609,26.677,30.424,38.108,48.248,54.784,54.343,53.907,53.995,57.615,55.953,50.476,48.516,46.494,47.500,51.897,51.133,43.223,36.842,33.303,27.573
24.741,22.732,23.806,24.753,26.807,30.516,38.189,48.297,54.836,54.398,53.909,54.019,57.897,56.246,50.485,48.523,46.500,47.503,51.904,51.173,43.264,36.975,33.423,27.744
24.901,22.892,23.968,24.911,26.974,30.712,38.335,48.396,54.898,54.463,54.009,54.125,57.941,56.277,50.592,48.644,46.625,47.574,52.002,51.272,43.419,37.082,33.592,27.926
25.078,23.144,24.222,25.174,27.227,30.943,38.547,48.580,55.055,54.574,54.179,54.263,57.955,56.310,50.657,48.837,46.728,47.632,52.024,51.351,43.575,37.236,33.801,28.118
25.142,23.165,24.246,25.231,27.326,31.040,38.672,48.610,55.061,54.618,54.199,54.278,57.978,56.312,50.776,48.838,46.832,47.826,52.186,51.461,43.609,37.293,33.832,28.137
25.255,23.299,24.351,25.313,27.375,31.106,38.691,48.695,55.134,54.695,54.295,54.380,57.985,56.318,50.890,48.971,46.967,47.886,52.299,51.602,43.744,37.388,33.934,28.258
25.380,23.435,24.479,25.438,27.488,31.200,38.751,48.713,55.146,54.704,54.303,54.389,57.997,56.321,50.901,48.989,46.998,47.918,52.305,51.611,43.784,37.459,34.015,28.365
25.452,23.488,24.554,25.510,27.566,31.271,38.856,48.832,55.281,54.834,54.410,54.502,58.220,56.561,50.984,49.080,47.056,47.995,52.379,51.668,43.864,37.563,34.106,28.451
25.578,23.621,24.696,25.652,27.712,31.405,38.981,48.919,55.353,54.898,54.479,54.569,58.307,56.654,51.035,49.155,47.114,48.020,52.417,51.713,43.947,37.664,34.227,28.580
25.723,23.783,24.849,25.808,27.860,31.539,39.092,48.998,55.407,54.952,54.542,54.624,58.329,56.663,51.108,49.237,47.204,48.098,52.486,51.788,44.038,37.773,34.345,28.709
25.832,23.891,24.956,25.908,27.945,31.594,39.143,49.038,55.445,54.993,54.557,54.641,58.392,56.724,51.137,49.261,47.231,48.175,52.510,51.792,44.071,37.861,34.411,28.797
25.944,23.990,25.071,26.015,28.065,31.736,39.254,49.107,55.495,55.040,54.622,54.719,58.548,56.883,51.190,49.333,47.293,48.180,52.556,51.859,44.172,37.935,34.539,28.939
26.049,24.104,25.199,26.155,28.214,31.872,39.429,49.284,55.688,55.217,54.798,54.882,58.723,57.073,51.318,49.489,47.410,48.270,52.672,51.973,44.298,38.076,34.672,29.049
26.181,24.246,25.329,26.287,28.349,32.032,39.551,49.386,55.762,55.297,54.911,54.993,58.768,57.079,51.450,49.620,47.565,48.377,52.811,52.138,44.446,38.177,34.809,29.187
26.311,24.376,25.466,26.420,28.477,32.138,39.646,49.447,55.812,55.342,54.946,55.030,58.838,57.176,51.481,49.665,47.599,48.416,52.831,52.152,44.504,38.275,34.913,29.309
26.397,24.475,25.557,26.514,28.563,32.207,39.719,49.520,55.882,55.413,55.012,55.088,58.840,57.182,51.553,49.735,47.674,48.508,52.903,52.217,44.567,38.360,34.981,29.378
26.501,24.577,25.657,26.608,28.646,32.267,39.771,49.559,55.916,55.450,55.030,55.109,58.851,57.187,51.585,49.763,47.707,48.578,52.931,52.231,44.606,38.441,35.048,29.465
26.589,24.698,25.772,26.738,28.779,32.393,39.889,49.645,55.978,55.502,55.112,55.170,58.911,57.249,51.648,49.855,47.790,48.598,52.988,52.307,44.687,38.516,35.143,29.546
26.683,24.783,25.852,26.810,28.843,32.453,39.935,49.689,56.019,55.550,55.148,55.215,58.922,57.256,51.708,49.900,47.851,48.692,53.051,52.362,44.748,38.591,35.212,29.633
26.783,24.879,25.946,26.903,28.939,32.563,40.044,49.812,56.145,55.680,55.283,55.353,59.019,57.372,51.849,50.033,47.991,48.829,53.198,52.513,44.880,38.700,35.323,29.739
26.888,24.963,26.028,26.969,28.998,32.631,40.080,49.839,56.163,55.711,55.303,55.392,59.121,57.478,51.903,50.067,48.048,48.919,53.257,52.569,44.947,38.768,35.401,29.848
26.974,25.067,26.133,27.083,29.117,32.745,40.196,49.936,56.249,55.788,55.398,55.473,59.136,57.500,51.978,50.163,48.132,48.960,53.326,52.646,45.034,38.852,35.497,29.932
27.065,25.159,26.227,27.175,29.196,32.787,40.254,49.992,56.315,55.852,55.430,55.504,59.269,57.604,52.008,50.194,48.152,49.034,53.347,52.650,45.058,38.942,35.554,30.002
27.173,25.244,26.343,27.284,29.308,32.872,40.378,50.119,56.472,55.997,55.534,55.618,59.686,57.963,52.070,50.272,48.183,49.101,53.390,52.662,45.128,39.074,35.665,30.119
27.290,25.367,26.471,27.414,29.443,33.011,40.505,50.219,56.558,56.078,55.630,55.711,59.689,58.046,52.154,50.373,48.276,49.153,53.469,52.753,45.237,39.173,35.789,30.245
27.391,25.450,26.551,27.485,29.512,33.090,40.587,50.332,56.686,56.216,55.753,55.846,59.751,58.051,52.297,50.490,48.408,49.329,53.621,52.895,45.358,39.287,35.887,30.348
27.481,25.542,26.640,27.573,29.590,33.146,40.649,50.394,56.751,56.282,55.801,55.893,59.769,58.124,52.353,50.542,48.461,49.418,53.675,52.933,45.408,39.374,35.952,30.421
27.573,25.670,26.752,27.701,29.719,33.278,40.763,50.484,56.812,56.338,55.896,55.966,59.863,58.166,52.447,50.653,48.582,49.475,53.770,53.053,45.510,39.451,36.049,30.503
27.693,25.800,26.850,27.796,29.804,33.383,40.818,50.537,56.835,56.380,55.962,56.033,59.885,58.225,52.575,50.751,48.738,49.635,53.919,53.218,45.632,39.530,36.141,30.607
27.782,25.877,26.923,27.861,29.870,33.471,40.881,50.599,56.888,56.443,56.032,56.114,59.910,58.235,52.668,50.829,48.837,49.732,54.020,53.327,45.731,39.600,36.229,30.706
27.880,25.991,27.046,27.994,30.003,33.573,41.012,50.718,57.013,56.553,56.134,56.202,59.946,58.271,52.734,50.923,48.897,49.783,54.072,53.371,45.801,39.713,36.328,30.794
27.966,26.088,27.140,28.094,30.106,33.683,41.117,50.815,57.103,56.640,56.237,56.298,60.023,58.292,52.831,51.028,49.002,49.858,54.169,53.479,45.903,39.798,36.424,30.882
28.029,26.147,27.211,28.169,30.196,33.791,41.234,50.931,57.222,56.752,56.365,56.426,60.057,58.417,52.933,51.145,49.101,49.910,54.267,53.591,46.013,39.877,36.525,30.967
28.127,26.217,27.273,28.216,30.252,33.910,41.303,51.010,57.288,56.838,56.477,56.561,60.086,58.518,53.090,51.269,49.269,50.057,54.445,53.796,46.177,39.948,36.642,31.096
28.232,26.339,27.374,28.326,30.359,34.030,41.424,51.158,57.434,56.990,56.646,56.720,60.118,58.520,53.279,51.442,49.467,50.252,54.649,54.007,46.336,40.073,36.755,31.191
28.318,26.422,27.471,28.422,30.457,34.112,41.513,51.227,57.505,57.053,56.699,56.774,60.250,58.659,53.310,51.491,49.492,50.271,54.667,54.019,46.385,40.152,36.838,31.279
28.426,26.510,27.560,28.498,30.536,34.219,41.585,51.289,57.555,57.114,56.767,56.859,60.329,58.784,53.402,51.569,49.590,50.363,54.765,54.130,46.496,40.229,36.945,31.405
28.501,26.599,27.644,28.591,30.628,34.303,41.684,51.396,57.665,57.219,56.877,56.958,60.359,58.788,53.503,51.676,49.693,50.459,54.867,54.231,46.585,40.321,37.025,31.472
28.616,26.729,27.749,28.703,30.734,34.419,41.792,51.527,57.789,57.353,57.026,57.098,60.396,58.823,53.683,51.834,49.884,50.658,55.063,54.432,46.735,40.442,37.134,31.570
28.729,26.844,27.871,28.826,30.859,34.535,41.913,51.636,57.898,57.456,57.127,57.197,60.478,58.927,53.769,51.933,49.969,50.734,55.142,54.511,46.832,40.554,37.249,31.686
28.836,26.947,27.970,28.919,30.950,34.635,41.990,51.702,57.952,57.516,57.192,57.268,60.521,58.983,53.854,52.010,50.062,50.824,55.230,54.605,46.926,40.636,37.345,31.793
28.965,27.082,28.105,29.059,31.098,34.799,42.143,51.843,58.082,57.644,57.343,57.416,60.563,59.062,53.997,52.163,50.214,50.931,55.374,54.767,47.082,40.759,37.494,31.934
29.108,27.243,28.236,29.196,31.219,34.909,42.255,51.988,58.229,57.801,57.496,57.558,60.602,59.080,54.190,52.327,50.414,51.182,55.583,54.964,47.231,40.915,37.609,32.043
29.214,27.370,28.368,29.345,31.388,35.100,42.454,52.174,58.406,57.964,57.702,57.748,60.630,59.147,54.356,52.525,50.591,51.259,55.745,55.158,47.410,41.039,37.770,32.170
29.313,27.476,28.473,29.461,31.518,35.263,42.622,52.355,58.587,58.142,57.911,57.950,60.718,59.256,54.550,52.726,50.790,51.398,55.946,55.381,47.597,41.164,37.917,32.288
29.452,27.599,28.575,29.550,31.595,35.357,42.691,52.456,58.688,58.265,58.025,58.079,60.731,59.319,54.725,52.853,50.967,51.638,56.141,55.570,47.745,41.291,38.029,32.418
29.560,27.725,28.698,29.680,31.732,35.506,42.812,52.537,58.740,58.312,58.108,58.153,60.781,59.342,54.801,52.951,51.066,51.664,56.214,55.670,47.852,41.368,38.147,32.532
29.743,27.872,28.844,29.799,31.831,35.587,42.877,52.616,58.829,58.420,58.164,58.236,61.004,59.569,54.907,53.015,51.157,51.872,56.325,55.746,47.950,41.522,38.266,32.700
29.882,27.988,28.955,29.892,31.904,35.643,42.919,52.669,58.888,58.495,58.198,58.288,61.177,59.727,54.983,53.058,51.224,52.034,56.405,55.798,48.017,41.637,38.351,32.821
30.001,28.094,29.068,29.999,32.012,35.752,43.027,52.777,59.001,58.609,58.302,58.401,61.377,59.917,55.087,53.159,51.321,52.144,56.507,55.895,48.127,41.752,38.468,32.947
30.126,28.237,29.209,30.155,32.180,35.932,43.231,52.997,59.227,58.827,58.544,58.627,61.485,60.036,55.303,53.389,51.539,52.314,56.726,56.128,48.327,41.917,38.635,33.079
30.230,28.319,29.292,30.229,32.254,36.023,43.324,53.119,59.367,58.975,58.679,58.777,61.701,60.248,55.454,53.516,51.677,52.487,56.885,56.279,48.461,42.035,38.745,33.193
30.364,28.445,29.416,30.349,32.371,36.142,43.442,53.247,59.498,59.112,58.808,58.911,61.850,60.397,55.595,53.645,51.815,52.646,57.030,56.419,48.595,42.169,38.872,33.326
30.530,28.582,29.525,30.433,32.432,36.218,43.473,53.314,59.562,59.210,58.880,59.010,61.919,60.490,55.761,53.741,51.983,52.924,57.223,56.594,48.732,42.300,38.978,33.474
30.707,28.750,29.674,30.564,32.536,36.297,43.512,53.343,59.575,59.243,58.883,59.025,61.947,60.523,55.829,53.773,52.060,53.094,57.298,56.646,48.799,42.421,39.073,33.617
30.833,28.874,29.822,30.722,32.714,36.488,43.736,53.566,59.813,59.464,59.116,59.254,62.065,60.660,56.005,53.981,52.224,53.195,57.463,56.823,48.986,42.584,39.257,33.772
30.997,29.088,30.000,30.920,32.898,36.648,43.891,53.720,59.945,59.596,59.271,59.378,62.259,60.817,56.182,54.157,52.427,53.391,57.649,57.013,49.138,42.744,39.393,33.892
31.149,29.232,30.168,31.092,33.069,36.777,44.096,53.960,60.235,59.870,59.496,59.599,62.530,61.059,56.356,54.344,52.561,53.585,57.807,57.131,49.283,42.965,39.555,34.037
31.272,29.336,30.283,31.199,33.181,36.902,44.223,54.094,60.379,60.016,59.635,59.749,62.778,61.297,56.491,54.474,52.686,53.716,57.942,57.265,49.421,43.093,39.690,34.176
31.410,29.464,30.407,31.319,33.306,37.054,44.358,54.238,60.520,60.164,59.796,59.918,62.908,61.445,56.667,54.637,52.866,53.884,58.127,57.462,49.597,43.227,39.840,34.328
31.551,29.613,30.567,31.496,33.495,37.237,44.614,54.548,60.873,60.502,60.127,60.234,63.242,61.752,56.948,54.930,53.121,54.135,58.406,57.729,49.832,43.459,40.035,34.474
31.713,29.807,30.764,31.724,33.742,37.489,44.933,54.905,61.257,60.863,60.516,60.591,63.460,61.969,57.275,55.286,53.438,54.385,58.731,58.066,50.120,43.711,40.272,34.642
31.922,30.054,31.000,31.991,34.043,37.858,45.300,55.275,61.608,61.202,60.950,60.997,63.478,62.055,57.673,55.714,53.866,54.638,59.143,58.544,50.516,43.958,40.586,34.887
32.079,30.181,31.119,32.098,34.149,37.999,45.435,55.461,61.812,61.424,61.163,61.230,63.722,62.311,57.926,55.921,54.106,54.888,59.415,58.811,50.736,44.134,40.750,35.056
32.230,30.371,31.341,32.349,34.432,38.279,45.741,55.699,62.033,61.605,61.395,61.431,63.910,62.486,58.048,56.137,54.241,54.927,59.505,58.942,50.918,44.298,40.978,35.239
32.455,30.546,31.546,32.538,34.630,38.481,45.992,56.002,62.391,61.963,61.705,61.767,64.580,63.101,58.335,56.407,54.481,55.197,59.789,59.195,51.181,44.580,41.228,35.490
32.710,30.779,31.779,32.763,34.859,38.740,46.249,56.291,62.695,62.276,62.015,62.092,64.935,63.461,58.662,56.709,54.798,55.531,60.127,59.533,51.491,44.851,41.501,35.763
32.902,30.966,31.982,32.982,35.101,39.006,46.589,56.699,63.154,62.721,62.467,62.535,65.399,63.907,59.059,57.112,55.164,55.871,60.528,59.935,51.839,45.150,41.780,35.983
33.209,31.301,32.313,33.356,35.521,39.508,47.172,57.384,63.883,63.432,63.256,63.291,65.781,64.358,59.780,57.845,55.875,56.440,61.272,60.727,52.481,45.615,42.257,36.338
33.475,31.599,32.577,33.645,35.831,39.896,47.542,57.790,64.271,63.826,63.736,63.750,65.783,64.423,60.277,58.331,56.403,56.851,61.801,61.314,52.944,45.917,42.602,36.624
33.804,31.909,32.847,33.891,36.059,40.168,47.712,57.952,64.388,63.983,63.911,63.952,65.807,64.492,60.570,58.558,56.730,57.219,62.126,61.657,53.243,46.154,42.871,36.944
34.202,32.413,33.433,34.588,36.850,40.941,48.752,59.031,65.561,65.035,65.053,64.982,66.748,65.374,61.364,59.556,57.474,57.618,62.858,62.436,54.001,46.855,43.575,37.410
34.659,32.869,33.978,35.173,37.507,41.614,49.595,59.913,66.535,65.940,65.976,65.878,68.007,66.534,62.058,60.363,58.100,58.070,63.508,63.102,54.693,47.506,44.244,37.959
35.290,33.578,34.699,35.979,38.405,42.639,50.727,61.111,67.760,67.109,67.321,67.149,68.666,67.270,63.233,61.633,59.287,58.884,64.694,64.405,55.819,48.343,45.174,38.684
35.762,33.979,35.098,36.349,38.769,43.046,51.156,61.657,68.370,67.751,67.908,67.780,69.489,68.077,63.880,62.191,59.889,59.634,65.373,65.047,56.389,48.877,45.652,39.174
36.384,34.696,35.773,37.096,39.550,43.879,52.064,62.648,69.371,68.728,69.001,68.797,69.763,68.439,64.915,63.254,60.950,60.513,66.437,66.173,57.330,49.648,46.421,39.795
37.229,35.580,36.732,38.167,40.689,44.954,53.670,64.653,71.706,70.958,71.144,70.840,72.109,70.569,66.716,65.114,62.545,62.170,68.221,67.844,58.790,51.145,47.609,40.660
38.515,36.572,37.714,38.982,41.537,46.189,54.534,65.558,72.544,71.956,72.192,72.125,73.684,72.330,68.114,66.246,63.969,63.653,69.738,69.471,60.286,52.164,48.913,42.169
41.647,39.141,40.078,41.071,43.687,49.329,57.064,68.708,75.716,75.540,75.957,76.328,76.972,76.217,72.806,70.107,68.684,68.678,74.866,74.825,64.693,55.174,52.264,45.705
