-4.388,-11.911,-13.316,-16.079,-14.687,-12.485,-11.259,-5.601,-1.441,3.537,2.628,2.929,2.652,-0.896,-2.115,-2.859,-1.676,1.531,7.837,3.130,-5.331,-8.650,-7.232,-14.484
0.012,-6.929,-8.419,-11.175,-10.453,-8.065,-6.394,-0.930,3.474,7.907,7.328,8.076,7.672,4.729,3.570,3.065,4.444,6.639,11.843,7.277,-0.347,-2.436,-1.251,-8.756
1.995,-4.561,-6.088,-8.513,-8.008,-5.773,-4.053,1.410,5.817,10.102,9.757,10.322,9.823,6.872,5.630,5.204,6.591,8.519,13.558,9.053,1.795,-0.176,1.082,-6.474
4.392,-1.608,-3.273,-5.169,-4.816,-2.691,-1.021,4.330,8.662,12.815,12.687,12.848,12.185,9.094,7.738,7.407,8.749,10.714,15.349,11.223,4.270,1.980,3.433,-3.955
5.473,-0.354,-2.055,-3.857,-3.550,-1.407,0.257,5.505,9.800,13.872,13.774,13.891,13.192,10.135,8.782,8.485,9.816,11.780,16.175,12.219,5.380,3.063,4.529,-2.744
6.923,1.142,-0.467,-2.359,-1.989,0.127,1.726,6.792,10.936,14.910,14.727,14.943,14.317,11.397,10.132,9.813,11.099,13.049,17.376,13.499,6.784,4.572,5.937,-1.075
8.084,2.493,0.852,-0.927,-0.573,1.549,3.111,8.045,12.116,16.009,15.841,15.983,15.326,12.425,11.167,10.875,12.132,14.133,18.218,14.550,7.946,5.642,7.028,0.194
9.113,3.648,1.997,0.217,0.565,2.743,4.288,9.059,13.061,16.860,16.658,16.837,16.179,13.372,12.161,11.890,13.130,15.153,18.963,15.486,8.979,6.688,8.038,1.394
9.638,4.117,2.570,0.666,1.022,3.144,4.689,9.427,13.376,17.122,16.889,17.205,16.620,13.931,12.775,12.481,13.716,15.593,19.520,15.921,9.511,7.464,8.711,2.102
10.418,5.047,3.461,1.699,2.054,4.157,5.657,10.329,14.226,17.944,17.738,17.927,17.303,14.565,13.388,13.111,14.318,16.280,20.077,16.633,10.276,8.064,9.369,2.876
10.917,5.669,4.031,2.375,2.716,4.837,6.318,10.934,14.810,18.503,18.319,18.420,17.754,14.984,13.790,13.536,14.729,16.763,20.398,17.102,10.775,8.434,9.786,3.372
11.784,6.642,5.026,3.436,3.818,5.891,7.302,11.812,15.582,19.230,19.029,19.067,18.410,15.644,14.466,14.207,15.356,17.454,21.033,17.851,11.599,9.168,10.524,4.295
12.260,7.183,5.544,4.011,4.422,6.505,7.874,12.326,16.052,19.693,19.477,19.450,18.779,15.985,14.807,14.551,15.676,17.873,21.365,18.299,12.043,9.478,10.863,4.739
12.722,7.734,6.079,4.614,5.012,7.086,8.440,12.847,16.545,20.156,19.958,19.882,19.192,16.394,15.209,14.967,16.080,18.294,21.697,18.713,12.508,9.895,11.299,5.238
12.995,8.048,6.358,4.916,5.306,7.422,8.779,13.155,16.859,20.459,20.260,20.168,19.457,16.656,15.470,15.241,16.356,18.612,21.900,18.998,12.785,10.119,11.539,5.507
13.461,8.549,6.877,5.416,5.809,7.928,9.275,13.587,17.253,20.811,20.594,20.535,19.837,17.088,15.928,15.700,16.805,19.046,22.267,19.410,13.250,10.627,12.016,6.063
13.902,9.053,7.357,5.976,6.418,8.530,9.817,14.078,17.688,21.256,21.024,20.864,20.151,17.341,16.172,15.942,17.014,19.391,22.561,19.822,13.639,10.824,12.260,6.422
14.278,9.461,7.795,6.413,6.864,8.946,10.212,14.429,17.992,21.528,21.288,21.138,20.442,17.664,16.512,16.277,17.334,19.689,22.861,20.133,14.008,11.226,12.639,6.870
14.515,9.741,8.052,6.693,7.138,9.245,10.510,14.693,18.252,21.773,21.532,21.367,20.656,17.880,16.729,16.505,17.560,19.945,23.022,20.364,14.247,11.426,12.850,7.118
14.784,10.016,8.344,6.962,7.410,9.516,10.777,14.930,18.468,21.969,21.715,21.579,20.881,18.138,17.004,16.778,17.828,20.196,23.256,20.606,14.515,11.735,13.135,7.439
15.157,10.383,8.762,7.344,7.820,9.888,11.120,15.233,18.715,22.191,21.911,21.809,21.148,18.446,17.340,17.097,18.131,20.473,23.585,20.914,14.868,12.144,13.505,7.881
15.371,10.634,8.995,7.588,8.048,10.142,11.383,15.470,18.955,22.411,22.135,22.035,21.361,18.673,17.569,17.339,18.376,20.721,23.743,21.124,15.095,12.368,13.731,8.126
15.547,10.838,9.189,7.790,8.236,10.345,11.592,15.658,19.143,22.581,22.309,22.213,21.532,18.859,17.758,17.536,18.575,20.915,23.875,21.290,15.281,12.561,13.922,8.333
15.879,11.231,9.574,8.190,8.575,10.691,11.975,16.026,19.489,22.888,22.597,22.506,21.838,19.200,18.123,17.899,18.918,21.268,24.166,21.593,15.665,12.975,14.317,8.780
15.973,11.315,9.685,8.290,8.752,10.849,12.069,16.061,19.530,22.921,22.685,22.614,21.919,19.292,18.192,17.992,19.046,21.296,24.171,21.646,15.693,13.045,14.392,8.834
16.055,11.437,9.794,8.439,8.815,10.893,12.169,16.222,19.710,23.089,22.871,22.781,22.088,19.459,18.353,18.153,19.201,21.421,24.322,21.734,15.847,13.244,14.593,8.987
16.080,11.490,9.828,8.529,8.876,10.935,12.224,16.314,19.826,23.212,23.034,22.900,22.184,19.522,18.390,18.199,19.254,21.454,24.369,21.766,15.892,13.271,14.650,8.991
16.195,11.620,9.941,8.617,8.886,11.007,12.345,16.464,19.992,23.362,23.197,23.076,22.351,19.705,18.573,18.392,19.456,21.628,24.494,21.902,16.048,13.461,14.836,9.138
16.214,11.643,9.951,8.654,8.913,11.012,12.372,16.482,20.047,23.426,23.294,23.166,22.429,19.769,18.618,18.444,19.523,21.645,24.545,21.904,16.056,13.506,14.892,9.161
16.222,11.646,9.952,8.661,8.950,11.037,12.377,16.514,20.112,23.481,23.356,23.261,22.515,19.877,18.727,18.564,19.660,21.750,24.596,21.955,16.110,13.608,14.985,9.194
16.261,11.667,9.972,8.674,8.996,11.070,12.410,16.527,20.136,23.507,23.358,23.289,22.541,19.920,18.783,18.624,19.724,21.855,24.622,22.027,16.143,13.623,14.992,9.219
16.841,12.358,10.671,9.445,9.736,11.794,13.099,17.162,20.678,24.018,23.886,23.719,22.973,20.322,19.177,19.013,20.072,22.229,25.024,22.486,16.694,14.089,15.483,9.836
16.964,12.478,10.798,9.557,9.855,11.915,13.217,17.266,20.772,24.105,23.963,23.810,23.071,20.433,19.298,19.131,20.187,22.344,25.133,22.599,16.812,14.219,15.603,9.974
17.135,12.713,11.011,9.830,10.095,12.150,13.460,17.506,21.021,24.337,24.229,24.037,23.274,20.624,19.472,19.321,20.379,22.521,25.254,22.755,17.006,14.397,15.802,10.168
17.275,12.857,11.172,9.991,10.259,12.290,13.593,17.636,21.135,24.443,24.338,24.147,23.393,20.751,19.602,19.447,20.500,22.623,25.386,22.870,17.144,14.556,15.954,10.330
17.488,13.111,11.405,10.253,10.531,12.582,13.868,17.874,21.355,24.656,24.542,24.322,23.556,20.904,19.756,19.607,20.651,22.829,25.513,23.075,17.345,14.687,16.100,10.533
17.646,13.338,11.602,10.519,10.759,12.808,14.107,18.115,21.612,24.899,24.825,24.558,23.761,21.090,19.921,19.790,20.839,23.006,25.623,23.225,17.529,14.846,16.287,10.704
17.734,13.442,11.697,10.624,10.849,12.906,14.214,18.221,21.726,25.005,24.941,24.672,23.867,21.200,20.027,19.903,20.957,23.113,25.699,23.314,17.628,14.951,16.396,10.806
17.882,13.618,11.870,10.821,11.042,13.090,14.392,18.389,21.884,25.155,25.099,24.812,24.002,21.330,20.154,20.033,21.081,23.241,25.812,23.445,17.777,15.085,16.537,10.964
18.021,13.784,12.030,11.005,11.218,13.261,14.561,18.552,22.045,25.308,25.262,24.958,24.140,21.464,20.283,20.167,21.214,23.372,25.921,23.572,17.921,15.219,16.679,11.113
18.095,13.846,12.112,11.070,11.273,13.295,14.604,18.608,22.103,25.358,25.320,25.039,24.232,21.574,20.396,20.277,21.328,23.435,26.030,23.633,18.006,15.369,16.812,11.223
18.195,13.975,12.223,11.206,11.399,13.433,14.744,18.739,22.238,25.488,25.458,25.158,24.338,21.672,20.488,20.378,21.429,23.550,26.094,23.734,18.112,15.447,16.903,11.321
18.303,14.091,12.338,11.338,11.541,13.567,14.866,18.857,22.345,25.601,25.570,25.248,24.425,21.744,20.557,20.444,21.489,23.633,26.184,23.836,18.209,15.508,16.974,11.409
18.359,14.126,12.393,11.372,11.574,13.580,14.883,18.888,22.375,25.629,25.599,25.299,24.490,21.823,20.640,20.522,21.569,23.674,26.279,23.883,18.270,15.621,17.071,11.488
18.526,14.338,12.580,11.616,11.816,13.826,15.116,19.113,22.596,25.854,25.837,25.480,24.650,21.947,20.749,20.638,21.678,23.830,26.389,24.050,18.432,15.698,17.182,11.619
18.617,14.438,12.674,11.722,11.909,13.915,15.215,19.223,22.717,25.973,25.970,25.607,24.770,22.064,20.859,20.752,21.797,23.934,26.490,24.144,18.533,15.809,17.298,11.714
18.724,14.564,12.790,11.850,12.029,14.046,15.347,19.344,22.838,26.087,26.086,25.719,24.874,22.170,20.965,20.864,21.909,24.051,26.567,24.248,18.644,15.911,17.403,11.830
18.830,14.689,12.908,11.973,12.143,14.169,15.475,19.459,22.954,26.191,26.194,25.829,24.979,22.285,21.081,20.986,22.032,24.170,26.648,24.348,18.758,16.031,17.522,11.957
18.906,14.758,12.973,12.009,12.170,14.225,15.545,19.516,23.021,26.248,26.241,25.911,25.063,22.396,21.203,21.112,22.166,24.292,26.721,24.434,18.844,16.151,17.627,12.061
19.034,14.902,13.118,12.156,12.306,14.359,15.686,19.648,23.154,26.367,26.366,26.043,25.194,22.540,21.349,21.262,22.318,24.424,26.833,24.550,18.982,16.313,17.783,12.220
19.101,14.964,13.167,12.203,12.351,14.422,15.755,19.723,23.241,26.461,26.460,26.136,25.280,22.620,21.426,21.342,22.403,24.522,26.909,24.638,19.051,16.367,17.844,12.269
19.204,15.094,13.292,12.366,12.501,14.553,15.885,19.863,23.383,26.600,26.621,26.267,25.401,22.725,21.518,21.439,22.498,24.606,27.002,24.729,19.161,16.466,17.957,12.371
19.320,15.240,13.421,12.512,12.632,14.700,16.039,20.004,23.530,26.736,26.764,26.404,25.525,22.852,21.643,21.573,22.636,24.746,27.083,24.844,19.288,16.584,18.082,12.503
19.392,15.319,13.489,12.565,12.662,14.758,16.120,20.078,23.624,26.815,26.847,26.515,25.630,22.982,21.778,21.717,22.791,24.877,27.153,24.928,19.381,16.718,18.206,12.611
19.484,15.419,13.587,12.666,12.749,14.845,16.217,20.180,23.734,26.920,26.962,26.634,25.745,23.103,21.896,21.840,22.919,24.983,27.250,25.019,19.485,16.844,18.331,12.720
19.596,15.538,13.710,12.802,12.893,14.974,16.335,20.297,23.840,27.028,27.072,26.727,25.840,23.187,21.978,21.919,22.992,25.065,27.351,25.120,19.590,16.931,18.423,12.824
19.725,15.663,13.842,12.940,13.047,15.115,16.461,20.421,23.949,27.143,27.180,26.822,25.939,23.275,22.066,22.001,23.066,25.159,27.472,25.241,19.704,17.018,18.514,12.934
19.867,15.832,14.010,13.160,13.271,15.306,16.634,20.604,24.119,27.321,27.376,26.963,26.072,23.372,22.146,22.081,23.136,25.246,27.594,25.366,19.838,17.098,18.620,13.046
19.980,15.975,14.133,13.328,13.433,15.466,16.790,20.765,24.283,27.491,27.561,27.105,26.196,23.466,22.225,22.166,23.218,25.354,27.681,25.482,19.951,17.155,18.702,13.129
20.026,15.990,14.154,13.335,13.457,15.486,16.802,20.791,24.309,27.534,27.593,27.139,26.238,23.497,22.257,22.189,23.239,25.391,27.763,25.542,19.983,17.175,18.722,13.141
20.090,16.029,14.217,13.373,13.496,15.504,16.824,20.826,24.342,27.566,27.625,27.195,26.309,23.583,22.348,22.273,23.326,25.438,27.869,25.597,20.051,17.297,18.827,13.228
20.184,16.116,14.297,13.474,13.614,15.614,16.919,20.936,24.448,27.695,27.753,27.287,26.397,23.636,22.390,22.310,23.356,25.509,27.973,25.703,20.128,17.310,18.861,13.262
20.254,16.165,14.354,13.499,13.633,15.643,16.960,20.979,24.500,27.742,27.794,27.364,26.481,23.743,22.506,22.425,23.478,25.606,28.070,25.780,20.206,17.437,18.970,13.356
20.394,16.293,14.484,13.603,13.750,15.776,17.090,21.091,24.606,27.845,27.878,27.468,26.593,23.869,22.643,22.560,23.612,25.754,28.199,25.923,20.338,17.570,19.092,13.500
20.519,16.420,14.605,13.727,13.886,15.922,17.227,21.215,24.723,27.967,27.990,27.571,26.693,23.962,22.738,22.654,23.701,25.876,28.301,26.051,20.451,17.647,19.175,13.606
20.674,16.605,14.765,13.907,14.065,16.129,17.432,21.394,24.901,28.139,28.158,27.722,26.830,24.094,22.869,22.793,23.838,26.053,28.398,26.212,20.603,17.750,19.291,13.751
20.771,16.689,14.862,13.986,14.143,16.200,17.505,21.471,24.976,28.211,28.227,27.810,26.928,24.205,22.985,22.906,23.953,26.144,28.513,26.302,20.703,17.886,19.413,13.867
20.809,16.732,14.905,14.064,14.206,16.231,17.542,21.548,25.068,28.314,28.361,27.911,27.020,24.268,23.028,22.951,24.000,26.167,28.594,26.343,20.752,17.933,19.479,13.885
20.917,16.835,15.004,14.149,14.301,16.344,17.651,21.641,25.155,28.401,28.432,27.993,27.103,24.359,23.127,23.048,24.096,26.285,28.684,26.456,20.852,18.019,19.561,13.989
21.113,17.046,15.202,14.344,14.505,16.577,17.878,21.834,25.340,28.578,28.593,28.155,27.262,24.525,23.301,23.226,24.270,26.497,28.826,26.654,21.040,18.174,19.716,14.185
21.231,17.167,15.323,14.473,14.628,16.692,17.996,21.961,25.470,28.709,28.731,28.289,27.393,24.652,23.424,23.350,24.395,26.612,28.953,26.770,21.162,18.302,19.847,14.304
21.345,17.285,15.449,14.637,14.808,16.832,18.113,22.098,25.592,28.849,28.882,28.390,27.494,24.712,23.469,23.387,24.421,26.659,29.075,26.873,21.259,18.345,19.912,14.371
21.487,17.449,15.602,14.821,14.996,17.017,18.287,22.266,25.753,29.013,29.051,28.526,27.621,24.820,23.569,23.489,24.518,26.783,29.183,27.010,21.394,18.432,20.016,14.492
21.617,17.601,15.740,14.993,15.169,17.186,18.449,22.431,25.916,29.183,29.230,28.669,27.752,24.925,23.663,23.587,24.611,26.903,29.291,27.142,21.520,18.507,20.112,14.593
21.840,17.823,15.970,15.185,15.405,17.436,18.676,22.631,26.088,29.355,29.381,28.815,27.907,25.080,23.827,23.743,24.755,27.085,29.474,27.349,21.718,18.670,20.272,14.805
21.914,17.851,15.996,15.218,15.421,17.462,18.710,22.655,26.123,29.398,29.391,28.871,27.973,25.167,23.932,23.844,24.861,27.214,29.576,27.458,21.784,18.747,20.331,14.867
22.017,17.942,16.085,15.234,15.448,17.539,18.801,22.726,26.202,29.464,29.442,28.968,28.074,25.303,24.083,23.999,25.024,27.365,29.675,27.569,21.895,18.901,20.462,15.005
22.183,18.115,16.261,15.403,15.624,17.719,18.975,22.881,26.344,29.598,29.566,29.099,28.209,25.450,24.238,24.153,25.174,27.522,29.811,27.724,22.057,19.062,20.616,15.186
22.328,18.279,16.401,15.552,15.762,17.889,19.155,23.046,26.522,29.770,29.738,29.269,28.365,25.607,24.394,24.318,25.344,27.712,29.926,27.885,22.209,19.191,20.754,15.329
22.436,18.373,16.500,15.633,15.850,17.981,19.246,23.135,26.609,29.859,29.818,29.363,28.465,25.715,24.507,24.429,25.454,27.822,30.043,27.995,22.313,19.306,20.861,15.439
22.588,18.498,16.647,15.742,15.961,18.087,19.356,23.244,26.714,29.957,29.906,29.489,28.609,25.885,24.691,24.607,25.634,27.971,30.222,28.139,22.466,19.518,21.048,15.623
22.835,18.749,16.909,15.981,16.185,18.313,19.595,23.472,26.941,30.164,30.114,29.732,28.859,26.170,24.987,24.905,25.938,28.231,30.465,28.371,22.729,19.847,21.354,15.929
22.976,18.924,17.064,16.207,16.400,18.505,19.781,23.687,27.166,30.405,30.387,29.936,29.039,26.297,25.085,25.008,26.039,28.351,30.604,28.517,22.873,19.921,21.470,16.018
23.189,19.136,17.286,16.438,16.639,18.722,19.989,23.900,27.368,30.610,30.595,30.131,29.239,26.488,25.273,25.192,26.217,28.529,30.818,28.717,23.078,20.119,21.671,16.224
23.311,19.270,17.390,16.535,16.722,18.855,20.139,24.033,27.523,30.758,30.738,30.289,29.382,26.643,25.431,25.362,26.397,28.725,30.918,28.867,23.212,20.245,21.798,16.351
23.671,19.695,17.763,16.923,17.094,19.306,20.601,24.430,27.927,31.133,31.102,30.653,29.717,26.999,25.795,25.749,26.788,29.172,31.150,29.239,23.583,20.561,22.124,16.735
23.876,19.876,17.965,17.069,17.263,19.491,20.777,24.567,28.039,31.232,31.165,30.766,29.853,27.175,25.999,25.945,26.978,29.368,31.331,29.429,23.773,20.785,22.314,16.977
24.000,20.009,18.104,17.231,17.403,19.601,20.897,24.717,28.202,31.394,31.356,30.943,30.026,27.340,26.150,26.099,27.137,29.480,31.491,29.545,23.915,20.959,22.495,17.114
24.137,20.140,18.224,17.357,17.508,19.712,21.028,24.876,28.389,31.588,31.567,31.154,30.227,27.533,26.333,26.288,27.337,29.659,31.671,29.706,24.069,21.130,22.673,17.242
24.357,20.390,18.447,17.582,17.693,19.935,21.284,25.124,28.668,31.845,31.840,31.449,30.503,27.834,26.633,26.606,27.672,29.962,31.874,29.939,24.323,21.425,22.964,17.509
24.570,20.618,18.659,17.844,17.953,20.177,21.521,25.390,28.944,32.141,32.157,31.711,30.749,28.033,26.809,26.784,27.848,30.161,32.099,30.164,24.534,21.573,23.147,17.666
24.874,20.913,18.961,18.121,18.226,20.460,21.810,25.671,29.226,32.414,32.423,32.005,31.050,28.357,27.142,27.118,28.185,30.480,32.407,30.467,24.843,21.919,23.476,17.997
25.117,21.163,19.187,18.368,18.462,20.712,22.072,25.949,29.528,32.726,32.748,32.310,31.337,28.624,27.396,27.379,28.453,30.762,32.663,30.737,25.094,22.139,23.716,18.209
25.580,21.637,19.651,18.830,18.963,21.239,22.569,26.392,29.936,33.135,33.120,32.669,31.698,28.981,27.767,27.746,28.803,31.199,33.038,31.193,25.521,22.480,24.060,18.642
26.045,22.120,20.102,19.259,19.379,21.724,23.073,26.855,30.414,33.595,33.562,33.144,32.160,29.475,28.274,28.267,29.334,31.754,33.448,31.681,25.998,22.954,24.527,19.133
26.669,22.771,20.661,19.824,19.957,22.439,23.796,27.517,31.107,34.299,34.228,33.794,32.766,30.063,28.865,28.880,29.953,32.531,33.967,32.390,26.607,23.398,25.006,19.669
27.237,23.377,21.135,20.358,20.490,23.120,24.494,28.197,31.856,35.091,35.008,34.497,33.393,30.615,29.388,29.435,30.522,33.294,34.465,33.090,27.166,23.709,25.399,20.063
27.578,23.620,21.263,20.481,20.593,23.356,24.796,28.615,32.424,35.761,35.686,35.148,33.981,31.107,29.831,29.896,31.031,33.914,35.017,33.655,27.522,23.921,25.684,20.159
29.035,24.812,22.239,21.003,21.099,24.477,26.123,29.813,33.882,37.239,36.939,36.833,35.625,32.975,31.818,31.941,33.199,36.290,36.606,35.553,29.027,25.503,27.152,21.555
