-29.075,-31.904,-34.727,-36.375,-35.442,-29.170,-12.458,-3.023,-3.481,-9.181,-10.482,-11.342,-14.258,-17.992,-17.032,-10.645,-4.112,1.148,5.807,8.643,-0.085,-5.607,-12.145,-17.739
-21.703,-24.244,-27.380,-29.012,-27.735,-21.586,-6.627,3.514,2.548,-1.930,-4.669,-5.432,-8.629,-11.918,-10.714,-6.775,-0.688,5.716,9.685,11.701,5.174,-0.380,-5.406,-11.187
-19.078,-21.672,-24.584,-26.097,-24.940,-18.700,-4.601,5.374,4.282,-0.248,-2.758,-3.593,-6.657,-9.909,-8.787,-4.601,1.171,7.272,11.037,13.257,6.886,1.986,-2.818,-8.636
-16.830,-19.408,-22.204,-23.660,-22.557,-16.385,-2.797,6.969,5.813,1.438,-1.080,-1.934,-4.956,-8.170,-7.102,-3.144,2.493,8.557,12.224,14.412,8.366,3.726,-0.670,-6.622
-15.491,-18.059,-20.772,-22.196,-21.137,-15.029,-1.686,7.899,6.738,2.418,-0.039,-0.900,-3.877,-7.072,-6.046,-2.131,3.432,9.405,13.033,15.223,9.283,4.789,0.559,-5.422
-14.401,-16.856,-19.637,-21.055,-19.941,-13.962,-0.709,8.877,7.839,3.423,1.138,0.349,-2.509,-5.542,-4.441,-0.198,5.154,10.787,14.265,16.458,10.271,5.721,0.845,-4.398
-13.107,-15.555,-18.251,-19.640,-18.571,-12.661,0.338,9.729,8.663,4.370,2.072,1.270,-1.571,-4.603,-3.553,0.489,5.803,11.443,14.901,17.054,11.086,6.664,2.130,-3.281
-11.804,-14.197,-16.844,-18.233,-17.190,-11.478,1.474,10.559,9.543,5.445,3.099,2.322,-0.514,-3.531,-2.529,1.175,6.527,12.204,15.703,17.710,11.957,7.456,3.255,-2.267
-10.682,-13.041,-15.638,-17.008,-15.986,-10.376,2.383,11.295,10.289,6.290,3.952,3.185,0.379,-2.604,-1.628,1.937,7.233,12.865,16.329,18.283,12.673,8.230,4.198,-1.323
-9.816,-12.145,-14.730,-16.074,-15.049,-9.455,3.075,11.988,10.985,6.957,4.694,3.937,1.191,-1.724,-0.731,2.961,8.115,13.596,16.955,18.942,13.311,8.982,4.789,-0.492
-9.193,-11.494,-14.069,-15.413,-14.393,-8.875,3.646,12.455,11.486,7.500,5.253,4.510,1.782,-1.115,-0.131,3.510,8.657,14.103,17.465,19.412,13.804,9.443,5.273,0.039
-8.135,-10.456,-12.933,-14.240,-13.271,-7.767,4.424,13.089,12.040,8.196,5.886,5.112,2.376,-0.537,0.389,3.765,8.879,14.403,17.736,19.655,14.351,10.180,6.483,0.946
-7.460,-9.785,-12.163,-13.447,-12.546,-7.123,5.007,13.409,12.399,8.561,6.380,5.596,2.909,-0.028,0.834,4.253,9.365,14.766,18.139,20.082,14.764,10.687,7.120,1.510
-7.107,-9.395,-11.777,-13.073,-12.171,-6.854,5.390,13.665,12.730,8.907,6.773,6.016,3.352,0.431,1.288,4.710,9.843,15.178,18.584,20.483,15.101,10.919,7.276,1.777
-6.626,-8.921,-11.269,-12.550,-11.666,-6.346,5.769,14.005,13.042,9.254,7.111,6.342,3.683,0.760,1.600,4.963,10.071,15.414,18.800,20.701,15.407,11.306,7.793,2.217
-6.330,-8.641,-10.942,-12.206,-11.352,-6.024,6.004,14.178,13.204,9.403,7.310,6.527,3.885,0.950,1.766,5.170,10.256,15.555,18.938,20.874,15.588,11.579,8.131,2.502
-6.133,-8.442,-10.746,-12.013,-11.158,-5.834,6.215,14.385,13.415,9.614,7.521,6.739,4.096,1.159,1.974,5.377,10.471,15.772,19.161,21.094,15.802,11.781,8.329,2.699
-5.754,-8.090,-10.303,-11.549,-10.757,-5.459,6.531,14.513,13.545,9.754,7.738,6.932,4.310,1.329,2.083,5.487,10.602,15.857,19.292,21.256,15.990,12.075,8.823,3.016
-5.346,-7.673,-9.867,-11.106,-10.323,-5.060,6.862,14.781,13.812,10.067,8.041,7.236,4.619,1.645,2.387,5.715,10.819,16.077,19.505,21.444,16.248,12.352,9.193,3.356
-4.930,-7.228,-9.425,-10.660,-9.870,-4.655,7.215,15.095,14.150,10.415,8.414,7.626,5.034,2.095,2.844,6.187,11.246,16.441,19.838,21.761,16.560,12.659,9.432,3.719
-4.488,-6.795,-8.935,-10.160,-9.407,-4.235,7.576,15.311,14.358,10.697,8.685,7.885,5.288,2.322,3.028,6.230,11.321,16.552,19.983,21.878,16.793,12.933,9.959,4.063
-4.087,-6.375,-8.500,-9.720,-8.973,-3.851,7.914,15.575,14.643,11.001,9.018,8.227,5.652,2.705,3.404,6.600,11.664,16.845,20.263,22.144,17.068,13.215,10.239,4.400
-3.776,-6.026,-8.186,-9.408,-8.634,-3.547,8.195,15.885,14.983,11.327,9.364,8.597,6.047,3.152,3.882,7.138,12.143,17.253,20.622,22.488,17.363,13.475,10.317,4.693
-3.208,-5.417,-7.615,-8.843,-8.036,-2.996,8.688,16.084,15.176,11.527,9.727,8.924,6.442,3.514,4.152,7.467,12.418,17.372,20.749,22.686,17.617,13.883,10.709,5.191
-3.046,-5.326,-7.324,-8.495,-7.824,-2.783,8.698,16.405,15.507,11.918,9.889,9.144,6.592,3.746,4.503,7.643,12.612,17.748,21.071,22.872,17.829,13.986,11.080,5.297
-2.679,-4.867,-7.025,-8.241,-7.458,-2.498,9.128,16.693,15.833,12.263,10.304,9.568,7.055,4.225,4.959,8.112,13.051,18.093,21.414,23.204,18.157,14.238,11.090,5.619
-2.641,-4.834,-7.010,-8.228,-7.431,-2.436,9.168,16.811,15.925,12.360,10.357,9.618,7.088,4.262,5.009,8.135,13.069,18.157,21.460,23.249,18.234,14.319,11.166,5.690
-2.408,-4.619,-6.778,-7.981,-7.189,-2.138,9.308,17.006,16.064,12.512,10.478,9.721,7.185,4.360,5.105,8.200,13.092,18.211,21.472,23.283,18.356,14.546,11.488,5.941
-2.249,-4.430,-6.623,-7.835,-7.020,-2.008,9.474,17.185,16.269,12.730,10.683,9.947,7.415,4.620,5.387,8.467,13.348,18.454,21.700,23.476,18.534,14.652,11.501,6.073
-2.184,-4.372,-6.579,-7.785,-6.958,-1.898,9.519,17.320,16.378,12.812,10.758,10.017,7.487,4.705,5.489,8.619,13.461,18.562,21.769,23.572,18.623,14.784,11.570,6.188
-1.997,-4.167,-6.411,-7.626,-6.770,-1.714,9.695,17.561,16.612,13.079,10.963,10.234,7.690,4.932,5.741,8.802,13.632,18.778,21.959,23.725,18.821,14.934,11.696,6.366
-1.811,-3.979,-6.230,-7.445,-6.582,-1.520,9.845,17.735,16.761,13.274,11.098,10.367,7.803,5.047,5.858,8.813,13.649,18.859,22.032,23.770,18.955,15.066,11.926,6.532
-1.441,-3.609,-5.818,-7.022,-6.185,-1.158,10.140,17.924,16.952,13.498,11.344,10.607,8.056,5.293,6.077,8.987,13.817,19.008,22.188,23.920,19.157,15.315,12.294,6.835
-1.270,-3.449,-5.636,-6.834,-6.009,-0.975,10.279,18.040,17.055,13.609,11.458,10.713,8.162,5.390,6.161,9.056,13.884,19.080,22.261,24.001,19.268,15.467,12.513,6.996
-1.175,-3.353,-5.538,-6.729,-5.905,-0.857,10.356,18.136,17.151,13.673,11.555,10.810,8.275,5.515,6.292,9.263,14.057,19.203,22.360,24.127,19.356,15.592,12.562,7.113
-0.909,-3.093,-5.250,-6.431,-5.622,-0.579,10.552,18.286,17.283,13.838,11.712,10.958,8.424,5.658,6.418,9.331,14.117,19.276,22.429,24.191,19.491,15.778,12.867,7.340
-0.656,-2.828,-4.978,-6.154,-5.347,-0.328,10.755,18.459,17.464,14.028,11.918,11.169,8.650,5.900,6.660,9.575,14.334,19.459,22.594,24.351,19.659,15.960,13.037,7.558
-0.453,-2.613,-4.767,-5.939,-5.126,-0.115,10.920,18.631,17.642,14.196,12.106,11.363,8.861,6.133,6.902,9.858,14.578,19.659,22.765,24.527,19.819,16.136,13.144,7.754
-0.306,-2.470,-4.607,-5.774,-4.973,0.028,11.046,18.717,17.726,14.293,12.208,11.461,8.959,6.223,6.979,9.910,14.637,19.721,22.836,24.597,19.912,16.247,13.317,7.879
-0.071,-2.243,-4.365,-5.526,-4.730,0.284,11.218,18.890,17.867,14.475,12.348,11.591,9.077,6.337,7.084,9.927,14.649,19.782,22.885,24.635,20.045,16.422,13.621,8.091
0.144,-2.016,-4.132,-5.295,-4.504,0.468,11.417,19.025,18.018,14.662,12.527,11.777,9.262,6.520,7.244,9.941,14.685,19.889,23.006,24.728,20.196,16.544,13.800,8.250
0.291,-1.890,-3.983,-5.138,-4.359,0.648,11.515,19.132,18.080,14.757,12.580,11.812,9.280,6.523,7.261,10.039,14.776,19.918,23.036,24.754,20.265,16.676,14.092,8.398
0.639,-1.526,-3.619,-4.776,-3.993,0.972,11.809,19.385,18.332,15.077,12.851,12.089,9.547,6.795,7.515,10.079,14.832,20.081,23.197,24.869,20.500,16.883,14.409,8.673
0.758,-1.406,-3.491,-4.644,-3.866,1.096,11.910,19.471,18.421,15.156,12.953,12.191,9.659,6.906,7.606,10.185,14.941,20.171,23.291,24.974,20.589,16.993,14.499,8.788
0.817,-1.360,-3.420,-4.569,-3.809,1.158,11.966,19.487,18.432,15.168,12.977,12.206,9.673,6.912,7.630,10.194,14.947,20.182,23.299,24.993,20.621,17.054,14.632,8.843
0.990,-1.198,-3.238,-4.379,-3.631,1.344,12.095,19.597,18.518,15.283,13.071,12.290,9.749,6.971,7.657,10.225,14.963,20.197,23.326,25.017,20.711,17.185,14.878,8.997
1.233,-0.949,-2.983,-4.122,-3.373,1.589,12.284,19.771,18.682,15.484,13.245,12.464,9.919,7.148,7.832,10.289,15.036,20.315,23.432,25.102,20.862,17.346,15.111,9.203
1.411,-0.760,-2.799,-3.938,-3.186,1.756,12.447,19.919,18.837,15.653,13.411,12.636,10.094,7.333,8.019,10.457,15.198,20.472,23.584,25.239,21.009,17.478,15.239,9.356
1.576,-0.591,-2.623,-3.758,-3.009,1.924,12.584,20.039,18.960,15.778,13.547,12.773,10.240,7.485,8.169,10.613,15.340,20.594,23.697,25.354,21.127,17.613,15.371,9.507
1.720,-0.445,-2.496,-3.637,-2.874,2.070,12.730,20.175,19.091,15.948,13.682,12.911,10.368,7.616,8.300,10.665,15.401,20.690,23.794,25.421,21.249,17.714,15.520,9.641
1.744,-0.416,-2.452,-3.590,-2.836,2.080,12.744,20.244,19.158,15.982,13.721,12.950,10.406,7.656,8.351,10.773,15.504,20.787,23.885,25.530,21.315,17.776,15.534,9.665
1.909,-0.250,-2.296,-3.434,-2.674,2.254,12.904,20.379,19.295,16.136,13.872,13.103,10.561,7.815,8.507,10.901,15.627,20.909,24.003,25.638,21.446,17.912,15.686,9.826
2.049,-0.113,-2.149,-3.284,-2.530,2.400,13.023,20.486,19.396,16.243,13.981,13.208,10.668,7.920,8.607,10.992,15.713,20.994,24.086,25.723,21.549,18.034,15.837,9.958
2.135,-0.038,-2.057,-3.184,-2.440,2.509,13.086,20.549,19.445,16.279,14.034,13.252,10.717,7.964,8.644,11.058,15.765,21.032,24.116,25.777,21.604,18.139,15.961,10.058
2.314,0.143,-1.883,-3.008,-2.256,2.703,13.234,20.729,19.611,16.456,14.189,13.407,10.869,8.127,8.814,11.200,15.895,21.175,24.238,25.894,21.752,18.300,16.128,10.236
2.445,0.260,-1.739,-2.859,-2.127,2.835,13.355,20.802,19.674,16.531,14.269,13.476,10.935,8.169,8.835,11.206,15.909,21.205,24.289,25.952,21.839,18.418,16.348,10.355
2.563,0.381,-1.613,-2.734,-2.006,2.938,13.473,20.889,19.771,16.638,14.378,13.587,11.047,8.256,8.893,11.209,15.985,21.300,24.396,26.048,21.940,18.505,16.456,10.452
2.588,0.395,-1.586,-2.709,-1.993,2.948,13.534,20.913,19.799,16.667,14.413,13.616,11.068,8.269,8.906,11.211,15.993,21.323,24.452,26.106,21.993,18.551,16.557,10.478
2.625,0.408,-1.562,-2.684,-1.978,3.001,13.589,20.967,19.837,16.713,14.445,13.639,11.075,8.276,8.923,11.254,16.004,21.330,24.475,26.133,22.045,18.617,16.696,10.533
2.635,0.427,-1.542,-2.665,-1.957,3.004,13.596,20.998,19.859,16.722,14.451,13.640,11.079,8.278,8.939,11.284,16.010,21.349,24.496,26.167,22.073,18.657,16.737,10.551
2.749,0.551,-1.444,-2.575,-1.852,3.102,13.741,21.150,20.032,16.903,14.622,13.825,11.261,8.459,9.110,11.418,16.201,21.553,24.698,26.344,22.231,18.756,16.749,10.659
2.765,0.564,-1.442,-2.571,-1.841,3.142,13.778,21.244,20.128,16.944,14.699,13.902,11.351,8.560,9.225,11.647,16.399,21.703,24.826,26.508,22.322,18.866,16.770,10.730
2.793,0.577,-1.417,-2.546,-1.828,3.173,13.856,21.312,20.197,16.983,14.770,13.967,11.415,8.608,9.264,11.673,16.445,21.765,24.905,26.581,22.401,18.932,16.840,10.792
2.831,0.627,-1.375,-2.507,-1.780,3.199,13.862,21.314,20.203,17.021,14.771,13.971,11.419,8.614,9.273,11.751,16.522,21.807,24.953,26.664,22.423,18.978,16.850,10.795
2.994,0.798,-1.209,-2.343,-1.615,3.350,14.048,21.485,20.394,17.191,14.976,14.184,11.642,8.848,9.512,11.976,16.742,22.015,25.155,26.841,22.600,19.115,16.944,10.960
3.128,0.945,-1.080,-2.221,-1.481,3.464,14.198,21.641,20.562,17.373,15.140,14.358,11.811,9.026,9.699,12.135,16.908,22.194,25.336,26.998,22.758,19.226,17.032,11.081
3.208,1.019,-0.996,-2.135,-1.402,3.544,14.275,21.701,20.620,17.431,15.204,14.419,11.873,9.081,9.746,12.184,16.961,22.246,25.395,27.062,22.824,19.305,17.136,11.158
3.439,1.240,-0.746,-1.876,-1.161,3.787,14.458,21.843,20.748,17.575,15.353,14.558,12.013,9.212,9.860,12.267,17.042,22.330,25.481,27.154,22.961,19.491,17.416,11.366
3.619,1.418,-0.563,-1.691,-0.978,3.969,14.612,21.990,20.882,17.738,15.488,14.690,12.136,9.330,9.973,12.318,17.099,22.421,25.573,27.231,23.092,19.630,17.632,11.527
3.684,1.474,-0.522,-1.663,-0.943,4.015,14.730,22.115,21.004,17.889,15.598,14.803,12.231,9.402,10.045,12.326,17.146,22.518,25.682,27.314,23.211,19.710,17.762,11.613
3.720,1.523,-0.470,-1.606,-0.885,4.054,14.750,22.154,21.039,17.911,15.614,14.814,12.232,9.422,10.067,12.340,17.163,22.559,25.747,27.387,23.264,19.747,17.806,11.616
3.808,1.612,-0.395,-1.537,-0.811,4.127,14.879,22.276,21.183,18.040,15.768,14.977,12.408,9.595,10.246,12.572,17.393,22.748,25.926,27.565,23.400,19.862,17.834,11.730
3.944,1.754,-0.243,-1.388,-0.671,4.231,15.034,22.365,21.299,18.158,15.913,15.128,12.567,9.749,10.390,12.680,17.527,22.892,26.094,27.725,23.531,19.964,17.933,11.837
4.211,2.005,0.045,-1.089,-0.393,4.517,15.228,22.512,21.412,18.318,16.045,15.242,12.671,9.833,10.449,12.723,17.562,22.905,26.113,27.738,23.653,20.153,18.302,12.067
4.249,2.045,0.085,-1.050,-0.356,4.550,15.295,22.572,21.492,18.361,16.131,15.333,12.776,9.941,10.560,12.875,17.714,23.042,26.252,27.896,23.740,20.235,18.309,12.123
4.364,2.182,0.197,-0.947,-0.238,4.637,15.444,22.722,21.675,18.532,16.318,15.536,12.989,10.174,10.808,13.159,17.994,23.288,26.496,28.125,23.912,20.344,18.319,12.230
4.581,2.425,0.411,-0.750,-0.022,4.791,15.693,22.940,21.921,18.836,16.568,15.806,13.242,10.436,11.077,13.306,18.183,23.529,26.762,28.322,24.145,20.463,18.449,12.386
4.713,2.570,0.546,-0.622,0.111,4.893,15.848,23.069,22.072,18.998,16.728,15.976,13.412,10.610,11.253,13.464,18.356,23.701,26.947,28.485,24.296,20.564,18.532,12.495
4.890,2.760,0.720,-0.452,0.293,5.060,16.024,23.256,22.271,19.199,16.926,16.184,13.624,10.838,11.493,13.707,18.588,23.920,27.156,28.681,24.480,20.720,18.632,12.662
4.961,2.818,0.782,-0.381,0.361,5.172,16.084,23.366,22.361,19.253,16.999,16.247,13.694,10.908,11.568,13.854,18.706,24.017,27.230,28.793,24.569,20.866,18.736,12.782
5.146,3.020,0.962,-0.208,0.549,5.339,16.286,23.580,22.596,19.482,17.232,16.494,13.946,11.180,11.854,14.160,19.004,24.293,27.498,29.048,24.789,21.041,18.821,12.960
5.228,3.092,1.029,-0.144,0.616,5.431,16.392,23.722,22.722,19.608,17.334,16.589,14.027,11.250,11.926,14.213,19.072,24.399,27.610,29.163,24.920,21.171,18.980,13.070
5.596,3.466,1.405,0.238,1.001,5.810,16.690,24.021,23.004,19.928,17.622,16.877,14.312,11.547,12.224,14.440,19.279,24.629,27.817,29.351,25.181,21.454,19.330,13.402
5.884,3.763,1.698,0.533,1.302,6.103,16.936,24.275,23.251,20.195,17.872,17.132,14.568,11.817,12.499,14.686,19.505,24.858,28.026,29.547,25.411,21.690,19.574,13.669
6.216,4.112,2.030,0.862,1.646,6.430,17.231,24.584,23.556,20.539,18.174,17.442,14.872,12.140,12.833,14.944,19.752,25.133,28.282,29.769,25.689,21.944,19.850,13.968
6.463,4.377,2.283,1.107,1.900,6.642,17.475,24.798,23.785,20.810,18.414,17.693,15.115,12.392,13.087,15.114,19.939,25.349,28.507,29.950,25.907,22.105,20.046,14.166
6.983,4.901,2.823,1.653,2.442,7.167,17.897,25.190,24.149,21.251,18.794,18.070,15.479,12.758,13.443,15.319,20.138,25.609,28.753,30.158,26.253,22.478,20.593,14.617
7.328,5.263,3.178,1.997,2.791,7.457,18.240,25.470,24.443,21.598,19.107,18.394,15.782,13.059,13.737,15.448,20.314,25.855,29.030,30.364,26.544,22.686,20.926,14.881
7.346,5.264,3.191,2.023,2.806,7.528,18.278,25.554,24.528,21.624,19.184,18.461,15.884,13.163,13.846,15.796,20.608,26.032,29.180,30.605,26.643,22.874,20.926,14.993
7.551,5.458,3.369,2.198,2.995,7.756,18.470,25.824,24.755,21.865,19.366,18.635,16.025,13.299,13.990,15.831,20.655,26.178,29.316,30.721,26.854,23.087,21.241,15.215
7.704,5.608,3.521,2.343,3.135,7.883,18.670,25.992,24.934,22.053,19.548,18.816,16.196,13.451,14.133,15.942,20.808,26.357,29.530,30.922,27.052,23.248,21.445,15.361
7.988,5.893,3.785,2.603,3.408,8.173,18.975,26.352,25.288,22.401,19.875,19.146,16.518,13.779,14.475,16.287,21.152,26.718,29.882,31.273,27.395,23.572,21.728,15.670
8.504,6.439,4.296,3.105,3.940,8.669,19.447,26.853,25.787,22.968,20.364,19.652,17.010,14.302,15.019,16.697,21.552,27.175,30.313,31.639,27.850,23.963,22.145,16.131
8.972,6.927,4.778,3.589,4.430,9.128,19.882,27.268,26.224,23.400,20.824,20.125,17.503,14.822,15.548,17.262,22.083,27.650,30.766,32.085,28.269,24.374,22.438,16.570
9.116,7.022,4.862,3.646,4.476,9.222,20.165,27.581,26.606,23.707,21.191,20.509,17.816,15.028,15.737,17.462,22.451,28.174,31.329,32.653,28.650,24.634,22.473,16.760
9.139,7.097,4.897,3.688,4.555,9.284,20.337,27.816,26.745,23.862,21.240,20.519,17.916,15.257,16.013,17.666,22.715,28.199,31.418,32.778,28.885,24.916,23.109,16.907
10.152,8.059,5.839,4.585,5.457,10.199,21.358,28.846,27.732,25.109,22.172,21.455,18.644,15.832,16.544,17.885,22.808,28.902,32.212,33.363,29.838,25.649,24.322,17.771
11.053,8.975,6.662,5.366,6.301,11.043,22.351,29.982,28.826,26.358,23.156,22.453,19.536,16.712,17.459,18.180,23.442,29.843,33.193,34.198,30.893,26.492,25.395,18.647
13.558,11.677,8.942,7.467,8.686,13.162,25.202,33.181,32.074,30.168,26.125,25.576,22.365,19.633,20.562,19.960,25.579,32.835,36.292,36.654,33.922,28.471,27.679,20.871
