-10.090,-14.813,-17.361,-19.778,-21.766,-17.638,-8.345,-9.428,-8.394,-8.533,-12.111,-13.785,-16.573,-21.504,-27.645,-28.642,-25.714,-17.757,-7.050,0.992,5.226,4.076,1.410,-5.353
-3.511,-7.493,-9.237,-11.412,-12.950,-9.515,-1.674,-1.799,-2.797,-2.334,-5.631,-7.133,-9.193,-15.350,-21.726,-22.759,-18.537,-8.871,1.024,8.822,13.023,9.735,7.208,1.443
-0.829,-4.605,-6.272,-8.338,-9.744,-6.419,1.028,1.096,-0.206,0.334,-2.635,-4.243,-6.076,-12.252,-18.441,-19.399,-15.152,-5.489,4.040,11.685,15.540,11.956,9.460,3.911
1.014,-2.662,-4.384,-6.330,-7.687,-4.377,2.795,2.965,1.713,2.123,-0.638,-2.425,-4.252,-10.372,-16.385,-17.188,-12.852,-3.485,5.909,13.471,17.011,13.437,10.952,5.540
2.969,-0.625,-2.509,-4.245,-5.601,-2.271,4.520,4.799,3.893,3.901,1.277,-0.811,-2.859,-8.914,-14.719,-15.204,-10.530,-1.813,7.606,15.096,18.257,14.907,12.434,7.229
4.125,0.604,-1.243,-2.939,-4.272,-1.013,5.631,5.900,5.034,5.026,2.439,0.399,-1.624,-7.552,-13.237,-13.707,-9.114,-0.600,8.632,15.962,19.070,15.808,13.390,8.301
5.166,1.730,-0.002,-1.678,-2.983,0.157,6.640,6.931,5.968,6.006,3.362,1.450,-0.533,-6.458,-12.121,-12.623,-7.998,0.527,9.595,16.780,19.974,16.661,14.306,9.369
5.969,2.570,0.856,-0.810,-2.103,0.999,7.428,7.679,6.770,6.816,4.208,2.344,0.391,-5.392,-10.955,-11.466,-6.989,1.371,10.292,17.356,20.513,17.308,14.992,10.102
6.564,3.207,1.518,-0.123,-1.398,1.668,8.007,8.285,7.345,7.389,4.806,2.947,1.014,-4.764,-10.293,-10.789,-6.290,2.038,10.887,17.901,21.025,17.794,15.496,10.670
7.200,3.896,2.271,0.637,-0.619,2.377,8.631,8.902,7.925,8.006,5.412,3.636,1.743,-3.981,-9.466,-9.989,-5.543,2.747,11.460,18.363,21.519,18.295,16.040,11.296
7.814,4.516,2.832,1.251,-0.019,2.991,9.170,9.434,8.625,8.576,5.999,4.155,2.177,-3.474,-8.883,-9.321,-4.833,3.198,11.921,18.787,21.851,18.775,16.530,11.829
8.217,4.946,3.286,1.712,0.451,3.430,9.563,9.821,9.010,8.969,6.396,4.585,2.622,-2.988,-8.364,-8.809,-4.354,3.631,12.283,19.089,22.154,19.098,16.874,12.215
8.470,5.203,3.542,1.969,0.714,3.694,9.824,10.086,9.262,9.232,6.682,4.863,2.917,-2.686,-8.051,-8.496,-4.061,3.925,12.560,19.364,22.407,19.342,17.116,12.454
8.842,5.588,3.946,2.372,1.114,4.067,10.180,10.408,9.628,9.597,7.023,5.257,3.308,-2.224,-7.554,-8.014,-3.644,4.259,12.833,19.568,22.639,19.650,17.451,12.817
9.270,6.037,4.428,2.847,1.595,4.512,10.608,10.806,10.029,10.031,7.446,5.746,3.824,-1.637,-6.930,-7.420,-3.142,4.713,13.196,19.856,22.955,20.011,17.840,13.236
9.704,6.490,4.848,3.314,2.060,4.977,10.986,11.204,10.511,10.421,7.857,6.099,4.123,-1.318,-6.564,-6.986,-2.633,5.068,13.554,20.190,23.215,20.332,18.167,13.614
10.053,6.866,5.246,3.730,2.482,5.368,11.310,11.537,10.845,10.742,8.169,6.431,4.451,-0.979,-6.204,-6.616,-2.240,5.417,13.857,20.446,23.473,20.597,18.452,13.953
10.389,7.219,5.598,4.100,2.856,5.728,11.625,11.854,11.191,11.062,8.497,6.754,4.764,-0.641,-5.835,-6.228,-1.846,5.740,14.150,20.705,23.709,20.863,18.730,14.263
10.595,7.438,5.797,4.332,3.093,5.973,11.804,12.084,11.415,11.234,8.693,6.884,4.866,-0.598,-5.796,-6.136,-1.632,5.942,14.391,20.975,23.922,21.031,18.886,14.450
10.968,7.822,6.175,4.729,3.483,6.348,12.139,12.394,11.812,11.584,9.028,7.232,5.179,-0.215,-5.366,-5.685,-1.203,6.228,14.640,21.165,24.104,21.313,19.190,14.791
11.181,8.043,6.386,4.962,3.712,6.572,12.319,12.583,12.043,11.767,9.201,7.387,5.299,-0.097,-5.236,-5.524,-0.986,6.379,14.802,21.317,24.240,21.477,19.359,14.991
11.470,8.340,6.696,5.265,4.014,6.857,12.608,12.839,12.327,12.067,9.496,7.725,5.650,0.325,-4.780,-5.088,-0.638,6.666,15.029,21.489,24.426,21.724,19.625,15.266
11.661,8.537,6.913,5.481,4.226,7.047,12.784,13.000,12.503,12.242,9.633,7.903,5.817,0.509,-4.595,-4.915,-0.468,6.814,15.157,21.583,24.564,21.889,19.807,15.472
11.808,8.682,7.058,5.624,4.368,7.188,12.929,13.136,12.652,12.390,9.777,8.055,5.967,0.674,-4.425,-4.747,-0.317,6.948,15.284,21.702,24.688,22.032,19.952,15.617
12.036,8.920,7.286,5.869,4.614,7.433,13.140,13.354,12.895,12.607,10.009,8.267,6.168,0.889,-4.186,-4.486,-0.042,7.165,15.491,21.894,24.847,22.211,20.136,15.819
12.299,9.189,7.546,6.138,4.881,7.697,13.388,13.589,13.177,12.866,10.275,8.532,6.421,1.187,-3.856,-4.144,0.273,7.399,15.701,22.075,25.008,22.427,20.360,16.056
12.509,9.392,7.720,6.321,5.060,7.893,13.587,13.776,13.425,13.080,10.514,8.739,6.610,1.417,-3.595,-3.861,0.532,7.573,15.879,22.250,25.137,22.614,20.543,16.230
12.657,9.550,7.897,6.497,5.241,8.059,13.738,13.936,13.549,13.223,10.649,8.892,6.777,1.567,-3.455,-3.730,0.674,7.752,16.042,22.405,25.310,22.755,20.690,16.391
12.800,9.686,8.020,6.620,5.361,8.190,13.882,14.076,13.707,13.372,10.805,9.036,6.915,1.713,-3.304,-3.574,0.821,7.882,16.183,22.555,25.447,22.908,20.838,16.526
12.957,9.852,8.195,6.802,5.544,8.361,14.027,14.226,13.857,13.515,10.939,9.177,7.051,1.846,-3.167,-3.432,0.982,8.030,16.320,22.677,25.575,23.036,20.973,16.683
13.087,9.992,8.351,6.959,5.707,8.510,14.158,14.367,13.968,13.637,11.054,9.304,7.186,1.962,-3.060,-3.330,1.104,8.183,16.463,22.814,25.726,23.157,21.098,16.825
13.274,10.197,8.570,7.189,5.942,8.726,14.332,14.551,14.144,13.807,11.221,9.480,7.362,2.137,-2.876,-3.140,1.316,8.380,16.633,22.960,25.872,23.296,21.248,17.008
13.437,10.364,8.744,7.360,6.113,8.889,14.494,14.699,14.303,13.973,11.384,9.663,7.551,2.355,-2.643,-2.916,1.504,8.542,16.768,23.070,25.990,23.439,21.400,17.165
13.686,10.628,9.032,7.640,6.400,9.153,14.753,14.940,14.531,14.235,11.652,9.975,7.881,2.673,-2.318,-2.587,1.818,8.840,16.998,23.251,26.181,23.650,21.627,17.405
13.758,10.704,9.100,7.726,6.488,9.246,14.810,15.032,14.608,14.282,11.699,9.983,7.894,2.748,-2.224,-2.524,1.855,8.900,17.100,23.384,26.297,23.719,21.687,17.482
13.920,10.869,9.263,7.894,6.652,9.404,14.957,15.166,14.780,14.437,11.847,10.140,8.025,2.852,-2.120,-2.384,2.041,9.025,17.208,23.467,26.379,23.847,21.824,17.631
14.030,10.984,9.372,8.011,6.774,9.531,15.069,15.295,14.892,14.546,11.977,10.247,8.137,2.946,-2.026,-2.278,2.169,9.165,17.353,23.623,26.510,23.952,21.923,17.732
14.095,11.048,9.422,8.068,6.835,9.604,15.136,15.380,14.969,14.611,12.063,10.298,8.187,2.970,-2.006,-2.241,2.239,9.248,17.457,23.753,26.609,24.025,21.985,17.789
14.212,11.176,9.569,8.221,6.988,9.737,15.236,15.490,15.068,14.703,12.125,10.380,8.256,3.017,-1.970,-2.204,2.323,9.341,17.548,23.830,26.716,24.119,22.089,17.924
14.459,11.434,9.820,8.491,7.259,10.004,15.464,15.730,15.327,14.931,12.361,10.597,8.456,3.217,-1.755,-1.964,2.598,9.571,17.776,24.048,26.908,24.320,22.293,18.153
14.566,11.546,9.918,8.606,7.378,10.130,15.560,15.854,15.444,15.024,12.469,10.665,8.512,3.237,-1.739,-1.920,2.707,9.682,17.911,24.205,27.032,24.415,22.380,18.250
14.678,11.666,10.034,8.733,7.512,10.268,15.672,15.994,15.558,15.130,12.600,10.764,8.616,3.306,-1.674,-1.838,2.836,9.834,18.073,24.386,27.181,24.519,22.476,18.353
14.827,11.814,10.161,8.871,7.649,10.416,15.811,16.133,15.732,15.278,12.770,10.905,8.746,3.457,-1.502,-1.644,3.025,9.966,18.207,24.519,27.275,24.644,22.597,18.474
14.927,11.918,10.261,8.973,7.755,10.525,15.915,16.243,15.836,15.383,12.892,11.016,8.864,3.575,-1.377,-1.515,3.151,10.091,18.327,24.641,27.378,24.738,22.689,18.564
15.001,11.992,10.340,9.050,7.833,10.602,15.994,16.327,15.901,15.457,12.962,11.089,8.942,3.637,-1.326,-1.469,3.208,10.177,18.418,24.739,27.485,24.825,22.774,18.648
15.112,12.103,10.452,9.157,7.944,10.715,16.116,16.449,16.009,15.580,13.101,11.226,9.096,3.796,-1.163,-1.312,3.341,10.323,18.553,24.877,27.612,24.942,22.888,18.753
15.274,12.267,10.596,9.317,8.104,10.886,16.267,16.610,16.193,15.736,13.281,11.371,9.229,3.933,-1.009,-1.132,3.539,10.479,18.716,25.044,27.736,25.077,23.019,18.889
15.432,12.438,10.766,9.491,8.290,11.071,16.436,16.791,16.351,15.906,13.493,11.566,9.451,4.161,-0.760,-0.881,3.771,10.710,18.917,25.240,27.890,25.210,23.150,19.022
15.576,12.593,10.929,9.664,8.466,11.234,16.565,16.929,16.489,16.032,13.612,11.689,9.567,4.273,-0.643,-0.755,3.923,10.845,19.041,25.348,27.999,25.318,23.265,19.163
15.739,12.759,11.104,9.838,8.634,11.389,16.717,17.056,16.651,16.191,13.749,11.859,9.728,4.478,-0.420,-0.540,4.100,10.968,19.134,25.403,28.077,25.449,23.412,19.324
15.886,12.912,11.255,9.999,8.795,11.546,16.851,17.198,16.802,16.325,13.881,11.983,9.841,4.586,-0.308,-0.415,4.251,11.099,19.267,25.531,28.198,25.574,23.539,19.466
16.000,13.026,11.374,10.116,8.908,11.651,16.958,17.292,16.915,16.433,13.968,12.090,9.937,4.697,-0.195,-0.308,4.351,11.178,19.341,25.590,28.279,25.680,23.652,19.587
16.127,13.153,11.504,10.246,9.035,11.774,17.079,17.406,17.042,16.556,14.080,12.212,10.052,4.824,-0.066,-0.179,4.474,11.284,19.443,25.681,28.380,25.799,23.776,19.715
16.247,13.275,11.613,10.363,9.156,11.904,17.198,17.535,17.175,16.678,14.230,12.334,10.177,4.949,0.072,-0.027,4.632,11.424,19.583,25.828,28.489,25.905,23.876,19.814
16.468,13.502,11.846,10.592,9.385,12.121,17.418,17.726,17.398,16.908,14.460,12.594,10.446,5.280,0.435,0.323,4.908,11.639,19.750,25.951,28.617,26.089,24.075,20.019
16.580,13.618,11.955,10.711,9.504,12.241,17.519,17.833,17.520,17.012,14.570,12.690,10.530,5.366,0.530,0.434,5.036,11.738,19.851,26.049,28.697,26.178,24.165,20.119
16.748,13.790,12.127,10.885,9.677,12.409,17.680,17.985,17.691,17.179,14.739,12.866,10.706,5.570,0.751,0.655,5.233,11.897,19.989,26.167,28.810,26.319,24.312,20.274
16.835,13.877,12.217,10.977,9.768,12.497,17.762,18.069,17.776,17.259,14.808,12.939,10.772,5.628,0.804,0.709,5.304,11.970,20.068,26.245,28.898,26.405,24.400,20.368
16.943,13.983,12.329,11.091,9.876,12.597,17.855,18.161,17.880,17.348,14.861,13.004,10.813,5.652,0.812,0.720,5.355,12.021,20.140,26.317,29.003,26.517,24.516,20.497
17.063,14.103,12.445,11.215,9.996,12.718,17.964,18.275,18.006,17.456,14.961,13.097,10.889,5.719,0.876,0.796,5.461,12.113,20.245,26.425,29.111,26.629,24.628,20.618
17.153,14.192,12.536,11.301,10.081,12.802,18.055,18.358,18.095,17.549,15.050,13.195,10.989,5.830,0.989,0.902,5.550,12.198,20.324,26.498,29.192,26.721,24.723,20.710
17.333,14.378,12.722,11.486,10.271,12.990,18.243,18.536,18.278,17.744,15.271,13.420,11.235,6.115,1.302,1.210,5.800,12.416,20.503,26.655,29.325,26.876,24.882,20.866
17.421,14.462,12.807,11.561,10.348,13.070,18.347,18.632,18.362,17.849,15.385,13.542,11.374,6.264,1.451,1.345,5.897,12.534,20.612,26.766,29.438,26.983,24.987,20.955
17.524,14.566,12.924,11.669,10.459,13.176,18.460,18.744,18.449,17.958,15.490,13.663,11.510,6.396,1.575,1.453,5.993,12.662,20.730,26.883,29.570,27.098,25.104,21.069
17.633,14.677,13.037,11.787,10.579,13.296,18.569,18.875,18.551,18.058,15.588,13.746,11.590,6.432,1.591,1.477,6.070,12.783,20.875,27.049,29.738,27.222,25.220,21.190
17.817,14.868,13.246,11.989,10.784,13.487,18.760,19.055,18.717,18.248,15.772,13.961,11.823,6.684,1.848,1.715,6.271,12.991,21.049,27.200,29.907,27.394,25.402,21.379
17.916,14.972,13.351,12.101,10.902,13.605,18.858,19.177,18.811,18.339,15.872,14.043,11.907,6.732,1.886,1.763,6.364,13.116,21.186,27.353,30.047,27.493,25.495,21.480
18.069,15.135,13.527,12.275,11.080,13.769,19.014,19.324,18.952,18.494,16.030,14.221,12.100,6.946,2.114,1.981,6.550,13.291,21.326,27.466,30.167,27.620,25.632,21.628
18.221,15.287,13.670,12.425,11.229,13.924,19.160,19.478,19.113,18.640,16.181,14.356,12.225,7.062,2.229,2.108,6.701,13.434,21.482,27.631,30.318,27.768,25.777,21.775
18.386,15.460,13.853,12.612,11.417,14.100,19.316,19.638,19.270,18.794,16.322,14.508,12.373,7.207,2.375,2.254,6.863,13.590,21.629,27.765,30.464,27.913,25.928,21.945
18.541,15.615,14.004,12.762,11.569,14.256,19.476,19.795,19.429,18.957,16.500,14.680,12.553,7.399,2.576,2.456,7.045,13.763,21.793,27.927,30.610,28.064,26.077,22.088
18.705,15.778,14.148,12.919,11.725,14.424,19.631,19.963,19.615,19.115,16.676,14.819,12.678,7.514,2.697,2.601,7.222,13.915,21.965,28.115,30.763,28.219,26.225,22.236
18.804,15.885,14.262,13.031,11.848,14.547,19.746,20.099,19.699,19.221,16.804,14.938,12.821,7.627,2.801,2.702,7.335,14.086,22.131,28.295,30.929,28.328,26.328,22.337
18.979,16.063,14.438,13.213,12.027,14.718,19.905,20.243,19.883,19.388,16.965,15.109,12.979,7.823,3.019,2.926,7.538,14.223,22.248,28.384,31.016,28.464,26.473,22.497
19.153,16.236,14.596,13.386,12.192,14.885,20.053,20.387,20.080,19.543,17.108,15.239,13.074,7.932,3.140,3.070,7.708,14.324,22.363,28.490,31.115,28.608,26.622,22.660
19.262,16.333,14.677,13.471,12.269,14.976,20.153,20.492,20.205,19.644,17.197,15.307,13.118,7.953,3.146,3.090,7.770,14.385,22.468,28.622,31.247,28.743,26.748,22.776
19.498,16.567,14.897,13.697,12.490,15.202,20.375,20.698,20.463,19.878,17.434,15.538,13.332,8.208,3.426,3.382,8.037,14.577,22.653,28.788,31.396,28.950,26.959,22.990
19.708,16.787,15.124,13.926,12.723,15.425,20.584,20.902,20.669,20.090,17.656,15.772,13.578,8.481,3.720,3.671,8.296,14.808,22.848,28.957,31.557,29.125,27.143,23.186
19.878,16.957,15.304,14.096,12.892,15.586,20.760,21.059,20.831,20.269,17.824,15.968,13.782,8.711,3.956,3.890,8.471,14.977,22.995,29.085,31.706,29.296,27.321,23.361
20.027,17.108,15.470,14.248,13.049,15.736,20.931,21.216,20.963,20.441,18.007,16.178,14.026,8.982,4.235,4.141,8.654,15.182,23.162,29.235,31.865,29.451,27.481,23.510
20.203,17.297,15.678,14.456,13.260,15.927,21.102,21.382,21.122,20.610,18.163,16.364,14.219,9.189,4.451,4.347,8.846,15.365,23.311,29.353,32.002,29.595,27.638,23.689
20.342,17.438,15.815,14.601,13.404,16.071,21.231,21.516,21.268,20.739,18.292,16.483,14.327,9.294,4.558,4.467,8.988,15.488,23.439,29.479,32.120,29.718,27.762,23.823
20.570,17.663,16.028,14.814,13.613,16.284,21.454,21.715,21.514,20.976,18.538,16.733,14.572,9.593,4.887,4.796,9.261,15.691,23.621,29.639,32.265,29.923,27.973,24.028
20.797,17.886,16.249,15.033,13.833,16.507,21.683,21.947,21.741,21.204,18.768,16.957,14.797,9.810,5.099,5.008,9.479,15.920,23.858,29.885,32.510,30.161,28.207,24.256
21.000,18.087,16.438,15.217,14.021,16.709,21.904,22.162,21.956,21.434,19.037,17.211,15.075,10.117,5.428,5.333,9.745,16.174,24.094,30.122,32.709,30.367,28.407,24.434
21.249,18.341,16.706,15.476,14.286,16.966,22.170,22.423,22.187,21.696,19.308,17.501,15.392,10.441,5.753,5.639,10.015,16.474,24.366,30.384,32.978,30.620,28.663,24.686
21.506,18.602,16.975,15.740,14.550,17.220,22.426,22.661,22.439,21.957,19.564,17.783,15.681,10.768,6.097,5.970,10.299,16.728,24.587,30.576,33.181,30.855,28.908,24.937
21.926,19.051,17.437,16.212,15.036,17.683,22.845,23.074,22.853,22.385,20.031,18.264,16.194,11.343,6.727,6.599,10.858,17.219,24.990,30.918,33.483,31.183,29.254,25.313
22.216,19.334,17.678,16.467,15.295,17.977,23.139,23.391,23.184,22.686,20.395,18.550,16.478,11.616,7.017,6.925,11.204,17.540,25.342,31.311,33.788,31.477,29.526,25.561
22.408,19.533,17.874,16.674,15.503,18.182,23.320,23.581,23.380,22.866,20.576,18.721,16.640,11.771,7.176,7.097,11.403,17.723,25.526,31.492,33.959,31.646,29.697,25.747
22.686,19.797,18.154,16.938,15.749,18.414,23.583,23.799,23.651,23.135,20.774,18.983,16.873,12.046,7.443,7.339,11.608,17.889,25.691,31.624,34.173,31.936,30.005,26.057
22.968,20.090,18.465,17.258,16.068,18.712,23.845,24.070,23.917,23.389,20.993,19.222,17.095,12.245,7.630,7.530,11.853,18.136,25.938,31.856,34.438,32.192,30.271,26.358
23.332,20.428,18.730,17.528,16.344,19.059,24.241,24.489,24.345,23.801,21.519,19.625,17.517,12.662,8.067,8.005,12.303,18.583,26.438,32.439,34.881,32.613,30.647,26.657
23.706,20.822,19.143,17.945,16.776,19.476,24.626,24.900,24.694,24.174,21.913,20.019,17.940,13.054,8.456,8.391,12.710,19.043,26.872,32.871,35.301,32.968,31.003,27.032
24.009,21.144,19.483,18.295,17.144,19.838,24.944,25.283,24.962,24.465,22.228,20.302,18.252,13.257,8.618,8.562,12.989,19.460,27.309,33.352,35.766,33.289,31.309,27.356
24.429,21.531,19.849,18.643,17.478,20.200,25.377,25.697,25.400,24.902,22.645,20.711,18.644,13.640,8.972,8.907,13.325,19.823,27.733,33.821,36.258,33.797,31.802,27.798
24.899,21.985,20.264,19.078,17.917,20.688,25.852,26.264,25.888,25.351,23.126,21.068,18.974,13.790,9.041,9.034,13.671,20.325,28.384,34.614,36.994,34.369,32.323,28.293
25.651,22.757,21.051,19.870,18.732,21.500,26.631,27.100,26.609,26.109,23.931,21.840,19.793,14.526,9.754,9.750,14.448,21.228,29.285,35.552,37.895,35.135,33.073,29.050
26.824,23.858,22.056,20.909,19.758,22.651,27.808,28.470,27.828,27.221,25.040,22.681,20.527,14.804,9.790,9.910,15.167,22.343,30.831,37.466,39.758,36.634,34.447,30.337
