31.412,28.280,26.747,26.668,27.413,30.112,39.340,51.820,55.621,51.703,50.432,49.271,48.340,48.853,47.944,49.007,49.694,58.689,51.209,44.406,38.984,32.677,30.306,22.900
36.212,34.019,32.947,32.871,33.168,34.995,43.682,55.479,59.614,56.309,54.594,52.705,51.066,51.087,50.758,51.980,52.691,61.319,55.538,49.624,43.179,37.031,34.793,28.541
38.896,37.114,36.364,36.379,36.425,37.545,45.759,57.131,61.091,57.943,56.351,54.293,52.665,52.697,52.728,53.747,54.442,62.682,57.569,52.404,45.591,39.094,36.865,31.445
40.455,38.850,38.153,38.258,38.236,39.119,47.270,58.538,62.310,59.177,57.786,55.745,54.284,54.472,54.630,55.460,56.116,63.950,59.090,54.347,47.494,40.688,38.363,33.387
41.398,40.137,39.479,39.607,39.490,40.239,48.358,59.408,63.248,60.338,58.861,56.631,55.001,55.105,55.399,56.256,56.891,64.335,60.109,55.715,48.664,41.944,39.596,35.056
41.624,40.393,39.680,39.816,39.723,40.549,48.706,59.711,63.526,60.648,59.192,56.986,55.379,55.509,55.775,56.627,57.246,64.533,60.375,56.021,49.059,42.401,40.034,35.538
41.976,40.815,40.089,40.219,40.123,40.975,49.094,59.977,63.804,61.004,59.514,57.284,55.632,55.725,55.993,56.873,57.483,64.644,60.642,56.344,49.418,42.892,40.543,36.123
42.231,41.075,40.324,40.448,40.371,41.276,49.366,60.164,63.971,61.204,59.715,57.510,55.865,55.956,56.197,57.086,57.687,64.761,60.797,56.508,49.675,43.250,40.916,36.506
42.415,41.332,40.571,40.691,40.605,41.525,49.615,60.350,64.186,61.483,59.956,57.710,56.010,56.067,56.320,57.236,57.832,64.811,60.995,56.756,49.909,43.565,41.235,36.895
42.820,41.735,41.021,41.155,41.046,41.868,49.886,60.596,64.382,61.655,60.175,57.943,56.289,56.373,56.660,57.529,58.126,65.115,61.276,57.099,50.232,43.797,41.469,37.186
43.071,42.000,41.293,41.431,41.318,42.122,50.109,60.779,64.450,61.656,60.339,58.135,56.493,56.583,56.878,57.735,58.328,65.274,61.464,57.324,50.473,44.043,41.718,37.474
43.455,42.344,41.685,41.828,41.702,42.426,50.311,60.888,64.543,61.782,60.361,58.278,56.703,56.816,57.127,57.942,58.538,65.532,61.545,57.439,50.694,44.205,41.901,37.665
43.632,42.485,41.825,41.968,41.856,42.586,50.413,60.941,64.547,61.827,60.454,58.288,56.818,56.952,57.243,58.022,58.614,65.596,61.618,57.523,50.799,44.335,42.048,37.797
43.841,42.630,42.002,42.147,42.041,42.727,50.414,60.977,64.551,61.832,60.476,58.358,56.825,56.993,57.274,58.039,58.632,65.597,61.641,57.524,50.810,44.348,42.098,37.841
43.881,42.695,42.039,42.182,42.088,42.819,50.530,60.989,64.568,61.839,60.497,58.390,56.924,57.087,57.354,58.116,58.701,65.598,61.664,57.542,50.926,44.523,42.267,38.029
44.110,42.936,42.304,42.442,42.336,43.035,50.683,61.049,64.636,61.881,60.531,58.480,57.000,57.098,57.377,58.189,58.776,65.611,61.697,57.651,51.052,44.682,42.449,38.234
44.260,43.093,42.475,42.620,42.510,43.179,50.753,61.056,64.645,61.890,60.539,58.488,57.047,57.143,57.422,58.227,58.811,65.612,61.713,57.695,51.154,44.794,42.573,38.413
44.291,43.142,42.512,42.657,42.552,43.239,50.797,61.070,64.646,61.894,60.552,58.502,57.061,57.209,57.494,58.232,58.812,65.657,61.726,57.703,51.200,44.888,42.672,38.540
44.485,43.331,42.715,42.857,42.748,43.418,50.949,61.186,64.684,61.972,60.670,58.634,57.088,57.221,57.500,58.241,58.815,65.690,61.839,57.844,51.340,45.032,42.825,38.692
44.600,43.448,42.836,42.964,42.854,43.537,51.042,61.227,64.775,62.086,60.743,58.684,57.192,57.239,57.539,58.365,58.946,65.746,61.886,57.871,51.363,45.129,42.948,38.787
44.708,43.567,42.954,43.063,42.954,43.666,51.154,61.247,64.806,62.229,60.788,58.688,57.203,57.275,57.544,58.369,58.951,65.786,61.898,57.871,51.391,45.261,43.107,38.919
44.837,43.683,43.086,43.193,43.081,43.773,51.208,61.320,64.888,62.234,60.840,58.759,57.213,57.304,57.575,58.370,58.951,65.810,61.966,57.903,51.392,45.315,43.178,38.990
44.843,43.757,43.162,43.258,43.136,43.835,51.217,61.335,64.893,62.241,60.842,58.776,57.235,57.317,57.595,58.378,58.972,65.845,61.982,57.924,51.435,45.402,43.293,39.170
45.141,44.025,43.477,43.570,43.429,44.057,51.380,61.400,64.971,62.365,60.929,58.825,57.242,57.346,57.629,58.388,58.976,65.862,62.084,58.056,51.535,45.491,43.401,39.257
45.314,44.139,43.581,43.693,43.569,44.190,51.543,61.581,65.069,62.431,61.067,59.027,57.523,57.568,57.858,58.658,59.246,66.104,62.253,58.256,51.786,45.622,43.500,39.333
45.406,44.248,43.702,43.804,43.673,44.289,51.591,61.614,65.085,62.454,61.105,59.049,57.523,57.577,57.872,58.660,59.252,66.119,62.283,58.260,51.791,45.693,43.599,39.441
45.479,44.325,43.790,43.895,43.761,44.355,51.609,61.619,65.123,62.462,61.108,59.067,57.576,57.655,57.943,58.722,59.312,66.145,62.291,58.268,51.820,45.733,43.647,39.523
45.550,44.408,43.872,43.983,43.849,44.437,51.676,61.634,65.132,62.489,61.109,59.079,57.592,57.660,57.958,58.729,59.313,66.163,62.298,58.333,51.916,45.827,43.737,39.649
45.630,44.473,43.926,44.034,43.910,44.522,51.763,61.676,65.140,62.502,61.161,59.153,57.676,57.741,58.025,58.798,59.379,66.202,62.330,58.369,51.992,45.928,43.842,39.732
45.700,44.546,44.007,44.112,43.987,44.591,51.789,61.700,65.162,62.529,61.185,59.168,57.687,57.756,58.040,58.815,59.398,66.208,62.355,58.379,52.009,45.975,43.904,39.809
45.892,44.731,44.216,44.318,44.182,44.751,51.921,61.810,65.264,62.636,61.287,59.268,57.782,57.834,58.131,58.906,59.493,66.330,62.481,58.512,52.121,46.071,44.011,39.908
45.985,44.836,44.322,44.427,44.286,44.849,52.020,61.905,65.358,62.735,61.387,59.363,57.875,57.928,58.231,59.003,59.589,66.410,62.581,58.628,52.229,46.174,44.111,40.026
46.058,44.905,44.400,44.504,44.362,44.911,52.060,61.931,65.374,62.749,61.408,59.390,57.909,57.964,58.269,59.036,59.622,66.446,62.610,58.662,52.270,46.213,44.155,40.075
46.152,44.989,44.487,44.595,44.453,44.992,52.135,62.011,65.439,62.802,61.477,59.470,58.008,58.076,58.382,59.136,59.722,66.549,62.690,58.748,52.362,46.280,44.219,40.140
46.248,45.072,44.562,44.673,44.537,45.087,52.247,62.143,65.565,62.915,61.600,59.604,58.157,58.237,58.536,59.284,59.868,66.699,62.813,58.860,52.485,46.388,44.320,40.226
46.389,45.222,44.727,44.835,44.689,45.217,52.357,62.242,65.672,63.029,61.703,59.693,58.212,58.251,58.559,59.334,59.924,66.784,62.925,58.979,52.580,46.486,44.427,40.342
46.449,45.290,44.799,44.897,44.750,45.284,52.401,62.254,65.702,63.080,61.727,59.704,58.230,58.296,58.606,59.359,59.947,66.795,62.939,58.979,52.581,46.541,44.499,40.406
46.600,45.444,44.955,45.063,44.913,45.430,52.547,62.401,65.826,63.195,61.868,59.856,58.389,58.450,58.765,59.518,60.104,66.935,63.090,59.160,52.766,46.689,44.636,40.571
46.732,45.567,45.083,45.186,45.036,45.553,52.662,62.519,65.953,63.320,61.981,59.967,58.491,58.541,58.855,59.616,60.206,67.068,63.207,59.258,52.859,46.791,44.747,40.661
46.835,45.681,45.207,45.317,45.160,45.649,52.741,62.583,65.998,63.364,62.045,60.033,58.573,58.636,58.962,59.706,60.293,67.130,63.283,59.369,52.968,46.872,44.823,40.774
46.961,45.825,45.359,45.465,45.300,45.779,52.869,62.708,66.143,63.523,62.182,60.149,58.663,58.708,59.043,59.799,60.389,67.233,63.421,59.511,53.079,46.996,44.951,40.912
47.068,45.927,45.465,45.564,45.397,45.880,52.960,62.793,66.245,63.632,62.269,60.226,58.718,58.742,59.075,59.849,60.442,67.321,63.506,59.572,53.132,47.077,45.045,40.983
47.175,46.030,45.581,45.679,45.508,45.974,53.021,62.829,66.271,63.658,62.300,60.262,58.758,58.780,59.117,59.887,60.481,67.364,63.546,59.619,53.187,47.137,45.116,41.060
47.261,46.136,45.698,45.795,45.615,46.060,53.086,62.868,66.313,63.715,62.349,60.299,58.782,58.794,59.143,59.914,60.509,67.380,63.599,59.695,53.248,47.207,45.191,41.163
47.368,46.239,45.801,45.895,45.716,46.167,53.193,62.977,66.430,63.834,62.459,60.405,58.880,58.880,59.230,60.009,60.605,67.491,63.706,59.788,53.339,47.311,45.299,41.259
47.416,46.314,45.876,45.961,45.780,46.235,53.264,63.035,66.514,63.942,62.539,60.460,58.900,58.884,59.232,60.031,60.628,67.505,63.773,59.860,53.388,47.393,45.386,41.358
47.436,46.355,45.877,45.965,45.792,46.295,53.352,63.126,66.624,64.069,62.647,60.556,58.975,58.944,59.288,60.104,60.700,67.546,63.856,59.934,53.462,47.501,45.491,41.460
47.446,46.357,45.902,45.988,45.808,46.318,53.395,63.155,66.660,64.120,62.690,60.602,59.014,58.980,59.309,60.137,60.729,67.556,63.868,59.942,53.499,47.582,45.569,41.535
47.506,46.433,45.953,46.034,45.865,46.399,53.475,63.225,66.734,64.208,62.762,60.667,59.062,59.007,59.342,60.180,60.774,67.597,63.938,60.011,53.568,47.671,45.662,41.630
47.595,46.518,46.056,46.133,45.957,46.468,53.502,63.225,66.737,64.208,62.768,60.674,59.074,59.032,59.361,60.196,60.788,67.608,63.945,60.017,53.573,47.689,45.697,41.664
47.669,46.603,46.119,46.197,46.029,46.572,53.655,63.403,66.926,64.405,62.954,60.852,59.240,59.188,59.516,60.360,60.952,67.759,64.115,60.183,53.737,47.858,45.850,41.816
47.757,46.716,46.225,46.298,46.127,46.686,53.789,63.535,67.089,64.591,63.109,60.982,59.332,59.257,59.586,60.454,61.046,67.843,64.251,60.316,53.847,48.003,45.996,41.968
47.886,46.842,46.356,46.429,46.256,46.807,53.902,63.649,67.205,64.705,63.221,61.092,59.440,59.362,59.694,60.562,61.156,67.968,64.369,60.431,53.955,48.107,46.103,42.072
47.981,46.945,46.448,46.517,46.347,46.921,54.041,63.798,67.373,64.883,63.382,61.241,59.570,59.482,59.808,60.692,61.286,68.093,64.513,60.563,54.080,48.255,46.248,42.208
48.062,47.007,46.503,46.578,46.417,46.997,54.116,63.873,67.419,64.913,63.441,61.328,59.693,59.631,59.949,60.812,61.402,68.191,64.575,60.630,54.184,48.338,46.325,42.283
48.183,47.136,46.638,46.707,46.542,47.120,54.228,63.973,67.534,65.040,63.549,61.422,59.766,59.685,60.005,60.882,61.475,68.277,64.680,60.728,54.270,48.449,46.446,42.401
48.346,47.313,46.840,46.906,46.725,47.265,54.335,64.056,67.628,65.145,63.637,61.491,59.812,59.710,60.048,60.932,61.529,68.357,64.786,60.845,54.353,48.539,46.550,42.521
48.452,47.457,46.973,47.043,46.857,47.404,54.513,64.246,67.836,65.373,63.853,61.682,59.982,59.875,60.223,61.113,61.707,68.491,64.986,61.072,54.549,48.732,46.728,42.735
48.559,47.557,47.073,47.143,46.959,47.506,54.614,64.353,67.941,65.473,63.955,61.788,60.092,59.988,60.333,61.223,61.817,68.609,65.090,61.170,54.650,48.829,46.824,42.824
48.720,47.717,47.244,47.314,47.124,47.653,54.745,64.478,68.063,65.592,64.077,61.909,60.214,60.108,60.461,61.346,61.942,68.747,65.224,61.309,54.780,48.948,46.948,42.952
48.869,47.875,47.418,47.493,47.293,47.787,54.862,64.589,68.163,65.689,64.185,62.014,60.327,60.227,60.596,61.467,62.063,68.864,65.351,61.464,54.917,49.054,47.051,43.084
48.927,47.936,47.479,47.555,47.356,47.849,54.906,64.608,68.172,65.704,64.205,62.041,60.359,60.261,60.628,61.497,62.091,68.871,65.367,61.491,54.963,49.115,47.117,43.162
49.081,48.107,47.666,47.753,47.541,47.991,55.031,64.725,68.263,65.791,64.319,62.156,60.497,60.418,60.806,61.648,62.239,68.987,65.504,61.679,55.135,49.235,47.227,43.324
49.238,48.267,47.832,47.913,47.697,48.143,55.182,64.880,68.437,65.970,64.479,62.301,60.620,60.524,60.915,61.771,62.365,69.143,65.665,61.826,55.261,49.372,47.371,43.457
49.455,48.480,48.082,48.165,47.932,48.315,55.291,64.961,68.500,66.025,64.545,62.368,60.696,60.599,61.011,61.851,62.450,69.260,65.770,61.954,55.369,49.450,47.464,43.571
49.623,48.643,48.258,48.334,48.094,48.468,55.431,65.104,68.664,66.191,64.687,62.496,60.799,60.679,61.095,61.952,62.556,69.416,65.920,62.081,55.471,49.568,47.595,43.680
49.769,48.764,48.375,48.448,48.215,48.603,55.575,65.272,68.834,66.346,64.842,62.660,60.969,60.851,61.257,62.116,62.723,69.619,66.077,62.206,55.603,49.695,47.723,43.770
49.875,48.873,48.474,48.546,48.317,48.721,55.719,65.434,69.007,66.520,65.010,62.822,61.124,61.005,61.407,62.272,62.879,69.772,66.235,62.355,55.748,49.842,47.863,43.903
50.004,48.997,48.603,48.671,48.442,48.843,55.828,65.534,69.109,66.623,65.107,62.920,61.218,61.092,61.493,62.362,62.970,69.880,66.335,62.446,55.840,49.945,47.975,44.005
50.099,49.092,48.702,48.770,48.538,48.933,55.914,65.623,69.202,66.715,65.195,63.004,61.297,61.167,61.572,62.443,63.052,69.973,66.428,62.538,55.922,50.024,48.055,44.084
50.330,49.291,48.913,48.977,48.746,49.129,56.098,65.828,69.405,66.895,65.378,63.196,61.497,61.367,61.769,62.638,63.253,70.238,66.631,62.708,56.088,50.171,48.210,44.198
50.507,49.483,49.105,49.168,48.930,49.313,56.311,66.072,69.677,67.173,65.634,63.427,61.701,61.558,61.968,62.850,63.467,70.470,66.887,62.957,56.293,50.367,48.399,44.387
50.635,49.604,49.222,49.280,49.046,49.442,56.451,66.224,69.843,67.338,65.787,63.575,61.838,61.685,62.089,62.983,63.602,70.628,67.034,63.080,56.413,50.500,48.536,44.500
50.695,49.679,49.261,49.318,49.096,49.551,56.634,66.445,70.099,67.607,66.032,63.804,62.041,61.882,62.270,63.186,63.804,70.804,67.240,63.264,56.590,50.705,48.723,44.670
50.970,49.943,49.546,49.604,49.372,49.791,56.863,66.697,70.348,67.838,66.269,64.038,62.280,62.123,62.524,63.432,64.053,71.100,67.507,63.529,56.823,50.893,48.912,44.854
51.194,50.171,49.797,49.844,49.598,49.995,57.040,66.868,70.556,68.057,66.446,64.184,62.379,62.182,62.594,63.529,64.160,71.280,67.696,63.691,56.937,51.034,49.075,44.996
51.304,50.291,49.927,49.970,49.719,50.103,57.124,66.926,70.619,68.133,66.511,64.240,62.420,62.209,62.628,63.570,64.202,71.322,67.762,63.764,57.004,51.123,49.174,45.106
51.442,50.436,50.052,50.093,49.848,50.268,57.340,67.176,70.897,68.417,66.775,64.490,62.650,62.431,62.841,63.800,64.432,71.550,68.004,63.985,57.211,51.344,49.385,45.298
51.542,50.530,50.124,50.170,49.936,50.385,57.506,67.380,71.097,68.605,66.977,64.702,62.879,62.680,63.079,64.031,64.660,71.757,68.195,64.170,57.407,51.516,49.537,45.442
51.809,50.754,50.366,50.406,50.171,50.604,57.704,67.606,71.324,68.802,67.174,64.909,63.093,62.891,63.287,64.239,64.875,72.066,68.420,64.348,57.576,51.662,49.696,45.544
51.926,50.868,50.444,50.485,50.269,50.758,57.916,67.845,71.567,69.045,67.420,65.165,63.354,63.165,63.539,64.497,65.128,72.281,68.633,64.545,57.802,51.903,49.920,45.750
52.146,51.075,50.638,50.688,50.477,50.976,58.188,68.183,71.904,69.355,67.747,65.499,63.709,63.544,63.915,64.859,65.490,72.653,68.967,64.869,58.112,52.152,50.144,45.960
52.400,51.317,50.878,50.925,50.716,51.223,58.462,68.498,72.237,69.676,68.058,65.802,64.002,63.833,64.201,65.153,65.788,72.993,69.281,65.153,58.373,52.399,50.388,46.171
52.756,51.674,51.234,51.291,51.075,51.564,58.876,69.014,72.769,70.177,68.567,66.294,64.499,64.349,64.732,65.671,66.308,73.552,69.814,65.682,58.830,52.754,50.710,46.489
53.038,51.959,51.496,51.560,51.348,51.864,59.278,69.518,73.304,70.692,69.078,66.786,64.984,64.847,65.228,66.171,66.808,74.067,70.318,66.165,59.262,53.125,51.045,46.805
53.349,52.230,51.794,51.862,51.644,52.115,59.490,69.746,73.500,70.849,69.267,67.000,65.237,65.120,65.509,66.424,67.066,74.387,70.553,66.393,59.489,53.287,51.213,46.953
53.812,52.719,52.291,52.363,52.127,52.571,60.021,70.377,74.184,71.523,69.912,67.594,65.790,65.662,66.077,67.004,67.652,75.031,71.219,67.052,60.030,53.749,51.649,47.392
54.126,52.989,52.502,52.581,52.379,52.914,60.505,70.995,74.809,72.101,70.513,68.221,66.453,66.369,66.745,67.666,68.311,75.697,71.791,67.559,60.560,54.222,52.075,47.739
54.523,53.390,52.886,52.970,52.768,53.320,61.013,71.617,75.472,72.743,71.141,68.822,67.035,66.956,67.337,68.265,68.913,76.339,72.420,68.161,61.088,54.682,52.502,48.141
54.878,53.717,53.224,53.311,53.107,53.638,61.336,71.984,75.833,73.072,71.484,69.173,67.404,67.339,67.722,68.638,69.290,76.775,72.792,68.512,61.420,54.958,52.774,48.384
55.424,54.202,53.720,53.812,53.614,54.127,61.817,72.514,76.330,73.513,71.965,69.693,67.977,67.945,68.321,69.207,69.863,77.420,73.312,68.999,61.924,55.386,53.198,48.757
55.770,54.578,54.036,54.110,53.932,54.564,62.387,73.151,77.070,74.293,72.658,70.331,68.520,68.437,68.783,69.745,70.403,77.962,73.924,69.532,62.420,55.984,53.783,49.279
56.421,55.143,54.580,54.651,54.496,55.175,63.093,74.012,77.951,75.099,73.472,71.167,69.381,69.321,69.637,70.600,71.267,78.966,74.754,70.247,63.119,56.602,54.379,49.739
57.146,55.976,55.373,55.444,55.270,55.997,64.130,75.210,79.298,76.494,74.761,72.325,70.401,70.286,70.630,71.663,72.334,80.031,75.994,71.476,64.145,57.605,55.324,50.708
58.051,56.805,56.210,56.301,56.129,56.816,65.036,76.304,80.368,77.454,75.786,73.381,71.533,71.489,71.839,72.817,73.496,81.321,77.094,72.531,65.138,58.376,56.047,51.362
59.375,58.086,57.543,57.673,57.466,58.010,66.335,77.862,81.900,78.850,77.270,74.861,73.099,73.146,73.558,74.445,75.134,83.113,78.718,74.178,66.601,59.460,57.053,52.372
60.324,58.971,58.229,58.407,58.294,59.098,67.901,79.840,83.878,80.702,79.229,76.890,75.259,75.482,75.799,76.633,77.296,85.154,80.581,75.949,68.419,61.035,58.442,53.642
61.990,60.589,59.852,59.986,59.867,60.726,69.658,81.805,86.038,82.843,81.203,78.755,76.953,77.055,77.361,78.321,79.020,87.220,82.557,77.691,69.961,62.617,60.044,55.016
65.478,64.033,63.349,63.345,63.184,64.146,73.276,85.776,90.545,87.399,85.254,82.473,80.135,79.839,80.144,81.478,82.271,91.308,86.593,81.170,72.919,65.847,63.389,57.847
