12.791,11.130,9.726,8.809,10.644,14.571,23.408,35.822,41.064,39.207,39.273,36.944,35.883,36.594,37.813,39.726,43.750,49.453,45.585,42.325,35.561,28.564,26.839,20.557
17.627,15.967,14.129,12.576,14.638,18.870,27.528,38.537,43.347,42.240,41.278,39.832,38.968,39.316,40.528,42.519,45.900,50.853,47.127,43.931,36.923,31.777,30.293,24.398
20.258,18.379,16.567,14.975,16.945,21.099,29.447,40.180,44.724,43.872,42.842,41.472,40.661,40.960,42.161,44.118,47.086,51.800,48.323,45.077,38.276,33.629,32.265,26.642
22.748,20.527,18.768,17.154,18.957,23.032,31.109,41.728,45.953,45.536,44.405,43.116,42.243,42.533,43.655,45.707,48.128,52.607,49.468,45.966,39.304,35.248,34.019,28.744
24.427,22.057,20.277,18.584,20.334,24.401,32.324,42.716,46.742,46.604,45.315,44.163,43.287,43.530,44.616,46.715,48.816,53.097,50.130,46.527,39.911,36.335,35.195,30.128
25.457,23.016,21.231,19.512,21.290,25.341,33.123,43.411,47.395,47.179,45.942,44.748,44.017,44.211,45.388,47.336,49.359,53.588,50.648,47.180,40.715,37.203,36.100,31.036
26.067,23.645,21.791,19.974,21.805,25.901,33.644,43.696,47.631,47.475,46.102,45.029,44.362,44.492,45.691,47.611,49.567,53.688,50.749,47.343,40.865,37.598,36.529,31.499
26.514,24.105,22.374,20.713,22.455,26.409,34.013,44.141,48.062,47.785,46.639,45.412,44.726,44.921,46.102,47.964,49.965,54.137,51.251,47.889,41.601,38.076,36.993,32.004
27.028,24.641,22.841,21.086,22.894,26.897,34.468,44.390,48.285,48.019,46.765,45.632,45.033,45.163,46.388,48.193,50.158,54.245,51.338,48.068,41.778,38.442,37.385,32.397
27.350,24.938,23.142,21.385,23.181,27.174,34.713,44.608,48.473,48.239,46.977,45.852,45.256,45.381,46.603,48.408,50.327,54.389,51.511,48.230,41.961,38.679,37.634,32.678
27.752,25.289,23.523,21.792,23.553,27.514,34.999,44.919,48.749,48.536,47.314,46.158,45.557,45.693,46.910,48.709,50.570,54.623,51.793,48.489,42.273,39.001,37.969,33.053
27.958,25.534,23.779,22.064,23.808,27.747,35.221,45.097,48.912,48.723,47.491,46.357,45.722,45.869,47.053,48.882,50.751,54.789,51.970,48.653,42.437,39.173,38.138,33.254
28.253,25.805,24.089,22.418,24.115,28.011,35.442,45.345,49.129,48.968,47.777,46.617,45.947,46.119,47.274,49.123,50.957,54.992,52.219,48.864,42.689,39.409,38.379,33.543
28.503,26.080,24.421,22.825,24.484,28.318,35.710,45.664,49.457,49.233,48.146,46.916,46.224,46.431,47.571,49.406,51.289,55.362,52.599,49.257,43.150,39.723,38.677,33.847
28.756,26.356,24.727,23.167,24.793,28.579,35.908,45.804,49.563,49.350,48.288,47.059,46.345,46.566,47.678,49.518,51.388,55.403,52.706,49.367,43.315,39.890,38.849,34.072
28.971,26.573,24.954,23.399,25.004,28.767,36.045,45.869,49.585,49.413,48.338,47.133,46.409,46.629,47.721,49.569,51.397,55.435,52.709,49.369,43.342,39.985,38.957,34.234
29.178,26.793,25.184,23.640,25.229,28.971,36.217,45.995,49.687,49.535,48.457,47.266,46.528,46.753,47.827,49.683,51.496,55.479,52.806,49.461,43.457,40.126,39.103,34.415
29.465,27.061,25.485,23.973,25.530,29.226,36.396,46.145,49.799,49.648,48.615,47.399,46.666,46.898,47.967,49.802,51.576,55.538,52.908,49.574,43.645,40.318,39.306,34.663
29.683,27.291,25.690,24.145,25.726,29.439,36.599,46.274,49.920,49.774,48.702,47.520,46.815,47.025,48.107,49.925,51.689,55.622,52.983,49.680,43.748,40.486,39.483,34.841
29.824,27.427,25.803,24.229,25.828,29.569,36.760,46.430,50.082,49.954,48.843,47.685,46.986,47.184,48.272,50.099,51.857,55.785,53.134,49.823,43.854,40.633,39.631,34.976
29.884,27.499,25.875,24.304,25.894,29.640,36.862,46.550,50.206,50.108,48.976,47.835,47.100,47.308,48.372,50.239,52.005,55.866,53.280,49.938,43.931,40.712,39.704,35.056
30.009,27.677,26.020,24.413,26.027,29.799,37.046,46.643,50.284,50.231,49.025,47.952,47.208,47.401,48.450,50.342,52.048,55.939,53.287,49.969,43.958,40.812,39.804,35.159
30.059,27.698,26.045,24.442,26.050,29.830,37.104,46.726,50.299,50.256,49.077,48.014,47.283,47.473,48.503,50.363,52.125,56.029,53.354,50.014,44.046,40.904,39.893,35.236
30.478,28.131,26.515,24.939,26.503,30.197,37.284,46.772,50.438,50.377,49.182,48.089,47.334,47.535,48.585,50.490,52.210,56.044,53.471,50.149,44.074,41.004,40.029,35.500
30.611,28.265,26.677,25.136,26.677,30.342,37.412,46.889,50.445,50.404,49.270,48.176,47.426,47.635,48.653,50.516,52.267,56.170,53.521,50.150,44.254,41.155,40.175,35.656
30.763,28.392,26.830,25.319,26.831,30.471,37.517,47.032,50.574,50.542,49.444,48.321,47.555,47.780,48.786,50.656,52.329,56.194,53.624,50.280,44.411,41.287,40.309,35.812
30.868,28.512,26.958,25.461,26.969,30.597,37.635,47.149,50.695,50.644,49.565,48.432,47.664,47.894,48.898,50.762,52.453,56.299,53.751,50.417,44.562,41.408,40.426,35.927
31.005,28.643,27.092,25.595,27.095,30.718,37.745,47.246,50.778,50.749,49.661,48.537,47.761,47.992,48.988,50.861,52.532,56.367,53.832,50.486,44.634,41.507,40.529,36.049
31.116,28.736,27.208,25.736,27.199,30.799,37.817,47.346,50.853,50.875,49.794,48.668,47.845,48.097,49.058,50.974,52.612,56.443,53.944,50.541,44.689,41.573,40.597,36.159
31.228,28.847,27.318,25.844,27.307,30.908,37.923,47.445,50.950,50.974,49.889,48.766,47.945,48.195,49.157,51.072,52.707,56.534,54.036,50.634,44.783,41.675,40.701,36.265
31.322,28.956,27.421,25.939,27.406,31.007,38.014,47.495,50.992,51.025,49.923,48.819,48.000,48.244,49.202,51.118,52.750,56.562,54.065,50.671,44.821,41.740,40.769,36.342
31.388,29.030,27.493,26.009,27.479,31.081,38.086,47.555,51.053,51.081,49.977,48.876,48.061,48.303,49.263,51.174,52.812,56.622,54.121,50.736,44.886,41.806,40.834,36.406
31.502,29.121,27.610,26.158,27.602,31.183,38.184,47.721,51.218,51.246,50.183,49.047,48.208,48.471,49.420,51.343,52.975,56.807,54.324,50.908,45.073,41.943,40.967,36.546
31.615,29.214,27.704,26.250,27.688,31.270,38.267,47.813,51.300,51.347,50.280,49.144,48.303,48.565,49.513,51.442,53.051,56.877,54.407,50.975,45.141,42.031,41.060,36.649
31.790,29.382,27.869,26.407,27.848,31.427,38.402,47.915,51.388,51.439,50.367,49.237,48.411,48.665,49.619,51.535,53.125,56.934,54.472,51.054,45.237,42.159,41.196,36.796
31.851,29.456,27.949,26.494,27.928,31.498,38.467,47.966,51.435,51.491,50.419,49.295,48.457,48.716,49.659,51.583,53.177,56.981,54.523,51.103,45.288,42.210,41.245,36.856
32.000,29.598,28.085,26.619,28.058,31.631,38.587,48.059,51.518,51.581,50.497,49.383,48.558,48.808,49.757,51.672,53.249,57.039,54.586,51.175,45.368,42.321,41.364,36.981
32.100,29.683,28.186,26.740,28.162,31.723,38.679,48.197,51.656,51.721,50.662,49.525,48.685,48.948,49.890,51.814,53.387,57.192,54.751,51.317,45.517,42.438,41.478,37.099
32.184,29.775,28.284,26.850,28.269,31.823,38.777,48.307,51.772,51.822,50.779,49.630,48.788,49.056,49.998,51.918,53.506,57.320,54.875,51.447,45.653,42.545,41.581,37.197
32.285,29.875,28.377,26.934,28.361,31.924,38.886,48.414,51.884,51.928,50.880,49.734,48.900,49.164,50.112,52.027,53.618,57.433,54.980,51.559,45.760,42.656,41.691,37.298
32.414,30.006,28.491,27.025,28.468,32.046,39.008,48.499,51.967,52.016,50.941,49.816,48.999,49.248,50.206,52.113,53.696,57.496,55.036,51.630,45.823,42.760,41.800,37.404
32.549,30.132,28.615,27.143,28.586,32.164,39.116,48.593,52.051,52.110,51.028,49.908,49.098,49.342,50.303,52.205,53.772,57.561,55.109,51.704,45.903,42.864,41.910,37.522
32.611,30.211,28.694,27.223,28.660,32.235,39.191,48.646,52.097,52.179,51.079,49.979,49.148,49.396,50.339,52.263,53.831,57.610,55.162,51.743,45.928,42.908,41.953,37.581
32.698,30.311,28.784,27.301,28.743,32.327,39.294,48.723,52.172,52.271,51.144,50.068,49.230,49.474,50.408,52.347,53.915,57.684,55.232,51.807,45.972,42.982,42.027,37.659
32.780,30.394,28.869,27.390,28.834,32.418,39.386,48.829,52.285,52.369,51.254,50.167,49.333,49.579,50.519,52.449,54.028,57.806,55.348,51.931,46.100,43.087,42.130,37.753
32.863,30.504,28.958,27.457,28.926,32.526,39.503,48.899,52.366,52.432,51.293,50.228,49.416,49.646,50.599,52.514,54.114,57.883,55.402,52.018,46.176,43.180,42.221,37.827
32.942,30.571,29.033,27.539,28.998,32.594,39.572,48.990,52.454,52.531,51.398,50.327,49.502,49.739,50.685,52.611,54.202,57.975,55.503,52.101,46.258,43.257,42.298,37.911
33.065,30.673,29.129,27.626,29.087,32.690,39.670,49.097,52.555,52.644,51.504,50.433,49.615,49.848,50.800,52.724,54.294,58.064,55.598,52.188,46.342,43.364,42.410,38.023
33.129,30.756,29.204,27.694,29.162,32.773,39.764,49.173,52.637,52.726,51.570,50.514,49.694,49.924,50.873,52.802,54.387,58.154,55.677,52.272,46.411,43.439,42.482,38.091
33.283,30.911,29.351,27.828,29.309,32.924,39.902,49.278,52.740,52.816,51.654,50.604,49.808,50.026,50.989,52.897,54.479,58.235,55.753,52.375,46.527,43.572,42.621,38.224
33.389,31.015,29.451,27.924,29.407,33.026,40.007,49.382,52.844,52.923,51.756,50.708,49.915,50.130,51.096,53.003,54.582,58.337,55.854,52.476,46.623,43.677,42.726,38.328
33.513,31.130,29.553,28.011,29.514,33.151,40.146,49.537,53.015,53.071,51.903,50.848,50.079,50.285,51.272,53.160,54.748,58.513,56.013,52.653,46.793,43.837,42.885,38.459
33.614,31.215,29.632,28.081,29.586,33.232,40.232,49.629,53.105,53.171,51.994,50.942,50.177,50.379,51.371,53.259,54.833,58.595,56.097,52.730,46.864,43.928,42.979,38.552
33.708,31.315,29.733,28.183,29.693,33.339,40.342,49.744,53.228,53.278,52.108,51.050,50.291,50.493,51.490,53.370,54.958,58.726,56.221,52.864,46.999,44.044,43.093,38.656
33.862,31.466,29.887,28.339,29.847,33.487,40.472,49.860,53.337,53.383,52.220,51.158,50.408,50.607,51.608,53.478,55.057,58.819,56.320,52.973,47.126,44.177,43.229,38.798
33.997,31.589,30.014,28.469,29.973,33.610,40.591,49.994,53.468,53.515,52.361,51.291,50.540,50.742,51.744,53.612,55.183,58.948,56.454,53.102,47.261,44.308,43.361,38.932
34.137,31.725,30.158,28.622,30.116,33.742,40.707,50.105,53.569,53.621,52.476,51.401,50.648,50.852,51.850,53.718,55.279,59.038,56.556,53.202,47.376,44.425,43.481,39.065
34.277,31.864,30.304,28.774,30.254,33.869,40.818,50.197,53.643,53.722,52.569,51.506,50.736,50.945,51.927,53.810,55.352,59.096,56.633,53.262,47.441,44.517,43.577,39.187
34.388,31.971,30.423,28.909,30.380,33.985,40.934,50.343,53.794,53.862,52.733,51.649,50.874,51.091,52.072,53.955,55.503,59.262,56.801,53.425,47.613,44.653,43.709,39.317
34.481,32.066,30.525,29.020,30.486,34.084,41.030,50.449,53.901,53.964,52.846,51.755,50.973,51.196,52.173,54.058,55.612,59.376,56.916,53.538,47.731,44.754,43.808,39.417
34.569,32.146,30.596,29.081,30.548,34.161,41.135,50.573,54.028,54.117,52.976,51.898,51.101,51.325,52.294,54.202,55.749,59.516,57.055,53.648,47.809,44.851,43.905,39.512
34.660,32.236,30.695,29.190,30.643,34.245,41.212,50.652,54.096,54.204,53.065,51.988,51.174,51.405,52.361,54.284,55.820,59.583,57.135,53.710,47.874,44.922,43.976,39.601
34.803,32.377,30.820,29.294,30.754,34.372,41.353,50.771,54.208,54.347,53.169,52.123,51.303,51.526,52.476,54.416,55.936,59.683,57.236,53.797,47.934,45.035,44.094,39.726
34.890,32.480,30.914,29.381,30.857,34.488,41.489,50.911,54.369,54.482,53.303,52.255,51.447,51.666,52.626,54.556,56.106,59.866,57.395,53.975,48.099,45.175,44.227,39.832
35.006,32.611,31.044,29.512,30.984,34.616,41.634,51.056,54.515,54.647,53.453,52.418,51.587,51.812,52.756,54.711,56.269,60.029,57.557,54.117,48.219,45.298,44.347,39.958
35.092,32.701,31.119,29.571,31.054,34.704,41.742,51.158,54.623,54.763,53.545,52.527,51.697,51.916,52.861,54.823,56.384,60.142,57.659,54.217,48.294,45.393,44.441,40.044
35.200,32.809,31.221,29.665,31.151,34.811,41.870,51.295,54.764,54.922,53.685,52.679,51.837,52.056,52.995,54.974,56.535,60.295,57.809,54.348,48.400,45.512,44.558,40.158
35.295,32.892,31.306,29.755,31.234,34.899,41.981,51.452,54.928,55.097,53.862,52.848,51.990,52.217,53.149,55.147,56.707,60.482,57.996,54.507,48.540,45.637,44.680,40.275
35.377,32.991,31.406,29.858,31.335,35.000,42.094,51.563,55.042,55.218,53.975,52.971,52.096,52.328,53.249,55.262,56.836,60.614,58.123,54.625,48.643,45.734,44.772,40.368
35.488,33.091,31.499,29.943,31.421,35.099,42.219,51.714,55.198,55.395,54.135,53.138,52.250,52.483,53.399,55.433,57.000,60.783,58.292,54.767,48.756,45.859,44.895,40.488
35.603,33.229,31.623,30.053,31.552,35.244,42.374,51.845,55.346,55.514,54.245,53.256,52.389,52.612,53.541,55.557,57.153,60.938,58.421,54.930,48.912,46.006,45.039,40.608
35.692,33.323,31.706,30.123,31.629,35.334,42.484,51.950,55.453,55.637,54.344,53.372,52.498,52.718,53.643,55.673,57.270,61.051,58.528,55.026,48.982,46.099,45.131,40.698
35.840,33.443,31.831,30.257,31.772,35.485,42.659,52.218,55.753,55.889,54.639,53.618,52.763,52.987,53.939,55.945,57.565,61.390,58.849,55.354,49.313,46.347,45.371,40.892
35.980,33.573,31.958,30.381,31.881,35.603,42.807,52.392,55.918,56.114,54.831,53.833,52.934,53.168,54.092,56.150,57.748,61.571,59.043,55.487,49.402,46.473,45.497,41.037
36.093,33.686,32.060,30.468,31.971,35.709,42.939,52.523,56.050,56.274,54.960,53.984,53.072,53.304,54.218,56.300,57.891,61.710,59.180,55.600,49.482,46.585,45.608,41.150
36.187,33.788,32.159,30.568,32.076,35.822,43.076,52.687,56.230,56.446,55.132,54.152,53.233,53.468,54.382,56.471,58.084,61.919,59.374,55.789,49.651,46.728,45.744,41.270
36.336,33.954,32.303,30.686,32.220,35.987,43.251,52.820,56.373,56.574,55.234,54.275,53.381,53.599,54.529,56.602,58.229,62.054,59.488,55.934,49.783,46.883,45.900,41.407
36.521,34.108,32.458,30.841,32.368,36.143,43.426,53.050,56.605,56.824,55.485,54.515,53.611,53.834,54.764,56.850,58.459,62.297,59.738,56.152,49.985,47.085,46.102,41.605
36.652,34.203,32.561,30.950,32.461,36.242,43.554,53.257,56.813,57.067,55.728,54.747,53.811,54.048,54.964,57.086,58.674,62.531,59.985,56.340,50.144,47.238,46.254,41.760
36.881,34.362,32.774,31.229,32.686,36.432,43.751,53.640,57.203,57.457,56.211,55.140,54.158,54.440,55.340,57.487,59.058,62.976,60.466,56.743,50.569,47.544,46.551,42.059
37.036,34.508,32.890,31.314,32.795,36.587,43.981,53.925,57.519,57.788,56.501,55.446,54.457,54.732,55.640,57.812,59.397,63.337,60.797,57.045,50.798,47.780,46.779,42.248
37.210,34.651,33.039,31.471,32.944,36.747,44.184,54.228,57.840,58.119,56.844,55.765,54.752,55.042,55.945,58.143,59.730,63.705,61.163,57.364,51.084,48.025,47.017,42.466
37.421,34.886,33.231,31.616,33.145,36.999,44.488,54.518,58.174,58.404,57.095,56.033,55.067,55.330,56.273,58.438,60.074,64.063,61.461,57.714,51.391,48.328,47.312,42.695
37.586,35.026,33.356,31.723,33.262,37.142,44.668,54.742,58.410,58.654,57.325,56.266,55.301,55.559,56.510,58.686,60.313,64.314,61.704,57.934,51.576,48.525,47.509,42.872
37.926,35.227,33.620,32.057,33.510,37.370,44.958,55.347,59.013,59.348,58.092,56.939,55.862,56.188,57.091,59.370,60.925,65.008,62.467,58.498,52.098,48.952,47.929,43.312
38.250,35.482,33.883,32.331,33.770,37.650,45.302,55.862,59.554,59.904,58.673,57.473,56.369,56.714,57.619,59.930,61.472,65.611,63.072,59.028,52.584,49.380,48.349,43.700
38.477,35.691,34.093,32.547,33.996,37.891,45.585,56.244,59.975,60.284,59.086,57.844,56.747,57.100,58.024,60.326,61.900,66.087,63.522,59.474,53.013,49.727,48.683,43.986
38.725,35.897,34.291,32.737,34.200,38.124,45.869,56.638,60.404,60.693,59.509,58.233,57.145,57.500,58.448,60.746,62.329,66.559,63.975,59.907,53.414,50.078,49.028,44.281
39.029,36.166,34.547,32.980,34.454,38.412,46.221,57.090,60.886,61.177,59.987,58.696,57.602,57.959,58.919,61.233,62.823,67.089,64.486,60.382,53.838,50.475,49.417,44.630
39.500,36.528,34.905,33.332,34.808,38.814,46.725,57.841,61.686,61.985,60.820,59.462,58.356,58.728,59.713,62.052,63.624,67.973,65.359,61.164,54.549,51.113,50.047,45.190
39.899,36.898,35.301,33.773,35.246,39.261,47.260,58.617,62.542,62.758,61.688,60.226,59.101,59.509,60.513,62.854,64.508,68.972,66.315,62.088,55.441,51.786,50.685,45.738
40.394,37.249,35.688,34.204,35.641,39.677,47.784,59.510,63.492,63.710,62.732,61.143,59.968,60.424,61.438,63.825,65.462,70.052,67.404,63.037,56.334,52.511,51.392,46.378
41.130,37.835,36.269,34.781,36.193,40.304,48.603,60.709,64.748,65.065,64.074,62.430,61.159,61.657,62.653,65.164,66.759,71.463,68.816,64.230,57.358,53.472,52.335,47.257
41.855,38.451,36.864,35.339,36.750,40.917,49.298,61.557,65.601,66.002,64.967,63.320,62.025,62.523,63.524,66.088,67.609,72.339,69.708,65.011,58.052,54.226,53.097,48.000
42.423,38.991,37.446,35.979,37.355,41.501,49.922,62.356,66.433,66.812,65.855,64.132,62.788,63.329,64.313,66.908,68.461,73.263,70.635,65.877,58.911,54.937,53.788,48.667
43.131,39.689,38.173,36.764,38.132,42.293,50.849,63.577,67.760,68.057,67.196,65.365,63.967,64.560,65.544,68.176,69.846,74.794,72.107,67.284,60.246,56.003,54.805,49.577
44.426,40.787,39.301,37.945,39.298,43.532,52.334,65.703,70.040,70.272,69.557,67.512,66.057,66.720,67.749,70.436,72.161,77.357,74.618,69.606,62.429,57.835,56.586,51.172
47.302,43.277,41.580,39.978,41.550,46.212,55.669,69.978,74.654,74.845,74.005,71.823,70.457,71.069,72.325,75.062,76.838,82.384,79.395,74.136,66.430,61.657,60.355,54.439
51.212,47.209,44.972,42.784,45.049,50.438,60.737,75.432,80.753,80.352,79.161,77.026,76.232,76.539,78.355,80.733,83.056,88.944,85.213,80.405,72.040,67.044,65.636,58.748
