17.095,15.478,15.776,15.202,14.203,14.525,24.657,34.687,44.498,42.677,43.864,42.753,38.439,34.229,30.391,26.595,24.043,28.071,30.322,35.717,34.211,30.992,28.780,21.087
22.633,21.743,22.206,21.684,20.679,20.923,28.885,38.146,45.378,44.823,45.299,44.539,40.483,37.539,33.428,30.147,28.382,31.910,34.315,38.429,38.421,35.852,33.784,28.260
24.324,23.425,23.722,23.144,22.234,22.594,30.109,39.051,45.685,45.054,45.655,44.770,41.173,38.296,34.432,31.322,29.667,33.080,35.449,39.643,39.291,36.839,35.084,29.877
25.723,24.757,24.810,24.323,23.487,24.177,31.190,39.741,45.731,45.059,45.833,44.906,41.543,39.270,35.477,32.659,31.128,33.959,36.304,40.259,40.081,37.607,36.043,31.655
26.662,25.711,25.670,25.269,24.449,25.316,31.975,40.312,45.749,45.301,46.092,45.209,41.862,40.073,36.221,33.581,32.157,34.596,36.949,40.613,40.791,38.312,36.780,33.002
27.322,26.379,26.286,25.939,25.141,26.088,32.492,40.587,45.751,45.348,46.148,45.299,42.008,40.483,36.669,34.159,32.799,34.995,37.309,40.778,41.117,38.664,37.167,33.736
27.744,26.784,26.668,26.349,25.574,26.535,32.838,40.720,45.834,45.385,46.208,45.375,42.145,40.688,36.976,34.537,33.183,35.265,37.507,40.893,41.220,38.787,37.318,33.968
28.107,27.163,27.059,26.739,25.972,26.905,33.139,40.925,45.900,45.550,46.355,45.534,42.343,40.878,37.218,34.801,33.461,35.541,37.752,41.103,41.411,39.015,37.561,34.221
28.542,27.630,27.559,27.242,26.482,27.356,33.500,41.147,46.084,45.751,46.512,45.722,42.565,41.082,37.490,35.098,33.777,35.863,38.026,41.309,41.618,39.278,37.827,34.486
28.845,27.909,27.829,27.533,26.790,27.659,33.775,41.258,46.204,45.838,46.621,45.839,42.724,41.216,37.751,35.400,34.064,36.085,38.178,41.416,41.681,39.351,37.909,34.560
29.091,28.183,28.129,27.802,27.072,27.871,33.927,41.329,46.300,45.866,46.623,45.845,42.807,41.249,37.806,35.453,34.130,36.242,38.302,41.572,41.713,39.447,38.047,34.610
29.345,28.457,28.366,28.007,27.286,28.127,34.089,41.561,46.396,45.942,46.712,45.885,42.934,41.368,37.929,35.585,34.306,36.437,38.554,41.878,41.984,39.736,38.407,35.075
29.510,28.596,28.462,28.117,27.408,28.303,34.229,41.652,46.416,45.950,46.762,45.922,43.003,41.507,38.086,35.780,34.503,36.552,38.661,41.973,42.074,39.810,38.509,35.263
29.751,28.873,28.751,28.390,27.681,28.557,34.405,41.831,46.520,46.047,46.844,45.985,43.127,41.629,38.201,35.898,34.654,36.736,38.862,42.166,42.277,40.050,38.768,35.564
29.896,29.017,28.874,28.502,27.805,28.693,34.492,41.888,46.531,46.074,46.854,46.014,43.160,41.657,38.261,35.975,34.743,36.822,38.946,42.272,42.326,40.114,38.875,35.699
30.086,29.217,29.065,28.679,27.990,28.880,34.627,42.011,46.580,46.102,46.901,46.027,43.251,41.741,38.361,36.084,34.870,36.962,39.091,42.434,42.452,40.260,39.055,35.903
30.198,29.333,29.173,28.800,28.113,29.020,34.716,42.059,46.606,46.112,46.907,46.044,43.269,41.821,38.438,36.187,34.987,37.028,39.153,42.449,42.518,40.329,39.125,36.052
30.350,29.463,29.276,28.912,28.234,29.172,34.857,42.158,46.655,46.165,46.993,46.120,43.369,41.953,38.595,36.367,35.162,37.151,39.263,42.558,42.605,40.405,39.219,36.180
30.472,29.576,29.375,29.011,28.342,29.290,34.952,42.211,46.690,46.176,47.020,46.139,43.421,42.008,38.680,36.467,35.264,37.235,39.333,42.631,42.645,40.449,39.284,36.258
30.598,29.690,29.459,29.080,28.421,29.396,35.043,42.322,46.777,46.212,47.088,46.174,43.511,42.087,38.771,36.563,35.365,37.342,39.454,42.805,42.751,40.554,39.432,36.420
30.740,29.840,29.629,29.259,28.599,29.547,35.188,42.413,46.885,46.338,47.194,46.302,43.623,42.194,38.900,36.697,35.495,37.468,39.555,42.867,42.832,40.647,39.506,36.474
30.883,29.976,29.759,29.383,28.728,29.675,35.319,42.536,47.024,46.447,47.314,46.412,43.756,42.303,39.029,36.825,35.620,37.603,39.685,43.019,42.942,40.759,39.632,36.580
31.002,30.108,29.905,29.523,28.868,29.791,35.419,42.615,47.108,46.526,47.377,46.480,43.837,42.357,39.100,36.894,35.693,37.702,39.776,43.108,43.015,40.851,39.727,36.653
31.082,30.185,29.973,29.596,28.944,29.878,35.486,42.658,47.125,46.546,47.403,46.506,43.872,42.414,39.164,36.971,35.774,37.759,39.827,43.147,43.060,40.896,39.778,36.733
31.222,30.327,30.120,29.758,29.104,30.040,35.636,42.780,47.222,46.680,47.529,46.649,43.990,42.574,39.317,37.135,35.940,37.889,39.948,43.223,43.190,41.023,39.887,36.875
31.344,30.438,30.236,29.885,29.233,30.158,35.771,42.864,47.344,46.793,47.646,46.778,44.111,42.685,39.459,37.283,36.073,38.006,40.037,43.295,43.252,41.083,39.935,36.892
31.460,30.570,30.383,30.026,29.374,30.277,35.867,42.947,47.416,46.875,47.707,46.846,44.186,42.746,39.525,37.348,36.148,38.101,40.130,43.377,43.338,41.187,40.040,36.992
31.570,30.678,30.491,30.138,29.487,30.390,35.978,43.041,47.513,46.972,47.806,46.948,44.286,42.851,39.637,37.464,36.262,38.206,40.227,43.465,43.429,41.278,40.127,37.080
31.723,30.833,30.660,30.310,29.656,30.541,36.142,43.187,47.688,47.151,47.975,47.128,44.453,43.002,39.798,37.621,36.412,38.365,40.373,43.599,43.565,41.418,40.254,37.177
31.829,30.940,30.755,30.399,29.749,30.645,36.224,43.273,47.744,47.195,48.026,47.168,44.519,43.072,39.871,37.700,36.499,38.451,40.466,43.707,43.655,41.511,40.367,37.312
31.949,31.050,30.866,30.513,29.863,30.755,36.364,43.409,47.920,47.358,48.196,47.338,44.681,43.218,40.026,37.849,36.636,38.590,40.597,43.845,43.778,41.628,40.476,37.388
32.050,31.139,30.942,30.596,29.947,30.864,36.479,43.532,48.025,47.472,48.325,47.465,44.797,43.370,40.164,37.995,36.780,38.700,40.713,43.954,43.909,41.741,40.588,37.534
32.193,31.301,31.129,30.781,30.131,31.009,36.598,43.604,48.107,47.560,48.384,47.540,44.879,43.421,40.242,38.072,36.863,38.810,40.803,44.021,43.972,41.832,40.673,37.589
32.261,31.363,31.177,30.835,30.188,31.086,36.661,43.659,48.128,47.588,48.424,47.577,44.920,43.495,40.312,38.155,36.949,38.865,40.859,44.068,44.033,41.886,40.733,37.689
32.339,31.448,31.266,30.919,30.273,31.161,36.723,43.714,48.179,47.634,48.463,47.616,44.971,43.533,40.358,38.201,36.999,38.929,40.922,44.133,44.085,41.950,40.802,37.752
32.469,31.584,31.401,31.050,30.405,31.294,36.838,43.832,48.278,47.733,48.560,47.709,45.075,43.639,40.463,38.307,37.113,39.046,41.044,44.258,44.209,42.079,40.939,37.900
32.551,31.662,31.481,31.132,30.491,31.369,36.909,43.857,48.320,47.757,48.586,47.738,45.119,43.666,40.522,38.373,37.173,39.106,41.083,44.293,44.216,42.094,40.959,37.903
32.647,31.738,31.536,31.191,30.557,31.460,37.005,43.935,48.393,47.809,48.665,47.806,45.203,43.766,40.637,38.500,37.294,39.194,41.165,44.384,44.284,42.149,41.027,37.982
32.726,31.815,31.609,31.262,30.633,31.534,37.068,43.977,48.433,47.833,48.694,47.832,45.247,43.802,40.692,38.560,37.354,39.254,41.217,44.441,44.318,42.189,41.078,38.029
32.813,31.894,31.683,31.346,30.718,31.628,37.163,44.050,48.500,47.907,48.776,47.919,45.326,43.904,40.798,38.676,37.466,39.337,41.290,44.496,44.389,42.252,41.135,38.103
32.904,31.991,31.779,31.436,30.808,31.718,37.238,44.132,48.566,47.970,48.836,47.974,45.394,43.968,40.860,38.738,37.535,39.417,41.377,44.590,44.475,42.345,41.238,38.213
33.021,32.087,31.859,31.525,30.901,31.833,37.369,44.246,48.687,48.078,48.968,48.101,45.522,44.114,41.017,38.904,37.691,39.537,41.489,44.703,44.580,42.433,41.328,38.312
33.118,32.185,31.954,31.620,30.999,31.931,37.451,44.311,48.738,48.126,49.017,48.150,45.582,44.178,41.090,38.983,37.773,39.615,41.562,44.772,44.643,42.501,41.402,38.395
33.204,32.267,32.023,31.688,31.069,32.017,37.528,44.396,48.801,48.183,49.085,48.209,45.653,44.262,41.171,39.070,37.863,39.694,41.649,44.868,44.732,42.586,41.500,38.516
33.321,32.397,32.167,31.827,31.207,32.135,37.633,44.492,48.900,48.287,49.172,48.302,45.749,44.340,41.255,39.150,37.948,39.800,41.751,44.964,44.828,42.697,41.608,38.610
33.420,32.480,32.233,31.897,31.281,32.230,37.741,44.602,49.010,48.384,49.290,48.412,45.863,44.469,41.384,39.285,38.077,39.906,41.858,45.081,44.935,42.789,41.707,38.720
33.488,32.545,32.290,31.951,31.337,32.295,37.801,44.670,49.068,48.431,49.345,48.459,45.922,44.529,41.445,39.347,38.141,39.970,41.927,45.162,45.002,42.855,41.784,38.805
33.595,32.640,32.378,32.040,31.432,32.391,37.903,44.740,49.157,48.494,49.423,48.531,46.012,44.606,41.551,39.459,38.245,40.066,42.006,45.250,45.054,42.906,41.843,38.845
33.695,32.742,32.478,32.143,31.534,32.500,37.999,44.833,49.228,48.577,49.504,48.615,46.094,44.707,41.645,39.559,38.349,40.157,42.100,45.332,45.155,43.006,41.943,38.969
33.809,32.849,32.569,32.221,31.619,32.593,38.088,44.927,49.326,48.629,49.575,48.664,46.185,44.769,41.728,39.641,38.432,40.258,42.204,45.480,45.236,43.091,42.059,39.069
33.901,32.934,32.642,32.285,31.689,32.668,38.166,45.013,49.421,48.689,49.651,48.723,46.272,44.833,41.806,39.717,38.506,40.346,42.295,45.604,45.311,43.167,42.155,39.150
34.000,33.032,32.744,32.387,31.792,32.765,38.265,45.099,49.518,48.782,49.742,48.818,46.367,44.921,41.902,39.814,38.600,40.442,42.384,45.689,45.392,43.250,42.236,39.220
34.070,33.109,32.833,32.481,31.884,32.841,38.335,45.143,49.566,48.844,49.791,48.879,46.419,44.971,41.960,39.874,38.661,40.502,42.432,45.716,45.434,43.299,42.274,39.251
34.183,33.234,32.972,32.614,32.017,32.952,38.434,45.228,49.659,48.935,49.867,48.959,46.507,45.035,42.036,39.946,38.736,40.602,42.526,45.807,45.515,43.396,42.371,39.327
34.259,33.306,33.043,32.695,32.099,33.036,38.511,45.274,49.697,48.982,49.915,49.016,46.558,45.104,42.115,40.035,38.823,40.665,42.576,45.834,45.557,43.437,42.406,39.375
34.417,33.464,33.209,32.858,32.263,33.186,38.672,45.427,49.876,49.151,50.080,49.183,46.726,45.249,42.271,40.186,38.969,40.826,42.730,45.994,45.700,43.585,42.552,39.490
34.477,33.523,33.260,32.906,32.314,33.243,38.713,45.460,49.895,49.158,50.093,49.188,46.752,45.273,42.305,40.226,39.013,40.868,42.772,46.044,45.731,43.620,42.601,39.547
34.621,33.659,33.401,33.059,32.464,33.392,38.887,45.618,50.077,49.353,50.289,49.396,46.932,45.465,42.497,40.418,39.194,41.030,42.922,46.173,45.884,43.762,42.722,39.658
34.713,33.754,33.498,33.156,32.560,33.488,38.980,45.719,50.170,49.455,50.387,49.496,47.026,45.566,42.589,40.509,39.288,41.124,43.020,46.267,45.991,43.869,42.827,39.772
34.818,33.864,33.609,33.255,32.660,33.582,39.072,45.833,50.290,49.558,50.489,49.588,47.134,45.648,42.671,40.583,39.366,41.231,43.136,46.409,46.105,43.990,42.959,39.889
34.902,33.956,33.709,33.359,32.762,33.676,39.154,45.901,50.348,49.634,50.553,49.662,47.200,45.722,42.744,40.659,39.445,41.306,43.206,46.458,46.176,44.066,43.027,39.964
34.958,34.010,33.755,33.404,32.808,33.733,39.204,45.959,50.389,49.674,50.599,49.703,47.247,45.780,42.797,40.715,39.505,41.358,43.265,46.522,46.240,44.128,43.096,40.051
35.042,34.090,33.835,33.493,32.898,33.825,39.290,46.013,50.436,49.730,50.655,49.767,47.306,45.856,42.883,40.811,39.598,41.429,43.324,46.559,46.290,44.177,43.140,40.106
35.145,34.196,33.943,33.593,33.001,33.917,39.373,46.085,50.514,49.788,50.712,49.819,47.380,45.904,42.949,40.876,39.665,41.515,43.406,46.655,46.353,44.251,43.226,40.174
35.275,34.332,34.078,33.724,33.130,34.051,39.506,46.251,50.668,49.952,50.873,49.977,47.531,46.063,43.086,41.007,39.802,41.658,43.565,46.819,46.533,44.428,43.402,40.364
35.408,34.467,34.218,33.867,33.269,34.188,39.648,46.399,50.819,50.114,51.029,50.138,47.680,46.215,43.230,41.148,39.942,41.800,43.707,46.955,46.684,44.578,43.544,40.504
35.486,34.552,34.303,33.943,33.349,34.260,39.703,46.450,50.864,50.145,51.057,50.160,47.724,46.241,43.266,41.185,39.984,41.860,43.769,47.029,46.732,44.639,43.618,40.572
35.608,34.658,34.389,34.033,33.442,34.379,39.828,46.578,50.982,50.249,51.185,50.276,47.850,46.385,43.412,41.338,40.134,41.984,43.895,47.167,46.858,44.750,43.740,40.714
35.737,34.796,34.539,34.189,33.595,34.523,39.957,46.692,51.078,50.375,51.295,50.401,47.957,46.512,43.531,41.461,40.262,42.103,44.010,47.250,46.982,44.880,43.856,40.849
35.868,34.929,34.678,34.328,33.733,34.653,40.092,46.820,51.218,50.515,51.430,50.540,48.093,46.638,43.663,41.591,40.389,42.236,44.138,47.375,47.104,45.005,43.977,40.955
36.015,35.078,34.831,34.483,33.886,34.804,40.250,46.988,51.389,50.697,51.608,50.722,48.262,46.812,43.826,41.750,40.549,42.394,44.300,47.531,47.277,45.174,44.138,41.117
36.206,35.287,35.064,34.719,34.115,35.008,40.447,47.178,51.583,50.926,51.806,50.941,48.454,47.002,44.006,41.925,40.728,42.587,44.489,47.688,47.476,45.385,44.325,41.298
36.394,35.479,35.266,34.930,34.325,35.206,40.631,47.323,51.722,51.082,51.952,51.100,48.605,47.163,44.180,42.106,40.910,42.755,44.641,47.808,47.618,45.534,44.463,41.440
36.560,35.629,35.413,35.091,34.485,35.375,40.833,47.509,51.937,51.301,52.182,51.338,48.818,47.392,44.411,42.341,41.129,42.944,44.817,47.971,47.796,45.693,44.605,41.573
36.758,35.820,35.602,35.286,34.676,35.576,41.058,47.759,52.195,51.574,52.459,51.617,49.072,47.663,44.661,42.586,41.369,43.171,45.052,48.202,48.053,45.936,44.834,41.808
36.899,35.948,35.727,35.422,34.815,35.720,41.212,47.872,52.322,51.699,52.593,51.759,49.207,47.810,44.826,42.762,41.534,43.307,45.168,48.300,48.153,46.028,44.919,41.889
37.027,36.067,35.829,35.523,34.918,35.845,41.339,48.020,52.454,51.821,52.733,51.886,49.343,47.961,44.969,42.907,41.680,43.440,45.312,48.460,48.306,46.170,45.072,42.065
37.237,36.282,36.051,35.736,35.132,36.043,41.543,48.224,52.685,52.033,52.940,52.089,49.558,48.139,45.160,43.090,41.861,43.652,45.520,48.686,48.499,46.373,45.280,42.235
37.518,36.591,36.404,36.075,35.467,36.308,41.808,48.467,52.989,52.328,53.192,52.357,49.830,48.325,45.375,43.283,42.054,43.925,45.775,48.943,48.723,46.634,45.530,42.392
37.673,36.747,36.555,36.220,35.616,36.457,41.944,48.595,53.109,52.431,53.299,52.457,49.952,48.437,45.499,43.410,42.185,44.063,45.912,49.092,48.847,46.765,45.676,42.537
37.828,36.890,36.695,36.368,35.766,36.612,42.113,48.743,53.273,52.591,53.469,52.630,50.118,48.610,45.683,43.599,42.364,44.222,46.059,49.230,48.985,46.894,45.798,42.653
38.002,37.066,36.869,36.536,35.933,36.778,42.281,48.930,53.464,52.772,53.650,52.803,50.301,48.778,45.848,43.759,42.526,44.401,46.245,49.435,49.173,47.084,45.996,42.843
38.146,37.210,37.001,36.647,36.057,36.896,42.372,49.003,53.534,52.781,53.673,52.804,50.367,48.795,45.907,43.821,42.593,44.503,46.343,49.580,49.225,47.157,46.113,42.934
38.342,37.409,37.209,36.851,36.259,37.085,42.571,49.208,53.764,53.004,53.889,53.020,50.583,48.986,46.101,44.006,42.776,44.708,46.547,49.794,49.426,47.362,46.314,43.107
38.578,37.636,37.436,37.092,36.497,37.332,42.837,49.464,54.026,53.288,54.177,53.319,50.851,49.285,46.391,44.301,43.062,44.961,46.793,50.014,49.684,47.604,46.537,43.342
38.877,37.929,37.752,37.424,36.822,37.632,43.189,49.792,54.427,53.707,54.583,53.750,51.232,49.652,46.764,44.664,43.404,45.299,47.106,50.296,49.996,47.907,46.798,43.546
39.108,38.147,37.957,37.628,37.028,37.855,43.425,50.041,54.681,53.943,54.838,53.994,51.483,49.906,47.017,44.918,43.653,45.540,47.352,50.560,50.242,48.142,47.041,43.791
39.317,38.379,38.186,37.856,37.249,38.096,43.618,50.285,54.831,54.150,55.026,54.184,51.660,50.144,47.198,45.103,43.866,45.740,47.589,50.775,50.533,48.436,47.335,44.178
39.617,38.662,38.464,38.133,37.534,38.374,43.915,50.536,55.132,54.403,55.298,54.449,51.951,50.396,47.498,45.406,44.153,46.030,47.852,51.057,50.750,48.653,47.564,44.355
39.873,38.926,38.722,38.380,37.783,38.628,44.150,50.803,55.370,54.637,55.531,54.671,52.190,50.633,47.722,45.628,44.386,46.279,48.120,51.345,51.028,48.937,47.864,44.673
40.115,39.216,39.050,38.683,38.087,38.867,44.312,50.930,55.473,54.739,55.579,54.728,52.292,50.669,47.788,45.688,44.474,46.450,48.284,51.504,51.155,49.126,48.071,44.850
40.468,39.543,39.340,38.947,38.360,39.173,44.662,51.357,55.940,55.117,56.007,55.106,52.722,51.045,48.169,46.052,44.827,46.841,48.702,52.030,51.565,49.518,48.509,45.245
40.893,39.977,39.791,39.421,38.820,39.635,45.134,51.842,56.406,55.663,56.528,55.658,53.201,51.586,48.662,46.545,45.321,47.297,49.164,52.428,52.078,50.017,48.961,45.739
41.325,40.408,40.227,39.884,39.279,40.101,45.587,52.243,56.774,56.086,56.943,56.101,53.603,52.056,49.125,47.028,45.804,47.715,49.563,52.755,52.489,50.419,49.332,46.164
41.874,40.900,40.666,40.364,39.753,40.677,46.242,52.961,57.472,56.828,57.748,56.901,54.324,52.915,49.911,47.829,46.579,48.355,50.227,53.397,53.234,51.077,49.958,46.890
42.534,41.512,41.245,40.964,40.357,41.331,46.957,53.666,58.211,57.546,58.518,57.662,55.066,53.699,50.699,48.628,47.351,49.054,50.914,54.089,53.923,51.718,50.593,47.534
43.307,42.284,42.014,41.778,41.145,42.182,47.836,54.636,59.098,58.589,59.548,58.729,55.990,54.801,51.664,49.599,48.327,49.915,51.820,54.895,54.972,52.707,51.503,48.596
44.190,43.126,42.761,42.527,41.896,43.081,48.743,55.712,60.038,59.535,60.579,59.700,56.966,55.922,52.674,50.622,49.365,50.855,52.852,55.990,56.112,53.772,52.611,49.892
46.158,45.187,44.851,44.615,43.904,45.175,50.877,58.395,62.511,62.336,63.273,62.417,59.414,58.602,54.911,52.768,51.585,53.107,55.358,58.456,59.049,56.633,55.353,52.912
