-11.335,-15.867,-15.844,-17.934,-18.914,-16.861,-20.018,-24.384,-21.934,-19.235,-18.809,-23.032,-28.581,-39.078,-42.349,-41.124,-32.492,-19.539,-9.948,0.196,-12.148,-15.573,-13.008,-17.834
-8.313,-12.508,-13.929,-15.656,-16.082,-14.089,-16.848,-20.702,-18.419,-16.611,-16.423,-20.734,-26.027,-35.760,-39.070,-38.071,-30.184,-16.922,-7.323,2.053,-7.795,-11.107,-8.815,-14.054
-5.976,-9.805,-11.739,-13.271,-13.609,-11.855,-14.062,-17.323,-15.215,-14.142,-14.429,-18.694,-23.944,-33.017,-36.244,-35.060,-27.720,-14.333,-4.845,3.503,-3.140,-6.837,-5.144,-11.091
-3.408,-7.042,-8.922,-10.373,-10.735,-9.200,-11.180,-14.165,-12.207,-11.356,-11.875,-15.977,-21.145,-29.719,-32.772,-31.472,-24.515,-11.408,-2.406,5.398,0.283,-3.596,-2.179,-8.162
-2.250,-5.775,-7.588,-9.005,-9.414,-8.016,-9.843,-12.655,-10.777,-10.068,-10.756,-14.778,-19.940,-28.261,-31.222,-29.811,-23.039,-10.031,-1.260,6.214,2.116,-1.939,-0.719,-6.812
-0.923,-4.432,-6.213,-7.600,-7.983,-6.689,-8.528,-11.312,-9.507,-8.796,-9.540,-13.491,-18.628,-26.748,-29.617,-28.198,-21.582,-8.666,-0.237,7.187,3.440,-0.656,0.558,-5.360
-0.146,-3.639,-5.540,-6.893,-7.205,-5.897,-7.754,-10.536,-8.744,-8.055,-8.760,-12.703,-17.776,-25.823,-28.687,-27.337,-20.797,-7.938,0.433,7.856,4.028,0.029,1.289,-4.532
0.711,-2.699,-4.545,-5.878,-6.220,-4.957,-6.722,-9.406,-7.648,-7.024,-7.776,-11.656,-16.675,-24.579,-27.395,-26.013,-19.581,-6.896,1.375,8.581,5.126,1.110,2.269,-3.580
1.242,-2.185,-3.755,-5.136,-5.583,-4.349,-6.140,-8.859,-7.101,-6.357,-7.104,-10.930,-15.966,-23.902,-26.674,-25.235,-18.751,-6.207,1.962,9.190,5.556,1.499,2.655,-3.114
1.923,-1.472,-3.131,-4.475,-4.872,-3.679,-5.447,-8.121,-6.401,-5.717,-6.497,-10.300,-15.304,-23.110,-25.850,-24.427,-18.055,-5.536,2.505,9.660,6.311,2.256,3.393,-2.333
2.421,-0.918,-2.506,-3.842,-4.284,-3.159,-4.842,-7.427,-5.743,-5.124,-5.995,-9.756,-14.766,-22.461,-25.156,-23.661,-17.365,-4.900,3.044,10.022,7.189,3.030,4.054,-1.752
2.765,-0.542,-2.147,-3.471,-3.912,-2.793,-4.438,-6.985,-5.309,-4.729,-5.613,-9.361,-14.348,-21.997,-24.685,-23.188,-16.930,-4.510,3.428,10.326,7.628,3.472,4.461,-1.372
3.127,-0.190,-1.856,-3.170,-3.569,-2.420,-4.101,-6.677,-4.994,-4.395,-5.226,-8.979,-13.931,-21.585,-24.283,-22.841,-16.591,-4.200,3.743,10.696,7.761,3.690,4.737,-1.019
3.403,0.042,-1.549,-2.883,-3.293,-2.142,-3.893,-6.535,-4.847,-4.158,-4.953,-8.701,-13.664,-21.361,-24.050,-22.619,-16.329,-3.951,3.933,11.004,7.789,3.738,4.851,-0.794
3.850,0.523,-1.014,-2.342,-2.775,-1.663,-3.372,-5.968,-4.304,-3.639,-4.472,-8.184,-13.134,-20.754,-23.409,-21.947,-15.712,-3.409,4.391,11.361,8.383,4.295,5.355,-0.298
4.423,1.115,-0.382,-1.699,-2.134,-1.066,-2.769,-5.343,-3.710,-3.043,-3.899,-7.569,-12.497,-20.023,-22.634,-21.164,-15.000,-2.780,4.871,11.792,8.963,4.864,5.909,0.330
4.722,1.398,0.181,-1.185,-1.734,-0.710,-2.424,-5.020,-3.390,-2.623,-3.502,-7.123,-12.091,-19.645,-22.210,-20.659,-14.443,-2.322,5.228,12.152,9.286,5.101,6.118,0.575
4.947,1.644,0.398,-0.960,-1.498,-0.451,-2.152,-4.736,-3.101,-2.346,-3.200,-6.815,-11.747,-19.292,-21.865,-20.339,-14.137,-2.074,5.510,12.402,9.456,5.326,6.344,0.805
5.187,1.909,0.638,-0.704,-1.249,-0.275,-1.911,-4.423,-2.823,-2.157,-3.123,-6.736,-11.716,-19.175,-21.722,-20.128,-13.987,-1.823,5.689,12.472,10.129,5.857,6.781,1.132
5.469,2.197,0.928,-0.409,-0.948,0.018,-1.621,-4.129,-2.538,-1.869,-2.832,-6.433,-11.399,-18.830,-21.365,-19.778,-13.661,-1.529,5.940,12.714,10.377,6.116,7.045,1.430
5.759,2.516,1.285,-0.049,-0.608,0.344,-1.262,-3.737,-2.156,-1.504,-2.483,-6.059,-11.008,-18.394,-20.912,-19.309,-13.223,-1.162,6.276,12.972,10.752,6.483,7.374,1.746
6.049,2.807,1.567,0.237,-0.309,0.647,-0.969,-3.451,-1.871,-1.210,-2.172,-5.742,-10.672,-18.045,-20.559,-18.974,-12.902,-0.873,6.543,13.248,10.958,6.720,7.628,2.040
6.283,3.062,1.802,0.485,-0.057,0.877,-0.710,-3.158,-1.594,-0.971,-1.964,-5.525,-10.451,-17.771,-20.272,-18.675,-12.645,-0.619,6.760,13.404,11.319,7.054,7.929,2.318
6.544,3.331,2.038,0.735,0.212,1.125,-0.457,-2.890,-1.343,-0.741,-1.751,-5.305,-10.225,-17.496,-19.983,-18.389,-12.400,-0.370,6.950,13.575,11.615,7.341,8.210,2.618
6.718,3.530,2.272,0.967,0.419,1.323,-0.224,-2.625,-1.081,-0.500,-1.531,-5.071,-9.989,-17.241,-19.720,-18.102,-12.124,-0.130,7.197,13.751,11.916,7.619,8.444,2.806
6.938,3.757,2.481,1.185,0.652,1.552,0.005,-2.390,-0.854,-0.278,-1.304,-4.836,-9.735,-16.956,-19.428,-17.823,-11.873,0.093,7.387,13.929,12.100,7.823,8.654,3.046
7.191,4.052,2.862,1.558,0.972,1.863,0.375,-1.973,-0.438,0.118,-0.931,-4.434,-9.321,-16.519,-18.978,-17.334,-11.392,0.479,7.788,14.213,12.520,8.219,8.981,3.308
7.426,4.311,3.179,1.872,1.253,2.110,0.664,-1.644,-0.124,0.409,-0.686,-4.169,-9.067,-16.225,-18.662,-16.975,-11.056,0.791,8.061,14.405,12.952,8.590,9.293,3.574
7.631,4.505,3.354,2.053,1.456,2.318,0.841,-1.490,0.028,0.583,-0.488,-3.967,-8.848,-15.997,-18.430,-16.770,-10.864,0.965,8.196,14.582,13.010,8.686,9.428,3.778
7.788,4.658,3.506,2.204,1.615,2.493,0.998,-1.349,0.174,0.751,-0.290,-3.767,-8.630,-15.789,-18.225,-16.588,-10.676,1.119,8.354,14.765,13.043,8.761,9.530,3.921
7.955,4.813,3.617,2.325,1.762,2.625,1.115,-1.238,0.274,0.842,-0.210,-3.692,-8.564,-15.699,-18.128,-16.498,-10.609,1.231,8.419,14.856,13.204,8.910,9.693,4.110
8.131,5.000,3.768,2.484,1.939,2.821,1.313,-1.038,0.478,1.039,0.011,-3.470,-8.312,-15.440,-17.877,-16.274,-10.397,1.407,8.615,15.042,13.306,9.062,9.857,4.289
8.299,5.172,3.951,2.670,2.124,2.988,1.483,-0.860,0.646,1.204,0.162,-3.309,-8.153,-15.252,-17.675,-16.064,-10.208,1.587,8.749,15.162,13.504,9.243,10.031,4.476
8.421,5.287,4.063,2.785,2.245,3.087,1.575,-0.767,0.727,1.283,0.222,-3.248,-8.105,-15.183,-17.595,-15.975,-10.134,1.690,8.801,15.224,13.658,9.369,10.156,4.616
8.654,5.531,4.290,3.022,2.491,3.325,1.822,-0.507,0.977,1.518,0.450,-3.011,-7.855,-14.897,-17.300,-15.684,-9.874,1.931,9.009,15.405,13.909,9.624,10.404,4.875
8.818,5.710,4.410,3.158,2.654,3.495,2.001,-0.313,1.167,1.681,0.622,-2.838,-7.655,-14.665,-17.070,-15.479,-9.701,2.083,9.161,15.532,14.052,9.801,10.584,5.065
8.973,5.871,4.588,3.335,2.826,3.670,2.177,-0.137,1.345,1.867,0.817,-2.635,-7.441,-14.448,-16.850,-15.262,-9.486,2.262,9.337,15.698,14.176,9.941,10.724,5.217
9.181,6.088,4.786,3.540,3.046,3.900,2.403,0.089,1.569,2.093,1.065,-2.379,-7.157,-14.145,-16.544,-14.980,-9.224,2.477,9.539,15.893,14.299,10.106,10.904,5.433
9.331,6.240,4.913,3.673,3.197,4.067,2.558,0.235,1.718,2.249,1.248,-2.193,-6.946,-13.929,-16.332,-14.795,-9.049,2.617,9.681,16.046,14.339,10.194,11.015,5.582
9.488,6.405,5.092,3.854,3.373,4.229,2.730,0.419,1.894,2.419,1.404,-2.027,-6.778,-13.736,-16.128,-14.582,-8.853,2.797,9.829,16.168,14.538,10.380,11.186,5.755
9.638,6.559,5.212,3.981,3.520,4.390,2.885,0.571,2.047,2.569,1.576,-1.854,-6.582,-13.531,-15.927,-14.406,-8.691,2.934,9.970,16.313,14.607,10.490,11.315,5.910
9.817,6.754,5.296,4.091,3.673,4.539,3.054,0.769,2.235,2.698,1.689,-1.754,-6.471,-13.376,-15.778,-14.275,-8.605,3.064,10.104,16.413,14.868,10.756,11.570,6.138
9.952,6.890,5.408,4.210,3.803,4.658,3.176,0.898,2.356,2.804,1.782,-1.663,-6.383,-13.267,-15.664,-14.160,-8.508,3.182,10.199,16.502,15.041,10.916,11.725,6.292
10.023,6.976,5.463,4.272,3.871,4.722,3.264,1.009,2.464,2.879,1.840,-1.608,-6.328,-13.196,-15.597,-14.087,-8.449,3.257,10.292,16.555,15.210,11.073,11.857,6.383
10.188,7.132,5.626,4.434,4.042,4.907,3.422,1.143,2.602,3.049,2.044,-1.398,-6.097,-12.971,-15.369,-13.885,-8.246,3.416,10.433,16.733,15.212,11.122,11.943,6.533
10.316,7.266,5.794,4.599,4.191,5.037,3.564,1.298,2.748,3.192,2.165,-1.266,-5.975,-12.831,-15.217,-13.712,-8.081,3.574,10.560,16.835,15.416,11.294,12.093,6.673
10.471,7.425,5.931,4.745,4.349,5.180,3.710,1.453,2.892,3.321,2.280,-1.148,-5.856,-12.679,-15.056,-13.551,-7.947,3.718,10.664,16.927,15.605,11.471,12.265,6.854
10.614,7.594,6.070,4.896,4.505,5.328,3.893,1.673,3.104,3.490,2.429,-0.994,-5.691,-12.476,-14.850,-13.339,-7.768,3.885,10.835,17.030,15.864,11.722,12.482,7.031
10.753,7.754,6.253,5.080,4.672,5.487,4.082,1.889,3.316,3.684,2.607,-0.804,-5.495,-12.260,-14.626,-13.099,-7.541,4.078,11.028,17.164,16.100,11.943,12.669,7.185
10.920,7.917,6.503,5.318,4.875,5.662,4.255,2.061,3.479,3.872,2.772,-0.620,-5.329,-12.083,-14.427,-12.866,-7.307,4.292,11.178,17.308,16.312,12.109,12.819,7.352
11.098,8.104,6.733,5.544,5.084,5.862,4.465,2.280,3.693,4.092,2.988,-0.389,-5.093,-11.833,-14.166,-12.594,-7.041,4.516,11.378,17.482,16.509,12.300,12.996,7.533
11.248,8.268,6.836,5.661,5.225,6.011,4.627,2.458,3.870,4.238,3.136,-0.244,-4.930,-11.647,-13.986,-12.431,-6.904,4.651,11.529,17.606,16.672,12.486,13.179,7.705
11.339,8.375,6.918,5.750,5.320,6.108,4.744,2.594,4.004,4.347,3.241,-0.139,-4.814,-11.515,-13.856,-12.304,-6.792,4.753,11.647,17.687,16.814,12.634,13.310,7.813
11.455,8.486,7.057,5.886,5.447,6.216,4.849,2.701,4.102,4.451,3.328,-0.046,-4.733,-11.420,-13.749,-12.181,-6.676,4.877,11.727,17.768,16.965,12.756,13.425,7.936
11.616,8.666,7.275,6.102,5.638,6.385,5.052,2.934,4.327,4.655,3.497,0.136,-4.560,-11.223,-13.539,-11.938,-6.446,5.093,11.928,17.906,17.282,13.027,13.650,8.117
11.805,8.857,7.512,6.337,5.855,6.570,5.242,3.135,4.512,4.844,3.656,0.311,-4.399,-11.030,-13.323,-11.696,-6.223,5.311,12.075,18.035,17.546,13.246,13.850,8.326
11.963,9.023,7.689,6.517,6.029,6.718,5.406,3.319,4.683,4.998,3.779,0.442,-4.286,-10.876,-13.155,-11.507,-6.057,5.487,12.207,18.134,17.811,13.471,14.049,8.511
12.061,9.122,7.806,6.634,6.132,6.785,5.492,3.425,4.776,5.069,3.801,0.466,-4.278,-10.861,-13.126,-11.441,-6.003,5.591,12.273,18.173,18.083,13.670,14.212,8.633
12.177,9.235,7.926,6.753,6.251,6.903,5.603,3.530,4.879,5.181,3.917,0.585,-4.166,-10.741,-13.002,-11.319,-5.882,5.706,12.374,18.284,18.169,13.760,14.309,8.748
12.403,9.473,8.135,6.975,6.488,7.128,5.837,3.781,5.118,5.399,4.124,0.800,-3.939,-10.469,-12.721,-11.043,-5.643,5.932,12.561,18.442,18.377,14.016,14.557,9.007
12.517,9.587,8.223,7.064,6.593,7.267,5.963,3.890,5.241,5.536,4.306,0.977,-3.732,-10.286,-12.553,-10.911,-5.499,6.036,12.712,18.615,18.388,14.045,14.620,9.098
12.572,9.627,8.283,7.115,6.637,7.322,5.999,3.904,5.265,5.585,4.371,1.036,-3.682,-10.271,-12.545,-10.905,-5.464,6.080,12.776,18.718,18.424,14.048,14.636,9.124
12.668,9.734,8.331,7.170,6.710,7.428,6.117,4.029,5.403,5.700,4.509,1.159,-3.537,-10.145,-12.443,-10.828,-5.380,6.161,12.939,18.868,18.450,14.162,14.757,9.214
12.815,9.881,8.483,7.322,6.863,7.586,6.269,4.176,5.551,5.858,4.677,1.332,-3.354,-9.960,-12.257,-10.651,-5.204,6.314,13.085,19.018,18.546,14.277,14.880,9.357
12.930,10.002,8.628,7.463,6.991,7.716,6.406,4.316,5.693,6.004,4.825,1.485,-3.199,-9.809,-12.105,-10.492,-5.040,6.456,13.235,19.154,18.671,14.402,14.997,9.466
13.176,10.259,8.848,7.696,7.247,7.971,6.662,4.581,5.950,6.247,5.076,1.744,-2.916,-9.488,-11.777,-10.185,-4.769,6.697,13.445,19.347,18.877,14.636,15.238,9.739
13.270,10.357,8.908,7.761,7.324,8.057,6.756,4.682,6.055,6.334,5.164,1.822,-2.835,-9.412,-11.712,-10.128,-4.711,6.774,13.557,19.452,18.993,14.760,15.360,9.836
13.493,10.588,9.147,8.006,7.567,8.272,6.983,4.926,6.283,6.548,5.349,2.019,-2.644,-9.178,-11.460,-9.859,-4.474,7.012,13.734,19.599,19.299,15.033,15.612,10.091
13.649,10.742,9.262,8.131,7.714,8.410,7.114,5.060,6.407,6.660,5.456,2.124,-2.536,-9.043,-11.320,-9.728,-4.368,7.136,13.824,19.695,19.448,15.182,15.769,10.269
13.839,10.935,9.483,8.352,7.930,8.616,7.315,5.258,6.599,6.866,5.664,2.347,-2.304,-8.792,-11.054,-9.463,-4.117,7.349,13.991,19.859,19.600,15.339,15.930,10.466
14.021,11.123,9.624,8.507,8.109,8.788,7.490,5.445,6.775,7.021,5.813,2.497,-2.142,-8.593,-10.851,-9.272,-3.960,7.510,14.122,19.976,19.790,15.537,16.129,10.678
14.167,11.282,9.848,8.722,8.291,8.957,7.681,5.651,6.979,7.228,6.003,2.703,-1.941,-8.386,-10.632,-9.026,-3.711,7.722,14.324,20.135,20.017,15.737,16.298,10.824
14.274,11.387,9.927,8.804,8.382,9.047,7.772,5.745,7.073,7.308,6.077,2.768,-1.882,-8.327,-10.577,-8.971,-3.658,7.806,14.416,20.230,20.155,15.866,16.425,10.937
14.414,11.546,10.114,8.987,8.546,9.222,7.972,5.962,7.296,7.526,6.300,3.001,-1.663,-8.120,-10.351,-8.727,-3.408,8.003,14.652,20.419,20.326,16.051,16.588,11.069
14.501,11.613,10.280,9.135,8.650,9.282,8.026,6.009,7.331,7.589,6.317,3.025,-1.635,-8.085,-10.339,-8.683,-3.345,8.112,14.693,20.479,20.533,16.162,16.677,11.149
14.731,11.866,10.572,9.430,8.922,9.515,8.297,6.321,7.624,7.852,6.529,3.258,-1.441,-7.842,-10.048,-8.341,-3.039,8.404,14.925,20.632,20.960,16.526,16.985,11.421
14.848,12.001,10.774,9.622,9.075,9.659,8.472,6.519,7.823,8.046,6.704,3.448,-1.256,-7.657,-9.856,-8.116,-2.807,8.597,15.129,20.779,21.191,16.726,17.144,11.535
14.963,12.126,10.945,9.781,9.206,9.805,8.635,6.688,8.004,8.234,6.901,3.649,-1.051,-7.479,-9.685,-7.935,-2.600,8.765,15.349,20.973,21.326,16.868,17.269,11.626
15.077,12.260,11.139,9.969,9.356,9.929,8.797,6.883,8.191,8.403,7.029,3.790,-0.926,-7.336,-9.527,-7.733,-2.403,8.950,15.520,21.075,21.629,17.111,17.456,11.756
15.242,12.444,11.461,10.270,9.585,10.123,9.035,7.156,8.455,8.670,7.246,4.035,-0.706,-7.107,-9.271,-7.407,-2.070,9.238,15.780,21.252,22.011,17.410,17.684,11.922
15.373,12.537,11.645,10.436,9.723,10.224,9.097,7.182,8.472,8.742,7.296,4.093,-0.694,-7.104,-9.251,-7.354,-1.993,9.357,15.806,21.352,22.098,17.453,17.744,12.033
15.561,12.703,11.708,10.515,9.864,10.385,9.210,7.260,8.551,8.830,7.424,4.203,-0.565,-6.977,-9.132,-7.293,-1.945,9.438,15.874,21.502,22.120,17.497,17.856,12.224
15.734,12.901,11.926,10.734,10.063,10.583,9.443,7.523,8.813,9.070,7.651,4.439,-0.320,-6.717,-8.871,-7.015,-1.677,9.669,16.126,21.687,22.376,17.765,18.086,12.408
16.014,13.191,12.133,10.961,10.334,10.867,9.721,7.805,9.090,9.328,7.931,4.719,-0.005,-6.368,-8.525,-6.711,-1.411,9.914,16.361,21.919,22.562,18.008,18.353,12.715
16.173,13.380,12.311,11.142,10.508,11.058,9.951,8.067,9.360,9.564,8.169,4.960,0.257,-6.102,-8.269,-6.455,-1.160,10.123,16.633,22.120,22.800,18.265,18.576,12.881
16.344,13.573,12.393,11.242,10.644,11.230,10.149,8.285,9.590,9.742,8.367,5.137,0.462,-5.901,-8.097,-6.317,-1.032,10.262,16.872,22.324,22.987,18.504,18.811,13.063
16.618,13.856,12.871,11.690,11.001,11.531,10.482,8.642,9.933,10.113,8.676,5.484,0.767,-5.582,-7.738,-5.869,-0.571,10.676,17.206,22.592,23.479,18.882,19.119,13.334
17.063,14.312,13.378,12.204,11.507,11.993,10.946,9.122,10.384,10.572,9.110,5.955,1.249,-5.021,-7.135,-5.252,-0.012,11.172,17.561,22.910,23.942,19.321,19.544,13.824
17.332,14.610,13.652,12.489,11.795,12.279,11.268,9.480,10.737,10.886,9.413,6.265,1.578,-4.656,-6.769,-4.884,0.326,11.477,17.878,23.155,24.217,19.688,19.878,14.122
17.590,14.840,13.854,12.692,12.035,12.552,11.473,9.626,10.892,11.101,9.698,6.549,1.894,-4.364,-6.483,-4.660,0.560,11.673,18.052,23.436,24.304,19.697,19.976,14.348
17.768,15.009,14.163,12.969,12.244,12.757,11.683,9.823,11.103,11.358,9.948,6.809,2.125,-4.190,-6.306,-4.436,0.844,11.930,18.335,23.722,24.441,19.877,20.134,14.474
18.074,15.314,14.417,13.232,12.528,13.046,11.970,10.113,11.392,11.630,10.222,7.072,2.391,-3.919,-6.041,-4.185,1.086,12.200,18.616,24.009,24.744,20.190,20.454,14.790
18.599,15.800,14.820,13.653,13.029,13.572,12.396,10.463,11.737,12.043,10.722,7.575,2.946,-3.345,-5.463,-3.704,1.536,12.607,18.923,24.463,24.782,20.361,20.756,15.309
18.871,16.055,15.220,14.024,13.327,13.817,12.655,10.727,11.992,12.321,10.931,7.794,3.093,-3.219,-5.313,-3.467,1.811,12.936,19.203,24.736,25.287,20.729,21.071,15.565
19.147,16.351,15.377,14.201,13.551,14.092,12.951,11.039,12.323,12.595,11.236,8.069,3.401,-2.927,-5.061,-3.262,2.012,13.160,19.556,25.065,25.549,21.061,21.409,15.847
19.432,16.627,15.797,14.586,13.869,14.426,13.280,11.345,12.651,12.986,11.648,8.491,3.810,-2.594,-4.731,-2.903,2.445,13.532,19.981,25.505,25.786,21.293,21.636,16.060
19.884,17.086,16.058,14.877,14.214,14.749,13.658,11.780,13.075,13.275,11.849,8.634,3.895,-2.486,-4.653,-2.802,2.518,13.848,20.377,25.855,26.648,22.052,22.334,16.581
20.508,17.668,16.697,15.501,14.803,15.257,14.163,12.286,13.557,13.750,12.216,8.981,4.128,-2.259,-4.405,-2.461,2.882,14.415,20.859,26.379,27.601,22.809,23.046,17.220
22.004,18.838,18.688,17.325,16.364,16.456,15.047,12.895,14.063,14.713,12.923,9.752,4.460,-2.034,-3.964,-1.678,3.860,15.816,21.425,27.540,29.142,23.686,24.021,18.570
