-8.657,-10.851,-10.162,-7.458,-5.530,-4.538,-5.660,-1.125,2.769,0.738,-3.199,-5.077,-6.196,-10.888,-15.634,-16.117,-13.471,-4.070,8.070,16.570,18.933,15.300,12.757,8.750
-2.852,-3.367,-2.992,-0.802,1.024,2.356,1.817,9.210,5.673,6.978,3.651,0.357,-1.799,-6.433,-10.942,-11.012,-8.440,4.264,14.402,22.941,26.153,19.466,17.429,14.293
-0.264,-0.733,-0.323,1.710,3.501,5.006,4.860,12.180,8.210,9.366,6.267,2.683,0.234,-4.201,-8.712,-8.565,-5.913,7.063,16.782,25.030,28.226,21.085,19.125,16.257
2.428,1.462,2.003,3.880,5.651,7.356,7.862,13.918,11.987,11.453,8.491,4.885,2.280,-1.877,-6.469,-6.058,-3.223,9.141,18.783,26.629,29.526,22.551,20.571,17.858
4.325,3.201,3.735,5.460,7.193,8.949,9.846,15.165,14.270,12.842,9.921,6.390,3.788,-0.253,-4.774,-4.255,-1.399,10.554,19.948,27.644,30.405,23.538,21.608,18.983
5.508,4.399,4.876,6.494,8.187,9.912,10.969,15.944,15.421,13.672,10.756,7.335,4.812,0.810,-3.587,-3.056,-0.259,11.413,20.541,28.191,30.902,24.136,22.274,19.690
6.263,5.407,5.809,7.407,9.065,10.703,11.587,16.936,15.525,14.430,11.548,8.155,5.698,1.688,-2.573,-2.117,0.559,12.306,21.165,28.801,31.587,24.777,22.989,20.444
7.090,6.206,6.604,8.167,9.803,11.428,12.355,17.516,16.341,15.094,12.237,8.906,6.487,2.529,-1.678,-1.216,1.434,12.974,21.725,29.269,32.001,25.304,23.537,21.020
7.733,6.870,7.287,8.861,10.481,12.095,12.943,18.173,16.789,15.735,12.948,9.614,7.191,3.306,-0.873,-0.415,2.211,13.671,22.342,29.738,32.440,25.802,24.044,21.576
8.335,7.478,7.872,9.401,11.001,12.597,13.503,18.581,17.359,16.178,13.399,10.121,7.738,3.877,-0.242,0.217,2.813,14.126,22.674,30.034,32.708,26.134,24.406,21.958
8.919,8.086,8.443,9.935,11.514,13.067,13.989,18.937,17.865,16.606,13.811,10.624,8.320,4.461,0.419,0.852,3.398,14.537,22.970,30.326,32.981,26.511,24.815,22.365
9.260,8.402,8.756,10.216,11.789,13.354,14.358,19.173,18.284,16.855,14.064,10.886,8.578,4.736,0.705,1.161,3.713,14.794,23.180,30.520,33.155,26.688,25.003,22.568
9.625,8.843,9.192,10.698,12.254,13.750,14.532,19.549,18.287,17.276,14.518,11.404,9.168,5.355,1.385,1.768,4.248,15.220,23.554,30.802,33.430,27.109,25.433,22.998
9.960,9.135,9.475,10.948,12.502,14.009,14.896,19.729,18.780,17.507,14.728,11.636,9.410,5.590,1.625,2.029,4.521,15.426,23.746,31.020,33.630,27.321,25.651,23.212
10.390,9.532,9.872,11.346,12.888,14.366,15.224,19.936,19.203,17.854,15.075,12.060,9.892,6.098,2.166,2.549,5.016,15.726,24.027,31.249,33.815,27.654,25.986,23.538
10.815,9.974,10.281,11.717,13.240,14.682,15.568,20.141,19.570,18.125,15.336,12.402,10.301,6.514,2.653,3.018,5.441,15.986,24.174,31.385,33.929,27.862,26.224,23.779
11.340,10.395,10.703,12.061,13.578,15.072,16.209,20.394,20.427,18.427,15.635,12.706,10.576,6.818,2.954,3.393,5.859,16.285,24.414,31.613,34.105,28.022,26.397,23.981
11.719,10.752,11.074,12.446,13.955,15.431,16.513,20.665,20.649,18.782,16.015,13.122,11.019,7.301,3.454,3.879,6.328,16.626,24.742,31.859,34.315,28.339,26.711,24.302
11.801,10.928,11.211,12.571,14.072,15.516,16.557,20.830,20.752,18.864,16.081,13.204,11.133,7.381,3.580,3.975,6.383,16.737,24.777,31.948,34.446,28.434,26.832,24.418
12.225,11.242,11.525,12.833,14.329,15.794,17.011,20.911,21.375,19.089,16.282,13.459,11.406,7.669,3.873,4.307,6.739,16.906,24.932,32.103,34.542,28.605,27.006,24.589
12.532,11.584,11.839,13.122,14.600,16.029,17.231,21.080,21.496,19.291,16.484,13.723,11.727,7.999,4.267,4.678,7.066,17.111,25.033,32.184,34.611,28.748,27.177,24.766
12.666,11.781,12.007,13.304,14.771,16.139,17.237,21.158,21.565,19.421,16.594,13.909,11.994,8.245,4.569,4.921,7.250,17.213,25.096,32.263,34.701,28.937,27.380,24.944
12.937,12.041,12.251,13.541,14.999,16.334,17.409,21.234,21.759,19.610,16.761,14.154,12.305,8.552,4.915,5.239,7.539,17.353,25.214,32.383,34.798,29.149,27.600,25.143
13.101,12.227,12.439,13.736,15.191,16.523,17.567,21.456,21.847,19.798,16.966,14.347,12.491,8.749,5.116,5.437,7.730,17.564,25.406,32.552,34.972,29.313,27.767,25.321
13.284,12.390,12.605,13.879,15.337,16.697,17.824,21.645,22.126,19.948,17.121,14.471,12.581,8.845,5.197,5.550,7.866,17.736,25.565,32.714,35.132,29.414,27.870,25.441
13.620,12.617,12.852,14.110,15.567,16.946,18.168,21.724,22.701,20.173,17.341,14.727,12.844,9.136,5.475,5.855,8.198,17.905,25.767,32.880,35.240,29.612,28.056,25.622
13.849,12.871,13.094,14.352,15.801,17.153,18.332,21.900,22.836,20.377,17.545,14.968,13.122,9.417,5.788,6.146,8.460,18.103,25.928,33.027,35.382,29.809,28.264,25.827
13.989,13.027,13.241,14.498,15.942,17.280,18.440,22.018,22.925,20.503,17.667,15.110,13.284,9.575,5.964,6.309,8.607,18.227,26.030,33.132,35.489,29.939,28.399,25.960
14.113,13.177,13.381,14.631,16.072,17.404,18.560,22.166,22.993,20.620,17.786,15.229,13.407,9.696,6.098,6.439,8.727,18.360,26.131,33.236,35.601,30.037,28.506,26.073
14.323,13.376,13.586,14.830,16.267,17.602,18.770,22.339,23.192,20.803,17.983,15.428,13.603,9.911,6.319,6.667,8.955,18.551,26.302,33.375,35.726,30.178,28.650,26.228
14.445,13.541,13.722,14.947,16.377,17.692,18.867,22.441,23.209,20.881,18.042,15.514,13.718,10.003,6.445,6.778,9.042,18.635,26.330,33.445,35.813,30.259,28.750,26.322
14.589,13.688,13.865,15.077,16.505,17.825,19.028,22.579,23.264,21.000,18.163,15.629,13.829,10.116,6.563,6.904,9.168,18.766,26.436,33.552,35.922,30.350,28.847,26.427
14.833,14.015,14.192,15.422,16.844,18.142,19.100,22.956,23.415,21.329,18.525,15.973,14.167,10.471,6.935,7.258,9.499,19.144,26.740,33.742,36.122,30.641,29.147,26.746
14.854,14.050,14.222,15.481,16.889,18.149,19.260,22.983,23.474,21.338,18.556,16.055,14.299,10.584,7.061,7.406,9.600,19.156,26.773,33.842,36.228,30.644,29.158,26.759
14.998,14.191,14.349,15.566,16.981,18.267,19.374,23.099,23.551,21.437,18.625,16.098,14.305,10.613,7.066,7.414,9.635,19.257,26.837,33.922,36.315,30.741,29.260,26.858
15.081,14.269,14.420,15.610,17.029,18.341,19.539,23.211,23.724,21.488,18.670,16.111,14.318,10.616,7.107,7.417,9.644,19.331,26.894,34.013,36.417,30.761,29.287,26.895
15.230,14.407,14.567,15.738,17.166,18.473,19.639,23.256,23.863,21.614,18.794,16.213,14.334,10.630,7.142,7.444,9.722,19.430,26.971,34.062,36.443,30.882,29.410,27.015
15.258,14.439,14.585,15.776,17.186,18.523,19.814,23.480,23.980,21.654,18.844,16.289,14.521,10.818,7.330,7.649,9.864,19.539,27.109,34.251,36.672,30.887,29.413,27.040
15.502,14.741,14.866,16.021,17.429,18.737,19.979,23.654,24.064,21.846,19.033,16.470,14.659,10.942,7.460,7.805,10.026,19.737,27.199,34.330,36.750,31.042,29.595,27.226
15.718,14.948,15.075,16.222,17.625,18.931,20.183,23.813,24.274,22.023,19.222,16.671,14.865,11.167,7.696,8.045,10.260,19.920,27.354,34.451,36.856,31.175,29.734,27.375
15.901,15.100,15.231,16.360,17.761,19.082,20.396,23.925,24.544,22.151,19.353,16.801,14.986,11.300,7.826,8.196,10.424,20.048,27.468,34.554,36.942,31.262,29.822,27.472
16.034,15.199,15.329,16.445,17.845,19.171,20.534,23.951,24.772,22.228,19.419,16.886,15.079,11.394,7.921,8.300,10.535,20.102,27.524,34.616,36.987,31.333,29.893,27.539
16.221,15.353,15.508,16.633,18.034,19.380,20.745,24.149,24.993,22.431,19.653,17.095,15.257,11.608,8.114,8.511,10.765,20.319,27.758,34.785,37.135,31.486,30.035,27.701
16.286,15.433,15.586,16.705,18.109,19.466,20.852,24.290,25.056,22.513,19.738,17.151,15.291,11.636,8.134,8.542,10.804,20.425,27.856,34.898,37.262,31.555,30.107,27.781
16.372,15.533,15.688,16.820,18.224,19.571,20.912,24.410,25.079,22.631,19.860,17.276,15.419,11.766,8.247,8.664,10.917,20.544,27.980,35.013,37.381,31.686,30.237,27.909
16.447,15.621,15.779,16.897,18.304,19.683,21.079,24.613,25.179,22.726,19.970,17.325,15.422,11.768,8.269,8.673,10.948,20.690,28.110,35.151,37.538,31.734,30.288,27.983
16.636,15.776,15.939,17.045,18.450,19.835,21.270,24.704,25.437,22.861,20.109,17.477,15.573,11.937,8.420,8.857,11.139,20.814,28.225,35.242,37.606,31.834,30.388,28.088
16.829,15.961,16.127,17.231,18.629,20.006,21.434,24.830,25.610,23.021,20.280,17.668,15.778,12.161,8.658,9.093,11.365,20.972,28.359,35.339,37.686,31.960,30.518,28.225
16.980,16.099,16.262,17.358,18.754,20.128,21.572,24.911,25.787,23.134,20.389,17.796,15.918,12.304,8.809,9.244,11.514,21.073,28.451,35.427,37.762,32.064,30.624,28.329
17.152,16.262,16.421,17.511,18.901,20.261,21.702,24.980,25.954,23.257,20.510,17.953,16.102,12.497,9.023,9.449,11.705,21.180,28.534,35.495,37.814,32.174,30.739,28.443
17.274,16.409,16.541,17.618,18.999,20.329,21.762,25.003,26.024,23.319,20.546,18.043,16.244,12.618,9.184,9.585,11.810,21.219,28.537,35.527,37.849,32.259,30.839,28.526
17.398,16.513,16.665,17.754,19.139,20.486,21.914,25.175,26.172,23.480,20.729,18.196,16.368,12.762,9.304,9.719,11.962,21.393,28.734,35.690,38.003,32.399,30.969,28.667
17.517,16.650,16.786,17.861,19.241,20.574,22.008,25.246,26.256,23.555,20.795,18.286,16.482,12.869,9.436,9.842,12.068,21.467,28.768,35.738,38.054,32.465,31.047,28.743
17.621,16.743,16.883,17.961,19.340,20.673,22.105,25.326,26.375,23.656,20.897,18.394,16.591,12.983,9.548,9.954,12.182,21.560,28.869,35.830,38.139,32.567,31.146,28.841
17.872,16.964,17.100,18.172,19.543,20.855,22.283,25.382,26.646,23.825,21.060,18.620,16.865,13.272,9.864,10.257,12.465,21.689,28.980,35.912,38.187,32.728,31.310,28.996
18.027,17.100,17.255,18.339,19.710,21.032,22.443,25.552,26.805,24.004,21.261,18.806,17.034,13.464,10.043,10.443,12.662,21.875,29.183,36.068,38.328,32.881,31.454,29.152
18.192,17.237,17.389,18.451,19.819,21.148,22.626,25.617,27.056,24.097,21.349,18.906,17.137,13.574,10.159,10.574,12.799,21.960,29.247,36.131,38.375,32.939,31.518,29.220
18.307,17.335,17.474,18.514,19.884,21.219,22.766,25.641,27.276,24.156,21.376,18.952,17.191,13.607,10.193,10.618,12.850,21.996,29.251,36.218,38.463,33.016,31.599,29.289
18.398,17.450,17.558,18.584,19.948,21.251,22.795,25.657,27.334,24.186,21.381,19.005,17.300,13.686,10.310,10.708,12.911,21.999,29.285,36.238,38.490,33.090,31.688,29.354
18.504,17.577,17.677,18.711,20.070,21.347,22.834,25.712,27.348,24.289,21.477,19.140,17.470,13.855,10.504,10.877,13.053,22.088,29.325,36.302,38.552,33.208,31.810,29.469
18.645,17.705,17.819,18.864,20.224,21.507,22.978,25.873,27.492,24.455,21.656,19.308,17.625,14.024,10.661,11.037,13.221,22.257,29.513,36.462,38.705,33.366,31.961,29.625
18.757,17.836,17.960,19.030,20.388,21.660,23.050,26.046,27.494,24.624,21.846,19.494,17.814,14.228,10.867,11.227,13.399,22.436,29.698,36.605,38.847,33.534,32.125,29.794
18.870,17.929,18.069,19.157,20.521,21.801,23.172,26.189,27.636,24.781,22.011,19.644,17.948,14.370,10.975,11.350,13.536,22.586,29.893,36.783,39.020,33.710,32.287,29.954
18.950,18.031,18.164,19.235,20.602,21.902,23.324,26.373,27.647,24.871,22.099,19.690,17.961,14.371,10.987,11.358,13.558,22.712,30.000,36.925,39.186,33.780,32.363,30.042
19.056,18.176,18.311,19.391,20.758,22.057,23.439,26.608,27.731,25.031,22.278,19.839,18.091,14.505,11.111,11.491,13.684,22.911,30.180,37.089,39.369,33.918,32.505,30.198
19.167,18.355,18.474,19.563,20.922,22.193,23.493,26.795,27.733,25.172,22.428,20.001,18.276,14.686,11.324,11.674,13.832,23.078,30.298,37.202,39.502,34.057,32.658,30.354
19.319,18.468,18.605,19.696,21.057,22.345,23.669,26.920,27.872,25.319,22.588,20.148,18.403,14.834,11.453,11.821,13.998,23.223,30.464,37.334,39.614,34.177,32.769,30.474
19.498,18.640,18.770,19.836,21.195,22.494,23.885,27.061,28.105,25.441,22.711,20.266,18.511,14.945,11.571,11.957,14.140,23.359,30.565,37.439,39.716,34.253,32.854,30.570
19.680,18.823,18.938,19.979,21.333,22.631,24.074,27.173,28.319,25.556,22.813,20.385,18.642,15.070,11.712,12.104,14.283,23.472,30.639,37.534,39.809,34.344,32.957,30.674
19.808,18.988,19.089,20.136,21.484,22.755,24.142,27.297,28.336,25.687,22.939,20.540,18.831,15.250,11.920,12.285,14.435,23.600,30.742,37.642,39.925,34.495,33.116,30.825
19.962,19.135,19.253,20.309,21.660,22.947,24.325,27.522,28.482,25.879,23.155,20.722,18.982,15.420,12.072,12.449,14.613,23.816,30.968,37.832,40.113,34.655,33.270,30.996
20.161,19.267,19.401,20.444,21.800,23.116,24.580,27.633,28.864,26.034,23.310,20.865,19.101,15.553,12.177,12.588,14.785,23.954,31.138,37.991,40.245,34.787,33.391,31.121
20.237,19.361,19.494,20.546,21.901,23.209,24.638,27.744,28.881,26.134,23.413,20.970,19.211,15.662,12.292,12.691,14.880,24.059,31.240,38.089,40.350,34.895,33.500,31.230
20.384,19.509,19.635,20.665,22.017,23.334,24.816,27.873,29.059,26.237,23.516,21.067,19.299,15.751,12.386,12.800,14.992,24.177,31.324,38.183,40.444,34.961,33.575,31.314
20.585,19.655,19.807,20.847,22.204,23.542,25.043,28.042,29.361,26.447,23.741,21.276,19.483,15.959,12.566,12.999,15.217,24.376,31.569,38.385,40.622,35.156,33.753,31.499
20.751,19.822,19.954,20.978,22.329,23.646,25.163,28.079,29.538,26.542,23.811,21.397,19.649,16.110,12.746,13.164,15.362,24.440,31.606,38.451,40.682,35.269,33.877,31.606
20.976,20.050,20.163,21.171,22.513,23.807,25.331,28.165,29.748,26.687,23.940,21.580,19.878,16.334,13.006,13.410,15.583,24.561,31.685,38.538,40.757,35.409,34.030,31.750
21.187,20.229,20.349,21.363,22.704,23.992,25.510,28.279,29.942,26.874,24.126,21.792,20.107,16.575,13.247,13.647,15.820,24.720,31.862,38.693,40.890,35.604,34.219,31.932
21.302,20.388,20.504,21.543,22.879,24.133,25.538,28.431,29.945,27.039,24.295,21.989,20.339,16.805,13.502,13.862,16.002,24.880,32.016,38.830,41.034,35.803,34.420,32.124
21.450,20.584,20.688,21.736,23.066,24.292,25.626,28.612,30.000,27.206,24.467,22.180,20.557,17.021,13.745,14.078,16.187,25.058,32.160,38.965,41.180,35.975,34.601,32.304
21.623,20.753,20.859,21.919,23.243,24.451,25.738,28.716,30.066,27.368,24.636,22.381,20.786,17.264,14.005,14.320,16.413,25.203,32.300,39.070,41.268,36.135,34.761,32.461
21.805,20.903,21.001,22.028,23.351,24.572,25.957,28.786,30.376,27.460,24.712,22.469,20.875,17.348,14.092,14.429,16.534,25.285,32.359,39.154,41.341,36.200,34.833,32.534
22.075,21.155,21.264,22.306,23.625,24.834,26.173,28.987,30.617,27.728,24.992,22.775,21.200,17.696,14.447,14.772,16.867,25.534,32.618,39.362,41.525,36.461,35.088,32.788
22.283,21.348,21.482,22.562,23.885,25.091,26.349,29.241,30.787,28.016,25.299,23.074,21.492,18.007,14.737,15.051,17.150,25.811,32.951,39.647,41.800,36.776,35.385,33.082
22.517,21.588,21.731,22.810,24.133,25.354,26.617,29.546,31.001,28.270,25.575,23.318,21.707,18.239,14.960,15.287,17.396,26.097,33.225,39.893,42.047,36.985,35.593,33.310
22.810,21.892,22.027,23.086,24.403,25.624,26.919,29.817,31.272,28.514,25.828,23.571,21.960,18.501,15.240,15.575,17.677,26.365,33.438,40.094,42.247,37.172,35.794,33.527
23.153,22.303,22.424,23.494,24.792,25.964,27.138,30.143,31.342,28.846,26.188,23.980,22.421,18.989,15.790,16.082,18.125,26.722,33.703,40.288,42.435,37.450,36.093,33.839
23.454,22.517,22.661,23.710,25.015,26.233,27.533,30.355,31.892,29.093,26.436,24.201,22.599,19.184,15.944,16.285,18.377,26.955,33.976,40.551,42.669,37.658,36.288,34.044
23.806,22.759,22.935,23.965,25.278,26.552,27.991,30.594,32.531,29.382,26.739,24.470,22.813,19.432,16.143,16.544,18.695,27.232,34.300,40.837,42.911,37.883,36.495,34.269
24.013,22.943,23.129,24.172,25.487,26.757,28.171,30.757,32.743,29.600,26.955,24.701,23.054,19.678,16.383,16.777,18.929,27.424,34.526,41.048,43.108,38.127,36.729,34.493
24.171,23.193,23.338,24.381,25.691,26.918,28.268,30.989,32.760,29.780,27.101,24.877,23.279,19.850,16.597,16.947,19.055,27.606,34.666,41.274,43.382,38.383,37.005,34.745
24.573,23.498,23.674,24.694,26.014,27.304,28.804,31.338,33.423,30.135,27.472,25.194,23.525,20.126,16.818,17.235,19.406,27.967,35.068,41.648,43.724,38.667,37.273,35.036
25.027,23.977,24.162,25.189,26.507,27.806,29.278,31.906,33.790,30.632,27.999,25.685,23.988,20.609,17.297,17.720,19.892,28.509,35.587,42.126,44.210,39.113,37.720,35.508
25.313,24.278,24.461,25.471,26.796,28.124,29.661,32.324,34.118,30.940,28.309,25.936,24.189,20.797,17.462,17.914,20.110,28.859,35.930,42.506,44.616,39.398,38.009,35.811
25.622,24.538,24.761,25.787,27.130,28.520,30.111,32.812,34.583,31.349,28.742,26.268,24.425,21.047,17.633,18.135,20.396,29.299,36.459,43.021,45.137,39.797,38.381,36.201
26.094,24.963,25.209,26.260,27.609,29.005,30.570,33.250,35.126,31.858,29.253,26.781,24.934,21.567,18.126,18.628,20.904,29.773,37.004,43.543,45.639,40.345,38.908,36.717
26.597,25.421,25.713,26.745,28.124,29.648,31.410,34.144,35.908,32.483,29.918,27.230,25.183,21.824,18.256,18.874,21.269,30.510,37.817,44.381,46.516,40.885,39.424,37.289
27.257,26.092,26.384,27.406,28.800,30.364,32.202,34.995,36.661,33.204,30.629,27.862,25.747,22.358,18.745,19.398,21.832,31.267,38.607,45.241,47.416,41.625,40.158,38.029
28.682,27.440,27.706,28.595,30.046,31.808,34.246,36.773,38.914,34.594,31.908,28.880,26.521,22.980,19.195,20.041,22.669,32.728,40.176,47.200,49.494,43.072,41.598,39.470
