10.963,4.711,4.643,4.735,4.356,8.914,18.387,30.663,36.573,32.968,30.843,31.327,29.808,29.640,30.309,30.325,29.451,31.588,36.917,41.101,37.990,33.583,29.089,19.936
17.703,12.726,12.860,12.895,12.878,16.505,23.863,34.658,39.597,36.654,34.932,35.590,34.562,35.079,34.985,34.548,34.401,37.009,40.537,43.039,40.588,37.508,34.016,26.787
20.212,15.656,15.649,15.675,15.741,19.134,26.155,36.025,40.518,38.001,36.564,37.104,36.082,36.401,36.351,35.515,35.385,37.739,40.934,43.619,41.307,38.348,35.235,28.654
22.137,17.978,17.726,17.563,17.797,21.045,27.869,36.844,41.022,39.155,37.959,38.493,37.753,37.831,37.098,36.042,36.177,39.030,41.492,43.658,41.363,38.715,36.285,30.572
23.333,19.426,19.104,18.875,19.148,22.251,28.794,37.192,41.147,39.547,38.451,38.972,38.365,38.359,37.394,36.357,36.577,39.533,41.678,43.673,41.385,38.878,36.750,31.497
23.880,20.075,19.755,19.518,19.801,22.830,29.213,37.419,41.283,39.746,38.680,39.201,38.633,38.637,37.629,36.603,36.851,39.808,41.845,43.720,41.468,39.069,37.026,31.933
24.345,20.607,20.246,19.988,20.276,23.275,29.616,37.619,41.415,39.974,38.944,39.449,38.890,38.851,37.787,36.763,37.017,39.973,41.952,43.747,41.552,39.179,37.229,32.267
24.809,21.120,20.831,20.635,20.876,23.794,29.948,37.868,41.591,40.046,39.007,39.488,38.912,38.889,38.058,37.091,37.265,39.983,42.052,43.943,41.826,39.464,37.416,32.428
25.150,21.510,21.201,21.006,21.249,24.140,30.258,38.045,41.708,40.213,39.209,39.668,39.062,39.021,38.220,37.213,37.373,40.018,42.081,44.031,41.925,39.564,37.554,32.638
25.485,21.868,21.562,21.366,21.615,24.490,30.571,38.331,41.977,40.494,39.497,39.959,39.363,39.334,38.518,37.504,37.677,40.333,42.363,44.280,42.186,39.849,37.858,32.976
25.740,22.155,21.803,21.577,21.839,24.713,30.813,38.449,42.065,40.671,39.701,40.155,39.592,39.500,38.596,37.575,37.766,40.482,42.447,44.327,42.220,39.893,37.987,33.197
26.048,22.486,22.115,21.895,22.158,25.022,31.126,38.688,42.270,40.907,39.963,40.398,39.819,39.691,38.826,37.756,37.930,40.589,42.561,44.521,42.414,40.069,38.179,33.420
26.277,22.754,22.347,22.100,22.387,25.244,31.349,38.818,42.370,41.091,40.178,40.612,40.066,39.902,38.944,37.838,38.046,40.780,42.663,44.572,42.457,40.138,38.333,33.672
26.507,23.015,22.615,22.375,22.662,25.494,31.546,38.962,42.482,41.210,40.309,40.738,40.189,40.032,39.098,37.980,38.185,40.883,42.752,44.667,42.571,40.270,38.473,33.846
26.672,23.209,22.817,22.575,22.868,25.676,31.671,39.052,42.552,41.290,40.394,40.829,40.296,40.160,39.202,38.090,38.314,41.027,42.854,44.711,42.633,40.368,38.594,34.012
26.834,23.395,22.993,22.744,23.053,25.852,31.832,39.187,42.670,41.442,40.562,41.000,40.478,40.342,39.350,38.202,38.447,41.191,42.969,44.804,42.728,40.482,38.743,34.207
27.015,23.599,23.182,22.925,23.229,26.016,31.979,39.244,42.700,41.504,40.634,41.063,40.552,40.384,39.379,38.251,38.489,41.225,42.990,44.815,42.744,40.504,38.796,34.305
27.182,23.796,23.376,23.123,23.434,26.201,32.133,39.346,42.771,41.595,40.745,41.166,40.650,40.479,39.492,38.326,38.565,41.271,43.017,44.868,42.807,40.576,38.885,34.433
27.288,23.900,23.467,23.208,23.514,26.288,32.241,39.423,42.845,41.685,40.837,41.252,40.739,40.540,39.546,38.392,38.623,41.329,43.082,44.943,42.874,40.632,38.952,34.505
27.428,24.036,23.606,23.352,23.645,26.416,32.364,39.525,42.944,41.769,40.915,41.324,40.802,40.594,39.631,38.507,38.716,41.383,43.171,45.052,42.988,40.733,39.037,34.577
27.560,24.170,23.735,23.480,23.765,26.535,32.480,39.610,43.022,41.852,40.997,41.401,40.882,40.658,39.699,38.597,38.796,41.453,43.250,45.131,43.067,40.809,39.117,34.662
27.671,24.293,23.872,23.627,23.905,26.658,32.564,39.678,43.076,41.889,41.032,41.433,40.905,40.695,39.773,38.681,38.869,41.482,43.294,45.185,43.137,40.886,39.178,34.724
27.808,24.444,24.020,23.772,24.062,26.810,32.707,39.817,43.206,42.038,41.192,41.597,41.075,40.872,39.928,38.803,39.009,41.645,43.421,45.299,43.253,41.015,39.328,34.900
27.918,24.567,24.142,23.885,24.176,26.915,32.786,39.868,43.252,42.095,41.245,41.656,41.155,40.955,39.972,38.879,39.097,41.766,43.514,45.329,43.289,41.075,39.409,35.010
28.047,24.705,24.282,24.020,24.315,27.048,32.901,39.972,43.351,42.202,41.353,41.769,41.279,41.086,40.080,38.992,39.223,41.914,43.637,45.416,43.381,41.184,39.532,35.154
28.155,24.819,24.412,24.162,24.450,27.169,32.988,40.058,43.428,42.256,41.402,41.817,41.316,41.142,40.175,39.097,39.317,41.967,43.709,45.498,43.478,41.285,39.612,35.224
28.288,24.947,24.547,24.300,24.582,27.300,33.111,40.189,43.563,42.377,41.516,41.932,41.430,41.262,40.304,39.245,39.460,42.102,43.857,45.639,43.622,41.429,39.746,35.346
28.418,25.071,24.660,24.406,24.686,27.414,33.249,40.318,43.697,42.521,41.660,42.073,41.576,41.388,40.417,39.367,39.578,42.232,43.991,45.775,43.750,41.547,39.871,35.470
28.553,25.205,24.799,24.547,24.818,27.541,33.364,40.417,43.794,42.610,41.742,42.154,41.657,41.468,40.506,39.486,39.688,42.327,44.100,45.876,43.856,41.654,39.971,35.566
28.676,25.337,24.929,24.674,24.953,27.673,33.488,40.540,43.913,42.738,41.875,42.290,41.798,41.615,40.638,39.602,39.815,42.471,44.222,45.985,43.966,41.774,40.102,35.714
28.776,25.441,25.037,24.786,25.061,27.775,33.578,40.620,43.987,42.808,41.945,42.359,41.864,41.683,40.718,39.687,39.896,42.536,44.292,46.059,44.046,41.855,40.180,35.793
28.904,25.552,25.132,24.873,25.143,27.875,33.724,40.741,44.088,42.924,42.067,42.475,41.987,41.794,40.827,39.810,40.011,42.645,44.392,46.147,44.142,41.960,40.301,35.904
28.980,25.664,25.255,25.002,25.274,27.975,33.754,40.759,44.138,42.968,42.103,42.511,42.017,41.804,40.830,39.813,40.015,42.659,44.435,46.220,44.191,41.977,40.305,35.944
29.088,25.765,25.362,25.114,25.380,28.082,33.860,40.856,44.206,43.027,42.165,42.572,42.077,41.887,40.941,39.933,40.129,42.739,44.505,46.275,44.271,42.083,40.408,36.034
29.187,25.875,25.468,25.215,25.482,28.178,33.946,40.912,44.253,43.087,42.228,42.634,42.145,41.948,40.991,39.989,40.186,42.800,44.556,46.312,44.311,42.129,40.469,36.115
29.267,25.959,25.557,25.310,25.575,28.265,34.018,40.979,44.312,43.139,42.282,42.686,42.190,41.998,41.061,40.056,40.248,42.839,44.602,46.372,44.377,42.195,40.528,36.173
29.358,26.060,25.657,25.408,25.673,28.357,34.097,41.041,44.363,43.202,42.346,42.751,42.262,42.071,41.123,40.118,40.317,42.919,44.653,46.399,44.408,42.240,40.599,36.260
29.434,26.152,25.735,25.479,25.748,28.426,34.163,41.053,44.368,43.227,42.383,42.783,42.302,42.090,41.124,40.123,40.320,42.923,44.669,46.420,44.429,42.257,40.610,36.306
29.538,26.258,25.842,25.587,25.851,28.526,34.258,41.133,44.437,43.300,42.455,42.852,42.368,42.150,41.195,40.199,40.390,42.980,44.720,46.475,44.486,42.315,40.682,36.378
29.619,26.347,25.934,25.683,25.946,28.615,34.332,41.196,44.492,43.353,42.512,42.907,42.420,42.206,41.264,40.261,40.450,43.025,44.764,46.527,44.543,42.375,40.742,36.444
29.718,26.457,26.039,25.786,26.059,28.724,34.436,41.290,44.577,43.455,42.624,43.019,42.534,42.321,41.368,40.336,40.536,43.120,44.835,46.595,44.611,42.456,40.838,36.561
29.805,26.566,26.133,25.873,26.155,28.813,34.519,41.326,44.593,43.506,42.693,43.084,42.607,42.378,41.402,40.345,40.555,43.153,44.836,46.599,44.616,42.460,40.875,36.641
29.908,26.668,26.215,25.941,26.225,28.892,34.629,41.400,44.667,43.610,42.802,43.189,42.725,42.462,41.451,40.400,40.612,43.236,44.908,46.661,44.665,42.506,40.947,36.734
29.984,26.751,26.295,26.022,26.303,28.966,34.695,41.441,44.700,43.648,42.842,43.226,42.761,42.491,41.486,40.440,40.646,43.259,44.933,46.691,44.698,42.538,40.984,36.779
30.071,26.847,26.395,26.127,26.407,29.061,34.771,41.505,44.752,43.699,42.897,43.279,42.809,42.544,41.555,40.503,40.706,43.300,44.974,46.740,44.754,42.599,41.043,36.845
30.183,26.956,26.513,26.252,26.530,29.181,34.883,41.633,44.882,43.812,43.007,43.389,42.910,42.657,41.692,40.637,40.835,43.408,45.096,46.877,44.895,42.738,41.165,36.952
30.278,27.064,26.613,26.348,26.632,29.278,34.977,41.700,44.938,43.888,43.094,43.473,42.999,42.737,41.759,40.687,40.891,43.470,45.139,46.920,44.938,42.786,41.232,37.044
30.355,27.155,26.705,26.443,26.734,29.371,35.054,41.768,44.994,43.952,43.168,43.547,43.072,42.818,41.842,40.742,40.954,43.531,45.180,46.966,44.988,42.846,41.301,37.131
30.446,27.254,26.805,26.544,26.834,29.465,35.135,41.832,45.048,44.007,43.226,43.602,43.124,42.869,41.905,40.805,41.012,43.572,45.224,47.017,45.045,42.903,41.359,37.196
30.516,27.330,26.892,26.641,26.924,29.543,35.186,41.874,45.080,44.023,43.240,43.613,43.125,42.881,41.951,40.859,41.055,43.578,45.246,47.053,45.092,42.953,41.392,37.225
30.605,27.419,26.968,26.712,26.996,29.621,35.282,41.951,45.156,44.117,43.338,43.708,43.224,42.960,42.016,40.921,41.117,43.650,45.314,47.126,45.158,43.011,41.465,37.306
30.702,27.511,27.053,26.793,27.075,29.707,35.388,42.049,45.257,44.223,43.446,43.812,43.327,43.047,42.102,41.009,41.200,43.722,45.404,47.230,45.255,43.098,41.553,37.391
30.760,27.573,27.118,26.863,27.140,29.766,35.436,42.080,45.279,44.240,43.464,43.825,43.333,43.050,42.130,41.040,41.220,43.731,45.409,47.255,45.285,43.124,41.572,37.408
30.876,27.685,27.236,26.984,27.253,29.877,35.538,42.182,45.382,44.331,43.547,43.908,43.415,43.135,42.226,41.161,41.332,43.822,45.511,47.355,45.394,43.237,41.674,37.500
30.926,27.751,27.299,27.048,27.321,29.936,35.581,42.199,45.385,44.346,43.572,43.930,43.438,43.157,42.248,41.166,41.341,43.825,45.524,47.365,45.399,43.240,41.690,37.539
31.055,27.865,27.416,27.165,27.431,30.054,35.711,42.347,45.545,44.491,43.706,44.066,43.571,43.290,42.387,41.329,41.496,43.977,45.685,47.529,45.565,43.401,41.836,37.662
31.146,27.962,27.525,27.283,27.544,30.155,35.787,42.417,45.605,44.536,43.750,44.107,43.604,43.333,42.463,41.408,41.565,44.012,45.734,47.592,45.638,43.477,41.898,37.719
31.295,28.096,27.648,27.397,27.656,30.283,35.949,42.585,45.788,44.727,43.936,44.294,43.798,43.510,42.613,41.576,41.734,44.209,45.934,47.780,45.814,43.643,42.070,37.883
31.369,28.174,27.730,27.477,27.732,30.354,36.004,42.629,45.831,44.767,43.970,44.331,43.842,43.558,42.652,41.640,41.798,44.279,46.001,47.819,45.859,43.696,42.126,37.945
31.462,28.272,27.818,27.563,27.826,30.449,36.109,42.725,45.921,44.874,44.088,44.446,43.957,43.664,42.751,41.711,41.875,44.361,46.070,47.903,45.938,43.773,42.216,38.048
31.564,28.368,27.928,27.679,27.932,30.552,36.195,42.826,46.027,44.954,44.155,44.515,44.022,43.743,42.851,41.842,41.996,44.463,46.195,48.020,46.062,43.899,42.319,38.130
31.650,28.469,28.031,27.784,28.040,30.649,36.269,42.879,46.066,45.001,44.209,44.569,44.077,43.803,42.912,41.890,42.049,44.510,46.226,48.047,46.097,43.945,42.375,38.207
31.745,28.571,28.132,27.884,28.147,30.753,36.368,42.980,46.164,45.106,44.320,44.682,44.193,43.925,43.024,41.984,42.153,44.628,46.324,48.137,46.188,44.044,42.483,38.328
31.839,28.666,28.224,27.970,28.234,30.840,36.456,43.059,46.245,45.193,44.405,44.769,44.288,44.016,43.097,42.069,42.242,44.732,46.421,48.214,46.264,44.124,42.571,38.424
31.954,28.783,28.348,28.100,28.362,30.964,36.568,43.176,46.358,45.298,44.509,44.872,44.385,44.122,43.221,42.190,42.359,44.831,46.527,48.330,46.385,44.246,42.684,38.531
32.079,28.914,28.471,28.220,28.489,31.091,36.703,43.300,46.475,45.432,44.654,45.014,44.528,44.256,43.347,42.290,42.465,44.943,46.625,48.440,46.490,44.351,42.802,38.665
32.173,29.017,28.580,28.333,28.607,31.201,36.793,43.397,46.567,45.522,44.747,45.110,44.623,44.368,43.461,42.388,42.571,45.050,46.717,48.525,46.582,44.454,42.907,38.777
32.291,29.150,28.725,28.481,28.756,31.335,36.886,43.481,46.640,45.589,44.814,45.182,44.699,44.464,43.558,42.490,42.680,45.157,46.808,48.588,46.659,44.552,43.006,38.893
32.382,29.235,28.805,28.562,28.832,31.416,36.984,43.573,46.734,45.683,44.907,45.270,44.781,44.532,43.640,42.575,42.754,45.214,46.884,48.690,46.756,44.635,43.083,38.959
32.484,29.346,28.915,28.669,28.944,31.523,37.079,43.659,46.815,45.771,44.999,45.364,44.882,44.638,43.730,42.662,42.850,45.325,46.976,48.760,46.830,44.720,43.180,39.073
32.676,29.534,29.119,28.878,29.153,31.728,37.265,43.882,47.047,45.982,45.200,45.574,45.092,44.876,43.970,42.911,43.106,45.588,47.237,48.996,47.073,44.975,43.420,39.299
32.826,29.691,29.290,29.051,29.321,31.884,37.383,43.995,47.156,46.076,45.285,45.664,45.189,44.992,44.087,43.059,43.255,45.734,47.380,49.102,47.193,45.112,43.552,39.435
32.945,29.813,29.411,29.168,29.439,32.001,37.495,44.101,47.262,46.188,45.395,45.777,45.311,45.114,44.191,43.171,43.374,45.870,47.504,49.202,47.293,45.221,43.669,39.563
33.081,29.958,29.528,29.266,29.544,32.113,37.635,44.186,47.340,46.313,45.532,45.911,45.465,45.229,44.249,43.230,43.443,45.983,47.586,49.261,47.340,45.267,43.761,39.696
33.184,30.055,29.620,29.355,29.624,32.198,37.729,44.261,47.417,46.392,45.605,45.981,45.537,45.284,44.304,43.313,43.515,46.051,47.669,49.344,47.419,45.338,43.832,39.762
33.304,30.181,29.743,29.473,29.747,32.318,37.844,44.365,47.518,46.502,45.719,46.096,45.659,45.406,44.409,43.416,43.626,46.177,47.779,49.436,47.512,45.439,43.945,39.890
33.490,30.374,29.945,29.676,29.959,32.524,38.029,44.577,47.732,46.714,45.930,46.317,45.887,45.661,44.645,43.637,43.867,46.444,48.017,49.640,47.722,45.670,44.181,40.136
33.658,30.535,30.092,29.815,30.106,32.684,38.225,44.780,47.942,46.944,46.167,46.554,46.129,45.887,44.844,43.815,44.053,46.660,48.219,49.848,47.916,45.857,44.382,40.342
33.793,30.661,30.225,29.951,30.226,32.803,38.337,44.881,48.046,47.027,46.236,46.619,46.190,45.943,44.925,43.945,44.163,46.741,48.337,49.966,48.039,45.970,44.476,40.415
33.938,30.828,30.398,30.130,30.414,32.975,38.476,45.012,48.159,47.147,46.369,46.753,46.321,46.093,45.082,44.064,44.293,46.863,48.432,50.064,48.148,46.096,44.611,40.574
34.140,31.026,30.597,30.337,30.618,33.180,38.689,45.231,48.376,47.353,46.578,46.955,46.506,46.274,45.301,44.268,44.482,47.014,48.609,50.291,48.374,46.306,44.803,40.748
34.315,31.212,30.795,30.538,30.823,33.373,38.847,45.396,48.535,47.506,46.730,47.114,46.670,46.463,45.485,44.450,44.676,47.216,48.790,50.441,48.536,46.489,44.988,40.945
34.462,31.353,30.948,30.698,30.972,33.519,38.980,45.537,48.679,47.626,46.840,47.223,46.773,46.574,45.624,44.615,44.828,47.341,48.942,50.597,48.699,46.649,45.125,41.061
34.613,31.511,31.092,30.833,31.119,33.670,39.145,45.691,48.832,47.807,47.030,47.416,46.976,46.768,45.779,44.748,44.978,47.529,49.097,50.736,48.829,46.786,45.290,41.251
34.824,31.696,31.290,31.044,31.316,33.876,39.369,45.958,49.114,48.049,47.259,47.640,47.177,46.973,46.043,45.026,45.229,47.729,49.357,51.049,49.141,47.070,45.528,41.432
34.990,31.879,31.475,31.231,31.508,34.056,39.524,46.095,49.238,48.180,47.398,47.779,47.318,47.122,46.191,45.158,45.369,47.866,49.475,51.160,49.260,47.202,45.670,41.596
35.245,32.139,31.729,31.481,31.766,34.315,39.789,46.360,49.500,48.456,47.681,48.063,47.605,47.408,46.461,45.408,45.628,48.142,49.732,51.415,49.511,47.457,45.938,41.877
35.497,32.380,31.979,31.733,32.001,34.550,40.014,46.580,49.727,48.660,47.867,48.250,47.793,47.596,46.661,45.667,45.871,48.369,49.990,51.655,49.756,47.699,46.161,42.080
35.762,32.644,32.261,32.021,32.280,34.821,40.253,46.834,49.985,48.891,48.084,48.473,48.018,47.845,46.921,45.963,46.164,48.654,50.285,51.918,50.032,47.988,46.431,42.337
36.051,32.919,32.570,32.353,32.597,35.129,40.528,47.164,50.324,49.167,48.342,48.732,48.253,48.119,47.271,46.334,46.514,48.939,50.623,52.284,50.415,48.365,46.749,42.599
36.440,33.293,32.927,32.704,32.950,35.500,40.949,47.589,50.759,49.616,48.794,49.178,48.695,48.533,47.680,46.729,46.902,49.333,51.030,52.728,50.841,48.766,47.154,42.992
36.721,33.561,33.198,32.980,33.219,35.777,41.240,47.899,51.077,49.919,49.092,49.474,48.981,48.818,47.986,47.041,47.203,49.616,51.339,53.060,51.170,49.081,47.451,43.263
37.133,33.996,33.637,33.429,33.678,36.219,41.655,48.297,51.451,50.301,49.494,49.870,49.363,49.211,48.411,47.408,47.573,49.951,51.659,53.422,51.541,49.460,47.833,43.666
37.583,34.464,34.090,33.861,34.136,36.677,42.113,48.754,51.908,50.804,50.008,50.399,49.926,49.780,48.882,47.851,48.064,50.544,52.166,53.844,51.957,49.910,48.339,44.229
38.087,34.962,34.565,34.304,34.591,37.151,42.623,49.256,52.431,51.371,50.570,50.974,50.546,50.379,49.363,48.362,48.610,51.208,52.772,54.346,52.441,50.413,48.895,44.821
38.703,35.508,35.087,34.800,35.064,37.679,43.263,49.936,53.177,52.107,51.264,51.674,51.270,51.049,49.967,49.085,49.316,51.987,53.607,55.132,53.188,51.117,49.588,45.448
39.798,36.513,36.043,35.708,35.984,38.691,44.473,51.270,54.612,53.575,52.706,53.135,52.772,52.493,51.249,50.402,50.665,53.531,55.140,56.595,54.576,52.462,50.961,46.760
40.767,37.461,36.923,36.523,36.834,39.595,45.505,52.299,55.686,54.760,53.896,54.346,54.060,53.714,52.234,51.390,51.723,54.830,56.322,57.632,55.555,53.452,52.066,47.933
42.777,39.427,38.899,38.463,38.852,41.663,47.645,54.733,58.225,57.311,56.435,56.955,56.732,56.500,54.784,53.833,54.313,57.736,59.049,60.143,58.029,55.999,54.657,50.514
