13.879,12.625,11.983,11.398,11.798,14.878,24.782,33.085,32.251,30.822,27.527,26.221,29.369,31.786,32.225,32.615,32.834,36.450,38.119,36.128,29.427,20.807,15.709,14.295
15.822,15.139,14.487,13.441,13.622,16.964,26.427,34.944,35.051,33.091,29.736,28.409,31.701,34.396,34.732,35.791,35.964,39.536,41.280,39.209,32.254,23.772,18.953,16.930
17.556,17.311,16.745,15.485,15.525,18.911,27.907,35.500,36.436,33.908,30.632,29.775,32.749,35.582,36.533,37.769,37.671,41.191,43.165,41.213,34.101,26.166,21.715,19.322
18.643,18.577,18.099,16.715,16.637,20.028,28.788,36.117,37.102,34.510,31.270,30.583,33.574,36.486,37.593,38.758,38.605,41.976,43.919,42.038,35.188,27.447,23.016,20.621
19.596,19.578,19.133,17.738,17.633,20.982,29.583,36.700,37.706,35.109,31.918,31.311,34.247,37.144,38.323,39.445,39.264,42.564,44.493,42.659,35.939,28.356,23.991,21.620
20.337,20.209,19.745,18.420,18.344,21.610,30.104,37.427,38.152,35.810,32.671,31.887,34.899,37.694,38.573,39.654,39.586,42.799,44.577,42.741,36.274,28.697,24.325,22.114
21.132,20.918,20.444,19.202,19.164,22.334,30.701,38.001,38.567,36.386,33.315,32.460,35.440,38.129,38.873,39.902,39.884,43.034,44.732,42.919,36.624,29.141,24.824,22.733
21.719,21.471,20.981,19.794,19.789,22.901,31.170,38.365,38.950,36.798,33.776,32.910,35.807,38.428,39.146,40.186,40.170,43.311,45.004,43.207,36.929,29.551,25.327,23.255
22.318,21.998,21.495,20.383,20.417,23.457,31.651,38.798,39.296,37.240,34.268,33.362,36.207,38.744,39.391,40.399,40.408,43.525,45.179,43.400,37.199,29.894,25.724,23.728
22.768,22.493,22.021,20.886,20.889,23.918,32.042,39.054,39.552,37.481,34.527,33.695,36.525,39.077,39.805,40.761,40.744,43.815,45.465,43.717,37.606,30.378,26.215,24.235
23.199,22.917,22.438,21.320,21.333,24.329,32.364,39.349,39.851,37.810,34.887,34.031,36.834,39.349,40.023,41.001,40.997,44.043,45.671,43.931,37.865,30.703,26.597,24.630
23.620,23.284,22.793,21.714,21.749,24.715,32.741,39.787,40.196,38.238,35.330,34.416,37.229,39.703,40.290,41.249,41.279,44.313,45.903,44.160,38.147,30.977,26.868,24.955
23.935,23.581,23.109,22.046,22.077,25.020,33.038,40.020,40.349,38.431,35.535,34.652,37.461,39.924,40.543,41.429,41.455,44.462,46.035,44.312,38.379,31.233,27.102,25.245
24.409,24.075,23.627,22.577,22.600,25.506,33.440,40.210,40.553,38.618,35.759,34.965,37.702,40.149,40.876,41.701,41.690,44.662,46.246,44.565,38.698,31.669,27.581,25.750
24.764,24.390,23.899,22.904,22.976,25.839,33.690,40.456,40.874,38.954,36.133,35.268,37.932,40.306,40.935,41.850,41.859,44.853,46.438,44.748,38.817,31.855,27.883,26.027
25.028,24.677,24.170,23.163,23.238,26.101,33.890,40.680,41.177,39.235,36.425,35.527,38.180,40.544,41.121,42.112,42.128,45.124,46.709,45.010,39.049,32.118,28.205,26.304
25.200,24.905,24.433,23.385,23.420,26.298,34.065,40.747,41.258,39.274,36.461,35.649,38.305,40.711,41.395,42.336,42.319,45.284,46.880,45.204,39.297,32.404,28.467,26.564
25.461,25.179,24.722,23.669,23.689,26.551,34.263,40.893,41.374,39.410,36.614,35.822,38.478,40.881,41.574,42.484,42.465,45.393,46.968,45.310,39.484,32.636,28.705,26.829
25.834,25.515,25.024,24.043,24.121,26.935,34.595,41.062,41.673,39.662,36.907,36.129,38.641,40.973,41.707,42.670,42.623,45.601,47.232,45.583,39.628,32.883,29.082,27.167
25.986,25.656,25.161,24.195,24.283,27.084,34.733,41.173,41.787,39.780,37.034,36.257,38.748,41.064,41.801,42.763,42.714,45.694,47.328,45.683,39.723,32.997,29.214,27.304
26.337,25.942,25.426,24.538,24.674,27.411,35.001,41.352,41.952,39.993,37.293,36.495,38.899,41.135,41.842,42.798,42.755,45.741,47.371,45.740,39.780,33.133,29.428,27.555
26.516,26.175,25.671,24.753,24.869,27.611,35.138,41.394,42.079,40.062,37.372,36.623,39.002,41.255,42.021,42.996,42.927,45.898,47.546,45.928,39.970,33.386,29.720,27.809
26.721,26.383,25.883,24.973,25.088,27.813,35.299,41.500,42.186,40.175,37.501,36.767,39.123,41.364,42.141,43.106,43.031,45.987,47.632,46.026,40.097,33.556,29.912,28.012
26.900,26.548,26.020,25.130,25.270,27.982,35.431,41.664,42.408,40.395,37.735,36.950,39.279,41.487,42.197,43.231,43.171,46.146,47.793,46.174,40.191,33.670,30.088,28.158
27.111,26.762,26.220,25.338,25.490,28.196,35.613,41.826,42.631,40.597,37.947,37.152,39.449,41.641,42.341,43.418,43.355,46.342,48.001,46.379,40.354,33.863,30.329,28.369
27.265,26.977,26.461,25.515,25.617,28.340,35.684,41.951,42.712,40.672,38.009,37.260,39.631,41.861,42.517,43.594,43.548,46.470,48.082,46.466,40.566,34.086,30.527,28.574
27.307,27.038,26.552,25.590,25.670,28.404,35.788,41.965,42.727,40.711,38.060,37.289,39.661,41.924,42.693,43.694,43.617,46.530,48.159,46.562,40.691,34.209,30.600,28.667
27.490,27.207,26.720,25.778,25.866,28.577,35.928,42.068,42.797,40.780,38.135,37.413,39.764,42.004,42.765,43.754,43.679,46.581,48.201,46.613,40.770,34.324,30.736,28.823
27.629,27.330,26.828,25.908,26.016,28.714,36.052,42.174,42.934,40.912,38.278,37.543,39.861,42.077,42.826,43.840,43.764,46.682,48.312,46.721,40.841,34.414,30.863,28.940
27.739,27.443,26.948,26.019,26.114,28.810,36.125,42.285,42.997,41.010,38.378,37.627,39.976,42.194,42.904,43.905,43.846,46.736,48.337,46.749,40.933,34.503,30.936,29.037
27.943,27.677,27.194,26.251,26.332,29.016,36.260,42.346,43.083,41.085,38.472,37.749,40.081,42.299,43.032,44.030,43.960,46.821,48.417,46.844,41.076,34.710,31.173,29.271
28.035,27.761,27.267,26.326,26.414,29.101,36.346,42.485,43.229,41.238,38.623,37.867,40.209,42.420,43.109,44.135,44.078,46.948,48.538,46.955,41.168,34.786,31.256,29.345
28.097,27.839,27.350,26.387,26.461,29.160,36.402,42.586,43.318,41.333,38.710,37.944,40.319,42.546,43.213,44.245,44.197,47.053,48.630,47.042,41.281,34.881,31.334,29.420
28.166,27.924,27.422,26.448,26.524,29.237,36.471,42.687,43.487,41.470,38.842,38.056,40.428,42.659,43.305,44.394,44.347,47.221,48.810,47.210,41.392,34.988,31.468,29.510
28.292,28.108,27.641,26.619,26.653,29.381,36.585,42.721,43.525,41.477,38.845,38.131,40.521,42.796,43.523,44.569,44.497,47.332,48.920,47.341,41.595,35.223,31.676,29.719
28.428,28.227,27.746,26.746,26.797,29.509,36.688,42.821,43.643,41.603,38.986,38.248,40.612,42.860,43.555,44.627,44.562,47.405,48.993,47.412,41.646,35.295,31.786,29.825
28.516,28.308,27.832,26.837,26.886,29.590,36.764,42.889,43.676,41.657,39.043,38.309,40.678,42.922,43.617,44.664,44.602,47.432,49.009,47.434,41.704,35.358,31.837,29.899
28.605,28.433,27.975,26.949,26.973,29.687,36.836,42.935,43.727,41.693,39.078,38.372,40.758,43.026,43.749,44.784,44.713,47.519,49.092,47.525,41.837,35.507,31.976,30.035
28.745,28.527,28.036,27.060,27.128,29.818,36.966,43.070,43.899,41.872,39.272,38.523,40.856,43.075,43.755,44.835,44.772,47.616,49.203,47.626,41.857,35.540,32.065,30.111
28.828,28.633,28.145,27.154,27.213,29.906,37.023,43.106,43.972,41.924,39.328,38.589,40.918,43.144,43.831,44.929,44.860,47.697,49.287,47.712,41.946,35.652,32.196,30.223
28.914,28.754,28.272,27.253,27.294,30.001,37.090,43.168,44.074,42.000,39.401,38.673,41.011,43.256,43.951,45.071,44.996,47.822,49.414,47.840,42.078,35.798,32.351,30.352
29.024,28.901,28.427,27.391,27.420,30.132,37.192,43.187,44.161,42.035,39.440,38.759,41.070,43.329,44.088,45.215,45.115,47.939,49.554,47.991,42.212,35.972,32.550,30.521
29.120,28.998,28.532,27.491,27.513,30.221,37.272,43.269,44.211,42.104,39.511,38.831,41.155,43.417,44.169,45.278,45.182,47.990,49.591,48.032,42.294,36.058,32.623,30.612
29.211,29.112,28.654,27.594,27.601,30.317,37.348,43.335,44.288,42.170,39.576,38.909,41.243,43.519,44.282,45.392,45.291,48.086,49.685,48.130,42.411,36.186,32.749,30.731
29.338,29.229,28.759,27.715,27.738,30.445,37.469,43.439,44.427,42.297,39.711,39.037,41.342,43.601,44.360,45.492,45.390,48.201,49.811,48.254,42.496,36.285,32.878,30.847
29.491,29.384,28.925,27.884,27.900,30.594,37.588,43.511,44.473,42.359,39.785,39.129,41.427,43.680,44.454,45.557,45.451,48.241,49.840,48.296,42.589,36.410,33.006,30.997
29.597,29.488,29.020,27.988,28.016,30.704,37.687,43.589,44.592,42.460,39.892,39.234,41.506,43.748,44.525,45.652,45.541,48.344,49.957,48.412,42.667,36.504,33.130,31.103
29.698,29.585,29.118,28.096,28.125,30.804,37.774,43.641,44.642,42.513,39.952,39.306,41.561,43.795,44.586,45.703,45.587,48.386,50.001,48.462,42.725,36.583,33.219,31.200
29.835,29.720,29.234,28.221,28.268,30.946,37.905,43.771,44.846,42.687,40.131,39.466,41.691,43.910,44.686,45.858,45.739,48.564,50.199,48.651,42.842,36.712,33.395,31.336
29.959,29.837,29.341,28.341,28.401,31.071,38.017,43.868,44.973,42.806,40.257,39.585,41.785,43.990,44.760,45.953,45.833,48.669,50.313,48.763,42.924,36.811,33.522,31.451
30.057,29.927,29.427,28.434,28.498,31.165,38.113,43.977,45.074,42.916,40.369,39.686,41.886,44.084,44.840,46.035,45.920,48.759,50.399,48.847,43.007,36.890,33.602,31.535
30.139,30.016,29.527,28.523,28.574,31.242,38.181,44.050,45.114,42.972,40.424,39.747,41.967,44.174,44.927,46.101,45.990,48.808,50.434,48.886,43.094,36.977,33.670,31.621
30.245,30.142,29.668,28.651,28.689,31.356,38.280,44.092,45.157,43.003,40.458,39.817,42.033,44.252,45.050,46.199,46.074,48.877,50.505,48.971,43.207,37.114,33.803,31.758
30.375,30.270,29.799,28.787,28.824,31.489,38.418,44.204,45.265,43.107,40.563,39.938,42.145,44.364,45.185,46.319,46.187,48.991,50.624,49.094,43.332,37.244,33.930,31.890
30.473,30.391,29.935,28.907,28.928,31.596,38.510,44.250,45.309,43.140,40.598,40.006,42.216,44.449,45.311,46.421,46.277,49.064,50.698,49.179,43.449,37.379,34.056,32.021
30.609,30.527,30.066,29.042,29.068,31.732,38.633,44.365,45.446,43.270,40.732,40.137,42.333,44.560,45.416,46.542,46.397,49.188,50.826,49.307,43.562,37.505,34.200,32.156
30.716,30.620,30.141,29.133,29.178,31.838,38.739,44.485,45.607,43.421,40.886,40.266,42.441,44.650,45.482,46.647,46.505,49.319,50.969,49.440,43.640,37.584,34.311,32.244
30.827,30.710,30.223,29.224,29.277,31.932,38.835,44.645,45.729,43.579,41.046,40.385,42.579,44.775,45.548,46.720,46.599,49.410,51.040,49.502,43.719,37.643,34.364,32.314
30.929,30.810,30.320,29.327,29.384,32.032,38.920,44.721,45.814,43.665,41.138,40.474,42.657,44.845,45.611,46.791,46.671,49.482,51.112,49.575,43.789,37.727,34.463,32.411
31.023,30.914,30.427,29.427,29.479,32.134,39.031,44.814,45.921,43.755,41.223,40.576,42.757,44.955,45.748,46.924,46.795,49.609,51.248,49.714,43.918,37.855,34.586,32.525
31.125,31.035,30.554,29.537,29.577,32.241,39.130,44.915,46.033,43.856,41.320,40.681,42.874,45.086,45.885,47.065,46.934,49.740,51.378,49.844,44.058,37.995,34.721,32.652
31.217,31.145,30.666,29.636,29.670,32.343,39.229,45.000,46.151,43.949,41.410,40.783,42.973,45.196,46.014,47.207,47.067,49.877,51.525,49.991,44.187,38.129,34.861,32.772
31.358,31.269,30.786,29.770,29.814,32.480,39.375,45.150,46.288,44.097,41.560,40.926,43.109,45.321,46.132,47.320,47.183,49.999,51.647,50.112,44.301,38.239,34.972,32.892
31.460,31.363,30.887,29.871,29.910,32.571,39.464,45.253,46.343,44.181,41.645,41.006,43.207,45.418,46.214,47.378,47.249,50.049,51.679,50.148,44.383,38.316,35.030,32.976
31.577,31.462,30.976,29.980,30.035,32.688,39.591,45.371,46.469,44.307,41.775,41.129,43.309,45.505,46.301,47.469,47.340,50.156,51.795,50.261,44.466,38.400,35.127,33.073
31.736,31.594,31.108,30.139,30.205,32.834,39.723,45.475,46.530,44.403,41.886,41.237,43.399,45.570,46.358,47.499,47.375,50.182,51.810,50.284,44.522,38.477,35.212,33.190
31.881,31.721,31.231,30.275,30.348,32.965,39.843,45.617,46.641,44.544,42.035,41.363,43.529,45.684,46.434,47.572,47.462,50.261,51.873,50.347,44.608,38.565,35.302,33.300
31.978,31.835,31.336,30.376,30.453,33.073,39.928,45.674,46.771,44.637,42.131,41.464,43.604,45.757,46.518,47.696,47.576,50.388,52.019,50.491,44.704,38.686,35.462,33.423
32.103,31.938,31.420,30.482,30.581,33.193,40.055,45.821,46.942,44.808,42.306,41.611,43.730,45.861,46.593,47.803,47.689,50.524,52.164,50.626,44.789,38.767,35.569,33.517
32.269,32.108,31.578,30.648,30.761,33.371,40.224,45.954,47.146,44.975,42.478,41.788,43.868,45.990,46.740,47.986,47.860,50.718,52.384,50.843,44.940,38.940,35.783,33.697
32.388,32.241,31.713,30.776,30.882,33.493,40.322,46.034,47.247,45.065,42.572,41.889,43.965,46.090,46.845,48.100,47.969,50.821,52.487,50.950,45.054,39.071,35.927,33.832
32.504,32.337,31.807,30.886,31.001,33.603,40.443,46.160,47.343,45.181,42.691,42.001,44.073,46.187,46.933,48.174,48.048,50.902,52.563,51.026,45.136,39.148,35.999,33.921
32.640,32.496,31.971,31.041,31.151,33.757,40.585,46.229,47.474,45.266,42.778,42.126,44.168,46.290,47.095,48.343,48.194,51.056,52.743,51.213,45.291,39.333,36.206,34.101
32.801,32.613,32.064,31.168,31.308,33.900,40.742,46.447,47.675,45.500,43.017,42.311,44.344,46.433,47.169,48.443,48.316,51.198,52.878,51.335,45.379,39.402,36.292,34.194
32.996,32.754,32.176,31.331,31.510,34.072,40.906,46.649,47.862,45.730,43.265,42.498,44.503,46.539,47.198,48.500,48.396,51.297,52.968,51.414,45.430,39.456,36.385,34.302
33.144,32.895,32.296,31.466,31.666,34.222,41.037,46.780,48.058,45.906,43.448,42.659,44.630,46.645,47.281,48.636,48.533,51.458,53.144,51.582,45.532,39.577,36.556,34.440
33.267,33.008,32.412,31.594,31.797,34.339,41.138,46.853,48.112,45.975,43.528,42.743,44.702,46.705,47.343,48.682,48.579,51.494,53.175,51.620,45.595,39.659,36.645,34.547
33.392,33.123,32.524,31.714,31.921,34.451,41.230,46.959,48.195,46.084,43.645,42.841,44.804,46.794,47.399,48.737,48.645,51.551,53.215,51.661,45.663,39.736,36.729,34.646
33.535,33.266,32.674,31.864,32.068,34.598,41.388,47.092,48.318,46.203,43.763,42.978,44.938,46.932,47.566,48.883,48.784,51.688,53.358,51.809,45.816,39.890,36.872,34.796
33.716,33.437,32.830,32.030,32.246,34.773,41.557,47.294,48.538,46.427,43.989,43.175,45.129,47.109,47.704,49.053,48.964,51.879,53.548,51.990,45.971,40.041,37.044,34.956
33.871,33.607,33.000,32.201,32.418,34.937,41.679,47.348,48.644,46.507,44.082,43.289,45.208,47.181,47.803,49.167,49.063,51.977,53.659,52.110,46.078,40.196,37.238,35.133
34.050,33.807,33.208,32.395,32.601,35.127,41.863,47.495,48.819,46.655,44.228,43.462,45.375,47.363,48.022,49.384,49.267,52.178,53.872,52.327,46.291,40.422,37.467,35.347
34.207,33.956,33.347,32.533,32.743,35.268,41.991,47.701,49.003,46.870,44.444,43.631,45.570,47.549,48.136,49.522,49.429,52.334,54.004,52.449,46.430,40.544,37.589,35.474
34.442,34.148,33.506,32.741,32.994,35.490,42.186,47.895,49.245,47.120,44.717,43.855,45.736,47.660,48.189,49.632,49.551,52.486,54.167,52.602,46.512,40.656,37.775,35.644
34.628,34.312,33.653,32.912,33.184,35.667,42.354,48.080,49.437,47.325,44.930,44.039,45.903,47.802,48.295,49.760,49.688,52.636,54.315,52.745,46.631,40.781,37.926,35.793
34.840,34.556,33.894,33.131,33.395,35.886,42.528,48.250,49.680,47.534,45.143,44.248,46.105,48.011,48.494,50.010,49.934,52.880,54.566,52.992,46.857,41.034,38.215,36.042
34.986,34.706,34.034,33.265,33.531,36.027,42.659,48.433,49.878,47.734,45.342,44.417,46.287,48.191,48.629,50.179,50.116,53.064,54.743,53.159,47.012,41.179,38.371,36.183
35.179,34.888,34.203,33.454,33.737,36.219,42.831,48.575,50.057,47.905,45.525,44.592,46.426,48.307,48.740,50.314,50.248,53.209,54.899,53.315,47.134,41.328,38.560,36.360
35.453,35.120,34.419,33.711,34.022,36.480,43.092,48.832,50.302,48.175,45.808,44.850,46.653,48.497,48.901,50.479,50.422,53.398,55.088,53.502,47.299,41.503,38.761,36.575
35.680,35.361,34.656,33.936,34.243,36.703,43.282,49.046,50.537,48.410,46.047,45.070,46.881,48.725,49.096,50.703,50.654,53.622,55.302,53.713,47.518,41.732,39.008,36.809
36.007,35.627,34.919,34.227,34.546,36.998,43.642,49.527,50.869,48.835,46.461,45.429,47.294,49.123,49.418,50.973,50.962,53.924,55.564,53.963,47.825,41.964,39.171,37.043
36.309,35.964,35.306,34.572,34.841,37.301,43.944,49.779,51.007,49.002,46.622,45.660,47.582,49.456,49.822,51.265,51.243,54.141,55.749,54.177,48.194,42.335,39.456,37.391
36.574,36.182,35.475,34.784,35.101,37.547,44.184,50.122,51.407,49.416,47.044,45.983,47.878,49.700,49.945,51.489,51.498,54.442,56.053,54.450,48.364,42.488,39.678,37.577
36.838,36.510,35.809,35.057,35.345,37.841,44.495,50.464,51.848,49.777,47.377,46.337,48.260,50.138,50.417,52.014,52.007,54.964,56.601,54.986,48.838,42.934,40.114,37.941
37.215,36.829,36.100,35.390,35.712,38.188,44.858,50.928,52.264,50.254,47.860,46.739,48.668,50.503,50.676,52.299,52.328,55.302,56.917,55.284,49.120,43.183,40.374,38.223
37.643,37.369,36.672,35.883,36.151,38.672,45.308,51.242,52.724,50.582,48.174,47.167,49.084,50.993,51.320,52.957,52.927,55.890,57.555,55.939,49.747,43.860,41.059,38.829
38.230,37.930,37.176,36.381,36.681,39.252,45.985,52.206,53.760,51.603,49.151,48.003,49.977,51.891,52.055,53.842,53.859,56.901,58.575,56.891,50.522,44.492,41.690,39.376
38.899,38.649,37.968,37.062,37.259,39.889,46.686,53.140,54.401,52.367,49.860,48.704,50.924,52.947,53.048,54.688,54.757,57.682,59.238,57.557,51.490,45.313,42.276,40.079
40.775,40.149,39.206,38.531,38.994,41.643,48.850,56.299,57.524,55.687,53.097,51.319,53.614,55.442,54.825,56.868,57.167,60.413,61.958,60.047,53.377,46.706,43.698,41.419
