20.340,17.601,18.526,20.513,20.940,27.288,43.179,54.162,52.938,46.170,33.444,24.197,14.988,11.417,14.402,20.768,30.657,46.880,57.179,62.906,59.688,48.767,33.496,24.602
25.376,22.983,23.840,25.481,25.993,31.666,45.984,54.183,53.018,46.363,36.444,28.113,19.888,16.866,19.612,24.465,33.553,47.836,57.258,62.919,59.765,48.870,36.347,29.557
26.696,25.076,25.748,26.793,27.413,32.399,46.135,54.191,53.037,46.445,37.594,29.739,20.610,17.891,21.125,25.654,36.050,49.363,57.295,62.990,59.798,49.257,37.464,30.947
28.572,27.045,27.826,28.629,29.132,33.203,46.192,54.204,53.074,46.917,38.175,31.460,23.629,21.137,24.052,28.488,37.334,49.426,57.322,62.992,59.815,49.322,38.850,32.298
29.552,28.114,28.780,29.626,30.105,34.145,46.323,54.220,53.101,46.947,38.839,32.329,24.758,22.384,25.128,29.314,37.857,49.539,57.342,63.020,59.851,49.433,39.176,33.071
30.156,28.859,29.482,30.229,30.687,34.466,46.337,54.237,53.102,46.947,39.098,32.927,25.568,23.308,25.994,30.064,38.374,49.560,57.367,63.033,59.885,49.463,39.467,33.506
30.531,29.256,29.861,30.604,31.037,34.706,46.338,54.254,53.107,46.976,39.222,33.247,26.150,23.947,26.530,30.525,38.518,49.563,57.370,63.034,59.898,49.508,39.589,33.746
30.946,29.690,30.266,31.025,31.435,35.052,46.522,54.257,53.139,47.147,39.508,33.659,26.726,24.559,27.059,31.027,38.808,49.743,57.380,63.056,59.913,49.535,39.825,34.043
31.195,30.054,30.595,31.277,31.693,35.203,46.524,54.374,53.144,47.178,39.728,33.973,26.941,24.819,27.371,31.311,39.232,49.843,57.384,63.113,59.925,49.586,40.029,34.268
31.432,30.354,30.825,31.526,31.952,35.490,46.548,54.442,53.158,47.237,39.942,34.225,27.067,24.972,27.527,31.387,39.467,49.861,57.404,63.114,59.928,49.597,40.089,34.489
31.578,30.516,31.035,31.656,32.082,35.535,46.587,54.476,53.164,47.251,40.026,34.302,27.303,25.244,27.800,31.612,39.531,49.945,57.412,63.120,59.952,49.645,40.223,34.630
31.764,30.710,31.231,31.841,32.263,35.637,46.623,54.488,53.164,47.274,40.079,34.483,27.526,25.478,28.023,31.827,39.697,49.981,57.434,63.240,59.973,49.650,40.382,34.796
31.989,30.954,31.473,32.064,32.476,35.778,46.703,54.488,53.342,47.408,40.212,34.710,27.842,25.816,28.335,32.134,39.896,50.010,57.494,63.257,59.985,49.753,40.556,34.968
32.103,31.091,31.608,32.177,32.591,35.863,46.833,54.496,53.345,47.450,40.305,34.829,27.948,25.933,28.464,32.251,40.036,50.121,57.532,63.290,60.007,49.824,40.661,35.082
32.188,31.206,31.745,32.253,32.683,35.888,46.834,54.587,53.389,47.462,40.352,34.896,27.961,25.957,28.547,32.305,40.185,50.276,57.632,63.295,60.099,49.881,40.803,35.224
32.329,31.349,31.879,32.395,32.824,36.036,46.841,54.696,53.492,47.517,40.472,35.023,28.106,26.110,28.684,32.420,40.279,50.319,57.696,63.318,60.236,49.927,40.889,35.352
32.410,31.427,31.965,32.473,32.902,36.092,46.911,54.702,53.609,47.523,40.501,35.077,28.204,26.215,28.781,32.496,40.309,50.327,57.758,63.339,60.259,49.934,40.945,35.432
32.512,31.523,32.059,32.575,33.004,36.199,47.010,54.758,53.649,47.532,40.565,35.150,28.313,26.331,28.880,32.564,40.336,50.340,57.785,63.351,60.266,49.937,40.989,35.527
32.720,31.712,32.247,32.785,33.203,36.401,47.107,54.766,53.691,47.763,40.747,35.354,28.593,26.610,29.121,32.818,40.486,50.422,57.806,63.358,60.271,50.110,41.168,35.698
32.805,31.805,32.337,32.870,33.290,36.484,47.158,54.789,53.703,47.804,40.825,35.435,28.662,26.684,29.200,32.883,40.570,50.500,57.818,63.373,60.304,50.160,41.238,35.787
32.954,31.946,32.479,33.019,33.432,36.616,47.309,54.799,53.707,47.950,40.944,35.580,28.862,26.886,29.379,33.068,40.682,50.568,57.833,63.417,60.313,50.277,41.365,35.910
33.057,32.061,32.595,33.121,33.539,36.717,47.509,54.802,53.752,48.043,41.059,35.687,28.908,26.939,29.468,33.150,40.822,50.730,57.833,63.430,60.317,50.396,41.488,36.032
33.134,32.169,32.689,33.199,33.631,36.824,47.523,54.848,53.756,48.062,41.181,35.771,28.928,26.953,29.493,33.152,40.960,50.922,57.867,63.469,60.350,50.471,41.564,36.146
33.231,32.270,32.789,33.295,33.725,36.905,47.561,54.930,53.786,48.099,41.246,35.858,29.021,27.060,29.604,33.247,41.027,50.946,57.956,63.537,60.400,50.498,41.629,36.232
33.313,32.371,32.891,33.376,33.803,36.927,47.566,54.946,53.892,48.104,41.266,35.939,29.145,27.199,29.738,33.371,41.105,50.950,57.969,63.580,60.424,50.500,41.686,36.292
33.410,32.453,32.983,33.470,33.896,37.014,47.600,54.986,53.910,48.159,41.324,36.008,29.260,27.316,29.842,33.461,41.141,50.958,58.028,63.597,60.483,50.538,41.767,36.389
33.544,32.574,33.105,33.605,34.025,37.144,47.615,55.124,53.965,48.250,41.427,36.128,29.435,27.493,29.993,33.607,41.216,50.985,58.108,63.603,60.652,50.600,41.866,36.502
33.597,32.631,33.168,33.655,34.076,37.169,47.628,55.143,53.974,48.270,41.436,36.162,29.494,27.560,30.060,33.656,41.243,50.995,58.191,63.619,60.678,50.618,41.902,36.556
33.714,32.746,33.286,33.771,34.191,37.277,47.707,55.173,54.095,48.396,41.553,36.285,29.623,27.687,30.188,33.794,41.371,51.111,58.207,63.622,60.678,50.742,42.035,36.670
33.828,32.852,33.391,33.887,34.305,37.408,47.866,55.211,54.116,48.405,41.667,36.408,29.722,27.790,30.291,33.879,41.498,51.214,58.217,63.721,60.723,50.773,42.125,36.786
33.851,32.907,33.438,33.908,34.334,37.411,47.869,55.223,54.156,48.455,41.703,36.413,29.735,27.801,30.312,33.919,41.509,51.285,58.266,63.745,60.792,50.846,42.177,36.815
33.914,32.986,33.517,33.970,34.399,37.458,47.941,55.241,54.194,48.588,41.734,36.480,29.763,27.846,30.376,33.941,41.603,51.324,58.327,63.788,60.809,50.932,42.203,36.888
34.027,33.109,33.642,34.082,34.515,37.563,48.076,55.269,54.226,48.599,41.865,36.608,29.860,27.942,30.489,34.064,41.767,51.507,58.436,63.804,60.913,51.009,42.350,37.012
34.103,33.187,33.719,34.158,34.594,37.647,48.183,55.293,54.317,48.617,41.931,36.666,29.912,27.998,30.548,34.101,41.817,51.559,58.473,63.814,60.947,51.035,42.405,37.100
34.188,33.299,33.813,34.245,34.684,37.738,48.315,55.296,54.354,48.660,42.034,36.770,29.970,28.064,30.625,34.168,41.942,51.680,58.493,63.837,60.994,51.097,42.464,37.180
34.268,33.400,33.908,34.326,34.764,37.794,48.352,55.315,54.372,48.725,42.109,36.869,30.057,28.159,30.727,34.273,42.063,51.775,58.542,63.868,61.030,51.170,42.541,37.248
34.356,33.494,34.007,34.412,34.851,37.863,48.406,55.324,54.398,48.822,42.193,36.964,30.146,28.249,30.826,34.379,42.178,51.886,58.560,63.879,61.067,51.277,42.650,37.339
34.477,33.616,34.132,34.532,34.966,37.948,48.406,55.333,54.398,48.905,42.268,37.078,30.310,28.421,30.984,34.533,42.271,51.923,58.560,63.882,61.069,51.341,42.750,37.439
34.538,33.700,34.214,34.592,35.031,37.991,48.414,55.338,54.398,48.950,42.335,37.154,30.348,28.465,31.049,34.598,42.389,52.041,58.571,63.888,61.073,51.413,42.828,37.509
34.606,33.779,34.308,34.656,35.095,37.997,48.414,55.424,54.445,48.978,42.351,37.217,30.436,28.562,31.158,34.705,42.473,52.061,58.619,63.942,61.138,51.441,42.919,37.580
34.675,33.855,34.390,34.722,35.161,38.029,48.425,55.488,54.484,48.980,42.380,37.278,30.523,28.656,31.252,34.792,42.529,52.080,58.638,63.959,61.217,51.452,42.984,37.645
34.731,33.903,34.446,34.775,35.214,38.069,48.483,55.490,54.537,49.003,42.387,37.301,30.586,28.726,31.313,34.828,42.536,52.102,58.713,63.962,61.350,51.476,43.010,37.703
34.813,34.010,34.536,34.860,35.305,38.175,48.594,55.612,54.602,49.030,42.505,37.400,30.618,28.762,31.368,34.870,42.656,52.214,58.847,63.971,61.350,51.522,43.077,37.794
34.883,34.078,34.609,34.927,35.380,38.259,48.740,55.621,54.722,49.072,42.581,37.452,30.642,28.785,31.406,34.891,42.720,52.312,58.852,64.044,61.351,51.585,43.157,37.893
34.957,34.177,34.699,35.003,35.462,38.342,48.899,55.637,54.732,49.114,42.682,37.540,30.666,28.814,31.459,34.933,42.847,52.460,58.853,64.141,61.356,51.661,43.231,37.983
35.051,34.294,34.798,35.100,35.565,38.467,49.122,55.695,54.744,49.206,42.827,37.656,30.705,28.855,31.520,34.989,42.999,52.654,58.878,64.210,61.517,51.784,43.321,38.087
35.131,34.369,34.878,35.178,35.641,38.528,49.134,55.827,54.793,49.245,42.871,37.720,30.805,28.959,31.616,35.074,43.042,52.663,59.029,64.317,61.542,51.811,43.384,38.161
35.181,34.438,34.939,35.229,35.692,38.561,49.147,55.860,54.934,49.262,42.912,37.782,30.863,29.026,31.683,35.138,43.112,52.704,59.084,64.346,61.578,51.831,43.415,38.198
35.262,34.503,35.001,35.311,35.771,38.662,49.230,55.948,54.953,49.319,42.981,37.844,30.956,29.118,31.754,35.198,43.130,52.714,59.087,64.386,61.665,51.866,43.461,38.270
35.370,34.606,35.113,35.418,35.878,38.761,49.324,56.051,54.983,49.457,43.089,37.953,31.069,29.227,31.868,35.321,43.249,52.840,59.137,64.564,61.706,52.006,43.595,38.385
35.460,34.700,35.209,35.507,35.964,38.826,49.337,56.126,55.081,49.536,43.155,38.045,31.186,29.349,31.984,35.440,43.337,52.895,59.166,64.609,61.715,52.077,43.682,38.463
35.557,34.784,35.311,35.599,36.060,38.906,49.408,56.294,55.166,49.612,43.222,38.115,31.276,29.436,32.079,35.526,43.409,52.968,59.221,64.732,61.815,52.158,43.801,38.581
35.659,34.882,35.406,35.702,36.164,39.027,49.551,56.340,55.226,49.677,43.323,38.203,31.363,29.524,32.162,35.593,43.478,53.036,59.251,64.742,61.872,52.223,43.878,38.688
35.766,34.970,35.493,35.810,36.265,39.138,49.588,56.416,55.344,49.766,43.400,38.292,31.517,29.678,32.284,35.710,43.508,53.043,59.374,64.910,61.897,52.272,43.943,38.770
35.920,35.085,35.612,35.966,36.407,39.300,49.632,56.609,55.374,49.959,43.524,38.430,31.757,29.912,32.465,35.906,43.563,53.049,59.427,65.075,62.024,52.399,44.061,38.884
35.975,35.147,35.673,36.020,36.464,39.351,49.697,56.622,55.424,50.005,43.581,38.487,31.801,29.957,32.518,35.956,43.632,53.121,59.560,65.243,62.027,52.455,44.120,38.944
36.053,35.243,35.773,36.096,36.545,39.410,49.793,56.787,55.524,50.095,43.672,38.581,31.851,30.009,32.598,36.041,43.778,53.283,59.724,65.393,62.170,52.576,44.238,39.039
36.217,35.390,35.911,36.264,36.706,39.604,49.959,56.940,55.701,50.289,43.847,38.746,32.048,30.201,32.760,36.211,43.897,53.396,59.866,65.518,62.307,52.736,44.369,39.179
36.340,35.497,36.021,36.387,36.826,39.739,50.082,57.047,55.854,50.438,43.971,38.861,32.184,30.331,32.879,36.336,43.991,53.498,60.005,65.525,62.444,52.870,44.492,39.299
36.462,35.604,36.134,36.509,36.946,39.864,50.190,57.150,56.003,50.582,44.087,38.974,32.320,30.462,33.002,36.463,44.088,53.598,60.116,65.596,62.560,53.001,44.621,39.421
36.572,35.701,36.244,36.616,37.052,39.958,50.245,57.161,56.119,50.702,44.174,39.071,32.451,30.590,33.125,36.590,44.175,53.675,60.212,65.666,62.653,53.111,44.746,39.533
36.687,35.802,36.353,36.730,37.162,40.061,50.296,57.249,56.225,50.826,44.266,39.176,32.598,30.736,33.257,36.727,44.258,53.737,60.216,65.738,62.659,53.215,44.860,39.639
36.732,35.845,36.401,36.773,37.206,40.098,50.323,57.344,56.240,50.834,44.290,39.206,32.640,30.780,33.301,36.759,44.280,53.749,60.266,65.803,62.701,53.224,44.898,39.691
36.841,35.935,36.504,36.879,37.312,40.198,50.382,57.450,56.326,50.915,44.362,39.285,32.766,30.905,33.415,36.862,44.329,53.782,60.330,65.850,62.754,53.290,45.001,39.804
36.962,36.044,36.615,37.000,37.429,40.318,50.462,57.616,56.415,51.013,44.459,39.389,32.909,31.048,33.542,36.982,44.401,53.832,60.420,66.009,62.845,53.369,45.099,39.916
37.072,36.158,36.731,37.109,37.543,40.433,50.612,57.620,56.519,51.092,44.569,39.490,32.991,31.132,33.636,37.063,44.511,53.955,60.556,66.073,62.973,53.463,45.211,40.043
37.222,36.307,36.878,37.259,37.697,40.604,50.823,57.802,56.674,51.221,44.729,39.632,33.115,31.256,33.763,37.178,44.650,54.113,60.716,66.080,63.129,53.599,45.350,40.204
37.353,36.432,37.000,37.391,37.829,40.756,51.004,57.872,56.841,51.370,44.879,39.763,33.234,31.370,33.877,37.293,44.777,54.262,60.782,66.177,63.195,53.748,45.481,40.340
37.448,36.526,37.098,37.484,37.923,40.843,51.084,57.923,56.916,51.442,44.959,39.848,33.327,31.465,33.973,37.381,44.860,54.339,60.871,66.268,63.296,53.822,45.574,40.438
37.553,36.638,37.219,37.587,38.027,40.915,51.126,58.024,56.992,51.533,45.040,39.953,33.441,31.583,34.099,37.509,44.981,54.438,61.001,66.270,63.435,53.920,45.696,40.547
37.673,36.782,37.355,37.707,38.153,41.031,51.295,58.099,57.104,51.632,45.178,40.087,33.523,31.670,34.209,37.614,45.156,54.627,61.046,66.315,63.469,54.050,45.825,40.679
37.773,36.872,37.446,37.808,38.250,41.133,51.360,58.124,57.170,51.708,45.258,40.175,33.644,31.793,34.316,37.706,45.212,54.661,61.075,66.463,63.491,54.109,45.900,40.768
37.861,36.975,37.544,37.894,38.350,41.250,51.597,58.186,57.241,51.710,45.362,40.243,33.644,31.797,34.348,37.713,45.303,54.796,61.267,66.736,63.680,54.149,45.974,40.897
38.028,37.142,37.704,38.064,38.515,41.422,51.750,58.366,57.416,51.907,45.542,40.425,33.832,31.985,34.525,37.896,45.478,54.964,61.276,66.944,63.925,54.336,46.132,41.045
38.174,37.280,37.861,38.204,38.661,41.553,51.909,58.565,57.631,52.087,45.687,40.562,33.956,32.101,34.663,38.041,45.647,55.166,61.490,66.966,64.109,54.536,46.338,41.222
38.330,37.423,38.012,38.360,38.816,41.715,52.070,58.761,57.823,52.264,45.842,40.708,34.115,32.255,34.814,38.196,45.786,55.318,61.672,67.084,64.214,54.708,46.508,41.386
38.475,37.550,38.152,38.502,38.959,41.859,52.202,58.919,57.978,52.361,45.965,40.828,34.232,32.379,34.953,38.294,45.889,55.425,61.793,67.100,64.236,54.837,46.661,41.544
38.549,37.656,38.238,38.578,39.048,41.974,52.464,58.970,58.004,52.400,46.075,40.898,34.261,32.397,34.965,38.327,45.989,55.566,61.801,67.173,64.344,54.848,46.694,41.649
38.698,37.807,38.396,38.724,39.200,42.119,52.614,59.105,58.145,52.475,46.214,41.032,34.354,32.502,35.102,38.416,46.136,55.723,61.918,67.380,64.412,54.979,46.852,41.820
38.814,37.924,38.523,38.836,39.309,42.185,52.635,59.124,58.195,52.567,46.279,41.142,34.512,32.666,35.259,38.577,46.240,55.774,61.978,67.392,64.586,55.060,46.972,41.922
38.968,38.068,38.689,38.986,39.456,42.291,52.644,59.234,58.338,52.734,46.389,41.285,34.703,32.857,35.450,38.779,46.387,55.891,62.134,67.575,64.706,55.219,47.161,42.078
39.109,38.197,38.835,39.122,39.596,42.419,52.772,59.387,58.501,52.871,46.510,41.405,34.835,32.985,35.588,38.912,46.512,56.026,62.283,67.803,64.744,55.363,47.332,42.241
39.291,38.368,38.999,39.308,39.778,42.629,52.986,59.633,58.725,53.096,46.715,41.593,35.029,33.174,35.761,39.095,46.678,56.206,62.504,67.985,64.955,55.570,47.503,42.412
39.414,38.517,39.157,39.426,39.907,42.724,53.156,59.750,58.877,53.214,46.851,41.729,35.092,33.240,35.875,39.208,46.895,56.456,62.691,68.219,65.175,55.744,47.687,42.572
39.568,38.688,39.342,39.575,40.075,42.884,53.479,59.982,59.122,53.357,47.041,41.876,35.131,33.276,35.973,39.292,47.131,56.783,62.939,68.726,65.455,55.963,47.918,42.801
39.852,38.945,39.621,39.856,40.353,43.158,53.723,60.364,59.515,53.741,47.325,42.156,35.442,33.572,36.269,39.617,47.414,57.089,63.349,68.918,65.884,56.335,48.265,43.095
40.033,39.104,39.783,40.037,40.529,43.347,53.865,60.562,59.699,53.938,47.492,42.324,35.658,33.783,36.456,39.808,47.541,57.202,63.514,68.972,66.037,56.501,48.430,43.262
40.178,39.299,39.962,40.183,40.676,43.446,53.953,60.571,59.749,54.042,47.635,42.510,35.801,33.944,36.637,39.992,47.781,57.399,63.622,69.247,66.161,56.633,48.569,43.389
40.472,39.606,40.269,40.476,40.973,43.731,54.268,60.844,60.033,54.316,47.933,42.808,36.069,34.215,36.927,40.276,48.108,57.733,63.916,69.439,66.463,56.929,48.874,43.695
40.680,39.875,40.538,40.680,41.196,43.901,54.575,60.993,60.233,54.470,48.168,43.046,36.169,34.328,37.117,40.452,48.476,58.143,64.170,69.800,66.760,57.180,49.148,43.957
40.988,40.135,40.837,40.978,41.506,44.231,54.971,61.407,60.627,54.745,48.446,43.274,36.417,34.562,37.365,40.668,48.686,58.420,64.474,70.153,67.066,57.469,49.500,44.337
41.247,40.428,41.157,41.228,41.767,44.403,55.164,61.582,60.883,54.991,48.677,43.545,36.634,34.787,37.652,40.962,49.068,58.804,64.792,70.706,67.442,57.781,49.861,44.641
41.650,40.810,41.561,41.626,42.170,44.803,55.585,62.070,61.377,55.442,49.079,43.930,37.023,35.164,38.043,41.361,49.468,59.243,65.280,71.522,67.948,58.241,50.322,45.075
42.152,41.354,42.151,42.112,42.691,45.250,56.288,62.688,62.077,55.983,49.630,44.440,37.333,35.468,38.487,41.807,50.201,60.130,66.051,71.708,68.819,58.941,51.043,45.721
42.887,42.086,42.861,42.858,43.423,46.027,57.080,63.653,63.025,56.976,50.479,45.261,38.117,36.231,39.236,42.641,51.047,61.031,67.106,72.647,69.889,59.909,51.834,46.414
43.722,42.874,43.654,43.699,44.240,46.864,57.763,64.655,64.022,58.067,51.342,46.140,39.097,37.187,40.137,43.631,51.875,61.845,68.176,73.878,70.966,60.916,52.713,47.182
44.465,43.611,44.531,44.402,44.980,47.380,58.309,65.376,64.945,58.849,51.953,46.813,39.735,37.814,40.922,44.434,52.789,62.833,69.171,75.158,72.129,61.849,53.826,48.117
46.150,45.040,46.165,46.046,46.604,48.889,59.296,67.215,66.865,60.742,53.309,48.258,41.704,39.720,42.737,46.306,54.031,63.998,70.942,77.572,73.956,63.569,55.754,49.867
47.578,46.507,47.638,47.469,48.066,50.387,61.195,68.835,68.468,62.110,54.847,49.672,42.864,40.874,44.010,47.526,55.602,65.775,72.517,79.043,75.567,65.091,57.281,51.442
