8.765,8.442,10.344,10.306,8.899,10.365,17.567,24.615,24.674,19.635,11.419,7.768,4.108,-2.039,-4.592,-1.368,2.345,10.888,19.285,28.498,26.536,15.530,5.130,9.466
11.105,11.019,12.046,11.801,11.049,12.761,20.135,27.144,27.154,22.141,14.610,11.012,7.686,2.682,0.174,2.825,6.107,14.052,22.443,31.146,28.805,18.083,9.432,12.648
12.922,13.012,13.341,12.968,12.721,14.610,21.983,28.928,28.914,23.979,16.951,13.381,10.295,6.187,3.868,5.980,9.014,16.479,24.769,32.953,30.455,20.327,13.262,14.865
14.823,14.953,15.025,14.606,14.574,16.462,23.578,30.284,30.260,25.511,18.896,15.451,12.563,8.923,6.777,8.581,11.416,18.466,26.458,34.182,31.666,22.059,15.956,16.791
15.703,15.770,15.909,15.492,15.467,17.292,24.201,30.794,30.771,26.118,19.590,16.205,13.375,9.751,7.727,9.430,12.225,19.176,27.012,34.588,32.079,22.649,16.903,17.428
16.738,16.800,16.807,16.333,16.468,18.305,25.134,31.663,31.628,27.025,20.699,17.363,14.648,11.278,9.335,10.839,13.497,20.268,28.031,35.427,32.787,23.445,18.364,18.486
17.343,17.428,17.401,16.918,17.068,18.903,25.725,32.189,32.147,27.575,21.357,18.065,15.394,12.102,10.110,11.630,14.215,20.892,28.603,35.946,33.289,23.936,18.818,19.232
17.993,18.085,18.033,17.559,17.717,19.538,26.274,32.669,32.630,28.114,21.960,18.697,16.052,12.815,10.871,12.352,14.925,21.525,29.141,36.379,33.777,24.603,19.594,19.836
18.477,18.540,18.554,18.105,18.218,20.003,26.634,32.984,32.953,28.481,22.305,19.055,16.399,13.100,11.222,12.694,15.307,21.906,29.447,36.638,34.110,25.079,20.092,20.145
18.978,19.002,19.051,18.576,18.720,20.477,27.049,33.347,33.307,28.863,22.778,19.574,16.977,13.715,11.840,13.271,15.796,22.326,29.823,36.975,34.349,25.223,20.433,20.631
19.345,19.362,19.401,18.936,19.087,20.831,27.319,33.577,33.542,29.140,23.077,19.884,17.298,14.063,12.260,13.636,16.174,22.665,30.094,37.162,34.586,25.633,20.999,20.888
19.674,19.710,19.672,19.179,19.398,21.162,27.670,33.915,33.872,29.473,23.500,20.324,17.783,14.666,12.849,14.176,16.646,23.064,30.491,37.513,34.871,25.894,21.427,21.331
20.076,20.098,20.103,19.615,19.809,21.555,28.040,34.264,34.221,29.833,23.863,20.701,18.163,15.011,13.185,14.535,16.997,23.414,30.820,37.848,35.207,26.200,21.677,21.713
20.291,20.293,20.369,19.899,20.040,21.763,28.224,34.443,34.405,30.021,24.000,20.838,18.276,15.034,13.209,14.602,17.098,23.556,30.953,38.013,35.407,26.393,21.737,21.852
20.641,20.612,20.725,20.256,20.397,22.093,28.473,34.656,34.619,30.268,24.267,21.124,18.578,15.328,13.558,14.910,17.398,23.831,31.174,38.185,35.581,26.630,22.123,22.083
20.974,20.926,21.055,20.578,20.732,22.411,28.741,34.890,34.851,30.523,24.566,21.447,18.929,15.698,13.948,15.270,17.723,24.117,31.423,38.396,35.763,26.814,22.429,22.377
21.338,21.302,21.399,20.935,21.094,22.768,29.034,35.139,35.104,30.819,24.894,21.786,19.277,16.089,14.389,15.676,18.143,24.486,31.722,38.609,36.044,27.283,22.977,22.691
21.544,21.524,21.587,21.119,21.293,22.978,29.257,35.355,35.319,31.035,25.139,22.035,19.536,16.389,14.676,15.959,18.410,24.729,31.961,38.832,36.264,27.432,23.214,22.941
21.738,21.641,21.783,21.293,21.493,23.148,29.359,35.477,35.438,31.152,25.232,22.129,19.647,16.457,14.822,16.020,18.456,24.806,32.049,38.929,36.264,27.513,23.461,22.955
21.942,21.908,21.930,21.433,21.677,23.368,29.626,35.721,35.678,31.400,25.567,22.474,20.018,16.959,15.281,16.476,18.873,25.142,32.371,39.194,36.545,27.778,23.783,23.342
22.144,22.115,22.159,21.680,21.888,23.565,29.793,35.855,35.816,31.561,25.726,22.644,20.179,17.091,15.413,16.639,19.054,25.314,32.502,39.308,36.717,28.018,23.908,23.526
22.404,22.360,22.413,21.930,22.149,23.813,29.995,36.030,35.990,31.757,25.952,22.887,20.442,17.371,15.720,16.915,19.310,25.540,32.693,39.461,36.858,28.189,24.192,23.739
22.584,22.579,22.535,22.045,22.312,24.003,30.196,36.220,36.179,31.957,26.207,23.142,20.716,17.751,16.111,17.264,19.643,25.815,32.951,39.656,37.070,28.507,24.611,23.999
22.778,22.759,22.725,22.234,22.507,24.189,30.350,36.364,36.324,32.113,26.371,23.310,20.892,17.929,16.316,17.444,19.820,25.983,33.102,39.786,37.195,28.660,24.850,24.140
22.954,22.937,22.882,22.382,22.678,24.362,30.512,36.510,36.468,32.266,26.563,23.515,21.117,18.085,16.478,17.679,20.041,26.169,33.273,39.927,37.316,28.788,25.064,24.336
23.154,23.141,23.168,22.719,22.905,24.558,30.661,36.626,36.596,32.423,26.642,23.591,21.138,18.197,16.588,17.692,20.115,26.291,33.340,40.008,37.550,29.154,25.081,24.445
23.381,23.376,23.301,22.825,23.108,24.782,30.853,36.804,36.770,32.616,26.924,23.882,21.478,18.576,17.031,18.108,20.496,26.588,33.610,40.177,37.670,29.379,25.692,24.673
23.551,23.536,23.456,22.967,23.274,24.947,31.010,36.959,36.922,32.770,27.101,24.066,21.680,18.804,17.268,18.315,20.678,26.753,33.776,40.331,37.784,29.464,25.888,24.839
23.712,23.703,23.620,23.133,23.436,25.105,31.157,37.082,37.045,32.906,27.262,24.240,21.864,19.000,17.456,18.511,20.861,26.910,33.910,40.446,37.908,29.605,26.006,25.023
23.876,23.853,23.809,23.328,23.608,25.262,31.294,37.209,37.172,33.039,27.385,24.370,21.990,19.087,17.542,18.615,20.969,27.028,34.016,40.562,38.030,29.710,26.064,25.152
24.004,24.000,23.917,23.434,23.730,25.394,31.434,37.339,37.301,33.174,27.549,24.537,22.166,19.308,17.757,18.822,21.164,27.195,34.174,40.695,38.170,29.875,26.253,25.330
24.130,24.104,24.054,23.563,23.859,25.511,31.538,37.440,37.399,33.272,27.654,24.652,22.292,19.418,17.865,18.926,21.247,27.279,34.258,40.791,38.226,29.885,26.284,25.433
24.237,24.245,24.106,23.605,23.949,25.630,31.687,37.594,37.551,33.422,27.844,24.837,22.491,19.710,18.158,19.183,21.489,27.482,34.467,40.961,38.395,30.104,26.565,25.625
24.379,24.377,24.271,23.769,24.097,25.764,31.812,37.699,37.654,33.532,27.972,24.981,22.645,19.845,18.268,19.319,21.603,27.585,34.557,41.060,38.478,30.128,26.601,25.785
24.520,24.502,24.419,23.916,24.242,25.897,31.914,37.789,37.745,33.632,28.076,25.093,22.763,19.952,18.394,19.431,21.710,27.688,34.644,41.135,38.546,30.202,26.697,25.874
24.772,24.765,24.654,24.153,24.490,26.140,32.113,37.935,37.890,33.814,28.324,25.368,23.065,20.310,18.764,19.782,22.033,27.942,34.836,41.256,38.689,30.436,26.984,26.148
24.819,24.814,24.704,24.203,24.538,26.188,32.168,37.992,37.947,33.869,28.376,25.418,23.113,20.354,18.801,19.827,22.079,27.992,34.890,41.317,38.750,30.489,27.015,26.203
24.903,24.890,24.799,24.298,24.625,26.272,32.259,38.095,38.050,33.963,28.451,25.489,23.177,20.393,18.835,19.870,22.128,28.061,34.974,41.424,38.847,30.547,27.050,26.275
25.055,25.089,24.934,24.437,24.768,26.436,32.459,38.272,38.226,34.147,28.680,25.726,23.421,20.697,19.095,20.161,22.404,28.292,35.190,41.614,39.075,30.822,27.197,26.571
25.191,25.225,25.055,24.553,24.902,26.568,32.568,38.364,38.317,34.252,28.816,25.872,23.583,20.893,19.305,20.345,22.571,28.429,35.305,41.696,39.149,30.927,27.389,26.701
25.306,25.350,25.168,24.672,25.016,26.684,32.681,38.469,38.424,34.365,28.931,25.987,23.694,21.011,19.427,20.470,22.706,28.556,35.420,41.797,39.278,31.104,27.539,26.822
25.407,25.449,25.254,24.749,25.113,26.783,32.778,38.561,38.514,34.457,29.049,26.112,23.834,21.180,19.595,20.621,22.833,28.663,35.526,41.890,39.344,31.151,27.654,26.941
25.528,25.564,25.356,24.840,25.229,26.901,32.893,38.678,38.628,34.570,29.181,26.247,23.985,21.358,19.784,20.779,22.972,28.789,35.655,42.008,39.428,31.218,27.827,27.058
25.652,25.685,25.490,24.979,25.357,27.024,33.003,38.784,38.735,34.682,29.285,26.352,24.085,21.442,19.874,20.875,23.076,28.898,35.755,42.107,39.541,31.348,27.938,27.160
25.773,25.801,25.609,25.096,25.478,27.138,33.097,38.860,38.810,34.769,29.396,26.474,24.219,21.589,20.027,21.017,23.204,29.003,35.841,42.172,39.599,31.416,28.048,27.274
25.844,25.875,25.664,25.143,25.544,27.212,33.181,38.950,38.899,34.853,29.491,26.567,24.320,21.715,20.153,21.128,23.303,29.095,35.942,42.270,39.677,31.482,28.166,27.364
25.972,25.996,25.777,25.250,25.669,27.334,33.282,39.044,38.991,34.954,29.611,26.693,24.459,21.877,20.336,21.280,23.444,29.217,36.051,42.354,39.748,31.574,28.361,27.467
26.084,26.115,25.866,25.342,25.776,27.446,33.372,39.125,39.075,35.051,29.719,26.799,24.568,22.019,20.510,21.421,23.593,29.348,36.161,42.425,39.842,31.757,28.629,27.551
26.226,26.260,26.002,25.474,25.916,27.589,33.524,39.278,39.227,35.201,29.876,26.957,24.730,22.193,20.678,21.587,23.752,29.501,36.319,42.582,39.990,31.895,28.776,27.713
26.354,26.381,26.128,25.601,26.045,27.711,33.615,39.355,39.304,35.292,29.978,27.066,24.845,22.315,20.822,21.713,23.875,29.611,36.405,42.643,40.057,32.002,28.941,27.803
26.469,26.496,26.227,25.699,26.157,27.825,33.718,39.457,39.407,35.399,30.093,27.179,24.963,22.452,20.979,21.846,24.009,29.735,36.523,42.741,40.157,32.137,29.147,27.900
26.581,26.601,26.360,25.840,26.276,27.932,33.798,39.520,39.472,35.477,30.164,27.256,25.036,22.497,21.030,21.910,24.082,29.810,36.576,42.789,40.227,32.231,29.200,27.975
26.683,26.698,26.453,25.927,26.376,28.032,33.897,39.621,39.571,35.575,30.272,27.367,25.155,22.629,21.166,22.031,24.191,29.912,36.681,42.891,40.308,32.295,29.318,28.077
26.801,26.830,26.533,25.994,26.483,28.154,34.030,39.754,39.701,35.705,30.441,27.537,25.345,22.885,21.427,22.256,24.392,30.080,36.851,43.032,40.425,32.428,29.560,28.242
26.927,26.946,26.640,26.099,26.605,28.274,34.121,39.842,39.790,35.804,30.545,27.640,25.454,23.014,21.595,22.382,24.521,30.199,36.956,43.107,40.498,32.555,29.820,28.307
27.056,27.074,26.753,26.208,26.731,28.402,34.238,39.956,39.904,35.923,30.676,27.772,25.593,23.176,21.775,22.536,24.671,30.336,37.086,43.217,40.603,32.689,30.033,28.422
27.171,27.176,26.868,26.319,26.847,28.515,34.346,40.078,40.026,36.038,30.777,27.867,25.688,23.258,21.871,22.617,24.755,30.435,37.197,43.338,40.705,32.769,30.170,28.498
27.303,27.310,27.007,26.460,26.981,28.645,34.468,40.185,40.133,36.153,30.904,28.003,25.827,23.397,22.003,22.759,24.890,30.559,37.307,43.441,40.815,32.884,30.254,28.642
27.447,27.459,27.154,26.607,27.125,28.789,34.615,40.324,40.271,36.294,31.054,28.158,25.984,23.559,22.154,22.920,25.046,30.707,37.448,43.579,40.958,33.027,30.365,28.808
27.560,27.578,27.282,26.744,27.242,28.903,34.730,40.431,40.380,36.407,31.160,28.265,26.083,23.640,22.223,23.015,25.150,30.815,37.549,43.685,41.089,33.169,30.420,28.932
27.684,27.692,27.410,26.871,27.368,29.023,34.837,40.536,40.485,36.514,31.266,28.375,26.195,23.744,22.334,23.120,25.253,30.918,37.648,43.784,41.179,33.249,30.526,29.032
27.788,27.805,27.514,26.976,27.471,29.129,34.949,40.641,40.589,36.621,31.384,28.495,26.317,23.874,22.453,23.250,25.378,31.034,37.759,43.890,41.294,33.371,30.612,29.166
27.921,27.950,27.654,27.126,27.606,29.264,35.083,40.763,40.714,36.753,31.515,28.628,26.444,23.997,22.569,23.385,25.523,31.174,37.885,44.009,41.446,33.562,30.727,29.315
28.035,28.062,27.760,27.227,27.718,29.375,35.186,40.861,40.811,36.854,31.631,28.748,26.572,24.142,22.720,23.521,25.650,31.288,37.993,44.104,41.531,33.651,30.866,29.427
28.196,28.256,27.869,27.330,27.863,29.546,35.374,41.045,40.993,37.042,31.863,28.978,26.818,24.479,23.062,23.829,25.943,31.535,38.234,44.297,41.733,33.931,31.228,29.664
28.338,28.379,28.020,27.478,28.010,29.679,35.480,41.143,41.090,37.146,31.969,29.091,26.937,24.582,23.181,23.935,26.044,31.636,38.323,44.382,41.802,33.988,31.342,29.754
28.445,28.494,28.108,27.561,28.111,29.787,35.589,41.245,41.191,37.251,32.100,29.227,27.086,24.768,23.366,24.105,26.198,31.766,38.446,44.485,41.897,34.096,31.496,29.891
28.568,28.598,28.248,27.695,28.239,29.903,35.698,41.353,41.297,37.354,32.202,29.337,27.200,24.857,23.450,24.194,26.272,31.848,38.533,44.590,41.971,34.105,31.510,29.995
28.706,28.726,28.388,27.828,28.377,30.035,35.826,41.473,41.415,37.474,32.340,29.485,27.362,25.022,23.606,24.348,26.403,31.968,38.651,44.710,42.060,34.145,31.578,30.142
28.876,28.912,28.520,27.954,28.538,30.204,35.977,41.600,41.540,37.618,32.538,29.694,27.594,25.329,23.931,24.632,26.664,32.175,38.828,44.828,42.180,34.342,31.893,30.339
28.977,29.010,28.621,28.054,28.638,30.305,36.079,41.706,41.646,37.722,32.637,29.791,27.690,25.422,24.026,24.725,26.759,32.275,38.931,44.935,42.284,34.441,31.999,30.433
29.119,29.143,28.758,28.198,28.782,30.443,36.178,41.802,41.746,37.835,32.735,29.883,27.776,25.502,24.153,24.822,26.880,32.399,39.036,45.012,42.389,34.631,32.274,30.488
29.246,29.282,28.903,28.358,28.915,30.572,36.300,41.911,41.859,37.957,32.844,29.993,27.871,25.576,24.222,24.920,27.002,32.524,39.142,45.113,42.542,34.841,32.373,30.616
29.359,29.381,29.017,28.471,29.029,30.679,36.384,41.993,41.942,38.045,32.927,30.076,27.957,25.652,24.319,25.001,27.085,32.611,39.221,45.185,42.609,34.919,32.510,30.677
29.484,29.491,29.142,28.597,29.156,30.802,36.493,42.115,42.065,38.165,33.023,30.164,28.038,25.714,24.409,25.071,27.171,32.717,39.333,45.302,42.723,35.043,32.696,30.737
29.663,29.630,29.326,28.772,29.340,30.963,36.597,42.205,42.154,38.268,33.136,30.290,28.182,25.844,24.581,25.199,27.280,32.820,39.415,45.367,42.745,35.046,32.871,30.807
29.810,29.782,29.485,28.942,29.491,31.114,36.749,42.362,42.314,38.427,33.269,30.414,28.289,25.925,24.665,25.301,27.409,32.968,39.563,45.522,42.936,35.272,33.025,30.938
29.944,29.895,29.632,29.095,29.632,31.240,36.836,42.446,42.400,38.523,33.342,30.487,28.355,25.930,24.731,25.353,27.479,33.053,39.633,45.587,43.013,35.380,33.180,30.979
30.078,30.011,29.795,29.275,29.777,31.366,36.917,42.517,42.477,38.614,33.395,30.537,28.387,25.957,24.737,25.366,27.530,33.129,39.683,45.634,43.105,35.535,33.306,31.006
30.212,30.132,29.927,29.402,29.911,31.493,37.027,42.621,42.580,38.722,33.512,30.661,28.521,26.066,24.885,25.497,27.648,33.240,39.788,45.731,43.181,35.598,33.438,31.111
30.334,30.254,30.048,29.517,30.032,31.621,37.185,42.805,42.762,38.885,33.659,30.797,28.651,26.190,24.996,25.612,27.765,33.378,39.959,45.931,43.358,35.720,33.552,31.253
30.549,30.449,30.294,29.764,30.255,31.826,37.376,42.983,42.939,39.065,33.836,30.987,28.844,26.340,25.131,25.772,27.913,33.534,40.108,46.101,43.512,35.809,33.588,31.448
30.728,30.652,30.426,29.886,30.421,32.011,37.569,43.169,43.124,39.256,34.075,31.228,29.104,26.685,25.483,26.085,28.205,33.781,40.346,46.294,43.699,36.053,33.938,31.686
30.902,30.854,30.607,30.080,30.596,32.190,37.751,43.324,43.281,39.428,34.265,31.425,29.297,26.891,25.667,26.304,28.431,33.982,40.518,46.444,43.906,36.326,34.076,31.923
31.110,31.103,30.769,30.243,30.790,32.413,38.002,43.580,43.537,39.685,34.545,31.695,29.568,27.238,26.017,26.633,28.766,34.288,40.825,46.713,44.207,36.725,34.502,32.206
31.284,31.277,30.933,30.399,30.960,32.586,38.182,43.760,43.714,39.860,34.739,31.894,29.779,27.470,26.241,26.848,28.961,34.470,41.012,46.898,44.365,36.853,34.668,32.406
31.539,31.491,31.209,30.681,31.226,32.825,38.353,43.921,43.879,40.041,34.892,32.050,29.931,27.569,26.396,26.975,29.108,34.636,41.151,47.026,44.499,37.021,34.939,32.505
31.847,31.791,31.522,31.001,31.539,33.122,38.594,44.129,44.090,40.281,35.147,32.317,30.205,27.843,26.705,27.266,29.403,34.908,41.374,47.205,44.708,37.319,35.290,32.747
32.058,32.012,31.706,31.175,31.741,33.332,38.802,44.321,44.279,40.479,35.393,32.575,30.485,28.155,27.027,27.578,29.684,35.147,41.599,47.397,44.881,37.503,35.552,33.005
32.250,32.181,31.953,31.444,31.951,33.515,38.947,44.456,44.420,40.630,35.490,32.672,30.556,28.181,27.041,27.605,29.751,35.255,41.688,47.509,45.041,37.681,35.603,33.097
32.509,32.489,32.178,31.661,32.195,33.794,39.300,44.821,44.781,40.974,35.869,33.045,30.934,28.607,27.425,28.023,30.149,35.626,42.087,47.910,45.440,38.065,35.902,33.528
32.833,32.792,32.464,31.919,32.510,34.113,39.622,45.161,45.114,41.296,36.221,33.399,31.319,29.043,27.880,28.411,30.494,35.956,42.442,48.258,45.696,38.245,36.326,33.840
33.248,33.186,32.916,32.370,32.935,34.513,39.997,45.502,45.453,41.648,36.599,33.805,31.741,29.429,28.238,28.803,30.852,36.297,42.759,48.586,45.997,38.462,36.473,34.260
33.603,33.560,33.322,32.797,33.301,34.874,40.387,45.879,45.832,42.025,36.953,34.164,32.074,29.702,28.448,29.109,31.177,36.643,43.102,48.970,46.437,38.872,36.568,34.690
33.904,33.829,33.638,33.108,33.608,35.165,40.651,46.149,46.102,42.294,37.203,34.415,32.327,29.918,28.688,29.331,31.399,36.885,43.347,49.229,46.665,39.059,36.836,34.905
34.261,34.174,34.045,33.551,33.983,35.525,40.985,46.508,46.473,42.661,37.456,34.636,32.487,29.957,28.769,29.449,31.617,37.191,43.654,49.571,47.109,39.604,37.231,35.109
34.991,34.915,34.645,34.080,34.671,36.272,41.841,47.440,47.387,43.517,38.395,35.559,33.472,31.132,29.929,30.481,32.547,38.078,44.651,50.573,47.907,40.214,38.278,36.004
35.695,35.576,35.352,34.756,35.374,36.972,42.574,48.220,48.159,44.249,39.114,36.274,34.202,31.836,30.617,31.148,33.171,38.742,45.386,51.380,48.580,40.658,38.853,36.693
37.466,37.056,37.271,36.577,37.190,38.670,44.250,50.030,49.941,45.914,40.651,37.832,35.806,33.105,31.870,32.362,34.241,40.034,46.887,53.210,49.878,40.959,39.615,38.078
