-2.023,-1.737,-1.204,-2.485,-1.081,2.680,11.209,17.437,16.547,9.252,5.272,-0.319,-5.108,-8.436,-11.625,-10.018,-7.003,2.867,11.789,18.655,21.499,19.644,18.284,18.069
4.619,4.218,4.256,3.272,3.915,8.302,15.585,22.031,21.214,13.390,10.002,5.012,0.705,-1.444,-4.186,-3.408,-1.495,7.457,17.518,24.721,27.888,24.093,23.029,21.425
7.508,6.959,6.938,6.043,6.575,10.982,17.812,24.096,23.101,15.536,12.345,7.692,3.754,2.026,-0.602,0.051,1.844,10.172,20.010,26.803,30.047,26.082,24.998,23.308
9.082,8.534,8.605,7.811,8.424,12.552,19.303,25.336,24.120,16.978,13.721,9.366,5.824,4.067,1.529,2.434,4.397,12.201,21.480,28.014,31.294,27.463,26.041,24.574
10.622,10.008,10.087,9.427,9.995,13.912,20.429,26.250,24.949,18.083,14.848,10.815,7.633,5.923,3.556,4.572,6.483,13.766,22.714,29.177,32.470,28.487,26.834,25.344
11.606,11.014,11.072,10.372,10.924,14.866,21.262,27.029,25.785,18.974,15.847,11.797,8.558,6.940,4.563,5.463,7.321,14.602,23.484,29.766,32.981,29.135,27.653,26.183
12.483,11.889,11.978,11.366,11.920,15.652,21.974,27.582,26.319,19.702,16.538,12.673,9.643,7.932,5.672,6.713,8.570,15.570,24.186,30.502,33.691,29.801,28.125,26.684
13.184,12.624,12.720,12.111,12.669,16.311,22.564,28.071,26.864,20.353,17.226,13.399,10.385,8.643,6.418,7.461,9.294,16.229,24.690,30.939,34.048,30.260,28.616,27.216
13.679,13.091,13.150,12.541,13.049,16.742,22.897,28.411,27.240,20.697,17.636,13.821,10.792,9.137,6.930,7.883,9.631,16.546,25.073,31.302,34.399,30.545,28.986,27.508
14.271,13.736,13.819,13.212,13.746,17.318,23.438,28.838,27.716,21.305,18.258,14.476,11.465,9.736,7.561,8.551,10.309,17.168,25.492,31.653,34.662,30.958,29.403,28.007
14.622,14.086,14.198,13.637,14.191,17.651,23.757,29.076,27.904,21.612,18.527,14.848,11.971,10.194,8.067,9.159,10.957,17.650,25.810,31.960,34.977,31.271,29.579,28.231
14.996,14.454,14.572,14.030,14.585,18.006,24.083,29.363,28.168,21.934,18.848,15.220,12.403,10.632,8.526,9.644,11.448,18.055,26.143,32.263,35.283,31.575,29.842,28.508
15.328,14.844,14.960,14.380,14.942,18.332,24.396,29.636,28.554,22.331,19.286,15.594,12.666,10.840,8.729,9.800,11.569,18.284,26.329,32.429,35.345,31.776,30.166,28.861
15.592,15.129,15.247,14.664,15.228,18.582,24.639,29.850,28.814,22.609,19.572,15.872,12.920,11.055,8.957,10.027,11.780,18.515,26.522,32.635,35.508,31.978,30.392,29.096
15.954,15.490,15.615,15.056,15.617,18.910,24.923,30.076,29.036,22.902,19.869,16.231,13.345,11.469,9.407,10.506,12.252,18.888,26.801,32.895,35.753,32.224,30.596,29.310
16.271,15.826,15.951,15.390,15.949,19.201,25.170,30.272,29.273,23.188,20.182,16.557,13.666,11.778,9.735,10.822,12.544,19.158,27.000,33.058,35.867,32.393,30.801,29.530
16.544,16.090,16.239,15.721,16.296,19.462,25.417,30.456,29.391,23.412,20.372,16.844,14.083,12.174,10.168,11.343,13.108,19.562,27.265,33.298,36.132,32.645,30.923,29.694
16.824,16.378,16.533,16.029,16.605,19.719,25.646,30.637,29.582,23.657,20.621,17.130,14.405,12.476,10.496,11.692,13.451,19.846,27.472,33.492,36.303,32.835,31.092,29.878
17.074,16.645,16.813,16.329,16.911,19.939,25.844,30.768,29.736,23.884,20.842,17.396,14.712,12.727,10.785,12.025,13.779,20.110,27.626,33.656,36.428,32.988,31.207,30.016
17.257,16.823,16.997,16.539,17.117,20.094,25.982,30.871,29.837,24.023,20.968,17.571,14.942,12.930,11.022,12.299,14.047,20.308,27.772,33.830,36.600,33.128,31.291,30.096
17.517,17.090,17.268,16.819,17.399,20.336,26.203,31.056,30.031,24.258,21.207,17.836,15.232,13.205,11.315,12.607,14.350,20.568,27.975,34.024,36.776,33.319,31.468,30.284
17.710,17.291,17.477,17.034,17.622,20.531,26.398,31.230,30.202,24.459,21.401,18.044,15.457,13.411,11.529,12.841,14.596,20.792,28.153,34.191,36.935,33.501,31.632,30.468
17.860,17.449,17.636,17.196,17.783,20.670,26.533,31.348,30.340,24.608,21.550,18.197,15.608,13.540,11.669,12.987,14.733,20.928,28.269,34.323,37.048,33.622,31.753,30.590
18.047,17.654,17.854,17.415,18.017,20.863,26.730,31.513,30.510,24.821,21.758,18.413,15.833,13.736,11.869,13.211,14.974,21.153,28.427,34.460,37.164,33.791,31.910,30.782
18.247,17.864,18.068,17.629,18.233,21.052,26.903,31.657,30.671,25.012,21.957,18.622,16.045,13.933,12.077,13.423,15.180,21.344,28.573,34.590,37.271,33.928,32.054,30.940
18.443,18.056,18.257,17.814,18.418,21.251,27.079,31.829,30.824,25.182,22.143,18.816,16.250,14.177,12.315,13.643,15.405,21.544,28.758,34.720,37.406,34.080,32.221,31.116
18.597,18.208,18.413,17.966,18.577,21.419,27.243,31.990,30.960,25.335,22.301,18.979,16.425,14.375,12.502,13.830,15.610,21.730,28.924,34.839,37.536,34.233,32.373,31.289
18.736,18.351,18.555,18.114,18.721,21.540,27.353,32.085,31.073,25.458,22.425,19.114,16.565,14.497,12.639,13.972,15.738,21.848,29.026,34.960,37.642,34.334,32.470,31.378
18.874,18.487,18.691,18.252,18.859,21.682,27.499,32.234,31.217,25.599,22.563,19.252,16.705,14.640,12.780,14.115,15.885,21.994,29.176,35.111,37.798,34.486,32.617,31.526
18.991,18.593,18.801,18.379,18.985,21.788,27.607,32.336,31.302,25.695,22.641,19.359,16.852,14.775,12.931,14.295,16.068,22.136,29.307,35.270,37.973,34.621,32.703,31.604
19.144,18.742,18.940,18.518,19.110,21.920,27.717,32.446,31.432,25.813,22.776,19.493,16.976,14.910,13.073,14.415,16.161,22.232,29.422,35.396,38.089,34.718,32.824,31.700
19.279,18.881,19.078,18.665,19.250,22.031,27.807,32.512,31.522,25.920,22.888,19.623,17.114,15.032,13.216,14.561,16.287,22.338,29.502,35.491,38.140,34.788,32.892,31.760
19.593,19.242,19.439,18.997,19.589,22.333,28.062,32.705,31.794,26.247,23.250,19.974,17.402,15.301,13.486,14.788,16.489,22.576,29.648,35.557,38.164,34.907,33.117,32.028
19.628,19.249,19.445,19.023,19.608,22.367,28.109,32.777,31.821,26.255,23.266,19.984,17.459,15.372,13.563,14.889,16.600,22.648,29.758,35.705,38.336,35.020,33.169,32.054
19.760,19.364,19.552,19.132,19.708,22.496,28.227,32.914,31.938,26.355,23.357,20.095,17.580,15.530,13.716,15.026,16.732,22.768,29.912,35.848,38.502,35.153,33.304,32.171
19.849,19.451,19.644,19.238,19.813,22.571,28.298,32.967,31.991,26.427,23.418,20.182,17.695,15.624,13.829,15.164,16.868,22.869,29.985,35.945,38.597,35.230,33.346,32.212
19.934,19.530,19.728,19.334,19.914,22.659,28.395,33.061,32.059,26.508,23.484,20.268,17.814,15.739,13.949,15.309,17.028,22.997,30.098,36.062,38.732,35.347,33.423,32.294
20.011,19.595,19.794,19.415,19.990,22.723,28.451,33.112,32.098,26.554,23.521,20.331,17.911,15.835,14.060,15.437,17.154,23.083,30.179,36.164,38.847,35.422,33.462,32.321
20.178,19.767,19.976,19.609,20.192,22.881,28.600,33.226,32.204,26.708,23.668,20.510,18.127,16.031,14.272,15.680,17.407,23.285,30.313,36.287,38.961,35.553,33.559,32.439
20.332,19.896,20.092,19.745,20.303,22.998,28.690,33.323,32.301,26.785,23.747,20.619,18.266,16.187,14.452,15.854,17.548,23.387,30.454,36.475,39.167,35.669,33.653,32.482
20.440,19.989,20.194,19.867,20.430,23.109,28.806,33.434,32.365,26.874,23.814,20.725,18.432,16.357,14.631,16.072,17.790,23.564,30.604,36.624,39.349,35.818,33.735,32.571
20.536,20.059,20.258,19.948,20.498,23.189,28.868,33.504,32.403,26.909,23.846,20.790,18.544,16.500,14.785,16.231,17.943,23.662,30.721,36.748,39.506,35.909,33.790,32.601
20.680,20.198,20.404,20.101,20.659,23.338,29.009,33.631,32.499,27.038,23.971,20.940,18.730,16.699,14.986,16.450,18.181,23.852,30.871,36.864,39.635,36.045,33.898,32.728
20.776,20.288,20.491,20.185,20.741,23.442,29.116,33.753,32.609,27.134,24.069,21.031,18.818,16.804,15.083,16.537,18.271,23.950,30.992,36.978,39.761,36.163,34.020,32.846
20.890,20.390,20.590,20.282,20.835,23.562,29.233,33.887,32.722,27.235,24.173,21.136,18.928,16.944,15.213,16.657,18.396,24.069,31.134,37.103,39.906,36.292,34.152,32.971
20.986,20.493,20.694,20.388,20.941,23.652,29.324,33.968,32.818,27.337,24.274,21.236,19.023,17.020,15.297,16.746,18.479,24.157,31.210,37.192,39.982,36.375,34.235,33.056
21.123,20.623,20.815,20.506,21.047,23.775,29.421,34.068,32.926,27.437,24.393,21.355,19.136,17.159,15.437,16.860,18.573,24.248,31.319,37.289,40.076,36.458,34.344,33.147
21.256,20.748,20.935,20.619,21.157,23.911,29.539,34.193,33.036,27.546,24.518,21.480,19.261,17.327,15.594,16.993,18.705,24.371,31.452,37.380,40.176,36.562,34.470,33.272
21.388,20.869,21.064,20.769,21.310,24.036,29.658,34.293,33.101,27.647,24.603,21.609,19.452,17.515,15.799,17.235,18.963,24.557,31.594,37.518,40.334,36.695,34.542,33.352
21.528,21.021,21.230,20.947,21.501,24.173,29.789,34.380,33.181,27.787,24.733,21.772,19.654,17.687,15.988,17.462,19.208,24.748,31.698,37.604,40.406,36.801,34.609,33.453
21.654,21.156,21.366,21.086,21.639,24.287,29.900,34.475,33.302,27.916,24.862,21.902,19.776,17.783,16.095,17.574,19.309,24.854,31.787,37.712,40.493,36.898,34.710,33.553
21.763,21.272,21.489,21.209,21.770,24.402,30.021,34.584,33.407,28.039,24.980,22.025,19.907,17.902,16.215,17.708,19.455,24.990,31.894,37.810,40.587,37.012,34.812,33.673
21.854,21.364,21.587,21.316,21.883,24.494,30.120,34.674,33.488,28.136,25.063,22.122,20.025,18.003,16.323,17.840,19.597,25.112,31.992,37.918,40.699,37.120,34.891,33.761
21.957,21.464,21.684,21.412,21.975,24.592,30.211,34.766,33.582,28.227,25.161,22.219,20.119,18.107,16.427,17.934,19.685,25.200,32.087,38.007,40.787,37.206,34.986,33.850
22.127,21.654,21.874,21.587,22.155,24.766,30.373,34.910,33.753,28.415,25.368,22.408,20.276,18.260,16.573,18.061,19.808,25.348,32.205,38.089,40.836,37.318,35.143,34.029
22.235,21.759,21.978,21.694,22.258,24.864,30.457,34.987,33.831,28.501,25.460,22.510,20.387,18.376,16.696,18.181,19.921,25.445,32.293,38.172,40.916,37.393,35.219,34.100
22.377,21.920,22.147,21.861,22.435,25.005,30.599,35.100,33.965,28.664,25.623,22.674,20.546,18.504,16.831,18.329,20.072,25.596,32.394,38.266,40.982,37.504,35.332,34.237
22.487,22.030,22.254,21.968,22.538,25.108,30.688,35.183,34.052,28.757,25.725,22.780,20.652,18.618,16.948,18.437,20.173,25.690,32.482,38.343,41.054,37.579,35.417,34.320
22.584,22.136,22.373,22.100,22.681,25.205,30.810,35.286,34.158,28.884,25.823,22.894,20.788,18.701,17.046,18.581,20.331,25.832,32.586,38.488,41.193,37.718,35.507,34.424
22.682,22.228,22.468,22.208,22.789,25.300,30.912,35.386,34.246,28.977,25.901,22.988,20.907,18.807,17.161,18.720,20.476,25.954,32.701,38.627,41.345,37.843,35.596,34.509
22.803,22.357,22.590,22.311,22.889,25.422,31.021,35.500,34.385,29.102,26.052,23.110,20.986,18.904,17.246,18.765,20.506,26.026,32.790,38.687,41.384,37.917,35.731,34.643
22.921,22.489,22.722,22.436,23.016,25.540,31.140,35.611,34.520,29.239,26.194,23.239,21.092,18.993,17.334,18.848,20.582,26.126,32.881,38.781,41.457,38.017,35.852,34.770
23.044,22.601,22.828,22.538,23.112,25.664,31.255,35.741,34.637,29.343,26.307,23.349,21.202,19.135,17.468,18.963,20.695,26.238,33.019,38.899,41.589,38.136,35.983,34.892
23.179,22.735,22.961,22.666,23.241,25.807,31.404,35.900,34.795,29.489,26.454,23.485,21.325,19.265,17.589,19.077,20.811,26.371,33.169,39.046,41.739,38.289,36.147,35.055
23.296,22.854,23.077,22.787,23.357,25.915,31.526,36.030,34.944,29.616,26.570,23.595,21.425,19.338,17.672,19.166,20.888,26.468,33.291,39.223,41.912,38.434,36.283,35.172
23.464,23.020,23.240,22.946,23.513,26.082,31.674,36.173,35.082,29.764,26.733,23.761,21.592,19.530,17.860,19.338,21.058,26.627,33.441,39.337,42.025,38.560,36.428,35.321
23.596,23.136,23.340,23.043,23.590,26.196,31.764,36.286,35.204,29.849,26.838,23.859,21.677,19.651,17.980,19.421,21.110,26.691,33.565,39.471,42.167,38.657,36.555,35.407
23.719,23.268,23.474,23.178,23.726,26.312,31.886,36.399,35.340,29.986,26.971,23.987,21.794,19.739,18.076,19.525,21.206,26.801,33.666,39.599,42.277,38.774,36.673,35.525
23.895,23.452,23.660,23.364,23.914,26.481,32.040,36.530,35.483,30.153,27.147,24.171,21.980,19.919,18.263,19.712,21.389,26.971,33.799,39.712,42.373,38.896,36.805,35.668
24.043,23.597,23.806,23.507,24.062,26.640,32.197,36.690,35.622,30.301,27.297,24.323,22.140,20.099,18.433,19.879,21.570,27.141,33.963,39.844,42.515,39.050,36.958,35.834
24.179,23.727,23.935,23.650,24.196,26.754,32.299,36.780,35.718,30.404,27.397,24.445,22.284,20.233,18.587,20.044,21.721,27.262,34.075,39.983,42.652,39.156,37.043,35.903
24.303,23.840,24.054,23.772,24.326,26.898,32.453,36.944,35.836,30.531,27.512,24.573,22.443,20.415,18.758,20.230,21.935,27.447,34.256,40.136,42.838,39.334,37.189,36.062
24.478,24.001,24.210,23.934,24.479,27.059,32.583,37.069,35.945,30.652,27.646,24.729,22.624,20.631,18.980,20.441,22.137,27.608,34.411,40.265,42.977,39.454,37.307,36.171
24.607,24.141,24.361,24.095,24.652,27.192,32.734,37.200,36.074,30.807,27.781,24.878,22.793,20.760,19.120,20.618,22.332,27.784,34.543,40.413,43.119,39.610,37.425,36.310
24.751,24.290,24.511,24.249,24.804,27.321,32.849,37.293,36.183,30.935,27.915,25.023,22.943,20.898,19.270,20.772,22.475,27.912,34.642,40.514,43.202,39.702,37.519,36.405
24.888,24.436,24.673,24.418,24.991,27.474,33.030,37.459,36.334,31.114,28.067,25.186,23.129,21.045,19.420,20.965,22.699,28.121,34.805,40.685,43.376,39.897,37.667,36.585
25.053,24.616,24.858,24.604,25.183,27.635,33.185,37.587,36.477,31.287,28.242,25.367,23.310,21.206,19.588,21.142,22.877,28.290,34.928,40.796,43.464,40.021,37.794,36.731
25.245,24.802,25.040,24.785,25.358,27.821,33.359,37.765,36.654,31.459,28.422,25.549,23.492,21.404,19.787,21.329,23.056,28.464,35.113,40.975,43.645,40.192,37.975,36.902
25.434,25.006,25.240,24.962,25.537,28.020,33.548,37.953,36.867,31.668,28.658,25.751,23.646,21.572,19.938,21.442,23.162,28.617,35.267,41.083,43.727,40.335,38.184,37.124
25.618,25.196,25.421,25.129,25.698,28.198,33.700,38.102,37.039,31.837,28.855,25.932,23.797,21.746,20.105,21.572,23.273,28.748,35.404,41.186,43.809,40.447,38.350,37.288
25.777,25.355,25.576,25.289,25.851,28.338,33.820,38.208,37.158,31.966,28.993,26.081,23.953,21.902,20.273,21.735,23.420,28.879,35.522,41.307,43.919,40.550,38.458,37.387
25.891,25.477,25.696,25.404,25.962,28.443,33.924,38.308,37.289,32.087,29.120,26.196,24.043,21.975,20.350,21.802,23.470,28.956,35.606,41.411,44.002,40.641,38.572,37.493
26.086,25.686,25.923,25.627,26.211,28.670,34.168,38.532,37.480,32.327,29.348,26.431,24.298,22.221,20.584,22.066,23.780,29.243,35.822,41.569,44.162,40.868,38.775,37.752
26.312,25.908,26.146,25.859,26.441,28.889,34.377,38.731,37.671,32.532,29.551,26.653,24.543,22.468,20.840,22.331,24.046,29.478,36.040,41.784,44.382,41.077,38.965,37.942
26.519,26.105,26.350,26.074,26.664,29.105,34.609,38.966,37.869,32.742,29.740,26.862,24.789,22.714,21.086,22.607,24.346,29.744,36.295,42.041,44.666,41.340,39.180,38.166
26.778,26.373,26.611,26.314,26.901,29.368,34.849,39.206,38.128,32.998,30.029,27.125,25.012,22.968,21.324,22.800,24.527,29.957,36.512,42.204,44.806,41.531,39.439,38.433
27.075,26.679,26.905,26.605,27.174,29.624,35.051,39.376,38.354,33.238,30.306,27.406,25.272,23.230,21.607,23.047,24.725,30.153,36.686,42.371,44.927,41.667,39.631,38.605
27.379,26.956,27.183,26.882,27.457,29.955,35.359,39.696,38.584,33.496,30.576,27.704,25.626,23.679,22.032,23.462,25.180,30.532,37.052,42.620,45.232,41.976,39.921,38.920
27.602,27.157,27.384,27.101,27.671,30.168,35.558,39.896,38.744,33.668,30.740,27.907,25.884,23.962,22.326,23.772,25.496,30.783,37.298,42.864,45.509,42.201,40.099,39.086
27.854,27.411,27.654,27.384,27.970,30.434,35.843,40.163,38.977,33.940,30.986,28.180,26.201,24.257,22.626,24.120,25.870,31.120,37.580,43.138,45.797,42.500,40.338,39.357
28.120,27.715,27.945,27.638,28.218,30.698,36.117,40.448,39.367,34.276,31.353,28.461,26.354,24.370,22.724,24.157,25.877,31.261,37.773,43.364,45.951,42.723,40.684,39.691
28.352,27.955,28.204,27.924,28.517,30.915,36.336,40.614,39.525,34.502,31.550,28.712,26.668,24.628,23.016,24.515,26.246,31.559,37.972,43.585,46.162,42.938,40.820,39.853
28.868,28.428,28.654,28.345,28.923,31.466,36.859,41.216,40.049,34.965,32.055,29.188,27.129,25.250,23.579,24.991,26.731,32.057,38.589,44.083,46.732,43.479,41.428,40.439
29.164,28.707,28.940,28.674,29.245,31.721,37.087,41.399,40.209,35.181,32.250,29.464,27.503,25.600,23.978,25.447,27.184,32.387,38.849,44.379,47.040,43.722,41.575,40.575
29.521,28.991,29.206,28.956,29.502,32.087,37.451,41.852,40.554,35.452,32.511,29.750,27.850,26.065,24.422,25.872,27.618,32.770,39.372,44.903,47.682,44.203,42.004,40.939
30.025,29.481,29.684,29.443,29.971,32.566,37.903,42.309,41.017,35.900,32.971,30.224,28.334,26.569,24.940,26.374,28.092,33.225,39.854,45.405,48.189,44.660,42.465,41.365
30.622,29.986,30.174,29.947,30.459,33.209,38.581,43.119,41.660,36.440,33.478,30.749,28.935,27.320,25.644,27.069,28.834,33.919,40.738,46.282,49.237,45.516,43.235,42.074
31.382,30.717,30.912,30.711,31.225,33.981,39.399,43.973,42.454,37.207,34.195,31.493,29.736,28.111,26.439,27.918,29.713,34.762,41.626,47.239,50.259,46.439,44.058,42.878
32.971,32.150,32.277,32.141,32.548,35.484,40.870,45.624,44.014,38.534,35.502,32.859,31.195,29.727,28.086,29.513,31.206,36.188,43.439,49.287,52.498,48.186,45.704,44.258
