13.083,16.334,16.519,13.757,15.578,16.850,22.498,32.128,30.335,27.270,25.117,23.155,22.765,22.418,22.875,24.271,26.836,27.725,36.913,38.947,32.278,27.805,25.960,24.237
16.519,19.082,19.509,17.344,18.031,19.258,25.854,34.377,33.582,30.205,27.486,25.871,25.576,25.196,25.667,26.777,29.404,31.154,40.650,42.635,35.373,30.814,28.876,26.942
18.121,20.427,21.026,19.191,19.301,20.514,27.401,35.136,34.648,31.283,28.529,27.139,26.956,26.589,27.062,28.066,30.655,32.525,41.811,43.869,36.716,32.228,30.330,28.339
19.625,21.641,22.380,20.742,20.619,21.855,28.671,35.666,35.364,32.226,29.500,28.343,28.132,27.763,28.365,29.153,31.658,33.749,42.247,44.432,37.699,33.380,31.515,29.550
21.036,22.929,23.630,22.078,21.829,23.011,29.872,36.761,36.652,33.428,30.594,29.446,29.247,28.874,29.422,30.189,32.678,34.893,43.550,45.590,38.693,34.401,32.537,30.570
21.796,23.610,24.269,22.696,22.559,23.727,30.416,37.273,37.201,34.043,31.189,30.046,29.784,29.403,29.981,30.686,33.138,35.459,43.909,45.892,39.068,34.847,32.983,31.061
22.320,24.168,24.756,23.108,23.150,24.300,30.799,37.798,37.658,34.533,31.712,30.515,30.217,29.835,30.402,31.122,33.549,35.827,44.231,46.143,39.362,35.183,33.331,31.457
23.046,24.848,25.425,23.813,23.814,24.943,31.423,38.344,38.260,35.130,32.296,31.111,30.818,30.438,30.987,31.697,34.106,36.406,44.802,46.666,39.881,35.733,33.893,32.027
23.601,25.284,25.881,24.312,24.282,25.414,31.859,38.604,38.615,35.540,32.664,31.537,31.207,30.819,31.416,32.039,34.428,36.878,45.052,46.924,40.208,36.106,34.258,32.403
24.070,25.697,26.188,24.457,24.810,25.949,32.076,39.069,39.055,36.074,33.133,31.946,31.452,31.038,31.718,32.249,34.617,37.282,45.183,46.981,40.308,36.259,34.370,32.589
24.314,25.987,26.579,25.031,24.999,26.116,32.473,39.126,39.123,36.092,33.269,32.157,31.838,31.457,32.043,32.665,35.020,37.412,45.476,47.329,40.717,36.671,34.852,33.023
24.687,26.365,26.957,25.440,25.363,26.464,32.799,39.381,39.372,36.347,33.564,32.460,32.171,31.799,32.356,32.998,35.334,37.653,45.714,47.546,40.977,36.961,35.168,33.347
25.075,26.781,27.340,25.818,25.750,26.828,33.146,39.789,39.773,36.712,33.935,32.799,32.529,32.161,32.675,33.357,35.688,37.949,46.134,47.908,41.287,37.273,35.492,33.677
25.410,27.117,27.621,26.014,26.144,27.224,33.368,40.148,40.086,37.076,34.297,33.123,32.783,32.406,32.951,33.606,35.924,38.237,46.297,48.036,41.458,37.474,35.682,33.908
25.679,27.365,27.875,26.299,26.363,27.434,33.636,40.380,40.364,37.322,34.516,33.350,33.026,32.650,33.180,33.837,36.159,38.490,46.622,48.344,41.713,37.720,35.927,34.140
26.090,27.701,28.208,26.651,26.707,27.774,33.957,40.632,40.690,37.660,34.808,33.664,33.312,32.929,33.479,34.088,36.400,38.840,46.871,48.592,41.957,37.986,36.183,34.403
26.329,27.909,28.434,26.906,26.926,27.995,34.169,40.742,40.810,37.818,34.978,33.864,33.515,33.133,33.695,34.282,36.582,39.033,46.891,48.646,42.130,38.183,36.388,34.611
26.483,28.021,28.577,27.053,27.097,28.186,34.290,40.746,40.818,37.897,35.088,34.018,33.642,33.258,33.873,34.405,36.686,39.176,46.916,48.695,42.222,38.315,36.524,34.764
26.645,28.195,28.752,27.231,27.283,28.369,34.430,40.855,40.889,38.003,35.233,34.168,33.799,33.420,34.031,34.570,36.837,39.278,46.987,48.704,42.334,38.450,36.675,34.926
26.928,28.430,28.998,27.517,27.491,28.571,34.701,41.061,41.172,38.255,35.437,34.391,34.029,33.647,34.255,34.776,37.048,39.555,47.238,49.004,42.583,38.690,36.907,35.143
27.139,28.676,29.231,27.763,27.714,28.776,34.889,41.249,41.334,38.402,35.625,34.565,34.236,33.863,34.430,34.993,37.253,39.661,47.415,49.149,42.734,38.856,37.096,35.339
27.319,28.867,29.414,27.942,27.904,28.961,35.058,41.430,41.503,38.571,35.805,34.738,34.413,34.042,34.600,35.173,37.430,39.814,47.578,49.303,42.893,39.020,37.265,35.512
27.487,28.993,29.565,28.127,28.044,29.106,35.200,41.453,41.552,38.655,35.896,34.866,34.541,34.170,34.748,35.289,37.534,39.946,47.593,49.342,42.998,39.149,37.399,35.649
27.582,29.085,29.677,28.248,28.151,29.221,35.311,41.511,41.597,38.727,35.990,34.979,34.657,34.287,34.878,35.410,37.650,40.050,47.622,49.402,43.115,39.275,37.531,35.782
27.727,29.227,29.820,28.388,28.303,29.374,35.444,41.634,41.715,38.858,36.127,35.120,34.794,34.424,35.020,35.547,37.782,40.183,47.673,49.465,43.238,39.407,37.665,35.920
27.915,29.402,29.992,28.552,28.515,29.588,35.566,41.710,41.766,38.968,36.272,35.277,34.933,34.564,35.180,35.685,37.898,40.294,47.719,49.502,43.305,39.514,37.783,36.062
28.118,29.559,30.174,28.766,28.687,29.766,35.743,41.770,41.858,39.093,36.398,35.441,35.093,34.724,35.361,35.831,38.034,40.469,47.729,49.546,43.446,39.678,37.950,36.229
28.321,29.755,30.359,28.942,28.895,29.971,35.900,41.930,42.012,39.263,36.575,35.615,35.256,34.886,35.527,35.990,38.183,40.621,47.839,49.642,43.567,39.816,38.092,36.384
28.501,29.949,30.517,29.079,29.076,30.136,36.030,42.066,42.155,39.408,36.748,35.756,35.393,35.023,35.641,36.123,38.314,40.741,48.038,49.790,43.665,39.916,38.192,36.493
28.681,30.133,30.668,29.190,29.253,30.308,36.144,42.140,42.219,39.447,36.823,35.916,35.524,35.150,35.774,36.250,38.433,40.840,48.070,49.854,43.743,40.009,38.284,36.606
28.721,30.166,30.838,29.547,29.282,30.337,36.334,42.326,42.383,39.630,36.931,35.929,35.687,35.342,35.921,36.434,38.598,40.874,48.131,49.903,43.940,40.228,38.566,36.841
28.917,30.354,30.937,29.557,29.462,30.511,36.425,42.428,42.526,39.754,37.080,36.110,35.780,35.417,36.014,36.505,38.683,41.064,48.358,50.105,44.012,40.282,38.579,36.879
29.038,30.468,31.050,29.663,29.579,30.625,36.524,42.513,42.614,39.848,37.177,36.210,35.879,35.517,36.113,36.601,38.773,41.155,48.430,50.170,44.090,40.370,38.669,36.973
29.166,30.612,31.200,29.841,29.705,30.740,36.648,42.585,42.676,39.906,37.269,36.308,36.010,35.656,36.226,36.738,38.901,41.209,48.459,50.199,44.188,40.481,38.801,37.105
29.308,30.741,31.318,29.932,29.878,30.918,36.726,42.660,42.726,40.012,37.394,36.436,36.106,35.749,36.346,36.831,38.977,41.307,48.512,50.245,44.225,40.550,38.872,37.200
29.435,30.866,31.435,30.052,29.991,31.025,36.840,42.785,42.863,40.133,37.505,36.541,36.214,35.857,36.444,36.935,39.082,41.413,48.606,50.327,44.326,40.649,38.971,37.298
29.513,30.935,31.527,30.171,30.062,31.099,36.933,42.801,42.883,40.168,37.558,36.617,36.304,35.950,36.540,37.026,39.168,41.483,48.631,50.376,44.416,40.748,39.078,37.401
29.644,31.014,31.603,30.242,30.132,31.176,37.068,42.960,43.045,40.311,37.682,36.742,36.396,36.029,36.642,37.092,39.255,41.646,48.853,50.603,44.574,40.875,39.171,37.478
29.721,31.157,31.771,30.461,30.253,31.282,37.172,42.972,43.130,40.380,37.732,36.806,36.541,36.196,36.756,37.270,39.408,41.711,48.905,50.640,44.651,40.985,39.334,37.646
29.851,31.274,31.890,30.583,30.376,31.406,37.291,43.062,43.156,40.430,37.846,36.926,36.655,36.308,36.876,37.379,39.515,41.772,48.951,50.703,44.760,41.098,39.446,37.759
29.986,31.402,32.020,30.734,30.487,31.509,37.414,43.154,43.268,40.527,37.941,37.026,36.769,36.425,36.978,37.489,39.622,41.869,49.082,50.821,44.863,41.203,39.557,37.867
30.088,31.514,32.116,30.812,30.602,31.621,37.499,43.285,43.387,40.645,38.058,37.127,36.862,36.517,37.067,37.583,39.715,41.959,49.186,50.910,44.942,41.283,39.635,37.952
30.198,31.602,32.214,30.931,30.691,31.709,37.591,43.315,43.437,40.705,38.119,37.206,36.945,36.600,37.154,37.657,39.783,42.040,49.225,50.954,45.009,41.362,39.718,38.034
30.293,31.686,32.294,31.006,30.784,31.802,37.658,43.377,43.502,40.782,38.194,37.283,37.011,36.665,37.225,37.719,39.840,42.112,49.261,50.984,45.054,41.417,39.773,38.096
30.440,31.820,32.429,31.164,30.899,31.909,37.792,43.482,43.635,40.896,38.297,37.391,37.132,36.788,37.334,37.831,39.952,42.226,49.407,51.125,45.168,41.531,39.890,38.208
30.524,31.877,32.505,31.250,30.977,31.996,37.870,43.496,43.658,40.951,38.355,37.473,37.203,36.857,37.428,37.897,40.013,42.318,49.417,51.142,45.237,41.613,39.971,38.290
30.658,32.012,32.644,31.408,31.096,32.109,38.009,43.609,43.782,41.061,38.468,37.590,37.337,36.994,37.551,38.030,40.145,42.432,49.557,51.287,45.370,41.745,40.108,38.422
30.783,32.107,32.737,31.483,31.222,32.244,38.103,43.702,43.884,41.194,38.583,37.713,37.426,37.076,37.665,38.109,40.221,42.576,49.598,51.339,45.450,41.836,40.187,38.511
30.938,32.249,32.861,31.590,31.379,32.398,38.196,43.812,43.993,41.322,38.708,37.832,37.524,37.172,37.768,38.199,40.301,42.679,49.650,51.372,45.502,41.905,40.257,38.595
31.012,32.326,32.945,31.685,31.457,32.475,38.273,43.859,44.034,41.370,38.772,37.903,37.604,37.254,37.849,38.282,40.380,42.736,49.689,51.418,45.573,41.983,40.342,38.681
31.094,32.432,33.054,31.815,31.536,32.544,38.375,43.946,44.114,41.426,38.848,37.975,37.710,37.367,37.931,38.396,40.493,42.783,49.819,51.536,45.675,42.081,40.453,38.786
31.219,32.541,33.171,31.947,31.644,32.652,38.490,44.020,44.204,41.520,38.941,38.080,37.817,37.474,38.041,38.497,40.591,42.892,49.905,51.626,45.775,42.188,40.562,38.893
31.306,32.631,33.249,31.988,31.767,32.783,38.553,44.125,44.280,41.631,39.058,38.189,37.896,37.550,38.139,38.579,40.669,42.990,49.916,51.645,45.835,42.259,40.628,38.974
31.454,32.774,33.384,32.136,31.887,32.893,38.688,44.265,44.444,41.766,39.177,38.302,38.020,37.674,38.245,38.696,40.787,43.109,50.109,51.812,45.955,42.373,40.742,39.084
31.584,32.913,33.519,32.284,32.013,33.009,38.802,44.364,44.541,41.855,39.281,38.403,38.138,37.797,38.348,38.815,40.900,43.182,50.215,51.901,46.045,42.471,40.852,39.195
31.678,33.006,33.625,32.398,32.114,33.115,38.907,44.432,44.600,41.930,39.372,38.507,38.246,37.906,38.464,38.927,41.008,43.278,50.266,51.971,46.152,42.585,40.970,39.314
31.856,33.162,33.762,32.511,32.284,33.284,39.040,44.608,44.793,42.128,39.539,38.665,38.372,38.026,38.599,39.040,41.122,43.457,50.417,52.104,46.265,42.701,41.073,39.425
31.967,33.268,33.865,32.620,32.386,33.381,39.131,44.688,44.880,42.213,39.625,38.751,38.462,38.116,38.683,39.126,41.204,43.535,50.499,52.175,46.336,42.778,41.153,39.508
32.064,33.353,33.970,32.737,32.474,33.481,39.267,44.792,44.995,42.332,39.735,38.877,38.588,38.241,38.823,39.252,41.337,43.692,50.630,52.338,46.504,42.936,41.305,39.649
32.126,33.414,34.046,32.816,32.552,33.566,39.341,44.825,45.013,42.377,39.801,38.958,38.668,38.321,38.917,39.337,41.417,43.764,50.633,52.363,46.583,43.024,41.397,39.744
32.238,33.520,34.159,32.934,32.664,33.680,39.449,44.907,45.095,42.471,39.901,39.067,38.776,38.431,39.032,39.445,41.522,43.868,50.700,52.441,46.685,43.133,41.508,39.857
32.358,33.629,34.259,33.033,32.777,33.788,39.530,44.985,45.179,42.561,39.989,39.153,38.856,38.510,39.110,39.518,41.589,43.945,50.758,52.484,46.733,43.193,41.570,39.926
32.481,33.771,34.400,33.174,32.906,33.915,39.679,45.155,45.341,42.706,40.138,39.294,39.009,38.664,39.253,39.678,41.753,44.083,50.953,52.676,46.903,43.352,41.730,40.081
32.558,33.860,34.486,33.257,32.995,34.002,39.755,45.236,45.408,42.775,40.221,39.373,39.093,38.751,39.333,39.767,41.840,44.144,51.016,52.738,46.976,43.429,41.812,40.166
32.727,34.012,34.638,33.424,33.137,34.139,39.908,45.356,45.562,42.922,40.353,39.510,39.233,38.890,39.468,39.898,41.970,44.292,51.153,52.892,47.110,43.564,41.947,40.297
32.787,34.049,34.697,33.498,33.191,34.203,39.970,45.367,45.565,42.949,40.388,39.571,39.289,38.946,39.545,39.950,42.017,44.361,51.182,52.894,47.167,43.633,42.017,40.368
33.034,34.270,34.887,33.678,33.406,34.403,40.135,45.559,45.800,43.172,40.576,39.743,39.442,39.094,39.686,40.082,42.145,44.539,51.360,53.049,47.273,43.748,42.126,40.487
33.154,34.395,35.001,33.783,33.530,34.524,40.239,45.689,45.925,43.293,40.696,39.854,39.550,39.202,39.789,40.190,42.251,44.640,51.476,53.151,47.367,43.844,42.222,40.588
33.273,34.503,35.105,33.880,33.645,34.640,40.340,45.797,46.039,43.413,40.807,39.964,39.649,39.299,39.893,40.284,42.344,44.756,51.569,53.242,47.459,43.939,42.313,40.682
33.361,34.586,35.190,33.963,33.746,34.744,40.410,45.844,46.074,43.474,40.884,40.049,39.726,39.376,39.982,40.362,42.414,44.826,51.572,53.250,47.514,44.009,42.387,40.764
33.513,34.728,35.313,34.060,33.899,34.896,40.526,46.009,46.244,43.648,41.037,40.189,39.841,39.486,40.101,40.469,42.522,44.975,51.704,53.367,47.615,44.112,42.481,40.866
33.606,34.826,35.427,34.184,34.000,35.004,40.647,46.099,46.324,43.737,41.142,40.305,39.965,39.613,40.232,40.600,42.653,45.088,51.793,53.479,47.753,44.250,42.623,41.005
33.704,34.892,35.501,34.257,34.087,35.099,40.727,46.146,46.389,43.827,41.217,40.397,40.035,39.678,40.324,40.660,42.710,45.204,51.819,53.521,47.824,44.329,42.693,41.078
33.968,35.132,35.719,34.472,34.314,35.315,40.940,46.388,46.671,44.085,41.436,40.604,40.230,39.869,40.508,40.837,42.888,45.431,52.038,53.742,47.999,44.503,42.859,41.246
34.047,35.196,35.788,34.532,34.409,35.419,40.998,46.422,46.693,44.148,41.508,40.689,40.294,39.931,40.596,40.899,42.943,45.511,52.040,53.756,48.045,44.567,42.921,41.319
34.159,35.277,35.873,34.580,34.548,35.579,41.085,46.511,46.770,44.287,41.640,40.834,40.386,40.013,40.735,40.986,43.025,45.678,52.051,53.757,48.135,44.672,43.011,41.423
34.263,35.368,35.958,34.640,34.672,35.712,41.156,46.595,46.840,44.395,41.748,40.944,40.466,40.089,40.838,41.063,43.097,45.786,52.060,53.768,48.194,44.746,43.079,41.505
34.385,35.493,36.058,34.688,34.837,35.883,41.225,46.733,46.943,44.537,41.897,41.076,40.556,40.175,40.948,41.155,43.180,45.895,52.096,53.773,48.243,44.813,43.140,41.590
34.578,35.673,36.218,34.839,35.022,36.059,41.360,46.886,47.105,44.703,42.053,41.224,40.691,40.307,41.079,41.279,43.297,46.033,52.175,53.869,48.335,44.919,43.246,41.706
34.746,35.835,36.364,34.957,35.196,36.236,41.508,47.092,47.312,44.913,42.241,41.398,40.839,40.450,41.234,41.422,43.444,46.223,52.355,54.038,48.484,45.064,43.379,41.846
34.974,36.086,36.629,35.270,35.393,36.418,41.788,47.332,47.570,45.115,42.452,41.611,41.108,40.728,41.465,41.698,43.726,46.428,52.723,54.393,48.779,45.340,43.670,42.115
35.136,36.218,36.782,35.464,35.508,36.532,41.955,47.416,47.698,45.232,42.555,41.738,41.251,40.872,41.607,41.829,43.858,46.581,52.825,54.557,48.933,45.494,43.825,42.258
35.280,36.343,36.906,35.579,35.661,36.689,42.057,47.474,47.718,45.341,42.673,41.865,41.358,40.977,41.732,41.931,43.948,46.696,52.881,54.572,49.005,45.588,43.919,42.366
35.310,36.374,36.989,35.685,35.722,36.773,42.157,47.493,47.770,45.344,42.726,41.963,41.468,41.091,41.877,42.058,44.070,46.786,52.887,54.592,49.146,45.740,44.081,42.523
35.543,36.620,37.209,35.867,35.982,37.032,42.360,47.758,47.979,45.613,42.991,42.204,41.686,41.306,42.096,42.278,44.290,47.014,53.047,54.796,49.344,45.941,44.277,42.731
35.863,36.895,37.438,36.037,36.311,37.361,42.539,48.009,48.237,45.920,43.266,42.462,41.869,41.477,42.307,42.436,44.433,47.270,53.150,54.860,49.440,46.072,44.392,42.882
36.125,37.184,37.723,36.360,36.557,37.583,42.784,48.211,48.436,46.088,43.470,42.661,42.120,41.740,42.516,42.693,44.678,47.407,53.398,55.072,49.641,46.284,44.632,43.120
36.288,37.318,37.869,36.517,36.701,37.733,42.939,48.322,48.569,46.234,43.604,42.812,42.262,41.879,42.672,42.826,44.809,47.581,53.515,55.203,49.788,46.436,44.779,43.266
36.545,37.597,38.127,36.763,36.963,37.986,43.191,48.640,48.881,46.518,43.882,43.066,42.521,42.138,42.911,43.087,45.074,47.824,53.848,55.506,50.042,46.680,45.023,43.510
36.814,37.917,38.418,37.027,37.266,38.277,43.462,49.009,49.210,46.821,44.202,43.348,42.815,42.436,43.177,43.396,45.385,48.066,54.199,55.823,50.321,46.950,45.300,43.793
37.036,38.177,38.700,37.332,37.503,38.514,43.766,49.292,49.470,47.060,44.470,43.620,43.127,42.756,43.475,43.728,45.725,48.327,54.537,56.185,50.677,47.289,45.650,44.126
37.482,38.613,39.084,37.703,37.914,38.898,44.105,49.708,49.919,47.470,44.846,43.960,43.459,43.085,43.771,44.038,46.028,48.648,54.965,56.524,50.933,47.555,45.916,44.405
37.799,38.901,39.359,37.926,38.266,39.267,44.360,49.999,50.189,47.807,45.176,44.291,43.726,43.343,44.084,44.299,46.280,48.985,55.107,56.683,51.169,47.814,46.160,44.675
38.048,39.140,39.656,38.300,38.462,39.467,44.720,50.220,50.455,48.037,45.405,44.563,44.053,43.677,44.402,44.629,46.623,49.301,55.502,57.124,51.583,48.201,46.553,45.030
38.499,39.543,40.021,38.607,38.899,39.912,45.094,50.701,50.971,48.565,45.859,44.997,44.412,44.019,44.788,44.960,46.962,49.797,55.931,57.525,51.936,48.553,46.870,45.361
38.825,39.927,40.462,39.111,39.239,40.255,45.577,51.084,51.322,48.885,46.241,45.403,44.902,44.525,45.256,45.486,47.498,50.182,56.430,58.081,52.508,49.097,47.439,45.897
39.766,40.797,41.326,39.982,40.070,41.089,46.546,52.118,52.485,49.962,47.174,46.331,45.798,45.404,46.150,46.342,48.394,51.277,57.685,59.308,53.525,50.051,48.342,46.766
40.639,41.764,42.294,41.020,40.904,41.883,47.545,53.151,53.527,50.850,48.079,47.199,46.790,46.416,47.035,47.359,49.434,52.113,58.994,60.556,54.580,51.045,49.366,47.744
43.060,44.216,44.467,42.870,43.308,44.254,49.821,56.435,56.894,53.961,50.824,49.659,49.035,48.604,49.207,49.547,51.725,54.817,62.387,63.639,56.952,53.246,51.413,49.802
