16.998,16.813,16.468,16.704,17.860,22.009,32.663,41.397,45.087,42.058,41.410,40.504,41.130,43.759,44.769,44.835,45.537,53.026,51.438,48.999,42.287,38.229,34.230,33.842
22.588,22.692,22.181,22.102,23.796,27.461,37.121,45.720,48.931,46.976,45.703,44.588,44.607,46.651,48.277,49.344,50.594,57.493,56.005,53.855,46.967,41.906,38.253,37.200
25.245,25.174,24.757,24.631,26.349,29.818,38.933,47.559,50.187,48.753,47.434,46.426,46.258,48.208,50.139,51.471,52.707,58.773,57.512,55.514,48.856,43.574,40.215,39.294
26.963,26.781,26.454,26.303,28.010,31.401,40.281,49.007,51.355,50.144,48.838,47.924,47.689,49.671,51.765,53.210,54.422,59.949,58.796,56.755,50.329,44.945,41.702,40.894
28.400,28.273,27.966,27.747,29.512,32.777,41.377,50.034,52.307,51.253,49.886,48.987,48.677,50.612,52.788,54.379,55.673,60.876,59.734,57.609,51.406,45.928,42.750,41.858
28.950,28.799,28.533,28.324,30.035,33.291,41.851,50.473,52.747,51.640,50.337,49.484,49.218,51.209,53.344,54.869,56.119,61.191,60.053,57.853,51.817,46.444,43.268,42.441
29.472,29.342,29.077,28.860,30.565,33.782,42.251,50.786,53.060,51.961,50.660,49.812,49.546,51.517,53.632,55.155,56.409,61.426,60.287,58.081,52.125,46.793,43.639,42.797
29.965,29.839,29.588,29.370,31.055,34.250,42.661,51.141,53.418,52.305,51.026,50.195,49.943,51.923,54.014,55.514,56.757,61.705,60.565,58.330,52.469,47.192,44.048,43.219
30.361,30.296,30.027,29.785,31.498,34.655,42.998,51.406,53.735,52.627,51.316,50.464,50.198,52.146,54.223,55.755,57.043,61.998,60.830,58.567,52.749,47.465,44.318,43.414
30.667,30.566,30.311,30.074,31.776,34.925,43.234,51.651,53.910,52.844,51.543,50.708,50.433,52.379,54.480,56.018,57.286,62.168,61.031,58.798,52.990,47.702,44.586,43.720
30.970,30.837,30.601,30.368,32.057,35.204,43.491,51.938,54.144,53.105,51.818,51.004,50.725,52.687,54.812,56.355,57.605,62.355,61.285,59.050,53.274,47.980,44.883,44.056
31.201,31.052,30.808,30.575,32.276,35.410,43.660,52.105,54.247,53.242,51.966,51.147,50.839,52.768,54.927,56.449,57.605,62.359,61.307,59.216,53.447,48.116,45.052,44.227
31.369,31.194,30.954,30.742,32.409,35.542,43.774,52.166,54.250,53.272,52.013,51.209,50.921,52.847,54.974,56.450,57.617,62.400,61.314,59.250,53.453,48.221,45.179,44.398
31.548,31.343,31.117,30.925,32.546,35.669,43.851,52.169,54.284,53.284,52.018,51.227,50.963,52.890,54.981,56.501,57.714,62.428,61.398,59.272,53.482,48.286,45.276,44.551
31.692,31.490,31.258,31.072,32.683,35.795,43.951,52.218,54.298,53.291,52.061,51.274,51.015,52.928,54.997,56.502,57.717,62.496,61.425,59.299,53.492,48.360,45.363,44.640
31.886,31.673,31.445,31.259,32.867,35.966,44.083,52.336,54.381,53.394,52.172,51.391,51.124,53.027,55.106,56.565,57.755,62.531,61.444,59.352,53.608,48.477,45.500,44.788
32.101,31.895,31.656,31.462,33.089,36.171,44.250,52.491,54.508,53.568,52.321,51.529,51.236,53.108,55.211,56.707,57.875,62.532,61.522,59.514,53.774,48.606,45.649,44.914
32.299,32.082,31.855,31.666,33.271,36.332,44.351,52.539,54.531,53.593,52.369,51.593,51.309,53.181,55.268,56.742,57.891,62.580,61.559,59.547,53.808,48.691,45.757,45.047
32.457,32.261,32.022,31.824,33.445,36.491,44.483,52.645,54.644,53.723,52.479,51.690,51.393,53.241,55.331,56.827,57.995,62.650,61.636,59.639,53.922,48.788,45.860,45.119
32.602,32.426,32.181,31.977,33.603,36.640,44.618,52.752,54.776,53.845,52.596,51.800,51.504,53.323,55.385,56.890,58.078,62.766,61.740,59.735,54.031,48.906,45.973,45.211
32.730,32.571,32.310,32.105,33.738,36.759,44.703,52.783,54.812,53.891,52.628,51.819,51.515,53.344,55.389,56.900,58.096,62.782,61.754,59.783,54.061,48.946,46.025,45.238
32.870,32.754,32.466,32.251,33.908,36.916,44.848,52.877,54.947,54.024,52.733,51.895,51.580,53.352,55.402,56.918,58.117,62.871,61.821,59.825,54.163,49.039,46.113,45.269
33.013,32.947,32.630,32.402,34.087,37.078,44.990,52.945,55.018,54.083,52.820,51.965,51.637,53.364,55.403,56.920,58.136,62.898,61.862,59.925,54.216,49.123,46.190,45.278
33.183,33.081,32.812,32.592,34.222,37.188,45.013,52.963,55.022,54.126,52.828,51.980,51.653,53.369,55.421,56.944,58.195,62.922,61.875,59.983,54.245,49.174,46.266,45.431
33.284,33.189,32.883,32.668,34.319,37.277,45.085,52.971,55.084,54.160,52.835,52.005,51.708,53.465,55.491,56.989,58.197,63.031,61.993,60.056,54.261,49.175,46.297,45.431
33.384,33.283,32.971,32.760,34.414,37.378,45.202,53.095,55.134,54.248,52.946,52.092,51.762,53.486,55.499,57.008,58.223,63.064,62.000,60.144,54.369,49.289,46.413,45.549
33.487,33.379,33.066,32.855,34.515,37.485,45.321,53.238,55.265,54.393,53.085,52.228,51.890,53.592,55.632,57.161,58.379,63.191,62.165,60.319,54.518,49.414,46.540,45.676
33.537,33.423,33.113,32.905,34.560,37.539,45.394,53.323,55.353,54.470,53.168,52.314,51.982,53.692,55.730,57.249,58.460,63.229,62.231,60.395,54.600,49.502,46.621,45.767
33.647,33.542,33.237,33.036,34.668,37.646,45.499,53.384,55.377,54.518,53.237,52.396,52.059,53.754,55.794,57.289,58.485,63.245,62.240,60.407,54.644,49.596,46.721,45.878
33.804,33.677,33.377,33.169,34.811,37.757,45.524,53.398,55.401,54.529,53.242,52.398,52.092,53.809,55.814,57.314,58.513,63.282,62.255,60.407,54.666,49.612,46.754,45.919
33.916,33.781,33.488,33.284,34.911,37.849,45.588,53.435,55.451,54.551,53.273,52.444,52.112,53.818,55.839,57.344,58.529,63.298,62.271,60.412,54.694,49.655,46.825,46.007
34.025,33.888,33.597,33.394,35.018,37.952,45.680,53.521,55.481,54.633,53.359,52.533,52.202,53.899,55.928,57.431,58.613,63.310,62.304,60.479,54.778,49.745,46.920,46.106
34.119,33.996,33.694,33.491,35.118,38.047,45.767,53.577,55.551,54.699,53.419,52.583,52.251,53.933,55.950,57.451,58.639,63.358,62.357,60.547,54.834,49.809,46.985,46.155
34.208,34.101,33.791,33.583,35.218,38.139,45.844,53.631,55.616,54.768,53.478,52.633,52.297,53.965,55.975,57.484,58.683,63.421,62.413,60.607,54.890,49.865,47.040,46.189
34.277,34.156,33.845,33.640,35.275,38.191,45.879,53.664,55.619,54.792,53.499,52.656,52.310,53.966,55.989,57.505,58.698,63.423,62.431,60.658,54.922,49.889,47.082,46.242
34.346,34.203,33.901,33.703,35.327,38.250,45.946,53.748,55.677,54.857,53.575,52.741,52.399,54.064,56.094,57.602,58.779,63.483,62.503,60.738,55.001,49.972,47.172,46.358
34.454,34.312,34.000,33.797,35.437,38.351,46.028,53.829,55.731,54.950,53.648,52.804,52.440,54.080,56.132,57.668,58.857,63.568,62.597,60.869,55.091,50.027,47.243,46.414
34.539,34.391,34.078,33.875,35.518,38.423,46.075,53.869,55.745,54.989,53.682,52.838,52.464,54.092,56.155,57.704,58.893,63.583,62.624,60.916,55.133,50.059,47.291,46.464
34.653,34.540,34.211,34.002,35.655,38.553,46.204,53.957,55.882,55.102,53.784,52.924,52.553,54.166,56.204,57.749,58.955,63.705,62.723,61.009,55.222,50.162,47.380,46.516
34.760,34.637,34.311,34.104,35.756,38.659,46.317,54.087,55.999,55.227,53.910,53.052,52.679,54.295,56.343,57.891,59.094,63.835,62.860,61.150,55.353,50.284,47.504,46.648
34.880,34.747,34.429,34.222,35.872,38.782,46.453,54.250,56.157,55.383,54.071,53.220,52.849,54.479,56.534,58.082,59.281,64.003,63.030,61.306,55.517,50.441,47.656,46.812
34.980,34.829,34.519,34.319,35.956,38.867,46.533,54.333,56.216,55.446,54.147,53.307,52.941,54.579,56.635,58.171,59.354,64.048,63.086,61.369,55.592,50.531,47.756,46.938
35.091,34.961,34.642,34.434,36.085,38.994,46.664,54.461,56.369,55.597,54.283,53.430,53.058,54.687,56.743,58.294,59.495,64.218,63.244,61.519,55.729,50.650,47.865,47.019
35.195,35.083,34.754,34.539,36.202,39.096,46.737,54.502,56.417,55.657,54.328,53.465,53.084,54.692,56.746,58.311,59.526,64.260,63.281,61.567,55.775,50.691,47.912,47.040
35.279,35.169,34.832,34.618,36.286,39.179,46.820,54.580,56.489,55.739,54.403,53.533,53.144,54.740,56.789,58.360,59.580,64.333,63.356,61.672,55.854,50.761,47.987,47.108
35.362,35.259,34.919,34.704,36.371,39.252,46.866,54.592,56.502,55.755,54.418,53.546,53.157,54.741,56.797,58.369,59.587,64.344,63.367,61.675,55.865,50.785,48.019,47.133
35.500,35.413,35.072,34.848,36.524,39.396,46.993,54.715,56.637,55.894,54.547,53.673,53.278,54.859,56.912,58.496,59.731,64.470,63.485,61.781,55.994,50.903,48.134,47.228
35.571,35.495,35.152,34.923,36.606,39.475,47.073,54.791,56.730,55.982,54.630,53.752,53.357,54.938,56.987,58.576,59.820,64.565,63.572,61.855,56.074,50.980,48.204,47.284
35.656,35.594,35.242,35.010,36.701,39.571,47.175,54.888,56.844,56.091,54.730,53.843,53.446,55.019,57.065,58.659,59.912,64.688,63.687,61.971,56.174,51.074,48.291,47.353
35.757,35.710,35.349,35.110,36.814,39.671,47.252,54.944,56.904,56.167,54.789,53.892,53.483,55.036,57.085,58.698,59.967,64.754,63.749,62.045,56.238,51.122,48.345,47.382
35.847,35.816,35.448,35.204,36.917,39.775,47.363,55.053,57.036,56.291,54.904,53.999,53.589,55.139,57.184,58.803,60.084,64.895,63.879,62.164,56.351,51.228,48.441,47.458
35.924,35.887,35.521,35.283,36.987,39.849,47.445,55.129,57.113,56.357,54.980,54.076,53.674,55.228,57.264,58.868,60.140,64.959,63.945,62.234,56.421,51.315,48.527,47.556
36.058,36.034,35.664,35.420,37.132,39.988,47.576,55.252,57.248,56.493,55.107,54.199,53.793,55.341,57.376,58.989,60.271,65.096,64.075,62.358,56.548,51.436,48.645,47.657
36.160,36.140,35.766,35.517,37.240,40.091,47.669,55.348,57.336,56.601,55.202,54.289,53.871,55.409,57.458,59.090,60.382,65.203,64.184,62.474,56.652,51.517,48.731,47.730
36.283,36.289,35.907,35.653,37.381,40.226,47.800,55.450,57.478,56.721,55.317,54.395,53.982,55.515,57.543,59.171,60.476,65.328,64.290,62.563,56.755,51.634,48.835,47.808
36.398,36.405,36.017,35.765,37.495,40.342,47.922,55.569,57.595,56.840,55.433,54.506,54.091,55.617,57.645,59.273,60.578,65.451,64.415,62.704,56.873,51.749,48.953,47.923
36.486,36.492,36.098,35.848,37.579,40.424,47.997,55.629,57.647,56.901,55.489,54.556,54.137,55.648,57.675,59.304,60.609,65.503,64.471,62.787,56.932,51.808,49.020,47.987
36.639,36.651,36.263,36.004,37.744,40.585,48.154,55.805,57.828,57.087,55.671,54.741,54.318,55.839,57.877,59.521,60.836,65.697,64.660,62.946,57.117,51.975,49.180,48.140
36.774,36.802,36.407,36.142,37.891,40.720,48.265,55.896,57.926,57.194,55.766,54.830,54.399,55.907,57.945,59.602,60.931,65.793,64.751,63.037,57.213,52.064,49.272,48.210
36.911,36.935,36.546,36.275,38.030,40.854,48.390,56.040,58.056,57.342,55.909,54.976,54.538,56.031,58.083,59.778,61.112,65.938,64.901,63.175,57.363,52.193,49.405,48.343
37.043,37.100,36.687,36.406,38.185,40.992,48.499,56.103,58.137,57.441,55.977,55.019,54.562,56.049,58.104,59.784,61.145,66.029,64.981,63.288,57.436,52.247,49.464,48.351
37.162,37.182,36.781,36.511,38.277,41.092,48.606,56.243,58.226,57.551,56.101,55.158,54.700,56.180,58.253,59.949,61.288,66.128,65.105,63.431,57.571,52.377,49.609,48.539
37.325,37.360,36.951,36.669,38.455,41.257,48.744,56.377,58.354,57.708,56.236,55.283,54.806,56.267,58.357,60.085,61.444,66.280,65.255,63.587,57.717,52.490,49.729,48.631
37.423,37.457,37.047,36.762,38.553,41.344,48.805,56.427,58.385,57.762,56.282,55.328,54.841,56.289,58.388,60.129,61.493,66.312,65.293,63.642,57.770,52.533,49.784,48.682
37.581,37.590,37.195,36.915,38.692,41.483,48.933,56.573,58.495,57.885,56.420,55.484,54.998,56.461,58.572,60.308,61.654,66.413,65.411,63.757,57.911,52.680,49.944,48.875
37.719,37.720,37.321,37.041,38.822,41.604,49.029,56.656,58.548,57.967,56.494,55.555,55.056,56.499,58.622,60.372,61.718,66.469,65.480,63.862,57.995,52.753,50.036,48.968
37.843,37.864,37.444,37.161,38.961,41.741,49.171,56.782,58.689,58.116,56.621,55.660,55.149,56.565,58.687,60.453,61.816,66.634,65.638,64.051,58.128,52.865,50.147,49.045
37.912,37.912,37.495,37.217,39.013,41.796,49.224,56.850,58.719,58.171,56.677,55.720,55.202,56.614,58.752,60.523,61.876,66.679,65.700,64.139,58.195,52.920,50.217,49.134
38.016,38.046,37.609,37.326,39.139,41.921,49.361,56.964,58.871,58.312,56.798,55.819,55.297,56.687,58.813,60.592,61.965,66.844,65.847,64.300,58.314,53.031,50.316,49.194
38.147,38.180,37.754,37.476,39.270,42.062,49.527,57.128,59.076,58.463,56.975,56.009,55.514,56.938,59.034,60.775,62.136,67.009,65.998,64.399,58.468,53.230,50.493,49.386
38.237,38.257,37.835,37.561,39.350,42.147,49.618,57.230,59.163,58.554,57.072,56.109,55.616,57.039,59.143,60.881,62.233,67.099,66.095,64.504,58.567,53.330,50.596,49.503
38.362,38.402,37.960,37.678,39.490,42.273,49.721,57.308,59.238,58.660,57.148,56.165,55.649,57.043,59.150,60.917,62.291,67.198,66.193,64.642,58.655,53.387,50.665,49.536
38.496,38.534,38.093,37.812,39.625,42.419,49.891,57.501,59.439,58.853,57.341,56.358,55.845,57.245,59.358,61.124,62.500,67.416,66.408,64.846,58.850,53.574,50.841,49.714
38.643,38.709,38.252,37.965,39.795,42.594,50.094,57.700,59.684,59.080,57.550,56.547,56.033,57.421,59.524,61.299,62.696,67.685,66.656,65.089,59.057,53.766,51.013,49.847
38.755,38.817,38.366,38.083,39.904,42.713,50.235,57.853,59.851,59.224,57.706,56.709,56.206,57.612,59.706,61.465,62.854,67.845,66.810,65.223,59.206,53.929,51.165,50.010
38.925,39.022,38.550,38.255,40.101,42.895,50.396,57.978,60.001,59.385,57.839,56.819,56.302,57.675,59.765,61.548,62.965,68.006,66.958,65.387,59.341,54.045,51.280,50.076
39.110,39.216,38.738,38.437,40.299,43.102,50.633,58.250,60.286,59.675,58.112,57.083,56.557,57.930,60.036,61.839,63.272,68.339,67.283,65.704,59.625,54.291,51.513,50.290
39.216,39.339,38.844,38.543,40.414,43.213,50.741,58.328,60.380,59.769,58.193,57.147,56.616,57.967,60.062,61.868,63.312,68.435,67.372,65.819,59.704,54.370,51.592,50.345
39.365,39.493,39.001,38.692,40.574,43.373,50.906,58.520,60.576,59.973,58.388,57.342,56.804,58.161,60.272,62.097,63.553,68.657,67.590,66.013,59.906,54.544,51.759,50.502
39.462,39.499,39.056,38.782,40.597,43.439,51.031,58.719,60.711,60.071,58.563,57.572,57.077,58.509,60.615,62.363,63.738,68.750,67.720,66.129,60.071,54.777,51.997,50.871
39.644,39.741,39.265,38.971,40.828,43.656,51.246,58.901,60.956,60.317,58.763,57.734,57.220,58.614,60.715,62.501,63.927,69.031,67.969,66.378,60.273,54.940,52.141,50.931
39.788,39.892,39.410,39.124,40.971,43.812,51.435,59.074,61.164,60.485,58.941,57.907,57.411,58.810,60.881,62.638,64.055,69.220,68.146,66.556,60.437,55.135,52.322,51.112
39.993,40.130,39.645,39.350,41.203,44.040,51.666,59.284,61.433,60.718,59.172,58.133,57.647,59.054,61.102,62.853,64.287,69.470,68.369,66.729,60.650,55.364,52.527,51.287
40.151,40.246,39.777,39.496,41.331,44.194,51.867,59.549,61.663,60.945,59.421,58.399,57.923,59.359,61.422,63.155,64.561,69.721,68.639,67.003,60.907,55.619,52.781,51.593
40.376,40.415,39.968,39.699,41.523,44.422,52.164,59.957,62.017,61.315,59.806,58.804,58.328,59.802,61.906,63.639,65.019,70.142,69.084,67.449,61.315,55.989,53.148,52.018
40.626,40.671,40.215,39.933,41.793,44.702,52.478,60.346,62.397,61.734,60.189,59.172,58.668,60.135,62.286,64.074,65.485,70.625,69.565,67.928,61.730,56.312,53.461,52.302
40.876,40.960,40.478,40.186,42.074,44.979,52.765,60.612,62.708,62.043,60.466,59.420,58.902,60.340,62.486,64.298,65.743,70.967,69.885,68.260,62.009,56.564,53.699,52.482
41.183,41.284,40.782,40.485,42.401,45.322,53.162,61.045,63.167,62.504,60.898,59.828,59.298,60.722,62.880,64.716,66.184,71.498,70.403,68.793,62.456,56.960,54.076,52.824
41.469,41.548,41.062,40.770,42.677,45.627,53.528,61.481,63.605,62.922,61.331,60.274,59.756,61.219,63.388,65.211,66.666,71.967,70.873,69.229,62.892,57.386,54.481,53.259
41.701,41.747,41.288,41.007,42.888,45.865,53.819,61.836,63.957,63.240,61.684,60.653,60.160,61.676,63.845,65.637,67.064,72.318,71.228,69.535,63.238,57.750,54.828,53.658
42.130,42.165,41.706,41.437,43.311,46.333,54.394,62.476,64.636,63.867,62.323,61.290,60.818,62.366,64.524,66.287,67.703,73.038,71.934,70.223,63.873,58.385,55.425,54.270
42.483,42.475,42.029,41.777,43.633,46.687,54.809,62.956,65.085,64.309,62.786,61.767,61.306,62.883,65.053,66.794,68.179,73.514,72.427,70.729,64.344,58.854,55.891,54.789
43.093,43.065,42.639,42.392,44.245,47.364,55.643,63.945,66.121,65.283,63.778,62.772,62.337,63.992,66.175,67.898,69.277,74.641,73.534,71.745,65.339,59.813,56.785,55.712
43.570,43.517,43.115,42.884,44.713,47.905,56.357,64.791,67.037,66.097,64.632,63.644,63.257,65.002,67.169,68.835,70.189,75.604,74.472,72.589,66.177,60.663,57.563,56.537
44.273,44.243,43.841,43.609,45.444,48.686,57.273,65.785,68.137,67.106,65.647,64.650,64.295,66.091,68.234,69.874,71.239,76.754,75.577,73.608,67.176,61.656,58.483,57.439
44.942,44.795,44.440,44.225,46.052,49.367,58.096,66.880,69.103,68.133,66.692,65.737,65.368,67.245,69.502,71.173,72.497,77.900,76.778,74.797,68.285,62.641,59.462,58.534
46.316,46.067,45.786,45.591,47.397,50.874,59.975,69.192,71.452,70.372,68.990,68.093,67.779,69.866,72.197,73.832,75.115,80.487,79.350,77.161,70.611,64.857,61.545,60.745
47.616,47.585,47.151,46.920,48.860,52.362,61.628,70.733,73.308,72.128,70.593,69.525,69.181,71.127,73.373,75.068,76.507,82.501,81.223,79.106,72.203,66.353,62.926,61.826
50.325,50.417,49.836,49.576,51.711,55.366,65.097,74.503,77.305,76.103,74.364,73.114,72.687,74.555,76.884,78.741,80.350,87.054,85.666,83.642,76.077,69.853,66.255,64.900
