5.209,1.408,4.436,6.819,7.369,7.008,6.931,-2.468,-0.847,-2.994,-11.862,-12.452,-12.218,-22.309,-25.919,-17.350,-10.928,5.979,6.393,13.695,18.245,13.252,12.002,6.737
8.720,5.808,7.907,10.242,10.734,10.091,9.365,0.691,2.222,0.392,-7.665,-8.886,-9.014,-17.664,-21.488,-14.124,-8.212,7.567,9.206,17.104,21.721,17.486,15.861,11.267
10.909,8.556,10.205,12.324,12.774,12.026,10.598,3.047,4.459,2.688,-4.437,-5.913,-6.320,-14.266,-18.333,-11.859,-6.205,8.518,11.259,19.133,23.451,19.683,17.963,13.776
12.612,10.744,12.126,13.871,14.284,13.525,11.135,5.226,6.468,4.606,-1.253,-2.803,-3.513,-11.062,-15.517,-9.964,-4.451,9.063,13.145,20.661,24.355,20.960,19.284,15.444
13.820,12.204,13.414,14.961,15.358,14.620,11.774,6.687,7.822,5.960,0.832,-0.722,-1.561,-8.775,-13.410,-8.408,-3.052,9.736,14.394,21.712,25.033,21.845,20.189,16.609
14.775,13.001,14.267,15.808,16.236,15.632,12.866,7.575,8.668,6.862,1.865,0.515,-0.209,-7.381,-12.091,-7.099,-1.818,11.052,15.324,22.656,25.791,22.456,20.818,17.347
15.388,13.526,14.793,16.354,16.804,16.272,13.561,8.068,9.140,7.388,2.443,1.195,0.540,-6.566,-11.339,-6.359,-1.131,11.843,15.871,23.296,26.353,22.930,21.273,17.885
16.077,14.397,15.584,17.086,17.501,16.890,14.123,9.011,10.076,8.317,3.478,2.115,1.376,-5.578,-10.214,-5.397,-0.244,12.294,16.585,23.797,26.869,23.650,22.024,18.658
16.553,14.830,16.080,17.576,17.987,17.389,14.719,9.603,10.672,8.902,4.010,2.691,1.982,-5.024,-9.566,-4.687,0.460,12.954,17.115,24.193,27.259,24.027,22.450,19.046
16.991,15.298,16.525,17.992,18.401,17.813,15.121,10.108,11.158,9.402,4.615,3.311,2.599,-4.328,-8.860,-4.064,1.031,13.379,17.552,24.567,27.571,24.374,22.810,19.456
17.390,15.779,16.987,18.312,18.720,18.179,15.146,10.668,11.651,9.838,5.514,4.271,3.487,-3.414,-8.136,-3.602,1.484,13.515,18.073,24.944,27.659,24.502,22.978,19.725
17.720,16.140,17.328,18.651,19.052,18.495,15.484,11.042,12.026,10.223,5.898,4.632,3.840,-3.008,-7.682,-3.175,1.882,13.828,18.390,25.223,27.955,24.841,23.321,20.078
18.055,16.416,17.603,18.982,19.392,18.850,15.985,11.274,12.270,10.517,6.064,4.819,4.082,-2.725,-7.354,-2.774,2.251,14.328,18.647,25.566,28.362,25.204,23.661,20.429
18.288,16.568,17.810,19.202,19.623,19.118,16.300,11.473,12.471,10.713,6.218,5.037,4.341,-2.543,-7.189,-2.534,2.515,14.715,18.899,25.830,28.606,25.371,23.839,20.587
18.585,16.873,18.129,19.521,19.933,19.414,16.682,11.871,12.875,11.121,6.573,5.385,4.698,-2.168,-6.708,-2.032,2.989,15.096,19.210,26.037,28.844,25.645,24.141,20.869
18.872,17.105,18.398,19.773,20.194,19.724,16.997,12.175,13.162,11.410,6.930,5.822,5.168,-1.717,-6.286,-1.613,3.396,15.508,19.523,26.314,29.035,25.783,24.301,21.054
19.187,17.394,18.729,20.039,20.465,20.051,17.233,12.597,13.550,11.772,7.487,6.471,5.823,-1.089,-5.720,-1.119,3.880,15.873,19.920,26.591,29.146,25.866,24.430,21.221
19.390,17.634,18.961,20.263,20.680,20.241,17.404,12.873,13.830,12.049,7.750,6.703,6.040,-0.852,-5.424,-0.835,4.151,16.025,20.134,26.741,29.320,26.088,24.665,21.444
19.567,17.871,19.167,20.411,20.827,20.394,17.440,13.083,14.014,12.204,8.108,7.057,6.343,-0.534,-5.216,-0.755,4.241,16.051,20.352,26.943,29.415,26.212,24.789,21.611
19.830,18.136,19.399,20.609,21.036,20.649,17.554,13.304,14.200,12.410,8.513,7.515,6.805,0.009,-4.786,-0.447,4.508,16.235,20.594,27.226,29.567,26.345,24.908,21.827
19.993,18.317,19.591,20.772,21.194,20.807,17.677,13.550,14.438,12.630,8.790,7.800,7.075,0.268,-4.518,-0.209,4.746,16.379,20.800,27.351,29.653,26.452,25.039,21.955
20.195,18.560,19.832,20.976,21.390,20.994,17.793,13.840,14.719,12.886,9.128,8.126,7.371,0.559,-4.232,0.025,4.983,16.498,21.048,27.520,29.782,26.619,25.226,22.141
20.416,18.774,20.044,21.185,21.601,21.218,18.028,14.066,14.938,13.117,9.383,8.399,7.655,0.871,-3.917,0.323,5.260,16.753,21.260,27.724,29.965,26.799,25.408,22.344
20.581,18.969,20.223,21.326,21.742,21.369,18.071,14.260,15.113,13.278,9.682,8.709,7.940,1.172,-3.682,0.474,5.409,16.817,21.451,27.894,30.053,26.901,25.515,22.486
20.780,19.165,20.410,21.509,21.928,21.568,18.274,14.456,15.301,13.481,9.919,8.963,8.204,1.475,-3.383,0.746,5.656,17.037,21.635,28.077,30.212,27.059,25.671,22.671
20.956,19.350,20.596,21.672,22.091,21.740,18.403,14.666,15.501,13.672,10.180,9.238,8.471,1.746,-3.133,0.959,5.863,17.190,21.832,28.241,30.329,27.181,25.803,22.818
21.129,19.532,20.772,21.859,22.273,21.910,18.634,14.871,15.711,13.896,10.358,9.403,8.643,1.948,-2.868,1.235,6.116,17.403,21.991,28.369,30.491,27.367,25.995,23.005
21.348,19.808,21.043,22.087,22.489,22.109,18.764,15.214,16.045,14.203,10.753,9.777,8.980,2.292,-2.506,1.533,6.410,17.530,22.264,28.530,30.613,27.547,26.203,23.211
21.578,20.095,21.297,22.319,22.713,22.315,18.918,15.495,16.319,14.475,11.092,10.086,9.259,2.624,-2.169,1.798,6.655,17.653,22.496,28.725,30.792,27.782,26.439,23.468
21.723,20.264,21.448,22.465,22.857,22.450,19.045,15.654,16.476,14.638,11.272,10.250,9.414,2.812,-1.971,1.970,6.811,17.761,22.631,28.852,30.922,27.937,26.591,23.632
21.829,20.347,21.547,22.555,22.951,22.564,19.136,15.754,16.568,14.724,11.397,10.407,9.578,2.953,-1.865,2.073,6.922,17.892,22.754,28.974,31.002,27.989,26.649,23.698
22.016,20.478,21.677,22.741,23.145,22.770,19.483,15.839,16.667,14.869,11.410,10.435,9.658,3.068,-1.706,2.307,7.129,18.233,22.865,29.171,31.268,28.214,26.851,23.905
22.171,20.629,21.822,22.888,23.294,22.926,19.645,15.980,16.806,15.018,11.569,10.603,9.834,3.265,-1.514,2.488,7.298,18.401,23.006,29.325,31.413,28.355,26.987,24.057
22.247,20.705,21.914,22.950,23.357,23.003,19.658,16.100,16.913,15.103,11.737,10.795,10.015,3.416,-1.400,2.572,7.394,18.454,23.126,29.400,31.426,28.361,27.010,24.085
22.359,20.808,22.053,23.066,23.469,23.123,19.784,16.307,17.116,15.285,11.941,11.023,10.245,3.607,-1.178,2.803,7.629,18.623,23.293,29.467,31.459,28.397,27.080,24.136
22.693,21.260,22.382,23.403,23.792,23.402,20.024,16.536,17.339,15.582,12.275,11.298,10.511,4.078,-0.746,3.122,7.871,18.765,23.530,29.719,31.726,28.787,27.450,24.576
22.745,21.264,22.406,23.427,23.833,23.470,20.115,16.688,17.487,15.693,12.436,11.438,10.617,4.166,-0.576,3.258,8.002,18.851,23.562,29.880,31.910,28.898,27.507,24.665
22.870,21.386,22.523,23.554,23.957,23.596,20.250,16.722,17.522,15.758,12.467,11.501,10.715,4.276,-0.521,3.343,8.085,19.007,23.680,29.966,31.979,28.976,27.605,24.759
23.053,21.538,22.669,23.748,24.153,23.789,20.504,16.779,17.578,15.866,12.522,11.553,10.805,4.407,-0.374,3.477,8.188,19.234,23.800,30.133,32.221,29.206,27.820,24.972
23.099,21.596,22.682,23.755,24.170,23.824,20.578,16.850,17.665,15.940,12.556,11.592,10.832,4.479,-0.320,3.606,8.318,19.313,23.806,30.262,32.296,29.261,27.836,25.047
23.302,21.791,22.911,23.979,24.386,24.034,20.805,17.103,17.908,16.193,12.831,11.878,11.133,4.772,0.029,3.915,8.604,19.557,24.041,30.368,32.419,29.408,28.022,25.205
23.362,21.849,22.979,24.042,24.447,24.097,20.872,17.191,17.995,16.273,12.914,11.966,11.222,4.847,0.114,4.006,8.698,19.635,24.118,30.416,32.461,29.450,28.074,25.249
23.510,22.013,23.110,24.167,24.578,24.234,20.949,17.282,18.076,16.365,13.075,12.126,11.372,5.040,0.245,4.081,8.763,19.704,24.238,30.599,32.612,29.601,28.203,25.418
23.690,22.205,23.272,24.347,24.757,24.406,21.146,17.417,18.214,16.527,13.214,12.245,11.495,5.219,0.433,4.258,8.917,19.867,24.371,30.780,32.824,29.825,28.407,25.643
23.804,22.326,23.371,24.431,24.847,24.514,21.184,17.491,18.273,16.593,13.375,12.422,11.666,5.423,0.567,4.331,8.980,19.921,24.471,30.923,32.910,29.903,28.470,25.750
23.910,22.456,23.496,24.543,24.955,24.611,21.261,17.640,18.420,16.732,13.536,12.569,11.799,5.562,0.718,4.460,9.107,19.987,24.592,31.007,32.989,30.008,28.583,25.861
24.022,22.526,23.574,24.640,25.059,24.737,21.439,17.702,18.481,16.814,13.591,12.656,11.917,5.691,0.845,4.614,9.247,20.194,24.677,31.129,33.109,30.090,28.659,25.951
24.112,22.635,23.666,24.718,25.137,24.818,21.475,17.792,18.563,16.896,13.733,12.797,12.047,5.846,0.970,4.694,9.319,20.229,24.765,31.222,33.173,30.165,28.729,26.044
24.257,22.852,23.858,24.884,25.289,24.936,21.550,18.038,18.807,17.126,14.006,13.022,12.231,6.063,1.228,4.895,9.508,20.260,24.934,31.308,33.264,30.332,28.911,26.222
24.383,23.013,24.025,25.004,25.404,25.051,21.572,18.260,19.015,17.303,14.297,13.318,12.497,6.313,1.455,5.059,9.679,20.307,25.121,31.406,33.293,30.389,28.993,26.309
24.519,23.134,24.164,25.143,25.541,25.194,21.760,18.435,19.190,17.482,14.456,13.492,12.685,6.499,1.680,5.302,9.910,20.515,25.266,31.506,33.393,30.487,29.107,26.416
24.658,23.297,24.299,25.274,25.673,25.322,21.856,18.554,19.305,17.605,14.617,13.640,12.823,6.677,1.836,5.418,10.013,20.594,25.386,31.652,33.530,30.640,29.247,26.581
24.790,23.476,24.449,25.408,25.800,25.433,21.927,18.723,19.468,17.768,14.831,13.827,12.986,6.884,2.048,5.573,10.151,20.636,25.516,31.757,33.626,30.782,29.388,26.739
24.876,23.559,24.540,25.499,25.890,25.521,22.029,18.826,19.573,17.870,14.918,13.914,13.074,6.963,2.144,5.681,10.261,20.741,25.609,31.832,33.708,30.866,29.478,26.819
24.979,23.678,24.655,25.592,25.982,25.618,22.071,18.957,19.695,17.981,15.099,14.101,13.247,7.138,2.290,5.787,10.368,20.796,25.733,31.932,33.766,30.932,29.551,26.905
25.103,23.833,24.823,25.723,26.106,25.734,22.137,19.189,19.919,18.178,15.360,14.359,13.481,7.352,2.518,5.980,10.566,20.877,25.915,32.012,33.808,31.007,29.655,26.998
25.232,23.934,24.928,25.834,26.223,25.872,22.245,19.280,20.005,18.274,15.470,14.497,13.638,7.513,2.654,6.119,10.698,21.029,26.030,32.158,33.931,31.100,29.743,27.104
25.354,24.071,25.052,25.939,26.330,25.987,22.283,19.397,20.111,18.376,15.650,14.683,13.811,7.701,2.794,6.209,10.787,21.051,26.158,32.294,34.023,31.196,29.834,27.220
25.451,24.231,25.198,26.026,26.410,26.062,22.333,19.578,20.273,18.499,15.941,14.962,14.036,7.917,2.942,6.255,10.850,21.110,26.318,32.388,34.030,31.245,29.899,27.301
25.581,24.370,25.329,26.155,26.538,26.186,22.370,19.713,20.406,18.636,16.084,15.099,14.170,8.069,3.100,6.401,10.987,21.146,26.442,32.509,34.152,31.377,30.030,27.438
25.724,24.495,25.446,26.282,26.670,26.334,22.543,19.820,20.509,18.760,16.152,15.189,14.320,8.230,3.294,6.589,11.153,21.334,26.556,32.653,34.286,31.495,30.139,27.573
25.863,24.579,25.550,26.440,26.833,26.495,22.838,19.881,20.593,18.867,16.212,15.247,14.337,8.269,3.309,6.713,11.283,21.615,26.651,32.812,34.535,31.704,30.334,27.735
25.972,24.700,25.676,26.566,26.954,26.601,22.959,20.026,20.744,19.011,16.267,15.287,14.411,8.310,3.422,6.840,11.414,21.720,26.773,32.901,34.647,31.834,30.472,27.853
26.083,24.844,25.808,26.688,27.070,26.700,23.032,20.174,20.892,19.149,16.420,15.414,14.517,8.421,3.546,6.942,11.518,21.768,26.895,32.996,34.749,31.968,30.610,27.984
26.240,24.986,25.943,26.841,27.226,26.861,23.233,20.288,21.010,19.286,16.522,15.520,14.640,8.567,3.700,7.111,11.674,21.965,27.020,33.159,34.932,32.139,30.769,28.153
26.337,25.071,26.045,26.952,27.335,26.964,23.381,20.405,21.134,19.408,16.590,15.586,14.713,8.620,3.792,7.241,11.809,22.112,27.124,33.239,35.040,32.246,30.885,28.246
26.474,25.143,26.145,27.074,27.467,27.127,23.605,20.485,21.215,19.504,16.642,15.687,14.855,8.738,3.901,7.404,11.972,22.384,27.246,33.400,35.196,32.340,30.978,28.340
26.632,25.333,26.295,27.203,27.599,27.268,23.658,20.614,21.327,19.624,16.881,15.925,15.075,9.018,4.111,7.525,12.073,22.434,27.385,33.578,35.316,32.474,31.095,28.511
26.755,25.448,26.405,27.309,27.710,27.392,23.751,20.702,21.408,19.709,17.005,16.065,15.217,9.167,4.216,7.610,12.159,22.542,27.501,33.727,35.436,32.577,31.189,28.625
26.990,25.705,26.615,27.517,27.921,27.612,23.942,20.892,21.585,19.915,17.285,16.343,15.495,9.538,4.553,7.873,12.380,22.722,27.686,33.962,35.641,32.798,31.387,28.885
27.109,25.818,26.745,27.651,28.051,27.736,24.125,21.064,21.763,20.093,17.415,16.475,15.636,9.672,4.749,8.099,12.597,22.909,27.817,34.036,35.737,32.905,31.511,28.989
27.205,25.862,26.811,27.727,28.136,27.851,24.268,21.112,21.808,20.147,17.462,16.567,15.759,9.776,4.828,8.208,12.707,23.100,27.904,34.156,35.836,32.951,31.556,29.043
27.390,26.113,27.020,27.919,28.320,28.008,24.366,21.328,22.021,20.358,17.728,16.786,15.941,10.012,5.063,8.373,12.858,23.146,28.083,34.322,36.002,33.177,31.775,29.280
27.521,26.256,27.146,28.039,28.442,28.134,24.376,21.435,22.120,20.459,17.875,16.932,16.079,10.165,5.175,8.452,12.937,23.183,28.207,34.475,36.134,33.309,31.896,29.420
27.668,26.448,27.336,28.164,28.563,28.264,24.412,21.667,22.328,20.627,18.232,17.299,16.401,10.470,5.401,8.575,13.075,23.222,28.424,34.618,36.165,33.366,31.973,29.521
27.770,26.600,27.462,28.252,28.649,28.346,24.431,21.802,22.447,20.729,18.460,17.514,16.579,10.669,5.541,8.628,13.129,23.224,28.550,34.727,36.213,33.445,32.053,29.627
27.876,26.741,27.636,28.384,28.768,28.445,24.445,22.067,22.711,20.946,18.712,17.753,16.784,10.810,5.726,8.805,13.332,23.249,28.748,34.772,36.236,33.512,32.166,29.694
28.031,26.913,27.818,28.571,28.946,28.597,24.633,22.288,22.945,21.171,18.868,17.880,16.905,10.917,5.910,9.021,13.550,23.424,28.919,34.881,36.397,33.705,32.375,29.865
28.182,27.117,28.014,28.732,29.097,28.729,24.702,22.536,23.187,21.391,19.158,18.145,17.135,11.153,6.158,9.215,13.743,23.480,29.112,34.989,36.478,33.839,32.529,30.016
28.280,27.247,28.153,28.835,29.193,28.817,24.712,22.718,23.361,21.531,19.370,18.349,17.307,11.290,6.281,9.303,13.851,23.498,29.268,35.070,36.519,33.907,32.619,30.092
28.426,27.368,28.302,28.974,29.335,28.975,24.865,22.885,23.525,21.683,19.538,18.549,17.516,11.459,6.439,9.476,14.036,23.694,29.444,35.216,36.635,33.997,32.724,30.189
28.683,27.601,28.491,29.183,29.559,29.234,25.121,22.997,23.623,21.832,19.739,18.779,17.776,11.816,6.720,9.708,14.225,23.961,29.613,35.525,36.911,34.235,32.918,30.464
28.790,27.734,28.617,29.305,29.675,29.331,25.202,23.130,23.760,21.958,19.859,18.872,17.850,11.884,6.803,9.785,14.310,24.013,29.730,35.624,37.028,34.378,33.064,30.595
28.960,27.889,28.800,29.481,29.849,29.509,25.409,23.356,23.987,22.175,20.061,19.091,18.077,12.082,7.034,10.041,14.569,24.248,29.931,35.762,37.159,34.506,33.214,30.725
29.206,28.182,29.083,29.770,30.123,29.740,25.699,23.690,24.336,22.522,20.331,19.306,18.275,12.300,7.359,10.381,14.895,24.479,30.182,35.936,37.406,34.820,33.541,31.019
29.425,28.430,29.314,29.987,30.338,29.947,25.847,23.914,24.555,22.733,20.589,19.546,18.492,12.526,7.558,10.542,15.062,24.610,30.407,36.165,37.621,35.054,33.771,31.256
29.670,28.738,29.604,30.264,30.600,30.168,26.073,24.260,24.908,23.076,20.920,19.822,18.737,12.799,7.906,10.865,15.371,24.782,30.669,36.340,37.834,35.343,34.075,31.541
29.976,29.046,29.907,30.529,30.869,30.472,26.323,24.614,25.235,23.409,21.401,20.355,19.275,13.388,8.457,11.329,15.797,25.098,30.990,36.609,37.995,35.503,34.252,31.777
30.258,29.351,30.192,30.828,31.162,30.744,26.641,24.906,25.535,23.725,21.571,20.539,19.511,13.667,8.788,11.662,16.108,25.376,31.245,36.860,38.293,35.834,34.577,32.101
30.462,29.480,30.367,31.037,31.378,30.979,26.987,25.071,25.712,23.912,21.670,20.593,19.588,13.671,8.920,11.901,16.359,25.757,31.441,37.074,38.545,36.027,34.775,32.268
30.704,29.610,30.522,31.306,31.659,31.263,27.534,25.124,25.807,24.064,21.739,20.700,19.664,13.766,8.924,12.100,16.558,26.273,31.573,37.368,39.004,36.408,35.118,32.564
30.896,29.861,30.837,31.524,31.857,31.445,27.583,25.613,26.281,24.445,22.097,21.068,20.055,14.018,9.301,12.430,16.934,26.381,31.950,37.459,39.013,36.465,35.263,32.647
31.360,30.216,31.162,31.916,32.279,31.940,28.187,25.808,26.467,24.724,22.345,21.402,20.481,14.555,9.755,12.905,17.345,27.037,32.262,38.011,39.540,36.884,35.617,33.103
31.732,30.657,31.569,32.269,32.628,32.283,28.373,26.238,26.875,25.109,22.907,21.948,20.976,15.081,10.210,13.237,17.675,27.220,32.670,38.379,39.822,37.215,35.952,33.476
32.028,30.946,31.877,32.572,32.931,32.584,28.642,26.533,27.173,25.384,23.177,22.216,21.235,15.281,10.385,13.434,17.908,27.492,32.995,38.707,40.149,37.527,36.268,33.765
32.410,31.364,32.300,32.991,33.337,32.955,29.040,27.005,27.657,25.852,23.592,22.589,21.587,15.618,10.801,13.869,18.348,27.852,33.405,39.034,40.525,37.954,36.715,34.170
32.971,31.946,32.866,33.544,33.896,33.508,29.449,27.485,28.134,26.299,24.103,23.076,22.035,16.014,11.074,14.113,18.651,28.235,33.980,39.704,41.173,38.585,37.319,34.770
33.792,32.884,33.709,34.299,34.654,34.276,29.854,28.264,28.863,27.003,25.186,24.135,23.002,17.063,11.872,14.652,19.196,28.625,34.816,40.620,41.906,39.366,38.062,35.627
35.060,33.795,34.733,35.269,35.728,35.673,30.856,28.983,29.474,27.608,26.335,25.712,24.715,18.571,12.649,15.355,20.008,30.102,36.104,42.372,43.113,40.081,38.710,36.492
