-29.483,-28.168,-29.746,-30.052,-28.126,-19.411,-4.428,5.733,7.965,2.878,3.191,2.450,-0.202,-3.663,0.562,1.512,5.227,10.266,11.819,11.794,7.296,-3.904,-5.652,-15.163
-21.946,-23.297,-24.870,-25.203,-23.100,-14.512,-2.211,7.708,10.134,7.354,6.906,6.117,4.343,1.316,3.081,4.657,6.743,13.635,14.764,15.115,10.393,-0.243,-2.513,-10.997
-17.975,-20.454,-21.756,-22.017,-20.178,-11.878,0.223,9.118,11.203,8.608,8.072,7.394,6.317,3.224,4.477,6.255,8.142,15.150,16.633,16.804,12.302,2.139,-0.108,-8.351
-15.984,-18.641,-19.920,-20.189,-18.392,-10.235,1.469,10.156,12.231,9.844,9.311,8.626,7.622,4.547,5.619,7.394,9.210,16.209,17.747,17.932,13.512,3.609,1.352,-6.709
-14.657,-17.201,-18.403,-18.654,-16.969,-8.985,2.805,11.157,13.107,10.526,10.087,9.437,8.488,5.378,6.621,8.330,10.291,16.977,18.648,18.745,14.474,4.777,2.620,-5.393
-13.284,-15.678,-16.878,-17.118,-15.423,-7.577,3.994,12.297,14.226,11.688,11.216,10.585,9.613,6.632,7.865,9.546,11.404,17.981,19.486,19.605,15.379,5.788,3.678,-4.164
-12.319,-14.244,-15.437,-15.650,-13.943,-6.240,5.415,13.716,15.580,12.822,12.348,11.762,10.692,7.863,9.343,10.948,12.796,19.075,20.343,20.446,16.273,6.682,4.696,-3.051
-11.372,-13.219,-14.441,-14.662,-12.916,-5.286,6.071,14.427,16.331,13.718,13.207,12.611,11.489,8.761,10.159,11.746,13.481,19.762,20.889,21.047,16.878,7.364,5.376,-2.227
-10.140,-11.868,-13.058,-13.274,-11.585,-4.120,7.095,15.249,17.099,14.454,13.995,13.412,12.291,9.586,11.047,12.574,14.354,20.419,21.575,21.709,17.649,8.342,6.416,-1.067
-9.741,-11.362,-12.546,-12.773,-11.131,-3.716,7.506,15.565,17.410,14.693,14.328,13.732,12.564,9.789,11.362,12.825,14.752,20.659,21.949,22.059,18.066,8.872,6.971,-0.527
-8.391,-10.512,-11.625,-11.843,-10.271,-2.935,8.044,15.797,17.574,15.071,14.659,14.079,13.148,10.345,11.620,13.168,14.977,21.033,22.454,22.538,18.600,9.599,7.659,0.277
-8.261,-9.985,-11.148,-11.378,-9.766,-2.459,8.504,16.414,18.242,15.652,15.285,14.690,13.574,10.822,12.283,13.743,15.615,21.501,22.812,22.929,18.995,9.978,8.078,0.711
-7.673,-9.217,-10.358,-10.571,-8.975,-1.750,9.281,17.122,18.894,16.178,15.818,15.251,14.124,11.430,13.008,14.437,16.319,22.045,23.282,23.372,19.482,10.489,8.656,1.332
-6.877,-8.351,-9.507,-9.743,-8.177,-1.053,9.703,17.458,19.263,16.643,16.358,15.762,14.571,11.847,13.421,14.781,16.734,22.342,23.670,23.780,19.967,11.187,9.355,2.125
-6.607,-8.012,-9.136,-9.345,-7.783,-0.674,10.277,18.000,19.737,16.975,16.655,16.098,14.948,12.278,13.934,15.309,17.233,22.785,24.023,24.097,20.283,11.420,9.638,2.393
-6.486,-7.740,-8.925,-9.157,-7.539,-0.418,10.351,18.248,20.074,17.410,17.094,16.504,15.227,12.593,14.242,15.580,17.483,23.050,24.207,24.344,20.501,11.638,9.832,2.627
-5.780,-7.103,-8.261,-8.504,-6.957,0.078,10.723,18.417,20.222,17.587,17.351,16.749,15.501,12.788,14.431,15.731,17.737,23.197,24.537,24.648,20.895,12.234,10.436,3.271
-5.310,-6.685,-7.851,-8.103,-6.554,0.451,10.921,18.600,20.427,17.898,17.658,17.044,15.796,13.093,14.657,15.955,17.926,23.414,24.757,24.890,21.148,12.563,10.747,3.643
-5.164,-6.403,-7.572,-7.824,-6.283,0.690,11.190,18.859,20.681,18.084,17.878,17.265,15.971,13.269,14.924,16.184,18.208,23.593,24.936,25.062,21.345,12.783,10.995,3.892
-4.622,-6.002,-7.163,-7.429,-5.918,1.013,11.320,18.885,20.718,18.243,18.061,17.431,16.173,13.429,14.983,16.241,18.273,23.678,25.126,25.257,21.580,13.157,11.344,4.296
-4.261,-5.586,-6.767,-7.043,-5.519,1.380,11.542,19.134,20.998,18.590,18.416,17.772,16.467,13.744,15.278,16.513,18.532,23.920,25.342,25.500,21.833,13.466,11.648,4.653
-3.948,-5.112,-6.290,-6.563,-5.051,1.790,11.954,19.516,21.363,18.884,18.739,18.102,16.753,14.053,15.682,16.874,18.933,24.190,25.588,25.737,22.107,13.785,12.007,5.042
-3.687,-4.844,-6.013,-6.280,-4.769,2.051,12.220,19.759,21.588,19.097,18.937,18.311,16.978,14.302,15.932,17.128,19.163,24.406,25.772,25.916,22.291,13.971,12.206,5.261
-3.284,-4.470,-5.653,-5.929,-4.410,2.384,12.383,19.926,21.783,19.394,19.230,18.590,17.245,14.583,16.143,17.334,19.334,24.603,25.960,26.130,22.512,14.256,12.474,5.588
-3.021,-4.257,-5.437,-5.709,-4.179,2.612,12.568,20.117,21.970,19.623,19.425,18.791,17.472,14.842,16.347,17.560,19.498,24.814,26.123,26.302,22.671,14.404,12.616,5.759
-2.512,-3.845,-5.001,-5.259,-3.737,3.028,12.966,20.448,22.238,19.740,19.633,19.023,17.750,15.075,16.685,17.871,19.797,24.997,26.419,26.552,22.960,14.701,12.919,6.103
-2.317,-3.573,-4.731,-4.990,-3.465,3.223,13.154,20.484,22.265,19.940,19.700,19.086,17.839,15.245,16.716,17.932,19.946,25.149,26.447,26.588,23.054,14.894,13.115,6.332
-2.255,-3.474,-4.591,-4.850,-3.420,3.277,13.231,20.632,22.452,20.151,19.908,19.293,18.040,15.463,16.891,18.132,19.980,25.321,26.571,26.747,23.127,14.981,13.271,6.455
-1.930,-3.179,-4.324,-4.581,-3.079,3.604,13.462,20.865,22.661,20.321,20.106,19.497,18.237,15.663,17.140,18.354,20.236,25.478,26.744,26.906,23.329,15.166,13.415,6.664
-1.767,-3.152,-4.272,-4.514,-3.017,3.679,13.592,20.951,22.712,20.377,20.114,19.525,18.351,15.794,17.206,18.468,20.283,25.600,26.843,26.990,23.397,15.193,13.438,6.686
-1.544,-2.940,-4.078,-4.317,-2.778,3.928,13.751,21.198,22.979,20.722,20.397,19.811,18.634,16.149,17.485,18.773,20.476,25.877,26.995,27.175,23.541,15.290,13.522,6.818
-1.497,-2.885,-4.025,-4.262,-2.712,4.000,13.832,21.302,23.083,20.825,20.485,19.903,18.725,16.258,17.590,18.885,20.565,25.980,27.064,27.248,23.604,15.327,13.560,6.858
-1.394,-2.687,-3.870,-4.105,-2.476,4.243,14.075,21.434,23.168,20.886,20.555,19.987,18.878,16.391,17.712,19.016,20.711,26.093,27.238,27.390,23.783,15.439,13.658,6.980
-1.133,-2.606,-3.712,-3.939,-2.429,4.284,14.099,21.717,23.462,21.218,20.834,20.273,19.138,16.739,18.020,19.343,20.942,26.377,27.333,27.569,23.848,15.565,13.813,7.124
-0.947,-2.391,-3.510,-3.732,-2.185,4.492,14.300,21.753,23.582,21.324,20.960,20.377,19.154,16.772,18.071,19.386,20.943,26.452,27.395,27.573,23.932,15.660,13.906,7.256
-0.700,-2.163,-3.268,-3.488,-1.965,4.692,14.518,21.866,23.591,21.376,20.960,20.402,19.304,16.865,18.162,19.478,21.113,26.509,27.579,27.739,24.123,15.891,14.146,7.494
-0.491,-1.890,-2.992,-3.208,-1.687,4.937,14.750,22.083,23.797,21.507,21.145,20.593,19.483,17.068,18.395,19.697,21.329,26.674,27.713,27.871,24.271,16.058,14.332,7.706
-0.231,-1.656,-2.757,-2.982,-1.476,5.124,14.855,22.144,23.866,21.616,21.277,20.716,19.604,17.167,18.472,19.762,21.416,26.745,27.836,27.996,24.419,16.276,14.544,7.940
-0.018,-1.485,-2.592,-2.822,-1.313,5.278,14.914,22.200,23.938,21.753,21.410,20.841,19.731,17.295,18.550,19.842,21.475,26.832,27.928,28.102,24.527,16.419,14.673,8.098
0.213,-1.309,-2.420,-2.651,-1.128,5.460,15.014,22.316,24.063,21.947,21.575,21.004,19.910,17.501,18.686,19.996,21.570,26.982,28.041,28.231,24.643,16.539,14.779,8.238
0.519,-1.118,-2.217,-2.450,-0.946,5.624,15.099,22.329,24.069,22.014,21.642,21.070,20.021,17.593,18.709,20.031,21.592,27.035,28.145,28.332,24.761,16.718,14.945,8.431
0.714,-0.984,-2.079,-2.315,-0.821,5.740,15.162,22.358,24.101,22.085,21.718,21.141,20.110,17.668,18.745,20.071,21.631,27.091,28.235,28.424,24.862,16.857,15.074,8.573
0.920,-0.858,-1.944,-2.181,-0.700,5.850,15.230,22.376,24.113,22.134,21.769,21.190,20.191,17.733,18.765,20.101,21.657,27.137,28.321,28.506,24.955,16.989,15.196,8.708
1.190,-0.657,-1.748,-1.992,-0.510,6.029,15.289,22.423,24.177,22.283,21.912,21.324,20.335,17.876,18.837,20.179,21.707,27.228,28.425,28.625,25.077,17.159,15.347,8.895
1.451,-0.434,-1.511,-1.754,-0.294,6.217,15.454,22.515,24.252,22.360,22.004,21.418,20.455,17.980,18.932,20.271,21.816,27.311,28.552,28.740,25.218,17.353,15.547,9.109
1.572,-0.250,-1.329,-1.573,-0.114,6.379,15.608,22.671,24.409,22.499,22.153,21.567,20.581,18.114,19.098,20.420,21.979,27.432,28.663,28.851,25.340,17.489,15.694,9.267
1.675,-0.119,-1.192,-1.429,0.029,6.511,15.773,22.826,24.548,22.607,22.254,21.677,20.696,18.246,19.252,20.574,22.125,27.556,28.760,28.941,25.433,17.571,15.790,9.368
1.705,-0.046,-1.122,-1.357,0.110,6.600,15.897,22.980,24.701,22.734,22.374,21.800,20.807,18.372,19.402,20.723,22.268,27.692,28.863,29.046,25.528,17.635,15.861,9.431
1.926,0.102,-0.973,-1.213,0.246,6.727,15.949,22.999,24.727,22.817,22.461,21.880,20.905,18.454,19.432,20.758,22.298,27.748,28.958,29.144,25.636,17.788,15.999,9.587
1.987,0.214,-0.879,-1.130,0.335,6.816,15.980,23.064,24.823,22.937,22.605,22.009,20.986,18.520,19.512,20.815,22.385,27.817,29.046,29.247,25.743,17.921,16.124,9.714
2.174,0.341,-0.753,-1.005,0.463,6.944,16.052,23.134,24.898,23.063,22.717,22.118,21.113,18.652,19.591,20.907,22.447,27.920,29.146,29.356,25.846,18.036,16.226,9.834
2.219,0.396,-0.694,-0.943,0.527,7.012,16.157,23.241,24.996,23.138,22.786,22.193,21.193,18.739,19.691,21.010,22.546,28.016,29.228,29.433,25.919,18.088,16.284,9.886
2.416,0.530,-0.543,-0.787,0.665,7.139,16.295,23.319,25.053,23.193,22.839,22.253,21.293,18.830,19.762,21.093,22.626,28.099,29.338,29.529,26.028,18.217,16.415,10.021
2.612,0.690,-0.374,-0.622,0.808,7.264,16.396,23.360,25.089,23.236,22.907,22.316,21.370,18.865,19.802,21.105,22.693,28.145,29.450,29.632,26.154,18.399,16.595,10.202
2.687,0.770,-0.302,-0.561,0.857,7.313,16.407,23.360,25.107,23.270,22.978,22.372,21.401,18.874,19.804,21.125,22.728,28.158,29.533,29.716,26.255,18.544,16.732,10.328
2.793,0.920,-0.145,-0.395,1.028,7.475,16.624,23.580,25.307,23.425,23.116,22.524,21.558,19.054,20.021,21.327,22.928,28.336,29.658,29.834,26.369,18.627,16.833,10.434
2.878,1.074,0.000,-0.246,1.194,7.640,16.799,23.800,25.530,23.632,23.309,22.721,21.732,19.259,20.250,21.551,23.131,28.528,29.789,29.973,26.497,18.723,16.939,10.548
3.047,1.213,0.133,-0.121,1.317,7.756,16.837,23.831,25.579,23.731,23.418,22.819,21.824,19.338,20.296,21.592,23.177,28.586,29.876,30.070,26.600,18.867,17.070,10.694
3.086,1.264,0.173,-0.084,1.367,7.824,16.898,23.936,25.699,23.865,23.546,22.942,21.930,19.449,20.402,21.699,23.275,28.707,29.978,30.183,26.699,18.943,17.138,10.756
3.132,1.347,0.268,0.017,1.460,7.914,17.076,24.095,25.836,23.935,23.623,23.029,22.022,19.539,20.543,21.836,23.435,28.827,30.099,30.287,26.809,19.033,17.245,10.843
3.193,1.398,0.312,0.058,1.505,7.969,17.112,24.146,25.899,24.018,23.706,23.106,22.093,19.605,20.596,21.890,23.488,28.897,30.175,30.369,26.885,19.108,17.312,10.908
3.305,1.479,0.395,0.148,1.610,8.091,17.257,24.320,26.067,24.192,23.844,23.254,22.262,19.804,20.765,22.084,23.629,29.087,30.309,30.507,26.999,19.173,17.373,10.971
3.493,1.634,0.551,0.301,1.759,8.229,17.345,24.388,26.137,24.295,23.948,23.355,22.372,19.910,20.843,22.163,23.701,29.168,30.406,30.607,27.106,19.310,17.505,11.119
3.518,1.771,0.688,0.441,1.897,8.361,17.514,24.561,26.305,24.421,24.084,23.493,22.493,20.035,21.014,22.321,23.879,29.305,30.533,30.729,27.234,19.430,17.638,11.246
3.568,1.809,0.717,0.466,1.922,8.392,17.593,24.666,26.418,24.486,24.176,23.580,22.538,20.063,21.109,22.393,24.003,29.378,30.622,30.815,27.325,19.512,17.729,11.309
3.662,1.946,0.858,0.608,2.064,8.528,17.727,24.791,26.538,24.607,24.291,23.698,22.664,20.197,21.237,22.524,24.123,29.500,30.735,30.927,27.438,19.626,17.846,11.433
3.741,2.069,0.965,0.707,2.169,8.630,17.769,24.863,26.636,24.730,24.432,23.826,22.752,20.278,21.326,22.593,24.211,29.574,30.817,31.023,27.537,19.749,17.962,11.558
3.837,2.208,1.113,0.859,2.309,8.757,17.951,25.018,26.772,24.813,24.527,23.928,22.853,20.376,21.471,22.728,24.374,29.686,30.938,31.129,27.657,19.872,18.104,11.690
4.132,2.472,1.372,1.111,2.559,8.984,18.063,25.114,26.882,24.986,24.705,24.098,23.022,20.543,21.594,22.846,24.481,29.802,31.070,31.273,27.814,20.086,18.307,11.930
4.214,2.511,1.398,1.127,2.582,9.031,18.069,25.140,26.937,25.096,24.821,24.198,23.110,20.610,21.623,22.877,24.516,29.882,31.180,31.398,27.927,20.205,18.402,12.017
4.345,2.670,1.542,1.266,2.739,9.193,18.174,25.301,27.120,25.312,25.029,24.400,23.284,20.801,21.800,23.050,24.670,30.053,31.317,31.553,28.069,20.340,18.529,12.158
4.556,2.857,1.725,1.445,2.918,9.358,18.261,25.379,27.208,25.447,25.164,24.529,23.413,20.932,21.897,23.145,24.753,30.146,31.416,31.662,28.184,20.490,18.672,12.327
4.681,2.998,1.864,1.581,3.048,9.482,18.371,25.481,27.315,25.553,25.285,24.646,23.518,21.025,22.002,23.240,24.868,30.243,31.534,31.779,28.311,20.638,18.819,12.475
4.938,3.216,2.094,1.812,3.261,9.674,18.546,25.595,27.414,25.657,25.399,24.762,23.658,21.152,22.118,23.355,24.995,30.353,31.681,31.916,28.468,20.837,19.022,12.688
4.946,3.309,2.163,1.872,3.342,9.765,18.599,25.724,27.577,25.834,25.585,24.935,23.772,21.273,22.262,23.479,25.129,30.478,31.779,32.035,28.575,20.933,19.113,12.780
4.996,3.446,2.259,1.950,3.453,9.891,18.608,25.846,27.762,26.086,25.849,25.173,23.924,21.433,22.418,23.608,25.261,30.623,31.897,32.193,28.715,21.077,19.236,12.918
5.034,3.621,2.423,2.116,3.632,10.062,18.816,26.101,28.020,26.289,26.057,25.384,24.085,21.622,22.680,23.847,25.513,30.814,32.034,32.333,28.854,21.190,19.371,13.053
5.293,3.900,2.687,2.372,3.900,10.314,18.955,26.268,28.213,26.545,26.312,25.628,24.300,21.853,22.880,24.037,25.682,30.991,32.189,32.511,29.033,21.403,19.574,13.294
5.311,3.979,2.777,2.473,3.998,10.413,19.175,26.482,28.400,26.642,26.406,25.738,24.414,21.979,23.073,24.228,25.887,31.152,32.323,32.626,29.148,21.473,19.669,13.364
5.525,4.161,2.977,2.675,4.176,10.576,19.372,26.610,28.505,26.719,26.500,25.837,24.541,22.080,23.187,24.341,26.031,31.267,32.490,32.774,29.317,21.672,19.877,13.563
5.572,4.199,2.995,2.686,4.207,10.638,19.395,26.701,28.628,26.888,26.664,25.987,24.666,22.203,23.282,24.439,26.118,31.403,32.618,32.921,29.441,21.773,19.956,13.633
5.832,4.402,3.200,2.897,4.433,10.867,19.593,26.913,28.836,27.137,26.870,26.202,24.912,22.486,23.505,24.690,26.295,31.641,32.795,33.108,29.608,21.914,20.090,13.794
6.141,4.636,3.426,3.115,4.657,11.084,19.675,26.996,28.943,27.343,27.065,26.385,25.103,22.680,23.616,24.809,26.377,31.778,32.938,33.271,29.769,22.118,20.270,14.013
6.474,4.801,3.614,3.309,4.831,11.257,19.832,27.073,28.995,27.439,27.142,26.470,25.269,22.830,23.682,24.911,26.445,31.910,33.112,33.433,29.935,22.308,20.445,14.197
6.641,5.033,3.835,3.532,5.076,11.496,20.044,27.319,29.267,27.717,27.399,26.729,25.503,23.108,23.958,25.182,26.687,32.150,33.276,33.611,30.100,22.449,20.593,14.370
6.904,5.194,3.989,3.670,5.202,11.624,20.056,27.336,29.278,27.820,27.527,26.836,25.615,23.170,23.964,25.191,26.703,32.206,33.425,33.771,30.272,22.693,20.805,14.589
7.252,5.572,4.338,4.003,5.552,11.960,20.214,27.527,29.536,28.178,27.895,27.181,25.906,23.469,24.214,25.416,26.926,32.441,33.651,34.033,30.536,23.014,21.106,14.937
7.494,5.858,4.626,4.299,5.862,12.259,20.533,27.865,29.862,28.483,28.174,27.472,26.198,23.804,24.561,25.769,27.237,32.746,33.882,34.266,30.760,23.206,21.313,15.162
7.572,5.935,4.728,4.415,5.958,12.400,20.802,28.100,30.064,28.616,28.302,27.616,26.372,23.978,24.768,25.987,27.464,32.953,34.091,34.452,30.948,23.363,21.486,15.310
7.639,5.997,4.783,4.467,6.018,12.419,20.931,28.238,30.190,28.665,28.365,27.683,26.444,24.014,24.859,26.082,27.607,33.092,34.269,34.609,31.095,23.453,21.579,15.333
7.732,6.317,5.100,4.807,6.396,12.835,21.492,28.915,30.848,29.210,28.856,28.202,26.914,24.597,25.544,26.764,28.218,33.651,34.617,34.964,31.415,23.642,21.815,15.581
7.862,6.500,5.259,4.954,6.558,13.021,21.651,29.144,31.115,29.495,29.161,28.489,27.146,24.812,25.777,26.978,28.463,33.898,34.877,35.241,31.680,23.899,22.058,15.806
8.434,6.813,5.593,5.293,6.889,13.344,21.841,29.255,31.213,29.732,29.345,28.678,27.444,25.120,25.904,27.164,28.544,34.115,35.106,35.476,31.908,24.171,22.296,16.098
9.183,7.582,6.367,6.072,7.672,14.072,22.471,29.855,31.800,30.353,29.942,29.285,28.061,25.791,26.545,27.805,29.126,34.676,35.599,35.978,32.425,24.731,22.870,16.747
9.228,7.843,6.558,6.203,7.843,14.343,22.666,30.260,32.296,30.879,30.491,29.800,28.419,26.165,26.983,28.169,29.543,35.079,35.936,36.369,32.779,25.037,23.160,17.024
9.310,7.873,6.563,6.245,7.902,14.366,22.669,30.311,32.428,31.062,30.774,30.027,28.575,26.165,26.996,28.193,29.689,35.254,36.342,36.786,33.196,25.499,23.563,17.318
10.136,8.472,7.140,6.792,8.498,15.092,23.279,31.048,33.195,32.012,31.593,30.851,29.472,27.146,27.751,29.019,30.320,36.155,37.086,37.579,33.894,26.080,24.085,17.883
10.727,8.927,7.426,7.048,9.015,15.811,23.387,31.486,33.863,33.204,32.719,31.884,30.402,28.087,28.306,29.613,30.732,36.965,37.847,38.504,34.698,26.908,24.741,18.630
11.051,9.136,7.683,7.273,9.100,16.105,24.487,33.111,35.515,34.551,33.931,33.126,31.595,29.314,29.707,31.127,32.188,38.702,39.333,39.986,35.918,27.443,25.247,18.772
