-8.057,-11.752,-12.835,-10.074,-10.542,-12.863,-15.761,-11.403,-12.189,-12.486,-16.711,-20.175,-26.597,-39.851,-45.376,-46.744,-38.415,-27.988,-12.197,2.054,2.587,-4.534,-10.149,-18.534
-2.866,-6.781,-7.299,-5.719,-6.052,-7.793,-9.830,-6.510,-7.029,-7.785,-11.691,-15.359,-21.642,-33.893,-39.585,-42.110,-31.234,-21.068,-6.203,6.353,6.428,0.204,-4.602,-11.606
0.240,-3.209,-3.890,-2.955,-2.914,-4.190,-5.346,-2.902,-2.557,-4.226,-8.107,-12.406,-18.557,-29.882,-35.743,-37.354,-27.428,-16.907,-2.346,9.577,9.913,3.956,-0.506,-7.680
2.048,-1.113,-1.974,-1.452,-1.167,-2.180,-2.755,-0.841,0.177,-2.171,-6.116,-10.705,-16.826,-27.668,-33.538,-34.329,-25.362,-14.575,-0.246,11.375,11.945,6.101,1.895,-5.508
3.866,0.794,-0.077,0.115,0.493,-0.360,-0.596,0.986,2.336,-0.332,-4.246,-8.770,-14.802,-25.249,-30.955,-31.479,-22.830,-12.165,1.658,12.797,13.408,7.797,3.909,-3.308
4.864,1.841,0.984,1.202,1.566,0.713,0.453,2.036,3.336,0.741,-3.107,-7.556,-13.488,-23.784,-29.401,-29.932,-21.421,-10.934,2.686,13.671,14.270,8.737,4.890,-2.218
5.806,2.817,1.918,1.952,2.374,1.593,1.531,2.945,4.488,1.661,-2.221,-6.613,-12.546,-22.711,-28.226,-28.513,-20.283,-9.796,3.594,14.405,15.057,9.604,5.930,-1.160
6.487,3.505,2.683,2.813,3.183,2.379,2.192,3.677,5.004,2.398,-1.374,-5.730,-11.554,-21.609,-27.110,-27.651,-19.211,-8.928,4.363,15.047,15.620,10.240,6.532,-0.378
7.066,4.107,3.317,3.485,3.834,3.026,2.791,4.295,5.533,3.027,-0.683,-5.001,-10.749,-20.705,-26.168,-26.797,-18.337,-8.190,4.989,15.567,16.109,10.785,7.083,0.277
7.752,4.827,4.011,4.112,4.478,3.693,3.533,4.974,6.316,3.728,0.020,-4.204,-9.913,-19.761,-25.108,-25.586,-17.393,-7.333,5.628,16.072,16.644,11.384,7.788,1.023
8.275,5.424,4.542,4.479,4.928,4.230,4.284,5.540,7.144,4.293,0.540,-3.757,-9.482,-19.205,-24.541,-24.722,-16.847,-6.677,6.203,16.559,17.214,11.985,8.497,1.646
8.655,5.780,4.923,4.888,5.303,4.579,4.576,5.880,7.418,4.647,0.920,-3.267,-8.959,-18.673,-23.934,-24.189,-16.288,-6.240,6.523,16.818,17.442,12.249,8.787,2.029
8.916,6.043,5.184,5.200,5.596,4.845,4.791,6.144,7.636,4.924,1.208,-2.929,-8.600,-18.321,-23.544,-23.804,-15.969,-5.981,6.748,17.053,17.674,12.478,9.003,2.254
9.311,6.434,5.633,5.737,6.087,5.307,5.139,6.567,7.881,5.353,1.713,-2.384,-7.980,-17.645,-22.855,-23.317,-15.315,-5.480,7.190,17.424,17.984,12.830,9.318,2.698
9.625,6.713,5.928,6.058,6.374,5.560,5.338,6.819,8.083,5.622,1.994,-1.976,-7.553,-17.239,-22.362,-22.874,-14.871,-5.148,7.408,17.603,18.138,13.010,9.529,2.985
10.005,7.145,6.305,6.301,6.681,5.933,5.880,7.219,8.697,6.022,2.352,-1.657,-7.253,-16.853,-21.955,-22.225,-14.483,-4.674,7.808,17.936,18.538,13.433,10.045,3.433
10.529,7.706,6.839,6.724,7.140,6.440,6.512,7.741,9.370,6.555,2.876,-1.092,-6.668,-16.151,-21.175,-21.277,-13.761,-3.980,8.322,18.314,18.952,13.911,10.638,4.048
10.712,7.865,7.029,6.950,7.339,6.619,6.634,7.906,9.452,6.722,3.068,-0.863,-6.421,-15.912,-20.925,-21.140,-13.501,-3.785,8.497,18.470,19.073,14.046,10.761,4.236
10.906,8.060,7.199,7.039,7.457,6.764,6.866,8.072,9.735,6.886,3.197,-0.729,-6.317,-15.803,-20.796,-20.896,-13.355,-3.585,8.661,18.614,19.247,14.226,10.998,4.442
11.288,8.458,7.584,7.365,7.795,7.123,7.285,8.439,10.179,7.265,3.576,-0.289,-5.856,-15.271,-20.190,-20.201,-12.802,-3.085,9.014,18.867,19.515,14.542,11.395,4.876
11.520,8.687,7.798,7.552,7.986,7.314,7.502,8.642,10.432,7.478,3.773,-0.038,-5.610,-15.023,-19.891,-19.834,-12.538,-2.839,9.191,19.022,19.685,14.722,11.617,5.098
11.674,8.826,7.963,7.757,8.168,7.480,7.613,8.794,10.504,7.629,3.949,0.152,-5.402,-14.821,-19.694,-19.736,-12.333,-2.681,9.353,19.178,19.812,14.856,11.727,5.254
11.925,9.072,8.192,7.967,8.376,7.680,7.829,9.008,10.764,7.859,4.163,0.451,-5.102,-14.519,-19.315,-19.282,-12.016,-2.407,9.525,19.321,19.970,15.028,11.949,5.486
12.087,9.263,8.370,8.133,8.561,7.883,8.063,9.211,10.998,8.057,4.361,0.590,-4.961,-14.348,-19.176,-19.097,-11.878,-2.228,9.738,19.538,20.204,15.257,12.168,5.668
12.303,9.497,8.589,8.326,8.767,8.103,8.318,9.436,11.271,8.286,4.585,0.821,-4.724,-14.077,-18.883,-18.736,-11.616,-1.968,9.953,19.724,20.407,15.472,12.411,5.903
12.643,9.890,8.963,8.688,9.150,8.508,8.760,9.837,11.712,8.693,5.006,1.212,-4.300,-13.567,-18.365,-18.134,-11.166,-1.529,10.346,20.070,20.779,15.862,12.814,6.290
12.890,10.152,9.194,8.899,9.371,8.730,9.015,10.076,12.017,8.944,5.237,1.485,-4.028,-13.285,-18.031,-17.687,-10.896,-1.267,10.544,20.257,20.996,16.081,13.070,6.518
13.037,10.289,9.323,8.976,9.460,8.832,9.164,10.190,12.195,9.058,5.331,1.601,-3.930,-13.189,-17.913,-17.519,-10.760,-1.113,10.659,20.350,21.098,16.194,13.226,6.675
13.187,10.421,9.483,9.156,9.619,8.980,9.274,10.325,12.268,9.195,5.493,1.799,-3.711,-12.960,-17.668,-17.365,-10.509,-0.927,10.806,20.459,21.177,16.296,13.330,6.846
13.371,10.614,9.687,9.392,9.843,9.194,9.453,10.527,12.420,9.402,5.725,2.045,-3.436,-12.658,-17.355,-17.093,-10.230,-0.701,11.005,20.636,21.341,16.473,13.495,7.042
13.496,10.723,9.832,9.530,9.971,9.330,9.577,10.647,12.493,9.514,5.862,2.172,-3.296,-12.496,-17.213,-17.056,-10.032,-0.531,11.169,20.755,21.427,16.585,13.608,7.219
13.678,10.898,10.022,9.748,10.171,9.514,9.722,10.823,12.616,9.696,6.063,2.413,-3.033,-12.226,-16.918,-16.815,-9.762,-0.322,11.338,20.901,21.555,16.727,13.748,7.403
13.811,11.041,10.163,9.901,10.325,9.668,9.870,10.974,12.759,9.847,6.220,2.556,-2.882,-12.065,-16.765,-16.657,-9.622,-0.183,11.486,21.054,21.711,16.880,13.889,7.537
13.948,11.183,10.303,10.035,10.459,9.805,10.014,11.112,12.905,9.988,6.364,2.712,-2.718,-11.884,-16.568,-16.448,-9.441,-0.018,11.620,21.167,21.825,17.005,14.027,7.685
14.126,11.365,10.477,10.153,10.593,9.960,10.226,11.275,13.134,10.152,6.517,2.879,-2.555,-11.690,-16.351,-16.175,-9.219,0.209,11.789,21.288,21.958,17.160,14.231,7.898
14.376,11.622,10.704,10.371,10.809,10.163,10.441,11.494,13.410,10.395,6.745,3.216,-2.206,-11.328,-15.884,-15.710,-8.866,0.497,11.941,21.404,22.101,17.319,14.448,8.116
14.499,11.764,10.866,10.530,10.975,10.350,10.635,11.664,13.551,10.553,6.930,3.310,-2.098,-11.151,-15.837,-15.587,-8.697,0.677,12.158,21.593,22.275,17.508,14.615,8.304
14.550,11.804,10.941,10.578,11.029,10.429,10.730,11.727,13.585,10.595,6.991,3.328,-2.075,-11.145,-15.757,-15.580,-8.663,0.749,12.296,21.709,22.361,17.608,14.698,8.423
14.698,11.954,11.118,10.756,11.202,10.612,10.905,11.893,13.708,10.755,7.180,3.476,-1.909,-10.919,-15.626,-15.520,-8.424,0.960,12.499,21.866,22.494,17.766,14.851,8.627
14.829,12.070,11.249,10.898,11.328,10.726,10.992,12.002,13.783,10.869,7.308,3.653,-1.719,-10.727,-15.403,-15.402,-8.212,1.116,12.605,21.941,22.552,17.841,14.939,8.763
15.011,12.289,11.434,11.034,11.498,10.926,11.268,12.215,14.095,11.081,7.499,3.801,-1.579,-10.547,-15.229,-15.097,-8.059,1.327,12.811,22.140,22.790,18.078,15.201,8.966
15.138,12.425,11.573,11.178,11.642,11.072,11.410,12.356,14.226,11.223,7.651,3.951,-1.416,-10.364,-15.044,-14.918,-7.887,1.483,12.954,22.267,22.915,18.211,15.332,9.108
15.277,12.586,11.709,11.261,11.753,11.210,11.619,12.506,14.466,11.372,7.779,4.049,-1.331,-10.250,-14.933,-14.704,-7.776,1.644,13.105,22.405,23.083,18.381,15.533,9.268
15.384,12.696,11.837,11.427,11.907,11.354,11.721,12.637,14.532,11.501,7.932,4.189,-1.171,-10.081,-14.782,-14.668,-7.629,1.763,13.245,22.546,23.206,18.505,15.625,9.383
15.443,12.744,11.905,11.508,11.979,11.423,11.768,12.696,14.547,11.554,7.999,4.241,-1.115,-10.029,-14.753,-14.622,-7.563,1.822,13.328,22.626,23.265,18.568,15.672,9.457
15.639,12.967,12.114,11.676,12.169,11.640,12.040,12.916,14.827,11.773,8.217,4.435,-0.914,-9.774,-14.496,-14.340,-7.320,2.081,13.555,22.813,23.471,18.791,15.922,9.695
15.757,13.086,12.231,11.773,12.270,11.747,12.166,13.025,14.959,11.886,8.328,4.563,-0.783,-9.627,-14.329,-14.153,-7.161,2.228,13.663,22.894,23.555,18.888,16.043,9.829
15.960,13.316,12.436,11.925,12.448,11.951,12.439,13.240,15.263,12.103,8.532,4.760,-0.585,-9.382,-14.064,-13.779,-6.922,2.487,13.871,23.063,23.754,19.102,16.300,10.063
16.098,13.469,12.575,12.072,12.596,12.096,12.585,13.389,15.426,12.260,8.686,4.932,-0.404,-9.189,-13.847,-13.511,-6.756,2.639,13.995,23.185,23.890,19.237,16.441,10.189
16.251,13.632,12.731,12.232,12.757,12.255,12.744,13.549,15.593,12.426,8.854,5.115,-0.211,-8.979,-13.618,-13.255,-6.562,2.814,14.140,23.319,24.031,19.383,16.594,10.341
16.374,13.748,12.847,12.311,12.843,12.354,12.875,13.652,15.733,12.527,8.947,5.217,-0.118,-8.880,-13.510,-13.130,-6.431,2.954,14.254,23.407,24.121,19.485,16.726,10.484
16.489,13.847,12.963,12.448,12.962,12.458,12.944,13.750,15.785,12.629,9.063,5.372,0.049,-8.718,-13.327,-13.004,-6.256,3.079,14.349,23.487,24.181,19.556,16.797,10.596
16.619,13.981,13.091,12.575,13.090,12.584,13.073,13.879,15.924,12.762,9.195,5.520,0.202,-8.558,-13.150,-12.803,-6.101,3.221,14.465,23.595,24.295,19.674,16.924,10.723
16.754,14.125,13.222,12.691,13.213,12.712,13.222,14.013,16.092,12.901,9.326,5.665,0.348,-8.399,-12.969,-12.571,-5.947,3.373,14.586,23.703,24.416,19.800,17.070,10.859
16.943,14.327,13.416,12.878,13.403,12.906,13.428,14.208,16.306,13.102,9.530,5.885,0.580,-8.141,-12.688,-12.252,-5.700,3.600,14.769,23.862,24.584,19.979,17.266,11.058
17.088,14.490,13.549,12.983,13.526,13.039,13.605,14.356,16.527,13.255,9.661,6.022,0.707,-8.004,-12.529,-11.984,-5.577,3.748,14.892,23.986,24.739,20.129,17.442,11.193
17.215,14.630,13.682,13.087,13.644,13.172,13.773,14.492,16.702,13.391,9.793,6.142,0.828,-7.857,-12.379,-11.813,-5.430,3.908,15.033,24.105,24.869,20.268,17.601,11.344
17.271,14.663,13.723,13.122,13.672,13.195,13.790,14.517,16.722,13.414,9.810,6.181,0.855,-7.856,-12.372,-11.793,-5.397,3.939,15.062,24.137,24.891,20.291,17.631,11.389
17.455,14.851,13.899,13.288,13.840,13.363,13.971,14.692,16.925,13.596,9.984,6.384,1.059,-7.646,-12.131,-11.524,-5.187,4.136,15.218,24.281,25.046,20.451,17.812,11.566
17.585,14.978,14.023,13.410,13.961,13.481,14.089,14.813,17.052,13.719,10.104,6.519,1.193,-7.517,-11.990,-11.372,-5.055,4.262,15.330,24.393,25.161,20.565,17.934,11.688
17.725,15.121,14.165,13.558,14.104,13.618,14.219,14.950,17.184,13.862,10.252,6.697,1.383,-7.316,-11.762,-11.182,-4.858,4.426,15.454,24.498,25.266,20.680,18.059,11.829
17.816,15.211,14.254,13.692,14.227,13.722,14.281,15.051,17.244,13.966,10.359,6.803,1.491,-7.234,-11.688,-11.138,-4.805,4.475,15.539,24.625,25.391,20.784,18.129,11.882
17.909,15.299,14.360,13.816,14.344,13.838,14.374,15.157,17.304,14.064,10.471,6.882,1.573,-7.157,-11.648,-11.114,-4.727,4.558,15.669,24.766,25.513,20.904,18.220,11.987
18.007,15.389,14.484,13.967,14.483,13.976,14.474,15.275,17.342,14.170,10.607,6.972,1.676,-7.048,-11.591,-11.083,-4.615,4.663,15.831,24.926,25.640,21.035,18.311,12.115
18.128,15.500,14.606,14.114,14.616,14.095,14.558,15.388,17.413,14.286,10.733,7.123,1.836,-6.898,-11.430,-11.066,-4.463,4.781,15.939,25.034,25.734,21.131,18.398,12.227
18.325,15.704,14.814,14.323,14.821,14.301,14.763,15.590,17.609,14.493,10.952,7.363,2.094,-6.609,-11.120,-10.757,-4.178,5.028,16.138,25.197,25.893,21.309,18.590,12.445
18.453,15.849,14.944,14.419,14.936,14.436,14.943,15.731,17.805,14.632,11.081,7.467,2.193,-6.486,-11.001,-10.576,-4.060,5.178,16.283,25.328,26.044,21.463,18.762,12.593
18.626,16.039,15.128,14.572,15.106,14.627,15.175,15.923,18.037,14.820,11.268,7.622,2.350,-6.294,-10.822,-10.359,-3.873,5.388,16.488,25.512,26.238,21.666,18.979,12.799
18.753,16.146,15.247,14.679,15.204,14.720,15.264,16.016,18.124,14.917,11.367,7.767,2.497,-6.150,-10.648,-10.213,-3.692,5.534,16.584,25.575,26.288,21.735,19.073,12.935
18.982,16.382,15.485,14.905,15.429,14.951,15.506,16.245,18.359,15.150,11.612,8.037,2.785,-5.824,-10.295,-9.895,-3.362,5.825,16.811,25.754,26.464,21.936,19.300,13.194
19.071,16.469,15.585,15.001,15.529,15.060,15.616,16.347,18.446,15.242,11.709,8.088,2.830,-5.780,-10.294,-9.853,-3.312,5.904,16.943,25.895,26.596,22.064,19.408,13.301
19.212,16.611,15.715,15.151,15.674,15.191,15.731,16.483,18.582,15.386,11.845,8.249,2.991,-5.638,-10.130,-9.703,-3.186,6.021,17.051,26.025,26.735,22.191,19.532,13.407
19.356,16.766,15.875,15.290,15.821,15.354,15.918,16.641,18.751,15.541,12.010,8.395,3.147,-5.442,-9.942,-9.519,-2.986,6.217,17.230,26.166,26.873,22.348,19.701,13.595
19.482,16.911,16.013,15.415,15.960,15.508,16.097,16.795,18.928,15.690,12.159,8.503,3.256,-5.310,-9.832,-9.381,-2.872,6.360,17.394,26.328,27.046,22.519,19.868,13.741
19.640,17.060,16.161,15.562,16.100,15.639,16.221,16.929,19.066,15.832,12.298,8.691,3.446,-5.126,-9.611,-9.148,-2.676,6.524,17.510,26.431,27.149,22.629,19.998,13.886
19.811,17.221,16.309,15.698,16.234,15.767,16.358,17.069,19.237,15.979,12.429,8.871,3.617,-4.972,-9.416,-8.906,-2.507,6.682,17.623,26.542,27.270,22.751,20.147,14.031
20.030,17.446,16.513,15.846,16.401,15.952,16.606,17.270,19.526,16.184,12.611,9.071,3.804,-4.769,-9.181,-8.573,-2.284,6.925,17.813,26.705,27.457,22.949,20.395,14.261
20.163,17.577,16.646,16.009,16.555,16.091,16.713,17.405,19.629,16.322,12.755,9.226,3.965,-4.622,-9.032,-8.445,-2.151,7.040,17.938,26.847,27.595,23.078,20.506,14.374
20.344,17.759,16.824,16.218,16.751,16.270,16.860,17.584,19.784,16.510,12.947,9.456,4.207,-4.388,-8.768,-8.176,-1.936,7.217,18.088,27.005,27.752,23.233,20.656,14.527
20.496,17.902,16.967,16.403,16.917,16.410,16.954,17.724,19.884,16.660,13.100,9.656,4.415,-4.205,-8.556,-7.979,-1.768,7.344,18.198,27.133,27.876,23.349,20.760,14.638
20.653,18.047,17.110,16.520,17.035,16.530,17.091,17.851,20.039,16.789,13.220,9.813,4.565,-4.059,-8.380,-7.784,-1.590,7.510,18.319,27.232,27.976,23.461,20.904,14.797
20.795,18.188,17.245,16.625,17.147,16.650,17.241,17.978,20.205,16.919,13.342,9.956,4.705,-3.905,-8.203,-7.567,-1.420,7.676,18.442,27.329,28.081,23.577,21.051,14.950
20.986,18.391,17.442,16.801,17.336,16.855,17.474,18.184,20.438,17.120,13.539,10.118,4.863,-3.733,-8.050,-7.392,-1.250,7.878,18.661,27.545,28.305,23.801,21.278,15.161
21.243,18.663,17.692,17.063,17.602,17.114,17.735,18.451,20.730,17.396,13.804,10.396,5.142,-3.456,-7.753,-7.024,-1.008,8.122,18.894,27.799,28.580,24.064,21.541,15.387
21.444,18.876,17.908,17.294,17.834,17.348,17.959,18.678,20.937,17.620,14.038,10.600,5.354,-3.232,-7.551,-6.840,-0.805,8.330,19.130,28.041,28.821,24.301,21.757,15.597
21.740,19.181,18.222,17.660,18.180,17.673,18.229,18.991,21.183,17.943,14.390,10.993,5.785,-2.778,-7.066,-6.394,-0.386,8.669,19.421,28.310,29.077,24.570,22.012,15.890
22.106,19.585,18.586,17.919,18.488,18.032,18.719,19.371,21.728,18.323,14.738,11.309,6.087,-2.409,-6.681,-5.826,-0.013,9.108,19.803,28.639,29.456,24.967,22.482,16.310
22.430,19.919,18.959,18.338,18.883,18.418,19.046,19.728,21.977,18.684,15.157,11.745,6.583,-1.845,-6.109,-5.377,0.532,9.544,20.180,28.942,29.719,25.273,22.773,16.695
22.689,20.210,19.223,18.570,19.142,18.701,19.385,20.019,22.342,18.974,15.433,11.978,6.812,-1.582,-5.857,-5.023,0.764,9.825,20.467,29.227,30.037,25.586,23.098,16.970
22.823,20.333,19.345,18.733,19.292,18.829,19.469,20.147,22.432,19.103,15.558,12.109,6.934,-1.509,-5.792,-4.982,0.823,9.888,20.577,29.394,30.200,25.722,23.201,17.052
23.047,20.497,19.518,18.915,19.446,18.948,19.549,20.279,22.543,19.243,15.675,12.329,7.124,-1.411,-5.640,-4.873,0.992,10.025,20.683,29.528,30.316,25.829,23.327,17.206
23.341,20.829,19.832,19.169,19.739,19.286,19.971,20.621,22.970,19.573,15.996,12.558,7.345,-1.134,-5.411,-4.560,1.250,10.364,21.056,29.883,30.698,26.215,23.725,17.558
23.781,21.306,20.274,19.534,20.148,19.739,20.530,21.089,23.567,20.035,16.431,12.931,7.700,-0.733,-5.027,-4.031,1.641,10.839,21.533,30.343,31.202,26.720,24.268,18.037
24.092,21.602,20.597,19.884,20.479,20.058,20.807,21.395,23.804,20.340,16.760,13.276,8.062,-0.367,-4.663,-3.763,2.020,11.170,21.854,30.644,31.474,27.006,24.541,18.363
24.392,21.900,20.938,20.245,20.837,20.429,21.150,21.738,24.062,20.662,17.118,13.529,8.325,-0.087,-4.482,-3.736,2.300,11.478,22.273,31.067,31.859,27.392,24.867,18.720
24.811,22.335,21.299,20.606,21.218,20.794,21.547,22.143,24.582,21.081,17.469,13.910,8.659,0.170,-4.224,-3.213,2.509,11.766,22.586,31.490,32.351,27.822,25.304,19.013
25.310,22.870,21.793,20.967,21.664,21.325,22.256,22.695,25.326,21.593,17.918,14.123,8.784,0.293,-4.183,-3.108,2.643,12.184,23.222,32.202,33.120,28.542,26.015,19.563
25.930,23.408,22.383,21.521,22.195,21.852,22.769,23.218,25.806,22.100,18.422,14.660,9.285,0.723,-3.810,-2.862,3.208,12.749,23.805,32.770,33.634,29.071,26.563,20.196
26.973,24.261,23.327,22.265,22.930,22.622,23.637,24.006,26.654,22.842,19.105,15.386,9.871,1.145,-3.436,-2.740,4.002,13.655,24.753,33.674,34.447,29.921,27.521,21.297
