12.100,6.364,4.974,3.553,1.865,-1.161,-0.823,1.705,2.702,2.655,-3.027,-6.556,-11.297,-16.947,-19.986,-17.181,-8.760,0.497,10.492,18.609,17.864,14.039,12.494,1.758
16.725,12.112,10.996,9.900,8.566,6.644,7.415,9.727,10.895,10.219,4.791,1.261,-2.078,-7.430,-10.258,-7.672,-0.213,6.947,17.019,23.450,22.956,20.305,19.148,10.538
19.440,15.123,13.947,12.866,11.552,9.652,10.263,12.619,13.618,12.883,8.117,4.923,1.800,-2.784,-5.286,-3.222,3.434,10.126,19.424,25.335,24.949,22.708,21.684,13.679
21.236,17.254,15.960,14.863,13.560,12.025,12.645,14.889,15.718,14.602,10.443,7.589,4.731,0.643,-1.832,0.298,6.163,12.296,21.071,26.419,26.267,24.426,23.808,16.845
22.480,18.754,17.402,16.316,15.039,13.822,14.514,16.710,17.479,16.046,12.184,9.468,6.883,3.035,0.555,2.734,8.143,13.811,22.469,27.386,27.395,25.895,25.545,19.308
23.255,19.716,18.372,17.311,16.075,15.049,15.767,17.837,18.555,17.017,13.362,10.787,8.347,4.634,2.161,4.429,9.538,14.902,23.272,27.923,28.004,26.623,26.423,20.674
23.873,20.424,19.080,18.025,16.805,15.859,16.568,18.558,19.230,17.658,14.152,11.683,9.289,5.677,3.215,5.532,10.456,15.687,23.820,28.345,28.463,27.116,26.997,21.503
24.298,20.866,19.562,18.529,17.329,16.328,17.012,19.004,19.687,18.206,14.692,12.220,9.838,6.258,3.863,6.072,11.000,16.209,24.262,28.774,28.853,27.498,27.311,21.751
24.701,21.316,20.050,19.039,17.864,16.852,17.513,19.456,20.130,18.723,15.251,12.821,10.457,6.919,4.573,6.743,11.618,16.767,24.643,29.108,29.167,27.791,27.579,22.063
25.202,21.813,20.571,19.572,18.404,17.272,17.860,19.817,20.474,19.203,15.787,13.395,10.993,7.564,5.322,7.321,12.160,17.343,25.021,29.501,29.514,28.106,27.809,22.176
25.511,22.156,20.893,19.888,18.716,17.620,18.207,20.168,20.803,19.478,16.139,13.785,11.415,8.059,5.824,7.812,12.552,17.674,25.307,29.722,29.765,28.419,28.171,22.651
25.932,22.599,21.324,20.317,19.141,18.012,18.561,20.544,21.153,19.843,16.598,14.290,11.926,8.692,6.517,8.398,13.037,18.132,25.647,30.016,30.065,28.765,28.515,23.023
26.215,22.901,21.628,20.625,19.452,18.276,18.781,20.779,21.366,20.103,16.935,14.669,12.307,9.182,7.076,8.843,13.400,18.473,25.852,30.186,30.227,28.951,28.679,23.188
26.473,23.197,21.912,20.911,19.738,18.573,19.068,21.096,21.672,20.377,17.278,15.033,12.718,9.688,7.623,9.303,13.767,18.768,26.117,30.374,30.434,29.242,28.988,23.569
26.647,23.406,22.115,21.117,19.950,18.835,19.346,21.359,21.930,20.591,17.521,15.290,13.011,9.996,7.920,9.628,14.042,18.981,26.323,30.526,30.608,29.452,29.236,23.917
26.778,23.550,22.274,21.285,20.127,19.018,19.533,21.534,22.111,20.788,17.706,15.472,13.208,10.182,8.113,9.818,14.237,19.154,26.483,30.673,30.747,29.589,29.362,24.052
26.970,23.780,22.501,21.515,20.363,19.267,19.768,21.761,22.319,20.988,17.978,15.786,13.546,10.595,8.555,10.224,14.554,19.412,26.645,30.774,30.861,29.740,29.534,24.308
27.273,24.079,22.787,21.792,20.631,19.503,19.974,21.976,22.511,21.194,18.246,16.089,13.829,10.947,8.934,10.558,14.833,19.708,26.855,30.983,31.073,29.957,29.753,24.525
27.386,24.218,22.933,21.945,20.792,19.686,20.162,22.152,22.687,21.363,18.430,16.282,14.047,11.178,9.171,10.793,15.040,19.870,26.993,31.084,31.179,30.081,29.887,24.711
27.521,24.360,23.077,22.091,20.940,19.832,20.302,22.284,22.814,21.499,18.581,16.446,14.210,11.355,9.356,10.973,15.203,20.026,27.112,31.195,31.289,30.189,29.995,24.831
27.755,24.585,23.302,22.313,21.159,20.012,20.456,22.438,22.954,21.677,18.790,16.677,14.415,11.598,9.624,11.205,15.416,20.265,27.273,31.371,31.455,30.335,30.125,24.928
27.850,24.687,23.415,22.432,21.284,20.137,20.582,22.562,23.084,21.819,18.920,16.801,14.549,11.725,9.758,11.328,15.548,20.385,27.393,31.485,31.562,30.442,30.221,25.020
27.929,24.776,23.513,22.536,21.394,20.244,20.687,22.662,23.186,21.935,19.038,16.921,14.677,11.860,9.905,11.459,15.673,20.495,27.481,31.562,31.634,30.515,30.284,25.085
28.010,24.874,23.615,22.643,21.507,20.396,20.858,22.814,23.343,22.068,19.161,17.041,14.818,11.975,9.999,11.599,15.812,20.600,27.606,31.665,31.745,30.633,30.422,25.277
28.131,25.008,23.741,22.766,21.630,20.556,21.033,22.972,23.496,22.185,19.290,17.180,14.969,12.116,10.117,11.767,15.959,20.724,27.735,31.776,31.872,30.769,30.592,25.512
28.264,25.143,23.886,22.916,21.785,20.719,21.202,23.121,23.649,22.349,19.438,17.326,15.112,12.233,10.224,11.903,16.112,20.877,27.880,31.927,32.018,30.893,30.713,25.635
28.320,25.212,23.971,23.010,21.889,20.825,21.310,23.217,23.752,22.470,19.548,17.434,15.232,12.343,10.342,12.016,16.232,20.977,27.963,31.998,32.081,30.950,30.758,25.685
28.434,25.320,24.087,23.127,22.008,20.940,21.427,23.327,23.865,22.597,19.658,17.537,15.329,12.420,10.415,12.100,16.337,21.093,28.081,32.131,32.206,31.058,30.857,25.764
28.603,25.492,24.252,23.287,22.166,21.124,21.618,23.494,24.025,22.735,19.808,17.703,15.487,12.564,10.534,12.278,16.504,21.259,28.231,32.281,32.367,31.206,31.033,25.986
28.729,25.610,24.374,23.412,22.291,21.222,21.706,23.596,24.129,22.863,19.930,17.818,15.597,12.685,10.673,12.378,16.614,21.382,28.351,32.411,32.487,31.324,31.128,26.038
28.823,25.712,24.481,23.522,22.405,21.347,21.838,23.728,24.268,22.997,20.053,17.933,15.726,12.805,10.792,12.497,16.737,21.489,28.477,32.526,32.602,31.448,31.252,26.171
28.964,25.848,24.605,23.640,22.517,21.452,21.935,23.832,24.363,23.085,20.162,18.052,15.835,12.934,10.923,12.622,16.846,21.609,28.585,32.637,32.719,31.569,31.381,26.301
29.145,26.013,24.761,23.789,22.658,21.570,22.040,23.946,24.468,23.197,20.291,18.192,15.952,13.072,11.067,12.752,16.968,21.761,28.715,32.786,32.867,31.709,31.518,26.414
29.177,26.082,24.854,23.898,22.785,21.727,22.208,24.083,24.611,23.352,20.443,18.348,16.143,13.253,11.254,12.950,17.152,21.884,28.801,32.830,32.907,31.753,31.562,26.514
29.283,26.195,24.964,24.006,22.894,21.851,22.336,24.198,24.722,23.450,20.552,18.468,16.264,13.373,11.364,13.086,17.275,21.997,28.900,32.921,33.004,31.849,31.674,26.659
29.334,26.249,25.032,24.083,22.977,21.920,22.403,24.276,24.812,23.563,20.644,18.542,16.351,13.457,11.468,13.148,17.356,22.069,28.987,33.004,33.075,31.925,31.723,26.674
29.423,26.343,25.136,24.192,23.091,22.020,22.494,24.360,24.894,23.671,20.758,18.664,16.470,13.587,11.613,13.276,17.478,22.189,29.064,33.080,33.141,31.981,31.765,26.708
29.567,26.494,25.283,24.336,23.235,22.171,22.639,24.485,25.006,23.784,20.900,18.831,16.630,13.761,11.784,13.469,17.642,22.349,29.167,33.176,33.243,32.073,31.873,26.851
29.694,26.636,25.419,24.472,23.370,22.302,22.758,24.611,25.119,23.893,21.055,19.008,16.817,14.002,12.047,13.693,17.814,22.497,29.266,33.245,33.319,32.176,31.984,26.994
29.781,26.723,25.507,24.560,23.459,22.395,22.853,24.702,25.213,23.985,21.141,19.093,16.900,14.077,12.117,13.773,17.900,22.584,29.359,33.341,33.414,32.267,32.076,27.086
29.872,26.827,25.605,24.657,23.555,22.515,22.980,24.829,25.337,24.082,21.253,19.210,17.035,14.221,12.256,13.922,18.024,22.681,29.463,33.420,33.506,32.382,32.211,27.267
29.939,26.898,25.685,24.743,23.646,22.590,23.050,24.907,25.419,24.185,21.350,19.301,17.133,14.329,12.382,14.012,18.117,22.768,29.543,33.496,33.573,32.453,32.262,27.297
30.080,27.052,25.832,24.887,23.789,22.748,23.204,25.046,25.545,24.297,21.502,19.479,17.313,14.535,12.587,14.232,18.294,22.927,29.651,33.583,33.671,32.558,32.391,27.478
30.200,27.182,25.957,25.011,23.913,22.881,23.334,25.173,25.664,24.406,21.636,19.628,17.467,14.712,12.767,14.410,18.442,23.059,29.757,33.671,33.767,32.666,32.512,27.633
30.312,27.295,26.073,25.127,24.030,22.991,23.438,25.271,25.759,24.514,21.751,19.750,17.584,14.835,12.897,14.535,18.562,23.182,29.853,33.768,33.860,32.752,32.593,27.710
30.366,27.355,26.137,25.194,24.100,23.066,23.516,25.348,25.839,24.593,21.825,19.821,17.663,14.910,12.972,14.610,18.639,23.248,29.924,33.832,33.924,32.819,32.659,27.783
30.479,27.466,26.241,25.296,24.198,23.144,23.583,25.440,25.927,24.683,21.933,19.931,17.775,15.059,13.143,14.729,18.739,23.349,30.022,33.924,34.016,32.933,32.765,27.873
30.595,27.597,26.371,25.428,24.332,23.278,23.708,25.562,26.041,24.801,22.081,20.096,17.948,15.266,13.366,14.930,18.904,23.493,30.121,34.000,34.095,33.026,32.862,27.995
30.696,27.698,26.476,25.535,24.440,23.362,23.778,25.643,26.119,24.901,22.195,20.215,18.066,15.415,13.539,15.057,19.017,23.607,30.204,34.079,34.167,33.103,32.923,28.035
30.805,27.807,26.586,25.646,24.551,23.456,23.861,25.734,26.207,25.004,22.309,20.335,18.184,15.555,13.697,15.181,19.131,23.723,30.297,34.170,34.253,33.194,33.002,28.099
30.974,27.971,26.740,25.794,24.693,23.589,23.984,25.857,26.319,25.115,22.446,20.488,18.322,15.715,13.859,15.342,19.272,23.878,30.420,34.299,34.386,33.323,33.139,28.240
31.047,28.048,26.822,25.879,24.780,23.667,24.055,25.931,26.393,25.203,22.538,20.582,18.419,15.825,13.983,15.442,19.367,23.967,30.491,34.365,34.447,33.386,33.192,28.284
31.146,28.153,26.927,25.985,24.887,23.766,24.145,26.016,26.471,25.292,22.649,20.708,18.542,15.971,14.141,15.586,19.489,24.084,30.565,34.431,34.512,33.451,33.256,28.357
31.264,28.271,27.056,26.118,25.024,23.885,24.253,26.111,26.564,25.418,22.778,20.847,18.670,16.103,14.285,15.720,19.625,24.229,30.659,34.533,34.603,33.519,33.308,28.391
31.334,28.340,27.133,26.198,25.108,23.976,24.349,26.191,26.647,25.508,22.853,20.919,18.739,16.145,14.316,15.781,19.703,24.310,30.738,34.621,34.686,33.582,33.370,28.453
31.462,28.465,27.253,26.316,25.222,24.063,24.420,26.282,26.732,25.607,22.972,21.044,18.858,16.303,14.498,15.911,19.816,24.431,30.838,34.720,34.782,33.690,33.465,28.523
31.532,28.531,27.337,26.406,25.320,24.166,24.535,26.381,26.845,25.737,23.059,21.112,18.927,16.322,14.506,15.947,19.897,24.516,30.947,34.845,34.895,33.776,33.537,28.574
31.668,28.676,27.469,26.533,25.444,24.325,24.703,26.530,26.984,25.839,23.183,21.255,19.070,16.462,14.619,16.118,20.042,24.648,31.068,34.954,35.022,33.906,33.705,28.807
31.808,28.811,27.598,26.658,25.565,24.427,24.794,26.638,27.087,25.947,23.308,21.383,19.195,16.616,14.779,16.250,20.160,24.774,31.185,35.071,35.139,34.035,33.827,28.912
31.871,28.879,27.672,26.734,25.645,24.540,24.926,26.739,27.192,26.039,23.378,21.451,19.264,16.637,14.790,16.312,20.242,24.849,31.273,35.162,35.234,34.108,33.918,29.037
31.946,28.955,27.747,26.809,25.721,24.628,25.024,26.839,27.297,26.130,23.456,21.520,19.341,16.699,14.831,16.377,20.316,24.917,31.373,35.259,35.334,34.214,34.029,29.156
32.059,29.075,27.868,26.932,25.845,24.753,25.145,26.952,27.407,26.245,23.584,21.658,19.479,16.848,14.985,16.530,20.454,25.048,31.475,35.353,35.429,34.308,34.125,29.264
32.156,29.176,27.971,27.036,25.950,24.846,25.228,27.041,27.491,26.341,23.695,21.776,19.599,16.991,15.144,16.660,20.569,25.158,31.558,35.429,35.502,34.386,34.196,29.333
32.221,29.247,28.049,27.119,26.037,24.937,25.322,27.136,27.592,26.444,23.789,21.863,19.697,17.084,15.242,16.749,20.663,25.239,31.649,35.511,35.581,34.472,34.275,29.412
32.333,29.350,28.151,27.220,26.137,25.036,25.427,27.247,27.710,26.559,23.883,21.943,19.774,17.143,15.293,16.806,20.743,25.330,31.778,35.653,35.721,34.609,34.409,29.525
32.445,29.475,28.267,27.334,26.248,25.146,25.528,27.361,27.815,26.652,24.014,22.089,19.933,17.350,15.519,16.994,20.885,25.450,31.872,35.719,35.796,34.716,34.525,29.670
32.570,29.596,28.396,27.467,26.384,25.278,25.662,27.488,27.946,26.798,24.143,22.212,20.051,17.449,15.615,17.099,21.011,25.583,32.005,35.863,35.933,34.836,34.635,29.763
32.657,29.690,28.488,27.560,26.478,25.376,25.761,27.592,28.050,26.894,24.246,22.315,20.164,17.573,15.743,17.217,21.116,25.675,32.101,35.946,36.019,34.937,34.739,29.880
32.773,29.813,28.612,27.686,26.606,25.499,25.880,27.720,28.178,27.024,24.387,22.457,20.317,17.747,15.933,17.375,21.259,25.804,32.222,36.052,36.124,35.060,34.857,30.001
32.887,29.925,28.737,27.815,26.740,25.635,26.021,27.845,28.311,27.174,24.510,22.573,20.428,17.824,16.001,17.468,21.382,25.933,32.353,36.197,36.260,35.169,34.956,30.086
32.993,30.039,28.851,27.931,26.859,25.772,26.169,27.992,28.462,27.308,24.637,22.693,20.563,17.950,16.119,17.598,21.511,26.044,32.489,36.320,36.388,35.310,35.106,30.258
33.081,30.139,28.959,28.044,26.978,25.911,26.320,28.133,28.610,27.448,24.764,22.814,20.700,18.068,16.230,17.726,21.645,26.155,32.615,36.432,36.501,35.428,35.228,30.403
33.204,30.266,29.082,28.167,27.100,26.065,26.497,28.316,28.803,27.604,24.896,22.924,20.832,18.171,16.311,17.835,21.769,26.260,32.796,36.602,36.682,35.630,35.446,30.646
33.405,30.468,29.286,28.370,27.305,26.290,26.726,28.507,28.987,27.787,25.083,23.129,21.021,18.332,16.446,18.041,21.976,26.475,32.971,36.788,36.871,35.782,35.618,30.851
33.535,30.603,29.424,28.507,27.445,26.434,26.867,28.629,29.102,27.909,25.220,23.282,21.168,18.483,16.595,18.208,22.129,26.624,33.077,36.891,36.974,35.873,35.715,30.969
33.646,30.718,29.533,28.614,27.550,26.554,26.994,28.760,29.233,28.019,25.331,23.392,21.286,18.600,16.704,18.327,22.242,26.727,33.202,37.006,37.098,36.010,35.864,31.139
33.846,30.913,29.725,28.806,27.740,26.740,27.184,28.965,29.445,28.224,25.522,23.568,21.467,18.775,16.879,18.489,22.418,26.908,33.422,37.231,37.322,36.244,36.094,31.350
34.051,31.121,29.914,28.986,27.912,26.920,27.358,29.150,29.615,28.366,25.704,23.768,21.667,19.014,17.118,18.723,22.609,27.092,33.592,37.385,37.493,36.441,36.315,31.608
34.184,31.260,30.064,29.143,28.073,27.061,27.488,29.284,29.751,28.531,25.873,23.939,21.843,19.211,17.341,18.900,22.780,27.255,33.725,37.510,37.607,36.557,36.409,31.681
34.331,31.400,30.229,29.319,28.260,27.219,27.643,29.435,29.918,28.749,26.048,24.093,21.991,19.328,17.473,19.010,22.940,27.430,33.900,37.709,37.779,36.698,36.507,31.712
34.502,31.577,30.401,29.492,28.431,27.380,27.794,29.604,30.082,28.913,26.235,24.286,22.194,19.569,17.736,19.226,23.128,27.605,34.062,37.853,37.926,36.871,36.676,31.885
34.689,31.753,30.581,29.673,28.612,27.534,27.941,29.766,30.250,29.103,26.410,24.448,22.348,19.724,17.905,19.361,23.285,27.781,34.250,38.058,38.119,37.058,36.840,31.996
34.863,31.942,30.771,29.862,28.804,27.766,28.184,29.967,30.441,29.274,26.599,24.662,22.563,19.921,18.073,19.608,23.509,27.985,34.410,38.203,38.277,37.198,37.014,32.247
35.127,32.183,31.006,30.090,29.024,27.938,28.331,30.129,30.594,29.461,26.800,24.872,22.738,20.124,18.297,19.790,23.694,28.218,34.607,38.433,38.496,37.398,37.192,32.361
35.329,32.372,31.199,30.285,29.218,28.091,28.465,30.280,30.745,29.649,26.987,25.056,22.907,20.313,18.512,19.951,23.866,28.415,34.783,38.628,38.675,37.568,37.331,32.439
35.621,32.640,31.468,30.551,29.479,28.341,28.720,30.540,31.015,29.924,27.225,25.273,23.106,20.474,18.657,20.115,24.078,28.666,35.083,38.965,39.005,37.875,37.627,32.683
35.893,32.925,31.754,30.837,29.768,28.654,29.036,30.824,31.289,30.192,27.512,25.583,23.413,20.776,18.944,20.451,24.393,28.967,35.335,39.207,39.254,38.108,37.882,32.991
35.998,33.037,31.876,30.964,29.903,28.812,29.213,30.992,31.470,30.363,27.650,25.702,23.550,20.872,19.025,20.562,24.530,29.086,35.497,39.364,39.410,38.263,38.039,33.161
36.319,33.365,32.204,31.295,30.234,29.113,29.491,31.283,31.752,30.669,27.995,26.066,23.914,21.296,19.487,20.955,24.883,29.431,35.779,39.629,39.671,38.540,38.301,33.413
36.587,33.624,32.466,31.558,30.497,29.393,29.792,31.586,32.070,30.972,28.250,26.291,24.145,21.474,19.640,21.143,25.118,29.673,36.102,39.968,40.008,38.872,38.632,33.728
36.932,33.967,32.806,31.896,30.833,29.721,30.113,31.905,32.383,31.291,28.581,26.632,24.476,21.816,19.985,21.486,25.453,30.017,36.422,40.292,40.332,39.189,38.950,34.045
37.241,34.257,33.106,32.199,31.134,29.943,30.295,32.120,32.596,31.576,28.877,26.929,24.749,22.143,20.372,21.755,25.727,30.328,36.677,40.571,40.584,39.432,39.134,34.121
37.538,34.564,33.421,32.522,31.465,30.287,30.659,32.509,33.008,31.971,29.230,27.241,25.100,22.471,20.704,22.059,26.058,30.628,37.073,40.947,40.958,39.843,39.532,34.508
37.933,34.995,33.827,32.922,31.863,30.817,31.253,33.078,33.581,32.405,29.660,27.665,25.583,22.898,21.049,22.549,26.519,31.007,37.573,41.384,41.449,40.392,40.180,35.341
38.430,35.487,34.302,33.383,32.316,31.296,31.730,33.515,33.993,32.793,30.090,28.137,26.023,23.337,21.450,23.043,26.980,31.487,37.985,41.808,41.892,40.802,40.637,35.863
39.045,36.088,34.854,33.908,32.818,31.859,32.316,34.096,34.554,33.249,30.578,28.642,26.512,23.812,21.855,23.566,27.473,31.999,38.559,42.388,42.518,41.444,41.364,36.681
39.952,36.953,35.701,34.735,33.634,32.782,33.316,35.027,35.501,34.097,31.319,29.347,27.179,24.271,22.154,24.165,28.196,32.787,39.524,43.436,43.594,42.435,42.435,37.806
41.137,38.146,36.770,35.747,34.595,33.911,34.505,36.256,36.688,34.988,32.319,30.379,28.248,25.381,23.138,25.325,29.215,33.758,40.690,44.528,44.816,43.806,44.017,39.668
42.629,39.602,38.180,37.143,35.972,35.484,36.253,38.102,38.635,36.649,33.716,31.559,29.546,26.397,23.967,26.357,30.469,34.976,42.637,46.481,46.838,45.963,46.263,41.950
