20.167,20.682,20.403,19.781,21.089,24.110,32.748,43.298,49.797,50.818,42.875,43.158,42.235,46.225,42.869,41.990,44.345,52.794,52.783,56.430,42.279,32.066,27.761,23.343
26.142,26.536,26.327,25.788,26.814,29.509,37.686,47.121,52.882,51.735,47.238,47.068,46.216,48.438,47.096,46.574,48.731,56.677,55.844,56.438,45.630,37.115,32.949,29.131
28.706,28.988,29.143,28.575,29.311,31.791,39.892,48.722,53.966,51.826,49.185,48.723,47.735,48.836,48.756,48.402,50.438,57.908,56.379,56.439,46.525,39.077,35.124,31.788
30.115,30.449,30.104,29.728,30.591,32.990,40.554,48.852,53.971,51.878,49.338,48.831,48.195,48.906,49.283,48.903,50.907,58.515,56.995,56.550,47.115,40.122,36.137,32.739
31.226,31.560,30.905,30.571,31.503,33.842,40.986,49.010,53.990,51.890,49.577,49.046,48.557,49.273,49.623,49.575,51.469,58.930,57.781,56.672,47.887,41.084,36.956,33.628
31.677,31.991,31.343,31.005,31.904,34.197,41.244,49.130,54.072,51.984,49.762,49.189,48.697,49.281,49.770,49.826,51.675,59.008,57.853,56.678,48.032,41.412,37.291,34.060
32.112,32.430,31.720,31.409,32.315,34.593,41.575,49.373,54.199,52.211,50.029,49.432,48.986,49.454,50.080,50.143,51.986,59.340,58.149,57.067,48.309,41.792,37.663,34.436
32.513,32.835,32.105,31.816,32.723,34.977,41.873,49.566,54.374,52.329,50.203,49.613,49.198,49.625,50.291,50.306,52.141,59.459,58.243,57.262,48.500,42.073,37.998,34.782
32.943,33.265,32.485,32.195,33.119,35.365,42.177,49.840,54.599,52.363,50.476,49.899,49.502,50.007,50.574,50.659,52.469,59.737,58.400,57.362,48.921,42.482,38.384,35.180
33.243,33.569,32.817,32.533,33.452,35.694,42.510,50.156,54.940,52.668,50.763,50.201,49.802,50.314,50.869,50.882,52.701,59.784,58.641,57.385,49.170,42.736,38.689,35.478
33.425,33.740,33.037,32.741,33.635,35.862,42.674,50.288,55.026,52.759,50.909,50.337,49.913,50.390,50.979,51.005,52.812,59.964,58.826,57.404,49.249,42.870,38.850,35.681
33.675,33.986,33.298,32.996,33.881,36.101,42.903,50.504,55.215,52.853,51.131,50.558,50.123,50.601,51.185,51.076,52.855,60.011,58.845,57.495,49.463,43.101,39.088,35.938
33.935,34.260,33.512,33.230,34.145,36.363,43.084,50.647,55.377,52.980,51.229,50.690,50.296,50.718,51.339,51.229,53.027,60.192,59.035,57.535,49.464,43.314,39.320,36.140
34.152,34.490,33.677,33.419,34.363,36.578,43.224,50.740,55.422,53.199,51.240,50.735,50.370,50.857,51.401,51.348,53.144,60.311,59.223,57.882,49.702,43.481,39.505,36.294
34.365,34.708,33.821,33.581,34.546,36.754,43.322,50.760,55.494,53.310,51.289,50.773,50.425,51.026,51.460,51.433,53.230,60.415,59.369,58.125,49.877,43.486,39.668,36.451
34.534,34.882,33.945,33.720,34.700,36.897,43.390,50.787,55.518,53.334,51.340,50.823,50.517,51.114,51.551,51.556,53.342,60.529,59.538,58.224,50.034,43.672,39.789,36.572
34.686,35.012,34.098,33.905,34.915,37.110,43.536,50.798,55.523,53.338,51.343,50.833,50.560,51.163,51.589,51.601,53.376,60.550,59.597,58.276,50.121,43.791,39.857,36.716
34.748,35.111,34.382,34.177,35.022,37.127,43.621,50.890,55.647,53.375,51.411,50.913,50.696,51.290,51.729,51.694,53.477,60.699,59.752,58.468,50.276,43.966,39.971,36.779
34.996,35.367,34.402,34.200,35.209,37.400,43.818,51.147,55.944,53.635,51.616,51.147,50.934,51.557,51.957,51.813,53.610,60.827,59.835,58.774,50.457,44.144,40.224,36.951
35.147,35.515,34.590,34.396,35.389,37.580,44.030,51.376,56.175,53.865,51.825,51.369,51.126,51.760,52.140,51.956,53.757,60.945,59.926,58.902,50.608,44.277,40.398,37.135
35.239,35.602,34.675,34.481,35.465,37.647,44.085,51.404,56.179,53.905,51.880,51.405,51.162,51.780,52.184,52.034,53.826,60.997,59.964,58.936,50.637,44.356,40.467,37.226
35.409,35.777,34.841,34.662,35.650,37.829,44.259,51.552,56.350,53.954,52.014,51.542,51.316,51.886,52.345,52.144,53.945,61.098,60.002,58.991,50.749,44.497,40.630,37.374
35.457,35.808,34.959,34.751,35.701,37.868,44.330,51.625,56.364,54.030,52.110,51.626,51.346,51.899,52.369,52.202,53.988,61.140,60.067,59.042,50.757,44.521,40.679,37.479
35.611,35.964,35.123,34.907,35.862,38.036,44.502,51.827,56.573,54.335,52.293,51.827,51.538,52.165,52.546,52.377,54.163,61.264,60.209,59.251,50.972,44.692,40.852,37.644
35.712,36.062,35.257,35.031,35.977,38.147,44.616,51.942,56.675,54.497,52.395,51.940,51.631,52.294,52.628,52.448,54.230,61.291,60.242,59.367,51.059,44.770,40.957,37.763
35.837,36.190,35.376,35.152,36.104,38.281,44.762,52.102,56.842,54.666,52.543,52.097,51.800,52.479,52.797,52.609,54.398,61.470,60.439,59.586,51.234,44.918,41.097,37.887
35.941,36.297,35.454,35.240,36.200,38.369,44.798,52.109,56.861,54.680,52.556,52.105,51.812,52.492,52.806,52.619,54.400,61.471,60.439,59.591,51.270,44.981,41.168,37.960
36.042,36.409,35.523,35.327,36.307,38.493,44.941,52.179,56.891,54.688,52.618,52.171,51.895,52.541,52.886,52.687,54.458,61.481,60.448,59.598,51.336,45.112,41.298,38.042
36.148,36.503,35.663,35.456,36.409,38.559,44.954,52.254,56.941,54.757,52.679,52.243,51.962,52.626,52.946,52.732,54.493,61.486,60.448,59.636,51.396,45.138,41.332,38.145
36.234,36.585,35.775,35.561,36.504,38.650,45.031,52.263,56.962,54.792,52.694,52.254,51.966,52.630,52.947,52.737,54.504,61.487,60.460,59.656,51.407,45.173,41.416,38.243
36.319,36.673,35.846,35.640,36.586,38.723,45.063,52.289,56.976,54.803,52.702,52.275,52.018,52.668,52.999,52.781,54.533,61.497,60.516,59.784,51.455,45.215,41.473,38.304
36.485,36.845,35.980,35.785,36.747,38.878,45.148,52.301,56.978,54.861,52.725,52.286,52.034,52.751,53.029,52.805,54.609,61.564,60.623,59.797,51.532,45.336,41.606,38.431
36.589,36.944,36.061,35.862,36.824,38.948,45.197,52.335,57.095,54.880,52.762,52.332,52.082,52.780,53.050,52.890,54.629,61.671,60.719,59.856,51.616,45.445,41.686,38.529
36.693,37.044,36.184,35.977,36.931,39.056,45.319,52.470,57.103,55.034,52.898,52.469,52.204,52.910,53.169,53.013,54.751,61.727,60.728,59.900,51.730,45.552,41.798,38.650
36.765,37.113,36.308,36.092,37.029,39.152,45.451,52.611,57.251,55.172,53.030,52.604,52.313,53.017,53.276,53.082,54.825,61.776,60.737,59.983,51.784,45.608,41.890,38.752
36.865,37.216,36.401,36.189,37.131,39.256,45.550,52.711,57.361,55.279,53.122,52.701,52.418,53.130,53.380,53.176,54.922,61.834,60.834,60.108,51.894,45.709,41.992,38.844
36.904,37.243,36.523,36.290,37.196,39.319,45.688,52.874,57.496,55.387,53.292,52.863,52.529,53.199,53.496,53.271,55.021,61.887,60.835,60.119,51.913,45.746,42.063,38.946
36.993,37.330,36.621,36.386,37.287,39.401,45.752,52.879,57.514,55.403,53.297,52.867,52.563,53.236,53.524,53.298,55.036,61.899,60.849,60.119,51.950,45.803,42.136,39.033
37.092,37.435,36.673,36.456,37.373,39.480,45.766,52.915,57.538,55.442,53.336,52.905,52.567,53.239,53.530,53.304,55.048,61.902,60.853,60.131,51.984,45.862,42.195,39.084
37.197,37.544,36.768,36.556,37.481,39.588,45.851,52.954,57.578,55.489,53.351,52.938,52.645,53.347,53.599,53.358,55.096,61.946,60.932,60.270,52.083,45.951,42.293,39.173
37.272,37.621,36.836,36.628,37.556,39.662,45.913,53.007,57.634,55.540,53.400,52.989,52.703,53.408,53.657,53.411,55.148,62.000,60.990,60.339,52.146,46.017,42.362,39.239
37.357,37.705,36.977,36.768,37.678,39.784,46.088,53.189,57.845,55.654,53.572,53.159,52.853,53.512,53.815,53.499,55.252,62.116,61.011,60.419,52.198,46.085,42.474,39.351
37.449,37.798,37.063,36.861,37.771,39.871,46.152,53.225,57.877,55.661,53.603,53.192,52.895,53.541,53.857,53.528,55.280,62.135,61.023,60.436,52.234,46.146,42.548,39.427
37.551,37.895,37.183,36.972,37.871,39.968,46.263,53.340,57.973,55.769,53.730,53.311,52.998,53.632,53.961,53.651,55.398,62.233,61.113,60.488,52.327,46.250,42.652,39.548
37.633,37.968,37.290,37.059,37.945,40.040,46.346,53.441,58.038,55.934,53.841,53.422,53.081,53.746,54.034,53.765,55.500,62.287,61.198,60.568,52.430,46.340,42.738,39.660
37.735,38.068,37.406,37.165,38.048,40.147,46.473,53.595,58.188,56.138,53.996,53.579,53.223,53.917,54.171,53.915,55.649,62.428,61.354,60.746,52.582,46.465,42.857,39.782
37.819,38.152,37.488,37.248,38.132,40.234,46.571,53.703,58.282,56.237,54.107,53.687,53.332,54.017,54.284,54.027,55.765,62.558,61.477,60.852,52.686,46.564,42.949,39.868
37.917,38.248,37.548,37.306,38.197,40.296,46.596,53.717,58.304,56.276,54.141,53.714,53.368,54.063,54.317,54.128,55.851,62.626,61.606,60.884,52.788,46.673,43.021,39.953
37.992,38.321,37.638,37.395,38.278,40.378,46.708,53.835,58.409,56.341,54.270,53.831,53.479,54.132,54.438,54.238,55.966,62.757,61.693,60.930,52.858,46.757,43.107,40.040
38.088,38.420,37.765,37.521,38.401,40.503,46.848,53.988,58.583,56.533,54.396,53.974,53.611,54.300,54.562,54.314,56.050,62.836,61.756,61.127,52.965,46.840,43.222,40.148
38.167,38.498,37.850,37.605,38.483,40.586,46.936,54.078,58.676,56.627,54.483,54.063,53.697,54.389,54.647,54.392,56.130,62.914,61.831,61.219,53.045,46.917,43.305,40.229
38.264,38.593,37.960,37.709,38.583,40.685,47.038,54.184,58.775,56.752,54.588,54.170,53.795,54.499,54.741,54.489,56.224,62.992,61.913,61.319,53.143,47.010,43.404,40.336
38.351,38.678,38.068,37.807,38.675,40.780,47.156,54.328,58.916,56.942,54.730,54.316,53.923,54.653,54.864,54.618,56.353,63.109,62.037,61.477,53.272,47.114,43.509,40.445
38.444,38.763,38.178,37.900,38.759,40.866,47.264,54.464,59.029,57.129,54.880,54.462,54.045,54.797,54.981,54.776,56.503,63.235,62.186,61.599,53.411,47.235,43.614,40.567
38.556,38.878,38.294,38.011,38.875,40.987,47.384,54.603,59.171,57.337,55.006,54.600,54.178,54.981,55.104,54.900,56.627,63.352,62.335,61.817,53.569,47.358,43.738,40.685
38.671,38.989,38.432,38.144,38.996,41.110,47.541,54.774,59.346,57.482,55.185,54.771,54.335,55.111,55.267,55.056,56.787,63.516,62.450,61.913,53.690,47.484,43.867,40.820
38.724,39.035,38.520,38.223,39.058,41.166,47.615,54.846,59.401,57.540,55.262,54.844,54.386,55.148,55.317,55.102,56.831,63.529,62.464,61.926,53.708,47.519,43.923,40.897
38.834,39.149,38.607,38.319,39.162,41.272,47.714,54.936,59.503,57.581,55.358,54.932,54.492,55.221,55.432,55.216,56.949,63.676,62.585,61.994,53.811,47.637,44.027,40.990
38.937,39.248,38.744,38.446,39.277,41.387,47.860,55.101,59.667,57.771,55.521,55.098,54.635,55.376,55.572,55.348,57.082,63.794,62.688,62.136,53.932,47.745,44.148,41.120
39.019,39.321,38.844,38.530,39.346,41.452,47.937,55.186,59.711,57.867,55.630,55.194,54.707,55.440,55.643,55.468,57.190,63.863,62.768,62.140,54.011,47.836,44.228,41.230
39.119,39.422,38.927,38.619,39.438,41.540,47.999,55.224,59.741,57.879,55.670,55.232,54.757,55.476,55.694,55.524,57.242,63.911,62.822,62.166,54.070,47.917,44.308,41.312
39.231,39.530,39.085,38.766,39.570,41.671,48.160,55.401,59.918,58.082,55.838,55.406,54.905,55.640,55.836,55.643,57.364,64.009,62.896,62.314,54.184,48.020,44.439,41.454
39.351,39.654,39.191,38.883,39.694,41.792,48.258,55.472,60.000,58.115,55.900,55.471,54.987,55.707,55.922,55.704,57.428,64.084,62.958,62.389,54.259,48.114,44.545,41.550
39.519,39.825,39.327,39.023,39.847,41.948,48.395,55.615,60.142,58.292,56.044,55.618,55.148,55.891,56.079,55.887,57.607,64.276,63.193,62.606,54.465,48.302,44.707,41.703
39.620,39.919,39.458,39.142,39.949,42.048,48.524,55.751,60.260,58.402,56.197,55.758,55.266,55.980,56.202,56.023,57.741,64.390,63.280,62.641,54.554,48.408,44.816,41.832
39.796,40.105,39.618,39.328,40.146,42.252,48.750,55.972,60.549,58.507,56.406,55.963,55.500,56.146,56.457,56.200,57.944,64.679,63.485,62.855,54.720,48.588,45.006,41.982
39.924,40.234,39.737,39.444,40.268,42.378,48.872,56.107,60.683,58.682,56.540,56.101,55.639,56.311,56.592,56.351,58.093,64.830,63.664,63.041,54.886,48.733,45.138,42.110
40.060,40.375,39.901,39.614,40.437,42.553,49.089,56.342,60.967,58.888,56.754,56.321,55.857,56.516,56.816,56.502,58.264,65.039,63.803,63.271,55.039,48.871,45.305,42.255
40.148,40.457,40.032,39.735,40.538,42.652,49.225,56.487,61.107,59.004,56.907,56.466,55.976,56.608,56.939,56.613,58.377,65.134,63.810,63.281,55.107,48.954,45.407,42.374
40.239,40.538,40.188,39.869,40.644,42.754,49.369,56.648,61.242,59.144,57.074,56.630,56.096,56.696,57.054,56.729,58.489,65.164,63.859,63.325,55.148,49.036,45.516,42.515
40.308,40.601,40.292,39.971,40.725,42.822,49.441,56.686,61.260,59.180,57.118,56.665,56.117,56.726,57.079,56.734,58.491,65.196,63.889,63.378,55.183,49.056,45.571,42.596
40.440,40.723,40.442,40.097,40.839,42.935,49.562,56.833,61.359,59.376,57.283,56.827,56.248,56.868,57.198,56.922,58.663,65.282,63.973,63.406,55.322,49.210,45.706,42.761
40.584,40.869,40.551,40.208,40.965,43.065,49.671,56.950,61.474,59.543,57.402,56.950,56.385,57.039,57.331,57.088,58.824,65.452,64.199,63.614,55.516,49.379,45.844,42.890
40.699,40.979,40.745,40.385,41.117,43.219,49.887,57.200,61.733,59.826,57.636,57.193,56.583,57.257,57.523,57.232,58.976,65.577,64.272,63.813,55.646,49.487,45.999,43.057
40.855,41.142,40.859,40.515,41.265,43.371,50.020,57.323,61.880,59.905,57.759,57.312,56.733,57.384,57.682,57.384,59.134,65.782,64.475,63.976,55.806,49.653,46.147,43.181
41.030,41.319,41.046,40.697,41.450,43.564,50.235,57.569,62.144,60.212,57.992,57.556,56.969,57.662,57.912,57.601,59.357,66.014,64.720,64.297,56.048,49.852,46.346,43.368
41.153,41.439,41.205,40.844,41.586,43.706,50.429,57.803,62.389,60.464,58.229,57.790,57.179,57.874,58.123,57.805,59.568,66.229,64.909,64.507,56.227,50.007,46.503,43.527
41.324,41.611,41.353,41.001,41.747,43.872,50.614,57.994,62.597,60.569,58.441,57.983,57.385,58.014,58.348,58.038,59.809,66.520,65.164,64.642,56.412,50.211,46.678,43.692
41.424,41.708,41.461,41.102,41.844,43.970,50.714,58.104,62.694,60.722,58.551,58.096,57.488,58.143,58.444,58.150,59.916,66.607,65.273,64.768,56.531,50.315,46.781,43.802
41.562,41.830,41.641,41.248,41.965,44.093,50.885,58.326,62.862,61.014,58.807,58.337,57.677,58.350,58.628,58.415,60.166,66.802,65.496,64.908,56.737,50.502,46.941,44.004
41.720,41.979,41.848,41.435,42.131,44.257,51.087,58.551,63.065,61.267,59.039,58.566,57.870,58.551,58.816,58.614,60.361,66.958,65.638,65.062,56.905,50.665,47.117,44.205
41.917,42.177,42.121,41.696,42.378,44.517,51.429,58.954,63.518,61.726,59.410,58.955,58.222,58.943,59.162,58.881,60.650,67.260,65.881,65.498,57.182,50.883,47.379,44.452
42.153,42.415,42.327,41.896,42.594,44.746,51.661,59.233,63.800,62.107,59.693,59.243,58.512,59.297,59.446,59.214,60.980,67.607,66.302,65.915,57.545,51.183,47.633,44.690
42.407,42.677,42.545,42.119,42.842,45.005,51.900,59.497,64.089,62.474,59.936,59.506,58.795,59.659,59.717,59.490,61.258,67.912,66.677,66.375,57.895,51.469,47.897,44.922
42.672,42.935,42.787,42.353,43.072,45.240,52.166,59.791,64.358,62.721,60.281,59.818,59.101,59.905,60.040,59.895,61.658,68.333,67.102,66.577,58.218,51.803,48.167,45.206
42.932,43.200,43.048,42.614,43.342,45.524,52.477,60.143,64.746,63.125,60.618,60.165,59.449,60.290,60.386,60.220,61.994,68.705,67.480,67.030,58.570,52.103,48.459,45.472
43.182,43.465,43.202,42.800,43.570,45.759,52.655,60.300,64.943,63.250,60.769,60.319,59.667,60.502,60.614,60.447,62.229,69.021,67.836,67.336,58.849,52.373,48.686,45.651
43.500,43.785,43.512,43.106,43.884,46.091,53.035,60.741,65.414,63.725,61.217,60.763,60.107,60.954,61.060,60.906,62.699,69.542,68.363,67.844,59.297,52.768,49.044,45.986
43.933,44.211,43.922,43.483,44.271,46.508,53.521,61.361,66.019,64.533,61.875,61.411,60.725,61.663,61.672,61.656,63.442,70.309,69.249,68.619,60.030,53.375,49.538,46.474
44.336,44.634,44.153,43.754,44.612,46.863,53.770,61.591,66.281,64.792,62.108,61.648,61.060,62.033,62.013,62.060,63.844,70.816,69.890,69.143,60.529,53.836,49.897,46.767
44.556,44.846,44.519,44.096,44.908,47.170,54.240,62.140,66.887,65.284,62.645,62.179,61.517,62.437,62.484,62.417,64.234,71.222,70.120,69.508,60.794,54.082,50.213,47.089
45.160,45.461,45.050,44.630,45.484,47.775,54.846,62.828,67.616,66.147,63.322,62.875,62.239,63.278,63.195,63.178,65.002,72.062,71.083,70.517,61.642,54.802,50.853,47.674
45.987,46.318,45.675,45.306,46.251,48.578,55.593,63.612,68.498,66.929,64.111,63.661,63.143,64.192,64.124,64.152,65.997,73.265,72.394,71.672,62.697,55.773,51.680,48.386
46.526,46.851,46.193,45.802,46.755,49.102,56.153,64.261,69.129,67.722,64.787,64.331,63.794,64.916,64.767,64.898,66.735,74.013,73.238,72.442,63.441,56.429,52.256,48.960
47.384,47.729,46.916,46.537,47.565,49.953,56.972,65.183,70.112,68.898,65.689,65.263,64.784,66.084,65.741,65.950,67.793,75.183,74.612,73.876,64.641,57.447,53.150,49.766
47.989,48.315,47.523,47.102,48.115,50.515,57.589,65.891,70.749,69.732,66.461,66.008,65.479,66.817,66.433,66.810,68.630,75.981,75.506,74.558,65.427,58.177,53.784,50.441
49.422,49.787,48.744,48.385,49.502,51.980,59.149,67.614,72.690,71.358,68.211,67.725,67.322,68.582,68.342,68.721,70.612,78.358,77.880,76.677,67.334,59.927,55.320,51.791
50.665,50.990,50.368,49.871,50.874,53.409,61.027,69.876,74.999,74.018,70.457,69.991,69.315,70.769,70.305,70.630,72.562,80.231,79.621,78.857,69.110,61.415,56.873,53.393
53.698,54.069,53.661,53.148,54.175,56.852,64.995,74.340,79.961,78.851,74.711,74.357,73.584,75.317,74.576,74.400,76.518,84.586,83.694,84.053,73.046,64.814,60.376,56.626
