0.144,-6.364,-10.409,-13.211,-14.947,-17.935,-17.862,-17.197,-20.346,-21.615,-30.379,-31.534,-35.165,-42.859,-46.585,-39.728,-27.314,-10.897,3.262,14.673,20.186,22.488,20.831,9.306
7.845,2.520,-1.014,-3.454,-4.789,-6.981,-6.398,-5.635,-8.343,-9.282,-16.308,-16.456,-19.013,-26.385,-28.464,-23.395,-13.250,0.975,12.661,22.221,25.622,26.699,24.534,15.076
11.573,5.997,2.862,0.464,-0.771,-2.250,-2.435,-1.735,-3.774,-5.058,-11.160,-12.119,-15.111,-21.617,-24.858,-19.887,-10.661,2.484,14.085,22.694,26.877,28.171,26.526,18.297
14.454,9.292,6.418,4.166,3.119,2.119,2.000,2.725,0.969,-0.155,-5.469,-6.157,-8.862,-15.133,-18.001,-13.655,-5.388,6.752,17.365,25.182,28.437,29.242,27.515,20.345
16.023,11.074,8.376,6.224,5.232,4.342,4.176,4.881,3.289,2.077,-2.798,-3.509,-6.042,-11.956,-14.677,-10.698,-3.035,8.424,18.547,25.786,29.164,29.943,28.261,21.538
16.804,12.004,9.382,7.288,6.344,5.552,5.406,6.101,4.567,3.448,-1.264,-1.906,-4.375,-10.179,-12.817,-8.954,-1.512,9.630,19.429,26.484,29.547,30.218,28.562,22.113
17.654,12.981,10.447,8.427,7.496,6.683,6.478,7.122,5.627,4.567,-0.095,-0.818,-3.303,-8.829,-11.552,-7.659,-0.343,10.437,19.971,26.878,29.920,30.677,29.189,22.891
18.132,13.492,11.002,9.010,8.095,7.327,7.066,7.686,6.230,5.226,0.593,-0.188,-2.729,-8.137,-10.981,-7.031,0.249,10.870,20.302,27.166,30.110,30.886,29.499,23.327
18.508,13.886,11.429,9.461,8.558,7.827,7.500,8.089,6.657,5.749,1.076,0.225,-2.420,-7.719,-10.746,-6.655,0.678,11.189,20.550,27.453,30.236,31.042,29.789,23.712
18.837,14.269,11.841,9.895,9.009,8.308,7.985,8.569,7.157,6.281,1.665,0.832,-1.793,-7.042,-10.047,-5.993,1.260,11.650,20.894,27.728,30.411,31.187,29.951,23.970
19.165,14.591,12.192,10.247,9.386,8.799,8.441,9.031,7.678,6.824,2.304,1.464,-1.189,-6.430,-9.495,-5.465,1.708,12.024,21.222,27.996,30.546,31.257,30.029,24.211
19.482,14.903,12.531,10.597,9.733,9.142,8.730,9.305,7.981,7.094,2.602,1.686,-0.994,-6.135,-9.281,-5.237,1.893,12.120,21.309,28.024,30.706,31.481,30.315,24.528
19.723,15.109,12.747,10.800,9.945,9.422,8.981,9.568,8.284,7.366,2.945,2.012,-0.680,-5.835,-9.015,-5.008,2.064,12.288,21.508,28.176,30.877,31.624,30.440,24.726
19.915,15.327,12.968,11.029,10.179,9.659,9.236,9.822,8.534,7.640,3.224,2.316,-0.361,-5.520,-8.670,-4.674,2.389,12.589,21.765,28.428,31.059,31.784,30.595,24.899
20.144,15.602,13.255,11.334,10.486,9.939,9.533,10.113,8.818,7.932,3.526,2.634,-0.010,-5.128,-8.227,-4.260,2.764,12.894,21.994,28.619,31.246,31.977,30.795,25.106
20.302,15.768,13.430,11.508,10.668,10.151,9.757,10.348,9.072,8.161,3.823,2.957,0.351,-4.783,-7.826,-3.935,3.012,13.115,22.189,28.750,31.380,32.074,30.851,25.209
20.479,15.976,13.642,11.729,10.893,10.370,9.996,10.586,9.304,8.408,4.077,3.238,0.656,-4.473,-7.473,-3.604,3.323,13.395,22.418,28.964,31.548,32.227,30.996,25.366
20.604,16.125,13.794,11.886,11.056,10.537,10.183,10.776,9.492,8.607,4.293,3.483,0.926,-4.211,-7.165,-3.325,3.575,13.625,22.607,29.135,31.670,32.324,31.077,25.465
20.754,16.269,13.945,12.038,11.210,10.706,10.335,10.925,9.653,8.768,4.466,3.637,1.064,-4.055,-7.043,-3.194,3.698,13.729,22.712,29.229,31.768,32.427,31.196,25.609
20.857,16.374,14.052,12.147,11.319,10.812,10.440,11.029,9.758,8.871,4.571,3.740,1.168,-3.944,-6.932,-3.085,3.803,13.826,22.804,29.316,31.863,32.526,31.297,25.711
21.000,16.549,14.234,12.340,11.511,10.982,10.626,11.213,9.937,9.043,4.757,3.942,1.404,-3.686,-6.621,-2.810,4.041,14.020,22.950,29.425,31.994,32.661,31.426,25.837
21.135,16.704,14.390,12.500,11.677,11.153,10.814,11.402,10.121,9.250,4.966,4.176,1.650,-3.450,-6.358,-2.555,4.290,14.257,23.152,29.629,32.128,32.771,31.528,25.955
21.272,16.856,14.544,12.659,11.838,11.308,10.979,11.566,10.281,9.418,5.135,4.357,1.843,-3.254,-6.141,-2.346,4.492,14.444,23.315,29.786,32.262,32.900,31.655,26.084
21.423,16.995,14.693,12.808,11.989,11.481,11.125,11.709,10.444,9.573,5.310,4.503,1.967,-3.103,-6.038,-2.235,4.587,14.513,23.389,29.841,32.340,32.988,31.764,26.226
21.534,17.088,14.785,12.894,12.075,11.579,11.212,11.799,10.540,9.662,5.402,4.584,2.036,-3.043,-6.001,-2.190,4.637,14.580,23.483,29.940,32.452,33.100,31.876,26.342
21.685,17.253,14.962,13.077,12.267,11.801,11.429,12.015,10.771,9.911,5.678,4.865,2.313,-2.752,-5.719,-1.916,4.883,14.783,23.646,30.082,32.529,33.155,31.939,26.461
21.791,17.357,15.068,13.181,12.371,11.908,11.539,12.129,10.891,10.008,5.802,4.991,2.457,-2.611,-5.555,-1.786,4.980,14.875,23.740,30.146,32.635,33.259,32.025,26.552
21.890,17.450,15.161,13.272,12.467,12.028,11.656,12.249,11.018,10.147,5.949,5.144,2.600,-2.483,-5.439,-1.666,5.103,15.004,23.870,30.284,32.723,33.326,32.090,26.641
22.067,17.699,15.429,13.566,12.767,12.300,11.956,12.540,11.301,10.453,6.273,5.500,2.941,-2.094,-5.110,-1.290,5.492,15.330,24.076,30.435,32.830,33.429,32.201,26.778
22.150,17.744,15.471,13.595,12.797,12.363,11.995,12.583,11.359,10.503,6.328,5.517,3.002,-2.047,-4.986,-1.231,5.497,15.330,24.130,30.506,32.906,33.502,32.278,26.869
22.253,17.825,15.550,13.672,12.870,12.437,12.043,12.623,11.399,10.560,6.348,5.532,3.003,-2.028,-4.910,-1.178,5.534,15.342,24.175,30.595,32.989,33.609,32.424,27.006
22.385,17.981,15.723,13.853,13.059,12.642,12.253,12.837,11.632,10.774,6.625,5.805,3.265,-1.749,-4.720,-0.966,5.733,15.517,24.297,30.642,33.051,33.654,32.452,27.085
22.492,18.083,15.822,13.949,13.153,12.734,12.347,12.933,11.727,10.858,6.712,5.895,3.360,-1.662,-4.623,-0.879,5.816,15.613,24.405,30.748,33.180,33.783,32.571,27.195
22.585,18.204,15.944,14.079,13.283,12.842,12.477,13.062,11.844,10.982,6.833,6.039,3.531,-1.485,-4.398,-0.673,6.010,15.785,24.537,30.869,33.286,33.886,32.666,27.279
22.698,18.324,16.070,14.207,13.414,12.981,12.618,13.205,11.995,11.122,7.001,6.212,3.720,-1.291,-4.184,-0.490,6.158,15.910,24.645,30.945,33.376,33.968,32.737,27.370
22.799,18.429,16.181,14.323,13.530,13.100,12.726,13.308,12.104,11.235,7.116,6.313,3.810,-1.178,-4.093,-0.388,6.257,15.986,24.710,31.004,33.435,34.037,32.825,27.470
22.896,18.536,16.294,14.441,13.650,13.221,12.846,13.427,12.225,11.361,7.249,6.446,3.947,-1.027,-3.940,-0.239,6.393,16.097,24.800,31.081,33.503,34.104,32.898,27.557
23.049,18.686,16.458,14.607,13.822,13.418,13.023,13.602,12.422,11.553,7.473,6.651,4.141,-0.807,-3.751,-0.056,6.543,16.207,24.897,31.146,33.572,34.173,32.982,27.687
23.161,18.793,16.577,14.726,13.948,13.579,13.163,13.742,12.583,11.717,7.667,6.830,4.304,-0.630,-3.608,0.086,6.659,16.293,24.973,31.200,33.606,34.199,33.020,27.777
23.263,18.901,16.685,14.838,14.061,13.694,13.281,13.858,12.697,11.845,7.789,6.956,4.426,-0.506,-3.489,0.215,6.796,16.424,25.092,31.327,33.698,34.285,33.113,27.877
23.374,19.005,16.798,14.951,14.180,13.840,13.407,13.981,12.836,11.997,7.951,7.100,4.545,-0.373,-3.402,0.322,6.901,16.510,25.173,31.407,33.744,34.327,33.176,27.979
23.452,19.096,16.890,15.047,14.279,13.942,13.519,14.094,12.948,12.118,8.079,7.244,4.699,-0.222,-3.230,0.481,7.049,16.646,25.287,31.513,33.818,34.388,33.230,28.043
23.537,19.193,16.990,15.150,14.386,14.056,13.639,14.215,13.070,12.248,8.219,7.396,4.861,-0.062,-3.055,0.645,7.199,16.781,25.400,31.617,33.891,34.447,33.284,28.114
23.643,19.310,17.113,15.275,14.516,14.198,13.789,14.370,13.234,12.403,8.408,7.600,5.086,0.161,-2.799,0.862,7.373,16.932,25.526,31.708,33.976,34.514,33.334,28.190
23.743,19.415,17.221,15.383,14.628,14.322,13.919,14.502,13.371,12.540,8.564,7.767,5.263,0.332,-2.611,1.030,7.521,17.070,25.650,31.817,34.067,34.588,33.397,28.271
23.842,19.516,17.322,15.485,14.735,14.442,14.035,14.616,13.483,12.684,8.691,7.896,5.370,0.436,-2.537,1.138,7.657,17.208,25.779,31.975,34.147,34.658,33.483,28.374
23.958,19.647,17.465,15.639,14.887,14.581,14.162,14.733,13.605,12.807,8.815,7.998,5.468,0.582,-2.410,1.274,7.779,17.280,25.822,31.997,34.199,34.736,33.590,28.489
24.051,19.747,17.569,15.748,14.997,14.692,14.266,14.833,13.705,12.921,8.921,8.098,5.557,0.687,-2.328,1.379,7.892,17.375,25.902,32.082,34.261,34.803,33.676,28.584
24.143,19.831,17.653,15.833,15.080,14.773,14.336,14.898,13.770,12.995,8.978,8.137,5.576,0.717,-2.322,1.404,7.940,17.426,25.964,32.162,34.337,34.893,33.786,28.691
24.233,19.932,17.756,15.939,15.188,14.879,14.447,15.007,13.876,13.114,9.092,8.258,5.698,0.842,-2.198,1.538,8.077,17.553,26.073,32.275,34.420,34.972,33.869,28.778
24.339,20.048,17.877,16.067,15.319,15.012,14.571,15.123,13.991,13.261,9.218,8.375,5.792,0.959,-2.118,1.658,8.220,17.672,26.169,32.390,34.480,35.037,33.966,28.890
24.419,20.121,17.953,16.142,15.398,15.115,14.661,15.213,14.090,13.374,9.335,8.484,5.881,1.048,-2.063,1.731,8.298,17.748,26.247,32.476,34.525,35.073,34.014,28.965
24.533,20.237,18.078,16.269,15.527,15.252,14.791,15.343,14.233,13.499,9.491,8.632,6.038,1.222,-1.884,1.884,8.413,17.833,26.321,32.513,34.597,35.147,34.086,29.059
24.631,20.336,18.186,16.379,15.638,15.371,14.898,15.449,14.350,13.607,9.617,8.745,6.149,1.355,-1.764,1.996,8.502,17.894,26.372,32.539,34.647,35.204,34.153,29.146
24.705,20.419,18.269,16.464,15.723,15.451,14.988,15.540,14.439,13.691,9.710,8.849,6.270,1.472,-1.618,2.121,8.612,17.999,26.465,32.620,34.733,35.285,34.221,29.212
24.788,20.492,18.339,16.531,15.790,15.524,15.058,15.613,14.515,13.760,9.783,8.920,6.338,1.531,-1.565,2.173,8.665,18.065,26.547,32.704,34.825,35.374,34.305,29.296
24.887,20.580,18.423,16.610,15.868,15.605,15.138,15.694,14.593,13.841,9.853,8.989,6.397,1.578,-1.529,2.221,8.732,18.154,26.655,32.830,34.944,35.492,34.422,29.405
25.009,20.719,18.566,16.762,16.020,15.743,15.274,15.821,14.712,13.989,9.973,9.103,6.498,1.705,-1.422,2.364,8.898,18.296,26.769,32.962,35.037,35.598,34.558,29.538
25.096,20.807,18.654,16.850,16.107,15.826,15.358,15.906,14.798,14.066,10.056,9.187,6.588,1.796,-1.322,2.453,8.978,18.375,26.849,33.033,35.128,35.691,34.646,29.623
25.174,20.884,18.724,16.916,16.171,15.880,15.428,15.982,14.868,14.115,10.115,9.262,6.690,1.876,-1.197,2.545,9.056,18.472,26.956,33.129,35.259,35.816,34.742,29.698
25.248,20.971,18.808,17.001,16.256,15.959,15.526,16.082,14.960,14.212,10.211,9.382,6.828,1.999,-1.036,2.689,9.196,18.617,27.086,33.260,35.367,35.909,34.817,29.766
25.358,21.077,18.918,17.109,16.368,16.092,15.657,16.219,15.111,14.346,10.382,9.557,7.014,2.179,-0.843,2.847,9.315,18.725,27.192,33.333,35.454,35.982,34.873,29.850
25.486,21.220,19.057,17.250,16.508,16.213,15.797,16.360,15.238,14.478,10.503,9.698,7.174,2.331,-0.655,3.026,9.498,18.912,27.364,33.510,35.620,36.143,35.024,29.980
25.557,21.303,19.142,17.340,16.598,16.297,15.889,16.451,15.327,14.569,10.597,9.801,7.289,2.450,-0.515,3.154,9.617,19.017,27.449,33.586,35.689,36.210,35.087,30.044
25.665,21.415,19.259,17.457,16.719,16.427,16.019,16.584,15.468,14.700,10.755,9.961,7.460,2.624,-0.329,3.316,9.747,19.130,27.551,33.660,35.774,36.288,35.156,30.133
25.748,21.511,19.352,17.554,16.814,16.509,16.116,16.680,15.554,14.793,10.838,10.060,7.572,2.731,-0.194,3.446,9.881,19.264,27.671,33.785,35.884,36.393,35.255,30.217
25.865,21.632,19.472,17.676,16.935,16.617,16.223,16.783,15.649,14.901,10.923,10.141,7.645,2.813,-0.123,3.539,9.998,19.381,27.783,33.917,36.004,36.524,35.400,30.348
25.973,21.727,19.560,17.754,17.013,16.704,16.320,16.890,15.757,14.989,11.027,10.260,7.779,2.912,0.004,3.636,10.082,19.499,27.928,34.055,36.162,36.665,35.508,30.450
26.101,21.863,19.697,17.891,17.153,16.852,16.485,17.063,15.936,15.147,11.225,10.482,8.035,3.151,0.298,3.873,10.272,19.680,28.094,34.182,36.301,36.781,35.589,30.546
26.211,21.992,19.817,18.010,17.273,16.958,16.628,17.214,16.072,15.279,11.363,10.667,8.263,3.342,0.573,4.103,10.485,19.913,28.309,34.390,36.491,36.944,35.708,30.643
26.325,22.124,19.950,18.148,17.414,17.100,16.783,17.369,16.221,15.449,11.529,10.852,8.457,3.532,0.783,4.310,10.693,20.108,28.474,34.559,36.603,37.040,35.802,30.747
26.497,22.303,20.123,18.320,17.592,17.288,16.983,17.570,16.414,15.676,11.738,11.083,8.680,3.730,0.983,4.531,10.941,20.374,28.728,34.847,36.795,37.207,35.967,30.919
26.625,22.434,20.262,18.461,17.738,17.458,17.151,17.742,16.601,15.857,11.956,11.306,8.912,3.963,1.225,4.744,11.115,20.522,28.858,34.944,36.880,37.274,36.025,31.016
26.777,22.590,20.418,18.619,17.896,17.609,17.300,17.887,16.742,16.009,12.092,11.438,9.037,4.096,1.347,4.883,11.269,20.675,29.007,35.105,37.029,37.430,36.193,31.178
26.899,22.684,20.510,18.700,17.978,17.720,17.399,17.994,16.865,16.109,12.219,11.556,9.147,4.185,1.419,4.941,11.313,20.743,29.114,35.202,37.152,37.541,36.288,31.291
27.022,22.797,20.619,18.802,18.085,17.848,17.532,18.133,17.007,16.256,12.374,11.725,9.315,4.322,1.561,5.076,11.450,20.904,29.287,35.384,37.295,37.659,36.389,31.405
27.175,22.929,20.754,18.932,18.215,17.995,17.661,18.264,17.154,16.381,12.520,11.851,9.431,4.441,1.653,5.163,11.521,20.978,29.388,35.469,37.424,37.793,36.523,31.554
27.314,23.086,20.903,19.085,18.369,18.138,17.820,18.419,17.288,16.563,12.656,12.008,9.577,4.573,1.786,5.337,11.748,21.221,29.611,35.745,37.596,37.954,36.696,31.711
27.479,23.264,21.081,19.264,18.552,18.322,18.024,18.629,17.497,16.765,12.881,12.259,9.858,4.839,2.103,5.612,11.992,21.458,29.826,35.936,37.778,38.115,36.829,31.852
27.654,23.480,21.293,19.489,18.779,18.523,18.254,18.851,17.692,17.017,13.084,12.497,10.101,5.083,2.374,5.917,12.338,21.792,30.102,36.255,37.977,38.303,37.032,32.037
27.766,23.593,21.405,19.601,18.887,18.617,18.350,18.947,17.784,17.096,13.163,12.572,10.186,5.174,2.478,6.010,12.426,21.880,30.194,36.338,38.103,38.441,37.165,32.154
27.937,23.754,21.559,19.752,19.032,18.742,18.474,19.070,17.898,17.199,13.246,12.647,10.258,5.242,2.544,6.087,12.525,22.004,30.345,36.505,38.315,38.671,37.396,32.349
28.126,23.925,21.741,19.929,19.214,18.967,18.680,19.283,18.142,17.412,13.520,12.908,10.520,5.506,2.794,6.297,12.676,22.134,30.486,36.593,38.440,38.782,37.494,32.501
28.263,24.060,21.880,20.069,19.355,19.114,18.817,19.418,18.282,17.556,13.665,13.042,10.644,5.642,2.909,6.423,12.802,22.249,30.598,36.705,38.548,38.894,37.619,32.637
28.416,24.212,22.032,20.222,19.511,19.279,18.976,19.574,18.438,17.734,13.829,13.202,10.784,5.784,3.023,6.565,12.966,22.413,30.759,36.887,38.683,39.025,37.766,32.795
28.604,24.390,22.208,20.392,19.686,19.483,19.179,19.783,18.656,17.958,14.067,13.449,11.025,5.999,3.231,6.770,13.169,22.634,30.990,37.124,38.872,39.188,37.917,32.971
28.757,24.559,22.371,20.553,19.855,19.663,19.393,20.007,18.872,18.188,14.311,13.743,11.351,6.278,3.576,7.078,13.462,22.943,31.275,37.408,39.076,39.345,38.033,33.097
28.965,24.743,22.546,20.720,20.020,19.838,19.556,20.170,19.034,18.361,14.457,13.877,11.453,6.362,3.615,7.158,13.587,23.111,31.484,37.661,39.308,39.579,38.277,33.331
29.210,25.000,22.800,20.974,20.283,20.124,19.860,20.479,19.341,18.698,14.800,14.253,11.834,6.712,3.987,7.524,13.955,23.486,31.834,38.024,39.562,39.791,38.473,33.555
29.420,25.209,22.992,21.150,20.472,20.357,20.145,20.791,19.653,19.004,15.157,14.696,12.333,7.099,4.489,7.936,14.325,23.921,32.271,38.449,39.888,40.021,38.605,33.711
29.661,25.415,23.186,21.329,20.648,20.543,20.325,20.979,19.843,19.173,15.323,14.855,12.482,7.211,4.587,8.036,14.446,24.101,32.515,38.713,40.187,40.317,38.883,33.969
29.967,25.678,23.461,21.595,20.917,20.863,20.592,21.244,20.143,19.463,15.637,15.113,12.684,7.435,4.701,8.186,14.593,24.243,32.702,38.894,40.392,40.534,39.133,34.273
30.259,25.954,23.728,21.854,21.179,21.142,20.867,21.521,20.416,19.762,15.909,15.388,12.931,7.653,4.885,8.410,14.864,24.556,33.041,39.283,40.711,40.838,39.443,34.582
30.677,26.392,24.163,22.291,21.626,21.608,21.362,22.023,20.916,20.284,16.450,15.974,13.542,8.228,5.513,9.007,15.442,25.133,33.582,39.819,41.148,41.225,39.799,34.967
31.072,26.804,24.574,22.706,22.043,22.018,21.787,22.447,21.332,20.714,16.873,16.417,13.995,8.677,5.987,9.477,15.914,25.599,34.023,40.265,41.555,41.622,40.192,35.357
31.585,27.325,25.081,23.208,22.525,22.425,22.241,22.916,21.779,21.055,17.250,16.828,14.512,9.170,6.647,10.003,16.364,26.077,34.528,40.691,42.232,42.324,40.805,35.869
32.440,28.022,25.733,23.783,23.095,23.082,22.892,23.624,22.527,21.636,17.940,17.527,15.238,9.695,7.216,10.436,16.746,26.709,35.430,41.568,43.347,43.374,41.685,36.715
33.542,29.092,26.729,24.726,24.025,23.972,23.935,24.737,23.590,22.549,18.928,18.699,16.614,10.797,8.701,11.645,17.872,28.090,36.939,43.036,44.987,44.893,42.914,37.784
34.911,30.313,27.893,25.781,25.114,25.294,25.358,26.287,25.222,23.957,20.668,20.643,18.747,12.502,10.744,13.252,19.208,29.736,38.815,44.745,46.760,46.357,43.962,38.945
