0.405,-3.983,-8.866,-12.059,-10.061,-5.680,5.086,16.408,17.649,17.604,12.795,13.237,12.188,13.551,17.665,22.320,26.764,32.077,30.331,26.203,14.894,4.357,3.959,-2.811
4.506,0.280,-4.264,-7.052,-5.705,-1.712,8.606,19.949,21.646,21.269,17.122,17.094,15.794,17.214,20.818,25.314,29.598,34.343,33.012,28.237,18.250,10.006,8.608,1.420
7.287,3.102,-1.184,-3.671,-2.806,0.975,10.891,21.923,23.568,23.182,19.464,19.129,17.760,19.072,22.417,26.888,31.024,35.615,34.673,29.633,20.285,12.940,11.031,3.829
10.148,5.982,1.945,-0.237,0.208,3.932,13.347,23.869,25.292,24.871,21.585,21.002,19.649,20.753,23.907,28.393,32.292,36.857,36.472,31.128,22.275,15.636,13.173,6.270
11.400,7.337,3.379,1.260,1.742,5.525,14.652,24.893,26.300,25.727,22.567,22.025,20.728,21.771,24.862,29.256,32.979,37.450,37.249,31.828,23.204,16.965,14.344,7.780
12.348,8.358,4.484,2.427,2.855,6.553,15.509,25.593,27.008,26.422,23.357,22.789,21.495,22.525,25.534,29.850,33.505,37.869,37.701,32.318,23.918,17.931,15.280,8.789
13.638,9.734,5.942,3.951,4.405,8.163,16.823,26.571,27.895,27.215,24.265,23.739,22.519,23.461,26.427,30.669,34.151,38.470,38.492,33.083,24.850,19.101,16.343,10.227
13.976,10.182,6.394,4.354,4.990,8.768,17.316,26.947,28.326,27.562,24.569,24.172,23.002,23.969,26.931,31.054,34.462,38.676,38.612,33.334,25.165,19.481,16.862,10.944
14.582,10.815,7.075,5.094,5.672,9.456,17.883,27.421,28.802,27.973,25.078,24.645,23.476,24.413,27.324,31.429,34.769,38.941,39.001,33.623,25.601,20.190,17.415,11.581
15.185,11.453,7.752,5.800,6.380,10.174,18.481,27.883,29.230,28.372,25.525,25.104,23.962,24.865,27.754,31.826,35.100,39.247,39.374,33.997,26.053,20.738,17.930,12.232
15.991,12.287,8.664,6.799,7.261,11.003,19.164,28.442,29.771,28.894,26.174,25.681,24.530,25.398,28.210,32.259,35.472,39.564,39.810,34.365,26.619,21.583,18.632,12.979
16.671,12.992,9.422,7.586,8.019,11.708,19.764,28.879,30.120,29.209,26.536,26.123,25.002,25.834,28.626,32.638,35.710,39.783,40.143,34.740,27.061,22.009,19.133,13.571
16.685,13.057,9.483,7.640,8.188,12.000,19.931,28.916,30.151,29.314,26.622,26.126,25.054,25.851,28.658,32.647,35.825,39.915,40.168,34.831,27.128,22.085,19.135,13.836
17.660,14.020,10.523,8.749,9.144,12.833,20.689,29.548,30.676,29.877,27.272,26.772,25.696,26.453,29.213,33.201,36.279,40.365,40.741,35.430,27.827,22.768,19.857,14.514
17.960,14.315,10.824,9.074,9.466,13.228,21.020,29.805,30.891,30.037,27.474,26.975,25.922,26.636,29.402,33.408,36.432,40.549,41.048,35.642,28.044,23.062,20.037,14.820
18.287,14.695,11.208,9.442,9.922,13.719,21.435,30.143,31.247,30.329,27.760,27.325,26.302,27.016,29.781,33.733,36.703,40.776,41.274,35.896,28.334,23.423,20.423,15.342
18.712,15.148,11.687,9.927,10.429,14.215,21.849,30.427,31.467,30.581,28.015,27.608,26.618,27.306,30.070,33.992,36.925,40.998,41.495,36.207,28.653,23.659,20.735,15.766
19.111,15.571,12.139,10.393,10.898,14.668,22.227,30.698,31.696,30.830,28.279,27.884,26.917,27.583,30.337,34.233,37.134,41.197,41.704,36.473,28.950,23.933,21.048,16.163
19.363,15.836,12.416,10.674,11.188,14.954,22.476,30.894,31.869,31.010,28.464,28.080,27.126,27.781,30.532,34.415,37.298,41.357,41.868,36.667,29.155,24.123,21.259,16.422
19.445,15.943,12.520,10.774,11.323,15.115,22.610,31.026,32.041,31.120,28.584,28.221,27.269,27.933,30.675,34.535,37.392,41.417,41.945,36.707,29.237,24.326,21.423,16.628
19.703,16.252,12.852,11.090,11.685,15.407,22.855,31.198,32.212,31.340,28.775,28.452,27.515,28.197,30.924,34.720,37.572,41.542,41.963,36.888,29.456,24.465,21.724,16.956
19.885,16.448,13.058,11.299,11.895,15.603,23.032,31.356,32.377,31.503,28.944,28.624,27.688,28.372,31.089,34.870,37.715,41.667,42.079,37.021,29.616,24.652,21.922,17.161
20.070,16.640,13.259,11.513,12.109,15.838,23.224,31.504,32.512,31.613,29.078,28.759,27.833,28.500,31.212,34.990,37.807,41.758,42.218,37.130,29.748,24.838,22.065,17.363
20.460,17.048,13.710,12.014,12.542,16.201,23.537,31.750,32.731,31.801,29.342,28.995,28.079,28.711,31.388,35.154,37.915,41.846,42.406,37.262,29.982,25.234,22.360,17.738
20.479,17.066,13.731,12.032,12.560,16.243,23.571,31.803,32.841,31.944,29.476,29.100,28.147,28.819,31.473,35.231,38.040,41.932,42.414,37.300,30.059,25.341,22.501,17.743
20.549,17.126,13.794,12.109,12.586,16.251,23.587,31.880,32.933,32.023,29.578,29.175,28.209,28.881,31.524,35.295,38.108,41.998,42.507,37.343,30.127,25.479,22.581,17.783
20.627,17.187,13.865,12.202,12.618,16.291,23.611,31.943,33.010,32.106,29.691,29.243,28.253,28.929,31.553,35.342,38.169,42.056,42.587,37.375,30.195,25.620,22.662,17.792
20.744,17.282,13.947,12.298,12.685,16.358,23.744,32.122,33.166,32.240,29.869,29.407,28.416,29.076,31.684,35.472,38.263,42.148,42.752,37.495,30.344,25.876,22.824,17.920
20.804,17.331,13.989,12.345,12.724,16.425,23.818,32.145,33.252,32.287,29.901,29.425,28.426,29.093,31.712,35.529,38.356,42.247,42.847,37.504,30.363,25.917,22.849,17.986
20.888,17.454,14.154,12.520,12.909,16.556,23.854,32.243,33.359,32.365,29.992,29.506,28.492,29.165,31.786,35.619,38.441,42.341,42.980,37.575,30.415,26.045,22.889,18.042
21.351,17.920,14.643,13.040,13.390,17.040,24.287,32.515,33.550,32.602,30.279,29.792,28.811,29.442,32.030,35.818,38.582,42.458,43.127,37.818,30.745,26.367,23.262,18.487
21.414,18.001,14.724,13.108,13.481,17.109,24.360,32.597,33.657,32.713,30.373,29.902,28.918,29.568,32.150,35.916,38.687,42.535,43.153,37.889,30.830,26.450,23.395,18.603
21.607,18.198,14.939,13.345,13.688,17.305,24.521,32.725,33.775,32.830,30.520,30.031,29.046,29.684,32.250,36.014,38.770,42.611,43.262,37.980,30.963,26.639,23.549,18.770
21.846,18.431,15.191,13.622,13.924,17.538,24.721,32.887,33.909,32.969,30.694,30.180,29.195,29.813,32.367,36.141,38.881,42.731,43.432,38.122,31.133,26.847,23.710,18.949
22.033,18.620,15.394,13.846,14.130,17.765,24.904,33.031,34.043,33.073,30.833,30.309,29.330,29.929,32.473,36.248,38.960,42.809,43.573,38.213,31.259,27.056,23.850,19.140
22.222,18.818,15.606,14.068,14.345,17.969,25.075,33.157,34.149,33.191,30.962,30.437,29.466,30.055,32.592,36.358,39.056,42.901,43.672,38.334,31.398,27.191,23.998,19.316
22.391,18.990,15.795,14.282,14.524,18.147,25.219,33.281,34.275,33.297,31.107,30.559,29.582,30.161,32.678,36.445,39.125,42.958,43.779,38.392,31.510,27.408,24.145,19.474
22.501,19.084,15.890,14.388,14.598,18.221,25.305,33.384,34.371,33.399,31.223,30.652,29.667,30.240,32.756,36.541,39.229,43.076,43.920,38.501,31.618,27.526,24.228,19.529
22.664,19.251,16.071,14.586,14.780,18.411,25.459,33.505,34.487,33.496,31.347,30.767,29.785,30.345,32.849,36.633,39.299,43.140,44.027,38.576,31.728,27.706,24.360,19.695
22.875,19.460,16.298,14.832,14.992,18.602,25.624,33.631,34.582,33.618,31.490,30.890,29.910,30.456,32.950,36.736,39.396,43.244,44.149,38.710,31.880,27.848,24.498,19.839
22.910,19.497,16.335,14.868,15.022,18.618,25.652,33.683,34.656,33.690,31.562,30.956,29.966,30.524,33.011,36.793,39.463,43.296,44.185,38.745,31.931,27.925,24.576,19.884
22.991,19.572,16.412,14.956,15.093,18.700,25.730,33.768,34.745,33.762,31.652,31.033,30.038,30.591,33.073,36.864,39.528,43.364,44.285,38.802,32.002,28.050,24.652,19.958
23.123,19.705,16.556,15.111,15.231,18.829,25.841,33.859,34.826,33.848,31.753,31.124,30.129,30.675,33.149,36.940,39.597,43.431,44.366,38.881,32.100,28.166,24.756,20.068
23.328,19.911,16.775,15.346,15.451,19.062,26.034,34.004,34.943,33.959,31.888,31.252,30.267,30.792,33.262,37.056,39.690,43.533,44.515,39.010,32.244,28.334,24.889,20.250
23.381,19.958,16.819,15.396,15.488,19.102,26.084,34.078,35.031,34.035,31.972,31.325,30.332,30.860,33.326,37.127,39.764,43.606,44.600,39.064,32.308,28.438,24.960,20.301
23.497,20.083,16.946,15.522,15.627,19.252,26.217,34.194,35.150,34.138,32.079,31.441,30.453,30.979,33.443,37.236,39.861,43.695,44.699,39.156,32.412,28.569,25.083,20.453
23.612,20.184,17.051,15.635,15.707,19.313,26.296,34.291,35.241,34.253,32.199,31.539,30.541,31.067,33.528,37.334,39.975,43.818,44.818,39.276,32.528,28.667,25.179,20.503
23.703,20.278,17.149,15.733,15.803,19.393,26.374,34.362,35.308,34.335,32.278,31.617,30.619,31.147,33.605,37.406,40.051,43.890,44.875,39.356,32.612,28.731,25.266,20.583
23.776,20.354,17.227,15.821,15.886,19.499,26.463,34.458,35.427,34.407,32.375,31.708,30.706,31.232,33.680,37.481,40.108,43.935,44.964,39.380,32.672,28.905,25.366,20.700
23.898,20.477,17.356,15.963,16.012,19.632,26.579,34.566,35.536,34.500,32.489,31.810,30.807,31.325,33.765,37.569,40.185,44.008,45.070,39.451,32.768,29.062,25.477,20.821
23.963,20.548,17.425,16.033,16.090,19.722,26.661,34.653,35.640,34.577,32.573,31.899,30.894,31.415,33.851,37.651,40.256,44.068,45.143,39.499,32.833,29.183,25.571,20.928
24.155,20.711,17.597,16.236,16.230,19.881,26.815,34.811,35.777,34.703,32.743,32.024,31.010,31.508,33.937,37.773,40.372,44.213,45.373,39.636,32.983,29.402,25.680,21.028
24.227,20.789,17.678,16.319,16.313,19.960,26.888,34.887,35.868,34.783,32.829,32.109,31.092,31.594,34.016,37.845,40.441,44.268,45.428,39.685,33.052,29.510,25.779,21.122
24.270,20.836,17.722,16.361,16.358,20.006,26.940,34.961,35.964,34.863,32.910,32.190,31.167,31.678,34.095,37.920,40.518,44.332,45.488,39.729,33.112,29.613,25.867,21.196
24.346,20.914,17.801,16.448,16.436,20.090,27.019,35.051,36.071,34.947,33.009,32.280,31.252,31.764,34.173,37.999,40.590,44.394,45.572,39.776,33.183,29.756,25.966,21.291
24.457,21.019,17.910,16.566,16.536,20.192,27.117,35.148,36.164,35.038,33.113,32.372,31.340,31.847,34.253,38.086,40.675,44.484,45.681,39.865,33.280,29.873,26.058,21.379
24.656,21.217,18.127,16.802,16.742,20.385,27.279,35.270,36.263,35.150,33.249,32.491,31.462,31.954,34.348,38.183,40.760,44.571,45.794,39.977,33.418,30.026,26.194,21.531
24.791,21.358,18.270,16.938,16.891,20.521,27.407,35.368,36.335,35.254,33.337,32.592,31.572,32.061,34.462,38.289,40.870,44.687,45.883,40.123,33.543,30.065,26.294,21.647
24.949,21.509,18.428,17.100,17.035,20.645,27.533,35.478,36.421,35.376,33.456,32.703,31.684,32.168,34.570,38.401,40.990,44.819,46.003,40.276,33.683,30.143,26.404,21.744
25.066,21.605,18.505,17.166,17.103,20.729,27.661,35.607,36.536,35.478,33.566,32.807,31.791,32.262,34.672,38.523,41.106,44.958,46.182,40.412,33.801,30.266,26.483,21.838
25.069,21.614,18.528,17.206,17.133,20.771,27.664,35.660,36.606,35.564,33.626,32.870,31.845,32.334,34.752,38.606,41.216,45.069,46.248,40.499,33.860,30.277,26.532,21.841
25.230,21.775,18.677,17.339,17.287,20.925,27.839,35.805,36.738,35.689,33.754,33.008,31.993,32.473,34.894,38.743,41.339,45.195,46.387,40.643,34.002,30.414,26.670,22.015
25.294,21.835,18.728,17.371,17.334,20.951,27.900,35.888,36.819,35.806,33.838,33.102,32.085,32.578,35.010,38.858,41.480,45.342,46.478,40.790,34.111,30.423,26.751,22.060
25.386,21.926,18.812,17.450,17.424,21.057,28.014,36.017,36.960,35.930,33.958,33.228,32.211,32.707,35.143,38.993,41.613,45.474,46.614,40.908,34.224,30.554,26.868,22.181
25.427,21.980,18.860,17.486,17.489,21.120,28.078,36.084,37.041,36.004,34.017,33.306,32.292,32.798,35.237,39.072,41.691,45.540,46.652,40.971,34.285,30.607,26.952,22.273
25.643,22.184,19.069,17.714,17.697,21.369,28.296,36.267,37.194,36.132,34.175,33.452,32.448,32.926,35.368,39.223,41.815,45.690,46.883,41.135,34.449,30.815,27.081,22.459
25.685,22.226,19.106,17.742,17.729,21.385,28.337,36.336,37.279,36.227,34.257,33.535,32.523,33.015,35.456,39.308,41.918,45.785,46.945,41.216,34.525,30.873,27.165,22.505
25.820,22.354,19.238,17.874,17.849,21.485,28.445,36.438,37.362,36.345,34.367,33.639,32.627,33.117,35.561,39.417,42.039,45.917,47.058,41.363,34.655,30.937,27.265,22.587
25.905,22.439,19.326,17.961,17.927,21.539,28.509,36.511,37.437,36.442,34.459,33.725,32.707,33.204,35.644,39.498,42.133,46.005,47.120,41.452,34.747,31.003,27.360,22.650
26.021,22.567,19.446,18.079,18.082,21.752,28.692,36.680,37.625,36.557,34.587,33.875,32.870,33.359,35.803,39.650,42.248,46.113,47.283,41.547,34.856,31.219,27.504,22.873
26.154,22.689,19.574,18.219,18.191,21.852,28.795,36.788,37.724,36.669,34.712,33.979,32.967,33.451,35.889,39.749,42.353,46.226,47.410,41.659,34.975,31.344,27.608,22.953
26.359,22.885,19.778,18.435,18.381,22.034,28.967,36.933,37.836,36.807,34.860,34.113,33.104,33.574,36.012,39.882,42.486,46.378,47.578,41.835,35.144,31.472,27.738,23.089
26.530,23.049,19.944,18.604,18.548,22.215,29.137,37.075,37.948,36.927,34.982,34.237,33.237,33.692,36.139,40.018,42.614,46.528,47.750,42.007,35.293,31.580,27.844,23.228
26.707,23.217,20.116,18.782,18.712,22.376,29.295,37.216,38.064,37.063,35.120,34.368,33.372,33.817,36.267,40.155,42.753,46.683,47.913,42.179,35.451,31.696,27.967,23.356
26.897,23.409,20.321,18.978,18.909,22.562,29.458,37.352,38.186,37.194,35.269,34.505,33.509,33.944,36.385,40.272,42.861,46.789,48.037,42.302,35.598,31.863,28.120,23.516
26.956,23.490,20.355,19.002,19.013,22.731,29.640,37.532,38.370,37.339,35.363,34.665,33.696,34.135,36.614,40.491,43.067,47.010,48.236,42.520,35.739,31.926,28.231,23.712
26.966,23.491,20.368,19.006,19.021,22.757,29.678,37.605,38.486,37.413,35.426,34.747,33.775,34.232,36.712,40.577,43.150,47.071,48.286,42.549,35.775,32.021,28.315,23.797
27.105,23.644,20.516,19.149,19.183,22.920,29.818,37.720,38.592,37.516,35.542,34.859,33.891,34.339,36.813,40.676,43.238,47.158,48.393,42.648,35.891,32.160,28.437,23.940
27.240,23.777,20.643,19.280,19.330,23.124,30.001,37.891,38.764,37.630,35.674,35.000,34.042,34.475,36.956,40.828,43.358,47.288,48.590,42.770,36.014,32.362,28.559,24.129
27.342,23.898,20.751,19.355,19.455,23.220,30.115,38.002,38.883,37.757,35.788,35.127,34.170,34.611,37.091,40.949,43.482,47.399,48.670,42.884,36.131,32.462,28.697,24.265
27.349,23.902,20.763,19.392,19.459,23.240,30.141,38.103,39.048,37.905,35.907,35.261,34.288,34.767,37.245,41.085,43.643,47.524,48.728,42.958,36.212,32.574,28.842,24.346
27.521,24.088,20.948,19.562,19.643,23.386,30.294,38.251,39.205,38.066,36.083,35.424,34.445,34.927,37.390,41.221,43.779,47.642,48.843,43.078,36.368,32.769,29.033,24.518
27.836,24.384,21.256,19.884,19.927,23.655,30.559,38.484,39.387,38.295,36.321,35.640,34.664,35.126,37.593,41.445,44.009,47.905,49.123,43.375,36.642,32.961,29.235,24.718
28.024,24.580,21.453,20.067,20.119,23.801,30.723,38.646,39.540,38.505,36.499,35.829,34.853,35.329,37.798,41.634,44.223,48.112,49.252,43.601,36.849,33.053,29.435,24.880
28.247,24.787,21.661,20.304,20.332,24.091,30.975,38.882,39.772,38.654,36.704,36.014,35.042,35.486,37.952,41.818,44.363,48.274,49.553,43.747,37.020,33.391,29.597,25.116
28.559,25.106,21.990,20.669,20.687,24.531,31.334,39.195,40.094,38.860,36.982,36.283,35.322,35.733,38.184,42.058,44.531,48.437,49.872,43.899,37.244,33.867,29.875,25.516
28.628,25.208,22.081,20.728,20.825,24.677,31.470,39.315,40.237,38.985,37.069,36.425,35.480,35.907,38.368,42.204,44.667,48.544,49.922,44.012,37.347,33.942,30.028,25.717
28.890,25.450,22.342,21.025,21.047,24.886,31.666,39.510,40.418,39.173,37.304,36.608,35.648,36.060,38.502,42.362,44.824,48.712,50.150,44.178,37.552,34.220,30.222,25.878
29.074,25.621,22.504,21.192,21.200,25.060,31.859,39.740,40.664,39.392,37.535,36.825,35.856,36.268,38.710,42.587,45.051,48.946,50.417,44.382,37.758,34.484,30.423,26.061
29.204,25.749,22.626,21.307,21.312,25.155,31.985,39.918,40.875,39.603,37.738,37.021,36.037,36.468,38.906,42.781,45.266,49.145,50.584,44.549,37.933,34.681,30.626,26.204
29.520,26.036,22.924,21.639,21.567,25.412,32.249,40.209,41.165,39.883,38.065,37.293,36.289,36.707,39.128,43.039,45.525,49.421,50.934,44.801,38.217,35.066,30.894,26.425
29.851,26.387,23.276,21.977,21.948,25.792,32.601,40.507,41.438,40.172,38.333,37.595,36.612,37.025,39.456,43.345,45.819,49.713,51.195,45.134,38.530,35.295,31.201,26.792
30.141,26.641,23.513,22.227,22.165,26.066,32.906,40.868,41.807,40.495,38.679,37.913,36.918,37.319,39.759,43.694,46.167,50.097,51.664,45.472,38.848,35.696,31.469,27.045
30.478,27.012,23.882,22.575,22.592,26.520,33.312,41.199,42.124,40.791,38.952,38.244,37.282,37.677,40.132,44.030,46.469,50.387,51.936,45.803,39.165,35.969,31.807,27.500
31.004,27.513,24.383,23.124,23.095,27.138,33.877,41.759,42.691,41.225,39.476,38.730,37.768,38.119,40.563,44.508,46.882,50.827,52.592,46.203,39.618,36.715,32.264,28.050
31.527,28.032,24.865,23.598,23.640,27.842,34.555,42.445,43.402,41.777,40.049,39.342,38.403,38.730,41.204,45.170,47.478,51.449,53.361,46.780,40.169,37.447,32.808,28.750
32.302,28.722,25.517,24.286,24.283,28.680,35.404,43.322,44.223,42.474,40.811,40.064,39.138,39.390,41.909,45.992,48.251,52.352,54.540,47.639,40.936,38.345,33.377,29.435
32.862,29.164,25.854,24.605,24.591,29.196,36.105,44.290,45.253,43.350,41.683,40.899,39.939,40.186,42.775,47.003,49.294,53.521,55.890,48.616,41.749,39.291,33.995,29.976
33.597,29.836,26.238,24.817,25.189,30.363,37.573,46.298,47.614,45.104,43.313,42.716,41.752,42.078,44.836,49.174,51.422,55.714,58.315,50.341,43.193,41.286,35.437,31.556
