-1.183,-7.019,-10.676,-12.946,-16.083,-17.897,-19.595,-19.253,-18.293,-19.056,-18.972,-17.180,-20.728,-28.031,-33.381,-29.069,-19.669,-7.052,1.186,5.892,10.743,11.431,12.647,5.371
5.559,-0.119,-3.158,-4.931,-7.192,-8.768,-10.206,-10.300,-8.869,-9.827,-9.586,-7.864,-11.015,-16.999,-21.658,-18.414,-10.926,-0.574,7.408,12.485,17.017,17.397,18.593,13.152
9.097,4.209,0.722,-0.939,-2.764,-4.407,-6.063,-6.377,-4.605,-5.632,-5.648,-4.093,-6.827,-12.257,-16.899,-14.445,-7.832,1.994,10.112,15.223,19.110,19.716,21.416,16.593
11.331,6.861,3.361,1.785,0.232,-1.388,-3.070,-3.446,-1.565,-2.575,-2.756,-1.336,-3.756,-8.794,-13.361,-11.316,-5.276,4.017,11.945,16.944,20.462,21.105,22.995,18.627
13.242,9.381,5.414,3.950,2.697,1.013,-0.868,-1.483,0.688,-0.436,-0.695,0.658,-1.571,-6.192,-10.652,-9.224,-3.844,5.095,13.253,18.356,21.411,22.277,24.518,20.572
14.164,10.384,6.504,5.069,3.883,2.228,0.380,-0.227,1.934,0.834,0.539,1.849,-0.288,-4.791,-9.201,-7.848,-2.624,6.103,14.119,19.146,22.121,22.961,25.202,21.396
14.914,11.306,7.351,5.952,4.851,3.194,1.313,0.656,2.873,1.756,1.436,2.716,0.650,-3.718,-8.077,-6.884,-1.861,6.712,14.720,19.733,22.573,23.457,25.770,22.100
15.469,11.952,8.051,6.658,5.557,3.923,2.065,1.444,3.601,2.521,2.177,3.422,1.410,-2.912,-7.226,-6.031,-1.051,7.428,15.272,20.158,22.931,23.811,26.098,22.445
15.989,12.565,8.711,7.350,6.213,4.617,2.797,2.188,4.255,3.191,2.920,4.161,2.120,-2.140,-6.295,-5.073,-0.138,8.209,15.865,20.606,23.334,24.220,26.400,22.736
16.418,13.033,9.204,7.819,6.685,5.086,3.267,2.702,4.744,3.719,3.371,4.575,2.604,-1.670,-5.886,-4.652,0.305,8.675,16.261,20.936,23.623,24.506,26.720,23.041
16.715,13.333,9.578,8.205,7.058,5.484,3.701,3.157,5.149,4.142,3.815,5.012,3.043,-1.207,-5.366,-4.102,0.841,9.132,16.608,21.214,23.901,24.762,26.917,23.247
16.976,13.627,9.887,8.524,7.383,5.819,4.045,3.501,5.480,4.478,4.158,5.348,3.387,-0.832,-4.957,-3.705,1.204,9.442,16.869,21.442,24.106,24.966,27.106,23.457
17.402,14.095,10.343,8.998,7.942,6.373,4.584,4.008,6.057,5.041,4.676,5.846,3.955,-0.183,-4.331,-3.192,1.579,9.714,17.183,21.809,24.419,25.278,27.491,23.975
17.661,14.287,10.659,9.320,8.258,6.717,4.979,4.434,6.441,5.447,5.090,6.255,4.372,0.241,-3.884,-2.695,2.081,10.141,17.512,22.100,24.750,25.556,27.707,24.215
17.954,14.496,11.034,9.683,8.619,7.107,5.430,4.947,6.901,5.954,5.554,6.693,4.863,0.720,-3.437,-2.178,2.628,10.628,17.867,22.397,25.087,25.821,27.926,24.457
18.196,14.754,11.282,9.929,8.880,7.363,5.679,5.194,7.161,6.216,5.795,6.925,5.116,0.983,-3.193,-1.956,2.831,10.829,18.078,22.614,25.286,26.024,28.155,24.703
18.380,14.913,11.512,10.161,9.130,7.626,5.967,5.501,7.459,6.530,6.085,7.199,5.427,1.311,-2.877,-1.636,3.129,11.070,18.267,22.786,25.463,26.169,28.292,24.882
18.611,15.191,11.789,10.448,9.433,7.935,6.276,5.805,7.762,6.835,6.387,7.491,5.738,1.660,-2.503,-1.292,3.424,11.311,18.473,22.967,25.609,26.321,28.447,25.069
18.827,15.391,12.032,10.687,9.689,8.194,6.547,6.092,8.049,7.135,6.656,7.746,6.028,1.956,-2.235,-1.024,3.680,11.543,18.680,23.168,25.809,26.501,28.637,25.287
18.996,15.606,12.214,10.871,9.896,8.395,6.731,6.264,8.243,7.326,6.825,7.905,6.214,2.166,-2.034,-0.869,3.794,11.642,18.795,23.286,25.889,26.597,28.770,25.448
19.169,15.750,12.421,11.074,10.081,8.593,6.956,6.518,8.458,7.562,7.059,8.133,6.446,2.384,-1.811,-0.599,4.095,11.931,19.016,23.467,26.089,26.773,28.909,25.570
19.296,15.889,12.559,11.215,10.218,8.733,7.098,6.659,8.591,7.695,7.202,8.277,6.583,2.528,-1.650,-0.436,4.254,12.079,19.150,23.587,26.205,26.892,29.017,25.675
19.447,16.057,12.726,11.396,10.410,8.930,7.298,6.844,8.783,7.878,7.403,8.481,6.782,2.757,-1.387,-0.196,4.453,12.231,19.295,23.734,26.340,27.029,29.146,25.833
19.607,16.235,12.934,11.611,10.616,9.149,7.533,7.091,9.000,8.105,7.642,8.715,7.017,3.007,-1.101,0.105,4.745,12.482,19.479,23.871,26.469,27.151,29.237,25.924
19.723,16.351,13.063,11.733,10.727,9.262,7.651,7.223,9.114,8.230,7.759,8.827,7.135,3.113,-1.001,0.224,4.885,12.634,19.606,23.975,26.573,27.253,29.332,26.000
19.867,16.512,13.221,11.892,10.873,9.412,7.802,7.378,9.253,8.372,7.912,8.981,7.279,3.256,-0.837,0.398,5.067,12.816,19.763,24.108,26.699,27.385,29.449,26.099
19.974,16.622,13.342,12.021,11.000,9.546,7.944,7.516,9.383,8.500,8.058,9.131,7.418,3.408,-0.655,0.582,5.238,12.958,19.886,24.221,26.813,27.496,29.540,26.197
20.090,16.753,13.448,12.121,11.103,9.640,8.026,7.598,9.474,8.591,8.133,9.201,7.499,3.482,-0.604,0.623,5.284,13.030,19.979,24.319,26.900,27.593,29.661,26.311
20.187,16.894,13.557,12.231,11.208,9.743,8.117,7.686,9.556,8.672,8.218,9.284,7.580,3.569,-0.501,0.716,5.372,13.124,20.063,24.382,26.937,27.650,29.722,26.357
20.368,17.111,13.739,12.403,11.378,9.903,8.260,7.835,9.706,8.829,8.350,9.405,7.718,3.697,-0.398,0.811,5.479,13.268,20.214,24.518,27.047,27.778,29.879,26.494
20.537,17.283,13.970,12.665,11.655,10.205,8.595,8.156,10.013,9.130,8.696,9.757,8.059,4.100,0.090,1.285,5.877,13.536,20.413,24.696,27.223,27.933,29.979,26.657
20.621,17.349,14.041,12.727,11.714,10.261,8.649,8.219,10.078,9.200,8.750,9.808,8.117,4.140,0.097,1.307,5.923,13.610,20.498,24.787,27.324,28.030,30.085,26.753
20.717,17.455,14.126,12.802,11.775,10.315,8.694,8.272,10.123,9.250,8.791,9.848,8.155,4.155,0.101,1.320,5.967,13.698,20.592,24.872,27.405,28.121,30.185,26.819
20.798,17.508,14.189,12.854,11.830,10.365,8.743,8.331,10.190,9.322,8.839,9.891,8.213,4.193,0.101,1.324,5.983,13.754,20.668,24.964,27.511,28.218,30.300,26.930
20.891,17.590,14.249,12.913,11.911,10.436,8.801,8.373,10.268,9.389,8.892,9.946,8.277,4.260,0.134,1.332,5.993,13.755,20.726,25.070,27.618,28.327,30.442,27.098
21.023,17.693,14.397,13.080,12.116,10.652,9.034,8.590,10.509,9.621,9.130,10.185,8.530,4.559,0.449,1.612,6.193,13.875,20.848,25.227,27.784,28.467,30.578,27.315
21.198,17.934,14.653,13.339,12.345,10.896,9.291,8.869,10.730,9.862,9.387,10.430,8.773,4.814,0.763,1.954,6.541,14.193,21.055,25.333,27.854,28.549,30.617,27.317
21.336,18.124,14.811,13.491,12.504,11.047,9.425,9.009,10.871,10.011,9.506,10.535,8.906,4.951,0.881,2.051,6.630,14.297,21.152,25.408,27.890,28.603,30.703,27.399
21.457,18.291,14.937,13.614,12.627,11.162,9.524,9.104,10.970,10.109,9.594,10.617,8.996,5.044,0.971,2.124,6.697,14.382,21.244,25.486,27.938,28.673,30.794,27.478
21.573,18.397,15.055,13.727,12.747,11.281,9.643,9.231,11.101,10.245,9.712,10.728,9.123,5.168,1.071,2.224,6.799,14.489,21.351,25.598,28.051,28.779,30.912,27.603
21.655,18.444,15.148,13.811,12.833,11.372,9.749,9.355,11.217,10.375,9.820,10.828,9.243,5.275,1.151,2.325,6.918,14.606,21.446,25.687,28.157,28.863,30.992,27.688
21.770,18.580,15.276,13.939,12.966,11.503,9.876,9.483,11.346,10.507,9.941,10.943,9.370,5.410,1.282,2.444,7.025,14.709,21.544,25.775,28.229,28.941,31.082,27.783
21.920,18.756,15.423,14.089,13.143,11.673,10.031,9.623,11.515,10.668,10.086,11.082,9.530,5.592,1.450,2.569,7.109,14.779,21.645,25.900,28.329,29.051,31.227,27.963
22.047,18.910,15.573,14.250,13.308,11.843,10.201,9.785,11.674,10.824,10.256,11.251,9.697,5.783,1.674,2.776,7.286,14.920,21.768,26.009,28.421,29.148,31.316,28.067
22.160,19.021,15.704,14.379,13.429,11.969,10.337,9.932,11.804,10.962,10.394,11.387,9.833,5.917,1.814,2.934,7.455,15.082,21.898,26.117,28.532,29.253,31.405,28.147
22.235,19.109,15.770,14.447,13.498,12.035,10.394,9.981,11.861,11.013,10.449,11.444,9.886,5.972,1.871,2.980,7.495,15.129,21.962,26.187,28.594,29.326,31.486,28.227
22.335,19.199,15.863,14.533,13.589,12.121,10.478,10.071,11.957,11.114,10.530,11.520,9.976,6.052,1.924,3.033,7.558,15.209,22.052,26.284,28.694,29.421,31.597,28.338
22.482,19.389,16.015,14.685,13.756,12.280,10.620,10.203,12.106,11.258,10.659,11.642,10.115,6.206,2.070,3.145,7.643,15.295,22.156,26.392,28.769,29.515,31.721,28.475
22.601,19.499,16.146,14.806,13.869,12.395,10.740,10.342,12.230,11.396,10.779,11.754,10.240,6.314,2.158,3.254,7.776,15.446,22.283,26.500,28.881,29.619,31.825,28.563
22.694,19.574,16.240,14.889,13.956,12.479,10.827,10.444,12.333,11.510,10.864,11.829,10.338,6.398,2.203,3.309,7.848,15.535,22.370,26.587,28.974,29.701,31.922,28.660
22.815,19.690,16.377,15.016,14.086,12.609,10.960,10.595,12.479,11.670,10.992,11.944,10.481,6.532,2.305,3.419,7.970,15.666,22.482,26.685,29.067,29.785,32.019,28.756
22.912,19.780,16.478,15.114,14.188,12.711,11.064,10.704,12.589,11.784,11.095,12.043,10.590,6.639,2.399,3.513,8.065,15.762,22.574,26.777,29.160,29.873,32.113,28.856
23.031,19.899,16.611,15.247,14.313,12.841,11.201,10.849,12.719,11.920,11.235,12.181,10.727,6.773,2.542,3.671,8.232,15.924,22.711,26.895,29.280,29.989,32.214,28.948
23.133,19.954,16.720,15.349,14.410,12.945,11.325,10.992,12.848,12.061,11.365,12.308,10.863,6.893,2.643,3.802,8.388,16.078,22.840,27.020,29.433,30.116,32.326,29.059
23.212,20.041,16.812,15.445,14.510,13.048,11.431,11.097,12.951,12.165,11.472,12.413,10.970,7.011,2.772,3.926,8.498,16.168,22.918,27.091,29.498,30.180,32.386,29.129
23.336,20.204,16.946,15.579,14.638,13.173,11.546,11.210,13.058,12.271,11.581,12.520,11.075,7.120,2.894,4.041,8.610,16.289,23.031,27.185,29.569,30.269,32.479,29.207
23.435,20.306,17.054,15.681,14.737,13.272,11.645,11.319,13.160,12.381,11.677,12.610,11.176,7.213,2.973,4.128,8.709,16.399,23.129,27.269,29.650,30.348,32.563,29.282
23.539,20.400,17.143,15.761,14.814,13.343,11.712,11.393,13.237,12.462,11.742,12.672,11.245,7.264,2.996,4.159,8.762,16.484,23.227,27.373,29.758,30.457,32.685,29.389
23.639,20.508,17.249,15.867,14.913,13.444,11.813,11.496,13.332,12.558,11.844,12.775,11.342,7.360,3.102,4.270,8.878,16.602,23.335,27.469,29.852,30.554,32.774,29.470
23.727,20.574,17.328,15.953,15.004,13.538,11.913,11.588,13.431,12.651,11.949,12.887,11.445,7.470,3.222,4.387,8.984,16.689,23.432,27.585,29.982,30.675,32.886,29.598
23.841,20.705,17.434,16.058,15.119,13.646,12.009,11.678,13.535,12.751,12.039,12.974,11.541,7.570,3.309,4.455,9.041,16.755,23.520,27.685,30.069,30.772,33.004,29.723
23.939,20.774,17.540,16.156,15.208,13.739,12.116,11.803,13.645,12.874,12.150,13.080,11.655,7.666,3.388,4.563,9.176,16.900,23.640,27.791,30.192,30.879,33.101,29.807
24.055,20.917,17.658,16.280,15.344,13.873,12.239,11.913,13.768,12.988,12.269,13.200,11.775,7.806,3.540,4.688,9.271,16.978,23.732,27.891,30.273,30.971,33.205,29.929
24.131,21.001,17.739,16.360,15.428,13.955,12.319,11.995,13.852,13.075,12.345,13.271,11.857,7.890,3.614,4.755,9.335,17.043,23.797,27.953,30.327,31.027,33.271,29.998
24.236,21.107,17.849,16.467,15.529,14.057,12.423,12.105,13.953,13.180,12.450,13.374,11.960,7.987,3.713,4.864,9.454,17.168,23.909,28.053,30.428,31.128,33.366,30.082
24.342,21.208,17.967,16.591,15.647,14.183,12.559,12.240,14.078,13.304,12.591,13.519,12.094,8.128,3.879,5.038,9.624,17.315,24.035,28.169,30.550,31.244,33.460,30.179
24.479,21.400,18.097,16.730,15.793,14.321,12.675,12.333,14.187,13.399,12.699,13.632,12.196,8.251,4.026,5.148,9.702,17.390,24.140,28.280,30.629,31.353,33.586,30.309
24.619,21.529,18.273,16.905,15.958,14.497,12.871,12.548,14.375,13.601,12.900,13.826,12.398,8.451,4.235,5.384,9.949,17.616,24.309,28.414,30.770,31.477,33.685,30.403
24.743,21.674,18.376,17.006,16.067,14.595,12.950,12.615,14.462,13.680,12.971,13.898,12.472,8.525,4.296,5.421,9.979,17.669,24.401,28.526,30.867,31.591,33.826,30.544
24.893,21.826,18.524,17.152,16.231,14.755,13.104,12.766,14.631,13.849,13.118,14.039,12.634,8.695,4.441,5.545,10.084,17.771,24.521,28.662,30.994,31.717,33.978,30.719
25.056,22.004,18.682,17.303,16.386,14.902,13.240,12.905,14.777,13.998,13.247,14.160,12.770,8.824,4.545,5.641,10.186,17.898,24.661,28.802,31.121,31.853,34.137,30.871
25.192,22.148,18.824,17.442,16.527,15.042,13.378,13.047,14.920,14.144,13.382,14.290,12.911,8.964,4.675,5.768,10.312,18.028,24.788,28.924,31.235,31.968,34.261,30.996
25.346,22.360,18.989,17.612,16.693,15.204,13.524,13.182,15.052,14.270,13.521,14.430,13.041,9.109,4.849,5.922,10.451,18.166,24.925,29.041,31.319,32.080,34.377,31.100
25.500,22.520,19.140,17.765,16.845,15.355,13.673,13.326,15.197,14.413,13.670,14.581,13.186,9.256,5.004,6.074,10.600,18.315,25.078,29.196,31.472,32.237,34.533,31.254
25.677,22.707,19.313,17.937,16.999,15.509,13.824,13.478,15.337,14.552,13.823,14.739,13.327,9.386,5.149,6.234,10.779,18.513,25.271,29.374,31.650,32.425,34.708,31.401
25.892,22.914,19.500,18.109,17.169,15.668,13.970,13.631,15.500,14.717,13.964,14.876,13.474,9.506,5.224,6.314,10.890,18.680,25.469,29.587,31.866,32.646,34.957,31.628
26.033,23.052,19.638,18.249,17.322,15.819,14.119,13.774,15.656,14.871,14.110,15.022,13.628,9.668,5.378,6.452,11.012,18.792,25.596,29.729,32.007,32.784,35.107,31.798
26.175,23.210,19.767,18.386,17.454,15.950,14.243,13.882,15.768,14.970,14.236,15.158,13.740,9.788,5.527,6.592,11.142,18.919,25.740,29.880,32.153,32.945,35.260,31.945
26.346,23.381,19.937,18.543,17.611,16.101,14.389,14.042,15.928,15.140,14.376,15.288,13.892,9.922,5.623,6.694,11.265,19.074,25.897,30.033,32.302,33.093,35.429,32.103
26.531,23.567,20.152,18.758,17.803,16.304,14.607,14.277,16.127,15.351,14.600,15.511,14.105,10.128,5.855,6.960,11.554,19.356,26.121,30.211,32.486,33.270,35.571,32.218
26.705,23.691,20.322,18.930,17.948,16.461,14.788,14.469,16.290,15.518,14.799,15.723,14.284,10.288,6.041,7.196,11.829,19.628,26.362,30.441,32.758,33.522,35.771,32.393
26.885,23.832,20.526,19.123,18.137,16.658,15.007,14.718,16.518,15.766,15.022,15.934,14.519,10.506,6.230,7.421,12.080,19.877,26.565,30.622,32.958,33.694,35.932,32.551
27.083,24.036,20.758,19.330,18.321,16.842,15.196,14.951,16.713,15.994,15.204,16.095,14.712,10.661,6.340,7.576,12.297,20.146,26.773,30.770,33.098,33.828,36.071,32.639
27.247,24.160,20.913,19.483,18.453,16.981,15.351,15.117,16.858,16.143,15.371,16.270,14.866,10.793,6.481,7.757,12.515,20.375,26.985,30.976,33.336,34.052,36.261,32.805
27.472,24.331,21.134,19.696,18.658,17.191,15.579,15.364,17.093,16.389,15.608,16.506,15.106,11.010,6.675,7.986,12.777,20.647,27.241,31.234,33.628,34.319,36.513,33.050
27.726,24.563,21.371,19.944,18.891,17.431,15.828,15.602,17.322,16.606,15.871,16.788,15.345,11.249,6.959,8.287,13.085,20.942,27.538,31.539,33.959,34.646,36.801,33.327
28.001,24.867,21.621,20.200,19.149,17.680,16.058,15.810,17.549,16.817,16.096,17.022,15.562,11.474,7.197,8.498,13.281,21.151,27.790,31.811,34.216,34.927,37.097,33.621
28.218,25.064,21.819,20.388,19.346,17.870,16.242,15.999,17.753,17.024,16.277,17.197,15.755,11.653,7.332,8.632,13.426,21.323,27.990,32.033,34.445,35.150,37.346,33.873
28.520,25.266,22.117,20.689,19.677,18.213,16.619,16.382,18.153,17.428,16.666,17.586,16.165,12.071,7.720,9.026,13.801,21.643,28.311,32.402,34.866,35.517,37.703,34.297
28.741,25.453,22.368,20.950,19.921,18.478,16.916,16.690,18.426,17.707,16.980,17.907,16.464,12.376,8.071,9.417,14.199,21.992,28.596,32.659,35.153,35.778,37.903,34.497
29.048,25.721,22.698,21.283,20.247,18.817,17.282,17.071,18.785,18.076,17.357,18.284,16.840,12.751,8.426,9.835,14.625,22.385,28.944,32.990,35.508,36.107,38.198,34.798
29.446,25.965,22.997,21.528,20.497,19.045,17.508,17.343,19.090,18.404,17.585,18.500,17.105,12.909,8.459,9.860,14.772,22.685,29.337,33.468,36.069,36.620,38.778,35.347
29.833,26.359,23.370,21.899,20.873,19.414,17.867,17.697,19.456,18.765,17.939,18.854,17.463,13.265,8.769,10.191,15.101,23.029,29.705,33.850,36.444,37.003,39.178,35.748
30.231,26.671,23.774,22.311,21.313,19.869,18.356,18.190,19.962,19.274,18.441,19.357,17.982,13.801,9.292,10.717,15.599,23.459,30.126,34.308,36.948,37.455,39.614,36.251
30.787,27.327,24.270,22.797,21.765,20.291,18.719,18.528,20.310,19.602,18.786,19.714,18.298,14.086,9.582,10.988,15.912,23.894,30.640,34.819,37.412,37.997,40.195,36.740
31.375,27.993,24.839,23.350,22.352,20.849,19.225,19.022,20.854,20.143,19.261,20.167,18.805,14.595,10.019,11.355,16.251,24.293,31.114,35.316,37.843,38.470,40.769,37.325
31.977,28.645,25.354,23.912,22.938,21.422,19.758,19.453,21.360,20.573,19.798,20.754,19.301,15.158,10.689,11.926,16.718,24.711,31.679,35.988,38.501,39.181,41.483,38.088
32.955,29.726,26.201,24.827,23.957,22.406,20.657,20.185,22.266,21.364,20.679,21.687,20.170,16.162,11.785,12.787,17.346,25.243,32.492,37.011,39.460,40.224,42.620,39.384
34.510,31.282,27.348,26.073,25.357,23.727,21.826,21.048,23.478,22.344,21.843,22.986,21.286,17.420,13.125,13.778,18.044,25.914,33.820,38.850,41.316,42.201,44.759,41.750
