-3.616,-6.261,-8.575,-8.973,-3.422,5.451,20.582,33.502,38.721,35.489,30.942,22.804,16.460,11.029,9.208,11.133,17.371,28.210,42.653,50.934,50.424,42.169,31.661,21.376
4.764,2.538,0.279,0.249,4.907,12.793,26.029,37.046,41.595,38.223,34.342,27.594,22.047,17.341,16.549,17.114,22.570,30.969,44.442,52.657,52.371,42.386,34.107,25.564
8.273,6.287,4.175,4.684,8.391,15.623,28.089,38.372,41.645,39.888,36.202,31.270,26.001,21.237,19.215,20.500,25.786,33.779,44.960,52.767,52.512,44.287,36.236,28.592
11.687,9.799,8.094,8.610,11.617,18.434,29.831,39.394,42.608,40.494,37.315,32.285,27.697,23.471,21.821,22.674,27.399,34.261,45.369,52.837,52.675,44.704,37.059,30.012
13.449,11.663,10.032,10.458,13.403,19.829,30.578,39.592,42.634,40.623,37.606,32.772,28.426,24.459,23.004,23.775,28.228,34.746,45.656,53.208,52.952,44.925,37.375,30.692
14.485,12.778,11.181,11.658,14.461,20.629,31.046,39.759,42.687,40.876,37.921,33.504,29.257,25.345,23.684,24.628,28.979,35.403,45.682,53.237,53.172,44.968,37.805,31.380
15.142,13.461,11.924,12.323,15.117,21.142,31.296,39.818,42.722,40.904,38.025,33.563,29.433,25.647,24.087,25.011,29.237,35.553,45.750,53.451,53.352,44.982,37.940,31.612
15.683,14.022,12.531,12.959,15.645,21.590,31.617,40.048,42.821,41.153,38.317,33.970,29.904,26.148,24.491,25.482,29.659,35.913,46.179,53.721,53.573,45.344,38.266,32.027
16.213,14.565,13.156,13.590,16.156,22.008,31.896,40.260,42.896,41.428,38.639,34.370,30.385,26.660,24.823,25.982,30.102,36.369,46.784,53.808,53.588,45.828,38.695,32.511
16.517,14.900,13.467,13.916,16.481,22.255,32.048,40.299,42.930,41.473,38.691,34.570,30.594,26.884,25.053,26.204,30.300,36.513,46.791,53.860,53.687,45.890,38.746,32.657
16.914,15.328,13.877,14.366,16.893,22.590,32.300,40.448,42.933,41.646,38.871,34.946,30.978,27.267,25.376,26.556,30.638,36.806,46.938,53.991,53.834,45.957,38.937,32.950
17.202,15.616,14.209,14.729,17.147,22.850,32.511,40.638,43.123,41.775,39.051,35.100,31.194,27.516,25.654,26.764,30.809,36.839,46.992,54.018,53.855,46.044,39.051,33.106
17.542,15.955,14.607,15.129,17.455,23.143,32.725,40.820,43.319,41.913,39.243,35.236,31.404,27.776,25.932,27.009,31.003,36.928,47.219,54.071,53.857,46.278,39.214,33.301
17.824,16.251,14.909,15.424,17.743,23.381,32.888,40.919,43.392,42.015,39.361,35.396,31.587,27.983,26.142,27.227,31.193,37.093,47.239,54.157,53.909,46.353,39.346,33.477
18.007,16.436,15.097,15.636,17.917,23.563,33.069,41.094,43.555,42.170,39.526,35.582,31.783,28.179,26.343,27.397,31.361,37.210,47.294,54.159,53.932,46.435,39.478,33.630
18.166,16.611,15.262,15.843,18.080,23.698,33.184,41.173,43.556,42.264,39.622,35.805,32.004,28.385,26.488,27.564,31.532,37.353,47.330,54.174,53.942,46.474,39.573,33.778
18.329,16.782,15.423,16.007,18.245,23.851,33.304,41.251,43.640,42.307,39.676,35.872,32.082,28.481,26.652,27.659,31.612,37.364,47.339,54.184,54.018,46.530,39.583,33.825
18.500,16.956,15.599,16.178,18.416,24.012,33.446,41.377,43.768,42.428,39.802,35.995,32.214,28.622,26.808,27.806,31.750,37.489,47.383,54.188,54.021,46.539,39.707,33.958
18.660,17.119,15.770,16.329,18.575,24.152,33.539,41.436,43.850,42.466,39.856,36.018,32.258,28.696,26.932,27.899,31.818,37.523,47.409,54.204,54.028,46.540,39.751,34.016
18.803,17.264,15.916,16.455,18.727,24.281,33.647,41.528,43.941,42.579,39.965,36.127,32.366,28.810,27.036,28.037,31.950,37.690,47.497,54.212,54.052,46.678,39.893,34.156
18.934,17.401,16.029,16.581,18.867,24.420,33.801,41.675,44.066,42.730,40.103,36.316,32.535,28.964,27.190,28.182,32.108,37.850,47.521,54.248,54.096,46.749,40.023,34.298
19.009,17.485,16.094,16.671,18.953,24.493,33.884,41.747,44.084,42.827,40.185,36.491,32.690,29.095,27.270,28.292,32.236,37.996,47.562,54.255,54.141,46.812,40.118,34.415
19.158,17.640,16.263,16.843,19.096,24.615,33.962,41.793,44.119,42.865,40.242,36.560,32.784,29.206,27.381,28.400,32.323,38.046,47.619,54.256,54.175,46.861,40.171,34.496
19.316,17.800,16.443,17.020,19.253,24.745,34.062,41.883,44.178,42.986,40.368,36.709,32.947,29.372,27.481,28.569,32.482,38.238,47.718,54.490,54.241,47.055,40.345,34.674
19.453,17.944,16.577,17.165,19.394,24.874,34.178,41.975,44.249,43.075,40.457,36.843,33.079,29.502,27.616,28.690,32.603,38.337,47.916,54.551,54.431,47.100,40.422,34.777
19.608,18.099,16.751,17.351,19.535,25.018,34.302,42.092,44.369,43.168,40.572,36.943,33.205,29.643,27.766,28.814,32.711,38.391,47.921,54.555,54.499,47.123,40.511,34.881
19.759,18.261,16.904,17.497,19.694,25.149,34.391,42.133,44.374,43.197,40.607,37.002,33.272,29.727,27.890,28.909,32.790,38.438,47.929,54.557,54.509,47.169,40.518,34.937
19.833,18.349,16.967,17.607,19.772,25.217,34.456,42.164,44.405,43.220,40.627,37.143,33.402,29.839,27.989,28.978,32.870,38.460,48.014,54.560,54.510,47.233,40.535,34.976
19.946,18.451,17.083,17.673,19.887,25.336,34.574,42.305,44.576,43.367,40.772,37.180,33.444,29.899,28.078,29.086,32.969,38.614,48.027,54.613,54.521,47.287,40.697,35.106
20.096,18.605,17.249,17.841,20.031,25.466,34.668,42.372,44.641,43.418,40.840,37.248,33.534,30.007,28.203,29.192,33.055,38.658,48.048,54.670,54.525,47.325,40.751,35.182
20.205,18.720,17.366,17.975,20.138,25.558,34.739,42.419,44.660,43.463,40.894,37.347,33.642,30.117,28.298,29.285,33.142,38.716,48.060,54.702,54.592,47.352,40.797,35.258
20.326,18.838,17.499,18.099,20.251,25.676,34.844,42.527,44.791,43.557,40.999,37.408,33.720,30.210,28.411,29.383,33.228,38.783,48.198,54.810,54.639,47.474,40.894,35.349
20.422,18.939,17.587,18.208,20.353,25.772,34.953,42.633,44.854,43.683,41.114,37.594,33.890,30.358,28.513,29.514,33.374,38.946,48.303,54.914,54.790,47.590,41.020,35.489
20.511,19.033,17.681,18.324,20.440,25.851,35.029,42.702,44.876,43.763,41.195,37.730,34.026,30.484,28.597,29.618,33.482,39.046,48.398,54.923,54.918,47.683,41.104,35.593
20.609,19.141,17.781,18.436,20.547,25.931,35.091,42.740,44.884,43.827,41.254,37.863,34.154,30.602,28.667,29.728,33.594,39.176,48.447,54.976,54.986,47.748,41.188,35.700
20.724,19.262,17.897,18.562,20.664,26.037,35.183,42.810,44.928,43.891,41.321,37.965,34.258,30.707,28.779,29.825,33.688,39.244,48.465,55.020,55.016,47.760,41.242,35.778
20.831,19.377,18.016,18.709,20.768,26.125,35.253,42.862,44.929,43.955,41.391,38.107,34.407,30.849,28.867,29.939,33.801,39.340,48.536,55.129,55.111,47.844,41.317,35.885
20.947,19.498,18.148,18.852,20.881,26.219,35.320,42.909,44.946,44.010,41.454,38.208,34.522,30.967,28.953,30.046,33.899,39.425,48.638,55.200,55.225,47.930,41.390,35.981
21.054,19.604,18.264,18.979,20.977,26.325,35.422,43.012,45.055,44.091,41.549,38.289,34.618,31.071,29.070,30.134,33.980,39.463,48.710,55.266,55.285,48.011,41.459,36.057
21.241,19.790,18.493,19.214,21.142,26.479,35.526,43.099,45.140,44.160,41.653,38.368,34.745,31.225,29.211,30.274,34.089,39.515,48.924,55.378,55.434,48.178,41.555,36.173
21.345,19.903,18.602,19.340,21.248,26.567,35.595,43.143,45.149,44.207,41.703,38.476,34.857,31.334,29.301,30.368,34.180,39.585,48.927,55.415,55.485,48.194,41.602,36.251
21.471,20.029,18.737,19.477,21.367,26.687,35.698,43.237,45.253,44.282,41.792,38.548,34.944,31.435,29.423,30.465,34.265,39.634,48.938,55.422,55.488,48.262,41.671,36.330
21.583,20.141,18.845,19.588,21.476,26.804,35.814,43.345,45.320,44.360,41.877,38.615,35.017,31.517,29.557,30.543,34.338,39.661,48.984,55.423,55.523,48.262,41.718,36.386
21.673,20.248,18.931,19.726,21.576,26.876,35.886,43.392,45.330,44.448,41.951,38.860,35.242,31.704,29.639,30.685,34.501,39.835,48.985,55.451,55.572,48.331,41.814,36.532
21.719,20.298,18.974,19.774,21.627,26.918,35.925,43.420,45.380,44.484,41.983,38.924,35.300,31.757,29.680,30.736,34.554,39.894,48.991,55.471,55.586,48.346,41.851,36.580
21.823,20.403,19.077,19.885,21.735,27.019,36.036,43.538,45.418,44.632,42.121,39.103,35.468,31.908,29.774,30.880,34.710,40.088,49.217,55.678,55.864,48.545,42.018,36.745
21.916,20.500,19.174,19.985,21.828,27.106,36.109,43.598,45.472,44.688,42.181,39.174,35.544,31.989,29.860,30.958,34.783,40.146,49.245,55.690,55.881,48.583,42.073,36.812
22.029,20.614,19.284,20.073,21.951,27.211,36.201,43.679,45.557,44.787,42.272,39.261,35.625,32.074,29.944,31.069,34.890,40.292,49.370,55.794,55.981,48.689,42.194,36.926
22.116,20.701,19.362,20.141,22.042,27.307,36.301,43.778,45.677,44.875,42.357,39.325,35.684,32.137,30.045,31.142,34.964,40.361,49.382,55.811,55.997,48.726,42.267,36.994
22.188,20.774,19.431,20.218,22.117,27.376,36.375,43.852,45.729,44.966,42.442,39.442,35.794,32.237,30.110,31.236,35.065,40.483,49.502,55.906,56.133,48.837,42.369,37.098
22.279,20.873,19.523,20.319,22.213,27.456,36.439,43.895,45.745,45.015,42.490,39.537,35.887,32.328,30.189,31.321,35.149,40.558,49.504,55.913,56.134,48.853,42.418,37.170
22.342,20.938,19.586,20.398,22.273,27.521,36.511,43.966,45.802,45.079,42.556,39.627,35.977,32.412,30.269,31.387,35.219,40.605,49.520,55.931,56.161,48.892,42.467,37.231
22.489,21.083,19.742,20.573,22.408,27.668,36.658,44.117,45.953,45.208,42.699,39.766,36.130,32.568,30.431,31.521,35.348,40.688,49.615,55.979,56.246,49.023,42.580,37.354
22.563,21.160,19.805,20.645,22.485,27.752,36.753,44.210,46.043,45.291,42.778,39.863,36.217,32.650,30.530,31.595,35.429,40.753,49.639,56.035,56.277,49.040,42.639,37.422
22.661,21.260,19.912,20.742,22.585,27.835,36.814,44.258,46.087,45.351,42.840,39.925,36.287,32.727,30.595,31.683,35.509,40.846,49.737,56.110,56.364,49.134,42.723,37.508
22.786,21.383,20.047,20.870,22.703,27.953,36.916,44.355,46.201,45.433,42.934,39.987,36.365,32.820,30.710,31.780,35.593,40.908,49.838,56.208,56.438,49.228,42.808,37.593
22.882,21.477,20.137,20.946,22.803,28.055,37.021,44.461,46.328,45.535,43.033,40.059,36.433,32.893,30.810,31.868,35.680,41.002,49.909,56.265,56.468,49.307,42.905,37.679
22.958,21.550,20.202,20.976,22.888,28.138,37.099,44.536,46.445,45.605,43.096,40.068,36.436,32.909,30.878,31.921,35.728,41.074,49.937,56.265,56.488,49.339,42.976,37.730
23.066,21.654,20.317,21.077,22.991,28.241,37.188,44.623,46.557,45.681,43.181,40.108,36.490,32.979,30.973,32.004,35.798,41.134,50.046,56.376,56.548,49.434,43.058,37.805
23.170,21.757,20.429,21.197,23.087,28.345,37.291,44.731,46.667,45.777,43.286,40.205,36.597,33.088,31.085,32.101,35.893,41.203,50.155,56.493,56.656,49.543,43.148,37.899
23.290,21.878,20.550,21.345,23.198,28.469,37.426,44.870,46.792,45.897,43.413,40.356,36.751,33.237,31.234,32.220,36.015,41.280,50.210,56.536,56.719,49.631,43.241,38.008
23.396,21.981,20.660,21.456,23.298,28.581,37.543,44.997,46.934,46.010,43.532,40.448,36.851,33.341,31.352,32.321,36.113,41.361,50.332,56.666,56.832,49.753,43.346,38.108
23.476,22.057,20.733,21.516,23.381,28.667,37.635,45.094,47.048,46.110,43.627,40.520,36.916,33.408,31.432,32.402,36.196,41.464,50.438,56.773,56.930,49.853,43.449,38.196
23.595,22.171,20.850,21.628,23.495,28.798,37.781,45.257,47.234,46.262,43.780,40.636,37.033,33.527,31.571,32.523,36.318,41.580,50.594,56.847,56.938,50.010,43.589,38.322
23.699,22.274,20.951,21.703,23.604,28.901,37.869,45.335,47.346,46.329,43.848,40.658,37.059,33.569,31.663,32.593,36.378,41.642,50.619,56.862,57.021,50.042,43.657,38.380
23.855,22.427,21.105,21.842,23.757,29.063,38.024,45.486,47.540,46.448,43.976,40.729,37.138,33.669,31.830,32.706,36.480,41.709,50.638,56.931,57.029,50.107,43.755,38.473
24.010,22.582,21.265,21.987,23.908,29.215,38.151,45.596,47.689,46.521,44.065,40.764,37.192,33.749,31.984,32.799,36.554,41.733,50.645,56.931,57.052,50.118,43.811,38.535
24.079,22.661,21.308,22.075,23.990,29.294,38.267,45.709,47.727,46.664,44.182,41.018,37.407,33.920,32.090,32.932,36.721,41.919,50.656,56.937,57.078,50.182,43.929,38.681
24.211,22.789,21.430,22.187,24.124,29.444,38.438,45.898,47.941,46.848,44.359,41.161,37.541,34.051,32.244,33.073,36.869,42.081,50.813,57.018,57.182,50.355,44.102,38.834
24.352,22.925,21.573,22.354,24.253,29.599,38.618,46.101,48.144,47.031,44.549,41.347,37.730,34.234,32.426,33.227,37.029,42.203,50.935,57.047,57.273,50.530,44.258,38.990
24.503,23.081,21.730,22.489,24.407,29.733,38.711,46.159,48.223,47.072,44.601,41.373,37.772,34.301,32.545,33.317,37.098,42.247,50.949,57.089,57.297,50.541,44.303,39.049
24.610,23.197,21.833,22.625,24.517,29.831,38.807,46.235,48.247,47.156,44.681,41.544,37.935,34.449,32.658,33.434,37.224,42.352,50.955,57.099,57.317,50.561,44.374,39.155
24.715,23.310,21.931,22.764,24.622,29.940,38.931,46.352,48.317,47.269,44.791,41.739,38.120,34.613,32.797,33.558,37.362,42.454,50.982,57.121,57.367,50.604,44.456,39.270
24.806,23.406,22.008,22.856,24.721,30.039,39.050,46.471,48.408,47.401,44.910,41.911,38.271,34.745,32.907,33.678,37.499,42.604,51.000,57.202,57.411,50.694,44.576,39.398
24.965,23.560,22.169,22.987,24.885,30.195,39.198,46.626,48.586,47.573,45.077,42.034,38.395,34.876,33.037,33.841,37.656,42.811,51.281,57.409,57.686,50.927,44.779,39.576
25.082,23.681,22.287,23.129,24.998,30.313,39.323,46.749,48.686,47.691,45.198,42.193,38.553,35.026,33.171,33.965,37.786,42.914,51.358,57.481,57.782,51.027,44.882,39.696
25.242,23.837,22.432,23.267,25.163,30.488,39.519,46.959,48.911,47.903,45.399,42.378,38.724,35.190,33.349,34.140,37.970,43.120,51.540,57.660,57.964,51.218,45.084,39.882
25.377,23.979,22.557,23.406,25.306,30.624,39.661,47.091,49.013,48.045,45.532,42.568,38.899,35.351,33.493,34.290,38.131,43.285,51.606,57.688,58.048,51.312,45.218,40.031
25.505,24.115,22.652,23.505,25.458,30.768,39.832,47.255,49.149,48.235,45.690,42.798,39.087,35.512,33.644,34.456,38.323,43.523,51.637,57.703,58.103,51.396,45.390,40.208
25.664,24.269,22.824,23.684,25.599,30.928,39.986,47.414,49.333,48.356,45.833,42.897,39.209,35.650,33.820,34.579,38.434,43.570,51.742,57.788,58.175,51.514,45.490,40.313
25.766,24.369,22.910,23.763,25.710,31.045,40.129,47.572,49.496,48.527,45.988,43.051,39.342,35.771,33.939,34.710,38.579,43.754,51.899,57.948,58.346,51.673,45.658,40.463
25.954,24.558,23.106,23.951,25.896,31.223,40.285,47.716,49.649,48.664,46.132,43.178,39.482,35.924,34.108,34.872,38.728,43.890,52.042,58.082,58.465,51.812,45.802,40.611
26.185,24.777,23.356,24.215,26.099,31.466,40.542,48.007,49.977,48.911,46.406,43.375,39.709,36.164,34.374,35.086,38.933,44.027,52.361,58.441,58.771,52.118,46.026,40.823
26.293,24.894,23.444,24.349,26.216,31.585,40.699,48.166,50.067,49.092,46.567,43.659,39.961,36.375,34.523,35.254,39.133,44.233,52.427,58.494,58.911,52.236,46.180,41.004
26.461,25.058,23.599,24.505,26.389,31.771,40.923,48.420,50.314,49.371,46.828,43.928,40.207,36.599,34.710,35.480,39.378,44.533,52.771,58.881,59.306,52.558,46.466,41.265
26.616,25.207,23.727,24.657,26.544,31.967,41.187,48.728,50.624,49.670,47.110,44.220,40.469,36.833,34.946,35.689,39.618,44.775,52.975,59.090,59.548,52.808,46.718,41.500
26.781,25.382,23.874,24.865,26.712,32.142,41.398,48.938,50.756,49.892,47.318,44.566,40.788,37.109,35.161,35.907,39.868,45.003,53.049,59.142,59.696,52.949,46.902,41.723
26.966,25.570,24.039,25.076,26.896,32.353,41.663,49.225,51.005,50.174,47.587,44.905,41.102,37.390,35.417,36.142,40.132,45.245,53.188,59.194,59.791,53.161,47.135,41.969
27.214,25.816,24.287,25.312,27.136,32.607,41.900,49.447,51.283,50.337,47.770,45.018,41.234,37.552,35.687,36.312,40.283,45.316,53.199,59.281,59.899,53.213,47.256,42.097
27.531,26.141,24.646,25.754,27.426,32.891,42.168,49.710,51.437,50.612,48.071,45.453,41.701,37.997,35.991,36.666,40.637,45.603,53.630,59.715,60.345,53.619,47.548,42.449
27.862,26.463,24.977,26.059,27.753,33.234,42.518,50.080,51.859,50.967,48.429,45.726,41.979,38.290,36.330,36.983,40.947,45.918,54.015,60.026,60.685,53.995,47.900,42.771
28.068,26.668,25.130,26.234,27.970,33.497,42.860,50.449,52.244,51.306,48.741,46.059,42.264,38.544,36.652,37.218,41.221,46.169,54.022,60.119,60.702,54.121,48.146,43.010
28.497,27.079,25.593,26.730,28.354,33.941,43.329,50.972,52.804,51.767,49.243,46.468,42.719,39.013,37.136,37.635,41.626,46.470,54.611,60.698,61.285,54.693,48.575,43.427
28.941,27.509,25.987,27.103,28.805,34.453,43.923,51.621,53.539,52.379,49.831,46.958,43.169,39.453,37.687,38.096,42.115,46.967,55.003,61.043,61.630,55.166,49.112,43.909
29.563,28.107,26.589,27.837,29.393,35.165,44.850,52.731,54.544,53.536,50.954,48.196,44.349,40.508,38.498,39.006,43.126,48.034,56.470,62.772,63.421,56.578,50.222,44.965
30.203,28.714,27.198,28.303,30.052,35.859,45.589,53.549,55.554,54.368,51.754,48.696,44.822,41.013,39.132,39.655,43.773,48.855,57.517,63.882,64.375,57.515,51.095,45.683
31.238,29.706,28.249,29.569,30.957,37.031,46.975,55.131,57.194,55.695,53.168,49.997,46.184,42.340,40.571,40.716,44.875,49.510,58.520,64.941,65.424,58.746,52.122,46.726
32.486,30.892,29.427,30.785,32.121,38.489,48.662,57.009,59.407,57.238,54.764,51.141,47.343,43.540,42.271,41.839,46.020,50.265,59.238,65.483,65.867,59.824,53.290,47.796
34.245,32.644,31.165,32.565,33.878,40.291,50.556,58.974,61.333,59.232,56.732,53.163,49.326,45.467,44.109,43.721,47.950,52.245,61.305,67.636,68.060,61.882,55.264,49.743
