23.234,23.025,22.766,22.066,22.763,25.032,33.843,44.815,49.056,47.440,44.764,45.060,44.501,46.355,45.039,43.921,44.357,53.747,47.316,40.236,30.797,25.396,20.436,14.205
28.606,28.598,28.544,28.060,28.513,30.697,39.082,49.442,53.372,51.663,50.149,49.934,48.827,50.111,49.516,48.976,49.834,58.877,53.205,47.000,38.306,31.973,26.921,21.108
30.926,31.014,31.260,30.855,31.098,33.191,41.282,51.317,55.088,53.262,52.573,52.074,50.494,51.455,51.383,51.229,52.150,60.761,55.556,50.038,41.742,34.900,29.920,24.429
32.052,32.249,32.055,31.865,32.219,34.352,42.309,51.883,55.427,53.537,53.062,52.346,51.098,51.852,51.677,51.515,53.077,62.159,57.108,51.440,43.596,36.533,31.287,25.778
32.945,33.203,32.735,32.596,33.017,35.229,43.064,52.444,55.907,53.553,53.417,52.798,51.647,52.327,52.156,52.121,53.859,62.765,58.151,52.420,44.851,37.709,32.289,26.854
33.335,33.615,33.159,33.030,33.426,35.637,43.396,52.697,56.127,53.799,53.710,53.086,51.863,52.487,52.407,52.465,54.207,62.958,58.519,52.899,45.438,38.222,32.796,27.438
33.696,33.992,33.513,33.413,33.807,36.017,43.765,53.016,56.419,54.026,54.065,53.389,52.175,52.760,52.695,52.764,54.586,63.403,58.972,53.364,45.953,38.673,33.218,27.861
34.085,34.385,33.876,33.793,34.194,36.383,44.043,53.167,56.517,54.101,54.196,53.510,52.340,52.909,52.828,52.886,54.739,63.513,59.125,53.556,46.250,39.037,33.621,28.313
34.451,34.751,34.209,34.109,34.520,36.724,44.343,53.446,56.797,54.415,54.397,53.789,52.619,53.200,53.123,53.216,55.021,63.640,59.382,53.816,46.551,39.387,33.970,28.701
34.715,35.007,34.500,34.391,34.791,36.976,44.559,53.632,56.973,54.637,54.596,53.990,52.808,53.395,53.324,53.411,55.175,63.737,59.475,53.955,46.705,39.592,34.227,28.987
34.915,35.210,34.730,34.626,35.011,37.184,44.743,53.786,57.114,54.793,54.790,54.161,52.952,53.519,53.479,53.583,55.348,63.884,59.639,54.170,46.947,39.814,34.466,29.250
35.175,35.475,34.935,34.849,35.255,37.428,44.955,53.929,57.227,54.844,54.889,54.257,53.113,53.675,53.595,53.677,55.496,64.065,59.830,54.332,47.166,40.071,34.715,29.503
35.414,35.702,35.172,35.076,35.485,37.639,45.127,54.060,57.347,54.911,54.995,54.382,53.262,53.843,53.738,53.780,55.574,64.093,59.846,54.364,47.216,40.215,34.914,29.725
35.596,35.884,35.307,35.236,35.665,37.806,45.271,54.129,57.382,54.917,55.046,54.398,53.358,53.934,53.775,53.794,55.631,64.252,59.944,54.430,47.327,40.371,35.077,29.878
35.773,36.073,35.417,35.370,35.822,37.974,45.410,54.200,57.422,54.923,55.057,54.419,53.441,54.000,53.812,53.813,55.738,64.389,60.128,54.578,47.544,40.591,35.263,30.067
35.937,36.238,35.533,35.489,35.960,38.115,45.514,54.249,57.452,54.956,55.068,54.436,53.506,54.070,53.852,53.842,55.780,64.398,60.179,54.610,47.625,40.730,35.404,30.225
36.119,36.419,35.661,35.632,36.126,38.276,45.649,54.320,57.497,54.968,55.083,54.458,53.603,54.172,53.900,53.852,55.836,64.504,60.263,54.656,47.714,40.877,35.556,30.373
36.332,36.625,35.844,35.833,36.342,38.472,45.835,54.454,57.607,54.977,55.210,54.548,53.768,54.342,54.012,53.898,55.922,64.684,60.332,54.705,47.801,41.026,35.730,30.530
36.445,36.732,35.950,35.939,36.451,38.567,45.898,54.473,57.610,54.997,55.216,54.556,53.799,54.380,54.031,53.899,55.930,64.685,60.367,54.729,47.803,41.086,35.824,30.641
36.517,36.810,36.075,36.058,36.546,38.656,45.969,54.545,57.683,55.098,55.339,54.671,53.847,54.408,54.118,54.030,56.024,64.709,60.390,54.853,47.963,41.201,35.951,30.799
36.709,36.989,36.275,36.255,36.742,38.832,46.133,54.690,57.821,55.250,55.488,54.809,54.008,54.579,54.268,54.140,56.117,64.709,60.409,54.906,48.009,41.311,36.107,30.956
36.769,37.058,36.357,36.343,36.817,38.905,46.187,54.723,57.844,55.281,55.551,54.860,54.026,54.584,54.300,54.204,56.143,64.824,60.457,54.943,48.106,41.423,36.216,31.087
36.928,37.202,36.541,36.506,36.970,39.033,46.250,54.736,57.844,55.360,55.553,54.891,54.047,54.619,54.341,54.239,56.187,64.860,60.537,55.029,48.161,41.474,36.346,31.271
37.109,37.371,36.742,36.696,37.157,39.216,46.476,55.025,58.159,55.697,55.854,55.190,54.342,54.937,54.643,54.513,56.388,64.957,60.601,55.131,48.223,41.603,36.488,31.381
37.227,37.484,36.868,36.808,37.265,39.321,46.559,55.100,58.236,55.816,55.913,55.278,54.417,55.023,54.735,54.613,56.443,64.981,60.610,55.162,48.261,41.681,36.592,31.508
37.311,37.570,36.953,36.894,37.350,39.407,46.641,55.178,58.312,55.892,55.992,55.358,54.492,55.093,54.813,54.698,56.531,65.017,60.703,55.261,48.368,41.779,36.686,31.606
37.461,37.716,37.080,37.027,37.496,39.551,46.794,55.266,58.360,55.949,56.080,55.433,54.596,55.191,54.897,54.762,56.592,65.035,60.723,55.333,48.466,41.901,36.805,31.700
37.514,37.771,37.158,37.103,37.558,39.599,46.801,55.278,58.391,55.974,56.094,55.451,54.600,55.197,54.910,54.784,56.618,65.040,60.737,55.351,48.498,41.950,36.890,31.833
37.607,37.861,37.250,37.199,37.652,39.679,46.834,55.319,58.398,55.978,56.108,55.473,54.661,55.257,54.945,54.787,56.626,65.050,60.739,55.354,48.514,42.009,36.981,31.948
37.727,37.977,37.365,37.318,37.774,39.788,46.923,55.340,58.407,55.986,56.133,55.486,54.670,55.282,54.964,54.792,56.633,65.102,60.745,55.360,48.559,42.093,37.088,32.062
37.815,38.062,37.448,37.404,37.862,39.866,46.979,55.341,58.418,55.997,56.140,55.489,54.692,55.290,54.965,54.813,56.644,65.102,60.770,55.362,48.582,42.150,37.167,32.151
37.968,38.213,37.558,37.510,37.984,39.990,47.058,55.368,58.473,56.020,56.149,55.495,54.732,55.342,54.992,54.816,56.671,65.106,60.799,55.375,48.620,42.261,37.291,32.302
38.067,38.308,37.681,37.605,38.068,40.084,47.144,55.493,58.565,56.222,56.212,55.652,54.842,55.466,55.150,55.017,56.763,65.151,60.858,55.443,48.696,42.346,37.386,32.424
38.142,38.392,37.756,37.697,38.158,40.171,47.227,55.550,58.607,56.228,56.296,55.701,54.895,55.497,55.189,55.059,56.850,65.249,60.926,55.578,48.856,42.469,37.496,32.533
38.245,38.491,37.864,37.808,38.269,40.273,47.332,55.649,58.703,56.319,56.409,55.796,55.000,55.604,55.286,55.137,56.936,65.274,61.006,55.657,48.928,42.552,37.591,32.621
38.346,38.590,37.950,37.896,38.363,40.366,47.418,55.722,58.771,56.376,56.466,55.856,55.082,55.691,55.355,55.191,56.996,65.285,61.031,55.705,48.982,42.631,37.676,32.704
38.421,38.658,38.080,38.013,38.457,40.442,47.477,55.783,58.835,56.507,56.569,55.956,55.132,55.741,55.440,55.290,57.039,65.321,61.043,55.745,49.015,42.675,37.764,32.820
38.503,38.736,38.189,38.110,38.542,40.519,47.532,55.834,58.889,56.576,56.628,56.030,55.179,55.792,55.509,55.365,57.076,65.345,61.065,55.772,49.045,42.728,37.848,32.928
38.614,38.846,38.269,38.200,38.646,40.617,47.614,55.874,58.910,56.592,56.647,56.039,55.235,55.849,55.533,55.368,57.105,65.356,61.078,55.798,49.098,42.817,37.942,33.019
38.684,38.917,38.321,38.262,38.715,40.682,47.668,55.898,58.920,56.609,56.663,56.044,55.267,55.878,55.545,55.372,57.128,65.408,61.117,55.828,49.149,42.882,38.008,33.084
38.785,39.016,38.409,38.349,38.808,40.773,47.745,55.957,58.974,56.629,56.701,56.093,55.335,55.952,55.604,55.414,57.173,65.441,61.153,55.859,49.191,42.957,38.093,33.175
38.879,39.111,38.516,38.467,38.921,40.876,47.850,56.048,59.056,56.692,56.828,56.182,55.426,56.030,55.685,55.485,57.271,65.594,61.265,55.981,49.317,43.064,38.205,33.281
38.973,39.205,38.621,38.573,39.022,40.974,47.956,56.163,59.173,56.812,56.959,56.303,55.539,56.142,55.801,55.598,57.385,65.723,61.375,56.096,49.421,43.159,38.303,33.374
39.098,39.324,38.764,38.709,39.151,41.092,48.053,56.244,59.250,56.919,57.049,56.394,55.621,56.229,55.892,55.687,57.446,65.748,61.397,56.146,49.479,43.247,38.422,33.511
39.182,39.403,38.887,38.812,39.238,41.177,48.136,56.361,59.385,57.122,57.179,56.550,55.724,56.340,56.037,55.858,57.552,65.764,61.448,56.235,49.545,43.314,38.510,33.618
39.279,39.496,38.983,38.902,39.329,41.268,48.224,56.451,59.478,57.227,57.258,56.641,55.818,56.442,56.133,55.950,57.629,65.824,61.508,56.294,49.599,43.389,38.593,33.704
39.366,39.588,39.073,38.990,39.415,41.366,48.342,56.602,59.642,57.394,57.411,56.802,55.958,56.578,56.286,56.125,57.801,65.987,61.697,56.476,49.766,43.515,38.694,33.797
39.437,39.664,39.145,39.055,39.478,41.441,48.417,56.690,59.736,57.503,57.487,56.902,56.034,56.652,56.381,56.249,57.911,66.041,61.812,56.597,49.892,43.619,38.780,33.894
39.502,39.732,39.218,39.137,39.557,41.517,48.503,56.776,59.820,57.567,57.601,56.988,56.117,56.723,56.458,56.325,58.012,66.188,61.934,56.722,50.015,43.711,38.864,33.968
39.619,39.841,39.346,39.260,39.677,41.627,48.612,56.889,59.935,57.700,57.718,57.103,56.237,56.855,56.578,56.424,58.092,66.276,61.981,56.772,50.048,43.778,38.958,34.060
39.720,39.939,39.442,39.356,39.776,41.720,48.697,56.959,60.000,57.765,57.781,57.167,56.315,56.938,56.648,56.481,58.147,66.316,62.025,56.815,50.096,43.853,39.046,34.150
39.801,40.016,39.545,39.447,39.858,41.797,48.757,57.021,60.065,57.874,57.847,57.249,56.372,57.000,56.727,56.572,58.195,66.334,62.030,56.851,50.133,43.909,39.126,34.251
39.877,40.094,39.618,39.511,39.921,41.871,48.830,57.109,60.163,57.994,57.914,57.348,56.452,57.085,56.825,56.695,58.294,66.352,62.122,56.945,50.226,43.997,39.204,34.338
40.012,40.220,39.792,39.668,40.064,42.008,48.980,57.300,60.373,58.258,58.128,57.570,56.637,57.283,57.039,56.911,58.458,66.484,62.232,57.078,50.318,44.096,39.328,34.464
40.120,40.323,39.896,39.770,40.169,42.109,49.079,57.397,60.470,58.357,58.217,57.661,56.741,57.396,57.138,56.995,58.534,66.568,62.295,57.134,50.368,44.173,39.417,34.550
40.236,40.443,40.013,39.888,40.286,42.235,49.228,57.572,60.653,58.531,58.399,57.839,56.909,57.558,57.310,57.177,58.728,66.760,62.484,57.339,50.558,44.324,39.544,34.665
40.339,40.536,40.150,40.010,40.395,42.329,49.304,57.650,60.736,58.674,58.490,57.942,56.986,57.648,57.411,57.276,58.770,66.782,62.512,57.350,50.559,44.367,39.633,34.775
40.431,40.633,40.246,40.113,40.496,42.433,49.418,57.768,60.853,58.771,58.627,58.060,57.099,57.750,57.521,57.391,58.908,66.933,62.649,57.514,50.722,44.495,39.745,34.879
40.555,40.754,40.383,40.245,40.624,42.558,49.552,57.919,61.012,58.947,58.788,58.221,57.249,57.906,57.679,57.547,59.048,67.072,62.771,57.640,50.830,44.605,39.863,34.994
40.610,40.814,40.471,40.327,40.690,42.627,49.614,57.993,61.091,59.059,58.891,58.327,57.302,57.943,57.764,57.674,59.153,67.112,62.868,57.781,50.977,44.706,39.960,35.111
40.711,40.910,40.583,40.427,40.785,42.719,49.693,58.075,61.177,59.184,58.962,58.422,57.382,58.033,57.861,57.779,59.218,67.113,62.894,57.825,51.019,44.776,40.051,35.218
40.812,41.016,40.667,40.519,40.882,42.817,49.771,58.117,61.205,59.191,58.993,58.451,57.428,58.072,57.894,57.812,59.273,67.166,62.967,57.898,51.125,44.889,40.160,35.337
40.974,41.175,40.810,40.668,41.040,42.972,49.931,58.269,61.352,59.313,59.133,58.583,57.591,58.239,58.036,57.931,59.412,67.351,63.118,58.026,51.252,45.033,40.303,35.467
41.129,41.329,40.955,40.813,41.191,43.124,50.086,58.424,61.508,59.460,59.278,58.730,57.752,58.405,58.190,58.074,59.559,67.514,63.269,58.161,51.383,45.176,40.445,35.602
41.185,41.388,41.063,40.917,41.271,43.198,50.155,58.504,61.592,59.584,59.413,58.849,57.811,58.448,58.282,58.200,59.661,67.572,63.348,58.299,51.519,45.267,40.547,35.724
41.364,41.575,41.210,41.087,41.455,43.390,50.383,58.737,61.820,59.732,59.652,59.047,58.052,58.678,58.484,58.376,59.916,67.967,63.681,58.577,51.788,45.493,40.730,35.864
41.552,41.753,41.389,41.264,41.639,43.566,50.570,58.929,62.014,59.922,59.832,59.225,58.259,58.903,58.676,58.531,60.067,68.162,63.813,58.684,51.873,45.622,40.877,35.995
41.681,41.882,41.533,41.413,41.784,43.704,50.723,59.091,62.176,60.075,60.025,59.389,58.421,59.060,58.834,58.677,60.227,68.368,63.978,58.851,52.023,45.755,41.013,36.117
41.787,41.984,41.671,41.546,41.903,43.813,50.824,59.195,62.283,60.215,60.159,59.515,58.520,59.159,58.950,58.797,60.321,68.375,64.027,58.944,52.108,45.844,41.127,36.242
41.848,42.041,41.797,41.648,41.976,43.879,50.869,59.262,62.364,60.394,60.260,59.642,58.562,59.200,59.053,58.949,60.387,68.446,64.038,59.013,52.171,45.898,41.216,36.374
41.975,42.160,41.969,41.816,42.129,44.006,50.984,59.364,62.460,60.524,60.410,59.762,58.667,59.305,59.165,59.041,60.456,68.448,64.045,59.075,52.223,45.976,41.344,36.512
42.102,42.285,42.117,41.947,42.249,44.131,51.102,59.507,62.618,60.738,60.548,59.935,58.797,59.441,59.332,59.241,60.600,68.492,64.150,59.208,52.348,46.100,41.475,36.665
42.253,42.437,42.242,42.067,42.380,44.277,51.259,59.680,62.800,60.910,60.683,60.098,58.972,59.626,59.504,59.417,60.776,68.635,64.302,59.366,52.499,46.255,41.609,36.790
42.375,42.547,42.410,42.220,42.515,44.391,51.349,59.765,62.887,61.065,60.795,60.213,59.057,59.722,59.615,59.523,60.820,68.656,64.340,59.381,52.505,46.308,41.721,36.928
42.514,42.691,42.544,42.361,42.657,44.541,51.519,59.952,63.077,61.232,60.990,60.396,59.239,59.897,59.793,59.705,61.026,68.883,64.542,59.605,52.720,46.485,41.872,37.063
42.728,42.898,42.728,42.546,42.859,44.742,51.736,60.173,63.301,61.430,61.182,60.590,59.480,60.156,60.007,59.879,61.214,69.131,64.733,59.748,52.844,46.650,42.039,37.206
42.887,43.050,42.919,42.726,43.028,44.903,51.913,60.384,63.526,61.691,61.416,60.822,59.689,60.376,60.234,60.099,61.398,69.314,64.876,59.904,52.961,46.776,42.186,37.347
43.035,43.212,43.061,42.878,43.181,45.081,52.136,60.654,63.810,61.936,61.704,61.095,59.938,60.605,60.489,60.387,61.731,69.696,65.284,60.288,53.327,47.035,42.378,37.512
43.124,43.303,43.141,42.953,43.258,45.166,52.213,60.733,63.892,62.028,61.760,61.177,60.014,60.684,60.574,60.489,61.818,69.734,65.371,60.373,53.422,47.133,42.467,37.611
43.283,43.456,43.372,43.161,43.437,45.341,52.407,60.992,64.180,62.403,62.071,61.496,60.250,60.924,60.867,60.814,62.068,69.912,65.555,60.611,53.607,47.287,42.644,37.799
43.459,43.625,43.597,43.364,43.621,45.521,52.591,61.216,64.424,62.718,62.320,61.763,60.460,61.144,61.120,61.088,62.275,70.045,65.699,60.797,53.760,47.439,42.822,37.991
43.667,43.823,43.835,43.587,43.834,45.725,52.802,61.455,64.677,63.021,62.572,62.024,60.698,61.398,61.380,61.342,62.479,70.219,65.848,60.962,53.892,47.596,43.010,38.182
43.914,44.071,44.066,43.803,44.057,45.973,53.086,61.806,65.058,63.416,62.883,62.382,61.042,61.760,61.743,61.724,62.834,70.539,66.208,61.283,54.172,47.859,43.237,38.391
44.181,44.334,44.307,44.046,44.313,46.233,53.364,62.093,65.349,63.681,63.148,62.648,61.343,62.073,62.024,61.978,63.103,70.862,66.491,61.525,54.396,48.102,43.471,38.603
44.428,44.590,44.549,44.290,44.559,46.502,53.677,62.461,65.736,64.047,63.520,63.022,61.695,62.417,62.386,62.366,63.513,71.300,66.951,61.956,54.798,48.427,43.741,38.847
44.708,44.867,44.821,44.562,44.836,46.786,53.997,62.821,66.111,64.407,63.876,63.375,62.060,62.792,62.744,62.706,63.861,71.708,67.312,62.279,55.082,48.701,43.999,39.075
44.901,45.074,44.947,44.709,45.011,46.984,54.218,63.032,66.313,64.514,64.044,63.537,62.279,63.001,62.919,62.874,64.114,72.052,67.666,62.560,55.382,48.964,44.195,39.238
45.249,45.423,45.282,45.044,45.354,47.344,54.633,63.512,66.817,64.994,64.518,64.012,62.757,63.487,63.395,63.344,64.600,72.606,68.187,63.029,55.799,49.339,44.529,39.531
45.681,45.862,45.710,45.446,45.758,47.805,55.200,64.250,67.627,65.828,65.225,64.785,63.464,64.212,64.155,64.165,65.382,73.356,69.009,63.781,56.444,49.868,44.959,39.910
46.022,46.223,45.935,45.705,46.065,48.152,55.591,64.637,68.006,66.052,65.535,65.091,63.867,64.603,64.486,64.479,65.831,73.960,69.621,64.263,56.946,50.313,45.293,40.184
46.315,46.502,46.319,46.069,46.396,48.461,55.935,65.052,68.449,66.578,66.034,65.562,64.269,65.018,64.934,64.919,66.199,74.336,69.903,64.595,57.197,50.553,45.583,40.466
46.894,47.089,46.846,46.579,46.928,49.054,56.612,65.858,69.310,67.422,66.761,66.367,65.060,65.831,65.746,65.772,67.045,75.166,70.815,65.405,57.934,51.215,46.139,40.972
47.735,47.958,47.465,47.269,47.714,49.907,57.595,66.864,70.308,68.096,67.638,67.200,66.114,66.879,66.636,66.573,68.125,76.678,72.210,66.504,59.018,52.205,46.923,41.595
48.221,48.447,47.987,47.756,48.186,50.415,58.161,67.562,71.065,68.933,68.331,67.960,66.776,67.553,67.374,67.385,68.854,77.285,72.917,67.213,59.650,52.754,47.425,42.091
49.075,49.315,48.668,48.457,48.961,51.263,59.111,68.587,72.117,69.811,69.195,68.879,67.829,68.633,68.346,68.324,69.916,78.527,74.164,68.228,60.623,53.689,48.200,42.760
49.694,49.938,49.346,49.090,49.568,51.914,59.829,69.473,73.077,70.885,70.085,69.851,68.663,69.480,69.285,69.365,70.843,79.284,75.053,69.136,61.435,54.390,48.849,43.407
51.118,51.412,50.591,50.413,50.974,53.442,61.675,71.569,75.243,72.673,72.152,71.818,70.754,71.538,71.253,71.299,73.123,82.198,77.791,71.500,63.623,56.200,50.295,44.578
52.543,52.765,52.285,51.975,52.441,54.859,63.175,73.356,77.170,75.015,74.066,73.819,72.511,73.414,73.219,73.260,74.669,83.479,78.905,72.764,64.585,57.289,51.594,45.893
55.928,56.053,55.753,55.382,55.856,58.217,66.805,77.316,81.267,79.193,78.095,77.780,76.564,77.648,77.243,76.979,78.249,87.558,82.250,75.901,67.267,60.188,54.632,48.696
