1.152,1.512,0.668,-0.404,3.372,8.914,18.405,29.921,31.577,24.535,26.442,22.805,22.345,24.392,29.879,32.476,32.575,37.658,39.872,41.535,30.323,22.307,18.069,14.891
8.559,8.931,8.149,7.229,10.797,15.784,24.189,33.426,34.688,29.856,29.911,26.960,26.989,29.393,34.396,36.418,37.247,41.372,43.012,42.101,34.864,28.563,24.567,21.582
12.693,12.983,11.517,10.319,14.123,19.415,27.274,35.036,35.827,32.597,30.906,28.188,28.620,31.638,36.565,38.062,39.005,42.757,43.956,42.180,36.247,30.716,26.895,23.926
13.925,14.264,13.140,12.160,15.757,20.682,28.122,35.594,36.478,33.952,31.665,28.871,29.699,32.484,37.206,38.508,39.790,43.389,44.344,42.760,37.272,32.341,28.456,25.535
14.961,15.325,14.469,13.631,17.043,21.639,28.935,36.185,37.096,34.489,32.535,29.978,30.662,33.330,37.890,39.263,40.659,44.046,45.051,43.023,38.228,33.495,29.700,26.877
15.668,16.024,15.146,14.305,17.689,22.228,29.428,36.429,37.279,34.765,32.796,30.369,31.003,33.718,38.217,39.570,40.977,44.247,45.241,43.114,38.514,33.892,30.172,27.391
16.155,16.512,15.650,14.825,18.188,22.690,29.802,36.707,37.551,35.195,33.080,30.645,31.351,34.052,38.516,39.818,41.266,44.505,45.447,43.225,38.827,34.316,30.598,27.827
16.510,16.882,16.127,15.365,18.665,23.061,30.078,36.952,37.833,35.601,33.398,30.940,31.729,34.348,38.759,40.028,41.553,44.763,45.657,43.415,39.189,34.806,31.072,28.316
17.079,17.441,16.638,15.847,19.156,23.592,30.624,37.564,38.444,36.110,34.003,31.519,32.273,34.878,39.295,40.578,42.023,45.273,46.192,44.055,39.663,35.194,31.482,28.732
17.411,17.773,16.988,16.207,19.498,23.907,30.934,37.867,38.749,36.368,34.337,31.879,32.599,35.192,39.594,40.894,42.332,45.566,46.501,44.409,39.979,35.505,31.809,29.071
17.788,18.141,17.293,16.481,19.795,24.238,31.248,38.089,38.932,36.606,34.514,32.088,32.799,35.445,39.849,41.129,42.550,45.761,46.686,44.515,40.158,35.701,32.029,29.295
18.047,18.399,17.561,16.753,20.053,24.479,31.484,38.340,39.187,36.811,34.789,32.370,33.057,35.683,40.074,41.367,42.769,45.980,46.918,44.806,40.390,35.916,32.258,29.534
18.257,18.621,17.888,17.138,20.371,24.703,31.633,38.543,39.444,37.097,35.082,32.610,33.358,35.871,40.214,41.494,42.928,46.146,47.059,45.032,40.643,36.231,32.561,29.853
18.465,18.827,18.101,17.353,20.573,24.891,31.815,38.747,39.653,37.255,35.309,32.837,33.563,36.054,40.386,41.677,43.086,46.309,47.235,45.271,40.816,36.384,32.727,30.029
18.594,18.968,18.334,17.635,20.808,25.052,31.940,38.909,39.856,37.451,35.538,33.041,33.806,36.225,40.527,41.818,43.271,46.492,47.405,45.486,41.061,36.678,33.003,30.313
18.774,19.148,18.544,17.859,21.000,25.188,32.060,38.964,39.901,37.476,35.647,33.233,33.919,36.335,40.606,41.927,43.376,46.542,47.488,45.619,41.163,36.791,33.156,30.493
18.910,19.293,18.746,18.095,21.212,25.362,32.198,39.143,40.113,37.736,35.853,33.381,34.144,36.504,40.760,42.058,43.549,46.732,47.644,45.771,41.386,37.066,33.400,30.732
19.074,19.459,18.939,18.303,21.396,25.516,32.321,39.282,40.268,37.890,36.023,33.534,34.311,36.631,40.868,42.161,43.649,46.836,47.742,45.911,41.519,37.212,33.551,30.893
19.269,19.648,19.094,18.441,21.544,25.694,32.490,39.489,40.476,38.097,36.212,33.679,34.476,36.784,41.024,42.304,43.754,46.975,47.872,46.068,41.636,37.302,33.642,30.982
19.454,19.828,19.244,18.573,21.688,25.857,32.675,39.649,40.616,38.189,36.359,33.864,34.613,36.953,41.200,42.497,43.924,47.132,48.051,46.252,41.776,37.412,33.771,31.115
19.592,19.965,19.387,18.720,21.825,25.978,32.781,39.733,40.697,38.270,36.456,33.975,34.715,37.050,41.285,42.582,44.008,47.203,48.123,46.331,41.864,37.512,33.881,31.234
19.797,20.172,19.602,18.944,22.037,26.179,32.931,39.882,40.858,38.516,36.607,34.078,34.884,37.186,41.405,42.667,44.103,47.311,48.194,46.380,41.992,37.685,34.045,31.399
19.969,20.340,19.750,19.080,22.181,26.340,33.099,40.056,41.026,38.651,36.770,34.241,35.036,37.346,41.570,42.835,44.251,47.452,48.355,46.553,42.132,37.804,34.170,31.524
20.251,20.616,20.027,19.345,22.426,26.537,33.248,40.112,41.058,38.664,36.871,34.418,35.142,37.447,41.627,42.906,44.291,47.466,48.361,46.608,42.174,37.863,34.289,31.679
20.284,20.647,20.032,19.358,22.442,26.604,33.372,40.313,41.265,38.807,37.040,34.555,35.275,37.595,41.811,43.102,44.468,47.669,48.593,46.860,42.335,37.959,34.365,31.735
20.376,20.743,20.161,19.490,22.566,26.691,33.458,40.398,41.358,38.850,37.164,34.707,35.394,37.696,41.897,43.209,44.579,47.763,48.704,46.999,42.456,38.080,34.496,31.878
20.460,20.827,20.234,19.561,22.646,26.787,33.532,40.474,41.437,39.014,37.214,34.714,35.462,37.761,41.966,43.245,44.628,47.830,48.738,47.018,42.515,38.169,34.567,31.939
20.485,20.858,20.296,19.641,22.717,26.843,33.584,40.553,41.533,39.135,37.305,34.782,35.561,37.838,42.043,43.318,44.727,47.936,48.834,47.091,42.632,38.304,34.683,32.049
20.549,20.924,20.382,19.735,22.805,26.921,33.683,40.687,41.654,39.229,37.457,34.937,35.696,37.962,42.170,43.462,44.830,47.988,48.896,47.187,42.736,38.432,34.807,32.173
20.715,21.091,20.560,19.913,22.986,27.108,33.843,40.703,41.679,39.236,37.488,35.032,35.753,38.029,42.187,43.464,44.872,48.086,49.001,47.299,42.783,38.432,34.875,32.279
20.910,21.274,20.693,20.030,23.077,27.166,33.919,40.955,41.903,39.401,37.766,35.256,35.970,38.233,42.419,43.720,45.056,48.205,49.141,47.505,42.963,38.625,35.045,32.407
21.182,21.542,20.962,20.296,23.332,27.407,34.090,40.984,41.987,39.435,37.768,35.339,36.005,38.273,42.456,43.774,45.132,48.285,49.193,47.577,43.082,38.673,35.094,32.511
21.340,21.706,21.177,20.543,23.542,27.567,34.190,41.068,42.043,39.599,37.920,35.453,36.176,38.381,42.496,43.784,45.177,48.344,49.258,47.632,43.094,38.812,35.272,32.699
21.512,21.873,21.317,20.668,23.672,27.704,34.320,41.150,42.105,39.654,37.994,35.558,36.254,38.481,42.590,43.869,45.209,48.406,49.354,47.722,43.153,38.869,35.352,32.787
21.641,22.000,21.441,20.790,23.788,27.814,34.434,41.251,42.198,39.704,38.106,35.698,36.357,38.588,42.692,43.986,45.311,48.433,49.365,47.767,43.248,38.949,35.449,32.893
21.756,22.111,21.532,20.870,23.878,27.926,34.549,41.385,42.332,39.837,38.225,35.797,36.464,38.698,42.809,44.097,45.406,48.546,49.474,47.880,43.342,39.026,35.523,32.963
21.861,22.217,21.648,20.990,23.991,28.027,34.643,41.486,42.437,39.934,38.337,35.907,36.574,38.794,42.899,44.189,45.495,48.636,49.564,47.989,43.441,39.127,35.627,33.070
21.970,22.323,21.731,21.061,24.071,28.123,34.742,41.561,42.499,39.997,38.397,35.980,36.635,38.876,42.985,44.273,45.570,48.704,49.635,48.043,43.500,39.180,35.688,33.133
22.119,22.468,21.847,21.164,24.183,28.250,34.862,41.652,42.575,40.089,38.470,36.062,36.713,38.971,43.080,44.361,45.645,48.774,49.702,48.088,43.562,39.242,35.762,33.208
22.214,22.564,21.956,21.280,24.290,28.344,34.947,41.742,42.671,40.185,38.573,36.160,36.816,39.060,43.162,44.442,45.729,48.858,49.783,48.183,43.657,39.344,35.864,33.313
22.322,22.673,22.080,21.413,24.410,28.451,35.030,41.842,42.783,40.314,38.686,36.248,36.929,39.145,43.236,44.506,45.793,48.931,49.846,48.263,43.746,39.446,35.962,33.415
22.434,22.783,22.174,21.500,24.506,28.561,35.127,41.927,42.863,40.444,38.751,36.296,37.005,39.229,43.322,44.573,45.863,49.007,49.904,48.283,43.814,39.530,36.041,33.489
22.532,22.882,22.286,21.620,24.613,28.646,35.203,41.976,42.910,40.480,38.819,36.390,37.081,39.301,43.382,44.640,45.935,49.059,49.962,48.350,43.887,39.616,36.138,33.594
22.655,23.008,22.425,21.766,24.754,28.784,35.341,42.164,43.114,40.671,39.016,36.556,37.263,39.457,43.539,44.797,46.088,49.234,50.135,48.557,44.060,39.777,36.289,33.743
22.794,23.145,22.570,21.912,24.891,28.908,35.466,42.285,43.235,40.751,39.156,36.715,37.393,39.582,43.655,44.927,46.206,49.343,50.259,48.718,44.181,39.886,36.411,33.873
22.941,23.286,22.670,21.991,24.984,29.025,35.590,42.376,43.303,40.801,39.226,36.810,37.457,39.677,43.755,45.031,46.284,49.412,50.337,48.786,44.232,39.918,36.463,33.929
23.053,23.395,22.762,22.072,25.073,29.132,35.703,42.509,43.432,40.921,39.347,36.917,37.565,39.785,43.869,45.142,46.376,49.521,50.447,48.869,44.324,39.989,36.534,33.998
23.116,23.460,22.833,22.150,25.149,29.197,35.750,42.512,43.436,40.975,39.348,36.927,37.594,39.824,43.902,45.163,46.424,49.548,50.460,48.911,44.367,40.073,36.615,34.079
23.225,23.567,22.922,22.229,25.239,29.301,35.873,42.617,43.526,41.049,39.439,37.043,37.684,39.940,44.026,45.296,46.551,49.667,50.590,48.987,44.472,40.163,36.712,34.174
23.271,23.616,22.992,22.308,25.310,29.359,35.939,42.702,43.620,41.120,39.540,37.145,37.780,40.024,44.109,45.389,46.650,49.767,50.697,49.117,44.579,40.266,36.810,34.273
23.363,23.707,23.088,22.404,25.404,29.450,36.044,42.832,43.754,41.204,39.682,37.292,37.903,40.140,44.227,45.522,46.770,49.892,50.838,49.300,44.700,40.361,36.910,34.375
23.444,23.787,23.148,22.453,25.466,29.534,36.143,42.926,43.840,41.289,39.756,37.370,37.976,40.232,44.331,45.626,46.870,49.994,50.942,49.386,44.784,40.432,36.980,34.440
23.561,23.904,23.263,22.566,25.582,29.655,36.273,43.078,43.996,41.427,39.908,37.513,38.116,40.369,44.472,45.771,47.007,50.141,51.094,49.555,44.923,40.556,37.102,34.560
23.655,23.997,23.347,22.646,25.667,29.748,36.368,43.171,44.086,41.519,39.994,37.597,38.201,40.460,44.566,45.863,47.096,50.232,51.184,49.639,45.007,40.637,37.183,34.639
23.796,24.133,23.458,22.742,25.771,29.875,36.500,43.319,44.228,41.641,40.128,37.722,38.319,40.581,44.692,45.990,47.196,50.346,51.302,49.776,45.103,40.705,37.258,34.714
23.904,24.239,23.550,22.828,25.861,29.972,36.594,43.397,44.299,41.719,40.199,37.797,38.391,40.662,44.773,46.067,47.266,50.414,51.368,49.832,45.167,40.770,37.328,34.786
23.997,24.331,23.635,22.911,25.948,30.063,36.676,43.463,44.361,41.814,40.253,37.847,38.457,40.735,44.846,46.129,47.335,50.480,51.424,49.858,45.233,40.852,37.407,34.863
24.148,24.478,23.751,23.008,26.061,30.201,36.834,43.605,44.487,41.913,40.377,37.992,38.572,40.879,45.000,46.292,47.479,50.621,51.577,50.006,45.351,40.944,37.511,34.966
24.243,24.573,23.840,23.096,26.153,30.298,36.931,43.692,44.570,42.014,40.455,38.071,38.657,40.972,45.096,46.383,47.575,50.715,51.667,50.075,45.442,41.042,37.606,35.059
24.357,24.686,23.959,23.217,26.266,30.397,37.028,43.774,44.649,42.065,40.552,38.192,38.752,41.066,45.182,46.480,47.667,50.792,51.756,50.184,45.532,41.129,37.706,35.166
24.449,24.781,24.080,23.349,26.389,30.495,37.138,43.869,44.745,42.130,40.669,38.343,38.873,41.190,45.302,46.618,47.820,50.924,51.903,50.342,45.680,41.281,37.862,35.327
24.538,24.872,24.170,23.442,26.486,30.599,37.233,43.966,44.845,42.278,40.753,38.405,38.969,41.285,45.401,46.701,47.917,51.028,51.991,50.396,45.781,41.401,37.969,35.428
24.654,24.989,24.296,23.568,26.612,30.724,37.386,44.143,45.025,42.400,40.940,38.606,39.139,41.457,45.580,46.902,48.112,51.225,52.208,50.647,45.970,41.561,38.130,35.588
24.797,25.129,24.422,23.686,26.733,30.850,37.529,44.282,45.156,42.474,41.083,38.775,39.265,41.595,45.719,47.059,48.248,51.354,52.359,50.830,46.092,41.653,38.238,35.701
24.938,25.271,24.582,23.851,26.890,30.993,37.691,44.459,45.337,42.592,41.281,38.996,39.448,41.773,45.896,47.260,48.444,51.543,52.570,51.086,46.287,41.825,38.417,35.885
25.084,25.415,24.701,23.960,27.012,31.137,37.819,44.563,45.432,42.759,41.354,39.050,39.540,41.880,46.008,47.346,48.536,51.640,52.643,51.093,46.372,41.934,38.519,35.980
25.208,25.540,24.819,24.079,27.136,31.270,37.922,44.660,45.533,42.953,41.430,39.084,39.639,41.972,46.099,47.403,48.609,51.727,52.694,51.098,46.459,42.060,38.628,36.081
25.371,25.698,24.937,24.178,27.251,31.413,38.066,44.784,45.640,43.070,41.527,39.183,39.734,42.090,46.223,47.520,48.707,51.826,52.792,51.169,46.539,42.128,38.705,36.157
25.501,25.827,25.065,24.303,27.377,31.547,38.208,44.964,45.828,43.230,41.709,39.347,39.898,42.242,46.379,47.680,48.852,51.990,52.961,51.372,46.693,42.259,38.832,36.283
25.628,25.951,25.166,24.389,27.477,31.669,38.367,45.133,45.986,43.320,41.868,39.530,40.033,42.401,46.552,47.876,49.024,52.163,53.160,51.598,46.839,42.358,38.942,36.392
25.809,26.124,25.278,24.469,27.587,31.830,38.531,45.270,46.100,43.470,41.954,39.608,40.122,42.528,46.695,48.000,49.126,52.274,53.260,51.645,46.913,42.421,39.010,36.452
26.041,26.347,25.445,24.608,27.749,32.037,38.732,45.460,46.272,43.670,42.103,39.737,40.264,42.692,46.869,48.155,49.250,52.415,53.389,51.707,47.022,42.515,39.111,36.549
26.219,26.523,25.606,24.766,27.904,32.187,38.844,45.513,46.312,43.776,42.147,39.787,40.335,42.771,46.934,48.196,49.296,52.444,53.397,51.747,47.067,42.602,39.208,36.652
26.337,26.640,25.709,24.862,28.007,32.301,38.960,45.620,46.413,43.884,42.243,39.885,40.433,42.879,47.045,48.305,49.400,52.548,53.500,51.797,47.164,42.696,39.304,36.747
26.478,26.782,25.846,24.998,28.150,32.458,39.105,45.772,46.569,44.101,42.376,39.984,40.578,43.021,47.193,48.431,49.539,52.701,53.630,51.887,47.309,42.861,39.452,36.886
26.634,26.938,26.005,25.160,28.312,32.622,39.266,45.950,46.753,44.299,42.551,40.140,40.752,43.188,47.361,48.592,49.703,52.876,53.797,52.052,47.482,43.037,39.619,37.050
26.744,27.049,26.103,25.251,28.420,32.752,39.410,46.101,46.903,44.478,42.677,40.250,40.884,43.335,47.524,48.747,49.867,53.051,53.963,52.179,47.635,43.190,39.757,37.177
26.834,27.141,26.204,25.354,28.526,32.859,39.551,46.259,47.062,44.586,42.840,40.434,41.035,43.497,47.696,48.942,50.066,53.246,54.179,52.414,47.821,43.351,39.915,37.331
26.928,27.236,26.305,25.456,28.630,32.958,39.669,46.364,47.163,44.660,42.949,40.572,41.146,43.622,47.826,49.086,50.217,53.383,54.330,52.564,47.957,43.480,40.048,37.464
27.115,27.418,26.444,25.573,28.770,33.136,39.861,46.552,47.336,44.838,43.103,40.720,41.293,43.796,48.015,49.269,50.381,53.558,54.504,52.715,48.100,43.602,40.172,37.582
27.297,27.595,26.567,25.665,28.906,33.335,40.119,46.812,47.575,45.054,43.308,40.938,41.486,44.050,48.308,49.573,50.672,53.859,54.820,52.986,48.339,43.794,40.357,37.749
27.478,27.779,26.772,25.874,29.111,33.536,40.372,47.141,47.919,45.269,43.663,41.304,41.795,44.345,48.615,49.923,51.002,54.204,55.207,53.471,48.670,44.056,40.619,38.011
27.528,27.840,26.905,26.040,29.258,33.636,40.522,47.324,48.123,45.383,43.896,41.582,42.020,44.561,48.835,50.191,51.308,54.489,55.529,53.843,48.977,44.348,40.899,38.290
27.808,28.106,27.094,26.187,29.433,33.878,40.779,47.620,48.404,45.614,44.150,41.805,42.228,44.784,49.076,50.428,51.471,54.693,55.742,54.098,49.125,44.423,40.990,38.379
27.986,28.285,27.283,26.375,29.624,34.070,41.019,47.903,48.692,45.802,44.447,42.124,42.493,45.053,49.357,50.746,51.775,55.002,56.087,54.503,49.418,44.662,41.232,38.619
28.245,28.540,27.488,26.552,29.836,34.339,41.322,48.226,49.002,46.113,44.720,42.379,42.753,45.348,49.682,51.066,52.077,55.328,56.412,54.799,49.691,44.898,41.458,38.830
28.362,28.669,27.685,26.787,30.053,34.521,41.496,48.452,49.266,46.436,44.971,42.581,43.023,45.574,49.907,51.279,52.348,55.615,56.674,55.045,50.002,45.253,41.770,39.130
28.594,28.901,27.883,26.959,30.273,34.808,41.897,48.934,49.744,46.798,45.410,43.029,43.414,46.018,50.410,51.826,52.877,56.176,57.280,55.670,50.478,45.626,42.121,39.454
28.779,29.089,28.068,27.135,30.484,35.048,42.256,49.298,50.093,47.033,45.753,43.452,43.743,46.424,50.866,52.341,53.415,56.691,57.852,56.222,50.942,46.023,42.508,39.822
28.936,29.260,28.351,27.474,30.769,35.241,42.428,49.512,50.350,47.261,46.054,43.754,44.050,46.658,51.068,52.563,53.684,56.946,58.113,56.558,51.269,46.388,42.859,40.185
29.256,29.570,28.567,27.642,30.990,35.555,42.776,49.871,50.684,47.612,46.331,44.001,44.309,46.972,51.421,52.899,53.980,57.278,58.438,56.830,51.522,46.591,43.057,40.363
29.582,29.915,29.035,28.157,31.485,36.009,43.386,50.732,51.619,48.236,47.284,44.954,45.156,47.757,52.247,53.842,54.931,58.278,59.538,58.171,52.498,47.414,43.836,41.126
29.838,30.205,29.520,28.741,32.026,36.455,43.871,51.379,52.364,49.020,48.011,45.604,45.908,48.413,52.915,54.526,55.764,59.141,60.382,59.026,53.409,48.388,44.702,41.959
30.132,30.521,29.986,29.272,32.515,36.852,44.390,52.021,53.060,49.459,48.769,46.442,46.616,49.083,53.599,55.325,56.617,59.970,61.308,60.122,54.271,49.175,45.466,42.723
30.697,31.074,30.428,29.652,32.969,37.419,45.044,52.674,53.670,50.026,49.323,47.014,47.143,49.710,54.286,56.024,57.271,60.646,62.007,60.761,54.840,49.656,45.948,43.180
31.275,31.640,30.889,30.047,33.439,37.988,45.758,53.341,54.273,50.459,49.914,47.730,47.694,50.409,55.052,56.859,58.058,61.405,62.849,61.574,55.493,50.178,46.500,43.718
31.883,32.285,31.682,30.909,34.335,38.895,46.848,54.706,55.737,51.911,51.271,48.975,49.039,51.733,56.480,58.327,59.688,63.123,64.571,63.251,57.136,51.785,47.937,45.068
33.276,33.648,32.810,31.893,35.466,40.285,48.485,56.534,57.510,53.339,52.935,50.632,50.520,53.363,58.250,60.184,61.347,64.903,66.465,65.272,58.649,52.948,49.115,46.200
36.339,36.668,35.469,34.326,38.157,43.458,52.117,60.768,61.733,56.959,56.885,54.371,54.088,57.082,62.247,64.311,65.129,69.034,70.764,69.893,62.267,55.897,52.002,48.971
