3.444,-1.003,-3.909,-6.699,-5.847,0.431,9.642,19.740,22.909,20.447,17.333,16.457,11.371,7.604,12.753,17.423,16.202,24.274,28.233,23.224,20.447,18.120,15.752,12.751
10.852,7.409,5.243,2.518,3.035,8.145,16.086,24.621,27.162,25.597,23.489,23.657,19.572,16.747,20.038,24.720,24.453,30.777,33.919,30.172,26.779,24.517,22.580,19.491
14.263,10.897,8.542,5.717,6.323,11.130,18.362,26.309,28.172,27.164,25.662,26.944,23.296,21.528,23.892,28.184,29.218,34.440,36.463,33.455,29.244,26.676,25.392,22.320
15.804,12.861,11.094,8.341,8.644,13.091,20.044,27.806,29.662,28.601,27.285,28.310,24.732,22.727,24.494,29.363,30.192,35.138,37.315,34.660,30.700,28.423,26.896,23.745
16.407,13.613,11.975,9.217,9.456,13.740,20.532,28.107,29.876,28.936,27.774,28.949,25.496,23.609,25.073,30.011,30.985,35.683,37.753,35.293,31.228,28.961,27.476,24.288
17.061,14.318,12.682,9.961,10.213,14.420,21.119,28.527,30.277,29.400,28.262,29.473,26.113,24.290,25.751,30.551,31.524,36.144,38.183,35.743,31.695,29.436,27.999,24.855
17.417,14.794,13.330,10.642,10.812,14.941,21.652,29.028,30.870,29.950,28.791,29.829,26.473,24.480,25.909,30.859,31.615,36.287,38.515,36.065,32.162,30.005,28.438,25.271
17.800,15.143,13.645,10.946,11.126,15.271,21.940,29.342,31.120,30.200,29.072,30.169,26.799,24.872,26.245,31.195,32.062,36.673,38.797,36.401,32.452,30.273,28.751,25.590
18.392,15.715,14.173,11.497,11.708,15.861,22.528,29.889,31.685,30.764,29.600,30.672,27.318,25.393,26.866,31.706,32.525,37.171,39.311,36.862,32.956,30.777,29.271,26.150
18.768,16.074,14.526,11.853,12.064,16.221,22.842,30.222,31.975,31.034,29.886,30.962,27.591,25.692,27.124,31.976,32.849,37.453,39.530,37.123,33.222,31.049,29.560,26.454
19.119,16.387,14.781,12.108,12.348,16.524,23.117,30.489,32.205,31.273,30.131,31.252,27.885,26.047,27.497,32.276,33.215,37.792,39.796,37.396,33.470,31.272,29.832,26.750
19.464,16.748,15.207,12.541,12.741,16.906,23.464,30.889,32.586,31.595,30.465,31.517,28.105,26.219,27.592,32.489,33.417,37.973,39.972,37.626,33.758,31.608,30.127,27.043
19.637,16.946,15.431,12.780,12.971,17.117,23.677,31.075,32.798,31.802,30.659,31.669,28.267,26.345,27.740,32.635,33.500,38.075,40.122,37.759,33.934,31.805,30.301,27.223
19.820,17.132,15.649,12.998,13.168,17.315,23.859,31.296,33.006,31.976,30.840,31.816,28.386,26.440,27.791,32.755,33.623,38.188,40.226,37.894,34.094,31.987,30.463,27.381
20.011,17.327,15.851,13.202,13.367,17.504,24.022,31.453,33.143,32.114,30.993,31.979,28.551,26.620,27.938,32.910,33.804,38.340,40.350,38.045,34.241,32.138,30.622,27.543
20.150,17.516,16.075,13.449,13.606,17.695,24.196,31.541,33.263,32.257,31.130,32.088,28.707,26.755,28.092,33.025,33.844,38.380,40.446,38.124,34.362,32.282,30.752,27.684
20.289,17.652,16.249,13.607,13.735,17.835,24.332,31.754,33.452,32.408,31.302,32.243,28.814,26.841,28.098,33.150,34.005,38.523,40.565,38.293,34.528,32.462,30.908,27.817
20.464,17.818,16.410,13.774,13.904,18.011,24.502,31.934,33.629,32.570,31.455,32.378,28.939,26.959,28.230,33.276,34.123,38.648,40.688,38.411,34.667,32.608,31.053,27.972
20.609,17.952,16.531,13.904,14.043,18.160,24.663,32.097,33.808,32.736,31.600,32.496,29.051,27.054,28.372,33.393,34.206,38.760,40.821,38.517,34.799,32.744,31.183,28.115
20.802,18.101,16.618,13.987,14.157,18.305,24.807,32.250,33.940,32.873,31.730,32.662,29.213,27.260,28.616,33.572,34.432,38.987,40.999,38.681,34.938,32.855,31.333,28.282
20.957,18.251,16.746,14.114,14.297,18.438,24.914,32.328,33.993,32.950,31.823,32.798,29.369,27.463,28.806,33.719,34.626,39.145,41.113,38.812,35.040,32.942,31.451,28.409
21.097,18.392,16.887,14.259,14.442,18.581,25.051,32.461,34.126,33.080,31.951,32.919,29.491,27.583,28.930,33.838,34.740,39.258,41.226,38.925,35.162,33.068,31.577,28.539
21.277,18.592,17.109,14.492,14.665,18.782,25.230,32.614,34.278,33.231,32.107,33.060,29.643,27.728,29.059,33.970,34.856,39.359,41.332,39.043,35.303,33.225,31.728,28.697
21.487,18.770,17.259,14.649,14.836,18.978,25.426,32.837,34.496,33.424,32.280,33.209,29.770,27.851,29.224,34.110,34.992,39.516,41.478,39.171,35.456,33.380,31.888,28.876
21.674,18.945,17.418,14.810,15.005,19.150,25.572,32.979,34.615,33.541,32.404,33.348,29.908,28.015,29.379,34.245,35.160,39.660,41.583,39.293,35.574,33.494,32.022,29.023
21.751,19.041,17.529,14.932,15.124,19.255,25.686,33.065,34.729,33.658,32.507,33.422,29.997,28.078,29.472,34.322,35.181,39.704,41.672,39.357,35.668,33.599,32.112,29.117
21.864,19.164,17.649,15.060,15.257,19.370,25.778,33.116,34.772,33.720,32.576,33.506,30.105,28.207,29.571,34.412,35.277,39.779,41.735,39.426,35.735,33.665,32.193,29.208
21.965,19.264,17.778,15.180,15.354,19.472,25.862,33.253,34.882,33.799,32.675,33.594,30.158,28.250,29.599,34.473,35.373,39.848,41.774,39.513,35.824,33.768,32.282,29.285
22.126,19.429,17.940,15.355,15.536,19.648,26.041,33.406,35.054,33.970,32.828,33.721,30.296,28.373,29.739,34.602,35.459,39.955,41.909,39.621,35.962,33.915,32.424,29.442
22.289,19.602,18.124,15.551,15.727,19.823,26.182,33.525,35.161,34.073,32.937,33.819,30.401,28.484,29.834,34.689,35.525,40.019,41.958,39.688,36.052,34.018,32.531,29.563
22.373,19.721,18.283,15.727,15.887,19.958,26.325,33.640,35.312,34.217,33.064,33.890,30.483,28.514,29.886,34.752,35.545,40.026,42.033,39.741,36.157,34.153,32.631,29.665
22.517,19.846,18.373,15.814,15.992,20.072,26.429,33.732,35.386,34.308,33.162,34.028,30.631,28.703,30.084,34.903,35.718,40.202,42.171,39.880,36.267,34.242,32.750,29.792
22.609,19.961,18.517,15.963,16.127,20.188,26.536,33.828,35.487,34.405,33.264,34.112,30.718,28.774,30.132,34.978,35.773,40.250,42.235,39.956,36.360,34.351,32.844,29.883
22.772,20.119,18.670,16.116,16.284,20.350,26.708,34.001,35.669,34.587,33.438,34.281,30.888,28.938,30.315,35.151,35.935,40.425,42.420,40.128,36.535,34.524,33.015,30.055
22.876,20.238,18.801,16.253,16.417,20.466,26.806,34.073,35.738,34.663,33.521,34.364,30.984,29.038,30.404,35.232,36.011,40.485,42.480,40.197,36.612,34.607,33.101,30.145
22.986,20.338,18.885,16.338,16.509,20.563,26.892,34.159,35.811,34.737,33.598,34.453,31.073,29.144,30.510,35.321,36.122,40.586,42.557,40.280,36.688,34.678,33.185,30.236
23.084,20.441,18.983,16.435,16.610,20.651,26.957,34.197,35.831,34.776,33.653,34.538,31.176,29.279,30.621,35.413,36.246,40.677,42.618,40.360,36.749,34.731,33.258,30.313
23.222,20.571,19.098,16.562,16.748,20.795,27.105,34.337,35.984,34.921,33.777,34.637,31.275,29.366,30.759,35.512,36.310,40.767,42.727,40.440,36.858,34.845,33.370,30.442
23.341,20.694,19.206,16.675,16.871,20.909,27.211,34.404,36.052,35.012,33.869,34.752,31.415,29.528,30.936,35.641,36.444,40.891,42.845,40.550,36.957,34.935,33.478,30.557
23.438,20.766,19.248,16.713,16.924,20.979,27.282,34.487,36.121,35.082,33.938,34.841,31.498,29.634,31.055,35.735,36.569,41.014,42.940,40.643,37.033,34.995,33.557,30.642
23.581,20.901,19.397,16.861,17.061,21.125,27.418,34.665,36.286,35.213,34.070,34.944,31.570,29.689,31.085,35.815,36.654,41.097,43.009,40.732,37.145,35.123,33.671,30.758
23.681,21.005,19.513,16.978,17.169,21.227,27.499,34.749,36.354,35.277,34.147,35.023,31.645,29.770,31.133,35.884,36.743,41.162,43.055,40.803,37.216,35.200,33.750,30.836
23.771,21.113,19.635,17.105,17.292,21.336,27.610,34.836,36.456,35.386,34.253,35.118,31.754,29.867,31.238,35.982,36.812,41.237,43.155,40.894,37.319,35.310,33.851,30.937
23.872,21.216,19.753,17.224,17.402,21.449,27.731,34.977,36.605,35.519,34.379,35.219,31.841,29.930,31.301,36.073,36.883,41.322,43.258,40.995,37.437,35.439,33.963,31.045
24.054,21.351,19.837,17.300,17.500,21.580,27.851,35.131,36.723,35.627,34.491,35.364,31.966,30.098,31.473,36.219,37.098,41.522,43.390,41.138,37.553,35.533,34.091,31.186
24.138,21.460,19.971,17.442,17.633,21.695,27.975,35.232,36.850,35.757,34.612,35.457,32.071,30.174,31.562,36.312,37.139,41.580,43.494,41.226,37.667,35.661,34.199,31.291
24.277,21.584,20.058,17.532,17.744,21.807,28.069,35.296,36.896,35.825,34.684,35.569,32.202,30.349,31.753,36.438,37.300,41.721,43.597,41.329,37.747,35.722,34.295,31.403
24.364,21.673,20.141,17.611,17.826,21.881,28.126,35.336,36.919,35.866,34.743,35.661,32.309,30.486,31.866,36.538,37.437,41.829,43.676,41.425,37.817,35.782,34.373,31.479
24.437,21.752,20.219,17.693,17.910,21.964,28.220,35.417,37.016,35.967,34.833,35.742,32.397,30.564,31.969,36.624,37.496,41.905,43.776,41.506,37.907,35.873,34.459,31.568
24.539,21.861,20.328,17.809,18.029,22.070,28.311,35.482,37.079,36.038,34.906,35.818,32.486,30.662,32.068,36.701,37.570,41.968,43.835,41.567,37.974,35.943,34.536,31.653
24.606,21.948,20.448,17.935,18.139,22.171,28.424,35.598,37.219,36.164,35.022,35.891,32.554,30.687,32.097,36.764,37.581,42.001,43.914,41.637,38.077,36.067,34.628,31.740
24.701,22.026,20.497,17.985,18.206,22.254,28.530,35.705,37.339,36.287,35.126,35.994,32.658,30.790,32.253,36.879,37.680,42.129,44.056,41.744,38.185,36.164,34.732,31.850
24.813,22.122,20.587,18.076,18.299,22.365,28.658,35.862,37.506,36.435,35.257,36.100,32.744,30.856,32.346,36.979,37.760,42.238,44.180,41.850,38.308,36.291,34.847,31.968
24.905,22.213,20.663,18.147,18.380,22.444,28.739,35.924,37.566,36.515,35.342,36.215,32.874,31.009,32.503,37.108,37.906,42.376,44.308,41.975,38.409,36.377,34.949,32.068
24.992,22.290,20.744,18.223,18.449,22.525,28.818,36.040,37.670,36.600,35.431,36.297,32.934,31.063,32.535,37.178,37.995,42.462,44.377,42.060,38.494,36.465,35.032,32.147
25.106,22.393,20.830,18.307,18.541,22.624,28.912,36.134,37.754,36.688,35.522,36.404,33.042,31.189,32.664,37.289,38.128,42.587,44.483,42.168,38.589,36.551,35.132,32.251
25.216,22.491,20.925,18.401,18.636,22.731,29.030,36.274,37.897,36.817,35.641,36.508,33.130,31.264,32.752,37.387,38.217,42.692,44.593,42.271,38.703,36.667,35.241,32.361
25.294,22.589,21.023,18.501,18.740,22.813,29.104,36.300,37.926,36.878,35.712,36.608,33.263,31.419,32.903,37.504,38.337,42.794,44.698,42.375,38.788,36.744,35.331,32.449
25.388,22.681,21.121,18.595,18.828,22.906,29.204,36.417,38.043,36.989,35.825,36.718,33.364,31.513,32.986,37.611,38.447,42.907,44.812,42.494,38.903,36.860,35.440,32.552
25.532,22.814,21.219,18.698,18.952,23.030,29.312,36.492,38.107,37.074,35.909,36.832,33.499,31.685,33.183,37.739,38.597,43.045,44.923,42.597,38.992,36.934,35.544,32.672
25.641,22.935,21.365,18.851,19.094,23.170,29.470,36.657,38.301,37.249,36.066,36.940,33.598,31.738,33.259,37.838,38.635,43.117,45.046,42.698,39.133,37.095,35.674,32.801
25.759,23.061,21.480,18.963,19.214,23.277,29.573,36.724,38.363,37.345,36.174,37.090,33.776,31.947,33.462,38.006,38.826,43.288,45.206,42.860,39.262,37.207,35.806,32.930
25.904,23.196,21.596,19.083,19.346,23.419,29.729,36.877,38.530,37.511,36.324,37.232,33.919,32.085,33.643,38.155,38.956,43.441,45.373,43.001,39.410,37.351,35.952,33.083
25.979,23.278,21.683,19.171,19.433,23.512,29.865,37.015,38.708,37.688,36.476,37.356,34.043,32.171,33.776,38.287,39.027,43.563,45.557,43.141,39.567,37.511,36.088,33.211
26.094,23.385,21.781,19.268,19.535,23.621,29.978,37.131,38.824,37.804,36.589,37.472,34.157,32.288,33.904,38.405,39.148,43.688,45.680,43.258,39.681,37.621,36.202,33.327
26.264,23.526,21.888,19.367,19.648,23.750,30.084,37.254,38.908,37.890,36.689,37.613,34.290,32.468,34.064,38.548,39.361,43.870,45.794,43.397,39.788,37.709,36.323,33.457
26.431,23.707,22.076,19.564,19.845,23.930,30.252,37.390,39.048,38.040,36.839,37.760,34.454,32.634,34.234,38.697,39.496,43.997,45.929,43.530,39.933,37.859,36.475,33.615
26.580,23.828,22.153,19.629,19.930,24.024,30.314,37.447,39.055,38.070,36.898,37.895,34.598,32.854,34.421,38.845,39.746,44.192,46.035,43.671,40.013,37.907,36.575,33.722
26.753,23.982,22.297,19.770,20.072,24.181,30.459,37.626,39.212,38.205,37.038,38.033,34.713,32.976,34.525,38.970,39.903,44.338,46.145,43.801,40.144,38.039,36.713,33.864
26.823,24.065,22.405,19.873,20.161,24.270,30.574,37.757,39.365,38.354,37.181,38.157,34.830,33.061,34.609,39.092,39.992,44.451,46.299,43.944,40.292,38.195,36.843,33.977
26.966,24.178,22.450,19.911,20.236,24.358,30.657,37.807,39.393,38.424,37.257,38.311,35.011,33.315,34.892,39.279,40.245,44.683,46.476,44.110,40.399,38.258,36.962,34.108
27.123,24.319,22.583,20.045,20.374,24.512,30.825,38.001,39.594,38.606,37.425,38.457,35.139,33.427,35.030,39.420,40.371,44.833,46.635,44.255,40.559,38.421,37.117,34.267
27.331,24.493,22.688,20.148,20.513,24.662,30.942,38.087,39.637,38.681,37.514,38.622,35.327,33.700,35.314,39.607,40.645,45.064,46.781,44.411,40.665,38.489,37.250,34.423
27.518,24.684,22.855,20.319,20.700,24.834,31.088,38.178,39.712,38.792,37.638,38.792,35.533,33.954,35.570,39.796,40.865,45.251,46.937,44.572,40.800,38.608,37.403,34.588
27.641,24.805,22.991,20.448,20.818,24.955,31.207,38.325,39.849,38.916,37.771,38.922,35.646,34.061,35.643,39.914,41.000,45.377,47.052,44.708,40.932,38.744,37.532,34.707
27.785,24.941,23.116,20.566,20.941,25.086,31.342,38.468,39.986,39.059,37.918,39.087,35.810,34.238,35.817,40.086,41.192,45.565,47.228,44.885,41.090,38.892,37.688,34.859
27.930,25.104,23.283,20.735,21.110,25.235,31.481,38.568,40.087,39.185,38.055,39.247,35.996,34.441,36.010,40.257,41.368,45.723,47.385,45.047,41.237,39.034,37.839,35.009
28.119,25.253,23.390,20.840,21.236,25.396,31.664,38.783,40.304,39.387,38.235,39.424,36.153,34.601,36.222,40.438,41.553,45.940,47.594,45.227,41.417,39.201,38.016,35.196
28.187,25.335,23.485,20.932,21.322,25.476,31.763,38.876,40.414,39.506,38.351,39.537,36.272,34.705,36.330,40.557,41.650,46.050,47.733,45.355,41.542,39.326,38.129,35.298
28.368,25.489,23.601,21.038,21.447,25.620,31.910,39.035,40.556,39.658,38.506,39.731,36.465,34.933,36.567,40.763,41.902,46.296,47.942,45.563,41.714,39.475,38.304,35.475
28.534,25.631,23.706,21.126,21.552,25.751,32.079,39.223,40.750,39.870,38.715,39.982,36.714,35.203,36.861,41.038,42.205,46.617,48.258,45.857,41.958,39.686,38.531,35.688
28.683,25.805,23.917,21.347,21.757,25.955,32.339,39.491,41.085,40.185,38.989,40.176,36.900,35.302,37.020,41.227,42.273,46.764,48.517,46.059,42.219,39.974,38.761,35.908
28.786,25.921,24.040,21.468,21.878,26.077,32.508,39.655,41.292,40.400,39.183,40.351,37.081,35.447,37.211,41.415,42.400,46.940,48.760,46.257,42.424,40.179,38.942,36.077
29.007,26.112,24.205,21.641,22.064,26.289,32.730,39.903,41.545,40.627,39.383,40.520,37.229,35.581,37.398,41.577,42.541,47.114,48.938,46.408,42.605,40.364,39.126,36.278
29.238,26.315,24.374,21.800,22.239,26.491,32.956,40.153,41.796,40.879,39.625,40.780,37.479,35.843,37.689,41.848,42.831,47.423,49.237,46.688,42.863,40.601,39.375,36.526
29.489,26.515,24.523,21.926,22.384,26.678,33.150,40.406,42.010,41.089,39.848,41.060,37.730,36.116,37.969,42.135,43.166,47.787,49.529,46.997,43.112,40.815,39.623,36.768
29.608,26.688,24.804,22.219,22.622,26.904,33.444,40.749,42.443,41.461,40.176,41.234,37.865,36.143,37.973,42.272,43.211,47.842,49.754,47.177,43.401,41.172,39.863,36.979
29.835,26.889,24.952,22.352,22.787,27.111,33.758,41.077,42.839,41.882,40.547,41.616,38.252,36.479,38.459,42.699,43.531,48.311,50.307,47.626,43.818,41.552,40.235,37.333
29.963,27.051,25.159,22.531,22.939,27.257,33.968,41.313,43.113,42.176,40.852,41.935,38.572,36.762,38.702,43.035,43.846,48.651,50.710,48.024,44.169,41.895,40.540,37.582
30.177,27.318,25.479,22.875,23.264,27.541,34.257,41.542,43.392,42.460,41.117,42.138,38.804,36.935,38.905,43.233,43.933,48.768,50.919,48.202,44.411,42.172,40.776,37.822
30.499,27.601,25.690,23.080,23.510,27.822,34.586,41.867,43.739,42.829,41.455,42.508,39.184,37.338,39.406,43.638,44.335,49.218,51.380,48.597,44.776,42.499,41.130,38.185
30.830,27.946,26.108,23.481,23.867,28.222,35.133,42.545,44.528,43.548,42.111,43.028,39.628,37.606,39.734,44.138,44.665,49.708,52.059,49.193,45.434,43.193,41.699,38.694
31.175,28.337,26.650,23.983,24.274,28.645,35.653,43.246,45.283,44.216,42.783,43.586,40.082,37.893,39.897,44.640,45.086,50.199,52.674,49.841,46.110,43.926,42.290,39.189
31.501,28.726,27.117,24.450,24.707,29.067,36.209,43.809,45.984,44.913,43.420,44.118,40.617,38.275,40.368,45.186,45.419,50.677,53.380,50.439,46.763,44.610,42.865,39.714
32.060,29.248,27.614,24.922,25.184,29.579,36.732,44.398,46.542,45.462,43.985,44.724,41.190,38.876,40.933,45.792,46.103,51.348,53.996,51.080,47.352,45.174,43.445,40.277
32.619,29.780,28.055,25.350,25.668,30.092,37.334,44.952,47.151,46.142,44.626,45.437,41.952,39.672,41.873,46.579,46.865,52.184,54.884,51.858,48.060,45.817,44.124,40.951
33.271,30.464,28.888,26.086,26.303,30.806,38.325,46.234,48.576,47.495,45.950,46.665,43.041,40.521,42.651,47.796,47.950,53.468,56.419,53.339,49.481,47.250,45.358,42.001
34.730,31.671,29.750,26.923,27.318,32.027,39.673,47.685,50.015,48.943,47.286,48.124,44.452,42.070,44.552,49.345,49.616,55.282,58.121,54.848,50.882,48.498,46.753,43.466
37.969,34.415,31.879,29.016,29.729,34.889,42.907,51.233,53.660,52.502,50.526,51.396,47.547,45.235,48.542,52.755,53.017,59.163,61.992,58.221,54.195,51.575,49.987,46.825
