14.644,8.034,3.482,4.098,6.905,3.844,3.574,6.338,12.772,18.564,16.427,11.953,11.607,7.889,3.421,4.759,9.552,12.233,18.789,22.827,19.657,20.830,18.474,12.143
19.560,14.341,11.530,11.685,13.684,11.497,10.515,12.810,18.421,22.974,20.730,17.339,17.134,13.447,10.642,11.499,15.329,17.671,23.665,27.258,23.933,24.893,22.784,17.423
23.397,18.784,17.598,16.510,17.009,16.425,14.977,17.129,22.223,25.954,24.424,21.927,21.057,16.532,14.068,14.839,17.984,21.386,26.867,29.139,26.465,27.223,25.751,20.687
25.619,21.493,20.997,19.547,19.510,19.534,17.869,19.920,24.580,27.673,26.406,24.436,23.392,18.784,16.765,17.482,20.201,23.664,28.799,30.693,28.284,28.879,27.668,22.897
26.422,22.491,21.939,20.614,20.620,20.678,19.000,21.105,25.478,28.115,26.959,25.217,24.165,19.826,18.055,18.867,21.427,24.485,29.466,31.578,29.312,29.750,28.597,23.898
27.167,23.413,23.132,21.639,21.408,21.718,19.994,22.036,26.241,28.691,27.665,26.102,24.968,20.582,18.911,19.692,22.092,25.250,30.057,31.927,29.803,30.199,29.166,24.605
27.668,23.963,23.636,22.206,22.033,22.232,20.647,22.556,26.723,29.354,28.303,26.642,25.596,21.332,19.560,20.256,22.655,25.842,30.491,32.178,30.077,30.553,29.520,25.148
28.269,24.567,24.069,22.718,22.591,22.780,21.288,23.252,27.283,29.754,28.839,27.228,26.133,22.025,20.198,20.996,23.366,26.400,30.939,32.696,30.768,31.171,30.191,25.808
28.511,24.881,24.478,23.083,22.890,23.148,21.638,23.570,27.544,29.956,29.066,27.513,26.408,22.298,20.523,21.299,23.613,26.663,31.142,32.825,30.927,31.320,30.372,26.051
28.894,25.287,24.814,23.449,23.259,23.540,22.069,24.034,27.911,30.194,29.395,27.898,26.754,22.729,20.947,21.784,24.062,27.021,31.427,33.144,31.357,31.697,30.790,26.469
29.127,25.560,25.099,23.734,23.521,23.864,22.343,24.365,28.172,30.267,29.517,28.120,26.937,22.936,21.251,22.141,24.371,27.226,31.635,33.452,31.708,31.978,31.094,26.733
29.371,25.866,25.486,24.079,23.799,24.227,22.669,24.696,28.438,30.412,29.704,28.393,27.178,23.172,21.561,22.461,24.631,27.467,31.840,33.644,31.939,32.172,31.324,26.982
29.715,26.234,25.936,24.461,24.104,24.607,23.037,25.045,28.771,30.741,30.066,28.781,27.537,23.481,21.863,22.748,24.892,27.809,32.150,33.856,32.184,32.421,31.604,27.287
30.034,26.581,26.307,24.792,24.369,24.959,23.391,25.419,29.073,30.933,30.348,29.131,27.829,23.778,22.161,23.084,25.182,28.100,32.384,34.055,32.479,32.675,31.910,27.594
30.175,26.739,26.468,24.962,24.543,25.141,23.555,25.598,29.230,31.031,30.449,29.264,27.959,23.924,22.349,23.285,25.368,28.238,32.525,34.240,32.667,32.841,32.078,27.754
30.381,26.935,26.610,25.128,24.729,25.309,23.759,25.808,29.419,31.215,30.660,29.466,28.156,24.159,22.548,23.502,25.589,28.437,32.698,34.416,32.880,33.048,32.293,27.970
30.594,27.192,26.951,25.414,24.946,25.595,24.032,26.056,29.634,31.403,30.876,29.721,28.391,24.368,22.775,23.712,25.760,28.658,32.875,34.509,33.003,33.169,32.445,28.163
30.715,27.350,27.169,25.616,25.127,25.783,24.215,26.198,29.771,31.570,31.020,29.865,28.556,24.527,22.956,23.853,25.884,28.811,33.003,34.578,33.051,33.237,32.513,28.286
30.790,27.438,27.244,25.714,25.246,25.879,24.318,26.292,29.857,31.654,31.092,29.934,28.643,24.641,23.084,23.975,26.003,28.899,33.082,34.670,33.134,33.323,32.592,28.383
30.913,27.566,27.355,25.833,25.365,26.005,24.451,26.434,29.976,31.742,31.201,30.056,28.756,24.773,23.216,24.122,26.141,29.016,33.182,34.780,33.270,33.445,32.724,28.513
30.976,27.623,27.356,25.879,25.461,26.052,24.520,26.507,30.043,31.809,31.258,30.097,28.817,24.883,23.323,24.237,26.267,29.085,33.248,34.892,33.378,33.551,32.816,28.607
31.117,27.767,27.511,26.034,25.615,26.206,24.662,26.649,30.191,31.955,31.393,30.235,28.959,25.018,23.474,24.383,26.412,29.228,33.403,35.056,33.527,33.700,32.960,28.749
31.222,27.867,27.579,26.121,25.720,26.306,24.758,26.772,30.300,32.015,31.464,30.324,29.040,25.118,23.589,24.525,26.553,29.320,33.505,35.214,33.697,33.848,33.108,28.870
31.368,28.036,27.790,26.312,25.887,26.485,24.943,26.923,30.448,32.197,31.640,30.494,29.219,25.289,23.756,24.661,26.679,29.486,33.644,35.287,33.766,33.936,33.202,29.007
31.462,28.147,27.938,26.442,25.995,26.620,25.054,27.036,30.553,32.271,31.716,30.594,29.313,25.367,23.866,24.769,26.772,29.580,33.741,35.384,33.860,34.022,33.293,29.099
31.605,28.314,28.156,26.630,26.147,26.800,25.236,27.190,30.696,32.429,31.879,30.765,29.482,25.521,24.019,24.900,26.885,29.737,33.868,35.443,33.927,34.101,33.386,29.229
31.732,28.443,28.282,26.749,26.253,26.933,25.356,27.336,30.823,32.497,31.974,30.890,29.584,25.622,24.135,25.042,27.015,29.846,33.980,35.584,34.092,34.241,33.538,29.357
31.808,28.515,28.311,26.817,26.363,26.993,25.444,27.410,30.898,32.607,32.066,30.953,29.674,25.752,24.250,25.148,27.134,29.937,34.059,35.673,34.172,34.334,33.617,29.455
31.922,28.624,28.393,26.925,26.500,27.099,25.558,27.524,31.017,32.736,32.180,31.053,29.790,25.888,24.388,25.285,27.280,30.056,34.185,35.825,34.310,34.474,33.746,29.584
31.997,28.710,28.461,27.016,26.611,27.183,25.663,27.612,31.095,32.832,32.268,31.128,29.883,26.014,24.507,25.394,27.389,30.148,34.254,35.886,34.371,34.543,33.811,29.677
32.093,28.814,28.573,27.122,26.710,27.288,25.773,27.713,31.189,32.929,32.370,31.232,29.987,26.119,24.608,25.491,27.481,30.248,34.340,35.951,34.444,34.619,33.892,29.771
32.185,28.917,28.694,27.236,26.814,27.399,25.883,27.813,31.284,33.027,32.466,31.332,30.089,26.220,24.715,25.589,27.571,30.347,34.429,36.020,34.513,34.692,33.967,29.862
32.307,29.042,28.837,27.358,26.909,27.535,25.995,27.950,31.407,33.089,32.554,31.456,30.185,26.298,24.815,25.711,27.679,30.448,34.540,36.153,34.665,34.820,34.109,29.976
32.392,29.129,28.882,27.433,27.011,27.617,26.092,28.058,31.494,33.147,32.622,31.529,30.261,26.414,24.933,25.845,27.812,30.531,34.612,36.261,34.789,34.932,34.220,30.085
32.531,29.275,29.055,27.584,27.137,27.763,26.240,28.193,31.626,33.294,32.778,31.685,30.411,26.548,25.056,25.957,27.918,30.673,34.739,36.342,34.880,35.029,34.328,30.208
32.592,29.336,29.109,27.641,27.196,27.823,26.303,28.259,31.686,33.343,32.834,31.745,30.468,26.612,25.119,26.027,27.985,30.732,34.793,36.401,34.948,35.093,34.394,30.273
32.639,29.383,29.122,27.688,27.277,27.877,26.354,28.326,31.745,33.372,32.852,31.769,30.503,26.678,25.210,26.131,28.091,30.778,34.852,36.523,35.059,35.191,34.481,30.346
32.701,29.466,29.221,27.785,27.366,27.973,26.450,28.411,31.815,33.429,32.912,31.840,30.577,26.761,25.307,26.221,28.168,30.850,34.906,36.563,35.104,35.235,34.530,30.416
32.890,29.678,29.494,28.006,27.523,28.197,26.666,28.617,31.994,33.583,33.104,32.064,30.772,26.926,25.470,26.380,28.299,31.033,35.055,36.641,35.221,35.347,34.673,30.578
33.019,29.816,29.645,28.140,27.632,28.339,26.803,28.763,32.119,33.668,33.217,32.204,30.890,27.040,25.589,26.512,28.415,31.151,35.159,36.736,35.346,35.456,34.800,30.701
33.113,29.931,29.797,28.269,27.731,28.472,26.924,28.881,32.218,33.738,33.301,32.313,30.988,27.127,25.695,26.617,28.501,31.246,35.240,36.797,35.420,35.522,34.879,30.790
33.198,30.041,29.947,28.398,27.832,28.599,27.046,28.986,32.307,33.818,33.390,32.417,31.089,27.222,25.802,26.710,28.575,31.340,35.310,36.826,35.458,35.562,34.931,30.870
33.261,30.103,29.988,28.458,27.913,28.656,27.115,29.050,32.372,33.896,33.458,32.474,31.158,27.310,25.886,26.791,28.662,31.410,35.377,36.902,35.528,35.637,34.999,30.945
33.331,30.177,30.045,28.530,27.994,28.733,27.194,29.138,32.445,33.941,33.511,32.537,31.220,27.392,25.977,26.894,28.760,31.477,35.439,36.988,35.624,35.722,35.085,31.028
33.465,30.318,30.225,28.678,28.105,28.894,27.320,29.287,32.585,34.021,33.610,32.676,31.331,27.471,26.089,27.022,28.871,31.593,35.572,37.138,35.783,35.859,35.235,31.149
33.542,30.401,30.305,28.762,28.191,28.983,27.404,29.377,32.666,34.082,33.674,32.751,31.404,27.550,26.181,27.119,28.963,31.668,35.647,37.227,35.877,35.944,35.321,31.233
33.630,30.494,30.385,28.851,28.284,29.075,27.505,29.481,32.753,34.149,33.754,32.838,31.489,27.654,26.285,27.231,29.069,31.755,35.719,37.305,35.971,36.031,35.414,31.330
33.717,30.582,30.461,28.934,28.371,29.170,27.587,29.586,32.846,34.193,33.809,32.915,31.555,27.728,26.380,27.347,29.180,31.829,35.805,37.435,36.110,36.149,35.534,31.426
33.793,30.655,30.498,28.991,28.447,29.229,27.668,29.669,32.915,34.257,33.885,32.985,31.627,27.830,26.466,27.443,29.277,31.904,35.862,37.500,36.194,36.230,35.617,31.514
33.841,30.697,30.517,29.030,28.506,29.268,27.712,29.718,32.965,34.306,33.927,33.022,31.671,27.889,26.527,27.509,29.349,31.952,35.916,37.580,36.268,36.302,35.682,31.573
33.952,30.822,30.672,29.162,28.609,29.405,27.837,29.845,33.078,34.389,34.028,33.146,31.779,27.984,26.634,27.619,29.444,32.059,36.014,37.662,36.365,36.390,35.783,31.676
34.054,30.928,30.789,29.266,28.697,29.514,27.939,29.953,33.177,34.470,34.122,33.254,31.875,28.072,26.726,27.716,29.533,32.154,36.106,37.748,36.464,36.482,35.883,31.772
34.165,31.023,30.825,29.334,28.795,29.598,28.028,30.079,33.285,34.521,34.194,33.340,31.949,28.180,26.838,27.867,29.688,32.243,36.205,37.922,36.660,36.650,36.052,31.903
34.238,31.089,30.846,29.383,28.872,29.643,28.103,30.150,33.350,34.603,34.279,33.406,32.025,28.290,26.921,27.954,29.784,32.320,36.265,37.984,36.735,36.730,36.128,31.989
34.330,31.175,30.902,29.453,28.954,29.715,28.194,30.245,33.433,34.681,34.371,33.495,32.111,28.397,27.011,28.055,29.887,32.408,36.338,38.063,36.834,36.824,36.227,32.088
34.450,31.313,31.108,29.616,29.073,29.878,28.327,30.370,33.562,34.801,34.489,33.634,32.240,28.484,27.123,28.153,29.969,32.530,36.466,38.157,36.918,36.909,36.320,32.188
34.514,31.377,31.152,29.685,29.171,29.938,28.402,30.428,33.630,34.909,34.573,33.691,32.323,28.587,27.219,28.233,30.060,32.612,36.545,38.235,36.975,36.983,36.380,32.266
34.607,31.459,31.197,29.756,29.271,30.003,28.490,30.510,33.718,35.025,34.680,33.775,32.420,28.708,27.318,28.331,30.171,32.710,36.638,38.335,37.072,37.088,36.476,32.369
34.671,31.528,31.274,29.830,29.339,30.079,28.560,30.583,33.784,35.078,34.736,33.840,32.483,28.770,27.390,28.404,30.239,32.773,36.700,38.399,37.139,37.151,36.541,32.434
34.798,31.664,31.450,29.978,29.459,30.227,28.691,30.709,33.915,35.205,34.864,33.979,32.614,28.872,27.504,28.510,30.336,32.900,36.831,38.508,37.243,37.256,36.652,32.546
34.852,31.734,31.545,30.067,29.541,30.309,28.772,30.771,33.975,35.282,34.929,34.043,32.689,28.946,27.586,28.573,30.393,32.969,36.888,38.538,37.263,37.286,36.682,32.602
34.942,31.830,31.668,30.182,29.651,30.418,28.869,30.855,34.075,35.405,35.029,34.136,32.794,29.034,27.687,28.656,30.478,33.071,37.001,38.640,37.337,37.372,36.759,32.688
35.020,31.907,31.741,30.261,29.737,30.492,28.951,30.928,34.152,35.501,35.119,34.214,32.881,29.127,27.772,28.734,30.558,33.155,37.080,38.709,37.402,37.445,36.829,32.768
35.131,32.022,31.830,30.372,29.870,30.601,29.079,31.049,34.262,35.620,35.236,34.321,32.999,29.275,27.912,28.873,30.699,33.275,37.183,38.814,37.512,37.558,36.939,32.895
35.238,32.141,31.982,30.507,29.986,30.729,29.203,31.155,34.372,35.748,35.357,34.441,33.124,29.384,28.024,28.967,30.787,33.392,37.292,38.887,37.577,37.634,37.018,32.993
35.305,32.204,32.024,30.568,30.066,30.795,29.265,31.230,34.446,35.801,35.405,34.494,33.180,29.455,28.109,29.062,30.885,33.455,37.368,39.005,37.689,37.736,37.113,33.074
35.377,32.289,32.119,30.661,30.157,30.882,29.363,31.309,34.518,35.893,35.494,34.576,33.271,29.554,28.203,29.142,30.960,33.540,37.433,39.039,37.724,37.782,37.161,33.148
35.513,32.423,32.244,30.797,30.308,31.008,29.506,31.434,34.652,36.069,35.655,34.713,33.425,29.718,28.349,29.273,31.099,33.690,37.573,39.158,37.833,37.907,37.279,33.288
35.626,32.540,32.366,30.924,30.439,31.141,29.619,31.558,34.778,36.168,35.744,34.816,33.529,29.820,28.482,29.411,31.234,33.801,37.704,39.326,37.986,38.050,37.415,33.409
35.775,32.688,32.526,31.072,30.573,31.292,29.760,31.706,34.926,36.302,35.886,34.968,33.671,29.948,28.615,29.548,31.368,33.942,37.851,39.472,38.136,38.196,37.566,33.550
35.894,32.819,32.700,31.222,30.698,31.441,29.890,31.829,35.052,36.426,36.005,35.098,33.798,30.050,28.735,29.656,31.467,34.065,37.978,39.580,38.233,38.295,37.668,33.658
36.034,32.975,32.878,31.393,30.859,31.618,30.048,31.993,35.205,36.543,36.122,35.239,33.935,30.184,28.902,29.826,31.624,34.206,38.123,39.740,38.390,38.441,37.816,33.804
36.156,33.118,33.071,31.554,30.980,31.782,30.191,32.133,35.333,36.644,36.235,35.379,34.061,30.285,29.026,29.945,31.722,34.327,38.236,39.827,38.485,38.529,37.919,33.915
36.308,33.270,33.211,31.703,31.136,31.935,30.345,32.293,35.486,36.781,36.377,35.526,34.207,30.442,29.187,30.113,31.890,34.476,38.385,39.991,38.654,38.692,38.082,34.073
36.438,33.399,33.340,31.829,31.261,32.053,30.480,32.412,35.608,36.936,36.532,35.664,34.351,30.588,29.309,30.225,32.004,34.613,38.506,40.077,38.746,38.796,38.188,34.198
36.622,33.594,33.594,32.049,31.447,32.268,30.671,32.590,35.799,37.140,36.724,35.864,34.548,30.746,29.484,30.379,32.151,34.804,38.705,40.242,38.890,38.950,38.344,34.363
36.842,33.805,33.802,32.251,31.647,32.462,30.880,32.788,36.008,37.388,36.971,36.092,34.778,30.967,29.675,30.562,32.343,35.027,38.921,40.425,39.076,39.150,38.544,34.572
36.949,33.912,33.876,32.357,31.785,32.574,30.992,32.912,36.125,37.481,37.055,36.178,34.875,31.096,29.823,30.721,32.505,35.134,39.037,40.594,39.237,39.301,38.685,34.703
37.055,34.014,33.927,32.443,31.902,32.678,31.091,33.048,36.239,37.525,37.112,36.258,34.948,31.205,29.958,30.892,32.673,35.224,39.140,40.783,39.440,39.473,38.854,34.838
37.192,34.136,33.992,32.546,32.045,32.783,31.216,33.183,36.372,37.658,37.245,36.376,35.075,31.368,30.107,31.055,32.849,35.358,39.275,40.957,39.619,39.647,39.019,34.994
37.288,34.232,34.039,32.641,32.191,32.874,31.328,33.288,36.476,37.778,37.342,36.451,35.180,31.521,30.262,31.206,33.011,35.469,39.382,41.101,39.746,39.780,39.134,35.122
37.520,34.461,34.274,32.859,32.389,33.090,31.555,33.511,36.694,38.005,37.588,36.696,35.412,31.743,30.458,31.405,33.208,35.695,39.593,41.276,39.943,39.980,39.347,35.339
37.677,34.599,34.375,32.978,32.532,33.206,31.691,33.649,36.840,38.177,37.759,36.845,35.566,31.911,30.597,31.548,33.367,35.851,39.748,41.438,40.108,40.151,39.511,35.498
37.877,34.808,34.597,33.178,32.700,33.415,31.899,33.867,37.031,38.324,37.944,37.059,35.753,32.093,30.777,31.744,33.545,36.036,39.912,41.583,40.295,40.321,39.704,35.688
38.045,34.986,34.817,33.367,32.856,33.602,32.077,34.034,37.198,38.493,38.121,37.245,35.929,32.243,30.929,31.886,33.676,36.205,40.074,41.705,40.421,40.451,39.845,35.838
38.191,35.165,35.068,33.596,33.060,33.824,32.264,34.200,37.370,38.669,38.264,37.403,36.103,32.390,31.128,32.053,33.827,36.373,40.251,41.862,40.537,40.577,39.964,35.984
38.342,35.314,35.189,33.743,33.232,33.987,32.407,34.376,37.537,38.773,38.366,37.529,36.226,32.532,31.311,32.262,34.034,36.512,40.417,42.115,40.783,40.796,40.175,36.160
38.615,35.579,35.459,34.012,33.505,34.242,32.671,34.618,37.805,39.106,38.677,37.807,36.520,32.813,31.568,32.495,34.281,36.799,40.706,42.366,41.012,41.051,40.420,36.421
38.769,35.714,35.463,34.121,33.734,34.336,32.841,34.770,37.958,39.326,38.859,37.919,36.694,33.100,31.811,32.736,34.559,36.981,40.866,42.584,41.213,41.273,40.606,36.638
39.251,36.199,36.061,34.599,34.072,34.863,33.261,35.277,38.436,39.609,39.236,38.428,37.086,33.369,32.150,33.142,34.915,37.383,41.317,43.062,41.757,41.739,41.129,37.053
39.392,36.332,36.135,34.737,34.286,34.987,33.413,35.409,38.589,39.826,39.400,38.541,37.252,33.587,32.362,33.334,35.134,37.553,41.495,43.277,41.925,41.931,41.286,37.232
39.673,36.609,36.380,35.004,34.576,35.236,33.708,35.672,38.856,40.163,39.729,38.827,37.562,33.926,32.651,33.603,35.416,37.853,41.761,43.495,42.147,42.181,41.531,37.518
40.157,37.106,36.949,35.526,35.054,35.737,34.215,36.130,39.332,40.718,40.271,39.348,38.090,34.411,33.111,34.017,35.826,38.360,42.242,43.863,42.504,42.574,41.932,37.968
40.600,37.573,37.495,36.041,35.537,36.262,34.666,36.597,39.813,41.143,40.668,39.789,38.527,34.797,33.587,34.486,36.276,38.803,42.739,44.403,42.994,43.049,42.398,38.409
41.024,38.015,37.951,36.508,36.024,36.674,35.164,36.977,40.218,41.764,41.236,40.253,39.063,35.360,34.056,34.860,36.670,39.301,43.152,44.632,43.195,43.341,42.678,38.827
41.849,38.767,38.610,37.178,36.727,37.300,35.919,37.671,40.961,42.738,42.221,41.101,39.929,36.240,34.725,35.498,37.372,40.138,43.925,45.241,43.843,44.066,43.405,39.605
42.984,39.922,40.091,38.427,37.755,38.525,37.011,38.712,42.102,43.973,43.421,42.333,41.111,37.144,35.667,36.347,38.196,41.275,45.130,46.220,44.741,45.017,44.381,40.586
44.161,41.090,41.364,39.624,38.895,39.674,38.176,39.787,43.257,45.339,44.736,43.565,42.370,38.307,36.750,37.338,39.211,42.493,46.337,47.224,45.692,46.055,45.413,41.690
45.915,42.891,43.570,41.602,40.665,41.634,39.897,41.475,45.092,47.219,46.487,45.381,44.172,39.786,38.417,38.890,40.733,44.268,48.287,49.072,47.330,47.736,47.070,43.318
