0.509,-1.658,-9.064,-8.711,-1.357,-0.741,-3.390,2.243,9.980,11.481,10.332,12.113,9.504,6.901,8.954,13.333,18.259,28.869,25.912,23.002,20.911,13.265,15.281,17.254
4.304,2.728,-2.896,-3.429,1.894,3.820,1.422,7.368,13.799,16.674,15.693,17.079,14.897,11.310,12.121,17.326,22.716,32.013,28.817,25.143,23.195,17.117,18.910,18.672
6.147,4.960,0.154,-0.579,3.914,6.272,3.951,10.542,16.106,19.033,18.045,19.342,17.583,14.300,14.947,19.812,25.225,33.589,30.647,27.159,24.975,19.807,21.336,20.012
7.500,6.991,3.278,2.140,5.429,8.443,6.011,13.381,18.043,21.455,20.357,21.534,20.230,16.899,17.076,22.024,27.557,34.903,32.114,28.516,26.058,21.971,23.283,20.590
9.161,8.794,5.543,4.306,7.131,10.332,8.026,15.504,19.674,23.104,22.058,23.152,22.049,18.843,18.896,23.653,29.133,35.933,33.269,29.771,27.294,23.704,24.875,21.689
10.129,9.744,6.745,5.466,8.061,11.400,9.266,16.829,20.656,24.028,23.070,24.108,23.131,20.060,20.088,24.635,30.126,36.599,34.014,30.625,28.149,24.863,25.920,22.371
10.916,10.423,7.474,6.167,8.712,12.085,10.086,17.438,21.207,24.625,23.758,24.746,23.740,20.574,20.530,25.107,30.607,37.043,34.408,30.975,28.623,25.370,26.419,22.844
11.576,10.966,7.982,6.692,9.283,12.624,10.726,17.879,21.656,25.050,24.252,25.214,24.165,20.963,20.914,25.477,30.959,37.419,34.754,31.319,29.067,25.775,26.827,23.334
12.309,11.519,8.390,7.181,9.950,13.171,11.390,18.300,22.146,25.405,24.684,25.638,24.523,21.367,21.400,25.864,31.292,37.841,35.169,31.800,29.652,26.230,27.291,24.017
12.741,11.946,8.902,7.671,10.356,13.615,11.887,18.767,22.520,25.790,25.099,26.029,24.939,21.783,21.781,26.219,31.642,38.095,35.432,32.070,29.948,26.613,27.648,24.289
12.862,12.146,9.191,7.947,10.543,13.847,12.094,19.128,22.780,26.033,25.315,26.250,25.226,22.152,22.158,26.529,31.952,38.291,35.680,32.365,30.172,26.948,27.947,24.450
13.252,12.517,9.568,8.335,10.934,14.218,12.492,19.481,23.111,26.330,25.628,26.556,25.536,22.488,22.505,26.835,32.233,38.543,35.946,32.659,30.484,27.271,28.262,24.784
13.566,12.926,10.026,8.801,11.348,14.620,12.836,19.923,23.506,26.692,25.944,26.886,25.913,22.946,22.983,27.257,32.613,38.839,36.300,33.063,30.824,27.675,28.649,25.141
13.909,13.270,10.309,9.130,11.749,14.943,13.133,20.200,23.826,26.935,26.167,27.128,26.148,23.249,23.344,27.561,32.865,39.114,36.606,33.423,31.171,27.971,28.951,25.560
14.350,13.713,10.674,9.568,12.285,15.359,13.522,20.552,24.220,27.197,26.404,27.391,26.408,23.633,23.820,27.925,33.137,39.393,36.945,33.859,31.590,28.333,29.314,26.089
14.785,14.138,11.119,10.031,12.735,15.772,13.968,20.916,24.546,27.477,26.701,27.677,26.702,23.966,24.161,28.208,33.367,39.563,37.141,34.097,31.856,28.627,29.595,26.410
15.494,15.045,12.196,11.140,13.658,16.673,14.800,21.877,25.308,28.057,27.205,28.197,27.369,24.864,25.044,28.953,33.959,39.824,37.602,34.672,32.397,29.377,30.286,26.989
15.591,15.065,12.234,11.159,13.712,16.698,14.893,21.900,25.313,28.183,27.389,28.346,27.471,24.938,25.206,28.982,34.008,39.932,37.616,34.779,32.416,29.413,30.301,27.060
15.607,15.137,12.316,11.243,13.762,16.798,14.952,22.048,25.488,28.291,27.461,28.442,27.615,25.040,25.216,29.159,34.229,40.104,37.848,34.901,32.619,29.591,30.508,27.173
15.755,15.202,12.353,11.244,13.776,16.847,15.053,22.099,25.501,28.412,27.629,28.584,27.693,25.129,25.372,29.183,34.258,40.230,37.882,34.979,32.634,29.641,30.524,27.185
15.848,15.376,12.600,11.447,13.890,17.028,15.183,22.296,25.715,28.641,27.848,28.798,27.933,25.295,25.416,29.386,34.461,40.363,38.038,35.072,32.794,29.808,30.712,27.298
15.988,15.478,12.686,11.568,14.040,17.118,15.315,22.325,25.729,28.700,27.885,28.841,27.981,25.300,25.452,29.424,34.559,40.492,38.141,35.121,32.806,29.826,30.739,27.354
16.413,15.951,13.234,12.106,14.501,17.584,15.779,22.788,26.123,29.033,28.234,29.174,28.342,25.735,25.867,29.771,34.810,40.615,38.321,35.377,33.093,30.184,31.070,27.672
16.595,16.206,13.553,12.426,14.757,17.842,16.005,23.092,26.360,29.243,28.415,29.360,28.575,26.038,26.180,30.026,35.031,40.740,38.497,35.599,33.268,30.436,31.301,27.850
16.768,16.435,13.804,12.679,14.983,18.055,16.177,23.296,26.555,29.433,28.576,29.528,28.761,26.250,26.392,30.230,35.208,40.882,38.663,35.779,33.422,30.613,31.475,28.030
17.026,16.583,13.849,12.779,15.212,18.211,16.398,23.412,26.717,29.496,28.680,29.636,28.832,26.373,26.586,30.346,35.300,41.040,38.822,35.993,33.679,30.784,31.649,28.327
17.181,16.767,14.044,12.985,15.408,18.393,16.561,23.607,26.895,29.645,28.813,29.776,28.990,26.574,26.805,30.529,35.460,41.168,38.977,36.178,33.841,30.966,31.823,28.503
17.247,16.902,14.233,13.158,15.521,18.529,16.657,23.787,27.036,29.801,28.940,29.907,29.154,26.760,26.980,30.700,35.627,41.279,39.112,36.319,33.940,31.120,31.967,28.584
17.352,17.086,14.459,13.378,15.692,18.699,16.774,23.968,27.194,29.964,29.064,30.040,29.316,26.950,27.165,30.878,35.781,41.381,39.244,36.464,34.043,31.266,32.108,28.703
17.496,17.259,14.650,13.569,15.864,18.867,16.923,24.138,27.353,30.119,29.206,30.184,29.473,27.122,27.336,31.042,35.932,41.507,39.384,36.613,34.177,31.419,32.257,28.847
17.647,17.384,14.760,13.690,16.004,18.993,17.070,24.250,27.466,30.213,29.313,30.288,29.570,27.228,27.453,31.140,36.021,41.602,39.479,36.720,34.299,31.530,32.367,28.980
17.728,17.450,14.814,13.758,16.094,19.076,17.165,24.370,27.574,30.282,29.386,30.367,29.656,27.358,27.612,31.254,36.134,41.709,39.601,36.874,34.442,31.673,32.500,29.108
17.831,17.565,14.935,13.892,16.228,19.205,17.292,24.544,27.721,30.387,29.486,30.473,29.782,27.542,27.825,31.411,36.280,41.825,39.745,37.058,34.601,31.854,32.667,29.256
17.980,17.713,15.085,14.053,16.392,19.356,17.449,24.701,27.862,30.500,29.600,30.587,29.905,27.698,27.997,31.547,36.400,41.924,39.861,37.199,34.739,32.002,32.807,29.402
18.084,17.833,15.251,14.202,16.492,19.483,17.585,24.851,27.971,30.629,29.733,30.712,30.046,27.831,28.108,31.660,36.519,42.000,39.940,37.273,34.811,32.119,32.914,29.454
18.186,17.953,15.386,14.343,16.622,19.615,17.711,25.025,28.118,30.750,29.845,30.829,30.184,28.013,28.308,31.821,36.673,42.122,40.085,37.448,34.961,32.295,33.078,29.590
18.276,18.073,15.536,14.491,16.741,19.743,17.826,25.189,28.249,30.870,29.954,30.940,30.318,28.180,28.480,31.966,36.811,42.219,40.204,37.586,35.074,32.445,33.216,29.691
18.333,18.115,15.555,14.518,16.795,19.789,17.877,25.245,28.317,30.923,30.011,31.001,30.373,28.245,28.560,32.036,36.887,42.314,40.298,37.687,35.173,32.526,33.298,29.785
18.478,18.220,15.618,14.588,16.907,19.882,17.984,25.281,28.398,31.010,30.112,31.099,30.441,28.277,28.590,32.094,36.945,42.425,40.385,37.754,35.274,32.576,33.364,29.912
18.573,18.324,15.751,14.714,17.005,19.996,18.106,25.425,28.510,31.121,30.225,31.209,30.566,28.415,28.723,32.211,37.065,42.512,40.480,37.858,35.371,32.705,33.483,29.990
18.639,18.413,15.877,14.820,17.067,20.090,18.194,25.540,28.600,31.246,30.346,31.325,30.693,28.520,28.803,32.315,37.183,42.606,40.570,37.928,35.434,32.801,33.575,30.029
18.765,18.526,15.986,14.919,17.165,20.191,18.300,25.598,28.679,31.356,30.464,31.436,30.787,28.568,28.826,32.380,37.255,42.699,40.640,37.967,35.498,32.849,33.634,30.106
18.868,18.621,16.062,15.006,17.274,20.278,18.389,25.664,28.760,31.420,30.528,31.503,30.847,28.636,28.907,32.451,37.313,42.769,40.713,38.049,35.586,32.918,33.706,30.215
18.951,18.762,16.266,15.185,17.378,20.418,18.502,25.831,28.886,31.585,30.674,31.645,31.015,28.794,29.032,32.597,37.462,42.864,40.817,38.139,35.652,33.043,33.824,30.262
19.048,18.842,16.331,15.252,17.463,20.500,18.591,25.908,28.976,31.674,30.769,31.741,31.102,28.874,29.115,32.685,37.556,42.977,40.922,38.240,35.761,33.135,33.920,30.369
19.127,18.944,16.429,15.348,17.557,20.586,18.651,25.969,29.056,31.769,30.849,31.824,31.181,28.940,29.174,32.767,37.631,43.063,41.006,38.311,35.826,33.191,33.984,30.454
19.215,19.019,16.507,15.418,17.620,20.661,18.738,26.034,29.123,31.857,30.947,31.916,31.265,28.995,29.213,32.829,37.704,43.144,41.072,38.358,35.889,33.251,34.047,30.511
19.316,19.140,16.666,15.564,17.726,20.782,18.858,26.161,29.222,31.970,31.058,32.021,31.384,29.110,29.310,32.929,37.801,43.204,41.137,38.420,35.948,33.346,34.136,30.565
19.371,19.207,16.744,15.635,17.784,20.855,18.924,26.258,29.310,32.068,31.151,32.116,31.485,29.210,29.406,33.030,37.912,43.309,41.243,38.522,36.038,33.447,34.235,30.637
19.460,19.285,16.828,15.696,17.831,20.929,19.005,26.312,29.379,32.191,31.283,32.239,31.593,29.252,29.412,33.097,38.006,43.428,41.329,38.560,36.099,33.499,34.298,30.683
19.609,19.419,16.964,15.837,17.972,21.067,19.161,26.448,29.503,32.302,31.406,32.358,31.712,29.380,29.543,33.211,38.114,43.526,41.430,38.671,36.220,33.626,34.420,30.807
19.671,19.498,17.059,15.918,18.031,21.143,19.225,26.528,29.582,32.409,31.506,32.456,31.813,29.459,29.604,33.299,38.213,43.622,41.518,38.740,36.284,33.700,34.497,30.861
19.761,19.556,17.126,15.969,18.070,21.210,19.325,26.597,29.644,32.504,31.625,32.563,31.908,29.509,29.628,33.354,38.295,43.715,41.585,38.776,36.348,33.766,34.564,30.898
19.844,19.610,17.162,16.014,18.141,21.280,19.416,26.692,29.736,32.571,31.705,32.644,31.987,29.609,29.748,33.446,38.395,43.826,41.697,38.905,36.479,33.888,34.680,31.012
19.976,19.704,17.242,16.108,18.261,21.395,19.565,26.839,29.867,32.662,31.816,32.754,32.099,29.756,29.922,33.572,38.524,43.951,41.831,39.068,36.647,34.054,34.835,31.162
20.108,19.811,17.340,16.200,18.359,21.493,19.680,26.895,29.942,32.761,31.929,32.858,32.185,29.799,29.944,33.628,38.586,44.037,41.894,39.104,36.714,34.102,34.892,31.240
20.270,20.014,17.568,16.435,18.570,21.692,19.856,27.106,30.126,32.921,32.070,33.005,32.354,30.013,30.171,33.819,38.749,44.153,42.042,39.283,36.866,34.286,35.067,31.409
20.386,20.158,17.715,16.593,18.728,21.839,19.983,27.283,30.290,33.055,32.186,33.131,32.498,30.205,30.387,33.998,38.913,44.296,42.210,39.482,37.035,34.469,35.242,31.579
20.549,20.323,17.839,16.740,18.920,21.986,20.108,27.389,30.436,33.169,32.286,33.242,32.598,30.328,30.536,34.134,39.022,44.432,42.356,39.646,37.195,34.589,35.372,31.786
20.609,20.390,17.911,16.804,18.975,22.055,20.171,27.469,30.517,33.268,32.382,33.338,32.695,30.411,30.610,34.224,39.126,44.541,42.458,39.735,37.280,34.676,35.460,31.855
20.661,20.517,18.065,16.957,19.097,22.182,20.239,27.647,30.676,33.418,32.491,33.462,32.852,30.615,30.827,34.422,39.313,44.690,42.641,39.941,37.425,34.857,35.633,31.991
20.759,20.632,18.224,17.102,19.197,22.308,20.371,27.806,30.793,33.546,32.620,33.585,32.994,30.762,30.960,34.547,39.443,44.776,42.735,40.036,37.512,34.989,35.754,32.054
20.920,20.802,18.454,17.306,19.335,22.480,20.565,27.978,30.917,33.708,32.796,33.744,33.164,30.900,31.057,34.663,39.563,44.845,42.798,40.079,37.574,35.104,35.860,32.101
21.009,20.909,18.555,17.396,19.420,22.568,20.627,28.029,31.002,33.833,32.908,33.857,33.264,30.954,31.088,34.750,39.657,44.968,42.901,40.146,37.644,35.154,35.926,32.186
21.124,21.024,18.598,17.465,19.563,22.661,20.681,28.074,31.123,33.931,32.984,33.952,33.335,31.034,31.199,34.871,39.762,45.143,43.075,40.325,37.812,35.248,36.041,32.401
21.178,21.122,18.753,17.586,19.614,22.761,20.761,28.205,31.224,34.092,33.132,34.095,33.495,31.156,31.279,34.996,39.911,45.260,43.184,40.398,37.870,35.354,36.144,32.423
21.219,21.213,18.853,17.674,19.684,22.842,20.792,28.293,31.328,34.225,33.236,34.207,33.614,31.261,31.373,35.125,40.047,45.403,43.327,40.522,37.964,35.450,36.248,32.514
21.336,21.347,18.989,17.805,19.809,22.966,20.898,28.404,31.451,34.365,33.364,34.338,33.743,31.376,31.478,35.253,40.174,45.537,43.457,40.639,38.076,35.558,36.362,32.634
21.437,21.454,19.084,17.908,19.926,23.077,20.999,28.533,31.585,34.482,33.474,34.454,33.864,31.518,31.638,35.396,40.317,45.685,43.614,40.810,38.231,35.707,36.510,32.785
21.503,21.534,19.174,17.985,19.987,23.155,21.064,28.617,31.673,34.598,33.583,34.563,33.973,31.604,31.707,35.495,40.430,45.803,43.722,40.898,38.313,35.793,36.600,32.855
21.554,21.601,19.240,18.050,20.053,23.232,21.124,28.735,31.790,34.713,33.686,34.674,34.092,31.739,31.852,35.635,40.582,45.959,43.884,41.064,38.453,35.937,36.742,32.970
21.638,21.651,19.254,18.067,20.109,23.288,21.192,28.790,31.875,34.801,33.785,34.774,34.175,31.803,31.923,35.720,40.688,46.112,44.018,41.185,38.586,36.033,36.845,33.090
21.722,21.706,19.271,18.086,20.166,23.344,21.251,28.835,31.961,34.898,33.887,34.879,34.258,31.859,31.981,35.807,40.795,46.275,44.159,41.305,38.716,36.119,36.943,33.214
21.787,21.784,19.348,18.163,20.246,23.433,21.336,28.960,32.080,35.011,33.997,34.993,34.379,31.995,32.127,35.941,40.941,46.421,44.309,41.463,38.857,36.266,37.085,33.333
21.796,21.936,19.600,18.366,20.323,23.571,21.358,29.161,32.244,35.260,34.169,35.178,34.616,32.217,32.298,36.178,41.190,46.599,44.509,41.627,38.932,36.428,37.247,33.374
21.929,22.045,19.672,18.443,20.435,23.670,21.468,29.217,32.341,35.368,34.289,35.296,34.707,32.272,32.350,36.260,41.278,46.737,44.623,41.719,39.051,36.502,37.335,33.509
22.085,22.212,19.832,18.611,20.613,23.834,21.619,29.381,32.510,35.519,34.430,35.443,34.859,32.445,32.537,36.431,41.438,46.895,44.792,41.903,39.222,36.671,37.503,33.693
22.128,22.314,19.991,18.747,20.687,23.961,21.715,29.613,32.689,35.718,34.606,35.624,35.080,32.691,32.774,36.661,41.695,47.101,45.017,42.132,39.395,36.909,37.724,33.797
22.177,22.375,20.051,18.809,20.752,24.038,21.781,29.745,32.813,35.831,34.709,35.736,35.204,32.842,32.943,36.811,41.859,47.264,45.190,42.318,39.552,37.074,37.883,33.921
22.251,22.454,20.088,18.870,20.866,24.137,21.856,29.913,32.997,35.960,34.819,35.868,35.347,33.055,33.213,37.028,42.083,47.512,45.462,42.633,39.819,37.317,38.120,34.163
22.333,22.570,20.206,18.988,20.983,24.268,21.953,30.113,33.193,36.146,34.981,36.043,35.542,33.285,33.463,37.262,42.332,47.759,45.726,42.911,40.048,37.558,38.355,34.356
22.431,22.635,20.248,19.015,21.031,24.351,22.048,30.230,33.335,36.325,35.172,36.234,35.716,33.413,33.580,37.423,42.547,48.030,45.962,43.109,40.251,37.733,38.538,34.506
22.592,22.738,20.302,19.057,21.115,24.446,22.164,30.271,33.443,36.487,35.358,36.412,35.847,33.449,33.587,37.516,42.679,48.255,46.129,43.210,40.399,37.812,38.643,34.650
22.662,22.816,20.381,19.116,21.167,24.533,22.236,30.394,33.580,36.666,35.530,36.587,36.019,33.586,33.707,37.681,42.884,48.489,46.342,43.389,40.563,37.971,38.808,34.771
22.669,22.951,20.536,19.291,21.331,24.710,22.303,30.782,33.922,36.928,35.708,36.812,36.325,34.064,34.273,38.134,43.341,48.887,46.829,43.971,40.980,38.450,39.256,35.109
22.692,23.025,20.622,19.380,21.420,24.858,22.409,31.175,34.262,37.217,35.959,37.094,36.669,34.531,34.809,38.580,43.847,49.367,47.357,44.562,41.446,38.967,39.739,35.431
22.844,23.213,20.638,19.477,21.594,25.038,22.546,31.361,34.470,37.447,36.165,37.309,36.886,34.737,35.010,38.811,44.087,49.626,47.613,44.802,41.660,39.173,39.953,35.641
22.949,23.263,20.680,19.515,21.640,25.106,22.641,31.453,34.595,37.592,36.332,37.475,37.027,34.837,35.110,38.944,44.268,49.874,47.826,44.984,41.859,39.328,40.118,35.795
23.211,23.328,20.759,19.534,21.781,25.195,22.815,31.503,34.790,37.728,36.533,37.684,37.144,34.923,35.268,39.103,44.481,50.304,48.189,45.337,42.283,39.558,40.378,36.210
23.311,23.404,20.766,19.557,21.842,25.352,22.990,31.877,35.127,38.074,36.889,38.049,37.536,35.339,35.707,39.524,45.008,50.856,48.730,45.876,42.761,40.062,40.860,36.513
23.562,23.546,20.805,19.560,22.122,25.520,23.133,32.096,35.530,38.316,37.116,38.338,37.767,35.689,36.235,39.959,45.467,51.549,49.429,46.655,43.488,40.563,41.387,37.240
23.686,23.690,20.815,19.635,22.266,25.738,23.316,32.544,35.965,38.737,37.511,38.761,38.226,36.213,36.811,40.501,46.102,52.218,50.110,47.354,44.083,41.169,41.975,37.675
23.850,23.955,21.030,19.855,22.471,26.053,23.510,33.087,36.539,39.391,38.090,39.379,38.879,36.858,37.462,41.228,46.954,53.141,51.019,48.214,44.798,41.889,42.700,38.214
24.170,24.297,21.315,20.207,22.919,26.490,23.912,33.816,37.218,39.880,38.538,39.881,39.456,37.700,38.477,42.013,47.758,53.922,51.905,49.268,45.693,42.804,43.564,38.985
24.758,24.919,21.898,20.801,23.554,27.125,24.491,34.526,37.964,40.607,39.227,40.598,40.182,38.467,39.286,42.812,48.581,54.788,52.784,50.162,46.521,43.604,44.367,39.776
25.254,25.505,22.366,21.335,24.225,27.743,24.962,35.328,38.843,41.353,39.870,41.319,40.943,39.426,40.403,43.812,49.589,55.874,53.950,51.437,47.613,44.626,45.386,40.821
25.955,25.933,22.433,21.491,24.793,28.291,25.580,36.096,39.841,42.211,40.783,42.292,41.816,40.362,41.543,44.890,50.849,57.528,55.529,53.046,49.188,45.890,46.677,42.204
27.265,26.962,23.108,22.071,25.638,29.580,26.954,37.984,41.927,44.642,43.310,44.836,44.252,42.422,43.538,47.275,53.848,61.071,58.755,55.923,51.995,48.478,49.314,44.307
29.903,28.043,23.261,22.152,26.889,30.939,29.095,39.261,44.185,47.060,46.347,47.824,46.504,43.829,45.072,49.376,56.766,65.689,62.565,59.181,55.917,51.096,52.189,47.700
