6.325,3.891,5.190,7.263,8.501,15.486,25.363,35.722,34.422,25.615,19.281,18.402,11.321,13.646,17.602,24.738,31.063,40.910,51.547,53.908,45.157,37.849,35.715,36.617
8.206,6.120,7.569,8.483,9.345,16.216,26.790,37.140,36.318,27.414,20.889,20.192,13.601,15.436,18.898,26.123,33.163,43.427,53.515,56.357,48.020,40.869,39.034,38.039
9.793,7.804,9.096,9.862,10.885,17.342,28.250,37.970,37.237,29.043,22.738,21.971,16.503,18.046,21.111,27.864,34.571,44.373,54.244,57.803,49.624,42.776,40.743,38.678
11.468,9.563,10.861,11.536,12.566,18.722,29.775,38.913,38.149,30.469,24.237,23.473,18.826,20.200,22.979,29.347,35.712,45.169,54.513,58.578,50.585,43.984,41.868,39.343
12.344,10.504,11.748,12.270,13.259,19.335,30.204,39.315,38.686,31.034,24.938,24.198,19.495,20.803,23.527,29.876,36.314,45.618,55.015,58.862,51.087,44.589,42.569,39.872
12.805,10.943,11.981,12.654,13.793,19.741,30.244,39.325,38.747,31.270,25.490,24.685,19.917,21.233,23.986,30.230,36.531,45.698,55.239,58.900,51.123,44.739,42.683,40.055
13.527,11.741,12.832,13.298,14.292,20.235,30.573,39.680,39.200,31.619,25.848,25.115,20.174,21.454,24.181,30.478,36.920,46.066,55.483,58.905,51.342,45.015,43.122,40.479
14.257,12.500,13.623,14.047,15.021,20.883,31.298,40.218,39.713,32.276,26.488,25.767,21.090,22.321,24.955,31.139,37.480,46.548,55.742,59.346,51.842,45.583,43.671,40.900
14.809,13.053,14.124,14.620,15.631,21.405,31.652,40.447,39.932,32.629,26.958,26.222,21.613,22.845,25.465,31.547,37.752,46.648,55.807,59.352,51.916,45.738,43.815,41.134
15.094,13.339,14.368,14.880,15.904,21.659,31.765,40.577,40.092,32.794,27.203,26.463,21.764,23.005,25.645,31.725,37.926,46.767,55.988,59.399,52.006,45.857,43.956,41.335
15.608,13.854,14.860,15.424,16.471,22.156,32.179,40.867,40.360,33.181,27.653,26.904,22.311,23.548,26.163,32.151,38.233,46.949,56.097,59.522,52.174,46.085,44.166,41.594
16.129,14.411,15.442,15.920,16.890,22.574,32.458,41.168,40.701,33.461,27.951,27.241,22.517,23.750,26.367,32.384,38.527,47.260,56.303,59.573,52.326,46.270,44.443,41.936
16.261,14.553,15.563,15.996,16.973,22.653,32.562,41.302,40.874,33.627,28.135,27.421,22.697,23.906,26.509,32.540,38.731,47.478,56.578,59.848,52.609,46.556,44.733,42.106
16.639,14.930,15.946,16.401,17.371,23.039,32.898,41.605,41.160,33.932,28.450,27.740,23.015,24.235,26.842,32.853,39.006,47.721,56.774,60.021,52.800,46.762,44.946,42.395
16.839,15.115,16.097,16.619,17.644,23.268,33.133,41.763,41.296,34.166,28.725,27.990,23.382,24.599,27.189,33.134,39.194,47.823,56.899,60.216,52.978,46.964,45.094,42.529
17.236,15.521,16.452,17.010,18.084,23.601,33.418,41.883,41.413,34.466,29.120,28.364,23.957,25.139,27.670,33.486,39.409,47.870,56.901,60.288,53.102,47.174,45.262,42.619
17.610,15.878,16.787,17.440,18.547,24.021,33.739,42.118,41.609,34.748,29.457,28.686,24.324,25.530,28.069,33.817,39.620,47.971,56.975,60.344,53.170,47.278,45.340,42.832
17.960,16.260,17.214,17.782,18.826,24.295,34.027,42.376,41.878,35.001,29.672,28.932,24.592,25.775,28.281,34.029,39.863,48.246,57.103,60.491,53.371,47.498,45.605,43.057
18.189,16.502,17.479,18.012,19.018,24.493,34.183,42.540,42.048,35.141,29.802,29.081,24.692,25.876,28.384,34.146,40.004,48.405,57.199,60.537,53.454,47.588,45.733,43.223
18.445,16.738,17.681,18.304,19.356,24.799,34.424,42.728,42.208,35.372,30.085,29.343,24.990,26.193,28.713,34.425,40.189,48.502,57.329,60.657,53.564,47.719,45.828,43.407
18.762,17.080,18.038,18.612,19.645,25.040,34.703,42.911,42.394,35.631,30.341,29.609,25.394,26.560,29.022,34.677,40.405,48.681,57.384,60.803,53.755,47.953,46.063,43.538
18.891,17.205,18.154,18.741,19.780,25.174,34.807,43.020,42.504,35.740,30.466,29.731,25.493,26.666,29.136,34.792,40.516,48.780,57.501,60.890,53.846,48.046,46.158,43.660
19.222,17.539,18.486,19.105,20.155,25.497,35.109,43.212,42.669,36.003,30.752,30.013,25.896,27.060,29.501,35.081,40.708,48.888,57.521,60.969,53.949,48.193,46.284,43.801
19.257,17.576,18.499,19.106,20.171,25.505,35.114,43.232,42.712,36.051,30.827,30.082,25.961,27.114,29.550,35.132,40.777,48.948,57.634,61.070,54.054,48.303,46.391,43.851
19.611,17.941,18.894,19.492,20.536,25.842,35.474,43.505,42.960,36.351,31.105,30.370,26.351,27.493,29.897,35.432,41.023,49.166,57.720,61.227,54.238,48.512,46.599,44.058
19.870,18.192,19.108,19.772,20.854,26.107,35.651,43.604,43.044,36.528,31.352,30.601,26.639,27.786,30.184,35.652,41.146,49.178,57.734,61.230,54.258,48.576,46.638,44.155
20.088,18.420,19.326,19.983,21.068,26.281,35.797,43.687,43.131,36.675,31.531,30.780,26.883,28.014,30.386,35.809,41.262,49.238,57.747,61.256,54.323,48.678,46.739,44.227
20.244,18.565,19.443,20.157,21.278,26.457,35.936,43.770,43.198,36.813,31.712,30.944,27.106,28.241,30.608,35.982,41.361,49.262,57.786,61.309,54.375,48.754,46.786,44.302
20.479,18.840,19.763,20.359,21.408,26.584,36.088,43.911,43.368,36.952,31.812,31.079,27.253,28.353,30.681,36.068,41.510,49.441,57.845,61.344,54.485,48.902,46.982,44.422
20.599,18.948,19.832,20.485,21.566,26.722,36.125,43.940,43.397,37.011,31.936,31.189,27.324,28.442,30.791,36.157,41.556,49.461,57.886,61.380,54.511,48.909,46.997,44.488
20.751,19.106,19.994,20.636,21.705,26.859,36.239,44.054,43.517,37.123,32.051,31.310,27.414,28.530,30.884,36.263,41.668,49.554,57.980,61.394,54.571,48.994,47.089,44.608
20.841,19.206,20.098,20.703,21.750,26.913,36.256,44.104,43.590,37.159,32.092,31.362,27.427,28.544,30.893,36.279,41.727,49.634,58.058,61.413,54.615,49.040,47.167,44.687
20.995,19.367,20.264,20.861,21.894,27.051,36.352,44.190,43.677,37.245,32.188,31.466,27.498,28.616,30.970,36.361,41.805,49.702,58.089,61.431,54.640,49.078,47.222,44.775
21.385,19.774,20.698,21.279,22.270,27.401,36.624,44.399,43.875,37.465,32.412,31.712,27.752,28.870,31.211,36.571,41.978,49.840,58.091,61.431,54.667,49.142,47.321,44.955
21.452,19.850,20.780,21.324,22.302,27.440,36.689,44.482,43.974,37.545,32.481,31.786,27.820,28.927,31.260,36.635,42.078,49.967,58.214,61.526,54.804,49.275,47.466,45.045
21.546,19.955,20.894,21.379,22.335,27.500,36.785,44.564,44.047,37.642,32.584,31.899,27.883,28.977,31.310,36.731,42.153,50.007,58.241,61.534,54.823,49.308,47.496,45.124
21.596,19.990,20.913,21.483,22.468,27.591,36.797,44.639,44.161,37.672,32.598,31.900,27.940,29.054,31.390,36.745,42.252,50.206,58.367,61.671,55.012,49.503,47.718,45.227
21.934,20.355,21.305,21.809,22.750,27.857,37.060,44.792,44.287,37.887,32.829,32.153,28.223,29.314,31.619,36.963,42.385,50.246,58.476,61.773,55.052,49.523,47.745,45.330
21.999,20.422,21.374,21.865,22.803,27.915,37.131,44.876,44.378,37.966,32.903,32.229,28.291,29.379,31.683,37.036,42.476,50.350,58.480,61.785,55.125,49.630,47.856,45.419
22.059,20.491,21.436,21.896,22.831,27.937,37.165,44.913,44.435,38.026,32.970,32.297,28.371,29.443,31.733,37.088,42.548,50.427,58.563,61.874,55.226,49.739,47.971,45.467
22.120,20.547,21.472,21.955,22.913,28.002,37.218,44.948,44.470,38.092,33.062,32.379,28.477,29.549,31.837,37.171,42.606,50.450,58.616,61.931,55.280,49.803,48.018,45.509
22.218,20.646,21.553,22.048,23.025,28.084,37.295,44.981,44.504,38.180,33.178,32.487,28.648,29.708,31.978,37.276,42.672,50.469,58.634,61.978,55.336,49.882,48.081,45.535
22.360,20.795,21.713,22.194,23.156,28.209,37.412,45.081,44.602,38.282,33.274,32.590,28.759,29.816,32.079,37.371,42.763,50.558,58.677,62.022,55.397,49.952,48.161,45.623
22.469,20.912,21.825,22.297,23.259,28.288,37.484,45.117,44.643,38.358,33.366,32.682,28.897,29.941,32.184,37.450,42.823,50.589,58.680,62.042,55.438,50.014,48.223,45.651
22.533,20.966,21.852,22.358,23.346,28.371,37.524,45.169,44.698,38.421,33.465,32.769,28.955,30.009,32.268,37.532,42.891,50.629,58.785,62.106,55.496,50.074,48.272,45.731
22.699,21.138,22.033,22.524,23.510,28.518,37.718,45.319,44.843,38.601,33.632,32.937,29.203,30.241,32.474,37.712,43.051,50.780,58.887,62.277,55.670,50.259,48.447,45.849
22.818,21.265,22.152,22.631,23.621,28.604,37.808,45.373,44.903,38.699,33.745,33.050,29.371,30.392,32.603,37.814,43.136,50.836,58.920,62.339,55.749,50.359,48.542,45.893
22.934,21.383,22.266,22.747,23.736,28.712,37.890,45.447,44.980,38.783,33.842,33.147,29.461,30.483,32.694,37.900,43.214,50.900,58.980,62.374,55.801,50.420,48.608,45.974
23.048,21.504,22.372,22.847,23.841,28.791,37.937,45.466,45.010,38.846,33.936,33.240,29.578,30.589,32.787,37.969,43.266,50.915,58.986,62.378,55.824,50.467,48.658,46.001
23.233,21.692,22.579,23.053,24.035,28.978,38.147,45.640,45.167,39.021,34.090,33.399,29.784,30.793,32.978,38.142,43.416,51.062,59.069,62.500,55.952,50.601,48.789,46.138
23.332,21.792,22.691,23.153,24.120,29.082,38.244,45.766,45.295,39.112,34.167,33.483,29.821,30.837,33.033,38.222,43.522,51.197,59.200,62.604,56.056,50.693,48.897,46.271
23.473,21.927,22.813,23.311,24.294,29.235,38.359,45.845,45.361,39.219,34.300,33.609,29.971,30.993,33.189,38.348,43.601,51.228,59.226,62.625,56.084,50.738,48.929,46.344
23.565,22.025,22.908,23.395,24.377,29.307,38.429,45.901,45.424,39.294,34.382,33.692,30.072,31.086,33.273,38.422,43.672,51.289,59.275,62.679,56.150,50.814,49.008,46.400
23.657,22.115,22.989,23.479,24.466,29.396,38.498,45.980,45.509,39.377,34.480,33.788,30.150,31.165,33.357,38.509,43.762,51.372,59.382,62.764,56.238,50.903,49.099,46.494
23.807,22.271,23.149,23.627,24.608,29.529,38.639,46.103,45.634,39.514,34.615,33.925,30.312,31.320,33.500,38.643,43.891,51.497,59.480,62.878,56.361,51.035,49.233,46.607
23.967,22.437,23.328,23.795,24.760,29.679,38.787,46.237,45.764,39.643,34.734,34.052,30.445,31.451,33.626,38.765,44.011,51.619,59.558,62.960,56.456,51.135,49.343,46.728
24.083,22.556,23.437,23.899,24.870,29.776,38.871,46.312,45.847,39.744,34.853,34.168,30.574,31.573,33.741,38.869,44.110,51.700,59.647,63.045,56.552,51.243,49.449,46.810
24.172,22.634,23.506,23.998,24.982,29.902,38.984,46.448,45.977,39.858,34.971,34.280,30.650,31.664,33.852,38.992,44.232,51.825,59.816,63.191,56.678,51.355,49.554,46.960
24.229,22.692,23.551,24.040,25.039,29.945,39.049,46.498,46.033,39.941,35.065,34.367,30.780,31.782,33.956,39.082,44.314,51.891,59.899,63.304,56.789,51.473,49.659,47.009
24.409,22.865,23.718,24.243,25.259,30.141,39.235,46.633,46.148,40.107,35.246,34.541,31.011,32.016,34.182,39.270,44.444,51.975,59.961,63.397,56.880,51.581,49.745,47.120
24.529,22.982,23.833,24.376,25.395,30.272,39.341,46.725,46.232,40.203,35.351,34.644,31.114,32.125,34.296,39.373,44.527,52.039,60.017,63.441,56.929,51.635,49.798,47.209
24.640,23.104,23.953,24.464,25.471,30.343,39.395,46.788,46.316,40.277,35.434,34.734,31.186,32.187,34.351,39.435,44.613,52.130,60.101,63.501,57.012,51.727,49.909,47.289
24.771,23.239,24.103,24.604,25.596,30.473,39.529,46.921,46.442,40.392,35.533,34.840,31.287,32.290,34.453,39.542,44.724,52.255,60.191,63.593,57.109,51.822,50.013,47.409
24.918,23.390,24.256,24.752,25.745,30.608,39.685,47.045,46.564,40.541,35.680,34.987,31.486,32.479,34.625,39.693,44.858,52.375,60.283,63.724,57.245,51.968,50.151,47.515
25.048,23.518,24.370,24.891,25.900,30.736,39.790,47.103,46.613,40.642,35.808,35.107,31.656,32.646,34.782,39.813,44.930,52.395,60.291,63.747,57.277,52.023,50.191,47.562
25.134,23.604,24.439,24.965,25.987,30.808,39.842,47.145,46.664,40.713,35.905,35.199,31.755,32.741,34.874,39.893,44.999,52.439,60.357,63.801,57.340,52.098,50.262,47.618
25.204,23.687,24.524,25.002,26.008,30.833,39.877,47.203,46.748,40.774,35.964,35.266,31.804,32.775,34.898,39.935,45.086,52.551,60.470,63.902,57.458,52.217,50.401,47.694
25.350,23.830,24.659,25.160,26.177,30.984,40.011,47.303,46.838,40.900,36.106,35.403,31.976,32.947,35.065,40.075,45.189,52.617,60.525,63.968,57.529,52.302,50.474,47.783
25.442,23.927,24.741,25.237,26.264,31.052,40.073,47.346,46.891,40.980,36.208,35.501,32.103,33.063,35.168,40.162,45.265,52.669,60.583,64.033,57.606,52.395,50.563,47.832
25.585,24.064,24.876,25.400,26.437,31.215,40.223,47.471,47.001,41.114,36.348,35.637,32.260,33.228,35.334,40.309,45.377,52.755,60.659,64.118,57.687,52.482,50.638,47.943
25.705,24.161,24.941,25.545,26.623,31.395,40.345,47.590,47.101,41.241,36.517,35.785,32.388,33.380,35.514,40.473,45.488,52.815,60.793,64.214,57.761,52.555,50.684,48.080
25.817,24.267,25.036,25.668,26.765,31.522,40.471,47.685,47.185,41.361,36.650,35.910,32.554,33.547,35.677,40.610,45.589,52.884,60.865,64.310,57.850,52.653,50.763,48.165
26.057,24.500,25.274,25.949,27.062,31.789,40.756,47.888,47.352,41.600,36.889,36.141,32.892,33.885,35.997,40.875,45.771,53.012,60.934,64.455,57.988,52.810,50.888,48.312
26.125,24.560,25.300,26.007,27.158,31.860,40.814,47.922,47.389,41.686,37.016,36.251,33.042,34.031,36.138,40.987,45.847,53.037,61.013,64.544,58.072,52.908,50.960,48.358
26.239,24.667,25.369,26.114,27.297,31.974,40.873,47.962,47.435,41.775,37.160,36.380,33.178,34.170,36.280,41.102,45.926,53.056,61.086,64.588,58.121,52.977,51.014,48.425
26.398,24.810,25.483,26.303,27.525,32.173,41.012,48.054,47.504,41.906,37.338,36.540,33.370,34.377,36.496,41.274,46.017,53.069,61.124,64.615,58.144,53.020,51.028,48.513
26.605,24.994,25.647,26.566,27.832,32.448,41.251,48.216,47.619,42.107,37.571,36.753,33.657,34.684,36.809,41.525,46.154,53.117,61.171,64.694,58.204,53.098,51.059,48.641
26.779,25.148,25.764,26.775,28.094,32.673,41.421,48.323,47.697,42.268,37.786,36.943,33.904,34.947,37.079,41.736,46.265,53.132,61.221,64.750,58.247,53.164,51.083,48.739
26.867,25.235,25.846,26.831,28.130,32.751,41.483,48.429,47.818,42.352,37.876,37.035,33.911,34.948,37.102,41.812,46.377,53.265,61.395,64.873,58.372,53.278,51.211,48.877
26.903,25.282,25.887,26.847,28.162,32.757,41.485,48.507,47.940,42.408,37.929,37.096,33.931,34.980,37.127,41.840,46.493,53.438,61.626,65.054,58.559,53.449,51.410,49.007
27.062,25.454,26.061,26.969,28.254,32.864,41.591,48.606,48.055,42.527,38.055,37.229,34.052,35.075,37.213,41.948,46.615,53.560,61.721,65.144,58.676,53.581,51.558,49.111
27.253,25.659,26.281,27.153,28.422,33.016,41.784,48.759,48.211,42.707,38.219,37.401,34.292,35.294,37.402,42.117,46.781,53.726,61.820,65.300,58.849,53.768,51.748,49.234
27.687,26.096,26.768,27.656,28.900,33.475,42.277,49.154,48.550,43.097,38.561,37.754,34.757,35.762,37.846,42.511,47.097,54.019,61.945,65.520,59.077,54.011,51.981,49.531
27.843,26.260,26.930,27.794,29.036,33.598,42.423,49.282,48.690,43.255,38.722,37.916,34.960,35.948,38.012,42.665,47.254,54.171,62.083,65.687,59.255,54.201,52.170,49.654
28.007,26.406,27.038,27.977,29.257,33.803,42.529,49.380,48.777,43.373,38.899,38.077,35.081,36.095,38.186,42.819,47.354,54.180,62.182,65.714,59.280,54.238,52.192,49.783
28.221,26.609,27.168,28.186,29.539,34.011,42.660,49.419,48.816,43.546,39.179,38.324,35.430,36.435,38.510,43.054,47.477,54.204,62.224,65.762,59.343,54.356,52.262,49.839
28.478,26.889,27.460,28.419,29.730,34.195,42.787,49.550,48.973,43.680,39.323,38.489,35.547,36.541,38.607,43.161,47.619,54.330,62.312,65.786,59.426,54.461,52.415,49.988
28.656,27.064,27.631,28.609,29.931,34.384,42.975,49.712,49.125,43.859,39.509,38.670,35.715,36.733,38.817,43.352,47.780,54.468,62.442,65.935,59.573,54.615,52.556,50.138
28.826,27.233,27.802,28.764,30.061,34.556,43.064,49.898,49.335,43.972,39.628,38.800,35.762,36.756,38.839,43.441,47.944,54.682,62.710,66.060,59.709,54.729,52.717,50.389
29.004,27.410,27.971,28.924,30.228,34.729,43.256,50.111,49.560,44.187,39.844,39.013,35.923,36.936,39.042,43.655,48.177,54.928,62.993,66.347,59.987,55.000,52.983,50.616
29.304,27.725,28.328,29.205,30.441,35.010,43.490,50.451,49.945,44.452,40.054,39.255,35.984,37.010,39.148,43.860,48.511,55.277,63.436,66.625,60.291,55.306,53.325,51.041
29.438,27.833,28.330,29.322,30.652,35.167,43.521,50.496,49.971,44.510,40.271,39.429,36.108,37.156,39.329,43.992,48.556,55.385,63.519,66.683,60.337,55.309,53.363,51.094
29.785,28.191,28.691,29.658,30.994,35.474,43.888,50.773,50.263,44.901,40.649,39.804,36.639,37.652,39.774,44.387,48.918,55.615,63.796,67.033,60.702,55.738,53.731,51.363
30.107,28.519,29.058,29.987,31.287,35.799,44.255,51.173,50.661,45.241,40.934,40.106,36.905,37.921,40.047,44.697,49.275,56.039,64.174,67.419,61.082,56.095,54.110,51.748
30.322,28.705,29.177,30.198,31.580,36.069,44.515,51.423,50.905,45.552,41.311,40.443,37.284,38.308,40.447,45.064,49.581,56.270,64.558,67.817,61.434,56.448,54.401,52.028
30.763,29.162,29.670,30.627,31.958,36.479,44.924,51.885,51.384,45.952,41.671,40.828,37.585,38.609,40.755,45.422,50.013,56.774,65.016,68.228,61.865,56.864,54.864,52.500
31.256,29.652,30.156,31.039,32.406,36.973,45.734,52.780,52.312,46.843,42.474,41.609,38.488,39.461,41.568,46.289,50.996,57.889,66.279,69.716,63.240,58.166,56.103,53.383
31.911,30.376,30.980,31.552,32.725,37.450,46.215,53.586,53.256,47.404,42.908,42.134,38.573,39.527,41.676,46.663,51.782,59.017,67.383,70.559,64.162,59.003,57.146,54.330
32.465,30.725,30.980,32.017,33.604,38.480,47.171,55.035,54.750,48.770,44.526,43.547,39.519,40.625,43.059,48.237,53.421,60.628,70.282,73.148,66.343,60.968,58.866,56.195
