-0.000,-2.728,-4.756,-3.457,-2.457,-1.985,6.486,13.115,11.023,-4.520,-12.100,-15.022,-15.349,-17.715,-19.392,-21.365,-20.448,-13.549,-3.649,7.771,13.246,7.508,-0.775,-7.689
9.573,6.952,5.436,5.837,6.653,7.183,14.604,20.680,19.227,6.331,0.018,-1.844,-2.850,-3.705,-5.372,-7.385,-6.290,-0.924,7.412,16.623,20.818,15.514,9.082,3.439
11.804,9.302,7.894,8.232,8.991,9.482,16.488,22.265,20.879,8.762,2.852,1.104,0.116,-0.643,-2.263,-4.184,-3.136,1.946,9.820,18.508,22.431,17.376,11.358,6.029
14.201,11.865,10.575,10.717,11.393,11.972,18.771,24.326,23.050,11.653,6.035,4.450,3.255,2.577,1.053,-0.627,0.445,5.298,12.639,20.693,24.253,19.502,13.882,8.918
15.222,12.986,11.748,11.815,12.439,13.067,19.797,25.254,23.987,12.920,7.437,5.872,4.579,3.841,2.361,0.848,1.924,6.761,13.853,21.641,25.032,20.444,14.977,10.164
16.371,14.180,13.082,12.884,13.422,14.110,20.729,26.150,24.945,14.502,9.319,7.920,6.349,5.820,4.301,2.908,4.051,8.749,15.475,22.778,25.813,21.317,16.262,11.714
17.398,15.225,14.187,13.881,14.398,15.098,21.593,26.941,25.819,15.691,10.653,9.385,7.731,7.381,5.871,4.479,5.645,10.152,16.683,23.713,26.594,22.159,17.324,12.934
17.956,15.831,14.827,14.534,15.028,15.696,22.022,27.251,26.120,16.276,11.399,10.131,8.523,8.150,6.650,5.299,6.429,10.877,17.256,24.134,26.937,22.595,17.890,13.593
18.486,16.401,15.393,15.152,15.644,16.294,22.538,27.682,26.541,16.777,11.942,10.646,9.107,8.663,7.193,5.873,6.970,11.404,17.725,24.569,27.376,23.105,18.407,14.137
18.946,16.882,15.898,15.633,16.111,16.759,22.933,28.031,26.902,17.291,12.535,11.265,9.713,9.294,7.828,6.530,7.623,12.007,18.239,24.977,27.723,23.494,18.882,14.674
19.361,17.333,16.363,16.103,16.569,17.213,23.317,28.350,27.221,17.741,13.049,11.778,10.241,9.794,8.347,7.089,8.167,12.524,18.669,25.323,28.028,23.864,19.306,15.149
19.749,17.734,16.770,16.516,16.984,17.618,23.661,28.646,27.536,18.129,13.473,12.222,10.707,10.281,8.850,7.587,8.654,12.954,19.051,25.649,28.339,24.207,19.687,15.567
19.957,17.960,16.987,16.775,17.244,17.865,23.874,28.822,27.696,18.298,13.651,12.368,10.904,10.419,9.001,7.753,8.799,13.113,19.202,25.814,28.524,24.422,19.883,15.758
20.210,18.216,17.251,17.040,17.507,18.117,24.084,29.009,27.885,18.546,13.936,12.660,11.209,10.737,9.317,8.062,9.101,13.391,19.455,26.038,28.734,24.641,20.134,16.028
20.516,18.541,17.579,17.378,17.841,18.448,24.378,29.266,28.145,18.861,14.277,13.001,11.565,11.078,9.671,8.434,9.463,13.734,19.758,26.303,28.986,24.928,20.441,16.359
20.753,18.815,17.878,17.643,18.084,18.707,24.603,29.452,28.332,19.196,14.676,13.410,11.934,11.428,10.033,8.861,9.891,14.155,20.075,26.509,29.120,25.123,20.708,16.689
20.995,19.074,18.130,17.935,18.378,18.986,24.839,29.648,28.516,19.400,14.896,13.604,12.178,11.626,10.243,9.079,10.088,14.355,20.265,26.705,29.333,25.364,20.938,16.919
21.225,19.329,18.399,18.174,18.602,19.230,25.083,29.877,28.750,19.711,15.234,13.952,12.483,11.918,10.548,9.433,10.450,14.717,20.562,26.930,29.508,25.579,21.192,17.213
21.372,19.478,18.550,18.314,18.743,19.378,25.233,30.025,28.911,19.875,15.393,14.126,12.646,12.099,10.735,9.621,10.642,14.890,20.725,27.074,29.646,25.722,21.342,17.373
21.616,19.749,18.833,18.607,19.026,19.652,25.443,30.182,29.061,20.135,15.713,14.438,12.978,12.401,11.047,9.963,10.968,15.203,20.971,27.261,29.803,25.928,21.590,17.660
21.775,19.921,19.024,18.744,19.144,19.798,25.619,30.375,29.257,20.396,15.996,14.737,13.202,12.633,11.275,10.236,11.261,15.512,21.231,27.456,29.937,26.077,21.784,17.885
21.957,20.114,19.210,18.970,19.377,20.012,25.782,30.495,29.373,20.528,16.142,14.867,13.390,12.793,11.448,10.404,11.408,15.642,21.352,27.581,30.085,26.249,21.948,18.051
22.117,20.275,19.369,19.131,19.541,20.175,25.935,30.639,29.526,20.685,16.297,15.032,13.560,12.975,11.637,10.587,11.589,15.803,21.507,27.727,30.231,26.401,22.103,18.213
22.272,20.436,19.530,19.302,19.711,20.341,26.088,30.778,29.663,20.834,16.454,15.183,13.723,13.126,11.792,10.747,11.743,15.955,21.651,27.866,30.372,26.553,22.256,18.370
22.379,20.548,19.651,19.429,19.830,20.448,26.159,30.832,29.700,20.934,16.598,15.314,13.868,13.254,11.909,10.870,11.857,16.080,21.755,27.956,30.448,26.636,22.366,18.488
22.570,20.759,19.861,19.648,20.045,20.667,26.369,31.021,29.883,21.141,16.812,15.515,14.075,13.424,12.093,11.083,12.064,16.296,21.946,28.129,30.614,26.832,22.561,18.695
22.715,20.916,20.012,19.811,20.210,20.835,26.535,31.171,30.037,21.285,16.945,15.644,14.215,13.545,12.230,11.232,12.207,16.436,22.077,28.257,30.749,26.987,22.703,18.841
22.853,21.052,20.148,19.947,20.348,20.972,26.662,31.292,30.166,21.419,17.080,15.788,14.363,13.708,12.395,11.388,12.363,16.574,22.212,28.385,30.877,27.116,22.837,18.980
22.946,21.145,20.245,20.053,20.453,21.064,26.728,31.347,30.211,21.494,17.180,15.879,14.472,13.809,12.490,11.479,12.446,16.658,22.290,28.462,30.954,27.194,22.927,19.071
23.065,21.265,20.366,20.184,20.585,21.186,26.821,31.423,30.288,21.595,17.298,15.999,14.611,13.954,12.634,11.614,12.573,16.769,22.393,28.558,31.051,27.296,23.040,19.190
23.213,21.411,20.518,20.274,20.671,21.314,27.028,31.675,30.570,21.842,17.500,16.240,14.762,14.150,12.838,11.840,12.834,17.024,22.638,28.767,31.227,27.465,23.214,19.379
23.348,21.545,20.651,20.427,20.826,21.454,27.137,31.767,30.655,21.942,17.617,16.347,14.901,14.281,12.966,11.956,12.939,17.123,22.740,28.879,31.349,27.588,23.339,19.501
23.471,21.676,20.781,20.563,20.961,21.588,27.260,31.877,30.756,22.065,17.747,16.475,15.036,14.405,13.096,12.093,13.072,17.253,22.858,28.987,31.456,27.708,23.461,19.630
23.583,21.796,20.905,20.727,21.118,21.714,27.323,31.907,30.765,22.124,17.864,16.549,15.167,14.480,13.157,12.159,13.111,17.323,22.918,29.061,31.534,27.799,23.565,19.728
23.648,21.861,20.977,20.767,21.152,21.768,27.413,32.019,30.875,22.241,17.971,16.669,15.240,14.566,13.241,12.260,13.228,17.450,23.036,29.159,31.611,27.872,23.647,19.817
23.827,22.043,21.165,20.976,21.364,21.952,27.514,32.071,30.932,22.380,18.164,16.870,15.490,14.835,13.511,12.507,13.455,17.626,23.179,29.270,31.716,27.994,23.810,20.004
23.991,22.213,21.340,21.134,21.517,22.115,27.687,32.248,31.112,22.577,18.365,17.078,15.674,15.023,13.700,12.710,13.665,17.837,23.375,29.444,31.873,28.157,23.985,20.190
24.090,22.324,21.444,21.267,21.650,22.241,27.801,32.344,31.193,22.653,18.441,17.128,15.753,15.053,13.738,12.763,13.706,17.900,23.438,29.524,31.969,28.271,24.078,20.275
24.204,22.439,21.562,21.383,21.765,22.355,27.905,32.442,31.292,22.769,18.566,17.256,15.883,15.187,13.873,12.898,13.839,18.025,23.554,29.630,32.069,28.376,24.192,20.396
24.272,22.510,21.637,21.442,21.820,22.419,27.986,32.532,31.383,22.868,18.664,17.357,15.960,15.265,13.949,12.988,13.936,18.132,23.652,29.715,32.140,28.447,24.271,20.480
24.408,22.653,21.792,21.562,21.930,22.547,28.127,32.680,31.540,23.067,18.876,17.587,16.144,15.465,14.151,13.213,14.174,18.365,23.850,29.865,32.252,28.571,24.426,20.660
24.524,22.778,21.922,21.700,22.065,22.674,28.220,32.749,31.605,23.179,19.016,17.724,16.297,15.609,14.297,13.364,14.317,18.499,23.959,29.953,32.331,28.667,24.541,20.789
24.657,22.913,22.063,21.825,22.185,22.800,28.352,32.887,31.745,23.340,19.185,17.899,16.451,15.770,14.454,13.532,14.490,18.675,24.122,30.097,32.457,28.795,24.684,20.941
24.774,23.040,22.194,21.944,22.297,22.925,28.493,33.032,31.884,23.492,19.338,18.046,16.576,15.875,14.562,13.667,14.630,18.835,24.266,30.226,32.571,28.921,24.813,21.077
24.867,23.138,22.294,22.040,22.388,23.019,28.594,33.135,31.981,23.599,19.449,18.152,16.673,15.959,14.645,13.763,14.727,18.946,24.371,30.326,32.664,29.018,24.912,21.178
24.949,23.222,22.383,22.118,22.462,23.097,28.676,33.223,32.065,23.701,19.560,18.263,16.769,16.053,14.735,13.863,14.831,19.059,24.474,30.418,32.742,29.098,25.002,21.273
25.071,23.341,22.510,22.219,22.560,23.205,28.795,33.350,32.205,23.857,19.719,18.443,16.919,16.233,14.914,14.044,15.023,19.235,24.635,30.550,32.854,29.208,25.133,21.419
25.157,23.431,22.602,22.299,22.637,23.291,28.893,33.454,32.312,23.968,19.827,18.554,17.012,16.327,15.009,14.150,15.134,19.351,24.744,30.648,32.941,29.298,25.227,21.518
25.298,23.572,22.745,22.419,22.756,23.427,29.061,33.639,32.508,24.147,19.986,18.727,17.151,16.479,15.167,14.318,15.316,19.531,24.920,30.812,33.093,29.450,25.378,21.674
25.438,23.721,22.903,22.555,22.884,23.567,29.204,33.780,32.654,24.333,20.187,18.938,17.333,16.666,15.355,14.528,15.532,19.746,25.104,30.956,33.209,29.580,25.532,21.849
25.527,23.812,22.994,22.650,22.979,23.659,29.284,33.852,32.727,24.416,20.277,19.029,17.431,16.765,15.456,14.627,15.628,19.834,25.186,31.034,33.287,29.662,25.619,21.939
25.646,23.933,23.116,22.787,23.119,23.785,29.372,33.914,32.791,24.511,20.393,19.146,17.576,16.914,15.608,14.768,15.759,19.941,25.281,31.118,33.373,29.758,25.728,22.058
25.806,24.097,23.269,22.980,23.320,23.968,29.520,34.034,32.907,24.614,20.495,19.234,17.718,17.035,15.738,14.883,15.855,20.027,25.378,31.238,33.524,29.919,25.869,22.189
25.888,24.182,23.353,23.079,23.418,24.057,29.591,34.092,32.957,24.677,20.570,19.298,17.801,17.102,15.805,14.950,15.914,20.090,25.439,31.304,33.596,29.996,25.946,22.264
26.009,24.307,23.479,23.220,23.559,24.187,29.695,34.180,33.034,24.778,20.691,19.404,17.931,17.212,15.913,15.060,16.013,20.195,25.538,31.406,33.701,30.108,26.062,22.381
26.109,24.411,23.587,23.308,23.643,24.284,29.810,34.302,33.165,24.916,20.824,19.550,18.048,17.340,16.044,15.204,16.167,20.345,25.674,31.519,33.796,30.210,26.173,22.503
26.223,24.537,23.712,23.443,23.778,24.418,29.927,34.399,33.261,25.029,20.943,19.664,18.175,17.451,16.166,15.336,16.292,20.464,25.777,31.610,33.888,30.321,26.285,22.623
26.350,24.666,23.834,23.594,23.933,24.559,30.039,34.490,33.348,25.113,21.032,19.741,18.292,17.553,16.272,15.430,16.373,20.538,25.857,31.708,34.006,30.445,26.398,22.730
26.474,24.786,23.953,23.720,24.064,24.681,30.143,34.583,33.448,25.217,21.142,19.858,18.425,17.701,16.422,15.564,16.503,20.645,25.965,31.813,34.117,30.555,26.513,22.848
26.587,24.906,24.070,23.849,24.192,24.808,30.265,34.696,33.556,25.324,21.248,19.954,18.532,17.786,16.511,15.663,16.596,20.748,26.065,31.918,34.227,30.675,26.625,22.958
26.661,24.979,24.148,23.912,24.251,24.872,30.339,34.782,33.638,25.419,21.349,20.057,18.615,17.873,16.591,15.750,16.689,20.851,26.164,32.009,34.305,30.748,26.708,23.043
26.774,25.092,24.261,24.020,24.359,24.985,30.462,34.908,33.769,25.542,21.464,20.176,18.725,17.987,16.708,15.869,16.812,20.973,26.285,32.127,34.421,30.865,26.822,23.159
26.875,25.201,24.369,24.159,24.496,25.103,30.543,34.967,33.802,25.603,21.553,20.234,18.825,18.042,16.758,15.925,16.848,21.032,26.342,32.202,34.507,30.961,26.916,23.245
27.008,25.332,24.501,24.294,24.632,25.233,30.658,35.073,33.913,25.728,21.687,20.374,18.974,18.204,16.920,16.076,16.998,21.165,26.470,32.322,34.626,31.081,27.045,23.380
27.133,25.452,24.615,24.425,24.770,25.362,30.771,35.177,34.020,25.818,21.773,20.459,19.084,18.318,17.038,16.176,17.090,21.243,26.562,32.430,34.753,31.203,27.157,23.485
27.266,25.581,24.738,24.557,24.906,25.495,30.911,35.321,34.163,25.933,21.874,20.556,19.191,18.422,17.141,16.270,17.183,21.340,26.677,32.566,34.904,31.347,27.285,23.600
27.402,25.711,24.874,24.686,25.034,25.618,31.025,35.439,34.279,26.068,22.024,20.709,19.341,18.585,17.294,16.416,17.330,21.485,26.820,32.705,35.035,31.469,27.422,23.739
27.553,25.864,25.034,24.832,25.172,25.762,31.178,35.601,34.434,26.245,22.212,20.896,19.507,18.748,17.451,16.586,17.505,21.675,26.999,32.871,35.184,31.619,27.584,23.907
27.711,26.013,25.185,24.984,25.325,25.905,31.306,35.731,34.562,26.384,22.366,21.052,19.673,18.929,17.622,16.740,17.657,21.819,27.149,33.025,35.339,31.761,27.737,24.057
27.836,26.144,25.317,25.111,25.451,26.036,31.440,35.860,34.696,26.527,22.507,21.198,19.810,19.066,17.765,16.892,17.812,21.969,27.287,33.148,35.455,31.886,27.867,24.195
27.990,26.304,25.479,25.271,25.608,26.198,31.605,36.024,34.856,26.693,22.674,21.360,19.967,19.208,17.909,17.050,17.970,22.137,27.448,33.305,35.606,32.045,28.025,24.356
28.129,26.446,25.619,25.432,25.768,26.345,31.729,36.132,34.951,26.803,22.801,21.470,20.105,19.324,18.023,17.162,18.070,22.246,27.557,33.425,35.735,32.179,28.157,24.484
28.274,26.590,25.767,25.551,25.885,26.480,31.896,36.319,35.152,26.993,22.974,21.662,20.256,19.497,18.199,17.348,18.271,22.442,27.747,33.596,35.889,32.331,28.314,24.649
28.411,26.730,25.908,25.690,26.022,26.619,32.036,36.457,35.288,27.138,23.122,21.809,20.399,19.636,18.337,17.493,18.416,22.592,27.890,33.733,36.022,32.468,28.454,24.792
28.580,26.901,26.086,25.842,26.171,26.781,32.209,36.636,35.482,27.349,23.333,22.041,20.599,19.861,18.566,17.729,18.663,22.823,28.102,33.911,36.178,32.628,28.634,24.989
28.693,27.019,26.202,25.970,26.299,26.903,32.317,36.734,35.572,27.449,23.442,22.139,20.713,19.957,18.663,17.829,18.756,22.922,28.199,34.013,36.284,32.740,28.744,25.098
28.834,27.168,26.344,26.149,26.478,27.068,32.461,36.859,35.674,27.546,23.546,22.209,20.825,20.017,18.724,17.898,18.807,23.001,28.287,34.133,36.427,32.894,28.875,25.213
28.979,27.313,26.488,26.302,26.633,27.217,32.599,36.988,35.803,27.677,23.681,22.341,20.971,20.160,18.868,18.037,18.942,23.131,28.417,34.266,36.565,33.035,29.015,25.353
29.147,27.488,26.658,26.493,26.825,27.402,32.767,37.141,35.947,27.822,23.830,22.474,21.130,20.293,19.006,18.178,19.073,23.269,28.556,34.416,36.727,33.207,29.176,25.509
29.341,27.683,26.858,26.694,27.026,27.594,32.926,37.280,36.093,28.011,24.043,22.699,21.366,20.547,19.261,18.424,19.314,23.481,28.748,34.582,36.884,33.372,29.367,25.716
29.522,27.862,27.030,26.864,27.203,27.778,33.127,37.486,36.315,28.193,24.197,22.865,21.527,20.725,19.449,18.604,19.499,23.649,28.927,34.766,37.079,33.565,29.544,25.890
29.735,28.072,27.243,27.080,27.419,27.987,33.320,37.672,36.501,28.396,24.412,23.082,21.753,20.958,19.679,18.826,19.717,23.858,29.133,34.969,37.281,33.765,29.753,26.103
29.910,28.252,27.413,27.285,27.631,28.183,33.482,37.809,36.632,28.521,24.541,23.196,21.915,21.098,19.827,18.962,19.837,23.971,29.252,35.108,37.444,33.938,29.912,26.254
30.058,28.409,27.569,27.459,27.804,28.348,33.620,37.923,36.741,28.653,24.688,23.334,22.077,21.240,19.975,19.116,19.979,24.109,29.378,35.227,37.567,34.078,30.054,26.402
30.312,28.673,27.825,27.718,28.063,28.621,33.931,38.244,37.056,28.923,24.925,23.554,22.286,21.412,20.157,19.323,20.190,24.353,29.633,35.502,37.852,34.372,30.314,26.649
30.532,28.898,28.058,27.964,28.305,28.846,34.104,38.388,37.191,29.124,25.172,23.795,22.554,21.673,20.413,19.577,20.431,24.583,29.837,35.686,38.026,34.559,30.530,26.879
30.714,29.079,28.242,28.125,28.462,29.019,34.314,38.620,37.426,29.344,25.376,24.005,22.728,21.853,20.591,19.769,20.635,24.801,30.057,35.900,38.228,34.755,30.724,27.073
31.015,29.368,28.532,28.373,28.715,29.295,34.633,38.969,37.811,29.693,25.690,24.365,23.036,22.228,20.972,20.137,21.028,25.155,30.413,36.232,38.546,35.057,31.033,27.394
31.292,29.661,28.839,28.659,28.991,29.579,34.894,39.209,38.058,30.021,26.053,24.741,23.390,22.587,21.338,20.529,21.421,25.532,30.735,36.490,38.764,35.305,31.324,27.722
31.709,30.065,29.236,29.043,29.385,29.982,35.325,39.657,38.533,30.439,26.431,25.148,23.782,23.027,21.785,20.950,21.855,25.932,31.157,36.920,39.207,35.730,31.735,28.128
31.936,30.303,29.467,29.353,29.700,30.247,35.485,39.748,38.592,30.552,26.601,25.271,24.019,23.202,21.959,21.106,21.967,26.042,31.265,37.057,39.381,35.928,31.930,28.314
32.260,30.620,29.781,29.660,30.009,30.562,35.826,40.110,38.955,30.880,26.909,25.580,24.315,23.504,22.258,21.401,22.268,26.354,31.596,37.406,39.736,36.268,32.257,28.628
32.644,30.981,30.146,29.933,30.279,30.892,36.299,40.682,39.564,31.387,27.331,26.056,24.654,23.921,22.671,21.825,22.749,26.844,32.115,37.914,40.212,36.700,32.675,29.043
33.110,31.461,30.633,30.385,30.723,31.364,36.811,41.205,40.098,31.929,27.859,26.598,25.142,24.408,23.169,22.361,23.301,27.404,32.646,38.406,40.674,37.180,33.163,29.551
33.563,31.902,31.087,30.806,31.138,31.784,37.235,41.649,40.549,32.414,28.363,27.124,25.634,24.944,23.689,22.872,23.825,27.916,33.147,38.880,41.120,37.608,33.628,30.028
34.132,32.454,31.638,31.316,31.651,32.322,37.841,42.306,41.228,33.027,28.929,27.719,26.170,25.530,24.271,23.446,24.425,28.512,33.770,39.509,41.743,38.200,34.208,30.601
34.803,33.104,32.306,31.872,32.190,32.924,38.599,43.181,42.115,33.853,29.699,28.527,26.813,26.226,24.943,24.155,25.196,29.340,34.614,40.335,42.511,38.918,34.933,31.322
35.673,33.959,33.201,32.615,32.908,33.709,39.498,44.176,43.146,34.938,30.783,29.690,27.779,27.306,25.997,25.248,26.358,30.502,35.726,41.336,43.397,39.772,35.872,32.310
37.211,35.511,34.813,34.087,34.328,35.182,41.030,45.770,44.723,36.712,32.647,31.583,29.487,29.041,27.689,27.037,28.197,32.405,37.519,42.983,44.886,41.266,37.499,34.006
