-4.400,-5.156,-7.617,-7.680,-4.117,3.200,12.780,25.117,26.357,24.022,24.117,25.640,29.335,30.979,34.118,34.183,31.785,35.144,36.373,32.367,26.998,18.757,14.686,8.095
5.702,4.585,2.731,2.700,5.682,11.874,20.074,31.163,33.325,31.924,30.920,32.616,35.870,38.106,41.311,41.172,39.288,42.178,41.883,38.490,32.810,25.562,21.676,15.875
10.889,9.571,7.368,7.341,10.161,15.813,22.956,33.607,36.614,35.982,33.737,35.603,38.561,41.162,44.649,44.394,42.545,45.501,44.020,41.137,34.999,28.190,24.961,19.244
12.381,10.968,9.341,9.285,11.895,17.330,24.226,34.451,37.800,37.439,34.950,36.863,39.414,42.001,45.306,45.157,43.615,46.538,44.757,41.976,35.711,29.335,25.939,20.695
13.739,12.322,10.994,10.980,13.451,18.659,25.588,35.532,38.540,37.995,35.972,37.813,40.584,43.274,46.500,46.223,44.798,47.334,45.707,42.881,36.928,30.615,26.956,21.888
14.515,13.081,11.813,11.806,14.218,19.305,26.114,35.909,38.924,38.422,36.383,38.220,40.983,43.713,46.928,46.621,45.240,47.694,45.989,43.213,37.300,31.080,27.430,22.444
15.005,13.546,12.332,12.323,14.706,19.751,26.502,36.249,39.344,38.904,36.783,38.637,41.353,44.112,47.327,47.022,45.678,48.127,46.329,43.579,37.620,31.454,27.798,22.860
15.522,14.090,12.848,12.850,15.232,20.253,27.027,36.743,39.694,39.169,37.200,39.020,41.826,44.580,47.787,47.448,46.081,48.456,46.763,43.997,38.154,31.959,28.297,23.341
15.972,14.558,13.287,13.288,15.677,20.703,27.470,37.174,40.090,39.549,37.604,39.411,42.215,44.939,48.134,47.801,46.421,48.803,47.153,44.390,38.581,32.389,28.757,23.796
16.293,14.900,13.647,13.648,16.026,21.036,27.790,37.437,40.293,39.725,37.845,39.631,42.424,45.109,48.267,47.943,46.569,48.932,47.346,44.585,38.842,32.680,29.055,24.128
16.648,15.255,13.942,13.937,16.323,21.330,28.016,37.655,40.581,40.069,38.082,39.877,42.617,45.288,48.457,48.149,46.761,49.178,47.534,44.809,39.025,32.891,29.347,24.412
16.884,15.496,14.214,14.205,16.581,21.578,28.247,37.847,40.776,40.270,38.286,40.076,42.781,45.429,48.573,48.280,46.907,49.328,47.695,44.976,39.205,33.105,29.563,24.662
17.070,15.690,14.531,14.523,16.861,21.824,28.506,38.016,40.880,40.339,38.464,40.232,42.922,45.543,48.627,48.341,47.019,49.381,47.813,45.081,39.383,33.337,29.723,24.909
17.159,15.788,14.713,14.700,17.025,22.001,28.716,38.194,41.041,40.482,38.658,40.417,43.062,45.640,48.675,48.418,47.127,49.493,47.980,45.230,39.555,33.541,29.879,25.121
17.407,16.043,14.920,14.902,17.230,22.196,28.849,38.301,41.181,40.657,38.769,40.528,43.131,45.688,48.721,48.477,47.176,49.575,48.037,45.318,39.634,33.651,30.061,25.304
17.522,16.159,15.116,15.099,17.409,22.365,29.049,38.469,41.309,40.757,38.942,40.692,43.298,45.848,48.851,48.609,47.336,49.699,48.202,45.464,39.816,33.847,30.195,25.481
17.669,16.309,15.305,15.282,17.584,22.546,29.218,38.611,41.485,40.953,39.113,40.863,43.407,45.922,48.896,48.683,47.431,49.824,48.327,45.595,39.934,34.006,30.355,25.681
17.790,16.441,15.462,15.437,17.731,22.686,29.359,38.718,41.557,41.008,39.212,40.949,43.484,45.975,48.924,48.718,47.475,49.855,48.399,45.665,40.041,34.132,30.474,25.825
17.911,16.583,15.589,15.563,17.863,22.827,29.501,38.844,41.639,41.066,39.312,41.033,43.559,46.011,48.938,48.743,47.491,49.878,48.480,45.744,40.163,34.261,30.622,25.978
18.139,16.812,15.760,15.734,18.039,22.991,29.616,38.953,41.776,41.230,39.418,41.143,43.661,46.117,49.061,48.863,47.594,49.999,48.564,45.853,40.259,34.363,30.785,26.121
18.258,16.937,15.866,15.836,18.145,23.102,29.705,39.033,41.871,41.339,39.500,41.224,43.714,46.149,49.086,48.902,47.627,50.057,48.621,45.921,40.323,34.443,30.896,26.236
18.466,17.154,16.089,16.065,18.366,23.301,29.911,39.213,41.981,41.411,39.649,41.357,43.890,46.329,49.238,49.056,47.780,50.162,48.770,46.063,40.523,34.637,31.076,26.419
18.635,17.330,16.245,16.220,18.522,23.452,30.040,39.325,42.092,41.528,39.755,41.459,43.970,46.354,49.260,49.062,47.807,50.203,48.808,46.146,40.626,34.753,31.221,26.566
18.883,17.598,16.509,16.474,18.779,23.685,30.193,39.375,42.158,41.628,39.831,41.524,43.978,46.402,49.327,49.129,47.847,50.239,48.852,46.156,40.644,34.856,31.364,26.779
18.901,17.605,16.554,16.523,18.799,23.719,30.272,39.518,42.299,41.752,39.955,41.649,44.093,46.453,49.341,49.181,47.903,50.342,48.983,46.303,40.784,34.959,31.475,26.852
19.016,17.730,16.652,16.620,18.916,23.837,30.384,39.610,42.371,41.816,40.043,41.733,44.194,46.564,49.452,49.280,48.007,50.420,49.063,46.384,40.885,35.064,31.571,26.956
19.063,17.776,16.687,16.653,18.954,23.885,30.431,39.670,42.448,41.901,40.106,41.800,44.252,46.620,49.512,49.346,48.067,50.497,49.131,46.454,40.939,35.115,31.631,27.009
19.106,17.806,16.771,16.734,19.028,23.969,30.534,39.782,42.601,42.070,40.254,41.960,44.355,46.694,49.554,49.411,48.159,50.604,49.211,46.565,41.047,35.232,31.709,27.109
19.378,18.093,17.037,16.997,19.276,24.175,30.652,39.814,42.632,42.087,40.285,41.977,44.385,46.759,49.644,49.489,48.234,50.664,49.284,46.598,41.051,35.300,31.849,27.286
19.561,18.289,17.216,17.190,19.463,24.330,30.834,39.977,42.667,42.128,40.382,42.049,44.534,46.898,49.766,49.576,48.308,50.674,49.344,46.680,41.261,35.472,31.995,27.409
19.685,18.415,17.249,17.214,19.515,24.414,30.867,40.050,42.833,42.315,40.471,42.154,44.576,46.917,49.806,49.645,48.346,50.794,49.415,46.781,41.292,35.508,32.127,27.505
19.764,18.495,17.455,17.421,19.686,24.556,31.035,40.146,42.876,42.325,40.581,42.250,44.665,46.993,49.833,49.674,48.425,50.815,49.487,46.835,41.402,35.659,32.195,27.650
19.934,18.673,17.659,17.624,19.875,24.724,31.177,40.235,42.953,42.405,40.675,42.334,44.721,47.027,49.839,49.690,48.456,50.839,49.527,46.886,41.481,35.777,32.319,27.812
20.125,18.871,17.832,17.799,20.049,24.884,31.319,40.361,43.054,42.497,40.783,42.435,44.838,47.144,49.959,49.801,48.557,50.926,49.625,46.990,41.611,35.907,32.471,27.957
20.197,18.938,17.916,17.886,20.134,24.969,31.428,40.481,43.157,42.584,40.899,42.551,44.980,47.302,50.122,49.953,48.712,51.061,49.766,47.119,41.745,36.026,32.558,28.041
20.334,19.083,18.028,17.998,20.250,25.081,31.517,40.559,43.233,42.666,40.967,42.615,45.037,47.347,50.167,50.001,48.749,51.108,49.816,47.181,41.816,36.103,32.671,28.148
20.429,19.188,18.123,18.089,20.346,25.184,31.614,40.649,43.317,42.747,41.050,42.693,45.098,47.385,50.194,50.039,48.782,51.156,49.884,47.252,41.897,36.193,32.780,28.259
20.563,19.314,18.261,18.234,20.480,25.295,31.724,40.749,43.400,42.823,41.147,42.790,45.228,47.544,50.363,50.187,48.936,51.273,49.989,47.356,42.012,36.302,32.868,28.349
20.699,19.450,18.339,18.310,20.569,25.388,31.788,40.830,43.508,42.952,41.224,42.872,45.305,47.623,50.438,50.284,49.013,51.376,50.064,47.446,42.082,36.365,32.981,28.433
20.778,19.541,18.432,18.401,20.660,25.482,31.881,40.905,43.563,42.998,41.290,42.930,45.349,47.636,50.461,50.296,49.024,51.393,50.112,47.494,42.152,36.447,33.072,28.535
20.858,19.624,18.529,18.492,20.748,25.576,31.954,40.959,43.652,43.111,41.366,43.007,45.372,47.642,50.463,50.296,49.035,51.435,50.147,47.540,42.183,36.511,33.153,28.642
20.983,19.746,18.647,18.608,20.861,25.681,32.032,41.022,43.737,43.216,41.440,43.084,45.427,47.687,50.488,50.352,49.093,51.504,50.195,47.601,42.234,36.579,33.242,28.739
21.098,19.861,18.770,18.737,20.986,25.795,32.169,41.161,43.832,43.281,41.560,43.198,45.590,47.871,50.679,50.521,49.261,51.632,50.343,47.736,42.397,36.721,33.354,28.843
21.196,19.970,18.880,18.845,21.095,25.910,32.282,41.261,43.919,43.361,41.654,43.284,45.658,47.914,50.705,50.558,49.299,51.680,50.418,47.812,42.490,36.826,33.469,28.968
21.327,20.104,19.016,18.974,21.223,26.040,32.380,41.339,44.035,43.507,41.752,43.384,45.703,47.931,50.706,50.583,49.330,51.747,50.471,47.880,42.541,36.911,33.585,29.105
21.457,20.238,19.134,19.100,21.349,26.155,32.516,41.480,44.115,43.548,41.858,43.481,45.862,48.111,50.898,50.748,49.483,51.855,50.610,48.008,42.709,37.049,33.707,29.205
21.574,20.357,19.215,19.177,21.434,26.245,32.571,41.535,44.210,43.673,41.922,43.550,45.898,48.133,50.925,50.788,49.512,51.922,50.650,48.066,42.744,37.097,33.803,29.294
21.672,20.445,19.302,19.262,21.518,26.325,32.637,41.607,44.317,43.804,42.011,43.649,45.987,48.236,51.039,50.901,49.628,52.047,50.736,48.161,42.809,37.166,33.878,29.368
21.785,20.552,19.419,19.384,21.635,26.432,32.756,41.729,44.423,43.899,42.129,43.767,46.135,48.407,51.218,51.065,49.795,52.187,50.873,48.291,42.946,37.291,33.979,29.465
21.849,20.623,19.503,19.469,21.719,26.519,32.861,41.829,44.492,43.945,42.217,43.847,46.226,48.488,51.289,51.136,49.867,52.246,50.967,48.375,43.054,37.395,34.068,29.558
21.913,20.692,19.552,19.521,21.782,26.595,32.968,41.965,44.595,44.021,42.329,43.955,46.369,48.637,51.448,51.284,50.001,52.371,51.119,48.513,43.206,37.514,34.178,29.642
21.992,20.771,19.626,19.593,21.855,26.672,33.035,42.031,44.676,44.113,42.401,44.029,46.427,48.687,51.495,51.339,50.056,52.440,51.180,48.579,43.263,37.579,34.255,29.721
22.110,20.891,19.721,19.692,21.962,26.782,33.160,42.175,44.792,44.209,42.522,44.147,46.582,48.855,51.677,51.506,50.208,52.578,51.333,48.724,43.422,37.710,34.385,29.826
22.188,20.968,19.806,19.776,22.044,26.865,33.241,42.254,44.882,44.306,42.609,44.236,46.658,48.927,51.745,51.579,50.286,52.663,51.412,48.805,43.495,37.791,34.465,29.913
22.297,21.091,19.875,19.842,22.127,26.963,33.329,42.354,44.974,44.395,42.688,44.310,46.727,48.974,51.794,51.636,50.319,52.722,51.490,48.889,43.587,37.875,34.593,30.018
22.429,21.216,19.995,19.961,22.242,27.069,33.408,42.424,45.077,44.524,42.774,44.402,46.802,49.056,51.883,51.726,50.412,52.824,51.557,48.970,43.646,37.948,34.684,30.113
22.502,21.286,20.081,20.046,22.325,27.156,33.501,42.520,45.184,44.635,42.880,44.511,46.902,49.155,51.979,51.827,50.520,52.936,51.664,49.074,43.741,38.045,34.770,30.206
22.664,21.445,20.212,20.184,22.467,27.287,33.643,42.680,45.311,44.741,43.015,44.645,47.094,49.379,52.227,52.047,50.725,53.108,51.837,49.241,43.923,38.195,34.913,30.318
22.801,21.581,20.329,20.302,22.584,27.392,33.725,42.752,45.390,44.830,43.086,44.717,47.167,49.459,52.314,52.128,50.802,53.184,51.895,49.310,43.992,38.269,35.008,30.408
22.898,21.682,20.439,20.413,22.693,27.502,33.845,42.868,45.486,44.913,43.195,44.821,47.277,49.564,52.412,52.226,50.901,53.275,52.007,49.416,44.113,38.389,35.117,30.522
23.039,21.819,20.595,20.573,22.846,27.643,34.003,43.024,45.617,45.026,43.344,44.969,47.458,49.765,52.618,52.416,51.096,53.436,52.174,49.574,44.286,38.550,35.249,30.654
23.122,21.896,20.700,20.677,22.947,27.751,34.127,43.154,45.757,45.167,43.487,45.115,47.599,49.909,52.758,52.560,51.250,53.591,52.325,49.718,44.418,38.682,35.356,30.770
23.245,22.020,20.799,20.779,23.060,27.874,34.271,43.329,45.915,45.309,43.644,45.272,47.787,50.109,52.973,52.764,51.440,53.776,52.520,49.903,44.605,38.839,35.510,30.896
23.365,22.146,20.908,20.894,23.183,28.006,34.440,43.521,46.052,45.406,43.803,45.422,47.989,50.320,53.192,52.966,51.627,53.938,52.724,50.088,44.821,39.018,35.671,31.030
23.532,22.320,21.078,21.069,23.354,28.160,34.603,43.671,46.145,45.466,43.924,45.532,48.143,50.483,53.356,53.111,51.766,54.037,52.856,50.214,44.990,39.175,35.817,31.170
23.665,22.448,21.203,21.190,23.474,28.282,34.695,43.756,46.283,45.642,44.036,45.653,48.219,50.551,53.422,53.193,51.854,54.157,52.937,50.311,45.054,39.262,35.929,31.293
23.813,22.598,21.309,21.293,23.588,28.403,34.791,43.864,46.422,45.803,44.145,45.767,48.314,50.638,53.520,53.298,51.944,54.280,53.037,50.426,45.146,39.356,36.067,31.414
23.954,22.732,21.453,21.430,23.718,28.527,34.869,43.918,46.542,45.972,44.236,45.868,48.354,50.666,53.540,53.339,51.998,54.368,53.077,50.488,45.172,39.422,36.162,31.535
24.049,22.834,21.526,21.501,23.801,28.629,34.976,44.045,46.672,46.101,44.354,45.986,48.464,50.762,53.638,53.445,52.091,54.484,53.204,50.614,45.292,39.533,36.293,31.650
24.179,22.962,21.641,21.618,23.924,28.758,35.120,44.212,46.830,46.250,44.512,46.145,48.648,50.959,53.848,53.645,52.282,54.670,53.390,50.794,45.469,39.687,36.441,31.778
24.353,23.141,21.748,21.722,24.044,28.884,35.204,44.305,46.954,46.401,44.598,46.235,48.717,51.015,53.919,53.724,52.336,54.763,53.459,50.886,45.542,39.763,36.587,31.898
24.543,23.335,21.873,21.843,24.180,29.031,35.310,44.427,47.118,46.599,44.720,46.363,48.818,51.105,54.025,53.840,52.428,54.902,53.565,51.014,45.641,39.864,36.758,32.042
24.729,23.525,22.051,22.019,24.353,29.190,35.436,44.526,47.223,46.716,44.820,46.460,48.899,51.176,54.091,53.909,52.497,54.975,53.631,51.095,45.730,39.974,36.896,32.189
24.883,23.671,22.205,22.176,24.501,29.319,35.552,44.631,47.339,46.843,44.935,46.579,49.026,51.325,54.248,54.055,52.650,55.112,53.740,51.211,45.838,40.087,37.003,32.301
25.015,23.796,22.320,22.287,24.616,29.444,35.659,44.749,47.508,47.044,45.075,46.729,49.143,51.437,54.366,54.186,52.781,55.277,53.869,51.350,45.938,40.198,37.135,32.432
25.193,23.977,22.496,22.461,24.792,29.621,35.828,44.914,47.680,47.222,45.242,46.896,49.296,51.581,54.506,54.333,52.926,55.433,54.025,51.510,46.096,40.363,37.312,32.612
25.313,24.088,22.587,22.554,24.895,29.739,35.964,45.093,47.878,47.425,45.422,47.087,49.505,51.812,54.761,54.580,53.164,55.678,54.246,51.726,46.281,40.519,37.462,32.733
25.397,24.167,22.688,22.654,24.993,29.842,36.081,45.216,48.007,47.552,45.554,47.221,49.639,51.950,54.897,54.717,53.308,55.821,54.388,51.860,46.408,40.643,37.565,32.842
25.507,24.275,22.800,22.770,25.111,29.965,36.235,45.392,48.159,47.682,45.718,47.385,49.839,52.169,55.124,54.931,53.519,56.011,54.590,52.048,46.602,40.811,37.705,32.966
25.725,24.491,22.928,22.899,25.265,30.134,36.392,45.601,48.390,47.927,45.910,47.586,50.064,52.413,55.408,55.204,53.755,56.272,54.820,52.286,46.810,40.982,37.925,33.127
25.897,24.653,23.065,23.040,25.418,30.304,36.595,45.860,48.652,48.181,46.159,47.845,50.366,52.748,55.775,55.553,54.089,56.603,55.133,52.587,47.085,41.211,38.139,33.299
26.014,24.785,23.220,23.197,25.585,30.500,36.867,46.158,48.871,48.334,46.421,48.091,50.653,53.016,56.025,55.802,54.334,56.825,55.448,52.863,47.410,41.499,38.376,33.527
26.115,24.874,23.368,23.357,25.738,30.655,37.113,46.441,49.086,48.487,46.686,48.355,51.006,53.419,56.440,56.182,54.725,57.144,55.803,53.173,47.745,41.778,38.547,33.686
26.292,25.075,23.468,23.452,25.864,30.811,37.251,46.604,49.235,48.633,46.810,48.469,51.111,53.482,56.509,56.264,54.764,57.233,55.926,53.308,47.892,41.908,38.762,33.855
26.489,25.263,23.633,23.620,26.044,31.008,37.473,46.875,49.520,48.916,47.079,48.748,51.418,53.815,56.868,56.613,55.100,57.573,56.247,53.619,48.174,42.154,38.998,34.056
26.709,25.479,23.817,23.800,26.239,31.229,37.694,47.137,49.826,49.245,47.351,49.032,51.685,54.083,57.153,56.907,55.381,57.893,56.539,53.914,48.425,42.390,39.255,34.289
26.814,25.592,23.980,23.957,26.402,31.431,37.954,47.417,50.093,49.488,47.635,49.312,51.941,54.303,57.343,57.123,55.610,58.142,56.842,54.190,48.704,42.666,39.487,34.539
27.011,25.770,24.154,24.141,26.608,31.677,38.314,47.894,50.534,49.876,48.086,49.775,52.515,54.944,58.034,57.774,56.243,58.738,57.449,54.745,49.235,43.090,39.824,34.803
27.284,26.014,24.408,24.414,26.890,31.971,38.727,48.416,50.995,50.270,48.576,50.278,53.179,55.719,58.874,58.545,57.000,59.408,58.115,55.355,49.834,43.569,40.184,35.087
27.442,26.176,24.646,24.651,27.114,32.197,38.996,48.664,51.201,50.442,48.825,50.517,53.419,55.943,59.066,58.743,57.224,59.604,58.365,55.581,50.095,43.839,40.392,35.332
27.745,26.477,24.834,24.836,27.333,32.450,39.224,48.962,51.565,50.846,49.119,50.828,53.721,56.250,59.417,59.100,57.537,59.985,58.690,55.925,50.374,44.084,40.718,35.589
27.985,26.734,25.153,25.166,27.692,32.897,39.904,49.767,52.192,51.308,49.843,51.529,54.563,57.094,60.251,59.911,58.335,60.718,59.617,56.739,51.264,44.839,41.301,36.119
28.229,26.938,25.629,25.636,28.137,33.406,40.603,50.531,52.991,52.073,50.698,52.408,55.419,57.972,61.082,60.772,59.292,61.651,60.574,57.605,52.061,45.618,41.820,36.722
28.626,27.317,26.078,26.113,28.623,33.920,41.356,51.421,53.681,52.587,51.501,53.202,56.475,59.148,62.309,61.902,60.412,62.604,61.647,58.559,53.089,46.463,42.435,37.251
29.105,27.789,26.509,26.537,29.070,34.408,41.846,51.970,54.303,53.246,52.070,53.789,57.027,59.694,62.875,62.488,60.982,63.239,62.240,59.157,53.617,46.975,42.979,37.764
29.774,28.445,27.050,27.104,29.669,35.009,42.536,52.787,55.007,53.862,52.792,54.513,57.977,60.766,64.048,63.562,61.989,64.148,63.160,60.036,54.524,47.721,43.683,38.322
30.387,28.983,27.782,27.833,30.422,35.908,43.719,54.232,56.572,55.408,54.336,56.124,59.632,62.521,65.849,65.371,63.850,66.037,64.991,61.742,56.025,49.077,44.751,39.350
31.619,30.251,28.706,28.758,31.487,37.147,45.076,55.889,58.189,56.959,55.850,57.646,61.281,64.162,67.606,67.114,65.421,67.738,66.768,63.478,57.706,50.529,46.339,40.663
34.057,32.793,30.674,30.714,33.708,39.746,47.944,59.287,61.472,60.085,58.980,60.765,64.548,67.296,70.874,70.422,68.428,71.040,70.340,66.952,61.124,53.560,49.610,43.478
