-18.431,-25.574,-30.179,-31.186,-31.752,-30.123,-32.436,-32.362,-35.697,-43.516,-49.822,-47.425,-48.527,-50.336,-51.222,-46.856,-40.892,-32.347,-20.476,-9.750,-3.876,-6.477,-6.978,-14.325
-9.963,-15.569,-20.108,-21.020,-21.904,-20.564,-21.709,-21.852,-24.954,-31.069,-36.756,-34.975,-38.219,-41.691,-43.606,-38.359,-31.586,-22.896,-11.218,-1.824,3.604,1.019,0.370,-6.631
-6.650,-11.867,-16.174,-16.923,-17.837,-16.651,-17.109,-17.516,-20.158,-25.946,-31.151,-29.408,-32.910,-36.294,-38.419,-33.535,-27.169,-18.521,-7.358,1.560,6.486,4.072,3.449,-3.242
-4.615,-9.709,-13.755,-14.487,-15.403,-14.298,-14.622,-15.087,-17.477,-22.994,-27.976,-26.446,-29.691,-33.196,-35.492,-30.910,-24.797,-16.075,-5.196,3.297,7.921,5.782,5.189,-1.173
-2.745,-7.703,-11.521,-12.257,-13.187,-12.154,-12.388,-12.882,-15.079,-20.296,-25.100,-23.805,-26.860,-30.580,-33.067,-28.688,-22.727,-13.911,-3.243,4.838,9.216,7.328,6.753,0.687
-1.669,-6.500,-10.253,-10.968,-11.914,-10.921,-11.024,-11.558,-13.666,-18.730,-23.429,-22.199,-25.334,-29.139,-31.716,-27.374,-21.451,-12.631,-2.066,5.842,10.108,8.278,7.703,1.734
-0.609,-5.448,-8.969,-9.754,-10.729,-9.784,-9.967,-10.476,-12.449,-17.236,-21.887,-21.002,-23.779,-28.019,-30.883,-26.694,-20.791,-11.636,-1.055,6.488,10.589,9.083,8.522,2.826
0.411,-4.268,-7.790,-8.544,-9.505,-8.573,-8.709,-9.210,-11.194,-15.888,-20.451,-19.519,-22.434,-26.557,-29.324,-25.113,-19.262,-10.379,-0.002,7.444,11.511,9.938,9.375,3.722
1.004,-3.576,-7.139,-7.858,-8.813,-7.885,-7.942,-8.459,-10.456,-15.140,-19.652,-18.635,-21.722,-25.724,-28.412,-24.161,-18.330,-9.625,0.646,8.098,12.163,10.499,9.932,4.252
1.530,-3.098,-6.490,-7.241,-8.207,-7.314,-7.391,-7.919,-9.780,-14.338,-18.801,-17.987,-20.767,-24.979,-27.848,-23.780,-18.039,-9.087,1.173,8.410,12.332,10.905,10.356,4.864
1.991,-2.652,-5.930,-6.715,-7.686,-6.812,-6.951,-7.459,-9.261,-13.704,-18.145,-17.484,-20.059,-24.438,-27.414,-23.435,-17.726,-8.650,1.595,8.665,12.511,11.235,10.695,5.338
2.534,-2.085,-5.391,-6.180,-7.118,-6.219,-6.492,-6.934,-8.829,-13.298,-17.758,-17.032,-19.574,-23.787,-26.589,-22.580,-16.899,-8.093,2.033,9.124,13.033,11.676,11.140,5.776
2.877,-1.716,-5.022,-5.814,-6.738,-5.834,-6.161,-6.573,-8.501,-12.955,-17.411,-16.675,-19.199,-23.361,-26.101,-22.085,-16.419,-7.727,2.334,9.404,13.326,11.948,11.413,6.066
3.372,-1.125,-4.452,-5.198,-6.116,-5.224,-5.428,-5.880,-7.779,-12.230,-16.608,-15.784,-18.458,-22.472,-25.144,-21.139,-15.541,-7.008,2.922,9.987,13.869,12.422,11.888,6.531
3.671,-0.821,-4.080,-4.836,-5.762,-4.888,-5.083,-5.542,-7.384,-11.760,-16.109,-15.371,-17.956,-22.073,-24.830,-20.885,-15.312,-6.685,3.233,10.192,14.012,12.657,12.128,6.851
3.907,-0.597,-3.788,-4.573,-5.507,-4.644,-4.890,-5.330,-7.146,-11.438,-15.787,-15.162,-17.626,-21.891,-24.734,-20.822,-15.239,-6.506,3.434,10.286,14.070,12.814,12.287,7.091
4.319,-0.176,-3.298,-4.104,-5.042,-4.193,-4.472,-4.898,-6.681,-10.887,-15.217,-14.689,-17.046,-21.420,-24.329,-20.461,-14.892,-6.098,3.823,10.561,14.297,13.129,12.607,7.497
4.626,0.128,-2.947,-3.766,-4.702,-3.859,-4.173,-4.587,-6.350,-10.511,-14.831,-14.359,-16.624,-21.046,-23.982,-20.156,-14.610,-5.790,4.108,10.776,14.482,13.372,12.855,7.803
4.936,0.462,-2.562,-3.395,-4.341,-3.512,-3.834,-4.241,-5.976,-10.048,-14.349,-13.962,-16.178,-20.716,-23.725,-19.916,-14.362,-5.479,4.413,10.979,14.644,13.603,13.087,8.102
5.155,0.679,-2.296,-3.130,-4.077,-3.261,-3.565,-3.984,-5.671,-9.710,-13.981,-13.636,-15.782,-20.351,-23.400,-19.654,-14.144,-5.214,4.650,11.154,14.768,13.786,13.276,8.345
5.380,0.915,-2.041,-2.876,-3.821,-3.010,-3.318,-3.734,-5.411,-9.426,-13.684,-13.355,-15.478,-20.052,-23.105,-19.376,-13.883,-4.964,4.873,11.342,14.939,13.975,13.467,8.563
5.554,1.107,-1.843,-2.675,-3.618,-2.810,-3.113,-3.529,-5.201,-9.203,-13.447,-13.118,-15.245,-19.808,-22.852,-19.130,-13.649,-4.758,5.052,11.502,15.089,14.124,13.617,8.725
5.656,1.181,-1.751,-2.588,-3.534,-2.728,-3.033,-3.454,-5.107,-9.112,-13.361,-13.056,-15.134,-19.728,-22.810,-19.114,-13.635,-4.679,5.156,11.600,15.174,14.243,13.738,8.858
5.789,1.291,-1.622,-2.478,-3.427,-2.619,-2.973,-3.376,-5.036,-9.021,-13.291,-13.031,-15.046,-19.705,-22.805,-19.109,-13.619,-4.615,5.251,11.671,15.251,14.354,13.850,8.990
6.087,1.615,-1.265,-2.141,-3.094,-2.291,-2.693,-3.070,-4.737,-8.643,-12.912,-12.722,-14.696,-19.452,-22.593,-18.885,-13.366,-4.348,5.511,11.848,15.417,14.563,14.058,9.249
6.204,1.696,-1.114,-1.997,-2.956,-2.170,-2.553,-2.950,-4.543,-8.419,-12.664,-12.548,-14.395,-19.226,-22.452,-18.836,-13.365,-4.216,5.651,11.918,15.420,14.667,14.170,9.430
6.428,1.909,-0.891,-1.785,-2.732,-1.937,-2.393,-2.760,-4.380,-8.258,-12.515,-12.404,-14.180,-18.979,-22.159,-18.554,-13.099,-4.013,5.820,12.076,15.594,14.842,14.349,9.628
6.574,2.080,-0.731,-1.617,-2.564,-1.772,-2.199,-2.574,-4.193,-8.065,-12.310,-12.181,-14.009,-18.792,-21.965,-18.347,-12.891,-3.831,5.986,12.244,15.759,14.988,14.493,9.763
6.704,2.212,-0.587,-1.479,-2.428,-1.638,-2.078,-2.446,-4.064,-7.915,-12.161,-12.055,-13.864,-18.680,-21.869,-18.252,-12.790,-3.714,6.107,12.341,15.851,15.097,14.602,9.888
6.844,2.376,-0.432,-1.316,-2.264,-1.475,-1.896,-2.268,-3.888,-7.736,-11.969,-11.844,-13.694,-18.482,-21.654,-18.027,-12.570,-3.535,6.261,12.495,16.003,15.229,14.733,10.013
6.950,2.475,-0.334,-1.207,-2.157,-1.372,-1.747,-2.142,-3.737,-7.606,-11.826,-11.684,-13.549,-18.315,-21.496,-17.891,-12.455,-3.395,6.404,12.656,16.148,15.374,14.879,10.150
7.067,2.581,-0.215,-1.084,-2.034,-1.253,-1.614,-2.019,-3.593,-7.467,-11.678,-11.540,-13.379,-18.139,-21.330,-17.754,-12.341,-3.259,6.533,12.779,16.253,15.496,15.005,10.287
7.247,2.777,-0.022,-0.897,-1.844,-1.059,-1.451,-1.838,-3.435,-7.293,-11.508,-11.374,-13.216,-17.975,-21.147,-17.551,-12.125,-3.089,6.688,12.921,16.408,15.641,15.148,10.435
7.537,3.124,0.296,-0.584,-1.531,-0.740,-1.162,-1.522,-3.172,-6.988,-11.213,-11.072,-13.000,-17.774,-20.913,-17.237,-11.757,-2.811,6.948,13.168,16.693,15.877,15.376,10.648
7.697,3.313,0.460,-0.410,-1.355,-0.560,-0.972,-1.329,-3.001,-6.824,-11.043,-10.864,-12.857,-17.581,-20.679,-16.975,-11.489,-2.618,7.114,13.352,16.893,16.033,15.529,10.779
7.879,3.498,0.679,-0.188,-1.129,-0.344,-0.740,-1.107,-2.743,-6.548,-10.739,-10.584,-12.523,-17.290,-20.465,-16.837,-11.370,-2.383,7.311,13.507,17.006,16.183,15.685,10.975
7.936,3.535,0.742,-0.141,-1.091,-0.310,-0.724,-1.087,-2.708,-6.482,-10.684,-10.579,-12.474,-17.242,-20.453,-16.821,-11.359,-2.382,7.356,13.516,17.008,16.233,15.735,11.051
8.063,3.642,0.893,-0.007,-0.965,-0.192,-0.625,-0.985,-2.580,-6.311,-10.515,-10.485,-12.296,-17.211,-20.353,-16.708,-11.260,-2.298,7.470,13.574,17.036,16.333,15.837,11.198
8.195,3.777,1.028,0.125,-0.832,-0.058,-0.503,-0.856,-2.458,-6.183,-10.391,-10.365,-12.172,-17.091,-20.329,-16.700,-11.236,-2.173,7.593,13.691,17.158,16.454,15.957,11.321
8.360,3.972,1.226,0.342,-0.621,0.142,-0.227,-0.611,-2.176,-5.889,-10.061,-10.022,-11.884,-16.790,-20.047,-16.443,-10.995,-1.925,7.817,13.901,17.334,16.628,16.132,11.501
8.543,4.198,1.455,0.580,-0.390,0.362,0.048,-0.353,-1.899,-5.576,-9.720,-9.686,-11.614,-16.542,-19.824,-16.210,-10.756,-1.686,8.039,14.092,17.503,16.795,16.296,11.673
8.685,4.356,1.620,0.749,-0.222,0.525,0.230,-0.177,-1.710,-5.372,-9.501,-9.471,-11.409,-16.341,-19.634,-16.025,-10.581,-1.512,8.198,14.232,17.627,16.926,16.427,11.815
8.820,4.487,1.766,0.890,-0.079,0.667,0.352,-0.047,-1.578,-5.229,-9.357,-9.344,-11.243,-16.263,-19.631,-16.024,-10.542,-1.381,8.319,14.333,17.721,17.037,16.541,11.948
8.907,4.564,1.857,0.967,-0.018,0.723,0.413,0.010,-1.509,-5.122,-9.263,-9.307,-11.203,-16.185,-19.582,-15.981,-10.492,-1.360,8.407,14.393,17.776,17.132,16.632,12.049
8.999,4.673,1.979,1.095,0.097,0.825,0.581,0.151,-1.330,-4.913,-9.033,-9.099,-11.032,-16.149,-19.478,-15.886,-10.451,-1.237,8.550,14.509,17.859,17.239,16.738,12.165
9.103,4.783,2.099,1.219,0.218,0.939,0.720,0.279,-1.182,-4.754,-8.861,-8.936,-10.871,-16.002,-19.456,-15.869,-10.390,-1.110,8.674,14.617,17.949,17.344,16.842,12.281
9.186,4.851,2.185,1.298,0.295,1.014,0.787,0.346,-1.102,-4.665,-8.773,-8.875,-10.769,-15.933,-19.413,-15.844,-10.368,-1.045,8.752,14.677,17.998,17.422,16.923,12.379
9.311,4.982,2.334,1.450,0.444,1.156,0.951,0.500,-0.924,-4.471,-8.563,-8.679,-10.562,-15.741,-19.243,-15.696,-10.236,-0.890,8.896,14.796,18.093,17.538,17.040,12.516
9.417,5.096,2.469,1.592,0.572,1.268,1.140,0.654,-0.716,-4.237,-8.302,-8.448,-10.354,-15.597,-19.175,-15.652,-10.196,-0.749,9.063,14.932,18.185,17.668,17.170,12.662
9.580,5.260,2.644,1.761,0.743,1.439,1.288,0.812,-0.562,-4.068,-8.134,-8.296,-10.174,-15.430,-19.007,-15.490,-10.035,-0.594,9.209,15.058,18.309,17.805,17.308,12.816
9.707,5.383,2.758,1.881,0.875,1.578,1.403,0.937,-0.453,-3.990,-8.056,-8.182,-10.043,-15.216,-18.733,-15.227,-9.802,-0.442,9.318,15.190,18.452,17.922,17.428,12.930
9.874,5.561,2.934,2.060,1.063,1.769,1.576,1.120,-0.282,-3.823,-7.883,-7.991,-9.846,-14.971,-18.447,-14.945,-9.540,-0.246,9.472,15.343,18.609,18.063,17.571,13.076
9.992,5.669,3.057,2.174,1.177,1.883,1.665,1.218,-0.184,-3.712,-7.778,-7.910,-9.722,-14.873,-18.361,-14.869,-9.464,-0.152,9.572,15.423,18.686,18.162,17.671,13.194
10.122,5.802,3.189,2.299,1.306,2.016,1.764,1.333,-0.088,-3.609,-7.684,-7.820,-9.621,-14.772,-18.242,-14.737,-9.323,-0.041,9.674,15.520,18.797,18.267,17.776,13.302
10.297,5.989,3.380,2.481,1.487,2.198,1.917,1.502,0.066,-3.426,-7.507,-7.666,-9.462,-14.649,-18.125,-14.600,-9.165,0.109,9.826,15.646,18.931,18.407,17.914,13.451
10.411,6.106,3.510,2.619,1.624,2.329,2.077,1.648,0.237,-3.253,-7.315,-7.473,-9.261,-14.435,-17.920,-14.424,-9.017,0.266,9.964,15.772,19.032,18.521,18.031,13.582
10.621,6.341,3.729,2.835,1.852,2.567,2.259,1.862,0.404,-3.082,-7.152,-7.287,-9.083,-14.202,-17.617,-14.091,-8.680,0.481,10.128,15.937,19.227,18.677,18.185,13.733
10.752,6.451,3.862,2.967,1.989,2.702,2.387,1.986,0.549,-2.946,-7.008,-7.152,-8.885,-13.988,-17.403,-13.922,-8.548,0.627,10.258,16.056,19.327,18.803,18.317,13.886
10.909,6.620,4.041,3.141,2.162,2.873,2.543,2.152,0.711,-2.757,-6.817,-6.981,-8.706,-13.835,-17.259,-13.772,-8.391,0.780,10.404,16.173,19.441,18.928,18.441,14.027
10.990,6.698,4.127,3.222,2.241,2.951,2.615,2.226,0.789,-2.669,-6.731,-6.911,-8.619,-13.773,-17.211,-13.729,-8.344,0.849,10.481,16.238,19.501,19.003,18.517,14.112
11.069,6.773,4.200,3.299,2.314,3.022,2.711,2.309,0.884,-2.581,-6.640,-6.817,-8.541,-13.701,-17.155,-13.674,-8.287,0.932,10.578,16.344,19.602,19.104,18.617,14.205
11.221,6.939,4.345,3.439,2.462,3.180,2.819,2.444,0.974,-2.493,-6.568,-6.727,-8.467,-13.595,-16.997,-13.479,-8.074,1.062,10.690,16.468,19.762,19.228,18.739,14.312
11.354,7.072,4.498,3.584,2.603,3.317,2.947,2.576,1.115,-2.323,-6.396,-6.589,-8.301,-13.479,-16.910,-13.399,-7.989,1.181,10.815,16.560,19.841,19.336,18.847,14.445
11.498,7.213,4.639,3.721,2.746,3.465,3.061,2.705,1.228,-2.212,-6.293,-6.484,-8.171,-13.331,-16.738,-13.226,-7.820,1.315,10.935,16.679,19.970,19.460,18.973,14.574
11.553,7.254,4.671,3.757,2.781,3.500,3.116,2.748,1.278,-2.187,-6.270,-6.447,-8.143,-13.290,-16.701,-13.194,-7.790,1.367,11.004,16.775,20.067,19.553,19.065,14.650
11.754,7.469,4.859,3.948,2.986,3.717,3.292,2.947,1.433,-2.058,-6.150,-6.278,-7.997,-13.055,-16.383,-12.850,-7.453,1.581,11.173,16.976,20.302,19.734,19.246,14.808
11.956,7.708,5.075,4.177,3.215,3.947,3.550,3.200,1.674,-1.814,-5.893,-5.988,-7.785,-12.805,-16.146,-12.582,-7.162,1.829,11.393,17.206,20.540,19.930,19.439,14.983
12.022,7.767,5.127,4.235,3.261,3.986,3.648,3.270,1.770,-1.726,-5.803,-5.899,-7.739,-12.797,-16.104,-12.543,-7.140,1.891,11.504,17.334,20.658,20.055,19.561,15.087
12.245,8.020,5.379,4.484,3.507,4.231,3.885,3.518,2.003,-1.457,-5.531,-5.640,-7.509,-12.593,-15.942,-12.351,-6.910,2.116,11.717,17.521,20.849,20.240,19.743,15.276
12.341,8.099,5.477,4.574,3.596,4.318,3.958,3.593,2.091,-1.360,-5.437,-5.575,-7.394,-12.514,-15.891,-12.320,-6.883,2.190,11.806,17.590,20.907,20.331,19.836,15.389
12.533,8.298,5.678,4.772,3.799,4.523,4.138,3.786,2.270,-1.174,-5.252,-5.390,-7.199,-12.307,-15.662,-12.091,-6.651,2.383,11.978,17.753,21.076,20.494,20.000,15.559
12.650,8.404,5.805,4.893,3.910,4.626,4.262,3.897,2.410,-1.011,-5.086,-5.264,-7.055,-12.236,-15.653,-12.086,-6.645,2.480,12.112,17.862,21.163,20.622,20.127,15.704
12.796,8.555,5.931,5.025,4.045,4.768,4.401,4.040,2.531,-0.915,-4.997,-5.140,-6.966,-12.099,-15.479,-11.896,-6.445,2.629,12.254,18.038,21.361,20.782,20.286,15.836
12.940,8.717,6.098,5.202,4.213,4.924,4.625,4.236,2.761,-0.667,-4.726,-4.875,-6.750,-11.914,-15.338,-11.762,-6.311,2.815,12.450,18.220,21.514,20.948,20.450,16.002
13.087,8.835,6.230,5.329,4.348,5.064,4.724,4.347,2.871,-0.578,-4.645,-4.796,-6.593,-11.727,-15.129,-11.586,-6.165,2.949,12.569,18.341,21.635,21.084,20.591,16.158
13.239,9.000,6.399,5.502,4.522,5.234,4.910,4.527,3.060,-0.379,-4.433,-4.583,-6.391,-11.519,-14.921,-11.384,-5.973,3.131,12.733,18.493,21.777,21.226,20.734,16.307
13.418,9.190,6.584,5.678,4.696,5.412,5.054,4.690,3.198,-0.219,-4.287,-4.453,-6.267,-11.427,-14.828,-11.259,-5.817,3.273,12.884,18.632,21.934,21.378,20.883,16.458
13.534,9.280,6.702,5.784,4.799,5.512,5.139,4.776,3.302,-0.102,-4.175,-4.381,-6.129,-11.340,-14.781,-11.239,-5.802,3.357,12.991,18.714,22.000,21.490,20.997,16.598
13.761,9.517,6.949,6.028,5.046,5.758,5.369,5.014,3.538,0.149,-3.918,-4.134,-5.864,-11.075,-14.508,-10.971,-5.541,3.594,13.206,18.906,22.188,21.684,21.193,16.810
13.974,9.724,7.149,6.223,5.250,5.971,5.529,5.198,3.691,0.290,-3.792,-3.994,-5.699,-10.873,-14.258,-10.712,-5.284,3.786,13.378,19.089,22.395,21.872,21.382,16.996
14.180,9.948,7.366,6.461,5.496,6.215,5.818,5.468,3.978,0.552,-3.500,-3.655,-5.388,-10.468,-13.813,-10.296,-4.918,4.087,13.621,19.347,22.635,22.087,21.600,17.208
14.411,10.164,7.585,6.666,5.713,6.443,5.960,5.647,4.119,0.687,-3.387,-3.546,-5.213,-10.267,-13.563,-10.042,-4.667,4.275,13.787,19.512,22.827,22.274,21.789,17.407
14.594,10.341,7.758,6.834,5.888,6.624,6.101,5.805,4.255,0.815,-3.271,-3.424,-5.067,-10.098,-13.363,-9.836,-4.462,4.438,13.938,19.670,23.001,22.439,21.955,17.572
14.784,10.526,7.991,7.051,6.100,6.827,6.281,5.993,4.468,1.084,-2.995,-3.219,-4.783,-9.904,-13.227,-9.731,-4.360,4.609,14.113,19.771,23.071,22.575,22.094,17.768
15.027,10.747,8.236,7.291,6.342,7.066,6.508,6.219,4.713,1.329,-2.748,-2.995,-4.493,-9.626,-12.965,-9.506,-4.158,4.846,14.351,19.991,23.274,22.813,22.336,18.034
15.267,10.979,8.484,7.519,6.564,7.288,6.691,6.419,4.904,1.558,-2.537,-2.836,-4.299,-9.522,-12.902,-9.427,-4.041,5.017,14.559,20.166,23.454,23.026,22.547,18.264
15.533,11.274,8.753,7.802,6.854,7.582,6.997,6.726,5.192,1.829,-2.256,-2.505,-4.029,-9.173,-12.495,-9.000,-3.626,5.335,14.833,20.464,23.766,23.286,22.806,18.500
15.878,11.652,9.115,8.187,7.246,7.974,7.430,7.146,5.616,2.234,-1.821,-2.015,-3.594,-8.637,-11.906,-8.421,-3.087,5.780,15.210,20.857,24.150,23.629,23.150,18.833
16.198,11.990,9.477,8.566,7.618,8.327,7.877,7.551,6.085,2.720,-1.291,-1.491,-3.092,-8.146,-11.464,-8.026,-2.732,6.192,15.605,21.220,24.456,23.965,23.489,19.194
16.451,12.214,9.764,8.852,7.900,8.592,8.174,7.823,6.431,3.085,-0.896,-1.151,-2.644,-7.744,-11.132,-7.788,-2.551,6.482,15.891,21.447,24.616,24.212,23.745,19.511
16.731,12.483,10.005,9.081,8.142,8.854,8.344,8.035,6.576,3.203,-0.815,-1.043,-2.519,-7.566,-10.876,-7.490,-2.232,6.699,16.096,21.690,24.916,24.467,23.999,19.741
17.039,12.785,10.263,9.340,8.410,9.137,8.591,8.300,6.790,3.372,-0.674,-0.851,-2.365,-7.346,-10.589,-7.185,-1.930,6.973,16.374,22.033,25.310,24.801,24.329,20.023
17.175,12.884,10.379,9.480,8.524,9.228,8.855,8.475,7.077,3.630,-0.383,-0.570,-2.124,-7.171,-10.549,-7.159,-1.880,7.159,16.648,22.330,25.534,25.082,24.612,20.293
17.699,13.427,10.979,10.083,9.115,9.794,9.489,9.079,7.755,4.373,0.406,0.154,-1.369,-6.504,-9.976,-6.670,-1.444,7.748,17.227,22.820,25.950,25.575,25.108,20.853
18.122,13.862,11.386,10.503,9.535,10.216,9.946,9.523,8.193,4.785,0.822,0.612,-0.979,-6.068,-9.517,-6.192,-0.963,8.199,17.676,23.307,26.448,26.034,25.565,21.276
18.539,14.259,11.741,10.875,9.897,10.581,10.382,9.925,8.604,5.135,1.163,1.002,-0.675,-5.741,-9.203,-5.856,-0.608,8.608,18.145,23.860,27.015,26.564,26.091,21.738
18.948,14.621,12.085,11.234,10.224,10.892,10.849,10.313,9.067,5.556,1.580,1.415,-0.352,-5.522,-9.125,-5.783,-0.493,8.982,18.672,24.453,27.580,27.158,26.679,22.271
19.747,15.491,12.984,12.159,11.118,11.749,11.898,11.286,10.144,6.714,2.815,2.609,0.710,-4.574,-8.318,-4.996,0.295,9.914,19.619,25.322,28.357,27.981,27.498,23.118
21.387,17.252,14.674,13.882,12.775,13.374,13.803,13.094,12.003,8.667,4.803,4.588,2.272,-3.245,-7.193,-3.713,1.749,11.590,21.456,27.164,30.178,29.758,29.246,24.779
