14.591,13.664,12.266,9.490,10.335,10.006,10.739,17.313,27.903,28.646,28.933,29.396,30.176,28.883,26.966,25.257,21.684,20.780,28.211,33.191,23.378,16.830,14.283,8.061
27.542,24.505,23.430,22.560,23.133,22.196,24.166,30.044,40.527,42.256,40.062,40.267,34.817,31.553,29.096,31.257,31.985,33.413,38.310,40.475,35.856,28.032,24.498,19.006
30.255,27.832,26.893,25.918,26.239,25.530,27.457,32.671,41.685,43.447,41.658,41.695,37.680,34.705,32.428,33.846,34.661,35.892,40.287,43.025,38.104,30.859,27.503,22.078
31.309,29.175,28.489,27.514,27.629,27.267,29.496,34.289,42.524,43.837,42.772,42.464,38.680,36.107,34.198,35.737,35.954,36.886,41.547,43.554,39.399,32.913,29.581,24.425
31.908,30.238,29.543,28.387,28.404,28.118,30.140,34.633,42.651,44.241,43.005,42.674,39.863,37.463,35.582,36.317,36.584,37.353,41.684,44.536,39.595,33.330,30.173,24.925
32.630,31.014,30.262,29.079,29.095,28.741,30.658,35.132,43.069,44.337,43.103,42.878,40.649,38.156,36.174,36.666,37.218,38.062,42.150,45.455,40.133,33.706,30.566,25.206
33.070,31.429,30.670,29.508,29.567,29.193,31.049,35.520,43.236,44.603,43.464,43.276,40.970,38.522,36.569,37.110,37.578,38.400,42.492,45.665,40.453,34.118,31.046,25.804
33.460,31.797,31.062,29.922,30.017,29.666,31.502,35.959,43.663,45.009,43.927,43.732,41.248,38.906,37.038,37.699,37.939,38.689,42.889,45.750,40.796,34.652,31.650,26.578
33.866,32.160,31.431,30.330,30.428,30.067,31.920,36.366,44.096,45.433,44.311,44.114,41.487,39.124,37.258,38.008,38.291,39.073,43.245,46.007,41.184,35.044,32.035,27.003
34.078,32.448,31.736,30.604,30.665,30.342,32.215,36.612,44.235,45.567,44.506,44.275,41.821,39.488,37.638,38.294,38.561,39.310,43.478,46.328,41.424,35.320,32.305,27.234
34.299,32.677,31.982,30.851,30.910,30.608,32.495,36.874,44.535,45.798,44.772,44.520,42.032,39.738,37.920,38.605,38.795,39.515,43.725,46.483,41.658,35.621,32.618,27.586
34.408,32.808,32.131,31.002,31.055,30.777,32.670,37.015,44.674,45.870,44.884,44.613,42.122,39.875,38.095,38.792,38.908,39.595,43.829,46.504,41.756,35.806,32.823,27.840
34.552,33.042,32.387,31.217,31.241,31.015,32.918,37.214,44.804,45.937,45.050,44.740,42.357,40.185,38.490,39.123,39.129,39.744,44.024,46.671,41.926,36.072,33.106,28.119
34.682,33.139,32.533,31.414,31.400,31.215,33.224,37.466,45.139,46.173,45.287,44.903,42.432,40.258,38.521,39.255,39.258,39.891,44.195,46.730,42.148,36.354,33.343,28.400
34.809,33.304,32.688,31.545,31.528,31.342,33.323,37.559,45.149,46.221,45.352,44.981,42.577,40.411,38.706,39.384,39.397,40.017,44.298,46.886,42.245,36.443,33.445,28.475
34.911,33.428,32.828,31.678,31.633,31.470,33.493,37.707,45.273,46.343,45.491,45.087,42.713,40.543,38.842,39.507,39.538,40.158,44.441,47.052,42.406,36.598,33.571,28.563
35.067,33.543,32.940,31.817,31.785,31.605,33.625,37.848,45.453,46.521,45.633,45.241,42.753,40.566,38.861,39.593,39.648,40.292,44.560,47.101,42.537,36.723,33.698,28.724
35.179,33.684,33.079,31.942,31.925,31.752,33.731,37.942,45.529,46.554,45.708,45.328,42.910,40.777,39.099,39.793,39.756,40.355,44.646,47.164,42.591,36.855,33.877,28.953
35.308,33.780,33.184,32.072,32.063,31.888,33.880,38.088,45.734,46.720,45.860,45.474,42.931,40.801,39.138,39.910,39.857,40.463,44.766,47.170,42.718,37.009,34.033,29.154
35.418,33.909,33.317,32.195,32.184,32.018,34.004,38.204,45.837,46.805,45.969,45.580,43.079,40.970,39.318,40.067,39.979,40.566,44.881,47.288,42.823,37.141,34.177,29.305
35.525,34.052,33.470,32.334,32.310,32.166,34.159,38.334,45.937,46.879,46.081,45.674,43.239,41.160,39.526,40.242,40.114,40.674,45.004,47.417,42.940,37.299,34.341,29.470
35.611,34.152,33.578,32.441,32.400,32.267,34.278,38.435,46.003,46.953,46.160,45.738,43.329,41.244,39.609,40.314,40.211,40.775,45.090,47.526,43.043,37.399,34.427,29.538
35.750,34.266,33.701,32.588,32.549,32.416,34.442,38.589,46.190,47.111,46.306,45.876,43.366,41.281,39.658,40.427,40.323,40.898,45.212,47.557,43.179,37.557,34.584,29.730
35.879,34.418,33.849,32.733,32.698,32.560,34.554,38.674,46.191,47.126,46.330,45.914,43.482,41.413,39.795,40.520,40.420,40.986,45.260,47.639,43.235,37.645,34.702,29.873
35.989,34.517,33.942,32.830,32.799,32.651,34.637,38.765,46.274,47.233,46.418,46.013,43.572,41.488,39.857,40.585,40.515,41.095,45.350,47.749,43.332,37.719,34.775,29.941
36.043,34.604,34.032,32.901,32.858,32.725,34.716,38.835,46.315,47.269,46.485,46.068,43.711,41.641,40.017,40.696,40.605,41.165,45.433,47.878,43.406,37.804,34.857,30.000
36.154,34.724,34.150,33.020,32.975,32.839,34.820,38.927,46.360,47.333,46.545,46.133,43.809,41.737,40.108,40.769,40.701,41.267,45.506,47.979,43.491,37.889,34.948,30.091
36.269,34.848,34.266,33.128,33.083,32.939,34.909,39.018,46.414,47.421,46.627,46.225,43.956,41.872,40.230,40.855,40.816,41.387,45.606,48.143,43.594,37.966,35.026,30.148
36.359,34.925,34.339,33.207,33.171,33.018,34.977,39.094,46.500,47.509,46.705,46.313,44.019,41.933,40.289,40.926,40.889,41.465,45.679,48.203,43.666,38.037,35.103,30.238
36.442,35.003,34.426,33.298,33.266,33.123,35.087,39.199,46.646,47.610,46.820,46.420,44.078,42.014,40.389,41.059,40.972,41.533,45.776,48.225,43.753,38.164,35.239,30.406
36.544,35.106,34.522,33.393,33.371,33.221,35.165,39.282,46.725,47.688,46.900,46.512,44.184,42.128,40.506,41.165,41.063,41.617,45.860,48.307,43.827,38.249,35.340,30.521
36.679,35.201,34.628,33.523,33.515,33.368,35.326,39.451,47.006,47.899,47.104,46.710,44.219,42.180,40.581,41.341,41.180,41.730,46.018,48.310,43.974,38.440,35.537,30.779
36.795,35.330,34.750,33.633,33.639,33.489,35.416,39.547,47.099,47.979,47.203,46.825,44.384,42.369,40.779,41.508,41.296,41.822,46.126,48.424,44.057,38.551,35.675,30.936
36.858,35.416,34.834,33.702,33.712,33.567,35.475,39.601,47.131,48.000,47.248,46.875,44.499,42.510,40.929,41.619,41.368,41.870,46.184,48.501,44.099,38.622,35.765,31.035
36.949,35.505,34.929,33.806,33.812,33.671,35.586,39.698,47.220,48.079,47.327,46.947,44.547,42.561,40.986,41.695,41.447,41.952,46.258,48.545,44.183,38.722,35.866,31.151
36.984,35.605,35.056,33.911,33.878,33.785,35.741,39.802,47.268,48.082,47.398,46.968,44.675,42.728,41.184,41.843,41.548,42.015,46.344,48.646,44.274,38.872,36.003,31.267
37.070,35.715,35.162,34.004,33.968,33.874,35.813,39.864,47.268,48.107,47.432,47.009,44.805,42.861,41.312,41.917,41.635,42.096,46.403,48.773,44.335,38.931,36.072,31.322
37.142,35.804,35.252,34.090,34.048,33.957,35.892,39.927,47.286,48.133,47.468,47.043,44.887,42.948,41.400,41.979,41.705,42.163,46.452,48.850,44.391,38.996,36.142,31.390
37.207,35.883,35.335,34.172,34.115,34.031,35.979,39.997,47.308,48.176,47.510,47.075,44.922,42.959,41.412,42.010,41.775,42.242,46.506,48.929,44.464,39.057,36.191,31.417
37.296,35.942,35.405,34.271,34.209,34.125,36.100,40.106,47.447,48.296,47.608,47.160,44.952,43.003,41.450,42.047,41.836,42.324,46.578,48.942,44.562,39.162,36.282,31.534
37.402,36.060,35.511,34.367,34.318,34.222,36.157,40.165,47.462,48.331,47.647,47.223,45.055,43.102,41.551,42.139,41.923,42.403,46.637,49.037,44.611,39.218,36.365,31.627
37.438,36.129,35.588,34.432,34.371,34.293,36.233,40.218,47.477,48.332,47.677,47.240,45.138,43.207,41.669,42.224,41.982,42.441,46.680,49.096,44.653,39.291,36.443,31.702
37.518,36.199,35.664,34.517,34.453,34.377,36.329,40.310,47.583,48.427,47.768,47.322,45.180,43.245,41.711,42.293,42.056,42.521,46.760,49.143,44.741,39.383,36.529,31.796
37.612,36.281,35.753,34.616,34.556,34.486,36.445,40.423,47.740,48.544,47.890,47.439,45.232,43.313,41.795,42.418,42.143,42.600,46.863,49.167,44.837,39.513,36.665,31.965
37.729,36.378,35.852,34.726,34.668,34.594,36.564,40.548,47.894,48.694,48.026,47.572,45.304,43.374,41.854,42.514,42.251,42.720,46.984,49.253,44.965,39.631,36.775,32.080
37.809,36.466,35.950,34.822,34.758,34.700,36.685,40.662,48.038,48.799,48.153,47.683,45.402,43.492,41.990,42.662,42.354,42.804,47.101,49.326,45.072,39.769,36.912,32.227
37.907,36.571,36.054,34.925,34.857,34.798,36.782,40.751,48.095,48.872,48.224,47.754,45.499,43.583,42.076,42.732,42.447,42.903,47.181,49.435,45.162,39.851,36.992,32.298
37.996,36.649,36.133,35.012,34.953,34.892,36.869,40.839,48.165,48.965,48.315,47.850,45.551,43.646,42.148,42.832,42.521,42.972,47.260,49.460,45.235,39.948,37.102,32.439
38.088,36.759,36.238,35.108,35.042,34.977,36.947,40.909,48.175,49.006,48.357,47.897,45.673,43.757,42.245,42.882,42.613,43.072,47.326,49.607,45.313,40.003,37.153,32.462
38.176,36.894,36.365,35.206,35.131,35.068,37.014,40.964,48.211,49.009,48.376,47.924,45.873,43.960,42.437,42.969,42.720,43.166,47.391,49.809,45.376,40.053,37.212,32.481
38.257,36.985,36.454,35.294,35.209,35.144,37.092,41.031,48.215,49.054,48.414,47.961,45.954,44.024,42.487,42.993,42.797,43.258,47.446,49.925,45.452,40.103,37.252,32.496
38.368,37.076,36.543,35.394,35.318,35.245,37.189,41.136,48.309,49.181,48.527,48.081,46.019,44.084,42.548,43.085,42.889,43.357,47.546,49.986,45.552,40.204,37.357,32.619
38.466,37.209,36.667,35.491,35.419,35.349,37.263,41.213,48.347,49.228,48.603,48.169,46.228,44.316,42.781,43.243,43.010,43.451,47.649,50.163,45.630,40.293,37.466,32.716
38.592,37.304,36.751,35.586,35.538,35.446,37.336,41.309,48.482,49.366,48.715,48.306,46.302,44.383,42.841,43.335,43.101,43.552,47.749,50.228,45.721,40.377,37.565,32.842
38.713,37.399,36.848,35.699,35.651,35.554,37.459,41.437,48.641,49.526,48.853,48.440,46.361,44.423,42.877,43.416,43.208,43.679,47.870,50.313,45.856,40.493,37.667,32.948
38.799,37.502,36.948,35.787,35.734,35.640,37.543,41.521,48.703,49.601,48.938,48.524,46.501,44.565,43.015,43.519,43.311,43.776,47.968,50.457,45.949,40.578,37.750,33.010
38.878,37.577,37.034,35.879,35.817,35.733,37.658,41.628,48.828,49.706,49.047,48.618,46.558,44.623,43.081,43.611,43.398,43.863,48.066,50.517,46.053,40.692,37.854,33.117
38.985,37.684,37.136,35.983,35.926,35.836,37.750,41.718,48.903,49.789,49.126,48.705,46.653,44.718,43.174,43.698,43.492,43.959,48.149,50.608,46.138,40.778,37.948,33.218
39.070,37.809,37.259,36.076,36.017,35.939,37.835,41.804,48.961,49.840,49.217,48.796,46.863,44.957,43.420,43.873,43.615,44.049,48.263,50.783,46.224,40.885,38.069,33.322
39.188,37.926,37.377,36.195,36.128,36.052,37.963,41.932,49.088,49.979,49.349,48.922,46.985,45.066,43.522,43.977,43.743,44.185,48.396,50.931,46.365,41.005,38.174,33.408
39.260,38.040,37.487,36.276,36.209,36.141,38.027,41.991,49.099,49.992,49.399,48.978,47.169,45.278,43.740,44.117,43.842,44.253,48.473,51.078,46.420,41.082,38.271,33.494
39.343,38.136,37.580,36.363,36.295,36.227,38.104,42.063,49.140,50.043,49.456,49.038,47.273,45.385,43.846,44.197,43.925,44.332,48.542,51.178,46.489,41.154,38.348,33.567
39.489,38.269,37.719,36.515,36.438,36.372,38.270,42.223,49.307,50.213,49.611,49.183,47.370,45.466,43.923,44.305,44.065,44.490,48.688,51.303,46.654,41.305,38.482,33.695
39.651,38.435,37.876,36.664,36.587,36.512,38.401,42.362,49.418,50.363,49.751,49.332,47.566,45.645,44.085,44.434,44.229,44.663,48.843,51.526,46.811,41.427,38.599,33.784
39.793,38.590,38.021,36.798,36.727,36.644,38.510,42.476,49.496,50.464,49.855,49.451,47.750,45.830,44.262,44.569,44.368,44.799,48.966,51.705,46.927,41.534,38.718,33.894
39.904,38.725,38.148,36.905,36.841,36.758,38.598,42.570,49.572,50.542,49.954,49.562,47.945,46.044,44.478,44.732,44.496,44.904,49.083,51.871,47.022,41.639,38.841,34.012
39.986,38.816,38.245,36.998,36.927,36.854,38.706,42.671,49.675,50.633,50.057,49.654,48.043,46.150,44.590,44.843,44.593,44.994,49.185,51.965,47.122,41.750,38.947,34.114
40.118,38.957,38.388,37.135,37.072,37.005,38.843,42.808,49.827,50.752,50.200,49.799,48.199,46.335,44.770,45.041,44.731,45.106,49.324,52.070,47.240,41.911,39.128,34.323
40.244,39.083,38.503,37.254,37.193,37.108,38.923,42.881,49.830,50.806,50.228,49.847,48.278,46.347,44.793,45.059,44.819,45.218,49.375,52.192,47.314,41.954,39.176,34.361
40.391,39.180,38.602,37.391,37.331,37.229,39.066,43.022,49.987,50.988,50.354,49.973,48.291,46.404,44.841,45.072,44.915,45.362,49.476,52.234,47.456,42.061,39.263,34.461
40.534,39.329,38.761,37.544,37.483,37.398,39.247,43.204,50.223,51.171,50.565,50.169,48.452,46.549,44.994,45.312,45.086,45.508,49.672,52.371,47.631,42.273,39.478,34.692
40.660,39.467,38.895,37.668,37.605,37.519,39.361,43.321,50.317,51.281,50.681,50.288,48.622,46.720,45.158,45.444,45.222,45.640,49.801,52.545,47.755,42.388,39.593,34.790
40.795,39.605,39.039,37.811,37.739,37.661,39.522,43.478,50.480,51.440,50.843,50.438,48.765,46.857,45.297,45.589,45.373,45.793,49.960,52.702,47.919,42.546,39.738,34.921
40.944,39.760,39.183,37.945,37.873,37.786,39.635,43.603,50.577,51.577,50.972,50.578,48.960,47.037,45.458,45.712,45.527,45.955,50.106,52.923,48.064,42.653,39.841,34.993
41.074,39.880,39.305,38.080,38.001,37.909,39.771,43.728,50.675,51.699,51.072,50.675,49.031,47.085,45.497,45.767,45.638,46.090,50.206,53.030,48.192,42.759,39.934,35.078
41.247,40.026,39.444,38.239,38.172,38.059,39.902,43.858,50.786,51.836,51.174,50.796,49.106,47.141,45.542,45.838,45.756,46.233,50.305,53.116,48.310,42.866,40.051,35.220
41.396,40.159,39.592,38.402,38.326,38.227,40.106,44.057,51.045,52.052,51.391,50.990,49.203,47.241,45.656,46.016,45.915,46.393,50.494,53.215,48.505,43.079,40.247,35.430
41.515,40.282,39.724,38.542,38.456,38.364,40.256,44.185,51.148,52.150,51.491,51.078,49.282,47.320,45.742,46.111,46.025,46.508,50.593,53.297,48.621,43.209,40.374,35.564
41.717,40.452,39.892,38.724,38.645,38.543,40.444,44.391,51.406,52.408,51.724,51.314,49.434,47.455,45.869,46.286,46.215,46.715,50.806,53.471,48.837,43.402,40.556,35.750
41.870,40.582,40.018,38.860,38.791,38.678,40.577,44.536,51.583,52.586,51.883,51.481,49.544,47.553,45.963,46.412,46.351,46.863,50.952,53.588,48.985,43.538,40.692,35.897
42.009,40.765,40.216,39.035,38.935,38.856,40.790,44.732,51.759,52.744,52.086,51.649,49.798,47.824,46.245,46.648,46.559,47.047,51.169,53.846,49.195,43.759,40.890,36.050
42.255,41.045,40.497,39.285,39.170,39.108,41.059,45.012,52.039,53.029,52.402,51.948,50.191,48.222,46.639,46.985,46.874,47.343,51.500,54.254,49.506,44.048,41.160,36.262
42.466,41.299,40.741,39.493,39.368,39.311,41.249,45.208,52.169,53.205,52.601,52.151,50.557,48.587,46.987,47.229,47.131,47.586,51.739,54.639,49.732,44.239,41.345,36.384
42.677,41.482,40.930,39.692,39.574,39.520,41.476,45.454,52.511,53.504,52.897,52.439,50.739,48.773,47.183,47.490,47.351,47.803,52.002,54.811,49.980,44.496,41.595,36.653
42.820,41.695,41.151,39.869,39.730,39.711,41.676,45.640,52.664,53.629,53.094,52.611,51.077,49.156,47.586,47.797,47.579,47.978,52.227,55.110,50.173,44.725,41.825,36.844
42.997,41.861,41.328,40.055,39.912,39.905,41.894,45.857,52.937,53.861,53.333,52.832,51.225,49.313,47.757,48.016,47.767,48.162,52.443,55.249,50.385,44.958,42.048,37.082
43.293,42.149,41.606,40.323,40.196,40.180,42.150,46.142,53.264,54.187,53.658,53.174,51.568,49.659,48.099,48.351,48.072,48.458,52.765,55.578,50.681,45.244,42.343,37.376
43.577,42.423,41.905,40.623,40.479,40.498,42.535,46.538,53.798,54.633,54.135,53.603,51.884,49.995,48.463,48.790,48.427,48.790,53.197,55.885,51.090,45.679,42.744,37.772
44.001,42.902,42.354,41.009,40.869,40.882,42.878,46.927,54.143,55.045,54.578,54.071,52.592,50.704,49.140,49.308,48.929,49.264,53.696,56.609,51.537,46.059,43.125,38.058
44.283,43.261,42.702,41.296,41.142,41.171,43.145,47.200,54.330,55.273,54.862,54.356,53.135,51.266,49.691,49.700,49.293,49.589,54.037,57.147,51.844,46.343,43.411,38.263
44.627,43.617,43.053,41.636,41.477,41.504,43.476,47.535,54.636,55.609,55.197,54.694,53.528,51.648,50.061,50.033,49.651,49.951,54.388,57.564,52.196,46.667,43.727,38.548
45.101,44.229,43.718,42.222,41.996,42.138,44.199,48.211,55.351,56.162,55.936,55.325,54.373,52.613,51.106,50.973,50.349,50.517,55.137,58.302,52.874,47.479,44.514,39.276
45.594,44.791,44.289,42.727,42.482,42.673,44.762,48.802,56.017,56.764,56.635,55.986,55.186,53.483,52.000,51.775,50.998,51.089,55.846,59.070,53.505,48.133,45.151,39.842
46.326,45.607,45.077,43.424,43.197,43.399,45.423,49.520,56.743,57.488,57.448,56.827,56.323,54.682,53.199,52.782,51.851,51.854,56.714,60.127,54.263,48.894,45.946,40.572
46.983,46.225,45.713,44.080,43.819,44.035,46.153,50.262,57.562,58.320,58.244,57.575,56.931,55.228,53.725,53.394,52.550,52.601,57.475,60.857,55.061,49.607,46.576,41.131
47.680,46.936,46.421,44.760,44.472,44.698,46.863,51.007,58.334,59.140,59.064,58.372,57.789,56.045,54.509,54.134,53.337,53.402,58.306,61.813,55.885,50.329,47.237,41.675
48.954,48.402,47.897,46.078,45.686,46.007,48.272,52.440,59.673,60.552,60.630,59.844,59.812,58.074,56.505,55.794,54.961,54.945,59.978,63.958,57.489,51.797,48.588,42.694
50.568,49.709,49.071,47.347,47.197,47.293,49.292,53.723,61.356,62.304,62.123,61.603,61.016,59.198,57.546,57.103,56.254,56.334,61.365,65.089,58.765,52.949,49.884,44.228
53.808,53.376,52.548,50.407,50.327,50.386,51.981,56.623,63.792,65.095,65.195,64.894,66.040,64.360,62.579,61.015,59.890,59.697,64.844,69.952,61.881,55.869,52.968,46.886
