-9.284,-16.133,-20.747,-23.785,-23.591,-16.604,-8.437,-0.621,-2.638,-6.647,-10.579,-11.533,-9.612,-10.359,-7.164,-6.266,0.633,10.964,19.832,23.087,16.415,9.062,4.639,-3.390
-6.630,-12.518,-16.921,-18.942,-18.917,-12.936,-4.926,2.934,1.130,-2.826,-7.243,-8.492,-7.926,-8.692,-5.559,-3.037,3.946,13.846,22.150,25.411,18.060,11.383,7.587,-0.691
-4.130,-9.272,-13.641,-14.919,-14.975,-9.715,-2.251,5.619,4.084,0.324,-4.448,-5.726,-6.232,-7.119,-4.223,-0.372,6.342,15.893,23.672,27.654,19.657,13.228,10.090,1.672
-2.564,-7.349,-11.671,-12.571,-12.661,-7.779,-0.587,7.173,5.759,2.113,-2.752,-4.052,-4.943,-5.877,-3.079,1.246,7.811,17.154,24.656,28.796,20.677,14.447,11.596,3.150
-1.082,-5.788,-9.960,-11.029,-11.122,-6.246,0.841,8.551,7.148,3.545,-1.232,-2.488,-3.471,-4.341,-1.630,2.653,9.088,18.165,25.501,29.649,21.557,15.421,12.608,4.484
-0.164,-4.817,-8.857,-9.868,-9.978,-5.218,1.963,9.486,8.045,4.436,-0.222,-1.559,-2.400,-3.202,-0.423,3.624,10.114,19.054,26.322,29.928,22.161,16.292,13.411,5.392
0.706,-3.982,-7.926,-9.082,-9.185,-4.378,2.815,10.243,8.771,5.170,0.639,-0.684,-1.385,-2.132,0.644,4.433,10.886,19.702,26.927,30.325,22.756,16.967,14.015,6.194
1.555,-3.011,-6.930,-8.028,-8.135,-3.424,3.607,11.011,9.593,6.053,1.504,0.214,-0.648,-1.411,1.286,5.245,11.580,20.279,27.377,30.961,23.308,17.544,14.715,6.962
2.297,-2.251,-6.098,-7.264,-7.367,-2.663,4.318,11.636,10.217,6.706,2.242,0.972,0.164,-0.567,2.102,5.930,12.198,20.774,27.799,31.288,23.760,18.066,15.229,7.631
2.884,-1.647,-5.463,-6.666,-6.762,-2.064,4.840,12.102,10.694,7.218,2.806,1.566,0.782,0.058,2.691,6.457,12.649,21.148,28.116,31.621,24.155,18.479,15.660,8.156
3.506,-1.035,-4.783,-6.056,-6.152,-1.443,5.480,12.673,11.244,7.771,3.438,2.194,1.494,0.808,3.447,7.056,13.236,21.652,28.588,31.920,24.591,18.990,16.127,8.741
3.986,-0.584,-4.306,-5.588,-5.676,-0.970,5.958,13.045,11.600,8.140,3.892,2.645,2.104,1.433,4.092,7.499,13.667,22.056,28.987,32.128,24.995,19.455,16.544,9.203
4.272,-0.295,-4.039,-5.307,-5.391,-0.685,6.210,13.301,11.867,8.418,4.160,2.927,2.376,1.690,4.338,7.771,13.917,22.321,29.251,32.462,25.306,19.738,16.845,9.485
4.552,0.036,-3.686,-4.949,-5.042,-0.366,6.507,13.633,12.213,8.767,4.477,3.243,2.576,1.895,4.519,8.069,14.203,22.560,29.449,32.733,25.487,19.930,17.080,9.749
5.169,0.637,-3.040,-4.440,-4.518,0.214,6.994,14.079,12.663,9.255,5.044,3.870,3.247,2.585,5.150,8.583,14.609,22.861,29.691,33.046,25.855,20.280,17.431,10.272
5.709,1.306,-2.346,-3.602,-3.693,0.894,7.585,14.611,13.235,9.867,5.635,4.445,3.706,3.032,5.570,9.144,15.123,23.295,30.024,33.383,26.184,20.702,17.948,10.781
6.039,1.637,-2.023,-3.272,-3.355,1.226,7.853,14.835,13.471,10.133,5.929,4.763,4.066,3.379,5.898,9.427,15.353,23.510,30.217,33.610,26.460,20.969,18.230,11.081
6.276,1.890,-1.763,-2.976,-3.060,1.489,8.112,15.056,13.694,10.362,6.172,4.997,4.323,3.636,6.162,9.668,15.593,23.739,30.434,33.765,26.666,21.210,18.473,11.318
6.615,2.217,-1.426,-2.673,-2.750,1.814,8.401,15.309,13.948,10.634,6.483,5.329,4.703,4.020,6.530,9.963,15.847,23.964,30.642,33.971,26.927,21.470,18.728,11.624
6.990,2.677,-0.977,-2.157,-2.236,2.260,8.725,15.639,14.323,11.052,6.861,5.734,4.972,4.262,6.716,10.317,16.124,24.194,30.798,34.321,27.175,21.704,19.062,11.957
7.159,2.878,-0.778,-1.924,-2.006,2.459,8.897,15.813,14.510,11.248,7.040,5.913,5.104,4.386,6.828,10.492,16.284,24.344,30.926,34.492,27.313,21.847,19.236,12.121
7.357,3.097,-0.542,-1.703,-1.788,2.671,9.095,16.023,14.725,11.466,7.253,6.129,5.274,4.563,6.990,10.691,16.471,24.497,31.056,34.650,27.439,21.981,19.385,12.303
7.593,3.339,-0.289,-1.417,-1.501,2.928,9.351,16.219,14.919,11.669,7.487,6.354,5.559,4.851,7.291,10.922,16.699,24.712,31.260,34.751,27.634,22.221,19.616,12.535
7.987,3.746,0.122,-1.037,-1.112,3.322,9.650,16.491,15.210,11.998,7.844,6.752,5.954,5.238,7.632,11.250,16.944,24.908,31.410,35.009,27.898,22.460,19.889,12.873
8.396,4.175,0.590,-0.642,-0.717,3.733,10.013,16.860,15.587,12.390,8.255,7.190,6.343,5.643,7.997,11.624,17.264,25.147,31.598,35.266,28.125,22.688,20.137,13.228
8.602,4.418,0.840,-0.327,-0.405,3.988,10.249,17.054,15.790,12.607,8.475,7.398,6.549,5.844,8.202,11.840,17.473,25.339,31.764,35.380,28.280,22.884,20.353,13.432
8.785,4.574,1.025,-0.311,-0.383,4.105,10.336,17.217,15.951,12.766,8.641,7.611,6.695,6.012,8.318,11.973,17.557,25.362,31.768,35.557,28.348,22.889,20.358,13.561
9.028,4.890,1.310,0.176,0.099,4.454,10.634,17.423,16.184,13.032,8.894,7.837,6.934,6.216,8.538,12.240,17.816,25.645,32.020,35.731,28.603,23.211,20.734,13.824
9.233,5.122,1.559,0.482,0.402,4.704,10.880,17.608,16.371,13.229,9.114,8.039,7.168,6.453,8.788,12.454,18.030,25.836,32.187,35.789,28.743,23.414,20.940,14.026
9.472,5.461,1.913,0.900,0.813,5.035,11.139,17.876,16.673,13.556,9.396,8.320,7.295,6.570,8.867,12.712,18.249,25.993,32.269,35.935,28.832,23.537,21.149,14.239
9.555,5.472,1.947,0.913,0.821,5.070,11.268,17.945,16.701,13.559,9.469,8.369,7.520,6.822,9.174,12.798,18.389,26.152,32.478,35.975,28.969,23.720,21.237,14.347
10.000,5.917,2.421,1.344,1.262,5.518,11.683,18.263,17.041,13.933,9.899,8.813,8.023,7.336,9.676,13.202,18.733,26.436,32.700,36.134,29.280,24.063,21.571,14.753
10.093,6.029,2.511,1.493,1.420,5.638,11.714,18.301,17.055,13.960,9.950,8.887,8.142,7.431,9.750,13.246,18.752,26.462,32.755,36.155,29.326,24.108,21.650,14.817
10.238,6.178,2.686,1.635,1.556,5.782,11.902,18.480,17.247,14.147,10.128,9.050,8.267,7.575,9.901,13.419,18.934,26.618,32.881,36.283,29.443,24.244,21.773,14.968
10.301,6.283,2.800,1.811,1.721,5.896,12.033,18.613,17.384,14.277,10.232,9.128,8.292,7.600,9.938,13.526,19.068,26.744,32.993,36.353,29.492,24.337,21.885,15.049
10.350,6.340,2.844,1.896,1.804,5.959,12.102,18.682,17.456,14.348,10.287,9.173,8.329,7.630,9.976,13.592,19.147,26.845,33.102,36.456,29.588,24.437,21.992,15.115
10.645,6.625,3.127,2.192,2.109,6.255,12.353,18.854,17.632,14.551,10.543,9.445,8.699,7.993,10.336,13.839,19.352,27.037,33.279,36.580,29.831,24.695,22.244,15.384
10.811,6.830,3.349,2.463,2.374,6.469,12.563,19.037,17.820,14.744,10.736,9.622,8.855,8.152,10.498,14.025,19.540,27.198,33.412,36.656,29.929,24.845,22.410,15.549
10.911,6.917,3.436,2.511,2.426,6.547,12.620,19.104,17.889,14.819,10.818,9.722,8.955,8.253,10.584,14.100,19.593,27.242,33.454,36.751,30.010,24.898,22.464,15.632
11.105,7.140,3.667,2.780,2.694,6.777,12.825,19.276,18.069,15.013,11.020,9.920,9.150,8.446,10.772,14.293,19.770,27.396,33.581,36.853,30.141,25.062,22.646,15.815
11.226,7.288,3.828,2.948,2.857,6.921,12.960,19.421,18.220,15.165,11.160,10.058,9.236,8.535,10.852,14.424,19.896,27.497,33.659,36.951,30.206,25.140,22.744,15.928
11.313,7.395,3.945,3.086,2.991,7.031,13.075,19.533,18.334,15.278,11.266,10.153,9.308,8.609,10.929,14.527,20.006,27.595,33.746,37.017,30.266,25.223,22.836,16.018
11.455,7.558,4.113,3.237,3.140,7.181,13.194,19.677,18.489,15.440,11.413,10.313,9.406,8.707,11.002,14.661,20.115,27.678,33.805,37.161,30.350,25.291,22.930,16.140
11.622,7.770,4.334,3.503,3.402,7.395,13.376,19.845,18.672,15.636,11.599,10.495,9.539,8.836,11.120,14.836,20.273,27.807,33.899,37.270,30.444,25.413,23.087,16.297
11.799,7.988,4.565,3.755,3.650,7.609,13.556,20.022,18.862,15.840,11.792,10.691,9.677,8.973,11.238,15.015,20.428,27.926,33.980,37.388,30.533,25.520,23.227,16.456
11.919,8.092,4.652,3.815,3.716,7.703,13.618,20.095,18.941,15.928,11.882,10.805,9.797,9.084,11.332,15.104,20.489,27.995,34.053,37.543,30.668,25.611,23.325,16.562
12.099,8.277,4.843,4.028,3.930,7.897,13.810,20.255,19.100,16.093,12.063,10.979,10.001,9.288,11.543,15.282,20.667,28.166,34.218,37.652,30.826,25.796,23.506,16.740
12.189,8.372,4.946,4.151,4.050,8.001,13.937,20.368,19.207,16.194,12.167,11.068,10.102,9.395,11.664,15.390,20.794,28.293,34.347,37.715,30.917,25.915,23.617,16.841
12.290,8.465,5.044,4.212,4.112,8.086,14.014,20.458,19.297,16.284,12.262,11.174,10.201,9.498,11.757,15.478,20.869,28.357,34.407,37.810,30.995,25.977,23.677,16.930
12.466,8.672,5.273,4.457,4.353,8.295,14.217,20.647,19.490,16.481,12.460,11.364,10.363,9.666,11.921,15.664,21.052,28.504,34.526,37.901,31.091,26.109,23.823,17.096
12.604,8.827,5.415,4.648,4.545,8.457,14.348,20.750,19.603,16.610,12.590,11.496,10.503,9.794,12.046,15.796,21.167,28.624,34.636,38.013,31.226,26.253,23.985,17.232
12.717,8.926,5.508,4.722,4.624,8.552,14.426,20.822,19.677,16.690,12.682,11.601,10.631,9.918,12.163,15.885,21.238,28.697,34.710,38.113,31.337,26.345,24.075,17.334
12.838,9.029,5.609,4.815,4.721,8.660,14.533,20.905,19.755,16.773,12.787,11.709,10.791,10.078,12.328,15.991,21.339,28.803,34.825,38.195,31.468,26.476,24.190,17.453
12.996,9.197,5.781,4.983,4.890,8.824,14.674,21.042,19.898,16.924,12.942,11.872,10.942,10.229,12.466,16.137,21.466,28.913,34.918,38.314,31.582,26.589,24.315,17.596
13.122,9.363,5.959,5.199,5.098,8.992,14.843,21.218,20.081,17.106,13.101,12.017,11.024,10.313,12.549,16.292,21.630,29.058,35.041,38.432,31.666,26.704,24.454,17.726
13.206,9.461,6.066,5.285,5.180,9.080,14.932,21.346,20.212,17.230,13.203,12.120,11.062,10.356,12.581,16.388,21.727,29.138,35.111,38.558,31.724,26.752,24.515,17.806
13.299,9.567,6.166,5.417,5.309,9.189,15.043,21.458,20.328,17.346,13.305,12.215,11.139,10.427,12.656,16.495,21.842,29.263,35.236,38.684,31.837,26.871,24.645,17.909
13.471,9.711,6.315,5.532,5.430,9.335,15.193,21.584,20.445,17.465,13.456,12.374,11.363,10.658,12.891,16.644,21.983,29.402,35.384,38.788,32.001,27.034,24.782,18.072
13.627,9.875,6.471,5.674,5.574,9.487,15.306,21.717,20.590,17.620,13.600,12.537,11.486,10.773,12.982,16.780,22.090,29.499,35.467,38.970,32.132,27.134,24.907,18.210
13.690,9.942,6.545,5.731,5.628,9.549,15.376,21.812,20.684,17.708,13.676,12.611,11.525,10.817,13.022,16.853,22.168,29.570,35.536,39.066,32.187,27.183,24.959,18.274
13.830,10.092,6.706,5.891,5.787,9.699,15.521,21.950,20.823,17.850,13.822,12.757,11.663,10.959,13.160,16.992,22.302,29.686,35.640,39.158,32.286,27.296,25.076,18.406
13.951,10.218,6.821,6.060,5.957,9.839,15.664,22.054,20.928,17.959,13.940,12.863,11.813,11.101,13.319,17.120,22.439,29.842,35.801,39.252,32.438,27.473,25.250,18.541
14.145,10.432,7.030,6.298,6.196,10.054,15.834,22.204,21.091,18.142,14.124,13.057,11.998,11.275,13.478,17.297,22.585,29.976,35.912,39.399,32.590,27.627,25.429,18.718
14.204,10.491,7.086,6.329,6.226,10.101,15.880,22.288,21.177,18.223,14.186,13.126,12.023,11.300,13.492,17.358,22.644,30.035,35.972,39.528,32.657,27.667,25.478,18.776
14.297,10.599,7.211,6.457,6.349,10.211,16.007,22.419,21.305,18.344,14.303,13.231,12.103,11.390,13.586,17.471,22.771,30.145,36.074,39.598,32.719,27.754,25.565,18.872
14.499,10.831,7.456,6.705,6.596,10.438,16.196,22.601,21.499,18.552,14.511,13.448,12.281,11.568,13.744,17.662,22.933,30.268,36.161,39.722,32.827,27.873,25.711,19.050
14.637,10.951,7.599,6.805,6.696,10.559,16.344,22.743,21.628,18.672,14.654,13.587,12.449,11.752,13.936,17.798,23.078,30.395,36.292,39.795,32.933,27.993,25.805,19.183
14.738,11.074,7.730,6.960,6.847,10.685,16.473,22.867,21.755,18.799,14.773,13.696,12.535,11.841,14.027,17.915,23.202,30.507,36.391,39.871,33.006,28.091,25.912,19.287
14.891,11.246,7.903,7.129,7.014,10.848,16.607,23.020,21.918,18.970,14.929,13.863,12.650,11.952,14.119,18.063,23.328,30.617,36.483,40.038,33.122,28.193,26.039,19.426
15.064,11.413,8.067,7.239,7.130,10.996,16.717,23.160,22.066,19.127,15.083,14.045,12.798,12.097,14.233,18.203,23.432,30.704,36.559,40.231,33.258,28.283,26.145,19.573
15.219,11.596,8.237,7.426,7.317,11.168,16.836,23.298,22.223,19.300,15.232,14.210,12.900,12.186,14.294,18.346,23.541,30.803,36.635,40.423,33.384,28.383,26.288,19.711
15.361,11.722,8.367,7.553,7.447,11.302,16.977,23.408,22.327,19.406,15.363,14.340,13.086,12.375,14.493,18.478,23.674,30.939,36.777,40.505,33.528,28.540,26.425,19.853
15.468,11.825,8.488,7.618,7.510,11.393,17.078,23.544,22.459,19.528,15.481,14.463,13.170,12.472,14.579,18.585,23.780,31.021,36.853,40.618,33.593,28.593,26.475,19.949
15.636,11.996,8.672,7.751,7.643,11.549,17.218,23.715,22.632,19.703,15.650,14.648,13.310,12.619,14.704,18.740,23.916,31.128,36.945,40.781,33.703,28.682,26.574,20.096
15.837,12.261,8.953,8.017,7.901,11.787,17.404,23.973,22.915,19.993,15.886,14.899,13.382,12.691,14.729,18.951,24.093,31.248,37.011,41.030,33.784,28.743,26.703,20.268
16.015,12.385,9.070,8.044,7.942,11.898,17.489,24.056,22.993,20.080,16.010,15.060,13.610,12.920,14.939,19.068,24.171,31.327,37.105,41.184,33.964,28.866,26.802,20.418
16.192,12.576,9.267,8.233,8.131,12.084,17.644,24.213,23.157,20.255,16.185,15.247,13.771,13.079,15.081,19.232,24.309,31.442,37.199,41.324,34.084,28.982,26.936,20.576
16.346,12.730,9.433,8.352,8.250,12.225,17.775,24.367,23.312,20.411,16.340,15.413,13.905,13.222,15.207,19.374,24.436,31.544,37.290,41.466,34.188,29.070,27.028,20.712
16.467,12.825,9.537,8.405,8.307,12.316,17.875,24.470,23.406,20.501,16.449,15.531,14.053,13.378,15.361,19.479,24.537,31.639,37.393,41.562,34.300,29.170,27.107,20.825
16.643,13.023,9.773,8.643,8.533,12.520,18.145,24.754,23.676,20.745,16.683,15.730,14.211,13.561,15.567,19.710,24.819,31.895,37.643,41.704,34.435,29.365,27.287,21.020
16.799,13.208,9.941,8.884,8.773,12.713,18.306,24.889,23.826,20.911,16.837,15.881,14.354,13.686,15.691,19.869,24.966,32.052,37.787,41.858,34.599,29.541,27.492,21.179
17.062,13.491,10.187,9.199,9.094,12.999,18.513,25.056,24.017,21.136,17.064,16.127,14.615,13.917,15.902,20.097,25.143,32.245,37.962,42.109,34.869,29.791,27.783,21.427
17.270,13.748,10.440,9.520,9.411,13.260,18.739,25.277,24.257,21.389,17.290,16.348,14.772,14.061,16.036,20.320,25.354,32.445,38.133,42.318,35.042,29.983,28.019,21.633
17.505,13.972,10.701,9.715,9.606,13.480,18.976,25.508,24.476,21.602,17.533,16.593,15.035,14.348,16.320,20.546,25.577,32.624,38.300,42.433,35.188,30.149,28.161,21.849
17.710,14.192,10.928,9.925,9.816,13.690,19.156,25.697,24.674,21.809,17.737,16.811,15.215,14.528,16.479,20.736,25.741,32.760,38.413,42.606,35.328,30.281,28.313,22.033
18.054,14.539,11.323,10.220,10.111,14.019,19.474,26.034,25.006,22.142,18.092,17.183,15.550,14.889,16.813,21.058,26.033,32.977,38.595,42.817,35.514,30.470,28.499,22.334
18.283,14.786,11.583,10.493,10.381,14.270,19.718,26.263,25.237,22.377,18.333,17.419,15.778,15.122,17.044,21.291,26.261,33.184,38.784,42.981,35.692,30.673,28.709,22.557
18.421,14.947,11.732,10.655,10.541,14.420,19.844,26.427,25.415,22.559,18.478,17.571,15.852,15.185,17.089,21.435,26.395,33.320,38.909,43.212,35.835,30.790,28.860,22.692
18.702,15.184,12.013,10.873,10.761,14.672,20.150,26.673,25.630,22.763,18.756,17.838,16.248,15.613,17.546,21.703,26.682,33.577,39.177,43.280,36.055,31.065,29.065,22.967
18.910,15.352,12.167,11.022,10.914,14.849,20.371,26.887,25.828,22.947,18.951,18.023,16.504,15.870,17.830,21.918,26.930,33.867,39.509,43.542,36.365,31.369,29.330,23.201
19.095,15.528,12.369,11.226,11.110,15.039,20.644,27.150,26.069,23.159,19.173,18.209,16.721,16.109,18.108,22.148,27.221,34.160,39.821,43.694,36.568,31.628,29.547,23.415
19.489,15.947,12.824,11.627,11.510,15.443,21.012,27.531,26.457,23.558,19.579,18.632,17.083,16.485,18.451,22.523,27.558,34.427,40.043,43.975,36.809,31.874,29.815,23.768
19.802,16.254,13.118,11.908,11.795,15.743,21.280,27.804,26.737,23.849,19.870,18.941,17.390,16.784,18.734,22.811,27.820,34.693,40.306,44.307,37.123,32.158,30.110,24.068
20.021,16.499,13.334,12.201,12.080,15.991,21.546,28.106,27.048,24.149,20.114,19.164,17.547,16.923,18.886,23.078,28.122,35.040,40.669,44.706,37.448,32.477,30.454,24.325
20.359,16.841,13.720,12.440,12.315,16.293,21.851,28.517,27.457,24.540,20.479,19.553,17.797,17.203,19.122,23.411,28.438,35.286,40.888,45.082,37.660,32.643,30.632,24.626
20.795,17.316,14.164,13.082,12.949,16.813,22.399,28.978,27.922,25.009,20.939,19.959,18.266,17.648,19.623,23.906,28.986,35.896,41.511,45.514,38.210,33.281,31.276,25.120
21.099,17.624,14.456,13.290,13.139,17.074,22.755,29.584,28.524,25.541,21.317,20.324,18.351,17.741,19.706,24.310,29.479,36.440,42.106,46.376,38.696,33.657,31.676,25.482
21.762,18.216,15.090,13.898,13.700,17.774,23.728,30.341,29.194,26.146,22.041,20.903,19.316,18.751,20.910,25.096,30.479,37.527,43.299,46.751,39.557,34.774,32.603,26.277
22.423,18.672,15.638,14.083,13.920,18.061,24.458,31.824,30.562,27.246,22.875,21.737,19.581,19.160,21.301,25.949,31.615,38.698,44.679,48.682,40.559,35.433,33.107,27.036
