-4.334,-4.520,-5.799,-7.222,-6.473,-3.601,7.646,15.242,9.884,0.036,-5.682,-4.657,-2.649,-1.016,-4.536,-4.046,0.104,3.133,8.405,20.149,27.569,19.435,12.763,3.784
5.357,3.863,3.216,2.600,2.962,5.920,15.404,22.737,18.529,10.267,6.232,5.787,6.334,7.182,4.553,4.464,7.041,12.207,18.142,26.011,31.446,24.765,20.001,13.742
7.799,6.367,5.749,5.169,5.518,8.273,17.168,24.074,20.203,12.457,8.664,8.188,8.685,9.456,6.977,6.823,9.154,14.180,19.927,27.411,32.410,26.080,21.576,15.680
10.466,9.037,8.509,8.051,8.350,11.064,19.517,26.218,22.507,15.046,11.579,11.136,11.419,12.073,9.976,9.823,11.922,16.553,22.045,29.076,33.836,27.683,23.368,17.954
11.652,10.142,9.691,9.349,9.604,12.360,20.631,27.347,23.710,16.324,13.082,12.601,12.664,13.212,11.403,11.219,13.122,17.642,23.123,29.872,34.494,28.346,24.117,19.034
12.921,11.355,10.957,10.697,10.925,13.622,21.568,28.161,24.744,17.594,14.571,14.009,13.909,14.346,12.753,12.477,14.111,18.654,24.188,30.685,34.995,28.940,24.841,20.075
13.987,12.292,11.961,11.787,11.976,14.655,22.350,28.867,25.615,18.689,15.866,15.145,14.889,15.234,13.748,13.399,14.836,19.596,25.192,31.258,35.304,29.434,25.557,21.109
14.662,13.038,12.694,12.502,12.701,15.263,22.719,29.023,25.924,19.217,16.447,15.741,15.521,15.855,14.386,14.008,15.363,20.045,25.562,31.585,35.454,29.714,25.906,21.528
15.266,13.729,13.369,13.153,13.361,15.891,23.310,29.532,26.410,19.726,16.938,16.326,16.162,16.525,15.067,14.736,16.150,20.602,25.964,32.042,35.963,30.247,26.415,22.005
15.773,14.234,13.885,13.682,13.886,16.381,23.681,29.831,26.784,20.200,17.470,16.839,16.649,16.988,15.570,15.217,16.563,21.016,26.366,32.360,36.180,30.525,26.746,22.422
16.240,14.736,14.388,14.189,14.392,16.862,24.087,30.175,27.150,20.619,17.919,17.322,17.132,17.467,16.094,15.752,17.085,21.418,26.691,32.659,36.456,30.834,27.068,22.786
16.640,15.144,14.799,14.598,14.799,17.240,24.389,30.407,27.418,20.968,18.290,17.685,17.505,17.840,16.456,16.116,17.441,21.771,26.994,32.878,36.628,31.087,27.378,23.137
16.909,15.482,15.116,14.884,15.098,17.513,24.662,30.626,27.614,21.166,18.447,17.910,17.794,18.160,16.750,16.443,17.829,22.019,27.148,33.114,36.915,31.382,27.640,23.333
17.164,15.733,15.370,15.142,15.355,17.748,24.839,30.767,27.801,21.407,18.712,18.156,18.031,18.385,16.983,16.657,18.004,22.225,27.368,33.301,37.041,31.537,27.822,23.550
17.480,16.085,15.713,15.470,15.688,18.052,25.102,30.971,28.017,21.667,18.965,18.434,18.342,18.709,17.292,16.978,18.342,22.502,27.585,33.520,37.253,31.789,28.085,23.804
17.791,16.389,16.036,15.824,16.032,18.396,25.370,31.222,28.303,21.988,19.355,18.828,18.677,19.011,17.691,17.368,18.666,22.755,27.821,33.696,37.377,31.913,28.225,24.041
18.076,16.746,16.374,16.133,16.353,18.686,25.643,31.432,28.496,22.194,19.529,19.073,18.983,19.346,18.011,17.720,19.072,23.006,27.966,33.916,37.640,32.189,28.472,24.235
18.318,16.986,16.622,16.395,16.610,18.941,25.862,31.639,28.720,22.439,19.805,19.350,19.234,19.584,18.290,17.995,19.318,23.221,28.171,34.088,37.786,32.341,28.635,24.443
18.485,17.151,16.794,16.577,16.788,19.138,26.073,31.871,28.928,22.620,19.997,19.558,19.424,19.770,18.508,18.226,19.555,23.406,28.334,34.242,37.969,32.504,28.790,24.613
18.768,17.468,17.107,16.885,17.100,19.419,26.290,32.029,29.116,22.858,20.251,19.837,19.713,20.058,18.819,18.539,19.852,23.624,28.505,34.420,38.116,32.674,28.963,24.805
18.963,17.656,17.307,17.105,17.314,19.639,26.476,32.221,29.327,23.074,20.507,20.097,19.930,20.252,19.082,18.791,20.058,23.788,28.676,34.577,38.245,32.779,29.064,24.960
19.157,17.882,17.524,17.306,17.520,19.822,26.636,32.332,29.438,23.216,20.634,20.248,20.118,20.457,19.261,18.986,20.283,23.962,28.790,34.693,38.369,32.943,29.237,25.113
19.320,18.070,17.702,17.470,17.690,19.971,26.769,32.430,29.544,23.344,20.747,20.376,20.275,20.625,19.407,19.137,20.449,24.103,28.905,34.830,38.503,33.096,29.390,25.244
19.467,18.201,17.842,17.620,17.834,20.131,26.937,32.616,29.716,23.506,20.921,20.542,20.425,20.771,19.563,19.299,20.613,24.273,29.070,34.954,38.639,33.236,29.542,25.417
19.626,18.390,18.020,17.786,18.008,20.268,27.017,32.639,29.784,23.624,21.042,20.675,20.577,20.922,19.716,19.439,20.729,24.362,29.151,35.072,38.708,33.320,29.623,25.495
19.827,18.626,18.248,18.004,18.231,20.480,27.222,32.821,29.959,23.797,21.203,20.876,20.798,21.152,19.956,19.694,21.000,24.542,29.287,35.259,38.916,33.516,29.793,25.643
19.981,18.798,18.421,18.178,18.404,20.665,27.426,33.031,30.130,23.943,21.346,21.053,20.978,21.342,20.162,19.927,21.266,24.718,29.404,35.379,39.087,33.679,29.944,25.789
20.116,18.932,18.554,18.305,18.532,20.781,27.523,33.103,30.214,24.057,21.458,21.153,21.093,21.461,20.255,20.019,21.365,24.845,29.521,35.463,39.156,33.786,30.077,25.925
20.229,19.045,18.667,18.421,18.647,20.890,27.615,33.188,30.316,24.170,21.579,21.272,21.205,21.567,20.372,20.127,21.454,24.937,29.626,35.574,39.246,33.872,30.162,26.019
20.365,19.184,18.805,18.553,18.781,21.006,27.698,33.239,30.391,24.284,21.696,21.379,21.322,21.685,20.473,20.222,21.542,25.048,29.733,35.657,39.299,33.960,30.272,26.136
20.470,19.242,18.885,18.664,18.877,21.157,27.905,33.529,30.634,24.461,21.899,21.565,21.451,21.798,20.633,20.390,21.706,25.226,29.931,35.797,39.481,34.104,30.417,26.325
20.609,19.386,19.025,18.800,19.016,21.281,28.004,33.605,30.731,24.585,22.025,21.684,21.578,21.925,20.749,20.499,21.807,25.343,30.051,35.912,39.572,34.213,30.537,26.446
20.767,19.552,19.192,18.964,19.179,21.435,28.137,33.698,30.839,24.718,22.162,21.827,21.730,22.081,20.899,20.657,21.975,25.491,30.163,35.991,39.648,34.323,30.667,26.587
20.931,19.784,19.395,19.134,19.368,21.562,28.207,33.711,30.882,24.811,22.226,21.932,21.892,22.255,21.056,20.800,22.104,25.553,30.215,36.182,39.794,34.460,30.760,26.620
21.044,19.884,19.502,19.251,19.481,21.678,28.305,33.796,30.988,24.930,22.364,22.059,22.002,22.356,21.172,20.913,22.201,25.660,30.324,36.251,39.847,34.524,30.842,26.733
21.193,20.035,19.652,19.399,19.631,21.805,28.386,33.842,31.073,25.060,22.506,22.189,22.133,22.482,21.295,21.021,22.283,25.767,30.440,36.351,39.898,34.602,30.939,26.847
21.370,20.211,19.832,19.587,19.816,22.000,28.582,34.049,31.274,25.249,22.707,22.397,22.325,22.667,21.508,21.236,22.490,25.945,30.614,36.524,40.077,34.765,31.095,27.018
21.471,20.344,19.957,19.698,19.933,22.109,28.700,34.152,31.358,25.324,22.761,22.486,22.442,22.798,21.632,21.378,22.662,26.043,30.669,36.627,40.212,34.893,31.199,27.089
21.589,20.463,20.075,19.816,20.051,22.218,28.790,34.226,31.447,25.433,22.875,22.595,22.552,22.907,21.737,21.479,22.755,26.146,30.771,36.716,40.283,34.980,31.297,27.196
21.663,20.532,20.148,19.895,20.128,22.306,28.890,34.344,31.556,25.522,22.969,22.693,22.638,22.988,21.838,21.580,22.852,26.228,30.859,36.813,40.391,35.065,31.371,27.274
21.814,20.667,20.295,20.061,20.288,22.471,29.024,34.483,31.713,25.693,23.177,22.890,22.796,23.127,22.023,21.755,22.987,26.361,31.003,36.915,40.461,35.134,31.453,27.410
21.950,20.812,20.439,20.204,20.431,22.602,29.128,34.563,31.807,25.810,23.301,23.019,22.929,23.259,22.160,21.891,23.117,26.471,31.098,37.004,40.535,35.222,31.548,27.514
22.098,20.959,20.591,20.364,20.589,22.772,29.305,34.758,31.992,25.975,23.476,23.203,23.096,23.420,22.351,22.085,23.304,26.625,31.250,37.162,40.704,35.368,31.681,27.660
22.214,21.071,20.708,20.490,20.712,22.900,29.425,34.887,32.128,26.106,23.623,23.352,23.224,23.537,22.500,22.228,23.425,26.730,31.367,37.284,40.816,35.460,31.764,27.762
22.321,21.188,20.821,20.599,20.824,23.009,29.536,34.995,32.235,26.208,23.720,23.459,23.337,23.652,22.617,22.346,23.546,26.832,31.464,37.406,40.942,35.576,31.868,27.857
22.429,21.308,20.937,20.713,20.941,23.117,29.635,35.086,32.335,26.310,23.822,23.572,23.453,23.766,22.743,22.468,23.658,26.919,31.553,37.529,41.057,35.677,31.953,27.936
22.531,21.375,21.020,20.818,21.037,23.234,29.748,35.230,32.483,26.452,23.996,23.720,23.556,23.851,22.862,22.577,23.735,27.033,31.698,37.618,41.129,35.741,32.034,28.067
22.629,21.456,21.108,20.915,21.129,23.343,29.876,35.383,32.620,26.572,24.122,23.835,23.657,23.948,22.964,22.682,23.844,27.160,31.831,37.721,41.246,35.855,32.156,28.202
22.738,21.557,21.217,21.036,21.245,23.478,30.027,35.562,32.780,26.704,24.267,23.988,23.786,24.071,23.120,22.844,24.003,27.288,31.954,37.836,41.381,35.967,32.258,28.321
22.884,21.691,21.360,21.193,21.397,23.637,30.169,35.711,32.938,26.865,24.453,24.168,23.939,24.211,23.294,23.012,24.146,27.423,32.097,37.955,41.484,36.063,32.359,28.458
22.987,21.800,21.467,21.298,21.503,23.733,30.247,35.770,33.006,26.954,24.544,24.259,24.036,24.309,23.387,23.106,24.239,27.513,32.174,38.018,41.536,36.134,32.442,28.546
23.120,21.941,21.606,21.429,21.635,23.846,30.327,35.810,33.064,27.053,24.643,24.355,24.150,24.428,23.484,23.204,24.342,27.622,32.260,38.076,41.573,36.214,32.548,28.655
23.274,22.127,21.779,21.581,21.794,23.984,30.458,35.901,33.151,27.160,24.723,24.457,24.296,24.594,23.611,23.345,24.519,27.765,32.357,38.196,41.708,36.378,32.712,28.782
23.369,22.231,21.879,21.677,21.892,24.069,30.523,35.944,33.210,27.240,24.803,24.537,24.385,24.684,23.695,23.425,24.592,27.839,32.428,38.273,41.768,36.449,32.787,28.855
23.507,22.399,22.035,21.818,22.042,24.196,30.635,36.026,33.304,27.347,24.894,24.651,24.526,24.833,23.835,23.566,24.739,27.945,32.517,38.417,41.908,36.586,32.905,28.944
23.607,22.490,22.133,21.926,22.146,24.313,30.756,36.162,33.430,27.462,25.023,24.780,24.636,24.937,23.961,23.695,24.863,28.056,32.624,38.502,42.000,36.671,32.993,29.054
23.726,22.621,22.264,22.055,22.274,24.440,30.877,36.269,33.528,27.564,25.125,24.897,24.761,25.068,24.094,23.841,25.025,28.174,32.704,38.573,42.086,36.770,33.095,29.156
23.867,22.784,22.418,22.194,22.418,24.563,30.983,36.339,33.605,27.667,25.212,24.996,24.891,25.210,24.208,23.961,25.163,28.296,32.798,38.679,42.189,36.900,33.230,29.269
23.986,22.903,22.536,22.310,22.535,24.669,31.067,36.402,33.684,27.772,25.321,25.096,24.996,25.316,24.303,24.052,25.249,28.400,32.898,38.756,42.247,36.983,33.332,29.379
24.102,23.036,22.664,22.430,22.658,24.790,31.199,36.528,33.795,27.874,25.409,25.204,25.121,25.450,24.430,24.190,25.408,28.520,32.993,38.878,42.391,37.123,33.459,29.484
24.184,23.105,22.739,22.514,22.739,24.876,31.276,36.616,33.894,27.973,25.525,25.309,25.204,25.522,24.523,24.273,25.468,28.595,33.092,38.965,42.461,37.183,33.520,29.568
24.285,23.205,22.840,22.616,22.841,24.975,31.368,36.704,33.988,28.074,25.628,25.410,25.304,25.619,24.622,24.370,25.559,28.690,33.189,39.058,42.545,37.271,33.611,29.664
24.442,23.407,23.024,22.778,23.013,25.116,31.488,36.776,34.074,28.182,25.712,25.526,25.462,25.793,24.774,24.528,25.732,28.807,33.273,39.211,42.696,37.427,33.747,29.757
24.560,23.529,23.144,22.894,23.131,25.226,31.591,36.868,34.174,28.291,25.818,25.633,25.576,25.908,24.884,24.635,25.837,28.913,33.380,39.326,42.803,37.538,33.857,29.863
24.670,23.632,23.246,22.993,23.229,25.322,31.687,36.956,34.262,28.392,25.913,25.714,25.668,26.005,24.952,24.705,25.920,29.034,33.498,39.413,42.888,37.653,33.994,29.996
24.784,23.750,23.362,23.106,23.344,25.437,31.810,37.081,34.380,28.505,26.020,25.825,25.784,26.125,25.067,24.822,26.044,29.153,33.614,39.539,43.023,37.784,34.120,30.112
24.931,23.883,23.499,23.247,23.483,25.566,31.908,37.163,34.492,28.650,26.180,25.962,25.911,26.243,25.184,24.924,26.121,29.278,33.759,39.648,43.091,37.875,34.236,30.253
25.098,24.055,23.670,23.419,23.657,25.743,32.091,37.358,34.686,28.828,26.358,26.149,26.092,26.420,25.378,25.116,26.304,29.441,33.934,39.855,43.301,38.058,34.398,30.411
25.264,24.196,23.817,23.574,23.808,25.891,32.215,37.478,34.832,29.003,26.551,26.307,26.235,26.552,25.506,25.227,26.388,29.596,34.121,39.993,43.398,38.178,34.549,30.591
25.391,24.333,23.952,23.709,23.944,26.025,32.348,37.610,34.966,29.129,26.678,26.448,26.374,26.690,25.660,25.380,26.535,29.711,34.235,40.138,43.544,38.305,34.658,30.696
25.542,24.496,24.112,23.863,24.100,26.175,32.495,37.744,35.096,29.265,26.807,26.588,26.526,26.848,25.811,25.538,26.705,29.858,34.360,40.268,43.682,38.452,34.804,30.834
25.699,24.670,24.282,24.031,24.271,26.336,32.640,37.875,35.237,29.411,26.955,26.751,26.694,27.014,25.992,25.718,26.877,29.991,34.485,40.425,43.832,38.591,34.928,30.954
25.841,24.788,24.407,24.164,24.399,26.482,32.809,38.073,35.421,29.578,27.125,26.904,26.831,27.149,26.123,25.849,27.010,30.165,34.676,40.584,44.001,38.759,35.106,31.142
25.978,24.937,24.552,24.305,24.542,26.618,32.939,38.191,35.542,29.704,27.247,27.035,26.971,27.291,26.264,25.991,27.155,30.292,34.794,40.718,44.134,38.892,35.234,31.262
26.139,25.072,24.701,24.474,24.703,26.804,33.136,38.427,35.766,29.904,27.473,27.249,27.145,27.451,26.464,26.189,27.334,30.474,34.992,40.881,44.303,39.040,35.384,31.450
26.259,25.197,24.825,24.596,24.826,26.918,33.232,38.504,35.854,30.011,27.582,27.360,27.260,27.566,26.577,26.301,27.443,30.578,35.087,40.968,44.378,39.129,35.481,31.553
26.443,25.435,25.039,24.777,25.022,27.071,33.360,38.568,35.937,30.128,27.662,27.472,27.435,27.764,26.729,26.459,27.626,30.714,35.187,41.149,44.553,39.323,35.656,31.666
26.574,25.573,25.177,24.915,25.160,27.224,33.549,38.781,36.118,30.270,27.793,27.624,27.588,27.922,26.898,26.641,27.830,30.873,35.330,41.321,44.768,39.509,35.817,31.809
26.778,25.786,25.389,25.123,25.369,27.414,33.698,38.891,36.252,30.445,27.977,27.807,27.779,28.113,27.084,26.825,28.006,31.044,35.482,41.449,44.868,39.642,35.972,31.978
26.957,25.975,25.574,25.302,25.551,27.582,33.847,39.017,36.390,30.605,28.134,27.967,27.951,28.288,27.249,26.989,28.169,31.203,35.631,41.601,45.006,39.797,36.132,32.135
27.130,26.128,25.735,25.472,25.715,27.764,34.045,39.236,36.592,30.795,28.330,28.149,28.121,28.457,27.415,27.161,28.352,31.410,35.836,41.755,45.176,39.979,36.333,32.352
27.319,26.328,25.930,25.658,25.903,27.933,34.189,39.344,36.715,30.952,28.483,28.302,28.293,28.636,27.571,27.318,28.514,31.577,35.984,41.892,45.296,40.132,36.503,32.517
27.513,26.555,26.143,25.849,26.103,28.108,34.351,39.464,36.843,31.102,28.608,28.447,28.480,28.839,27.740,27.494,28.713,31.748,36.124,42.072,45.478,40.334,36.699,32.674
27.685,26.760,26.341,26.038,26.296,28.288,34.519,39.603,36.974,31.240,28.737,28.612,28.667,29.036,27.942,27.711,28.951,31.901,36.224,42.201,45.626,40.485,36.837,32.797
27.922,27.014,26.593,26.289,26.549,28.557,34.826,39.935,37.266,31.485,28.969,28.880,28.937,29.313,28.240,28.029,29.295,32.163,36.456,42.479,45.959,40.779,37.094,33.032
28.173,27.284,26.853,26.535,26.801,28.784,35.027,40.098,37.453,31.704,29.177,29.090,29.173,29.557,28.457,28.242,29.509,32.383,36.670,42.712,46.169,41.012,37.331,33.251
28.347,27.445,27.021,26.714,26.976,28.971,35.218,40.309,37.659,31.898,29.385,29.293,29.355,29.730,28.654,28.437,29.692,32.565,36.861,42.889,46.347,41.176,37.495,33.435
28.611,27.662,27.257,26.973,27.222,29.247,35.509,40.641,37.982,32.208,29.722,29.592,29.612,29.972,28.912,28.689,29.929,32.869,37.195,43.139,46.593,41.428,37.778,33.766
28.903,27.923,27.537,27.279,27.517,29.564,35.810,40.966,38.309,32.535,30.092,29.943,29.913,30.252,29.241,29.013,30.220,33.168,37.504,43.373,46.812,41.647,38.020,34.074
29.221,28.201,27.834,27.601,27.826,29.894,36.128,41.303,38.643,32.879,30.473,30.292,30.222,30.546,29.557,29.328,30.519,33.508,37.846,43.604,47.031,41.895,38.314,34.433
29.504,28.557,28.156,27.874,28.120,30.135,36.357,41.455,38.807,33.074,30.605,30.471,30.493,30.853,29.790,29.574,30.815,33.745,38.033,43.911,47.349,42.234,38.621,34.640
29.854,28.914,28.505,28.211,28.462,30.467,36.699,41.786,39.137,33.409,30.918,30.784,30.830,31.202,30.104,29.889,31.148,34.098,38.386,44.282,47.725,42.621,39.008,34.997
30.150,29.101,28.732,28.495,28.721,30.835,37.193,42.465,39.738,33.871,31.420,31.227,31.159,31.496,30.469,30.248,31.484,34.544,38.939,44.750,48.257,43.058,39.437,35.491
30.618,29.554,29.202,28.992,29.207,31.350,37.709,43.015,40.268,34.374,31.962,31.777,31.660,31.979,31.022,30.809,32.026,35.026,39.406,45.176,48.699,43.473,39.849,35.959
31.076,29.972,29.633,29.441,29.648,31.795,38.127,43.444,40.732,34.863,32.484,32.252,32.097,32.394,31.452,31.212,32.380,35.473,39.911,45.617,49.084,43.871,40.280,36.441
31.537,30.384,30.057,29.882,30.081,32.274,38.680,44.080,41.328,35.394,33.014,32.750,32.561,32.851,31.909,31.668,32.842,36.015,40.507,46.185,49.689,44.441,40.847,37.012
32.203,30.931,30.647,30.543,30.716,33.022,39.547,45.159,42.355,36.265,33.944,33.616,33.277,33.510,32.691,32.417,33.514,36.803,41.466,47.112,50.646,45.243,41.607,37.855
33.038,31.641,31.408,31.383,31.527,33.906,40.435,46.180,43.399,37.265,35.053,34.628,34.126,34.283,33.597,33.270,34.233,37.676,42.499,48.005,51.467,45.995,42.388,38.798
34.678,33.210,33.012,33.053,33.181,35.582,42.037,47.850,45.165,39.030,36.935,36.454,35.800,35.869,35.367,34.957,35.724,39.229,44.227,49.731,53.047,47.462,43.830,40.389
