9.390,11.626,-2.113,-3.748,-4.973,7.665,-7.362,4.955,9.030,13.262,20.701,22.799,23.839,22.996,18.341,18.968,20.397,26.370,25.654,30.345,27.268,27.057,24.734,24.546
13.549,15.164,5.083,3.336,1.364,10.289,-0.965,9.278,14.452,20.626,26.253,27.565,27.759,25.431,21.520,22.826,24.898,29.766,29.814,31.095,29.177,29.937,29.697,27.882
16.144,16.613,9.180,7.739,5.234,11.842,2.037,11.238,16.849,23.140,27.574,29.225,29.422,26.758,23.591,24.823,27.055,31.422,31.423,31.616,30.150,30.664,31.487,29.396
17.656,17.745,13.513,12.162,8.617,13.030,5.142,13.364,19.569,26.530,29.823,31.359,31.454,28.080,25.446,26.735,29.447,33.265,33.409,31.887,30.964,31.533,33.391,30.669
19.501,18.988,15.336,14.147,10.723,14.308,6.877,14.606,20.821,27.610,30.476,32.195,32.271,28.933,26.625,27.876,30.487,34.096,34.204,32.519,31.741,32.198,34.399,31.697
21.028,19.996,17.362,16.326,12.816,15.410,8.645,15.820,22.099,28.798,31.142,32.995,33.063,29.670,27.710,28.915,31.515,34.867,34.951,32.902,32.316,32.662,35.264,32.512
21.941,20.796,17.710,16.660,13.501,16.035,9.396,16.383,22.593,29.317,31.649,33.420,33.349,29.987,28.049,29.354,31.836,35.116,35.290,33.240,32.704,33.198,35.859,33.064
22.572,21.403,18.357,17.284,14.223,16.622,10.168,17.009,23.190,29.926,32.186,33.903,33.784,30.408,28.509,29.841,32.304,35.514,35.725,33.590,33.100,33.647,36.356,33.527
23.292,22.142,18.370,17.321,14.577,17.263,10.655,17.483,23.497,30.128,32.543,34.196,33.998,30.756,28.793,30.180,32.489,35.715,35.969,34.085,33.552,34.196,36.769,34.011
23.857,22.539,18.906,17.884,15.219,17.693,11.190,17.885,23.881,30.428,32.731,34.446,34.254,31.044,29.173,30.537,32.808,35.979,36.212,34.318,33.816,34.412,37.060,34.330
24.193,22.742,19.522,18.555,15.782,17.981,11.634,18.210,24.230,30.720,32.871,34.656,34.504,31.284,29.516,30.832,33.122,36.235,36.431,34.451,33.988,34.502,37.244,34.526
24.510,23.031,19.874,18.923,16.126,18.304,11.939,18.520,24.536,30.988,33.125,34.942,34.814,31.609,29.857,31.151,33.440,36.556,36.730,34.773,34.304,34.781,37.522,34.828
24.714,23.291,20.405,19.476,16.533,18.703,12.344,18.944,24.934,31.300,33.413,35.259,35.204,32.020,30.282,31.510,33.832,36.949,37.074,35.138,34.650,35.042,37.732,35.090
25.099,23.572,20.666,19.768,16.885,19.001,12.621,19.184,25.149,31.436,33.521,35.423,35.381,32.244,30.545,31.754,34.035,37.144,37.245,35.372,34.882,35.232,37.935,35.338
25.256,23.815,21.006,20.134,17.147,19.425,12.885,19.555,25.438,31.548,33.692,35.655,35.722,32.675,30.957,32.070,34.351,37.509,37.528,35.833,35.272,35.497,38.050,35.580
25.644,24.225,21.233,20.366,17.504,19.865,13.309,19.936,25.713,31.718,33.896,35.836,35.894,32.924,31.200,32.307,34.524,37.668,37.687,36.104,35.525,35.758,38.234,35.823
26.009,24.671,21.387,20.479,17.792,20.234,13.763,20.310,26.015,32.058,34.281,36.100,36.071,33.107,31.346,32.519,34.688,37.795,37.886,36.294,35.734,36.083,38.532,36.084
26.120,24.676,22.169,21.337,18.323,20.424,14.103,20.589,26.370,32.339,34.365,36.314,36.405,33.403,31.764,32.829,35.088,38.155,38.155,36.434,35.904,36.091,38.627,36.206
26.460,24.979,22.501,21.682,18.720,20.748,14.516,20.910,26.648,32.574,34.557,36.493,36.569,33.588,31.982,33.047,35.278,38.303,38.310,36.583,36.071,36.258,38.812,36.401
26.627,25.081,22.666,21.867,18.882,20.860,14.604,21.005,26.767,32.674,34.633,36.618,36.714,33.738,32.155,33.203,35.435,38.467,38.453,36.734,36.222,36.370,38.952,36.554
26.695,25.183,22.692,21.880,18.901,20.947,14.642,21.086,26.850,32.774,34.771,36.746,36.840,33.862,32.254,33.309,35.544,38.595,38.585,36.886,36.361,36.521,39.080,36.680
26.854,25.330,23.261,22.473,19.343,21.180,15.064,21.410,27.196,33.115,34.990,36.969,37.089,34.071,32.524,33.548,35.832,38.826,38.803,36.972,36.487,36.607,39.227,36.807
27.003,25.506,23.505,22.727,19.568,21.421,15.302,21.645,27.395,33.252,35.126,37.113,37.262,34.272,32.730,33.724,36.006,38.998,38.953,37.160,36.663,36.748,39.328,36.945
27.277,25.700,23.802,23.043,19.911,21.610,15.616,21.849,27.597,33.446,35.239,37.229,37.359,34.362,32.874,33.874,36.142,39.083,39.048,37.195,36.734,36.824,39.468,37.070
27.300,25.760,24.230,23.487,20.168,21.773,15.852,22.084,27.859,33.603,35.395,37.438,37.623,34.595,33.132,34.086,36.415,39.345,39.278,37.350,36.897,36.924,39.580,37.183
27.645,26.013,24.234,23.525,20.335,22.060,15.940,22.224,27.925,33.687,35.429,37.493,37.716,34.804,33.346,34.260,36.509,39.480,39.363,37.658,37.151,37.108,39.688,37.405
27.754,26.142,24.328,23.618,20.443,22.203,16.070,22.357,28.033,33.697,35.493,37.585,37.812,34.917,33.452,34.361,36.600,39.573,39.453,37.778,37.263,37.217,39.771,37.503
27.883,26.238,24.803,24.129,20.805,22.407,16.369,22.608,28.298,33.901,35.613,37.751,38.032,35.128,33.721,34.577,36.854,39.797,39.636,37.903,37.404,37.278,39.865,37.616
27.924,26.302,24.959,24.275,20.907,22.458,16.491,22.708,28.427,34.084,35.771,37.882,38.151,35.205,33.801,34.670,36.974,39.902,39.758,37.946,37.466,37.363,39.982,37.693
27.987,26.383,25.263,24.606,21.112,22.664,16.656,22.913,28.615,34.180,35.851,38.018,38.362,35.447,34.058,34.860,37.188,40.131,39.929,38.166,37.661,37.462,40.035,37.809
28.184,26.568,25.317,24.658,21.250,22.829,16.815,23.047,28.714,34.255,35.936,38.096,38.420,35.531,34.140,34.954,37.248,40.184,39.993,38.268,37.762,37.584,40.142,37.927
28.365,26.678,25.393,24.755,21.388,22.941,16.899,23.118,28.774,34.271,35.942,38.138,38.470,35.609,34.241,35.045,37.312,40.248,40.042,38.362,37.851,37.648,40.217,38.029
28.496,26.726,25.620,25.020,21.583,23.059,16.987,23.213,28.881,34.307,35.946,38.211,38.598,35.760,34.435,35.189,37.462,40.404,40.149,38.499,37.980,37.690,40.276,38.133
28.701,26.878,25.765,25.183,21.786,23.225,17.162,23.350,28.993,34.370,35.978,38.275,38.665,35.856,34.556,35.300,37.547,40.475,40.210,38.592,38.075,37.767,40.358,38.240
28.830,26.981,25.951,25.380,21.970,23.345,17.331,23.480,29.122,34.486,36.058,38.362,38.755,35.945,34.668,35.406,37.653,40.562,40.294,38.653,38.147,37.829,40.440,38.322
28.985,27.050,26.176,25.636,22.176,23.451,17.444,23.577,29.242,34.569,36.088,38.454,38.878,36.073,34.840,35.548,37.801,40.705,40.406,38.760,38.259,37.883,40.534,38.436
29.064,27.111,26.424,25.884,22.388,23.552,17.626,23.722,29.412,34.744,36.200,38.580,39.022,36.191,34.991,35.681,37.964,40.845,40.536,38.821,38.340,37.936,40.626,38.516
29.172,27.224,26.462,25.935,22.436,23.664,17.679,23.801,29.468,34.772,36.262,38.647,39.093,36.288,35.074,35.762,38.025,40.922,40.607,38.950,38.452,38.045,40.704,38.616
29.297,27.369,26.471,25.943,22.447,23.777,17.716,23.876,29.523,34.823,36.369,38.744,39.177,36.394,35.149,35.851,38.091,41.010,40.702,39.108,38.591,38.206,40.827,38.751
29.378,27.433,26.553,26.015,22.563,23.834,17.822,23.954,29.617,34.937,36.454,38.826,39.252,36.451,35.221,35.928,38.176,41.080,40.779,39.141,38.640,38.259,40.911,38.817
29.455,27.517,26.805,26.259,22.748,23.897,18.024,24.094,29.801,35.200,36.656,38.992,39.393,36.530,35.319,36.047,38.332,41.200,40.925,39.153,38.691,38.344,41.063,38.906
29.541,27.627,26.847,26.288,22.798,23.982,18.101,24.182,29.889,35.313,36.790,39.105,39.491,36.621,35.393,36.136,38.421,41.293,41.032,39.256,38.794,38.472,41.184,39.014
29.610,27.742,26.890,26.330,22.880,24.093,18.195,24.273,29.959,35.363,36.855,39.166,39.547,36.695,35.462,36.208,38.474,41.348,41.088,39.344,38.876,38.560,41.255,39.097
29.656,27.757,27.122,26.558,22.969,24.154,18.294,24.398,30.120,35.559,37.029,39.334,39.743,36.850,35.613,36.341,38.664,41.539,41.270,39.456,38.992,38.655,41.354,39.177
29.774,27.893,27.184,26.589,23.067,24.261,18.413,24.493,30.212,35.656,37.123,39.424,39.815,36.924,35.694,36.435,38.742,41.609,41.350,39.536,39.079,38.759,41.475,39.291
29.789,27.994,27.197,26.632,23.092,24.330,18.468,24.580,30.292,35.783,37.300,39.547,39.914,37.009,35.735,36.501,38.815,41.694,41.461,39.640,39.177,38.906,41.588,39.380
29.846,28.075,27.298,26.699,23.156,24.418,18.574,24.684,30.399,35.900,37.415,39.651,40.018,37.104,35.826,36.592,38.916,41.792,41.562,39.723,39.263,38.996,41.675,39.460
29.976,28.164,27.480,26.883,23.335,24.482,18.739,24.783,30.525,36.067,37.526,39.750,40.095,37.148,35.898,36.681,39.014,41.858,41.645,39.723,39.295,39.049,41.791,39.538
30.090,28.252,27.524,26.927,23.407,24.540,18.799,24.835,30.586,36.143,37.599,39.825,40.156,37.205,35.959,36.753,39.079,41.920,41.716,39.787,39.365,39.132,41.893,39.629
30.118,28.342,27.654,27.036,23.469,24.614,18.905,24.956,30.733,36.355,37.818,40.007,40.325,37.333,36.066,36.877,39.235,42.077,41.891,39.900,39.487,39.283,42.050,39.748
30.267,28.475,27.767,27.151,23.608,24.738,19.041,25.075,30.847,36.465,37.922,40.109,40.420,37.432,36.171,36.986,39.335,42.169,41.988,39.997,39.588,39.391,42.165,39.862
30.355,28.575,27.788,27.162,23.650,24.810,19.103,25.143,30.915,36.553,38.029,40.200,40.495,37.503,36.229,37.059,39.402,42.241,42.072,40.083,39.674,39.500,42.270,39.957
30.461,28.670,27.857,27.223,23.730,24.865,19.188,25.211,31.001,36.681,38.149,40.304,40.576,37.564,36.289,37.141,39.486,42.316,42.166,40.139,39.744,39.599,42.397,40.056
30.632,28.783,28.019,27.394,23.916,24.956,19.342,25.312,31.119,36.802,38.227,40.399,40.656,37.629,36.383,37.245,39.587,42.394,42.252,40.180,39.807,39.670,42.520,40.159
30.827,28.901,28.076,27.474,24.043,25.086,19.403,25.380,31.171,36.815,38.239,40.441,40.715,37.732,36.506,37.349,39.657,42.476,42.309,40.315,39.927,39.751,42.596,40.279
30.994,29.075,28.165,27.551,24.180,25.217,19.581,25.519,31.300,36.962,38.387,40.564,40.801,37.809,36.577,37.450,39.745,42.545,42.408,40.387,40.014,39.886,42.743,40.400
31.129,29.168,28.337,27.744,24.349,25.351,19.701,25.636,31.412,37.024,38.428,40.644,40.910,37.937,36.729,37.575,39.866,42.667,42.503,40.510,40.131,39.957,42.815,40.503
31.221,29.294,28.595,28.013,24.540,25.551,19.889,25.845,31.607,37.171,38.569,40.804,41.111,38.152,36.948,37.757,40.065,42.872,42.680,40.707,40.314,40.093,42.918,40.637
31.310,29.419,28.598,28.015,24.566,25.707,19.930,25.952,31.672,37.177,38.637,40.888,41.219,38.307,37.074,37.863,40.151,42.993,42.779,40.914,40.484,40.237,42.988,40.758
31.412,29.517,28.733,28.158,24.692,25.822,20.039,26.063,31.785,37.273,38.727,40.992,41.335,38.428,37.202,37.981,40.271,43.114,42.890,41.032,40.599,40.335,43.086,40.866
31.419,29.534,28.966,28.398,24.789,25.895,20.098,26.174,31.938,37.436,38.872,41.168,41.557,38.623,37.400,38.146,40.488,43.348,43.095,41.202,40.763,40.447,43.204,40.984
31.543,29.603,29.180,28.628,24.987,25.971,20.244,26.271,32.061,37.565,38.938,41.256,41.648,38.697,37.513,38.253,40.605,43.441,43.184,41.235,40.818,40.486,43.299,41.065
31.597,29.703,29.372,28.802,25.122,26.051,20.433,26.417,32.230,37.805,39.150,41.415,41.781,38.779,37.593,38.357,40.739,43.548,43.320,41.268,40.880,40.592,43.436,41.149
31.678,29.832,29.519,28.911,25.187,26.177,20.590,26.581,32.408,38.018,39.356,41.595,41.954,38.926,37.734,38.505,40.908,43.710,43.494,41.393,41.014,40.743,43.595,41.283
31.687,29.945,29.558,28.977,25.215,26.293,20.602,26.680,32.492,38.109,39.544,41.762,42.134,39.118,37.860,38.631,41.042,43.894,43.675,41.646,41.227,40.965,43.733,41.437
31.691,30.014,29.631,28.996,25.261,26.342,20.677,26.788,32.630,38.326,39.773,41.942,42.299,39.234,37.947,38.738,41.189,44.042,43.847,41.744,41.334,41.111,43.881,41.538
31.717,30.071,29.825,29.186,25.319,26.406,20.769,26.896,32.782,38.522,39.949,42.119,42.485,39.382,38.096,38.883,41.373,44.228,44.032,41.865,41.465,41.234,44.031,41.661
31.740,30.149,29.970,29.323,25.387,26.503,20.857,27.022,32.923,38.685,40.123,42.284,42.666,39.544,38.241,39.021,41.540,44.408,44.207,42.020,41.613,41.376,44.158,41.780
31.893,30.291,30.060,29.416,25.501,26.649,20.958,27.141,33.032,38.770,40.226,42.402,42.791,39.687,38.380,39.154,41.662,44.540,44.331,42.186,41.767,41.518,44.284,41.925
31.897,30.327,30.242,29.586,25.586,26.678,21.055,27.235,33.174,38.984,40.411,42.565,42.949,39.790,38.483,39.266,41.819,44.688,44.492,42.248,41.849,41.616,44.420,42.013
32.003,30.402,30.382,29.720,25.694,26.790,21.096,27.328,33.286,39.065,40.493,42.702,43.126,39.978,38.678,39.431,41.995,44.890,44.659,42.451,42.035,41.745,44.545,42.167
32.144,30.540,30.390,29.751,25.757,26.893,21.165,27.412,33.370,39.164,40.617,42.820,43.229,40.085,38.771,39.539,42.091,44.996,44.775,42.587,42.165,41.896,44.691,42.308
32.265,30.674,30.415,29.769,25.789,26.999,21.199,27.495,33.457,39.263,40.759,42.963,43.368,40.230,38.891,39.668,42.213,45.144,44.925,42.773,42.337,42.077,44.853,42.473
32.365,30.753,30.428,29.772,25.838,27.096,21.252,27.550,33.497,39.304,40.832,43.031,43.409,40.290,38.939,39.739,42.250,45.187,44.983,42.876,42.434,42.204,44.975,42.598
32.433,30.824,30.851,30.169,26.036,27.121,21.398,27.707,33.770,39.643,41.055,43.299,43.745,40.529,39.225,39.975,42.606,45.531,45.289,42.996,42.585,42.273,45.132,42.708
32.442,30.930,30.910,30.266,26.071,27.254,21.469,27.832,33.869,39.778,41.280,43.459,43.876,40.662,39.294,40.075,42.697,45.646,45.435,43.180,42.749,42.499,45.292,42.857
32.501,31.022,31.052,30.368,26.159,27.363,21.585,27.973,34.038,39.972,41.466,43.649,44.081,40.843,39.471,40.243,42.897,45.853,45.635,43.344,42.914,42.650,45.451,43.003
32.648,31.126,31.375,30.699,26.394,27.500,21.745,28.139,34.254,40.198,41.639,43.867,44.331,41.066,39.724,40.472,43.162,46.117,45.875,43.532,43.111,42.800,45.648,43.193
32.770,31.230,31.379,30.709,26.427,27.533,21.779,28.175,34.321,40.255,41.644,43.992,44.422,41.130,39.777,40.560,43.249,46.207,45.991,43.615,43.205,42.938,45.819,43.326
33.026,31.291,31.795,31.217,26.781,27.798,21.850,28.332,34.482,40.330,41.782,44.092,44.688,41.496,40.232,40.868,43.554,46.563,46.196,43.998,43.532,43.010,45.877,43.546
33.166,31.442,31.997,31.404,26.942,27.907,22.025,28.488,34.681,40.532,41.900,44.319,44.890,41.648,40.383,41.045,43.757,46.753,46.411,44.124,43.682,43.197,46.110,43.726
33.364,31.600,32.108,31.486,27.045,28.011,22.078,28.586,34.834,40.743,42.122,44.562,45.125,41.857,40.584,41.262,43.986,47.005,46.667,44.363,43.920,43.443,46.393,43.984
33.522,31.812,32.122,31.511,27.073,28.129,22.163,28.715,34.990,40.996,42.434,44.821,45.338,42.035,40.712,41.440,44.170,47.209,46.912,44.582,44.140,43.739,46.688,44.228
33.670,31.951,32.253,31.616,27.185,28.255,22.251,28.838,35.138,41.164,42.613,45.015,45.537,42.224,40.894,41.623,44.363,47.418,47.117,44.788,44.341,43.933,46.890,44.425
33.948,32.056,32.760,32.198,27.575,28.486,22.390,29.035,35.405,41.328,42.688,45.273,45.914,42.622,41.373,42.002,44.778,47.865,47.459,45.167,44.700,44.108,47.122,44.731
34.362,32.218,33.234,32.749,27.999,28.706,22.519,29.202,35.670,41.526,42.785,45.566,46.296,43.012,41.857,42.414,45.210,48.323,47.828,45.557,45.086,44.333,47.457,45.115
34.474,32.322,33.355,32.779,28.214,28.870,22.685,29.409,35.936,41.804,43.021,45.850,46.633,43.314,42.179,42.698,45.551,48.677,48.147,45.822,45.351,44.534,47.687,45.343
34.667,32.514,33.619,33.149,28.236,28.983,22.734,29.509,36.070,42.005,43.267,46.086,46.840,43.502,42.335,42.888,45.740,48.892,48.383,46.059,45.583,44.806,47.972,45.597
35.027,32.960,33.644,33.154,28.287,29.173,22.829,29.651,36.202,42.304,43.720,46.411,47.019,43.661,42.379,43.070,45.859,49.043,48.648,46.355,45.876,45.310,48.445,45.983
35.749,33.257,33.870,33.420,28.812,29.544,22.969,29.852,36.482,42.401,43.732,46.711,47.444,44.172,43.029,43.611,46.359,49.593,49.058,46.925,46.417,45.608,48.862,46.530
36.282,33.703,33.897,33.482,28.966,30.029,22.978,30.107,36.697,42.434,43.929,47.092,47.924,44.801,43.605,44.117,46.792,50.173,49.536,47.780,47.147,46.200,49.309,47.146
36.743,33.978,34.395,34.023,29.363,30.299,23.110,30.353,37.086,42.853,44.297,47.619,48.518,45.357,44.209,44.680,47.404,50.840,50.140,48.364,47.724,46.664,49.883,47.723
37.742,34.602,34.587,34.323,29.815,30.961,23.132,30.653,37.381,42.861,44.428,48.103,49.149,46.201,45.082,45.439,48.036,51.646,50.775,49.495,48.714,47.398,50.550,48.635
37.983,34.777,35.841,35.595,30.589,31.174,23.748,31.165,38.172,43.912,45.191,48.893,49.973,46.768,45.766,46.108,48.927,52.456,51.586,49.795,49.138,47.775,51.225,49.116
38.832,35.459,36.833,36.679,31.489,32.050,24.368,31.929,38.957,44.484,45.736,49.678,50.931,47.818,46.879,47.076,49.906,53.511,52.489,50.890,50.162,48.546,51.964,50.015
39.733,36.317,36.909,36.768,31.812,32.900,24.589,32.475,39.405,44.726,46.259,50.349,51.677,48.765,47.718,47.866,50.571,54.360,53.250,52.154,51.266,49.550,52.742,50.993
41.066,37.259,38.097,38.070,32.919,33.909,25.163,33.312,40.427,45.634,47.134,51.601,53.112,50.246,49.284,49.302,52.035,55.970,54.681,53.771,52.808,50.795,54.092,52.469
44.014,39.635,39.446,39.070,34.900,35.592,26.581,34.979,42.709,48.606,50.084,54.735,56.066,52.864,51.904,52.160,54.992,59.070,57.890,56.611,55.742,53.898,57.762,55.775
49.106,44.191,40.037,39.967,36.297,38.378,28.035,36.897,44.716,51.341,53.797,58.231,58.767,55.687,54.234,55.254,57.448,61.893,61.207,60.661,59.686,58.801,62.743,60.466
