-0.038,1.055,1.294,0.111,-0.423,0.853,5.752,10.846,10.808,8.246,3.267,2.908,3.181,0.260,-2.617,-5.854,-6.102,1.340,4.759,9.985,8.141,4.225,-0.837,-5.416
9.037,9.415,10.295,8.219,7.371,8.294,13.825,16.995,16.567,13.039,10.340,9.719,9.934,6.646,3.286,2.843,2.305,8.877,15.076,19.971,16.774,15.397,5.793,4.417
11.912,11.986,13.165,10.794,9.943,10.887,16.510,19.096,18.628,14.737,12.522,12.006,12.147,8.876,5.533,5.839,5.281,11.473,18.296,23.118,19.634,18.602,8.395,7.426
13.501,13.529,14.809,12.472,11.748,12.824,18.173,20.715,20.353,16.525,14.023,13.724,13.784,10.714,7.647,7.827,7.403,13.343,19.631,24.360,21.145,19.629,10.686,9.028
14.876,14.693,16.045,13.718,13.105,14.290,19.497,21.963,21.681,17.738,15.249,15.174,15.198,12.372,9.516,9.588,9.160,14.817,21.002,25.705,22.588,20.669,12.466,10.333
15.850,15.616,16.821,14.662,14.091,15.239,20.278,22.810,22.555,18.733,16.363,16.317,16.384,13.742,10.994,10.799,10.304,15.795,21.798,26.393,23.400,21.383,13.530,11.352
16.858,16.642,17.839,15.659,15.041,16.110,21.151,23.539,23.237,19.449,17.280,17.147,17.223,14.530,11.728,11.748,11.237,16.664,22.794,27.297,24.231,22.546,14.276,12.507
17.418,17.214,18.334,16.255,15.666,16.724,21.644,24.091,23.813,20.131,17.944,17.829,17.919,15.319,12.592,12.442,11.925,17.278,23.201,27.638,24.683,22.905,14.969,13.101
17.952,17.767,18.885,16.818,16.229,17.270,22.138,24.543,24.263,20.631,18.461,18.334,18.419,15.827,13.122,13.009,12.510,17.811,23.662,28.043,25.118,23.394,15.517,13.700
18.388,18.171,19.211,17.244,16.693,17.739,22.510,24.995,24.745,21.171,19.000,18.918,19.023,16.549,13.923,13.597,13.069,18.296,24.000,28.347,25.516,23.634,16.090,14.118
18.863,18.679,19.678,17.747,17.183,18.186,22.910,25.370,25.107,21.608,19.498,19.373,19.489,17.017,14.390,14.081,13.549,18.739,24.394,28.676,25.864,24.098,16.501,14.674
19.118,18.917,19.878,17.996,17.453,18.462,23.139,25.642,25.396,21.922,19.807,19.707,19.832,17.420,14.834,14.413,13.867,19.022,24.603,28.873,26.108,24.252,16.834,14.915
19.495,19.345,20.324,18.412,17.836,18.808,23.492,25.921,25.647,22.209,20.134,19.973,20.092,17.611,14.985,14.714,14.191,19.351,24.956,29.182,26.387,24.720,17.093,15.378
19.641,19.511,20.410,18.588,18.031,18.997,23.615,26.145,25.890,22.532,20.413,20.259,20.398,17.979,15.392,14.928,14.391,19.548,25.003,29.211,26.498,24.726,17.332,15.511
19.914,19.812,20.647,18.890,18.334,19.271,23.833,26.403,26.149,22.870,20.768,20.591,20.747,18.358,15.787,15.236,14.687,19.825,25.186,29.350,26.686,24.930,17.607,15.821
20.292,20.145,21.028,19.233,18.686,19.639,24.196,26.688,26.437,23.112,21.048,20.903,21.043,18.670,16.121,15.657,15.115,20.188,25.595,29.747,27.064,25.304,18.003,16.212
20.512,20.376,21.160,19.488,18.976,19.923,24.359,26.959,26.739,23.523,21.420,21.299,21.461,19.195,16.725,16.017,15.460,20.479,25.660,29.763,27.205,25.311,18.379,16.435
20.835,20.671,21.425,19.778,19.269,20.206,24.635,27.243,27.023,23.804,21.759,21.642,21.817,19.585,17.120,16.371,15.785,20.777,25.987,30.082,27.521,25.618,18.673,16.753
21.028,20.849,21.661,19.969,19.469,20.432,24.866,27.428,27.214,23.957,21.879,21.790,21.944,19.703,17.254,16.576,16.016,20.991,26.205,30.308,27.741,25.808,18.923,16.942
21.255,21.054,21.823,20.183,19.702,20.664,25.050,27.649,27.449,24.219,22.157,22.090,22.256,20.079,17.668,16.883,16.303,21.234,26.388,30.472,27.947,25.943,19.207,17.162
21.428,21.245,21.924,20.379,19.910,20.848,25.157,27.829,27.639,24.501,22.450,22.374,22.565,20.451,18.076,17.130,16.527,21.427,26.450,30.490,28.039,25.992,19.422,17.355
21.569,21.388,22.054,20.536,20.082,21.031,25.302,28.004,27.829,24.715,22.623,22.568,22.757,20.676,18.333,17.319,16.723,21.607,26.546,30.578,28.171,26.050,19.649,17.488
21.754,21.609,22.226,20.745,20.275,21.185,25.436,28.150,27.961,24.910,22.860,22.757,22.964,20.873,18.512,17.482,16.874,21.763,26.676,30.671,28.273,26.246,19.757,17.721
21.871,21.743,22.338,20.880,20.410,21.309,25.537,28.264,28.076,25.060,23.008,22.894,23.106,21.022,18.667,17.609,17.001,21.886,26.752,30.729,28.352,26.334,19.879,17.857
22.040,21.903,22.509,21.051,20.591,21.506,25.720,28.448,28.270,25.248,23.168,23.078,23.282,21.214,18.881,17.809,17.210,22.080,26.915,30.893,28.534,26.463,20.109,18.015
22.215,22.058,22.639,21.217,20.776,21.700,25.877,28.637,28.474,25.465,23.379,23.315,23.525,21.510,19.212,18.052,17.442,22.280,27.058,31.030,28.709,26.553,20.355,18.173
22.393,22.242,22.829,21.409,20.975,21.907,26.067,28.831,28.674,25.676,23.559,23.505,23.709,21.700,19.417,18.246,17.649,22.481,27.214,31.181,28.881,26.695,20.580,18.352
22.586,22.416,23.048,21.583,21.145,22.085,26.270,28.975,28.813,25.771,23.675,23.629,23.821,21.793,19.502,18.426,17.837,22.654,27.454,31.427,29.091,26.940,20.749,18.552
22.698,22.538,23.132,21.701,21.262,22.185,26.350,29.080,28.916,25.909,23.832,23.771,23.975,21.961,19.672,18.547,17.946,22.759,27.531,31.487,29.167,27.030,20.843,18.676
22.865,22.692,23.282,21.858,21.424,22.349,26.503,29.234,29.074,26.065,23.999,23.948,24.153,22.157,19.879,18.738,18.131,22.926,27.694,31.644,29.331,27.177,21.023,18.841
23.042,22.869,23.456,22.032,21.593,22.506,26.659,29.370,29.204,26.200,24.166,24.104,24.311,22.312,20.029,18.913,18.301,23.084,27.869,31.806,29.483,27.372,21.166,19.039
23.195,23.016,23.575,22.172,21.730,22.627,26.770,29.483,29.313,26.324,24.337,24.263,24.482,22.496,20.211,19.076,18.446,23.213,28.009,31.930,29.606,27.527,21.277,19.205
23.373,23.178,23.771,22.337,21.896,22.802,26.960,29.636,29.465,26.443,24.462,24.400,24.609,22.615,20.330,19.253,18.630,23.385,28.220,32.147,29.803,27.730,21.456,19.383
23.573,23.419,23.978,22.575,22.121,22.995,27.117,29.789,29.607,26.655,24.695,24.593,24.810,22.807,20.516,19.443,18.825,23.571,28.347,32.227,29.905,27.918,21.614,19.643
23.681,23.500,24.044,22.653,22.204,23.079,27.204,29.887,29.709,26.739,24.813,24.723,24.948,22.970,20.685,19.576,18.936,23.667,28.475,32.363,30.034,28.022,21.714,19.732
23.781,23.613,24.156,22.765,22.313,23.183,27.304,29.984,29.803,26.848,24.916,24.816,25.041,23.055,20.767,19.667,19.032,23.767,28.560,32.440,30.115,28.123,21.808,19.845
23.881,23.661,24.218,22.810,22.365,23.250,27.404,30.079,29.901,26.882,24.986,24.914,25.140,23.173,20.883,19.781,19.124,23.850,28.733,32.645,30.287,28.253,21.895,19.901
24.029,23.824,24.376,22.983,22.544,23.425,27.539,30.207,30.034,27.051,25.140,25.068,25.291,23.336,21.068,19.960,19.316,24.016,28.827,32.708,30.383,28.347,22.085,20.079
24.195,23.978,24.530,23.133,22.691,23.568,27.689,30.344,30.167,27.173,25.293,25.219,25.444,23.491,21.218,20.125,19.472,24.163,29.008,32.888,30.548,28.534,22.221,20.247
24.377,24.139,24.688,23.299,22.865,23.747,27.854,30.505,30.334,27.332,25.468,25.410,25.636,23.709,21.453,20.343,19.683,24.345,29.188,33.062,30.729,28.688,22.425,20.425
24.540,24.277,24.849,23.441,23.013,23.904,28.017,30.639,30.470,27.438,25.589,25.550,25.769,23.850,21.602,20.524,19.865,24.503,29.378,33.256,30.910,28.857,22.598,20.583
24.652,24.378,24.979,23.547,23.121,24.022,28.139,30.728,30.560,27.507,25.655,25.628,25.836,23.912,21.669,20.640,19.991,24.615,29.505,33.384,31.029,28.978,22.723,20.698
24.762,24.480,25.084,23.655,23.238,24.148,28.250,30.839,30.678,27.624,25.762,25.750,25.955,24.048,21.823,20.778,20.133,24.740,29.606,33.482,31.141,29.054,22.873,20.804
24.918,24.623,25.256,23.796,23.374,24.286,28.408,30.956,30.789,27.706,25.865,25.854,26.053,24.130,21.895,20.919,20.278,24.876,29.796,33.674,31.305,29.254,22.999,20.967
25.016,24.725,25.366,23.899,23.476,24.392,28.520,31.067,30.901,27.812,25.958,25.948,26.143,24.212,21.974,21.007,20.372,24.979,29.899,33.784,31.412,29.359,23.102,21.061
25.141,24.830,25.485,24.001,23.577,24.496,28.640,31.167,30.998,27.881,26.054,26.050,26.243,24.311,22.068,21.131,20.488,25.087,30.059,33.951,31.556,29.514,23.203,21.180
25.293,24.978,25.650,24.151,23.725,24.642,28.785,31.278,31.105,27.982,26.170,26.165,26.353,24.415,22.172,21.284,20.648,25.229,30.214,34.096,31.692,29.679,23.345,21.351
25.421,25.087,25.781,24.265,23.845,24.774,28.917,31.386,31.217,28.070,26.261,26.275,26.455,24.525,22.294,21.431,20.800,25.359,30.359,34.242,31.834,29.802,23.496,21.474
25.531,25.212,25.889,24.394,23.976,24.899,29.019,31.501,31.335,28.220,26.399,26.407,26.589,24.667,22.445,21.554,20.926,25.481,30.429,34.297,31.912,29.878,23.625,21.598
25.628,25.311,25.981,24.499,24.087,25.012,29.112,31.604,31.444,28.343,26.509,26.524,26.707,24.800,22.592,21.674,21.049,25.593,30.503,34.362,31.998,29.938,23.756,21.697
25.728,25.418,26.043,24.609,24.205,25.122,29.188,31.726,31.572,28.513,26.674,26.689,26.884,25.009,22.820,21.810,21.173,25.709,30.552,34.397,32.071,29.972,23.886,21.796
25.805,25.508,26.111,24.703,24.304,25.217,29.258,31.821,31.672,28.644,26.789,26.802,27.001,25.141,22.964,21.906,21.270,25.803,30.590,34.424,32.126,30.005,23.993,21.878
25.927,25.628,26.257,24.822,24.419,25.337,29.392,31.928,31.775,28.728,26.873,26.886,27.078,25.200,23.015,22.010,21.384,25.918,30.733,34.571,32.255,30.157,24.103,22.004
26.005,25.700,26.314,24.903,24.513,25.439,29.468,32.029,31.888,28.854,26.979,27.010,27.204,25.357,23.197,22.130,21.502,26.021,30.784,34.619,32.334,30.173,24.240,22.071
26.090,25.804,26.392,25.011,24.623,25.541,29.539,32.123,31.985,28.994,27.105,27.128,27.327,25.492,23.344,22.233,21.606,26.121,30.818,34.633,32.380,30.212,24.348,22.171
26.207,25.917,26.506,25.131,24.750,25.673,29.656,32.240,32.108,29.121,27.221,27.256,27.451,25.630,23.497,22.373,21.751,26.251,30.921,34.730,32.491,30.297,24.500,22.288
26.313,26.029,26.644,25.248,24.868,25.802,29.788,32.357,32.227,29.231,27.302,27.343,27.528,25.693,23.562,22.471,21.867,26.371,31.032,34.845,32.607,30.406,24.632,22.395
26.468,26.162,26.744,25.383,25.014,25.946,29.911,32.509,32.386,29.398,27.492,27.547,27.743,25.951,23.839,22.673,22.046,26.527,31.172,34.980,32.760,30.514,24.805,22.536
26.534,26.235,26.768,25.451,25.084,26.002,29.950,32.600,32.479,29.524,27.630,27.674,27.888,26.118,24.008,22.753,22.105,26.594,31.208,35.011,32.811,30.548,24.863,22.596
26.604,26.315,26.830,25.534,25.171,26.089,30.020,32.696,32.580,29.647,27.733,27.778,27.996,26.239,24.139,22.838,22.190,26.681,31.250,35.049,32.873,30.582,24.963,22.664
26.668,26.388,26.892,25.608,25.245,26.159,30.081,32.768,32.652,29.737,27.816,27.856,28.076,26.320,24.222,22.903,22.256,26.750,31.295,35.088,32.923,30.631,25.032,22.732
26.797,26.528,27.047,25.754,25.392,26.312,30.225,32.900,32.786,29.876,27.930,27.973,28.185,26.422,24.331,23.033,22.402,26.894,31.411,35.199,33.043,30.748,25.189,22.871
26.909,26.654,27.195,25.880,25.513,26.437,30.363,33.025,32.908,29.992,28.022,28.060,28.264,26.475,24.373,23.117,22.503,27.012,31.532,35.326,33.162,30.883,25.301,22.987
27.038,26.781,27.330,26.001,25.626,26.545,30.491,33.135,33.011,30.082,28.131,28.160,28.363,26.558,24.441,23.221,22.604,27.120,31.684,35.482,33.295,31.055,25.387,23.119
27.224,26.958,27.501,26.168,25.786,26.692,30.650,33.280,33.148,30.210,28.308,28.324,28.534,26.724,24.593,23.395,22.763,27.274,31.889,35.683,33.472,31.280,25.513,23.315
27.439,27.165,27.729,26.370,25.978,26.879,30.856,33.440,33.299,30.339,28.473,28.481,28.686,26.858,24.711,23.589,22.958,27.459,32.133,35.923,33.681,31.549,25.676,23.547
27.545,27.279,27.840,26.482,26.086,26.980,30.954,33.533,33.388,30.438,28.581,28.579,28.785,26.951,24.801,23.689,23.058,27.559,32.230,36.012,33.769,31.662,25.766,23.667
27.693,27.424,27.989,26.625,26.225,27.112,31.090,33.649,33.499,30.546,28.712,28.704,28.910,27.071,24.915,23.832,23.200,27.691,32.384,36.158,33.904,31.829,25.888,23.827
27.821,27.548,28.100,26.759,26.373,27.271,31.222,33.812,33.675,30.735,28.870,28.882,29.089,27.279,25.149,24.001,23.370,27.851,32.484,36.258,34.037,31.891,26.085,23.940
27.994,27.728,28.263,26.933,26.541,27.421,31.363,33.943,33.799,30.880,29.050,29.044,29.257,27.447,25.311,24.171,23.532,28.002,32.639,36.393,34.170,32.074,26.216,24.139
28.143,27.869,28.418,27.077,26.686,27.573,31.522,34.094,33.951,31.017,29.182,29.184,29.393,27.582,25.447,24.321,23.686,28.154,32.804,36.564,34.335,32.229,26.373,24.282
28.287,28.004,28.591,27.219,26.834,27.741,31.699,34.247,34.109,31.145,29.281,29.303,29.498,27.679,25.551,24.467,23.849,28.314,32.970,36.744,34.509,32.375,26.557,24.414
28.451,28.145,28.757,27.359,26.973,27.884,31.857,34.364,34.223,31.227,29.393,29.423,29.612,27.789,25.659,24.632,24.012,28.458,33.167,36.942,34.682,32.570,26.699,24.581
28.523,28.229,28.816,27.451,27.074,27.985,31.924,34.466,34.334,31.373,29.511,29.546,29.739,27.940,25.830,24.735,24.118,28.557,33.191,36.954,34.733,32.576,26.824,24.653
28.652,28.356,28.941,27.586,27.217,28.136,32.056,34.607,34.482,31.530,29.648,29.696,29.887,28.104,26.013,24.892,24.279,28.706,33.300,37.059,34.859,32.663,27.000,24.779
28.781,28.476,29.035,27.706,27.345,28.267,32.182,34.777,34.659,31.711,29.823,29.880,30.080,28.322,26.238,25.040,24.411,28.846,33.426,37.196,35.011,32.761,27.149,24.881
28.880,28.589,29.116,27.828,27.479,28.403,32.279,34.920,34.814,31.908,29.982,30.047,30.253,28.524,26.465,25.178,24.551,28.982,33.469,37.228,35.091,32.779,27.316,24.975
29.065,28.779,29.303,28.023,27.678,28.599,32.453,35.089,34.985,32.098,30.168,30.234,30.439,28.719,26.673,25.382,24.761,29.174,33.624,37.366,35.246,32.934,27.522,25.177
29.185,28.916,29.412,28.158,27.811,28.723,32.564,35.229,35.126,32.268,30.333,30.386,30.599,28.883,26.837,25.501,24.875,29.300,33.716,37.451,35.348,33.036,27.640,25.301
29.327,29.083,29.594,28.323,27.966,28.871,32.716,35.358,35.247,32.401,30.454,30.490,30.696,28.949,26.890,25.610,25.002,29.438,33.848,37.573,35.464,33.204,27.761,25.468
29.465,29.230,29.724,28.464,28.097,28.984,32.826,35.462,35.343,32.516,30.603,30.618,30.831,29.079,27.009,25.737,25.121,29.553,33.972,37.681,35.566,33.361,27.850,25.630
29.597,29.359,29.826,28.596,28.238,29.124,32.944,35.612,35.499,32.692,30.775,30.797,31.018,29.294,27.240,25.902,25.276,29.699,34.078,37.782,35.692,33.445,28.013,25.754
29.710,29.485,29.941,28.732,28.383,29.274,33.062,35.750,35.647,32.868,30.916,30.947,31.166,29.460,27.428,26.045,25.430,29.843,34.147,37.839,35.786,33.495,28.189,25.871
29.962,29.738,30.209,28.988,28.640,29.538,33.330,36.012,35.910,33.125,31.154,31.190,31.403,29.689,27.658,26.291,25.684,30.103,34.403,38.100,36.047,33.748,28.455,26.119
30.128,29.911,30.420,29.166,28.818,29.727,33.527,36.175,36.073,33.272,31.273,31.314,31.512,29.775,27.744,26.442,25.859,30.280,34.580,38.280,36.219,33.929,28.642,26.292
30.431,30.218,30.767,29.466,29.102,30.007,33.838,36.425,36.309,33.481,31.506,31.532,31.719,29.940,27.882,26.698,26.128,30.552,34.922,38.621,36.517,34.314,28.881,26.620
30.714,30.522,31.028,29.766,29.394,30.263,34.053,36.631,36.506,33.741,31.821,31.814,32.014,30.246,28.191,26.997,26.416,30.808,35.138,38.785,36.700,34.578,29.114,26.963
31.039,30.853,31.405,30.106,29.732,30.609,34.398,36.921,36.794,34.017,32.080,32.078,32.260,30.469,28.418,27.315,26.764,31.139,35.465,39.102,37.010,34.917,29.458,27.313
31.308,31.067,31.670,30.334,29.981,30.899,34.698,37.191,37.080,34.231,32.278,32.333,32.498,30.734,28.712,27.633,27.088,31.429,35.791,39.454,37.353,35.164,29.807,27.539
31.486,31.231,31.858,30.516,30.183,31.131,34.910,37.410,37.316,34.454,32.442,32.537,32.688,30.949,28.961,27.856,27.329,31.654,35.960,39.634,37.562,35.273,30.095,27.692
31.662,31.452,31.983,30.726,30.388,31.306,35.059,37.671,37.577,34.800,32.774,32.831,33.014,31.291,29.295,28.023,27.468,31.842,36.062,39.728,37.702,35.399,30.251,27.862
32.008,31.785,32.322,31.049,30.701,31.609,35.386,37.968,37.864,35.064,33.090,33.137,33.322,31.588,29.572,28.349,27.783,32.151,36.444,40.111,38.050,35.804,30.530,28.217
32.388,32.157,32.841,31.454,31.124,32.105,35.904,38.399,38.312,35.429,33.310,33.422,33.549,31.769,29.780,28.722,28.240,32.607,36.878,40.583,38.516,36.177,31.076,28.571
32.856,32.570,33.274,31.860,31.528,32.504,36.327,38.761,38.666,35.726,33.704,33.827,33.954,32.188,30.193,29.206,28.699,33.019,37.411,41.114,38.997,36.705,31.472,29.043
33.372,33.025,33.771,32.299,31.955,32.929,36.816,39.169,39.059,36.027,34.115,34.242,34.368,32.586,30.560,29.696,29.162,33.458,38.043,41.765,39.559,37.348,31.867,29.552
33.855,33.524,34.304,32.795,32.444,33.431,37.354,39.701,39.587,36.530,34.574,34.697,34.812,32.987,30.940,30.125,29.611,33.951,38.562,42.313,40.085,37.881,32.347,30.020
34.676,34.226,35.153,33.491,33.139,34.176,38.223,40.417,40.294,37.022,35.150,35.334,35.414,33.555,31.479,30.913,30.395,34.703,39.622,43.447,41.075,38.889,33.095,30.782
35.524,35.057,36.005,34.311,33.950,34.988,39.079,41.251,41.120,37.803,35.961,36.141,36.220,34.339,32.236,31.723,31.196,35.520,40.533,44.381,41.963,39.813,33.881,31.615
37.465,36.774,37.862,36.001,35.652,36.773,41.089,43.179,43.047,39.376,37.670,37.960,38.027,36.147,33.989,33.624,33.020,37.359,42.891,46.923,44.286,42.020,35.700,33.348
