29.338,27.134,25.493,24.331,23.183,26.866,40.500,54.263,56.956,55.566,54.169,51.902,48.658,45.167,43.064,42.041,42.086,48.208,53.607,56.677,54.461,45.652,38.127,28.756
33.596,32.192,30.596,30.155,29.009,32.032,43.856,54.274,56.965,55.625,54.235,51.903,49.799,47.570,46.241,45.403,45.511,49.803,53.617,56.702,54.640,46.816,40.177,33.083
34.935,33.570,31.297,31.287,30.404,33.205,44.246,54.301,56.968,55.694,54.278,51.904,49.808,47.607,46.263,45.506,45.901,49.831,53.619,56.747,54.643,47.664,41.876,34.667
35.469,33.922,31.608,31.814,31.113,33.723,44.340,54.358,56.974,55.698,54.347,51.958,49.819,47.623,46.290,45.555,45.936,49.849,53.707,56.756,54.691,47.815,42.057,35.217
35.808,34.328,32.139,32.375,31.719,34.175,44.366,54.390,57.014,55.752,54.399,52.083,49.895,47.676,46.381,45.611,45.976,49.924,53.794,56.762,54.809,47.855,42.339,35.561
36.219,34.849,32.768,32.886,32.246,34.614,44.382,54.404,57.070,55.753,54.404,52.087,49.966,47.749,46.390,45.614,46.001,50.036,53.822,56.785,54.812,48.022,42.410,36.007
36.417,35.038,33.086,33.109,32.494,34.824,44.445,54.406,57.093,55.753,54.413,52.094,50.056,47.886,46.536,45.749,46.150,50.102,53.916,56.789,54.843,48.144,42.454,36.186
36.458,35.050,33.155,33.132,32.522,34.825,44.483,54.421,57.094,55.826,54.434,52.196,50.176,48.016,46.593,45.808,46.236,50.207,53.958,56.790,54.851,48.198,42.478,36.246
36.698,35.302,33.388,33.339,32.765,35.043,44.555,54.468,57.150,55.852,54.436,52.217,50.188,48.028,46.618,45.850,46.312,50.247,53.968,56.867,54.877,48.222,42.861,36.504
36.809,35.426,33.500,33.472,32.908,35.164,44.629,54.615,57.194,55.865,54.604,52.237,50.234,48.035,46.733,45.917,46.329,50.280,53.980,56.909,54.921,48.452,42.945,36.623
37.033,35.698,33.752,33.736,33.184,35.404,44.752,54.680,57.230,56.039,54.647,52.243,50.261,48.114,46.743,46.049,46.488,50.341,54.026,56.910,55.013,48.457,43.229,36.870
37.182,35.832,33.867,33.904,33.358,35.569,44.859,54.812,57.345,56.088,54.688,52.397,50.264,48.159,46.794,46.063,46.499,50.413,54.169,56.981,55.018,48.580,43.243,37.013
37.279,35.914,33.887,33.977,33.449,35.654,44.873,54.824,57.509,56.155,54.777,52.431,50.462,48.277,46.827,46.105,46.584,50.554,54.213,57.043,55.044,48.594,43.351,37.120
37.400,36.009,33.999,34.080,33.568,35.762,44.940,54.980,57.557,56.184,54.914,52.475,50.488,48.291,46.887,46.139,46.589,50.638,54.225,57.184,55.081,48.619,43.422,37.241
37.484,36.100,34.074,34.184,33.677,35.858,44.980,55.078,57.611,56.205,54.925,52.589,50.525,48.376,47.067,46.204,46.657,50.674,54.311,57.306,55.134,48.656,43.459,37.327
37.555,36.211,34.169,34.310,33.803,35.960,45.013,55.124,57.658,56.290,55.000,52.656,50.634,48.462,47.100,46.396,46.809,50.735,54.454,57.341,55.282,48.773,43.505,37.408
37.712,36.363,34.299,34.474,33.969,36.124,45.183,55.127,57.699,56.323,55.019,52.728,50.779,48.566,47.191,46.399,46.862,50.890,54.482,57.341,55.407,48.775,43.615,37.564
37.785,36.452,34.377,34.583,34.078,36.220,45.252,55.212,57.734,56.350,55.044,52.834,50.889,48.630,47.296,46.479,46.948,51.002,54.553,57.432,55.550,48.896,43.627,37.638
37.930,36.601,34.562,34.735,34.223,36.368,45.377,55.225,57.741,56.351,55.128,52.865,50.940,48.712,47.299,46.591,47.045,51.030,54.571,57.468,55.590,49.033,43.766,37.778
38.074,36.760,34.724,34.900,34.384,36.524,45.533,55.235,57.760,56.419,55.142,52.960,50.970,48.821,47.446,46.741,47.194,51.114,54.706,57.486,55.621,49.035,43.901,37.922
38.233,36.943,34.938,35.092,34.567,36.701,45.679,55.263,57.785,56.439,55.158,52.994,51.014,48.866,47.563,46.868,47.307,51.157,54.731,57.520,55.641,49.160,44.048,38.079
38.352,37.058,35.022,35.195,34.675,36.811,45.823,55.311,57.894,56.543,55.219,53.003,51.027,48.905,47.650,47.017,47.437,51.165,54.744,57.546,55.716,49.339,44.203,38.204
38.433,37.143,35.109,35.271,34.758,36.885,45.853,55.459,57.990,56.555,55.293,53.065,51.046,48.929,47.683,47.017,47.469,51.166,54.813,57.563,55.761,49.436,44.317,38.291
38.452,37.153,35.111,35.272,34.770,36.890,45.871,55.578,58.014,56.556,55.432,53.152,51.056,48.972,47.712,47.018,47.476,51.215,54.897,57.643,55.773,49.470,44.364,38.317
38.565,37.268,35.213,35.389,34.891,37.006,45.916,55.595,58.088,56.627,55.446,53.236,51.124,48.974,47.723,47.045,47.497,51.231,54.989,57.769,55.871,49.482,44.465,38.432
38.635,37.393,35.371,35.545,35.030,37.117,45.963,55.599,58.109,56.636,55.499,53.349,51.230,49.047,47.802,47.134,47.597,51.349,55.142,57.783,56.010,49.570,44.476,38.496
38.716,37.431,35.452,35.569,35.074,37.174,46.088,55.660,58.118,56.654,55.528,53.387,51.330,49.174,47.935,47.263,47.731,51.476,55.165,57.817,56.030,49.648,44.564,38.586
38.825,37.579,35.524,35.734,35.229,37.316,46.217,55.688,58.183,56.654,55.570,53.412,51.489,49.281,48.054,47.383,47.848,51.641,55.198,57.862,56.040,49.725,44.643,38.696
38.938,37.686,35.593,35.841,35.339,37.430,46.374,55.859,58.195,56.720,55.735,53.432,51.513,49.450,48.225,47.551,48.023,51.656,55.231,58.017,56.046,49.858,44.747,38.811
39.000,37.756,35.689,35.915,35.415,37.494,46.381,55.887,58.216,56.720,55.757,53.501,51.529,49.475,48.249,47.566,48.046,51.692,55.318,58.061,56.073,49.877,44.802,38.874
39.048,37.790,35.716,35.943,35.451,37.530,46.406,55.905,58.262,56.753,55.772,53.619,51.603,49.489,48.254,47.578,48.053,51.739,55.412,58.152,56.239,49.925,44.857,38.924
39.158,37.897,35.853,36.065,35.567,37.648,46.493,55.908,58.275,56.763,55.794,53.672,51.645,49.575,48.347,47.668,48.132,51.922,55.417,58.156,56.290,49.966,44.918,39.026
39.284,38.023,35.946,36.189,35.695,37.775,46.649,55.911,58.283,56.769,55.805,53.723,51.779,49.756,48.526,47.839,48.316,51.930,55.483,58.164,56.312,50.114,45.044,39.155
39.341,38.083,35.984,36.244,35.756,37.830,46.711,55.983,58.316,56.776,55.832,53.801,51.834,49.810,48.583,47.900,48.387,51.992,55.577,58.171,56.435,50.200,45.123,39.220
39.426,38.190,36.081,36.349,35.858,37.925,46.816,56.009,58.348,56.792,55.833,53.872,51.916,49.886,48.667,47.993,48.483,52.088,55.671,58.190,56.520,50.318,45.233,39.310
39.518,38.288,36.141,36.441,35.958,38.017,46.916,56.020,58.364,56.804,55.862,53.876,52.002,49.977,48.771,48.099,48.608,52.170,55.673,58.211,56.542,50.438,45.343,39.411
39.536,38.303,36.153,36.458,35.981,38.034,46.924,56.046,58.365,56.809,55.871,53.900,52.004,49.984,48.771,48.107,48.613,52.188,55.697,58.234,56.544,50.443,45.351,39.432
39.609,38.374,36.186,36.513,36.051,38.098,46.946,56.060,58.413,56.831,55.937,53.903,52.023,49.996,48.780,48.117,48.636,52.210,55.710,58.265,56.548,50.546,45.470,39.514
39.622,38.378,36.203,36.520,36.055,38.100,46.969,56.062,58.430,56.843,55.963,53.938,52.044,50.036,48.828,48.161,48.692,52.223,55.738,58.274,56.553,50.547,45.475,39.529
39.645,38.389,36.204,36.532,36.084,38.121,46.993,56.218,58.440,56.851,56.058,53.944,52.073,50.044,48.835,48.173,48.696,52.251,55.758,58.421,56.607,50.568,45.479,39.555
39.693,38.417,36.206,36.560,36.120,38.157,46.997,56.222,58.469,56.855,56.064,54.052,52.080,50.081,48.869,48.197,48.737,52.260,55.862,58.456,56.632,50.571,45.507,39.604
39.794,38.530,36.278,36.680,36.243,38.273,47.120,56.250,58.507,56.858,56.079,54.079,52.218,50.248,49.038,48.349,48.908,52.418,55.898,58.519,56.671,50.631,45.564,39.710
39.813,38.546,36.294,36.707,36.274,38.296,47.131,56.287,58.516,56.864,56.114,54.179,52.235,50.249,49.039,48.354,48.910,52.434,56.075,58.542,56.876,50.673,45.588,39.728
39.962,38.730,36.450,36.879,36.442,38.457,47.325,56.306,58.604,57.001,56.138,54.227,52.395,50.408,49.209,48.535,49.103,52.621,56.106,58.558,56.929,50.881,45.783,39.889
40.008,38.772,36.487,36.911,36.480,38.493,47.359,56.430,58.652,57.078,56.281,54.254,52.419,50.423,49.227,48.562,49.132,52.637,56.123,58.641,57.002,50.957,45.861,39.940
40.095,38.866,36.582,37.005,36.572,38.584,47.449,56.473,58.753,57.127,56.334,54.287,52.449,50.443,49.259,48.617,49.167,52.648,56.154,58.723,57.022,51.049,45.952,40.027
40.159,38.937,36.704,37.077,36.641,38.647,47.452,56.532,58.776,57.263,56.364,54.324,52.487,50.481,49.299,48.647,49.207,52.682,56.190,58.806,57.042,51.077,46.022,40.088
40.227,39.009,36.788,37.151,36.715,38.718,47.505,56.553,58.960,57.308,56.383,54.334,52.500,50.503,49.309,48.662,49.216,52.721,56.324,58.862,57.205,51.129,46.086,40.156
40.352,39.119,36.882,37.252,36.820,38.830,47.641,56.557,59.030,57.346,56.537,54.489,52.647,50.637,49.449,48.808,49.360,52.837,56.385,59.023,57.280,51.287,46.230,40.282
40.452,39.231,37.002,37.376,36.938,38.944,47.744,56.743,59.086,57.457,56.611,54.580,52.745,50.730,49.551,48.912,49.460,52.934,56.411,59.115,57.366,51.350,46.298,40.379
40.525,39.304,37.088,37.430,36.997,39.002,47.790,56.823,59.214,57.493,56.687,54.599,52.753,50.743,49.557,48.930,49.473,52.944,56.434,59.169,57.527,51.479,46.437,40.458
40.649,39.444,37.217,37.579,37.139,39.143,47.952,56.902,59.222,57.519,56.754,54.764,52.925,50.908,49.729,49.099,49.646,53.127,56.609,59.269,57.637,51.601,46.544,40.581
40.729,39.525,37.280,37.654,37.218,39.220,48.045,57.030,59.419,57.727,56.825,54.856,53.018,50.998,49.820,49.192,49.746,53.225,56.713,59.296,57.683,51.713,46.644,40.666
40.800,39.598,37.320,37.732,37.301,39.296,48.131,57.034,59.435,57.749,56.851,54.944,53.116,51.109,49.932,49.295,49.863,53.341,56.813,59.442,57.707,51.778,46.698,40.742
40.896,39.690,37.403,37.830,37.400,39.396,48.234,57.216,59.575,57.924,57.021,55.064,53.241,51.243,50.062,49.413,49.985,53.471,56.930,59.462,57.791,51.848,46.765,40.836
40.952,39.736,37.460,37.874,37.447,39.444,48.264,57.239,59.628,58.007,57.023,55.091,53.264,51.266,50.084,49.439,50.007,53.482,56.948,59.526,57.814,51.893,46.822,40.891
41.106,39.909,37.651,38.057,37.619,39.615,48.432,57.366,59.653,58.063,57.154,55.238,53.416,51.424,50.246,49.601,50.154,53.629,57.074,59.598,57.937,52.018,46.958,41.042
41.152,39.947,37.712,38.102,37.665,39.659,48.436,57.415,59.667,58.333,57.243,55.246,53.423,51.425,50.247,49.602,50.161,53.649,57.101,59.634,57.971,52.027,46.976,41.084
41.253,40.060,37.839,38.233,37.789,39.780,48.542,57.427,59.917,58.347,57.276,55.339,53.526,51.549,50.371,49.715,50.262,53.751,57.165,59.843,57.999,52.055,47.020,41.178
41.332,40.120,37.896,38.289,37.850,39.845,48.604,57.701,60.041,58.464,57.304,55.421,53.603,51.628,50.444,49.786,50.333,53.816,57.239,59.925,58.058,52.128,47.097,41.256
41.406,40.186,37.993,38.355,37.915,39.913,48.640,57.823,60.201,58.614,57.556,55.447,53.623,51.644,50.461,49.810,50.346,53.816,57.247,60.025,58.081,52.177,47.169,41.326
41.554,40.327,38.086,38.506,38.068,40.069,48.843,57.977,60.209,58.691,57.663,55.700,53.887,51.928,50.735,50.055,50.610,54.107,57.513,60.055,58.273,52.315,47.273,41.474
41.646,40.428,38.193,38.618,38.175,40.174,48.941,57.983,60.314,58.841,57.810,55.793,53.985,52.036,50.843,50.156,50.709,54.215,57.601,60.066,58.345,52.371,47.332,41.563
41.767,40.554,38.314,38.746,38.301,40.300,49.079,58.076,60.496,59.017,57.850,55.936,54.130,52.180,50.987,50.298,50.852,54.360,57.734,60.069,58.455,52.499,47.451,41.684
41.851,40.622,38.417,38.823,38.380,40.379,49.102,58.100,60.801,59.317,57.884,55.952,54.145,52.206,51.011,50.320,50.862,54.366,57.749,60.119,58.479,52.499,47.489,41.761
41.953,40.720,38.529,38.939,38.493,40.490,49.184,58.258,60.880,59.369,57.966,56.036,54.237,52.316,51.118,50.415,50.952,54.453,57.800,60.235,58.489,52.519,47.527,41.856
42.085,40.876,38.696,39.112,38.657,40.648,49.330,58.564,61.117,59.565,58.106,56.162,54.373,52.464,51.270,50.561,51.093,54.607,57.922,60.350,58.587,52.602,47.615,41.985
42.259,41.063,38.864,39.314,38.851,40.842,49.555,58.649,61.354,59.755,58.381,56.409,54.630,52.735,51.537,50.808,51.347,54.891,58.177,60.462,58.797,52.754,47.744,42.157
42.344,41.149,38.924,39.395,38.936,40.926,49.658,58.658,61.527,59.801,58.470,56.516,54.740,52.845,51.648,50.917,51.467,55.010,58.298,60.561,58.915,52.870,47.845,42.247
42.518,41.355,39.131,39.613,39.144,41.126,49.864,58.901,61.631,59.949,58.648,56.697,54.931,53.039,51.849,51.118,51.666,55.225,58.490,60.747,59.114,53.036,48.004,42.422
42.701,41.553,39.328,39.826,39.351,41.329,50.064,59.140,61.636,60.038,58.860,56.892,55.136,53.259,52.069,51.327,51.876,55.448,58.684,60.924,59.280,53.175,48.141,42.602
42.831,41.683,39.415,39.956,39.485,41.462,50.235,59.331,61.715,60.174,59.045,57.084,55.336,53.466,52.273,51.519,52.085,55.668,58.896,61.093,59.462,53.333,48.271,42.738
42.937,41.788,39.505,40.058,39.590,41.566,50.352,59.444,61.808,60.242,59.156,57.205,55.457,53.587,52.394,51.639,52.212,55.795,59.025,61.210,59.590,53.459,48.387,42.847
43.086,41.954,39.666,40.218,39.747,41.721,50.525,59.625,61.866,60.455,59.300,57.366,55.617,53.738,52.549,51.802,52.375,55.963,59.200,61.394,59.793,53.650,48.567,43.000
43.192,42.032,39.706,40.286,39.829,41.806,50.629,59.699,62.110,60.496,59.424,57.501,55.752,53.877,52.681,51.926,52.516,56.094,59.343,61.500,59.907,53.780,48.684,43.110
43.371,42.219,39.890,40.466,40.004,41.985,50.839,59.937,62.144,60.725,59.635,57.718,55.963,54.075,52.880,52.129,52.718,56.309,59.572,61.748,60.162,54.014,48.899,43.291
43.493,42.358,40.075,40.612,40.145,42.118,50.912,59.966,62.419,60.893,59.646,57.736,55.983,54.093,52.909,52.174,52.746,56.319,59.573,61.779,60.197,54.084,49.007,43.410
43.713,42.612,40.339,40.872,40.393,42.360,51.160,60.242,62.589,61.122,59.854,57.953,56.205,54.310,53.134,52.406,52.972,56.558,59.800,62.019,60.453,54.314,49.233,43.631
43.855,42.758,40.483,41.023,40.542,42.509,51.313,60.412,62.904,61.201,60.016,58.108,56.363,54.472,53.295,52.563,53.130,56.722,59.956,62.170,60.600,54.449,49.364,43.773
44.079,42.993,40.675,41.262,40.779,42.746,51.604,60.768,62.932,61.358,60.338,58.426,56.689,54.806,53.626,52.877,53.460,57.079,60.297,62.471,60.906,54.701,49.577,44.000
44.222,43.123,40.816,41.389,40.907,42.879,51.730,60.888,63.064,61.557,60.486,58.564,56.821,54.935,53.751,53.003,53.582,57.197,60.425,62.614,61.036,54.841,49.724,44.141
44.387,43.302,41.033,41.582,41.091,43.060,51.877,61.052,63.242,61.834,60.630,58.686,56.946,55.065,53.885,53.139,53.702,57.321,60.530,62.742,61.144,54.945,49.852,44.299
44.604,43.491,41.183,41.758,41.275,43.255,52.123,61.321,63.510,61.993,60.941,58.992,57.244,55.360,54.169,53.410,53.989,57.617,60.847,63.038,61.433,55.218,50.093,44.518
44.793,43.690,41.312,41.936,41.460,43.440,52.395,61.607,63.765,62.027,61.185,59.284,57.536,55.640,54.449,53.691,54.296,57.939,61.189,63.344,61.792,55.543,50.359,44.722
44.989,43.878,41.436,42.099,41.634,43.617,52.643,61.840,63.972,62.130,61.415,59.560,57.807,55.897,54.703,53.948,54.578,58.221,61.504,63.629,62.124,55.867,50.636,44.931
45.287,44.220,41.798,42.468,41.977,43.961,53.012,62.349,64.502,62.644,61.833,59.929,58.186,56.285,55.093,54.322,54.941,58.636,61.874,64.011,62.474,56.123,50.873,45.220
45.521,44.448,41.962,42.676,42.195,44.181,53.301,62.636,64.763,62.846,62.117,60.249,58.504,56.596,55.400,54.626,55.270,58.970,62.230,64.329,62.830,56.464,51.169,45.466
45.728,44.653,42.084,42.891,42.416,44.401,53.594,63.006,65.102,63.156,62.477,60.598,58.871,56.989,55.784,54.974,55.652,59.384,62.611,64.615,63.120,56.685,51.334,45.680
46.074,45.010,42.473,43.263,42.774,44.763,53.938,63.409,65.534,63.626,62.863,60.940,59.212,57.334,56.128,55.313,55.973,59.723,62.932,64.970,63.434,56.971,51.635,46.015
46.224,45.135,42.483,43.383,42.921,44.903,54.152,63.605,65.661,63.708,63.098,61.212,59.506,57.660,56.443,55.594,56.311,60.060,63.251,65.140,63.648,57.169,51.772,46.182
46.543,45.473,42.815,43.710,43.242,45.225,54.502,63.971,66.030,64.025,63.415,61.550,59.837,57.970,56.759,55.924,56.637,60.396,63.606,65.524,64.055,57.559,52.146,46.504
46.891,45.816,43.143,44.082,43.608,45.594,54.883,64.452,66.518,64.567,63.907,61.976,60.278,58.446,57.223,56.350,57.069,60.861,64.020,65.891,64.368,57.810,52.387,46.843
47.308,46.199,43.443,44.474,44.009,46.008,55.382,65.064,67.120,65.208,64.571,62.587,60.898,59.098,57.851,56.927,57.680,61.512,64.646,66.424,64.860,58.222,52.739,47.259
47.976,46.865,44.037,45.165,44.687,46.703,56.199,66.116,68.183,66.290,65.602,63.527,61.849,60.084,58.813,57.826,58.604,62.523,65.606,67.308,65.677,58.877,53.313,47.920
48.996,47.864,44.850,46.085,45.617,47.674,57.507,67.609,69.660,67.569,67.045,65.024,63.309,61.481,60.185,59.183,60.026,64.034,67.230,68.900,67.337,60.369,54.593,48.966
49.915,48.722,45.902,46.903,46.416,48.522,58.290,68.383,70.578,68.652,67.934,65.838,64.044,62.139,60.830,59.882,60.643,64.634,67.956,69.899,68.225,61.329,55.630,49.853
50.931,49.591,46.334,47.830,47.394,49.538,59.679,70.243,72.341,70.566,70.023,67.714,65.989,64.265,62.853,61.654,62.593,66.756,69.916,71.338,69.509,62.259,56.289,50.872
52.422,51.054,47.586,49.396,48.940,51.116,61.509,72.662,74.759,73.119,72.454,69.869,68.207,66.631,65.149,63.749,64.769,69.143,72.099,73.218,71.184,63.531,57.378,52.337
54.412,53.049,49.379,51.417,50.958,53.148,63.786,75.258,77.311,75.602,74.992,72.335,70.706,69.187,67.672,66.171,67.269,71.769,74.647,75.562,73.499,65.594,59.268,54.335
