-24.954,-26.398,-26.939,-28.783,-28.892,-28.764,-27.329,-22.422,-25.246,-31.826,-37.672,-45.903,-54.815,-68.267,-75.730,-67.668,-54.405,-36.811,-19.904,-7.888,2.528,-4.262,-3.248,-9.239
-12.374,-13.391,-14.678,-16.058,-15.165,-15.046,-13.848,-10.380,-12.967,-17.652,-23.369,-29.702,-37.233,-49.360,-52.707,-45.933,-35.082,-19.434,-4.663,5.056,11.651,6.279,7.005,1.046
-8.500,-9.507,-10.847,-12.091,-11.215,-11.014,-9.921,-6.832,-9.264,-13.573,-19.060,-24.769,-31.674,-43.047,-46.106,-40.013,-29.728,-14.970,-1.046,8.138,14.223,9.088,9.606,3.974
-5.185,-6.145,-7.847,-8.829,-8.094,-7.865,-6.995,-4.483,-6.812,-10.493,-15.817,-20.594,-26.877,-37.321,-40.174,-34.935,-25.071,-10.958,2.399,10.998,16.652,11.446,11.767,6.389
-3.217,-4.188,-5.998,-6.866,-6.195,-5.903,-5.127,-2.897,-5.144,-8.567,-13.785,-18.094,-23.974,-33.925,-36.727,-31.991,-22.365,-8.703,4.242,12.568,18.010,12.824,12.982,7.793
-1.442,-2.453,-4.303,-5.098,-4.442,-4.054,-3.332,-1.325,-3.492,-6.755,-11.906,-15.847,-21.347,-30.942,-33.684,-29.397,-19.959,-6.706,5.853,14.003,19.242,14.117,14.086,9.062
-0.206,-1.164,-3.012,-3.793,-3.029,-2.660,-1.937,0.001,-2.137,-5.268,-10.367,-14.228,-19.640,-29.133,-31.472,-27.212,-18.060,-5.047,7.251,15.162,20.037,15.120,15.106,10.103
0.842,-0.123,-1.993,-2.730,-1.962,-1.552,-0.861,0.943,-1.145,-4.158,-9.200,-12.846,-18.038,-27.303,-29.543,-25.527,-16.540,-3.803,8.229,15.987,20.691,15.844,15.740,10.837
1.530,0.589,-1.336,-2.032,-1.277,-0.881,-0.224,1.497,-0.575,-3.476,-8.478,-11.992,-17.107,-26.222,-28.379,-24.462,-15.581,-2.959,8.767,16.506,21.198,16.367,16.259,11.391
2.254,1.267,-0.275,-1.100,-0.461,-0.061,0.685,2.710,0.704,-2.549,-7.341,-11.244,-16.420,-25.529,-28.211,-24.086,-15.239,-2.906,8.968,16.597,21.508,16.819,16.780,12.123
2.833,1.856,0.081,-0.628,0.030,0.467,1.124,2.865,0.868,-2.097,-6.942,-10.426,-15.368,-24.239,-26.669,-22.903,-14.142,-1.890,9.706,17.274,21.997,17.241,17.080,12.418
3.387,2.426,0.688,-0.022,0.634,1.057,1.715,3.460,1.484,-1.465,-6.249,-9.732,-14.645,-23.438,-25.834,-22.068,-13.412,-1.293,10.175,17.658,22.331,17.645,17.504,12.891
3.734,2.780,1.107,0.377,1.013,1.419,2.089,3.889,1.924,-1.066,-5.797,-9.351,-14.288,-23.060,-25.516,-21.691,-13.078,-1.028,10.378,17.843,22.562,17.917,17.813,13.238
4.071,3.131,1.485,0.751,1.402,1.798,2.473,4.278,2.326,-0.652,-5.347,-8.907,-13.828,-22.562,-24.958,-21.123,-12.592,-0.632,10.683,18.085,22.744,18.162,18.074,13.523
4.600,3.665,1.952,1.260,1.941,2.360,3.007,4.692,2.758,-0.101,-4.798,-8.185,-12.974,-21.591,-23.827,-20.153,-11.718,0.129,11.328,18.625,23.107,18.556,18.407,13.876
4.973,4.024,2.389,1.682,2.281,2.696,3.344,5.086,3.175,0.247,-4.371,-7.807,-12.588,-21.122,-23.594,-19.919,-11.481,0.268,11.394,18.706,23.358,18.794,18.660,14.215
5.342,4.375,2.736,2.049,2.578,3.010,3.634,5.343,3.450,0.533,-4.046,-7.404,-12.109,-20.520,-23.156,-19.594,-11.142,0.526,11.597,18.904,23.651,19.034,18.864,14.487
5.638,4.685,3.029,2.353,2.886,3.306,3.922,5.610,3.720,0.842,-3.725,-7.053,-11.748,-20.122,-22.704,-19.152,-10.744,0.894,11.934,19.191,23.888,19.287,19.128,14.754
6.005,5.055,3.402,2.738,3.268,3.695,4.301,5.954,4.083,1.242,-3.292,-6.562,-11.190,-19.479,-22.031,-18.545,-10.209,1.320,12.257,19.450,24.093,19.525,19.349,15.016
6.368,5.409,3.782,3.124,3.603,4.036,4.632,6.281,4.430,1.583,-2.900,-6.139,-10.716,-18.905,-21.580,-18.154,-9.839,1.590,12.444,19.618,24.328,19.753,19.563,15.297
6.626,5.669,4.002,3.369,3.838,4.276,4.850,6.442,4.598,1.811,-2.666,-5.815,-10.336,-18.449,-21.100,-17.755,-9.469,1.916,12.733,19.860,24.530,19.941,19.729,15.479
6.834,5.882,4.242,3.605,4.056,4.486,5.060,6.669,4.834,2.038,-2.403,-5.569,-10.087,-18.163,-20.849,-17.494,-9.240,2.090,12.859,19.962,24.652,20.081,19.886,15.665
6.950,6.004,4.369,3.726,4.200,4.625,5.207,6.823,4.986,2.189,-2.258,-5.442,-9.973,-18.075,-20.707,-17.325,-9.088,2.247,13.014,20.108,24.761,20.215,20.028,15.794
7.126,6.182,4.577,3.924,4.383,4.800,5.387,7.032,5.199,2.378,-2.045,-5.268,-9.817,-17.913,-20.590,-17.176,-8.947,2.367,13.118,20.212,24.903,20.367,20.199,15.981
7.337,6.374,4.790,4.137,4.577,5.017,5.603,7.240,5.421,2.583,-1.826,-5.023,-9.518,-17.572,-20.322,-16.972,-8.738,2.518,13.216,20.325,25.050,20.511,20.307,16.128
7.608,6.651,5.050,4.414,4.821,5.253,5.821,7.434,5.623,2.817,-1.564,-4.714,-9.185,-17.162,-19.951,-16.641,-8.428,2.784,13.452,20.522,25.264,20.706,20.505,16.354
7.768,6.814,5.259,4.605,5.006,5.428,6.009,7.666,5.859,3.015,-1.339,-4.550,-9.046,-17.032,-19.859,-16.497,-8.301,2.882,13.523,20.595,25.372,20.841,20.665,16.531
7.894,6.936,5.402,4.741,5.131,5.555,6.140,7.813,6.010,3.145,-1.197,-4.429,-8.927,-16.912,-19.779,-16.409,-8.209,2.961,13.592,20.674,25.482,20.954,20.780,16.659
8.057,7.085,5.553,4.898,5.278,5.721,6.302,7.957,6.163,3.297,-1.042,-4.237,-8.689,-16.640,-19.543,-16.232,-8.028,3.105,13.702,20.791,25.608,21.073,20.867,16.769
8.180,7.212,5.681,5.026,5.420,5.863,6.446,8.096,6.304,3.447,-0.892,-4.085,-8.531,-16.485,-19.343,-16.031,-7.849,3.270,13.850,20.922,25.702,21.188,20.982,16.881
8.341,7.379,5.827,5.184,5.574,6.013,6.585,8.208,6.419,3.597,-0.735,-3.886,-8.312,-16.223,-19.061,-15.779,-7.621,3.474,14.033,21.072,25.826,21.309,21.101,17.007
8.496,7.535,5.965,5.330,5.736,6.180,6.748,8.348,6.559,3.760,-0.583,-3.704,-8.110,-16.018,-18.803,-15.545,-7.400,3.690,14.241,21.264,25.972,21.462,21.242,17.140
8.627,7.672,6.114,5.473,5.877,6.311,6.883,8.502,6.711,3.902,-0.433,-3.582,-8.012,-15.930,-18.718,-15.427,-7.287,3.808,14.363,21.385,26.102,21.600,21.398,17.294
8.720,7.748,6.193,5.553,5.940,6.392,6.962,8.575,6.788,3.963,-0.375,-3.508,-7.913,-15.820,-18.676,-15.424,-7.252,3.841,14.398,21.451,26.213,21.686,21.457,17.368
8.951,7.978,6.482,5.822,6.215,6.667,7.254,8.904,7.130,4.266,-0.041,-3.226,-7.631,-15.538,-18.404,-15.121,-6.989,4.036,14.525,21.568,26.333,21.859,21.641,17.580
9.088,8.109,6.620,5.959,6.369,6.834,7.425,9.065,7.296,4.434,0.123,-3.049,-7.426,-15.333,-18.163,-14.903,-6.789,4.207,14.664,21.701,26.428,21.978,21.740,17.684
9.216,8.234,6.756,6.093,6.497,6.966,7.558,9.200,7.436,4.567,0.265,-2.908,-7.275,-15.169,-18.019,-14.768,-6.658,4.317,14.754,21.791,26.528,22.082,21.840,17.796
9.380,8.396,6.902,6.252,6.622,7.089,7.667,9.292,7.532,4.678,0.389,-2.748,-7.096,-14.939,-17.856,-14.643,-6.521,4.442,14.878,21.909,26.690,22.208,21.961,17.937
9.534,8.547,7.092,6.431,6.784,7.250,7.834,9.490,7.737,4.851,0.590,-2.583,-6.936,-14.766,-17.743,-14.511,-6.399,4.525,14.928,21.963,26.787,22.320,22.083,18.086
9.671,8.688,7.200,6.555,6.899,7.363,7.934,9.558,7.804,4.954,0.691,-2.432,-6.766,-14.560,-17.528,-14.335,-6.226,4.697,15.102,22.117,26.927,22.439,22.195,18.198
9.845,8.856,7.337,6.710,7.053,7.531,8.088,9.665,7.917,5.104,0.833,-2.219,-6.501,-14.254,-17.203,-14.084,-5.981,4.920,15.306,22.304,27.082,22.580,22.304,18.314
10.024,9.033,7.503,6.883,7.238,7.725,8.278,9.829,8.086,5.295,1.020,-1.994,-6.242,-13.974,-16.884,-13.804,-5.721,5.152,15.507,22.486,27.222,22.730,22.435,18.450
10.185,9.194,7.666,7.049,7.406,7.897,8.448,9.987,8.249,5.470,1.204,-1.792,-6.019,-13.728,-16.621,-13.562,-5.503,5.336,15.659,22.618,27.330,22.853,22.551,18.577
10.313,9.320,7.782,7.172,7.516,8.009,8.552,10.080,8.344,5.574,1.312,-1.661,-5.873,-13.556,-16.475,-13.441,-5.377,5.453,15.772,22.727,27.454,22.961,22.652,18.688
10.462,9.462,7.905,7.310,7.625,8.126,8.655,10.155,8.425,5.672,1.416,-1.506,-5.683,-13.314,-16.293,-13.318,-5.240,5.574,15.885,22.840,27.599,23.071,22.742,18.798
10.560,9.543,7.963,7.377,7.685,8.207,8.729,10.200,8.469,5.722,1.444,-1.433,-5.577,-13.201,-16.211,-13.297,-5.177,5.658,15.991,22.976,27.752,23.187,22.821,18.875
10.708,9.687,8.065,7.501,7.795,8.327,8.830,10.253,8.523,5.819,1.532,-1.268,-5.368,-12.943,-15.959,-13.120,-4.992,5.837,16.170,23.142,27.908,23.310,22.916,18.977
10.843,9.824,8.202,7.641,7.922,8.449,8.947,10.370,8.642,5.943,1.668,-1.126,-5.223,-12.775,-15.815,-12.980,-4.859,5.956,16.279,23.241,28.023,23.418,23.031,19.103
11.009,9.991,8.360,7.807,8.089,8.620,9.112,10.512,8.790,6.114,1.845,-0.914,-4.983,-12.502,-15.519,-12.718,-4.620,6.161,16.452,23.389,28.140,23.544,23.145,19.227
11.153,10.143,8.484,7.945,8.226,8.751,9.233,10.607,8.884,6.242,1.972,-0.751,-4.810,-12.304,-15.291,-12.510,-4.426,6.355,16.645,23.556,28.280,23.675,23.278,19.356
11.302,10.288,8.608,8.080,8.342,8.870,9.340,10.693,8.970,6.346,2.076,-0.609,-4.648,-12.109,-15.132,-12.391,-4.291,6.490,16.788,23.698,28.444,23.808,23.399,19.485
11.398,10.392,8.725,8.188,8.467,8.987,9.466,10.838,9.112,6.479,2.208,-0.511,-4.576,-12.066,-15.049,-12.265,-4.181,6.607,16.906,23.812,28.535,23.924,23.533,19.607
11.500,10.502,8.842,8.303,8.584,9.093,9.573,10.954,9.229,6.598,2.340,-0.393,-4.471,-11.958,-14.924,-12.116,-4.054,6.722,17.008,23.894,28.606,24.011,23.637,19.713
11.641,10.641,9.019,8.467,8.742,9.251,9.740,11.148,9.431,6.770,2.534,-0.235,-4.317,-11.800,-14.801,-11.973,-3.925,6.814,17.067,23.955,28.691,24.119,23.752,19.849
11.735,10.728,9.127,8.566,8.839,9.354,9.851,11.277,9.562,6.874,2.640,-0.154,-4.238,-11.737,-14.768,-11.931,-3.872,6.864,17.113,24.023,28.785,24.217,23.846,19.949
11.905,10.896,9.313,8.750,9.017,9.536,10.034,11.462,9.755,7.063,2.848,0.057,-4.006,-11.477,-14.523,-11.701,-3.664,7.024,17.228,24.124,28.886,24.335,23.959,20.085
12.049,11.041,9.458,8.898,9.151,9.666,10.159,11.586,9.882,7.193,2.989,0.204,-3.857,-11.307,-14.380,-11.564,-3.529,7.148,17.346,24.235,29.016,24.456,24.085,20.221
12.208,11.204,9.653,9.085,9.325,9.832,10.330,11.781,10.084,7.377,3.204,0.390,-3.677,-11.106,-14.214,-11.376,-3.366,7.266,17.424,24.299,29.104,24.565,24.211,20.371
12.316,11.321,9.773,9.204,9.449,9.946,10.445,11.902,10.205,7.504,3.339,0.513,-3.566,-10.994,-14.075,-11.213,-3.227,7.397,17.545,24.400,29.186,24.664,24.326,20.484
12.453,11.450,9.919,9.344,9.591,10.097,10.602,12.067,10.374,7.654,3.490,0.655,-3.413,-10.848,-13.945,-11.092,-3.100,7.510,17.645,24.514,29.310,24.795,24.445,20.611
12.547,11.546,10.008,9.436,9.682,10.187,10.689,12.147,10.454,7.743,3.580,0.755,-3.311,-10.737,-13.829,-10.981,-2.993,7.615,17.749,24.611,29.401,24.883,24.534,20.701
12.648,11.645,10.116,9.540,9.793,10.300,10.806,12.271,10.578,7.859,3.694,0.859,-3.209,-10.646,-13.729,-10.874,-2.889,7.717,17.846,24.712,29.495,24.988,24.638,20.803
12.763,11.753,10.215,9.645,9.879,10.392,10.891,12.344,10.654,7.937,3.773,0.960,-3.092,-10.507,-13.638,-10.813,-2.808,7.798,17.933,24.809,29.625,25.092,24.730,20.905
12.915,11.904,10.393,9.817,10.042,10.556,11.059,12.526,10.844,8.113,3.973,1.146,-2.896,-10.289,-13.449,-10.623,-2.640,7.918,18.010,24.876,29.706,25.192,24.832,21.032
13.011,11.994,10.505,9.918,10.144,10.663,11.174,12.662,10.981,8.221,4.079,1.222,-2.829,-10.246,-13.430,-10.587,-2.590,7.974,18.070,24.960,29.814,25.305,24.944,21.145
13.089,12.076,10.600,10.005,10.239,10.749,11.269,12.778,11.093,8.319,4.178,1.285,-2.795,-10.239,-13.410,-10.525,-2.531,8.048,18.154,25.048,29.901,25.405,25.062,21.254
13.166,12.157,10.659,10.070,10.312,10.821,11.336,12.831,11.141,8.385,4.230,1.354,-2.726,-10.186,-13.317,-10.439,-2.439,8.162,18.289,25.180,30.012,25.507,25.161,21.338
13.283,12.280,10.822,10.209,10.482,10.982,11.520,13.061,11.368,8.573,4.417,1.461,-2.666,-10.178,-13.277,-10.316,-2.332,8.283,18.412,25.313,30.124,25.667,25.347,21.507
13.477,12.463,11.011,10.400,10.672,11.188,11.725,13.255,11.569,8.770,4.616,1.681,-2.411,-9.913,-13.018,-10.097,-2.115,8.469,18.569,25.474,30.283,25.829,25.485,21.661
13.606,12.592,11.104,10.503,10.784,11.303,11.834,13.340,11.645,8.869,4.686,1.780,-2.315,-9.834,-12.905,-9.998,-1.992,8.642,18.788,25.702,30.490,26.011,25.658,21.807
13.807,12.783,11.319,10.714,10.986,11.516,12.049,13.559,11.874,9.082,4.914,2.009,-2.059,-9.557,-12.667,-9.785,-1.785,8.804,18.909,25.827,30.634,26.165,25.797,21.972
13.960,12.937,11.478,10.871,11.130,11.654,12.187,13.709,12.023,9.221,5.061,2.143,-1.938,-9.432,-12.578,-9.683,-1.674,8.920,19.034,25.958,30.797,26.318,25.960,22.139
14.130,13.101,11.622,11.027,11.271,11.804,12.326,13.820,12.136,9.355,5.193,2.321,-1.730,-9.189,-12.359,-9.514,-1.496,9.090,19.201,26.122,30.968,26.465,26.087,22.276
14.260,13.229,11.769,11.164,11.416,11.950,12.481,13.993,12.311,9.507,5.344,2.443,-1.617,-9.100,-12.273,-9.407,-1.386,9.201,19.311,26.246,31.098,26.608,26.233,22.421
14.436,13.411,11.900,11.316,11.560,12.090,12.602,14.076,12.386,9.630,5.454,2.611,-1.440,-8.894,-12.049,-9.219,-1.189,9.426,19.565,26.483,31.319,26.794,26.414,22.589
14.590,13.570,12.065,11.478,11.730,12.256,12.772,14.251,12.562,9.805,5.632,2.777,-1.281,-8.743,-11.871,-9.024,-1.009,9.600,19.732,26.639,31.457,26.947,26.575,22.747
14.753,13.734,12.239,11.650,11.911,12.438,12.957,14.434,12.750,9.997,5.833,2.979,-1.066,-8.518,-11.638,-8.797,-0.791,9.781,19.863,26.773,31.565,27.079,26.706,22.886
14.910,13.870,12.427,11.822,12.046,12.586,13.114,14.631,12.957,10.138,5.997,3.101,-0.939,-8.385,-11.622,-8.779,-0.770,9.786,19.883,26.805,31.709,27.208,26.824,23.043
15.038,14.007,12.563,11.954,12.184,12.712,13.243,14.773,13.093,10.273,6.128,3.208,-0.864,-8.333,-11.565,-8.684,-0.658,9.920,20.026,26.965,31.865,27.367,27.004,23.207
15.309,14.276,12.839,12.236,12.445,12.976,13.500,15.022,13.351,10.538,6.419,3.521,-0.520,-7.935,-11.207,-8.361,-0.355,10.167,20.226,27.146,32.062,27.565,27.194,23.429
15.475,14.447,13.026,12.415,12.631,13.155,13.685,15.224,13.554,10.731,6.619,3.693,-0.367,-7.796,-11.051,-8.172,-0.181,10.337,20.389,27.301,32.209,27.732,27.377,23.610
15.691,14.672,13.286,12.661,12.878,13.387,13.928,15.505,13.837,10.989,6.901,3.919,-0.171,-7.611,-10.872,-7.937,0.029,10.524,20.555,27.457,32.377,27.931,27.606,23.847
15.859,14.847,13.500,12.854,13.092,13.590,14.150,15.772,14.102,11.219,7.137,4.082,-0.050,-7.540,-10.770,-7.759,0.188,10.686,20.712,27.619,32.528,28.124,27.827,24.058
16.049,15.036,13.724,13.066,13.279,13.769,14.335,15.994,14.328,11.408,7.353,4.253,0.099,-7.385,-10.696,-7.652,0.301,10.783,20.799,27.718,32.696,28.291,28.013,24.266
16.296,15.287,14.008,13.341,13.533,14.011,14.581,16.272,14.612,11.668,7.645,4.504,0.332,-7.136,-10.503,-7.425,0.514,10.966,20.957,27.871,32.892,28.499,28.245,24.521
16.541,15.521,14.234,13.572,13.753,14.244,14.808,16.483,14.825,11.883,7.855,4.744,0.599,-6.852,-10.255,-7.220,0.739,11.187,21.179,28.107,33.149,28.734,28.456,24.742
16.806,15.774,14.490,13.834,13.993,14.498,15.057,16.720,15.070,12.124,8.104,5.020,0.909,-6.506,-9.969,-6.981,0.989,11.408,21.378,28.315,33.390,28.958,28.658,24.968
17.042,16.038,14.718,14.066,14.268,14.746,15.305,16.961,15.295,12.392,8.349,5.256,1.097,-6.363,-9.675,-6.627,1.312,11.785,21.796,28.693,33.670,29.262,28.999,25.257
17.411,16.404,15.039,14.418,14.582,15.068,15.597,17.189,15.533,12.689,8.662,5.678,1.590,-5.760,-9.120,-6.183,1.746,12.169,22.143,29.002,33.988,29.536,29.243,25.535
17.745,16.752,15.338,14.724,14.941,15.420,15.950,17.517,15.843,13.039,8.963,5.993,1.877,-5.539,-8.742,-5.778,2.150,12.651,22.687,29.536,34.417,29.974,29.687,25.915
17.987,16.992,15.635,14.996,15.212,15.685,16.234,17.858,16.187,13.326,9.270,6.217,2.064,-5.386,-8.632,-5.601,2.324,12.813,22.837,29.707,34.632,30.218,29.954,26.194
18.306,17.314,15.916,15.289,15.504,15.974,16.513,18.117,16.434,13.598,9.516,6.489,2.324,-5.139,-8.371,-5.348,2.609,13.158,23.239,30.120,35.042,30.592,30.327,26.541
18.584,17.605,16.122,15.522,15.771,16.239,16.760,18.296,16.599,13.843,9.712,6.768,2.614,-4.857,-7.950,-4.966,2.991,13.604,23.740,30.591,35.408,30.935,30.658,26.819
19.026,18.043,16.525,15.940,16.145,16.609,17.113,18.635,16.930,14.184,10.048,7.135,2.974,-4.472,-7.663,-4.705,3.311,13.975,24.173,31.050,35.949,31.402,31.123,27.285
19.551,18.564,16.963,16.414,16.660,17.149,17.632,19.050,17.345,14.694,10.510,7.738,3.663,-3.748,-6.787,-3.954,4.040,14.700,24.884,31.720,36.475,31.922,31.582,27.719
20.038,19.077,17.393,16.862,17.132,17.594,18.064,19.455,17.719,15.128,10.892,8.141,4.002,-3.464,-6.391,-3.513,4.511,15.307,25.616,32.445,37.144,32.548,32.240,28.301
20.674,19.689,17.902,17.418,17.685,18.190,18.624,19.893,18.157,15.654,11.363,8.794,4.766,-2.636,-5.535,-2.844,5.226,16.045,26.380,33.212,37.858,33.184,32.786,28.837
21.504,20.502,18.515,18.102,18.440,19.002,19.392,20.460,18.702,16.366,11.931,9.632,5.732,-1.671,-4.328,-1.870,6.263,17.207,27.646,34.477,38.909,34.147,33.621,29.579
23.278,22.222,20.192,19.809,20.105,20.736,21.101,22.080,20.338,18.016,13.551,11.404,7.645,0.323,-2.474,-0.232,7.987,18.906,29.335,36.228,40.725,35.873,35.225,31.225
