10.348,8.287,7.349,5.180,4.840,4.600,11.259,21.340,20.352,11.601,5.477,3.959,1.263,-2.217,-4.134,-0.118,3.808,11.610,19.335,27.915,30.341,25.218,20.943,11.103
15.622,13.499,12.534,11.093,10.288,10.263,16.365,25.561,25.518,17.388,11.929,9.889,7.227,3.835,2.056,5.678,9.597,16.390,23.462,30.630,33.026,28.891,25.029,15.788
17.581,15.639,14.678,13.670,12.657,13.024,19.050,27.656,27.558,19.750,14.851,12.640,10.110,6.768,5.050,8.325,12.031,18.640,25.453,32.010,34.205,30.298,26.804,18.440
18.554,16.658,15.739,15.321,13.970,14.797,21.099,29.350,29.170,21.483,17.048,14.523,12.082,8.636,7.075,10.040,13.633,20.391,27.106,33.096,34.984,31.268,28.160,20.468
19.199,17.334,16.445,16.484,14.863,16.068,22.650,30.681,30.399,22.748,18.650,15.871,13.490,9.937,8.491,11.230,14.748,21.699,28.393,33.999,35.647,32.033,29.210,22.011
19.831,17.997,17.188,17.409,15.742,17.037,23.644,31.413,31.008,23.578,19.686,16.922,14.655,11.144,9.855,12.435,15.809,22.766,29.270,34.616,36.038,32.529,29.920,23.080
20.346,18.540,17.752,18.060,16.365,17.708,24.267,31.876,31.466,24.158,20.387,17.616,15.394,11.916,10.673,13.172,16.482,23.367,29.764,34.949,36.301,32.872,30.358,23.709
20.743,18.997,18.182,18.494,16.800,18.190,24.675,32.198,31.787,24.517,20.820,18.046,15.831,12.381,11.090,13.554,16.836,23.642,30.016,35.158,36.543,33.120,30.620,24.099
21.088,19.373,18.617,18.898,17.282,18.609,24.997,32.361,31.852,24.774,21.137,18.494,16.364,13.003,11.801,14.208,17.376,24.114,30.324,35.399,36.674,33.288,30.869,24.502
21.533,19.876,19.116,19.272,17.758,19.008,25.230,32.512,31.978,24.998,21.365,18.839,16.737,13.460,12.226,14.636,17.749,24.352,30.485,35.598,36.913,33.515,31.071,24.759
21.858,20.229,19.473,19.555,18.105,19.292,25.402,32.622,32.084,25.185,21.553,19.104,17.023,13.805,12.564,14.975,18.051,24.557,30.622,35.740,37.072,33.685,31.230,24.945
22.016,20.405,19.662,19.793,18.327,19.555,25.675,32.827,32.250,25.396,21.826,19.375,17.320,14.110,12.895,15.262,18.301,24.814,30.843,35.900,37.182,33.811,31.410,25.234
22.307,20.707,19.958,20.154,18.648,19.924,26.029,33.117,32.573,25.749,22.244,19.748,17.699,14.487,13.274,15.603,18.634,25.106,31.107,36.073,37.345,34.021,31.659,25.565
22.585,21.007,20.247,20.447,18.941,20.222,26.260,33.287,32.779,25.997,22.532,20.033,17.987,14.798,13.569,15.879,18.897,25.289,31.253,36.166,37.459,34.169,31.816,25.777
23.014,21.490,20.694,20.838,19.364,20.636,26.531,33.486,33.028,26.291,22.860,20.384,18.333,15.190,13.890,16.195,19.201,25.447,31.377,36.275,37.649,34.376,31.995,26.014
23.248,21.725,20.934,21.036,19.595,20.823,26.676,33.625,33.169,26.459,23.008,20.571,18.527,15.407,14.111,16.427,19.423,25.636,31.541,36.456,37.837,34.566,32.173,26.169
23.502,22.002,21.200,21.333,19.876,21.130,26.923,33.791,33.375,26.714,23.325,20.868,18.831,15.729,14.420,16.703,19.684,25.815,31.677,36.510,37.901,34.678,32.310,26.391
23.570,22.082,21.299,21.438,19.994,21.248,27.035,33.857,33.397,26.783,23.421,20.994,18.982,15.899,14.618,16.878,19.824,25.958,31.781,36.594,37.943,34.722,32.387,26.530
23.642,22.181,21.408,21.541,20.118,21.382,27.162,33.942,33.418,26.842,23.510,21.117,19.131,16.067,14.798,17.036,19.942,26.086,31.884,36.696,38.014,34.776,32.466,26.687
23.965,22.525,21.720,21.830,20.409,21.669,27.364,34.118,33.668,27.097,23.777,21.371,19.365,16.318,14.995,17.239,20.160,26.203,31.995,36.788,38.176,34.963,32.624,26.845
24.110,22.681,21.873,21.966,20.559,21.808,27.462,34.191,33.750,27.203,23.892,21.499,19.498,16.468,15.135,17.377,20.289,26.291,32.063,36.848,38.248,35.044,32.703,26.940
24.191,22.758,21.955,22.082,20.654,21.926,27.606,34.327,33.881,27.334,24.040,21.628,19.630,16.590,15.271,17.499,20.409,26.431,32.203,36.962,38.342,35.146,32.824,27.085
24.358,22.928,22.118,22.254,20.818,22.097,27.762,34.469,34.045,27.502,24.220,21.796,19.794,16.754,15.427,17.650,20.564,26.562,32.329,37.069,38.460,35.278,32.957,27.228
24.476,23.053,22.262,22.365,20.967,22.207,27.836,34.509,34.052,27.565,24.281,21.913,19.936,16.928,15.625,17.843,20.725,26.702,32.421,37.164,38.529,35.349,33.040,27.331
24.608,23.180,22.395,22.493,21.103,22.324,27.929,34.586,34.143,27.680,24.396,22.039,20.068,17.071,15.780,17.996,20.872,26.822,32.517,37.244,38.604,35.443,33.137,27.425
24.752,23.342,22.555,22.610,21.253,22.449,28.003,34.639,34.187,27.752,24.465,22.146,20.181,17.210,15.907,18.127,20.987,26.898,32.573,37.318,38.693,35.524,33.207,27.506
24.902,23.509,22.718,22.735,21.406,22.589,28.120,34.756,34.281,27.849,24.555,22.265,20.303,17.346,16.027,18.253,21.104,27.007,32.683,37.463,38.852,35.659,33.328,27.634
24.962,23.581,22.797,22.794,21.487,22.663,28.195,34.825,34.305,27.885,24.590,22.331,20.382,17.436,16.123,18.347,21.178,27.098,32.768,37.573,38.947,35.731,33.404,27.731
24.999,23.621,22.849,22.852,21.549,22.728,28.272,34.889,34.338,27.935,24.649,22.404,20.468,17.526,16.232,18.446,21.260,27.199,32.857,37.657,39.003,35.783,33.473,27.826
25.068,23.677,22.919,22.947,21.634,22.815,28.382,34.991,34.431,28.041,24.761,22.513,20.587,17.642,16.376,18.580,21.387,27.345,32.989,37.767,39.081,35.873,33.585,27.946
25.193,23.804,23.039,23.087,21.757,22.957,28.529,35.133,34.590,28.191,24.926,22.654,20.722,17.768,16.494,18.692,21.507,27.460,33.111,37.870,39.190,35.992,33.707,28.080
25.361,23.989,23.228,23.229,21.940,23.101,28.602,35.166,34.617,28.271,25.006,22.785,20.868,17.952,16.675,18.873,21.663,27.557,33.164,37.927,39.256,36.063,33.773,28.164
25.404,24.025,23.271,23.284,21.988,23.159,28.698,35.281,34.708,28.346,25.076,22.852,20.936,18.008,16.744,18.942,21.732,27.668,33.290,38.064,39.374,36.167,33.884,28.272
25.526,24.156,23.400,23.397,22.114,23.277,28.795,35.366,34.790,28.440,25.172,22.961,21.049,18.131,16.861,19.059,21.842,27.760,33.373,38.152,39.468,36.259,33.973,28.370
25.602,24.235,23.487,23.487,22.211,23.367,28.870,35.414,34.829,28.509,25.254,23.057,21.157,18.252,16.996,19.182,21.949,27.854,33.440,38.200,39.500,36.303,34.030,28.454
25.796,24.435,23.662,23.690,22.380,23.572,29.065,35.607,35.078,28.730,25.496,23.247,21.325,18.404,17.112,19.296,22.088,27.962,33.570,38.300,39.640,36.461,34.180,28.609
25.900,24.544,23.773,23.831,22.504,23.718,29.215,35.729,35.200,28.867,25.661,23.398,21.482,18.561,17.277,19.442,22.225,28.095,33.690,38.383,39.709,36.545,34.286,28.757
25.978,24.625,23.853,23.938,22.595,23.829,29.336,35.834,35.306,28.978,25.793,23.513,21.600,18.674,17.394,19.546,22.326,28.197,33.789,38.455,39.770,36.618,34.374,28.873
26.027,24.683,23.916,23.993,22.661,23.898,29.406,35.896,35.338,29.019,25.839,23.576,21.672,18.752,17.476,19.623,22.389,28.273,33.860,38.537,39.840,36.674,34.436,28.958
26.135,24.805,24.038,24.073,22.773,23.989,29.477,35.968,35.382,29.070,25.877,23.650,21.752,18.847,17.562,19.717,22.471,28.350,33.936,38.651,39.963,36.771,34.520,29.043
26.190,24.892,24.117,24.136,22.851,24.089,29.571,36.046,35.414,29.101,25.927,23.719,21.827,18.931,17.625,19.773,22.507,28.395,33.991,38.732,40.048,36.822,34.572,29.149
26.281,24.973,24.207,24.243,22.949,24.187,29.680,36.150,35.521,29.217,26.047,23.833,21.945,19.047,17.758,19.900,22.632,28.526,34.112,38.833,40.132,36.920,34.682,29.261
26.332,25.030,24.261,24.324,23.013,24.279,29.787,36.245,35.609,29.302,26.155,23.923,22.037,19.131,17.842,19.970,22.699,28.604,34.194,38.896,40.187,36.976,34.753,29.365
26.455,25.157,24.387,24.442,23.138,24.391,29.864,36.301,35.686,29.401,26.260,24.034,22.150,19.258,17.967,20.092,22.817,28.683,34.251,38.935,40.234,37.042,34.819,29.436
26.518,25.221,24.454,24.527,23.214,24.483,29.978,36.411,35.778,29.492,26.362,24.130,22.251,19.352,18.068,20.185,22.905,28.793,34.364,39.040,40.323,37.128,34.917,29.556
26.583,25.295,24.524,24.629,23.293,24.601,30.119,36.540,35.898,29.603,26.500,24.243,22.363,19.453,18.166,20.267,22.985,28.890,34.472,39.128,40.404,37.207,35.012,29.691
26.649,25.372,24.602,24.698,23.372,24.681,30.187,36.593,35.935,29.652,26.558,24.315,22.442,19.541,18.251,20.347,23.053,28.951,34.525,39.184,40.458,37.254,35.063,29.767
26.732,25.472,24.694,24.786,23.464,24.783,30.274,36.664,36.000,29.722,26.642,24.401,22.529,19.634,18.330,20.420,23.119,29.004,34.577,39.235,40.518,37.309,35.119,29.851
26.856,25.611,24.826,24.887,23.587,24.892,30.347,36.728,36.062,29.793,26.711,24.492,22.621,19.742,18.421,20.516,23.208,29.065,34.632,39.307,40.609,37.392,35.188,29.925
26.913,25.677,24.899,24.954,23.663,24.975,30.447,36.828,36.117,29.850,26.770,24.569,22.708,19.831,18.517,20.608,23.285,29.172,34.743,39.440,40.723,37.482,35.285,30.046
27.070,25.845,25.057,25.102,23.816,25.122,30.548,36.903,36.222,29.973,26.905,24.704,22.841,19.978,18.646,20.734,23.410,29.244,34.798,39.476,40.784,37.560,35.358,30.131
27.162,25.942,25.149,25.203,23.910,25.231,30.660,37.012,36.331,30.076,27.018,24.807,22.941,20.074,18.735,20.820,23.497,29.332,34.893,39.566,40.878,37.652,35.452,30.239
27.225,26.009,25.223,25.280,23.990,25.314,30.750,37.092,36.390,30.146,27.095,24.894,23.036,20.173,18.844,20.920,23.586,29.432,34.985,39.655,40.950,37.721,35.532,30.340
27.317,26.104,25.317,25.361,24.081,25.396,30.816,37.153,36.453,30.215,27.162,24.970,23.114,20.257,18.924,21.003,23.666,29.499,35.046,39.722,41.024,37.793,35.600,30.406
27.407,26.206,25.420,25.437,24.180,25.476,30.861,37.178,36.470,30.258,27.205,25.041,23.193,20.356,19.019,21.098,23.747,29.553,35.080,39.762,41.069,37.837,35.640,30.458
27.544,26.352,25.566,25.566,24.326,25.604,30.945,37.235,36.535,30.354,27.308,25.164,23.323,20.505,19.167,21.243,23.880,29.643,35.143,39.815,41.127,37.907,35.710,30.544
27.670,26.473,25.693,25.681,24.451,25.712,31.047,37.340,36.636,30.464,27.407,25.278,23.439,20.628,19.298,21.378,24.012,29.774,35.265,39.944,41.252,38.032,35.833,30.652
27.769,26.577,25.799,25.760,24.550,25.792,31.105,37.394,36.685,30.524,27.459,25.352,23.517,20.718,19.385,21.471,24.099,29.845,35.327,40.022,41.335,38.110,35.903,30.716
27.874,26.689,25.905,25.862,24.653,25.901,31.215,37.507,36.794,30.624,27.559,25.451,23.613,20.813,19.469,21.556,24.185,29.934,35.426,40.131,41.452,38.218,36.005,30.824
27.960,26.774,25.988,25.962,24.741,26.003,31.330,37.622,36.910,30.734,27.678,25.556,23.716,20.909,19.566,21.648,24.280,30.037,35.534,40.228,41.546,38.315,36.108,30.935
28.044,26.860,26.080,26.039,24.832,26.082,31.403,37.693,36.964,30.799,27.737,25.634,23.802,21.003,19.667,21.750,24.373,30.133,35.621,40.327,41.638,38.399,36.193,31.021
28.177,26.997,26.215,26.157,24.962,26.198,31.494,37.777,37.056,30.901,27.836,25.745,23.913,21.123,19.781,21.868,24.489,30.225,35.704,40.414,41.735,38.499,36.286,31.110
28.239,27.066,26.283,26.233,25.033,26.287,31.601,37.884,37.143,30.980,27.923,25.828,23.997,21.203,19.857,21.940,24.556,30.313,35.804,40.519,41.834,38.585,36.377,31.221
28.346,27.181,26.388,26.333,25.132,26.391,31.691,37.973,37.245,31.075,28.021,25.920,24.083,21.289,19.927,22.011,24.632,30.372,35.869,40.586,41.920,38.670,36.454,31.301
28.485,27.306,26.516,26.462,25.258,26.503,31.804,38.097,37.388,31.216,28.149,26.044,24.203,21.406,20.051,22.142,24.773,30.510,36.005,40.718,42.053,38.814,36.593,31.409
28.570,27.374,26.590,26.583,25.347,26.615,31.954,38.249,37.552,31.372,28.317,26.178,24.336,21.520,20.185,22.265,24.904,30.666,36.164,40.842,42.155,38.936,36.734,31.553
28.642,27.444,26.664,26.678,25.431,26.712,32.064,38.349,37.648,31.472,28.431,26.283,24.444,21.624,20.298,22.369,25.004,30.775,36.268,40.927,42.225,39.013,36.827,31.664
28.702,27.507,26.749,26.778,25.537,26.820,32.187,38.439,37.691,31.554,28.533,26.408,24.595,21.786,20.498,22.547,25.150,30.944,36.406,41.045,42.292,39.082,36.930,31.817
28.819,27.642,26.880,26.890,25.665,26.945,32.279,38.507,37.750,31.632,28.623,26.516,24.709,21.916,20.614,22.658,25.249,31.014,36.463,41.104,42.361,39.147,36.993,31.911
28.923,27.761,26.993,26.996,25.778,27.067,32.393,38.613,37.841,31.724,28.724,26.623,24.817,22.028,20.715,22.756,25.339,31.103,36.555,41.204,42.468,39.241,37.087,32.028
29.038,27.890,27.112,27.120,25.895,27.207,32.538,38.756,37.976,31.844,28.857,26.746,24.937,22.144,20.813,22.849,25.432,31.201,36.670,41.324,42.598,39.359,37.203,32.167
29.169,28.016,27.234,27.265,26.019,27.353,32.712,38.945,38.170,32.015,29.031,26.894,25.077,22.267,20.933,22.969,25.564,31.355,36.843,41.492,42.767,39.527,37.372,32.333
29.287,28.137,27.347,27.386,26.131,27.475,32.823,39.049,38.295,32.137,29.163,27.011,25.189,22.377,21.031,23.064,25.665,31.437,36.927,41.561,42.849,39.618,37.463,32.431
29.488,28.318,27.533,27.584,26.319,27.649,32.998,39.229,38.507,32.353,29.369,27.206,25.380,22.563,21.232,23.269,25.881,31.643,37.123,41.737,43.021,39.816,37.661,32.597
29.646,28.501,27.718,27.684,26.484,27.763,33.050,39.273,38.511,32.387,29.379,27.291,25.478,22.700,21.355,23.408,25.994,31.725,37.185,41.861,43.162,39.923,37.743,32.676
29.714,28.557,27.792,27.823,26.589,27.910,33.274,39.491,38.690,32.562,29.581,27.467,25.666,22.865,21.560,23.587,26.163,31.966,37.430,42.073,43.315,40.077,37.940,32.917
29.907,28.738,27.977,28.015,26.773,28.098,33.503,39.753,38.938,32.784,29.786,27.664,25.859,23.042,21.744,23.779,26.365,32.211,37.699,42.362,43.594,40.341,38.202,33.151
30.000,28.820,28.069,28.131,26.875,28.215,33.670,39.937,39.098,32.928,29.928,27.796,25.994,23.161,21.883,23.915,26.501,32.399,37.900,42.565,43.769,40.507,38.381,33.330
30.192,29.003,28.262,28.290,27.061,28.360,33.792,40.065,39.224,33.073,30.047,27.948,26.152,23.334,22.068,24.113,26.694,32.579,38.062,42.748,43.948,40.687,38.550,33.465
30.345,29.166,28.422,28.433,27.216,28.513,33.940,40.217,39.359,33.204,30.175,28.089,26.293,23.480,22.204,24.252,26.829,32.717,38.206,42.913,44.120,40.842,38.699,33.618
30.491,29.332,28.595,28.544,27.379,28.641,34.037,40.308,39.397,33.265,30.219,28.197,26.417,23.631,22.352,24.409,26.959,32.844,38.319,43.082,44.288,40.973,38.817,33.746
30.688,29.544,28.809,28.723,27.587,28.831,34.203,40.465,39.527,33.412,30.360,28.374,26.602,23.835,22.553,24.613,27.147,33.022,38.487,43.276,44.483,41.151,38.988,33.927
30.986,29.851,29.104,28.962,27.859,29.061,34.362,40.621,39.716,33.615,30.541,28.583,26.805,24.062,22.751,24.830,27.369,33.177,38.629,43.442,44.694,41.365,39.169,34.075
31.327,30.199,29.439,29.243,28.172,29.322,34.520,40.755,39.913,33.848,30.761,28.828,27.043,24.333,22.995,25.090,27.633,33.334,38.750,43.557,44.863,41.564,39.336,34.211
31.563,30.455,29.681,29.440,28.396,29.531,34.690,40.925,40.081,34.014,30.916,29.008,27.218,24.523,23.154,25.261,27.803,33.474,38.896,43.740,45.080,41.760,39.508,34.378
31.727,30.639,29.884,29.572,28.595,29.680,34.801,41.018,40.101,34.081,30.966,29.145,27.383,24.728,23.374,25.487,27.986,33.656,39.043,43.941,45.259,41.905,39.649,34.537
32.108,31.012,30.246,29.912,28.937,30.010,35.132,41.391,40.495,34.440,31.294,29.466,27.686,25.022,23.647,25.783,28.306,33.977,39.395,44.328,45.678,42.310,40.024,34.856
32.435,31.313,30.535,30.255,29.227,30.330,35.486,41.770,40.943,34.846,31.702,29.803,27.998,25.300,23.917,26.055,28.619,34.293,39.739,44.631,45.999,42.664,40.375,35.169
32.835,31.713,30.929,30.613,29.605,30.680,35.809,42.110,41.297,35.195,32.026,30.144,28.332,25.642,24.245,26.402,28.973,34.627,40.076,44.998,46.390,43.048,40.735,35.490
33.136,32.041,31.224,30.938,29.895,31.032,36.155,42.444,41.659,35.523,32.394,30.459,28.628,25.922,24.474,26.618,29.205,34.837,40.320,45.219,46.657,43.313,40.995,35.798
33.318,32.210,31.408,31.155,30.096,31.245,36.406,42.691,41.889,35.760,32.640,30.696,28.874,26.159,24.741,26.873,29.453,35.121,40.597,45.474,46.873,43.538,41.244,36.061
33.647,32.542,31.726,31.537,30.424,31.656,36.912,43.233,42.407,36.205,33.108,31.097,29.260,26.497,25.064,27.185,29.785,35.540,41.085,45.964,47.357,43.991,41.710,36.556
34.105,33.021,32.183,31.944,30.852,32.091,37.366,43.748,42.884,36.617,33.486,31.488,29.632,26.859,25.377,27.528,30.141,35.939,41.550,46.526,47.961,44.525,42.200,37.014
34.703,33.623,32.738,32.523,31.385,32.662,37.900,44.293,43.542,37.224,34.107,32.028,30.129,27.334,25.782,27.942,30.608,36.333,41.984,46.924,48.449,45.045,42.685,37.472
35.055,33.940,33.102,32.877,31.764,32.998,38.307,44.737,43.907,37.602,34.441,32.413,30.540,27.743,26.265,28.433,31.078,36.900,42.538,47.520,48.964,45.535,43.195,37.940
35.865,34.725,33.875,33.656,32.523,33.748,39.066,45.538,44.771,38.427,35.237,33.173,31.274,28.457,26.966,29.156,31.841,37.655,43.319,48.302,49.778,46.366,44.000,38.668
36.467,35.223,34.358,34.425,33.053,34.473,40.096,46.704,46.046,39.498,36.340,33.990,32.021,29.026,27.568,29.736,32.547,38.577,44.401,49.252,50.684,47.327,45.016,39.611
37.051,35.636,34.836,35.291,33.644,35.263,41.352,48.099,47.457,40.741,37.619,34.985,32.994,29.790,28.515,30.627,33.530,39.938,45.880,50.544,51.757,48.479,46.316,40.852
38.930,37.275,36.411,37.360,35.254,37.173,43.758,50.829,50.575,43.425,40.287,37.069,34.886,31.338,30.069,32.203,35.428,42.129,48.395,52.820,54.068,50.950,48.802,43.012
