-13.335,-18.379,-20.350,-18.891,-11.829,-5.992,3.806,14.788,17.526,10.221,5.384,3.709,3.266,3.290,4.538,6.429,9.223,16.512,24.742,29.807,23.530,17.879,14.274,6.772
-10.450,-15.916,-18.020,-15.875,-9.942,-3.635,6.570,17.497,19.813,13.036,8.282,6.583,5.226,4.893,6.089,8.383,11.480,19.045,27.340,31.257,25.023,19.693,16.422,9.441
-6.908,-12.106,-14.379,-12.025,-7.256,-1.002,9.017,19.084,21.047,14.677,10.286,8.553,7.209,6.997,8.062,10.194,12.893,20.702,29.042,32.454,26.218,21.248,18.110,12.243
-5.022,-10.329,-12.601,-10.058,-5.652,0.525,10.490,20.250,22.130,15.931,11.679,9.984,8.487,8.204,9.221,11.355,13.976,21.710,29.992,33.171,27.015,22.241,19.199,13.607
-3.579,-8.927,-11.186,-8.572,-4.319,1.736,11.618,21.133,23.004,16.865,12.713,11.050,9.555,9.264,10.248,12.327,14.836,22.490,30.734,33.884,27.774,23.115,20.099,14.670
-2.813,-7.975,-10.097,-7.718,-3.166,2.789,12.391,22.022,23.911,17.881,13.691,12.079,10.603,10.278,11.294,13.411,16.075,23.405,31.301,34.447,28.568,23.892,20.957,15.259
-1.946,-7.230,-9.281,-6.871,-2.198,3.603,13.130,22.670,24.642,18.590,14.437,12.879,11.396,11.023,12.031,14.123,16.754,23.891,31.706,34.942,29.139,24.522,21.594,15.800
-0.949,-6.007,-8.024,-5.751,-1.144,4.578,13.880,23.285,25.193,19.273,15.180,13.635,12.234,11.907,12.905,14.952,17.554,24.578,32.214,35.387,29.700,25.132,22.260,16.575
-0.220,-5.161,-7.132,-4.959,-0.305,5.329,14.470,23.806,25.710,19.850,15.787,14.264,12.923,12.613,13.609,15.626,18.217,25.112,32.608,35.792,30.198,25.656,22.813,17.124
0.451,-4.523,-6.492,-4.285,0.322,5.892,15.007,24.230,26.146,20.285,16.266,14.757,13.437,13.132,14.113,16.092,18.615,25.482,32.985,36.193,30.604,26.106,23.259,17.636
0.981,-4.006,-5.923,-3.738,0.947,6.465,15.509,24.741,26.674,20.848,16.830,15.349,13.996,13.652,14.638,16.636,19.203,25.942,33.338,36.536,31.026,26.550,23.736,18.025
1.561,-3.274,-5.184,-3.084,1.546,7.035,15.957,25.115,27.002,21.252,17.266,15.784,14.488,14.182,15.162,17.133,19.679,26.382,33.690,36.845,31.390,26.934,24.148,18.520
1.910,-2.972,-4.872,-2.765,1.925,7.346,16.262,25.369,27.308,21.499,17.528,16.058,14.816,14.523,15.497,17.425,19.912,26.585,33.920,37.181,31.710,27.259,24.440,18.795
2.551,-2.273,-4.169,-2.080,2.536,7.896,16.730,25.709,27.630,21.862,17.943,16.482,15.286,15.017,15.977,17.861,20.283,26.924,34.220,37.475,32.032,27.626,24.818,19.275
3.160,-1.429,-3.300,-1.349,3.198,8.531,17.171,26.081,27.920,22.294,18.410,16.951,15.804,15.572,16.529,18.400,20.837,27.398,34.520,37.669,32.337,27.959,25.215,19.760
3.605,-0.934,-2.793,-0.851,3.621,8.963,17.546,26.431,28.221,22.684,18.817,17.363,16.169,15.918,16.872,18.768,21.239,27.761,34.805,37.846,32.570,28.227,25.533,20.120
3.973,-0.599,-2.483,-0.480,3.878,9.207,17.813,26.601,28.377,22.845,19.016,17.561,16.365,16.122,17.060,18.932,21.341,27.904,35.000,38.023,32.719,28.414,25.715,20.412
4.419,-0.023,-1.911,0.022,4.322,9.611,18.118,26.809,28.554,23.064,19.273,17.814,16.702,16.510,17.439,19.262,21.614,28.168,35.219,38.244,32.963,28.675,25.982,20.781
4.946,0.645,-1.233,0.637,4.831,10.103,18.486,27.092,28.769,23.391,19.641,18.184,17.086,16.914,17.834,19.648,21.995,28.508,35.452,38.375,33.165,28.919,26.276,21.182
5.154,0.922,-0.950,0.866,5.080,10.320,18.644,27.219,28.896,23.523,19.785,18.328,17.288,17.144,18.063,19.848,22.170,28.662,35.577,38.532,33.337,29.088,26.440,21.363
5.700,1.622,-0.252,1.495,5.598,10.798,18.996,27.444,29.064,23.776,20.091,18.632,17.659,17.562,18.468,20.209,22.477,28.949,35.789,38.695,33.546,29.335,26.715,21.779
6.019,2.020,0.156,1.855,5.938,11.115,19.238,27.646,29.245,24.000,20.332,18.877,17.933,17.852,18.755,20.482,22.742,29.179,35.961,38.846,33.734,29.537,26.935,22.034
6.304,2.322,0.466,2.165,6.209,11.382,19.474,27.858,29.436,24.233,20.579,19.128,18.162,18.072,18.971,20.707,22.977,29.389,36.131,38.967,33.885,29.711,27.132,22.256
6.662,2.675,0.800,2.545,6.463,11.637,19.733,28.035,29.579,24.414,20.795,19.342,18.355,18.265,19.151,20.879,23.113,29.555,36.316,39.092,34.004,29.870,27.306,22.538
6.861,3.048,1.192,2.824,6.732,11.926,19.906,28.235,29.718,24.651,21.027,19.569,18.596,18.524,19.418,21.164,23.456,29.853,36.486,39.174,34.162,30.021,27.505,22.746
7.079,3.126,1.274,3.002,6.900,12.071,20.111,28.412,29.927,24.832,21.219,19.776,18.746,18.632,19.519,21.274,23.552,29.932,36.607,39.304,34.278,30.168,27.648,22.873
7.277,3.312,1.461,3.199,7.086,12.231,20.262,28.523,30.045,24.945,21.348,19.910,18.891,18.781,19.662,21.401,23.653,30.022,36.702,39.415,34.389,30.293,27.769,23.016
7.568,3.550,1.697,3.482,7.329,12.441,20.481,28.673,30.207,25.098,21.528,20.099,19.076,18.959,19.831,21.552,23.761,30.124,36.826,39.551,34.517,30.452,27.923,23.211
7.928,3.802,1.980,3.817,7.721,12.740,20.745,28.832,30.417,25.278,21.747,20.346,19.351,19.227,20.086,21.764,23.906,30.188,36.883,39.688,34.670,30.648,28.105,23.393
7.954,3.864,2.035,3.852,7.731,12.808,20.847,28.971,30.531,25.431,21.888,20.485,19.458,19.284,20.158,21.912,24.097,30.363,37.007,39.766,34.780,30.749,28.229,23.479
8.035,4.001,2.181,3.959,7.844,12.874,20.867,29.084,30.650,25.537,21.960,20.555,19.477,19.350,20.215,21.914,24.161,30.447,37.120,39.838,34.837,30.792,28.279,23.500
8.218,4.192,2.385,4.183,8.005,13.111,21.065,29.250,30.740,25.734,22.175,20.761,19.680,19.531,20.404,22.160,24.429,30.703,37.281,39.892,34.948,30.920,28.454,23.740
8.241,4.246,2.421,4.192,8.046,13.148,21.142,29.363,30.882,25.851,22.278,20.875,19.748,19.565,20.441,22.219,24.513,30.761,37.348,39.972,35.029,31.001,28.533,23.751
8.319,4.256,2.435,4.260,8.058,13.202,21.239,29.470,30.965,25.950,22.375,20.964,19.794,19.597,20.472,22.271,24.579,30.870,37.485,40.054,35.094,31.073,28.614,23.864
8.609,4.502,2.675,4.548,8.305,13.409,21.441,29.593,31.098,26.076,22.532,21.129,19.969,19.776,20.639,22.412,24.669,30.953,37.587,40.174,35.208,31.217,28.752,24.053
8.735,4.667,2.850,4.691,8.464,13.558,21.552,29.705,31.203,26.201,22.657,21.257,20.108,19.918,20.783,22.556,24.823,31.079,37.675,40.255,35.313,31.323,28.867,24.160
8.886,4.870,3.045,4.871,8.629,13.719,21.666,29.804,31.283,26.310,22.774,21.372,20.244,20.069,20.934,22.700,24.958,31.211,37.769,40.331,35.411,31.423,28.979,24.295
8.999,4.883,3.070,4.944,8.664,13.753,21.781,29.894,31.394,26.389,22.862,21.465,20.287,20.082,20.939,22.712,24.967,31.228,37.856,40.421,35.465,31.499,29.044,24.372
9.152,5.151,3.338,5.151,8.870,13.958,21.895,30.009,31.473,26.527,23.002,21.603,20.457,20.274,21.135,22.906,25.173,31.410,37.954,40.481,35.574,31.604,29.174,24.518
9.294,5.250,3.437,5.288,8.980,14.067,22.022,30.121,31.585,26.643,23.126,21.731,20.555,20.355,21.213,22.991,25.257,31.491,38.044,40.552,35.644,31.691,29.267,24.621
9.492,5.444,3.626,5.500,9.130,14.216,22.168,30.227,31.674,26.757,23.258,21.864,20.669,20.465,21.316,23.095,25.350,31.589,38.140,40.610,35.707,31.778,29.366,24.769
9.709,5.665,3.840,5.730,9.304,14.381,22.322,30.332,31.764,26.868,23.389,21.997,20.799,20.597,21.441,23.211,25.443,31.686,38.238,40.685,35.785,31.878,29.474,24.930
9.907,5.869,4.029,5.942,9.435,14.513,22.456,30.412,31.823,26.946,23.490,22.093,20.895,20.701,21.535,23.295,25.499,31.769,38.338,40.755,35.845,31.960,29.561,25.092
10.082,6.086,4.250,6.140,9.616,14.695,22.605,30.552,31.945,27.097,23.646,22.250,21.053,20.864,21.698,23.459,25.671,31.928,38.465,40.854,35.965,32.085,29.700,25.248
10.215,6.260,4.433,6.290,9.782,14.852,22.726,30.676,32.062,27.232,23.781,22.386,21.203,21.019,21.855,23.615,25.835,32.070,38.571,40.956,36.088,32.207,29.830,25.369
10.425,6.475,4.648,6.505,9.982,15.027,22.885,30.790,32.181,27.347,23.913,22.521,21.361,21.188,22.019,23.758,25.947,32.176,38.681,41.084,36.215,32.345,29.963,25.533
10.533,6.592,4.754,6.624,10.046,15.109,22.972,30.863,32.232,27.419,23.992,22.595,21.421,21.248,22.076,23.820,26.007,32.260,38.770,41.136,36.263,32.403,30.029,25.641
10.648,6.786,4.949,6.769,10.184,15.251,23.067,30.958,32.304,27.522,24.096,22.694,21.545,21.390,22.220,23.960,26.154,32.401,38.874,41.220,36.367,32.501,30.139,25.768
10.889,7.079,5.241,7.043,10.402,15.467,23.244,31.094,32.412,27.671,24.263,22.859,21.717,21.573,22.398,24.132,26.317,32.561,39.005,41.311,36.477,32.628,30.282,25.967
10.957,7.176,5.346,7.125,10.499,15.574,23.332,31.212,32.518,27.798,24.381,22.977,21.825,21.676,22.506,24.254,26.469,32.696,39.106,41.387,36.575,32.720,30.388,26.050
11.091,7.284,5.452,7.250,10.615,15.674,23.439,31.289,32.607,27.873,24.466,23.065,21.920,21.772,22.598,24.333,26.524,32.752,39.180,41.482,36.660,32.814,30.473,26.150
11.216,7.367,5.543,7.363,10.742,15.781,23.554,31.392,32.726,27.981,24.579,23.187,22.029,21.868,22.692,24.427,26.612,32.819,39.249,41.564,36.745,32.910,30.568,26.229
11.429,7.627,5.784,7.597,10.906,15.941,23.696,31.476,32.787,28.057,24.678,23.278,22.153,22.020,22.835,24.546,26.690,32.931,39.375,41.680,36.849,33.025,30.681,26.426
11.584,7.759,5.906,7.745,11.023,16.052,23.824,31.571,32.885,28.145,24.778,23.377,22.256,22.126,22.936,24.635,26.752,33.011,39.485,41.799,36.949,33.136,30.783,26.562
11.719,7.879,6.031,7.882,11.153,16.186,23.960,31.713,33.023,28.295,24.927,23.529,22.384,22.240,23.050,24.761,26.893,33.141,39.604,41.894,37.056,33.250,30.907,26.679
11.855,8.058,6.216,8.039,11.307,16.341,24.082,31.836,33.131,28.430,25.063,23.665,22.523,22.383,23.195,24.910,27.054,33.287,39.715,41.983,37.166,33.361,31.032,26.807
11.954,8.207,6.377,8.154,11.456,16.485,24.187,31.959,33.251,28.563,25.189,23.792,22.669,22.537,23.353,25.068,27.228,33.435,39.823,42.095,37.300,33.485,31.162,26.914
12.034,8.288,6.456,8.236,11.529,16.571,24.279,32.063,33.346,28.667,25.289,23.890,22.754,22.617,23.435,25.159,27.331,33.544,39.930,42.183,37.390,33.574,31.256,27.008
12.112,8.366,6.535,8.312,11.614,16.657,24.367,32.158,33.445,28.760,25.379,23.980,22.847,22.711,23.530,25.254,27.428,33.641,40.029,42.288,37.493,33.673,31.353,27.097
12.236,8.473,6.646,8.428,11.746,16.778,24.490,32.278,33.576,28.881,25.501,24.105,22.973,22.834,23.653,25.374,27.544,33.746,40.136,42.411,37.616,33.797,31.473,27.205
12.378,8.569,6.723,8.564,11.806,16.865,24.624,32.396,33.678,28.991,25.619,24.219,23.044,22.890,23.703,25.437,27.602,33.846,40.275,42.505,37.689,33.887,31.569,27.347
12.499,8.736,6.891,8.702,11.941,17.001,24.733,32.503,33.773,29.101,25.731,24.327,23.170,23.029,23.843,25.572,27.739,33.981,40.389,42.612,37.806,34.000,31.686,27.475
12.635,8.896,7.053,8.846,12.091,17.141,24.853,32.614,33.883,29.215,25.848,24.445,23.305,23.173,23.986,25.707,27.868,34.101,40.497,42.728,37.929,34.122,31.808,27.601
12.718,8.976,7.143,8.918,12.217,17.241,24.941,32.703,33.996,29.304,25.933,24.535,23.423,23.297,24.113,25.820,27.970,34.182,40.575,42.855,38.056,34.241,31.914,27.676
12.866,9.137,7.304,9.075,12.358,17.377,25.064,32.809,34.096,29.414,26.050,24.653,23.546,23.423,24.237,25.939,28.083,34.291,40.677,42.950,38.157,34.348,32.024,27.803
12.958,9.270,7.453,9.174,12.521,17.522,25.168,32.934,34.231,29.546,26.174,24.780,23.703,23.591,24.410,26.106,28.260,34.433,40.780,43.084,38.312,34.488,32.163,27.899
13.167,9.512,7.702,9.410,12.727,17.721,25.330,33.072,34.350,29.702,26.342,24.951,23.869,23.755,24.572,26.270,28.429,34.579,40.889,43.156,38.411,34.603,32.297,28.058
13.296,9.701,7.889,9.567,12.854,17.865,25.444,33.189,34.438,29.826,26.467,25.070,23.991,23.887,24.704,26.408,28.580,34.735,41.015,43.242,38.513,34.705,32.415,28.201
13.438,9.906,8.088,9.726,13.009,18.024,25.577,33.319,34.555,29.951,26.592,25.187,24.144,24.064,24.883,26.574,28.738,34.908,41.179,43.410,38.681,34.861,32.569,28.377
13.579,10.033,8.197,9.874,13.073,18.121,25.704,33.431,34.639,30.059,26.709,25.297,24.217,24.129,24.942,26.647,28.813,35.023,41.318,43.490,38.748,34.943,32.662,28.526
13.744,10.225,8.399,10.057,13.257,18.294,25.843,33.562,34.762,30.204,26.859,25.451,24.373,24.284,25.097,26.803,28.976,35.158,41.417,43.574,38.857,35.059,32.791,28.655
13.932,10.469,8.638,10.265,13.444,18.476,25.992,33.685,34.871,30.328,26.992,25.580,24.534,24.468,25.279,26.968,29.124,35.314,41.560,43.716,39.003,35.205,32.938,28.839
14.115,10.720,8.877,10.477,13.611,18.642,26.137,33.782,34.942,30.425,27.110,25.692,24.662,24.613,25.418,27.093,29.224,35.433,41.678,43.807,39.094,35.311,33.050,29.022
14.140,10.731,8.909,10.497,13.677,18.729,26.202,33.937,35.101,30.592,27.241,25.824,24.786,24.727,25.546,27.249,29.443,35.618,41.812,43.937,39.253,35.439,33.188,29.068
14.272,11.028,9.232,10.684,13.946,18.992,26.361,34.135,35.276,30.817,27.453,26.036,25.038,25.000,25.830,27.536,29.774,35.890,41.975,44.084,39.463,35.627,33.401,29.241
14.464,11.291,9.490,10.914,14.117,19.174,26.502,34.252,35.355,30.943,27.592,26.169,25.179,25.154,25.982,27.686,29.924,36.047,42.102,44.160,39.557,35.731,33.524,29.421
14.601,11.473,9.675,11.068,14.270,19.317,26.610,34.344,35.439,31.041,27.696,26.272,25.307,25.297,26.124,27.818,30.049,36.162,42.193,44.252,39.662,35.836,33.633,29.544
14.734,11.533,9.736,11.168,14.398,19.428,26.760,34.491,35.619,31.179,27.833,26.415,25.444,25.422,26.248,27.936,30.151,36.262,42.331,44.434,39.823,35.999,33.777,29.662
14.936,11.777,9.992,11.385,14.645,19.658,26.947,34.679,35.806,31.378,28.032,26.617,25.668,25.655,26.483,28.165,30.385,36.465,42.496,44.608,40.020,36.192,33.976,29.845
15.127,12.040,10.251,11.614,14.821,19.840,27.085,34.788,35.882,31.497,28.164,26.745,25.810,25.813,26.638,28.315,30.530,36.614,42.614,44.685,40.115,36.296,34.096,30.020
15.361,12.238,10.435,11.843,14.989,20.020,27.297,34.974,36.058,31.678,28.356,26.935,25.973,25.967,26.787,28.467,30.670,36.783,42.813,44.855,40.269,36.467,34.270,30.237
15.538,12.389,10.575,12.023,15.107,20.154,27.456,35.116,36.182,31.820,28.507,27.084,26.087,26.068,26.883,28.574,30.777,36.911,42.957,44.955,40.362,36.579,34.392,30.397
15.687,12.569,10.772,12.185,15.307,20.353,27.621,35.309,36.373,32.028,28.706,27.287,26.288,26.265,27.085,28.787,31.020,37.118,43.117,45.105,40.542,36.752,34.577,30.544
15.932,12.934,11.152,12.488,15.599,20.651,27.832,35.528,36.550,32.277,28.956,27.535,26.546,26.535,27.359,29.071,31.339,37.399,43.306,45.232,40.726,36.936,34.797,30.775
16.117,13.158,11.376,12.695,15.780,20.848,28.009,35.711,36.709,32.469,29.147,27.723,26.725,26.714,27.540,29.262,31.548,37.607,43.487,45.372,40.882,37.095,34.972,30.966
16.412,13.422,11.655,12.993,16.078,21.129,28.280,35.970,36.970,32.747,29.433,28.020,26.990,26.957,27.781,29.514,31.811,37.830,43.684,45.548,41.083,37.316,35.208,31.189
16.627,13.691,11.912,13.230,16.269,21.329,28.460,36.125,37.103,32.898,29.594,28.173,27.167,27.155,27.976,29.697,31.978,38.023,43.876,45.723,41.254,37.488,35.383,31.416
16.760,13.825,12.045,13.365,16.397,21.465,28.598,36.270,37.241,33.045,29.739,28.317,27.300,27.284,28.105,29.834,32.124,38.170,44.019,45.851,41.385,37.620,35.520,31.554
16.960,14.004,12.266,13.545,16.731,21.754,28.853,36.579,37.602,33.373,30.044,28.641,27.638,27.606,28.439,30.170,32.491,38.446,44.242,46.147,41.718,37.932,35.826,31.727
16.997,14.087,12.346,13.578,16.821,21.896,29.009,36.835,37.851,33.615,30.245,28.828,27.828,27.803,28.650,30.406,32.780,38.761,44.551,46.453,42.017,38.185,36.076,31.917
17.278,14.343,12.621,13.857,17.137,22.205,29.312,37.165,38.189,33.962,30.584,29.176,28.145,28.095,28.947,30.722,33.128,39.066,44.824,46.714,42.304,38.475,36.380,32.169
17.688,14.683,12.965,14.250,17.515,22.539,29.654,37.443,38.490,34.245,30.891,29.497,28.461,28.400,29.242,30.999,33.363,39.279,45.058,46.976,42.561,38.763,36.660,32.469
17.920,15.038,13.319,14.533,17.770,22.837,29.899,37.726,38.721,34.539,31.175,29.768,28.736,28.692,29.540,31.316,33.725,39.649,45.365,47.211,42.829,39.015,36.941,32.769
18.214,15.215,13.478,14.796,17.963,23.073,30.233,38.072,39.062,34.875,31.508,30.099,28.977,28.891,29.735,31.547,33.972,39.942,45.722,47.512,43.097,39.302,37.233,33.076
18.519,15.520,13.787,15.081,18.321,23.411,30.571,38.427,39.448,35.218,31.839,30.431,29.352,29.281,30.129,31.923,34.334,40.298,46.092,47.954,43.525,39.708,37.614,33.414
18.889,15.781,14.017,15.409,18.588,23.752,31.039,38.947,39.962,35.707,32.308,30.888,29.726,29.622,30.471,32.304,34.740,40.793,46.681,48.496,44.008,40.186,38.086,33.892
19.094,16.011,14.233,15.614,18.805,24.143,31.519,39.666,40.621,36.413,32.927,31.477,30.188,30.040,30.917,32.866,35.476,41.604,47.479,49.143,44.655,40.767,38.706,34.407
19.538,16.132,14.373,15.903,19.298,24.636,32.212,40.502,41.588,37.214,33.664,32.237,30.847,30.611,31.502,33.498,36.153,42.263,48.266,50.066,45.508,41.585,39.468,34.929
19.787,16.219,14.445,15.945,19.826,25.564,33.543,42.661,43.816,39.243,35.359,33.862,32.258,31.916,32.911,35.171,38.257,44.567,50.718,52.535,47.842,43.604,41.434,36.268
