12.156,10.041,6.681,5.511,9.651,16.948,29.303,39.643,38.075,37.389,34.039,29.270,26.793,26.081,28.209,28.873,32.712,41.781,46.042,42.426,35.136,28.753,27.090,25.738
16.201,14.268,11.545,10.289,13.892,20.419,31.414,41.676,41.455,39.896,36.567,32.035,29.750,29.098,31.094,31.971,35.488,44.064,48.104,44.717,38.450,32.017,30.318,28.978
17.648,15.911,13.401,12.095,15.325,21.583,32.173,42.226,42.442,40.607,37.347,32.702,30.512,29.860,31.818,32.830,36.253,44.742,48.949,45.584,39.711,33.170,31.480,30.160
19.300,17.942,15.749,14.444,17.119,22.905,32.957,42.607,43.159,41.199,38.095,33.335,31.221,30.572,32.483,33.630,36.950,45.274,49.603,46.273,40.820,34.198,32.641,31.355
20.120,18.879,16.831,15.538,18.039,23.607,33.373,42.888,43.588,41.577,38.526,33.806,31.720,31.082,32.964,34.142,37.401,45.595,49.868,46.585,41.311,34.712,33.209,31.936
20.999,19.809,17.800,16.540,18.968,24.416,34.002,43.290,43.932,42.000,39.026,34.383,32.335,31.708,33.554,34.707,37.907,45.941,50.143,46.920,41.737,35.272,33.815,32.571
21.706,20.448,18.417,17.209,19.757,25.174,34.677,43.891,44.372,42.577,39.627,35.173,33.123,32.515,34.334,35.400,38.563,46.436,50.422,47.272,42.048,35.777,34.349,33.120
22.607,21.488,19.672,18.524,20.917,25.993,35.086,44.183,44.763,42.997,40.111,35.832,33.773,33.193,34.973,36.028,39.114,46.755,50.482,47.425,42.359,36.190,34.880,33.660
23.324,22.134,20.334,19.212,21.670,26.675,35.553,44.534,45.120,43.362,40.505,36.413,34.400,33.842,35.576,36.576,39.581,47.014,50.559,47.599,42.631,36.654,35.338,34.140
23.664,22.409,20.503,19.387,21.929,27.044,36.032,44.924,45.349,43.683,40.843,36.758,34.765,34.204,35.932,36.894,39.899,47.322,50.897,47.941,42.909,37.014,35.677,34.494
24.083,22.891,21.045,19.943,22.405,27.420,36.295,45.111,45.562,43.906,41.098,37.031,35.044,34.487,36.203,37.173,40.156,47.521,51.066,48.129,43.157,37.280,35.979,34.803
24.554,23.528,21.878,20.798,23.062,27.812,36.423,45.219,45.833,44.135,41.359,37.316,35.306,34.760,36.468,37.480,40.437,47.728,51.181,48.266,43.421,37.492,36.281,35.099
25.077,24.112,22.473,21.445,23.666,28.320,36.837,45.411,45.842,44.322,41.626,37.660,35.659,35.121,36.805,37.769,40.694,47.851,51.213,48.344,43.497,37.711,36.574,35.418
25.324,24.428,22.822,21.780,23.891,28.503,36.984,45.486,45.978,44.422,41.751,37.708,35.726,35.182,36.864,37.868,40.788,47.963,51.420,48.535,43.755,37.918,36.790,35.639
25.642,24.795,23.240,22.220,24.281,28.801,37.184,45.626,46.108,44.590,41.946,37.945,35.960,35.421,37.093,38.090,40.992,48.103,51.497,48.635,43.886,38.085,36.997,35.852
25.837,25.044,23.533,22.514,24.505,28.963,37.288,45.695,46.215,44.687,42.060,38.040,36.057,35.518,37.188,38.202,41.097,48.198,51.604,48.742,44.034,38.212,37.147,36.003
26.147,25.368,23.858,22.852,24.830,29.262,37.554,45.889,46.363,44.880,42.277,38.279,36.303,35.768,37.428,38.429,41.312,48.370,51.754,48.907,44.207,38.431,37.382,36.248
26.356,25.618,24.146,23.146,25.074,29.448,37.682,45.985,46.480,44.999,42.411,38.415,36.440,35.906,37.562,38.571,41.446,48.480,51.853,49.013,44.344,38.565,37.538,36.406
26.586,25.908,24.484,23.494,25.346,29.640,37.789,46.021,46.531,45.064,42.505,38.511,36.541,36.010,37.658,38.676,41.535,48.529,51.892,49.062,44.440,38.670,37.676,36.550
26.805,26.058,24.581,23.595,25.520,29.865,38.017,46.198,46.652,45.208,42.656,38.715,36.769,36.242,37.875,38.863,41.700,48.642,51.977,49.174,44.550,38.865,37.845,36.730
27.094,26.380,24.957,24.002,25.909,30.154,38.195,46.337,46.766,45.375,42.845,38.985,37.028,36.511,38.133,39.098,41.915,48.771,51.988,49.220,44.612,38.987,38.013,36.902
27.362,26.670,25.266,24.328,26.208,30.397,38.358,46.407,46.803,45.455,42.958,39.140,37.195,36.684,38.290,39.240,42.032,48.816,51.988,49.248,44.673,39.110,38.160,37.061
27.566,26.914,25.552,24.636,26.487,30.600,38.494,46.508,46.876,45.577,43.099,39.322,37.365,36.859,38.460,39.399,42.182,48.917,52.021,49.298,44.728,39.195,38.286,37.189
27.684,27.053,25.736,24.810,26.614,30.679,38.495,46.523,46.998,45.627,43.145,39.363,37.416,36.912,38.508,39.471,42.239,48.964,52.072,49.355,44.851,39.289,38.376,37.277
27.813,27.213,25.921,24.994,26.755,30.788,38.575,46.584,47.084,45.703,43.230,39.432,37.486,36.982,38.577,39.552,42.318,49.035,52.164,49.445,44.965,39.387,38.485,37.386
28.040,27.389,26.046,25.111,26.899,30.977,38.741,46.638,47.119,45.731,43.280,39.502,37.605,37.102,38.676,39.638,42.370,49.041,52.188,49.494,45.064,39.564,38.627,37.547
28.113,27.507,26.202,25.261,27.014,31.044,38.783,46.705,47.221,45.824,43.372,39.577,37.664,37.161,38.741,39.719,42.458,49.138,52.289,49.586,45.163,39.623,38.707,37.621
28.194,27.539,26.206,25.273,27.055,31.140,38.920,46.866,47.375,45.963,43.497,39.709,37.803,37.299,38.880,39.849,42.589,49.280,52.438,49.735,45.296,39.767,38.824,37.738
28.300,27.673,26.393,25.447,27.199,31.224,38.930,46.907,47.535,46.060,43.583,39.799,37.888,37.386,38.967,39.957,42.691,49.378,52.517,49.816,45.426,39.858,38.921,37.828
28.455,27.886,26.665,25.720,27.390,31.335,38.953,46.923,47.581,46.083,43.624,39.829,37.923,37.423,38.999,40.009,42.730,49.393,52.534,49.839,45.509,39.923,39.009,37.917
28.579,28.036,26.850,25.904,27.537,31.439,39.008,46.964,47.686,46.163,43.707,39.910,38.004,37.505,39.079,40.102,42.817,49.472,52.606,49.914,45.617,40.014,39.109,38.016
28.678,28.148,26.973,26.027,27.641,31.527,39.078,47.025,47.761,46.231,43.779,39.978,38.074,37.575,39.148,40.176,42.887,49.538,52.677,49.986,45.702,40.095,39.194,38.102
28.795,28.307,27.170,26.240,27.824,31.650,39.165,47.109,47.829,46.335,43.892,40.108,38.185,37.689,39.264,40.289,43.003,49.637,52.731,50.044,45.752,40.145,39.279,38.185
28.907,28.414,27.263,26.324,27.893,31.735,39.243,47.124,47.866,46.356,43.925,40.117,38.221,37.723,39.292,40.323,43.026,49.653,52.791,50.105,45.844,40.245,39.366,38.279
29.012,28.555,27.431,26.487,27.997,31.801,39.265,47.136,47.905,46.365,43.945,40.122,38.227,37.728,39.293,40.345,43.039,49.662,52.832,50.145,45.933,40.312,39.438,38.353
29.165,28.696,27.559,26.618,28.137,31.946,39.392,47.204,47.961,46.436,44.029,40.219,38.342,37.845,39.402,40.443,43.125,49.716,52.879,50.206,46.005,40.423,39.546,38.468
29.255,28.757,27.600,26.651,28.191,32.030,39.488,47.262,48.061,46.517,44.106,40.297,38.433,37.935,39.488,40.528,43.204,49.794,52.973,50.302,46.110,40.538,39.641,38.566
29.370,28.910,27.791,26.844,28.333,32.117,39.498,47.295,48.102,46.544,44.145,40.332,38.471,37.975,39.524,40.577,43.243,49.815,52.979,50.317,46.172,40.591,39.709,38.635
29.504,29.136,28.108,27.172,28.554,32.214,39.514,47.297,48.134,46.565,44.184,40.368,38.495,38.002,39.549,40.625,43.283,49.831,52.990,50.324,46.219,40.604,39.770,38.694
29.619,29.249,28.226,27.299,28.689,32.332,39.594,47.341,48.192,46.646,44.272,40.484,38.609,38.119,39.662,40.727,43.378,49.898,53.011,50.361,46.262,40.675,39.850,38.776
29.725,29.398,28.427,27.496,28.829,32.414,39.619,47.387,48.314,46.726,44.350,40.547,38.667,38.178,39.723,40.810,43.459,49.984,53.099,50.446,46.386,40.757,39.945,38.867
29.817,29.496,28.520,27.587,28.906,32.492,39.693,47.426,48.349,46.763,44.397,40.584,38.713,38.223,39.765,40.855,43.499,50.018,53.153,50.501,46.454,40.831,40.019,38.944
29.901,29.608,28.666,27.735,29.019,32.562,39.724,47.460,48.415,46.818,44.455,40.640,38.764,38.275,39.817,40.917,43.559,50.072,53.199,50.547,46.521,40.882,40.083,39.007
29.967,29.674,28.722,27.790,29.071,32.624,39.795,47.513,48.458,46.865,44.507,40.682,38.812,38.322,39.863,40.963,43.604,50.120,53.263,50.609,46.584,40.948,40.146,39.072
30.074,29.806,28.857,27.924,29.173,32.716,39.887,47.566,48.501,46.920,44.576,40.728,38.862,38.369,39.910,41.017,43.659,50.177,53.349,50.690,46.673,41.031,40.238,39.167
30.166,29.925,29.003,28.072,29.286,32.793,39.929,47.599,48.559,46.970,44.631,40.780,38.912,38.420,39.960,41.075,43.714,50.226,53.395,50.737,46.742,41.088,40.307,39.236
30.301,30.059,29.151,28.222,29.430,32.913,40.002,47.654,48.636,47.035,44.702,40.872,39.013,38.524,40.056,41.171,43.795,50.276,53.424,50.780,46.813,41.178,40.398,39.330
30.397,30.189,29.316,28.392,29.564,32.999,40.045,47.694,48.697,47.096,44.769,40.942,39.077,38.589,40.121,41.242,43.864,50.334,53.464,50.823,46.872,41.227,40.466,39.397
30.485,30.294,29.448,28.529,29.684,33.085,40.101,47.765,48.788,47.183,44.855,41.038,39.164,38.679,40.212,41.335,43.956,50.419,53.526,50.887,46.944,41.291,40.543,39.470
30.564,30.347,29.479,28.555,29.735,33.167,40.200,47.864,48.884,47.270,44.938,41.124,39.258,38.772,40.303,41.423,44.042,50.505,53.621,50.984,47.039,41.396,40.632,39.561
30.686,30.500,29.674,28.752,29.896,33.276,40.259,47.939,49.005,47.371,45.039,41.228,39.355,38.872,40.403,41.533,44.149,50.605,53.702,51.067,47.147,41.484,40.735,39.661
30.831,30.645,29.832,28.920,30.072,33.427,40.378,48.050,49.101,47.488,45.160,41.385,39.507,39.028,40.554,41.673,44.282,50.707,53.757,51.136,47.215,41.580,40.842,39.769
30.912,30.733,29.937,29.021,30.153,33.488,40.401,48.070,49.167,47.522,45.195,41.420,39.550,39.072,40.595,41.723,44.322,50.737,53.789,51.173,47.285,41.644,40.903,39.830
30.980,30.820,30.043,29.125,30.231,33.546,40.445,48.120,49.243,47.584,45.258,41.469,39.596,39.117,40.642,41.781,44.382,50.805,53.867,51.245,47.371,41.708,40.973,39.898
31.071,30.906,30.122,29.194,30.294,33.624,40.531,48.204,49.350,47.666,45.337,41.529,39.665,39.184,40.709,41.856,44.456,50.892,53.986,51.360,47.500,41.824,41.076,40.002
31.192,31.068,30.307,29.384,30.443,33.740,40.636,48.300,49.445,47.775,45.455,41.629,39.756,39.273,40.802,41.958,44.564,51.008,54.108,51.475,47.615,41.918,41.191,40.116
31.287,31.159,30.382,29.462,30.527,33.837,40.750,48.386,49.498,47.850,45.537,41.709,39.840,39.357,40.884,42.034,44.640,51.080,54.189,51.556,47.686,42.005,41.278,40.206
31.376,31.249,30.464,29.542,30.608,33.932,40.872,48.515,49.615,47.973,45.658,41.815,39.943,39.457,40.988,42.140,44.754,51.212,54.337,51.696,47.812,42.118,41.391,40.318
31.470,31.353,30.556,29.636,30.695,34.028,40.993,48.609,49.673,48.058,45.752,41.893,40.021,39.533,41.066,42.216,44.835,51.301,54.445,51.798,47.899,42.208,41.486,40.416
31.544,31.424,30.619,29.699,30.766,34.111,41.094,48.719,49.771,48.162,45.854,41.991,40.115,39.627,41.161,42.310,44.934,51.409,54.557,51.906,47.994,42.300,41.577,40.506
31.672,31.585,30.784,29.852,30.924,34.235,41.181,48.823,49.901,48.289,45.981,42.121,40.233,39.746,41.283,42.439,45.065,51.537,54.663,52.011,48.109,42.396,41.693,40.618
31.742,31.609,30.818,29.904,30.938,34.307,41.334,48.976,50.041,48.409,46.091,42.194,40.323,39.831,41.370,42.529,45.161,51.671,54.867,52.202,48.286,42.565,41.824,40.751
31.876,31.727,30.891,29.965,31.065,34.456,41.488,49.128,50.161,48.552,46.235,42.363,40.489,39.999,41.537,42.681,45.311,51.806,54.973,52.316,48.382,42.688,41.948,40.876
31.980,31.845,31.025,30.104,31.195,34.567,41.591,49.249,50.285,48.682,46.362,42.493,40.609,40.119,41.660,42.805,45.441,51.940,55.091,52.431,48.491,42.786,42.057,40.982
32.090,31.938,31.105,30.184,31.293,34.679,41.708,49.358,50.383,48.783,46.464,42.605,40.726,40.237,41.775,42.914,45.545,52.035,55.182,52.527,48.585,42.897,42.161,41.088
32.189,32.050,31.230,30.311,31.409,34.778,41.797,49.454,50.485,48.886,46.567,42.708,40.824,40.335,41.875,43.016,45.649,52.140,55.279,52.623,48.681,42.986,42.258,41.183
32.343,32.233,31.445,30.537,31.609,34.926,41.896,49.538,50.572,48.989,46.679,42.841,40.950,40.464,42.001,43.140,45.768,52.232,55.333,52.687,48.757,43.071,42.366,41.292
32.463,32.360,31.593,30.677,31.722,35.019,41.944,49.581,50.675,49.048,46.739,42.896,41.016,40.531,42.063,43.217,45.833,52.287,55.401,52.759,48.874,43.176,42.465,41.391
32.537,32.434,31.658,30.743,31.797,35.108,42.066,49.720,50.792,49.180,46.867,43.014,41.125,40.639,42.176,43.328,45.955,52.429,55.548,52.897,48.986,43.278,42.569,41.493
32.647,32.532,31.744,30.836,31.915,35.236,42.211,49.867,50.901,49.317,47.003,43.168,41.274,40.788,42.326,43.465,46.094,52.562,55.658,53.011,49.075,43.386,42.681,41.604
32.812,32.724,31.976,31.076,32.128,35.394,42.313,49.976,51.037,49.450,47.140,43.324,41.421,40.939,42.475,43.616,46.241,52.687,55.744,53.105,49.187,43.496,42.810,41.732
32.930,32.860,32.097,31.199,32.232,35.508,42.456,50.072,51.088,49.535,47.240,43.397,41.497,41.012,42.549,43.691,46.320,52.777,55.870,53.223,49.293,43.602,42.924,41.851
33.040,33.017,32.285,31.392,32.377,35.610,42.541,50.152,51.175,49.632,47.345,43.484,41.573,41.087,42.627,43.781,46.416,52.882,55.979,53.324,49.398,43.681,43.027,41.951
33.113,33.101,32.385,31.491,32.458,35.673,42.580,50.192,51.240,49.683,47.397,43.533,41.623,41.138,42.677,43.837,46.470,52.931,56.029,53.375,49.465,43.740,43.089,42.013
33.302,33.288,32.566,31.687,32.672,35.877,42.779,50.364,51.354,49.847,47.573,43.742,41.827,41.344,42.880,44.020,46.649,53.082,56.136,53.494,49.563,43.878,43.242,42.169
33.475,33.415,32.668,31.799,32.856,36.090,43.014,50.631,51.570,50.095,47.809,44.029,42.105,41.627,43.162,44.274,46.905,53.319,56.312,53.682,49.709,44.066,43.425,42.351
33.632,33.608,32.913,32.063,33.095,36.252,43.109,50.737,51.680,50.229,47.949,44.210,42.266,41.794,43.327,44.433,47.060,53.440,56.357,53.741,49.771,44.137,43.533,42.455
33.753,33.760,33.103,32.254,33.254,36.367,43.190,50.843,51.824,50.359,48.076,44.334,42.379,41.907,43.444,44.561,47.191,53.575,56.477,53.858,49.901,44.240,43.651,42.568
33.919,33.948,33.327,32.490,33.470,36.528,43.292,50.941,51.936,50.478,48.201,44.491,42.528,42.062,43.594,44.708,47.329,53.680,56.532,53.926,49.985,44.337,43.769,42.686
34.081,34.101,33.477,32.642,33.634,36.693,43.452,51.102,52.090,50.636,48.359,44.662,42.700,42.235,43.765,44.873,47.492,53.833,56.671,54.070,50.127,44.491,43.923,42.840
34.207,34.198,33.553,32.709,33.734,36.833,43.632,51.320,52.316,50.843,48.550,44.845,42.883,42.416,43.950,45.059,47.684,54.050,56.902,54.294,50.335,44.687,44.099,43.013
34.383,34.326,33.635,32.775,33.838,37.007,43.852,51.541,52.543,51.040,48.736,45.015,43.073,42.603,44.136,45.245,47.868,54.251,57.149,54.538,50.581,44.937,44.312,43.228
34.588,34.558,33.882,33.025,34.048,37.185,43.988,51.622,52.632,51.131,48.847,45.121,43.189,42.719,44.246,45.360,47.972,54.332,57.241,54.636,50.711,45.077,44.462,43.384
34.749,34.769,34.135,33.276,34.231,37.314,44.070,51.681,52.735,51.217,48.944,45.194,43.262,42.792,44.318,45.453,48.061,54.420,57.349,54.740,50.854,45.191,44.593,43.515
34.933,34.957,34.359,33.503,34.456,37.499,44.204,51.857,52.959,51.416,49.133,45.412,43.472,43.006,44.532,45.668,48.270,54.613,57.493,54.893,51.023,45.355,44.764,43.681
35.212,35.358,34.905,34.076,34.906,37.751,44.280,51.952,53.139,51.597,49.330,45.647,43.671,43.214,44.739,45.894,48.488,54.781,57.553,54.969,51.154,45.450,44.940,43.847
35.507,35.622,35.185,34.390,35.289,38.086,44.543,52.218,53.337,51.865,49.602,46.047,44.054,43.611,45.123,46.229,48.805,55.003,57.611,55.071,51.229,45.625,45.142,44.052
35.629,35.731,35.256,34.446,35.342,38.193,44.700,52.345,53.462,51.972,49.712,46.110,44.136,43.687,45.200,46.316,48.895,55.122,57.809,55.255,51.419,45.802,45.294,44.209
35.803,35.921,35.455,34.627,35.491,38.353,44.885,52.570,53.749,52.206,49.933,46.274,44.299,43.845,45.367,46.512,49.102,55.383,58.133,55.557,51.734,46.052,45.531,44.439
36.047,36.171,35.728,34.886,35.726,38.576,45.086,52.803,54.064,52.459,50.174,46.494,44.523,44.068,45.592,46.758,49.347,55.645,58.420,55.837,52.050,46.328,45.796,44.699
36.265,36.394,35.959,35.105,35.928,38.782,45.292,53.031,54.340,52.695,50.402,46.696,44.728,44.271,45.798,46.980,49.571,55.893,58.700,56.108,52.339,46.583,46.041,44.941
36.546,36.640,36.159,35.305,36.168,39.075,45.632,53.347,54.601,52.981,50.690,46.988,45.030,44.570,46.096,47.263,49.854,56.175,58.997,56.406,52.613,46.888,46.330,45.235
36.943,37.093,36.699,35.871,36.704,39.492,45.956,53.730,55.008,53.412,51.119,47.476,45.478,45.028,46.555,47.717,50.311,56.597,59.295,56.718,52.919,47.187,46.685,45.579
37.344,37.502,37.117,36.315,37.159,39.908,46.334,54.064,55.268,53.745,51.471,47.885,45.878,45.434,46.954,48.088,50.673,56.902,59.524,56.970,53.152,47.481,47.009,45.909
37.750,37.976,37.664,36.871,37.653,40.318,46.702,54.492,55.744,54.215,51.935,48.340,46.300,45.858,47.388,48.540,51.140,57.389,59.976,57.410,53.592,47.862,47.430,46.318
38.368,38.647,38.406,37.625,38.374,40.959,47.305,55.184,56.474,54.947,52.652,49.070,46.988,46.549,48.091,49.253,51.870,58.135,60.656,58.083,54.246,48.465,48.074,46.946
39.293,39.737,39.761,39.043,39.669,41.908,47.957,56.005,57.432,55.919,53.614,50.179,47.995,47.581,49.129,50.294,52.910,59.082,61.288,58.753,54.946,49.120,48.873,47.713
40.097,40.703,40.872,40.142,40.620,42.746,48.843,57.163,58.757,57.163,54.801,51.227,48.943,48.518,50.121,51.370,54.071,60.438,62.690,60.066,56.208,50.106,49.922,48.715
42.620,43.351,43.957,43.347,43.884,45.504,51.213,60.233,62.058,60.471,57.965,54.792,52.238,51.869,53.514,54.711,57.463,63.732,65.202,62.644,58.648,52.449,52.487,51.179
