-4.348,-4.617,-6.217,-7.949,-6.112,-2.813,2.536,8.225,12.098,9.064,7.032,3.781,0.663,-5.504,-14.071,-17.131,-18.480,-9.578,1.010,10.938,12.193,11.173,6.471,1.546
4.716,3.565,3.218,1.674,2.325,5.400,11.130,16.900,19.128,16.383,15.998,12.565,8.408,-0.089,-8.648,-7.086,-7.458,0.494,10.500,19.585,20.823,20.014,13.815,8.602
7.416,6.096,5.861,4.566,4.977,7.859,13.672,19.371,21.356,18.614,18.485,14.875,10.988,3.020,-5.184,-3.831,-3.875,4.045,13.467,22.216,23.532,22.459,16.159,10.899
8.943,7.733,7.291,6.179,6.665,9.372,15.051,20.559,22.740,19.993,19.657,16.000,12.662,5.798,-1.995,-1.872,-1.899,6.034,14.990,23.490,24.862,23.550,17.669,12.524
10.105,8.920,8.232,7.405,7.959,10.522,16.163,21.545,23.793,20.940,20.501,16.724,14.076,8.822,1.649,-0.229,-0.074,8.209,16.364,24.678,26.108,24.366,18.775,13.731
11.154,9.999,9.272,8.492,9.084,11.615,17.093,22.336,24.483,21.663,21.238,17.588,15.091,10.294,3.452,1.107,1.291,9.517,17.272,25.402,26.765,25.009,19.573,14.716
12.364,11.165,10.605,9.756,10.255,12.791,18.183,23.368,25.309,22.589,22.327,18.807,16.063,10.743,3.881,2.421,2.612,10.540,18.306,26.294,27.588,26.022,20.493,15.712
12.927,11.783,11.143,10.332,10.893,13.398,18.681,23.771,25.736,23.026,22.695,19.238,16.663,11.760,5.107,3.147,3.323,11.245,18.781,26.672,27.941,26.337,20.981,16.314
13.571,12.429,11.849,11.016,11.538,14.016,19.243,24.282,26.204,23.551,23.255,19.846,17.204,12.105,5.444,3.875,4.035,11.777,19.330,27.123,28.375,26.850,21.513,16.880
14.084,12.978,12.358,11.537,12.101,14.569,19.705,24.674,26.584,23.946,23.621,20.282,17.720,12.852,6.337,4.502,4.648,12.363,19.756,27.475,28.694,27.170,21.940,17.405
14.587,13.506,12.876,12.058,12.641,15.094,20.141,25.038,26.913,24.305,23.975,20.711,18.189,13.447,7.054,5.124,5.259,12.901,20.158,27.787,28.972,27.474,22.328,17.884
14.854,13.788,13.114,12.326,12.939,15.385,20.397,25.262,27.133,24.514,24.166,20.921,18.491,13.905,7.499,5.464,5.611,13.301,20.416,28.016,29.189,27.649,22.562,18.168
15.263,14.186,13.596,12.759,13.319,15.757,20.764,25.626,27.476,24.908,24.597,21.369,18.796,14.002,7.727,5.847,5.965,13.481,20.762,28.330,29.502,28.064,22.933,18.514
15.442,14.406,13.754,12.920,13.544,15.992,20.934,25.756,27.627,25.053,24.689,21.516,19.020,14.364,8.065,6.064,6.154,13.708,20.881,28.437,29.582,28.134,23.098,18.753
15.841,14.825,14.209,13.331,13.957,16.411,21.270,26.040,27.864,25.341,24.992,21.910,19.337,14.525,8.241,6.509,6.559,13.970,21.145,28.635,29.738,28.390,23.389,19.115
16.114,15.095,14.428,13.627,14.253,16.663,21.532,26.280,28.125,25.575,25.209,22.074,19.668,15.219,9.064,6.899,7.003,14.496,21.495,28.939,30.069,28.606,23.659,19.387
16.378,15.413,14.679,13.885,14.583,16.992,21.751,26.421,28.273,25.732,25.309,22.262,19.960,15.817,9.833,7.266,7.339,14.830,21.651,29.034,30.122,28.658,23.852,19.699
16.674,15.704,14.947,14.186,14.892,17.294,22.039,26.690,28.512,25.960,25.546,22.506,20.275,16.339,10.460,7.633,7.739,15.280,21.961,29.316,30.396,28.887,24.102,19.980
16.874,15.899,15.149,14.398,15.089,17.477,22.230,26.879,28.705,26.155,25.747,22.690,20.468,16.525,10.640,7.852,7.966,15.491,22.174,29.515,30.604,29.087,24.300,20.166
17.096,16.144,15.346,14.620,15.348,17.727,22.433,27.042,28.873,26.318,25.878,22.850,20.723,17.037,11.272,8.150,8.266,15.824,22.369,29.674,30.749,29.197,24.489,20.413
17.332,16.401,15.592,14.855,15.611,17.998,22.636,27.201,29.000,26.461,26.019,23.060,20.941,17.328,11.646,8.441,8.540,16.066,22.522,29.786,30.825,29.305,24.647,20.646
17.471,16.561,15.707,14.991,15.778,18.157,22.769,27.311,29.135,26.587,26.108,23.156,21.120,17.710,12.089,8.622,8.720,16.284,22.655,29.905,30.942,29.385,24.790,20.820
17.721,16.824,16.005,15.246,16.032,18.422,22.978,27.489,29.280,26.771,26.306,23.423,21.303,17.713,12.104,8.881,8.942,16.391,22.801,30.014,31.020,29.551,24.969,21.044
17.852,16.968,16.144,15.378,16.176,18.567,23.094,27.586,29.374,26.874,26.401,23.544,21.428,17.856,12.256,9.033,9.081,16.508,22.896,30.092,31.085,29.632,25.077,21.179
18.017,17.139,16.288,15.549,16.355,18.728,23.253,27.733,29.543,27.033,26.540,23.667,21.620,18.194,12.641,9.238,9.296,16.750,23.081,30.260,31.264,29.770,25.251,21.357
18.157,17.299,16.403,15.685,16.522,18.888,23.392,27.852,29.688,27.166,26.636,23.768,21.803,18.583,13.104,9.416,9.473,16.973,23.220,30.391,31.393,29.860,25.400,21.534
18.382,17.528,16.656,15.924,16.747,19.103,23.586,28.027,29.857,27.360,26.835,23.985,21.987,18.663,13.164,9.661,9.703,17.124,23.403,30.540,31.537,30.043,25.593,21.736
18.483,17.630,16.735,16.023,16.854,19.203,23.698,28.144,29.992,27.479,26.941,24.069,22.119,18.902,13.426,9.770,9.823,17.289,23.536,30.680,31.689,30.156,25.719,21.854
18.666,17.808,16.931,16.210,17.033,19.387,23.868,28.307,30.123,27.621,27.105,24.255,22.274,19.003,13.533,9.965,10.020,17.457,23.695,30.824,31.820,30.311,25.861,22.011
18.793,17.946,17.041,16.336,17.180,19.532,23.989,28.407,30.222,27.714,27.184,24.349,22.424,19.309,13.878,10.134,10.195,17.662,23.812,30.925,31.912,30.380,25.969,22.152
19.018,18.155,17.296,16.568,17.386,19.746,24.198,28.618,30.386,27.898,27.410,24.597,22.594,19.310,13.914,10.354,10.416,17.821,24.008,31.107,32.081,30.597,26.144,22.328
19.178,18.316,17.455,16.737,17.554,19.905,24.341,28.744,30.499,28.016,27.533,24.729,22.747,19.515,14.123,10.556,10.626,18.019,24.158,31.229,32.199,30.709,26.272,22.474
19.305,18.455,17.571,16.860,17.698,20.051,24.465,28.851,30.608,28.120,27.623,24.836,22.893,19.774,14.411,10.709,10.777,18.193,24.270,31.332,32.292,30.790,26.386,22.618
19.514,18.649,17.807,17.080,17.891,20.245,24.654,29.039,30.755,28.287,27.828,25.057,23.049,19.779,14.436,10.922,10.993,18.346,24.454,31.496,32.447,30.986,26.547,22.779
19.695,18.822,17.993,17.270,18.069,20.419,24.822,29.199,30.889,28.428,27.989,25.225,23.211,19.937,14.589,11.132,11.215,18.551,24.630,31.650,32.597,31.140,26.692,22.932
19.793,18.944,18.092,17.365,18.190,20.539,24.903,29.253,30.960,28.506,28.037,25.303,23.317,20.116,14.806,11.254,11.315,18.636,24.683,31.685,32.620,31.171,26.779,23.055
19.863,19.012,18.159,17.430,18.259,20.614,24.981,29.336,31.038,28.580,28.114,25.381,23.392,20.195,14.886,11.315,11.377,18.713,24.757,31.769,32.701,31.251,26.851,23.129
20.000,19.128,18.272,17.584,18.386,20.715,25.126,29.495,31.205,28.729,28.275,25.482,23.550,20.449,15.154,11.484,11.589,18.968,24.975,31.980,32.942,31.428,27.009,23.246
20.138,19.270,18.391,17.718,18.540,20.873,25.259,29.610,31.298,28.814,28.360,25.590,23.704,20.760,15.550,11.665,11.783,19.201,25.102,32.092,33.038,31.503,27.109,23.385
20.331,19.457,18.586,17.919,18.733,21.061,25.442,29.785,31.453,28.973,28.534,25.767,23.886,20.957,15.770,11.887,12.018,19.426,25.294,32.265,33.208,31.671,27.273,23.557
20.449,19.572,18.693,18.044,18.853,21.170,25.557,29.898,31.569,29.083,28.644,25.863,24.013,21.149,15.984,12.029,12.173,19.596,25.432,32.393,33.344,31.782,27.391,23.670
20.599,19.690,18.838,18.207,18.977,21.282,25.715,30.079,31.731,29.238,28.836,26.009,24.152,21.248,16.057,12.183,12.365,19.800,25.645,32.606,33.577,31.989,27.543,23.778
20.684,19.789,18.902,18.295,19.083,21.372,25.793,30.140,31.816,29.315,28.884,26.050,24.269,21.531,16.397,12.310,12.496,19.959,25.738,32.682,33.659,32.033,27.636,23.885
20.764,19.871,18.976,18.379,19.168,21.450,25.872,30.215,31.901,29.396,28.958,26.117,24.359,21.669,16.550,12.404,12.594,20.066,25.827,32.766,33.748,32.107,27.721,23.971
20.890,19.983,19.106,18.507,19.277,21.559,26.007,30.368,32.048,29.542,29.121,26.258,24.475,21.712,16.555,12.509,12.709,20.179,25.979,32.929,33.921,32.280,27.859,24.081
20.996,20.087,19.219,18.615,19.380,21.663,26.109,30.470,32.145,29.644,29.228,26.370,24.570,21.766,16.596,12.612,12.808,20.263,26.077,33.025,34.015,32.386,27.959,24.180
21.159,20.234,19.380,18.792,19.534,21.803,26.266,30.630,32.291,29.789,29.395,26.514,24.723,21.922,16.757,12.801,13.023,20.474,26.270,33.202,34.202,32.555,28.108,24.312
21.263,20.336,19.489,18.906,19.635,21.891,26.359,30.720,32.388,29.892,29.499,26.607,24.816,21.990,16.812,12.917,13.140,20.566,26.378,33.295,34.304,32.656,28.212,24.405
21.418,20.495,19.635,19.068,19.802,22.050,26.502,30.846,32.509,30.011,29.615,26.727,24.980,22.263,17.140,13.119,13.353,20.790,26.532,33.426,34.431,32.763,28.344,24.557
21.484,20.588,19.698,19.129,19.893,22.138,26.554,30.872,32.563,30.070,29.635,26.772,25.061,22.428,17.341,13.204,13.412,20.839,26.556,33.436,34.433,32.769,28.411,24.657
21.626,20.735,19.828,19.272,20.048,22.290,26.692,30.997,32.682,30.184,29.744,26.890,25.219,22.699,17.665,13.379,13.596,21.047,26.697,33.564,34.556,32.872,28.537,24.804
21.722,20.846,19.934,19.366,20.155,22.399,26.775,31.065,32.757,30.269,29.814,26.985,25.307,22.772,17.741,13.478,13.673,21.095,26.752,33.610,34.591,32.931,28.623,24.911
21.824,20.956,20.040,19.466,20.264,22.511,26.871,31.152,32.846,30.363,29.900,27.086,25.407,22.876,17.854,13.584,13.769,21.180,26.833,33.685,34.661,33.010,28.718,25.021
21.906,21.034,20.106,19.550,20.346,22.583,26.960,31.246,32.953,30.459,29.991,27.152,25.509,23.049,18.039,13.675,13.874,21.315,26.948,33.803,34.790,33.108,28.819,25.108
22.044,21.189,20.261,19.693,20.498,22.731,27.070,31.329,33.041,30.565,30.083,27.276,25.628,23.150,18.153,13.838,14.014,21.401,27.032,33.858,34.834,33.181,28.929,25.248
22.142,21.302,20.348,19.795,20.616,22.837,27.158,31.398,33.130,30.652,30.144,27.340,25.747,23.392,18.441,13.972,14.145,21.543,27.124,33.932,34.909,33.234,29.029,25.365
22.278,21.439,20.487,19.937,20.754,22.970,27.285,31.517,33.246,30.772,30.266,27.464,25.877,23.530,18.589,14.126,14.301,21.686,27.254,34.048,35.025,33.350,29.152,25.494
22.380,21.540,20.576,20.038,20.861,23.074,27.390,31.620,33.347,30.865,30.357,27.551,25.993,23.727,18.816,14.244,14.430,21.842,27.369,34.161,35.138,33.443,29.252,25.599
22.487,21.656,20.683,20.131,20.976,23.210,27.499,31.722,33.430,30.948,30.440,27.672,26.101,23.855,18.973,14.343,14.517,21.941,27.440,34.239,35.193,33.517,29.335,25.717
22.559,21.738,20.735,20.192,21.064,23.304,27.580,31.796,33.510,31.016,30.490,27.732,26.205,24.088,19.235,14.424,14.599,22.070,27.511,34.318,35.265,33.567,29.412,25.816
22.663,21.849,20.858,20.295,21.168,23.415,27.674,31.883,33.592,31.112,30.586,27.851,26.287,24.090,19.259,14.518,14.673,22.103,27.577,34.379,35.316,33.654,29.502,25.918
22.810,21.995,21.006,20.456,21.315,23.541,27.810,32.014,33.743,31.266,30.734,27.975,26.433,24.237,19.306,14.687,14.847,22.257,27.741,34.525,35.479,33.801,29.660,26.058
22.907,22.096,21.115,20.552,21.407,23.634,27.909,32.121,33.867,31.395,30.856,28.093,26.521,24.240,19.327,14.753,14.897,22.283,27.832,34.627,35.585,33.928,29.780,26.163
23.016,22.205,21.236,20.660,21.510,23.741,28.018,32.235,33.985,31.520,30.982,28.221,26.618,24.252,19.378,14.841,14.974,22.337,27.932,34.733,35.692,34.054,29.897,26.271
23.182,22.355,21.404,20.828,21.663,23.898,28.189,32.416,34.138,31.672,31.161,28.396,26.771,24.366,19.416,15.004,15.154,22.521,28.112,34.917,35.874,34.238,30.046,26.412
23.351,22.530,21.568,20.998,21.842,24.075,28.347,32.560,34.277,31.812,31.297,28.545,26.942,24.591,19.618,15.199,15.350,22.718,28.266,35.054,36.005,34.364,30.195,26.582
23.564,22.711,21.803,21.224,22.024,24.258,28.556,32.786,34.453,32.000,31.541,28.780,27.105,24.602,19.630,15.405,15.578,22.905,28.494,35.276,36.228,34.613,30.371,26.732
23.713,22.857,21.974,21.382,22.167,24.398,28.689,32.914,34.570,32.132,31.687,28.935,27.222,24.605,19.689,15.557,15.723,22.998,28.621,35.387,36.336,34.750,30.499,26.859
23.854,23.004,22.098,21.521,22.320,24.548,28.831,33.046,34.706,32.259,31.803,29.052,27.385,24.891,19.952,15.724,15.898,23.207,28.769,35.528,36.476,34.864,30.637,27.012
24.030,23.184,22.294,21.702,22.497,24.723,28.990,33.195,34.849,32.418,31.966,29.233,27.534,24.958,20.002,15.903,16.062,23.320,28.911,35.655,36.596,35.016,30.793,27.177
24.185,23.337,22.440,21.861,22.654,24.873,29.142,33.344,34.998,32.563,32.110,29.369,27.697,25.180,20.246,16.078,16.248,23.519,29.078,35.814,36.759,35.160,30.944,27.329
24.291,23.440,22.531,21.970,22.758,24.966,29.260,33.473,35.152,32.706,32.241,29.466,27.826,25.356,20.414,16.180,16.361,23.661,29.226,35.972,36.936,35.304,31.088,27.446
24.446,23.577,22.682,22.135,22.903,25.103,29.413,33.631,35.289,32.839,32.400,29.607,27.973,25.515,20.583,16.358,16.564,23.872,29.410,36.144,37.115,35.465,31.225,27.571
24.537,23.689,22.769,22.221,23.014,25.212,29.495,33.694,35.375,32.927,32.457,29.682,28.079,25.695,20.793,16.463,16.650,23.956,29.472,36.198,37.162,35.513,31.320,27.690
24.649,23.811,22.868,22.337,23.141,25.329,29.600,33.786,35.482,33.029,32.541,29.764,28.211,25.941,21.080,16.606,16.796,24.118,29.586,36.298,37.265,35.591,31.433,27.817
24.750,23.925,22.958,22.422,23.253,25.456,29.714,33.898,35.601,33.140,32.633,29.874,28.336,26.134,21.297,16.692,16.870,24.227,29.674,36.404,37.360,35.684,31.545,27.949
24.897,24.101,23.105,22.565,23.428,25.629,29.846,34.001,35.729,33.275,32.729,30.000,28.498,26.382,21.585,16.862,17.014,24.358,29.774,36.488,37.433,35.764,31.689,28.131
25.067,24.278,23.268,22.739,23.609,25.802,30.004,34.144,35.875,33.420,32.866,30.143,28.675,26.641,21.857,17.066,17.220,24.568,29.936,36.632,37.574,35.892,31.845,28.303
25.243,24.452,23.459,22.917,23.781,25.978,30.173,34.310,36.026,33.582,33.040,30.331,28.829,26.691,21.883,17.237,17.386,24.703,30.092,36.782,37.718,36.061,32.002,28.466
25.409,24.620,23.653,23.087,23.938,26.135,30.326,34.463,36.183,33.758,33.219,30.519,28.960,26.720,21.886,17.379,17.506,24.757,30.227,36.912,37.847,36.235,32.167,28.621
25.576,24.786,23.842,23.258,24.102,26.305,30.479,34.608,36.305,33.896,33.373,30.698,29.095,26.732,21.946,17.548,17.665,24.871,30.359,37.032,37.954,36.378,32.301,28.769
25.708,24.929,23.960,23.390,24.251,26.449,30.601,34.711,36.411,33.998,33.460,30.797,29.243,27.009,22.223,17.719,17.839,25.061,30.480,37.134,38.050,36.456,32.417,28.911
25.853,25.092,24.102,23.532,24.415,26.612,30.736,34.827,36.543,34.133,33.570,30.927,29.401,27.238,22.483,17.880,17.984,25.204,30.596,37.240,38.148,36.555,32.559,29.080
26.053,25.298,24.314,23.741,24.618,26.804,30.921,35.002,36.729,34.329,33.761,31.117,29.588,27.390,22.623,18.093,18.189,25.371,30.783,37.409,38.321,36.738,32.756,29.276
26.253,25.492,24.505,23.942,24.810,26.987,31.136,35.235,36.987,34.577,34.001,31.320,29.804,27.606,22.807,18.273,18.376,25.579,31.025,37.668,38.601,36.994,33.000,29.485
26.550,25.780,24.829,24.249,25.091,27.265,31.419,35.522,37.265,34.874,34.316,31.635,30.060,27.695,22.838,18.556,18.650,25.789,31.306,37.940,38.876,37.306,33.286,29.754
26.925,26.146,25.247,24.652,25.460,27.620,31.738,35.808,37.495,35.143,34.630,31.988,30.353,27.843,22.990,18.994,19.090,26.109,31.618,38.182,39.100,37.587,33.559,30.055
27.272,26.497,25.618,25.019,25.806,27.944,32.057,36.114,37.819,35.486,34.970,32.320,30.670,28.068,23.180,19.362,19.447,26.392,31.950,38.481,39.411,37.917,33.903,30.385
27.441,26.662,25.728,25.191,25.989,28.103,32.247,36.308,38.046,35.676,35.134,32.425,30.915,28.624,23.821,19.580,19.708,26.769,32.209,38.743,39.700,38.099,34.115,30.580
27.571,26.805,25.821,25.321,26.137,28.228,32.392,36.456,38.259,35.863,35.272,32.516,31.110,29.024,24.252,19.726,19.861,26.991,32.395,38.939,39.925,38.251,34.314,30.759
27.814,27.086,26.100,25.538,26.402,28.534,32.620,36.654,38.442,36.074,35.462,32.808,31.324,29.125,24.351,19.931,20.000,27.067,32.505,39.054,39.989,38.412,34.516,31.036
28.138,27.404,26.418,25.859,26.732,28.878,32.936,36.955,38.687,36.319,35.734,33.119,31.638,29.513,24.812,20.292,20.377,27.460,32.802,39.334,40.242,38.670,34.771,31.337
28.490,27.730,26.743,26.244,27.047,29.120,33.327,37.413,39.289,36.890,36.263,33.451,32.048,29.881,25.015,20.595,20.714,27.833,33.357,39.928,40.951,39.264,35.328,31.711
28.880,28.102,27.122,26.640,27.434,29.509,33.711,37.791,39.614,37.209,36.620,33.816,32.429,30.345,25.544,21.033,21.187,28.331,33.759,40.309,41.320,39.614,35.659,32.062
29.349,28.499,27.560,27.125,27.855,29.923,34.211,38.341,40.085,37.651,37.154,34.277,32.893,30.835,26.048,21.522,21.774,29.006,34.364,40.925,41.959,40.182,36.101,32.441
29.804,28.958,28.017,27.560,28.297,30.380,34.701,38.866,40.651,38.208,37.690,34.791,33.366,31.189,26.309,21.882,22.109,29.359,34.837,41.458,42.505,40.741,36.636,32.936
30.450,29.527,28.617,28.219,28.883,30.950,35.411,39.659,41.417,38.925,38.481,35.447,34.042,31.882,26.952,22.499,22.828,30.207,35.689,42.362,43.466,41.594,37.344,33.521
31.267,30.308,29.397,29.034,29.676,31.746,36.267,40.554,42.286,39.760,39.351,36.263,34.890,32.823,27.910,23.309,23.695,31.176,36.606,43.311,44.433,42.494,38.179,34.316
32.844,31.741,30.777,30.559,31.156,33.263,38.087,42.587,44.275,41.563,41.256,37.900,36.688,35.101,30.218,24.739,25.354,33.401,38.673,45.618,46.832,44.569,39.969,35.892
