-2.967,-10.612,-12.973,-10.043,-10.358,-10.479,-16.411,-17.168,-17.562,-17.845,-11.349,-20.210,-22.339,-31.227,-35.453,-31.944,-25.181,-7.787,-0.378,5.385,8.129,3.457,0.201,-1.943
0.589,-5.979,-8.204,-6.017,-6.026,-6.801,-11.647,-12.265,-12.353,-12.677,-7.360,-15.797,-18.421,-27.467,-32.683,-28.047,-20.973,-3.446,4.493,10.066,13.237,8.250,5.017,2.297
3.320,-2.553,-4.683,-2.979,-2.850,-3.909,-8.114,-8.627,-8.477,-8.887,-4.562,-12.420,-15.251,-24.203,-29.794,-24.650,-17.555,-0.387,7.806,13.120,16.478,11.443,8.316,5.278
5.731,0.288,-1.803,-0.499,-0.437,-1.460,-5.455,-6.007,-5.296,-5.943,-3.077,-9.972,-12.798,-21.588,-26.934,-21.634,-14.620,1.456,9.840,15.043,18.300,13.383,10.633,7.386
7.108,1.930,-0.127,0.975,1.036,0.015,-3.793,-4.299,-3.426,-4.170,-1.939,-8.342,-11.164,-19.788,-25.066,-19.721,-12.821,2.754,11.205,16.220,19.478,14.656,12.033,8.687
7.891,2.709,0.706,1.921,1.998,0.930,-2.869,-3.458,-2.682,-3.285,-0.558,-7.291,-10.069,-18.636,-23.870,-18.618,-11.756,3.769,11.849,16.995,20.118,15.300,12.689,9.537
8.547,3.383,1.395,2.607,2.646,1.622,-2.217,-2.864,-1.990,-2.602,0.014,-6.631,-9.356,-17.864,-22.940,-17.761,-10.946,4.277,12.238,17.438,20.449,15.680,13.173,10.081
9.427,4.453,2.501,3.605,3.689,2.583,-1.069,-1.684,-0.793,-1.402,1.052,-5.484,-8.254,-16.705,-21.882,-16.598,-9.804,5.326,13.291,18.406,21.433,16.689,14.195,11.051
9.867,4.763,2.791,3.968,3.979,3.051,-0.764,-1.356,-0.489,-1.152,1.238,-5.097,-7.738,-16.037,-20.939,-15.930,-9.300,5.552,13.457,18.456,21.458,16.812,14.355,11.284
10.516,5.543,3.591,4.678,4.694,3.751,0.035,-0.544,0.394,-0.300,1.835,-4.311,-6.958,-15.189,-20.079,-15.035,-8.446,6.197,14.113,19.044,22.019,17.429,15.028,11.919
10.981,6.064,4.113,5.124,5.099,4.195,0.461,-0.163,0.959,0.199,1.964,-3.953,-6.578,-14.791,-19.551,-14.498,-7.917,6.403,14.348,19.314,22.219,17.660,15.386,12.248
11.373,6.508,4.566,5.549,5.538,4.618,0.943,0.345,1.448,0.686,2.412,-3.459,-6.093,-14.272,-19.063,-13.996,-7.438,6.865,14.819,19.726,22.656,18.109,15.825,12.669
11.608,6.744,4.822,5.853,5.869,4.896,1.249,0.630,1.657,0.968,2.968,-3.107,-5.752,-13.944,-18.794,-13.718,-7.143,7.272,15.104,20.070,22.983,18.404,16.086,12.992
11.828,6.878,4.948,6.045,6.034,5.135,1.401,0.788,1.764,1.075,3.174,-2.896,-5.481,-13.612,-18.352,-13.415,-6.910,7.447,15.215,20.146,23.022,18.502,16.178,13.144
12.218,7.278,5.354,6.444,6.407,5.561,1.808,1.194,2.200,1.488,3.478,-2.463,-5.001,-13.051,-17.677,-12.825,-6.393,7.757,15.478,20.363,23.193,18.736,16.460,13.451
12.568,7.673,5.768,6.844,6.797,5.939,2.198,1.532,2.610,1.911,3.858,-2.080,-4.606,-12.643,-17.215,-12.358,-5.925,8.062,15.691,20.646,23.405,18.951,16.743,13.770
12.896,7.963,6.051,7.138,7.049,6.279,2.466,1.801,2.914,2.175,3.997,-1.789,-4.253,-12.212,-16.631,-11.894,-5.539,8.236,15.842,20.750,23.458,19.079,16.921,13.974
13.045,8.082,6.169,7.279,7.180,6.435,2.591,1.923,3.022,2.285,4.145,-1.644,-4.086,-12.026,-16.403,-11.714,-5.382,8.367,15.943,20.847,23.536,19.176,17.020,14.097
13.323,8.419,6.503,7.540,7.426,6.675,2.848,2.154,3.390,2.605,4.185,-1.465,-3.924,-11.894,-16.249,-11.487,-5.118,8.490,16.141,21.081,23.756,19.383,17.300,14.321
13.537,8.664,6.761,7.792,7.684,6.918,3.116,2.411,3.650,2.881,4.481,-1.184,-3.642,-11.595,-15.948,-11.183,-4.822,8.741,16.341,21.292,23.948,19.577,17.508,14.547
13.853,8.979,7.071,8.082,7.939,7.246,3.408,2.714,4.004,3.183,4.585,-0.885,-3.296,-11.172,-15.399,-10.719,-4.430,8.913,16.525,21.409,24.033,19.732,17.714,14.751
14.084,9.259,7.352,8.314,8.174,7.458,3.655,2.953,4.308,3.467,4.726,-0.683,-3.118,-11.019,-15.270,-10.523,-4.204,9.100,16.764,21.663,24.295,19.976,17.986,14.981
14.305,9.477,7.576,8.553,8.407,7.705,3.894,3.186,4.531,3.698,4.989,-0.420,-2.834,-10.703,-14.916,-10.210,-3.920,9.328,16.939,21.833,24.440,20.142,18.162,15.187
14.496,9.694,7.798,8.757,8.608,7.899,4.099,3.377,4.758,3.922,5.160,-0.228,-2.645,-10.516,-14.719,-9.995,-3.698,9.493,17.095,22.009,24.600,20.299,18.345,15.368
14.734,9.978,8.085,9.002,8.855,8.144,4.378,3.668,5.082,4.223,5.330,0.036,-2.386,-10.238,-14.440,-9.697,-3.412,9.710,17.348,22.226,24.828,20.538,18.602,15.595
14.984,10.292,8.406,9.269,9.126,8.397,4.679,3.969,5.438,4.559,5.515,0.307,-2.131,-9.980,-14.195,-9.401,-3.109,9.936,17.608,22.475,25.083,20.790,18.884,15.842
15.271,10.590,8.703,9.555,9.409,8.712,5.007,4.336,5.775,4.874,5.767,0.663,-1.755,-9.538,-13.724,-8.982,-2.752,10.235,17.926,22.696,25.323,21.077,19.161,16.108
15.541,10.890,9.005,9.826,9.668,8.997,5.301,4.641,6.116,5.185,5.934,0.956,-1.446,-9.184,-13.319,-8.601,-2.409,10.446,18.152,22.876,25.494,21.283,19.398,16.332
15.667,11.004,9.121,9.956,9.792,9.127,5.414,4.740,6.218,5.296,6.077,1.076,-1.316,-9.052,-13.165,-8.465,-2.274,10.561,18.234,22.979,25.576,21.368,19.492,16.446
15.788,11.116,9.236,10.084,9.911,9.254,5.523,4.830,6.322,5.406,6.205,1.190,-1.190,-8.921,-13.000,-8.319,-2.133,10.656,18.290,23.063,25.630,21.427,19.570,16.547
15.953,11.326,9.451,10.269,10.117,9.422,5.745,5.064,6.553,5.641,6.417,1.398,-1.011,-8.757,-12.903,-8.162,-1.955,10.883,18.547,23.309,25.908,21.683,19.813,16.761
16.105,11.439,9.577,10.468,10.324,9.635,5.945,5.266,6.646,5.789,6.836,1.683,-0.694,-8.388,-12.515,-7.865,-1.709,11.172,18.701,23.451,26.024,21.824,19.915,16.946
16.234,11.600,9.744,10.617,10.483,9.771,6.112,5.433,6.820,5.968,7.001,1.843,-0.548,-8.250,-12.407,-7.722,-1.555,11.332,18.853,23.618,26.196,21.984,20.078,17.100
16.310,11.660,9.803,10.684,10.536,9.837,6.148,5.443,6.865,6.011,7.029,1.869,-0.512,-8.222,-12.339,-7.666,-1.491,11.344,18.863,23.649,26.198,21.985,20.104,17.141
16.543,11.938,10.085,10.923,10.770,10.075,6.413,5.713,7.182,6.302,7.168,2.115,-0.267,-7.956,-12.055,-7.367,-1.205,11.530,19.068,23.838,26.384,22.187,20.338,17.348
16.729,12.172,10.329,11.145,11.008,10.283,6.671,5.976,7.442,6.571,7.431,2.374,-0.023,-7.706,-11.843,-7.121,-0.957,11.780,19.309,24.069,26.626,22.421,20.570,17.571
16.832,12.276,10.437,11.266,11.137,10.397,6.796,6.100,7.540,6.689,7.624,2.513,0.111,-7.574,-11.734,-7.008,-0.840,11.937,19.439,24.208,26.766,22.552,20.687,17.702
17.021,12.502,10.682,11.516,11.411,10.635,7.089,6.401,7.786,6.973,8.023,2.843,0.432,-7.230,-11.436,-6.702,-0.547,12.266,19.705,24.459,27.023,22.805,20.917,17.955
17.128,12.611,10.795,11.637,11.539,10.758,7.223,6.542,7.898,7.096,8.198,2.994,0.584,-7.066,-11.284,-6.560,-0.415,12.421,19.842,24.582,27.152,22.937,21.033,18.082
17.274,12.765,10.952,11.791,11.687,10.914,7.376,6.688,8.061,7.255,8.329,3.151,0.752,-6.882,-11.071,-6.361,-0.230,12.544,19.944,24.685,27.237,23.034,21.150,18.207
17.417,12.913,11.100,11.927,11.806,11.062,7.508,6.815,8.225,7.398,8.377,3.280,0.901,-6.704,-10.832,-6.153,-0.048,12.612,20.008,24.737,27.265,23.089,21.238,18.298
17.575,13.127,11.316,12.096,11.990,11.211,7.712,7.026,8.466,7.629,8.510,3.450,1.039,-6.588,-10.774,-6.021,0.112,12.788,20.239,24.961,27.518,23.320,21.472,18.487
17.751,13.355,11.557,12.316,12.238,11.403,7.971,7.289,8.712,7.898,8.824,3.706,1.261,-6.386,-10.657,-5.836,0.325,13.073,20.520,25.251,27.833,23.603,21.736,18.737
17.848,13.450,11.650,12.411,12.333,11.502,8.069,7.392,8.808,7.993,8.919,3.808,1.365,-6.276,-10.545,-5.731,0.423,13.174,20.625,25.344,27.930,23.704,21.833,18.834
17.935,13.512,11.718,12.516,12.439,11.617,8.170,7.493,8.859,8.068,9.119,3.950,1.525,-6.089,-10.340,-5.576,0.552,13.315,20.700,25.414,27.984,23.773,21.886,18.929
18.067,13.680,11.884,12.638,12.559,11.727,8.301,7.621,9.047,8.231,9.137,4.039,1.597,-6.038,-10.302,-5.486,0.666,13.389,20.832,25.553,28.133,23.910,22.047,19.049
18.266,13.931,12.145,12.868,12.794,11.945,8.559,7.874,9.329,8.511,9.350,4.289,1.840,-5.781,-10.051,-5.208,0.940,13.598,21.031,25.749,28.322,24.100,22.260,19.254
18.397,14.076,12.288,12.989,12.911,12.074,8.695,8.022,9.495,8.655,9.403,4.416,1.969,-5.638,-9.894,-5.054,1.082,13.696,21.163,25.849,28.431,24.223,22.392,19.365
18.573,14.292,12.504,13.163,13.083,12.243,8.887,8.216,9.740,8.875,9.479,4.579,2.124,-5.482,-9.736,-4.863,1.277,13.823,21.333,26.008,28.595,24.388,22.584,19.524
18.761,14.485,12.694,13.340,13.248,12.439,9.077,8.421,9.957,9.067,9.579,4.775,2.338,-5.228,-9.437,-4.601,1.502,13.965,21.492,26.117,28.703,24.529,22.739,19.670
18.894,14.607,12.816,13.468,13.364,12.581,9.199,8.543,10.084,9.185,9.672,4.909,2.493,-5.044,-9.204,-4.410,1.665,14.060,21.570,26.180,28.747,24.599,22.823,19.767
19.021,14.748,12.964,13.620,13.522,12.728,9.363,8.706,10.232,9.347,9.876,5.087,2.670,-4.857,-9.028,-4.233,1.836,14.232,21.711,26.321,28.885,24.736,22.957,19.913
19.119,14.852,13.069,13.724,13.631,12.833,9.478,8.828,10.341,9.459,9.990,5.208,2.790,-4.731,-8.910,-4.116,1.948,14.353,21.832,26.429,28.999,24.853,23.065,20.022
19.199,14.919,13.133,13.786,13.678,12.901,9.520,8.858,10.405,9.507,9.998,5.240,2.834,-4.684,-8.821,-4.044,2.016,14.360,21.842,26.450,29.001,24.865,23.102,20.060
19.401,15.151,13.362,13.979,13.861,13.102,9.732,9.080,10.670,9.740,10.065,5.435,3.035,-4.458,-8.563,-3.787,2.252,14.496,22.019,26.589,29.142,25.028,23.292,20.222
19.540,15.288,13.496,14.099,13.963,13.235,9.842,9.186,10.819,9.862,10.078,5.535,3.152,-4.322,-8.369,-3.618,2.402,14.545,22.081,26.641,29.175,25.084,23.381,20.305
19.709,15.495,13.704,14.268,14.129,13.393,10.019,9.354,11.046,10.069,10.146,5.678,3.285,-4.200,-8.245,-3.455,2.581,14.659,22.227,26.799,29.329,25.232,23.561,20.458
19.812,15.600,13.802,14.347,14.200,13.470,10.087,9.417,11.152,10.153,10.156,5.715,3.316,-4.187,-8.224,-3.413,2.640,14.694,22.307,26.888,29.421,25.318,23.664,20.536
19.911,15.693,13.891,14.430,14.276,13.558,10.163,9.493,11.246,10.234,10.177,5.783,3.388,-4.114,-8.133,-3.328,2.723,14.750,22.382,26.959,29.489,25.392,23.749,20.613
20.010,15.773,13.978,14.552,14.397,13.682,10.272,9.590,11.311,10.326,10.388,5.925,3.547,-3.939,-7.937,-3.170,2.865,14.889,22.445,27.042,29.545,25.455,23.808,20.717
20.130,15.916,14.132,14.710,14.573,13.823,10.449,9.762,11.456,10.500,10.650,6.114,3.721,-3.771,-7.815,-3.023,3.024,15.099,22.618,27.230,29.737,25.630,23.967,20.889
20.293,16.082,14.296,14.871,14.741,13.985,10.623,9.953,11.625,10.669,10.831,6.291,3.889,-3.606,-7.679,-2.876,3.172,15.296,22.838,27.428,29.958,25.847,24.164,21.073
20.400,16.168,14.383,14.984,14.861,14.105,10.739,10.078,11.701,10.762,11.025,6.434,4.038,-3.447,-7.530,-2.752,3.284,15.460,22.976,27.553,30.090,25.982,24.272,21.201
20.503,16.251,14.465,15.083,14.957,14.213,10.831,10.173,11.776,10.841,11.145,6.541,4.156,-3.318,-7.386,-2.636,3.387,15.569,23.070,27.639,30.172,26.074,24.355,21.298
20.602,16.345,14.563,15.196,15.073,14.323,10.941,10.278,11.862,10.944,11.312,6.664,4.281,-3.193,-7.265,-2.522,3.500,15.701,23.170,27.751,30.277,26.175,24.451,21.411
20.733,16.462,14.679,15.328,15.200,14.471,11.077,10.424,11.983,11.064,11.458,6.826,4.462,-2.978,-7.020,-2.323,3.665,15.839,23.286,27.836,30.356,26.280,24.549,21.527
20.864,16.607,14.830,15.473,15.349,14.596,11.210,10.533,12.119,11.213,11.619,6.943,4.565,-2.904,-6.963,-2.229,3.791,15.970,23.398,28.001,30.506,26.405,24.690,21.671
21.005,16.782,15.009,15.630,15.516,14.736,11.383,10.701,12.305,11.401,11.778,7.098,4.701,-2.784,-6.878,-2.098,3.942,16.130,23.570,28.187,30.700,26.581,24.871,21.836
21.272,17.132,15.376,15.948,15.854,15.026,11.752,11.069,12.699,11.802,12.112,7.450,5.024,-2.463,-6.613,-1.761,4.296,16.458,23.900,28.517,31.041,26.903,25.207,22.148
21.382,17.224,15.475,16.080,15.987,15.161,11.876,11.184,12.778,11.908,12.337,7.609,5.198,-2.271,-6.404,-1.591,4.449,16.615,23.986,28.615,31.116,26.987,25.283,22.267
21.496,17.334,15.588,16.201,16.107,15.285,11.996,11.303,12.888,12.023,12.477,7.741,5.338,-2.121,-6.242,-1.445,4.584,16.738,24.086,28.715,31.207,27.085,25.381,22.378
21.699,17.572,15.827,16.408,16.315,15.488,12.224,11.536,13.152,12.271,12.624,7.951,5.540,-1.913,-6.039,-1.217,4.812,16.920,24.298,28.911,31.410,27.290,25.602,22.575
21.773,17.623,15.874,16.471,16.374,15.557,12.273,11.584,13.189,12.309,12.696,8.007,5.603,-1.851,-5.966,-1.163,4.863,16.987,24.359,28.974,31.471,27.354,25.660,22.641
21.885,17.738,15.990,16.584,16.482,15.662,12.373,11.670,13.298,12.418,12.733,8.095,5.689,-1.777,-5.884,-1.071,4.968,17.072,24.439,29.082,31.565,27.441,25.762,22.745
22.046,17.901,16.144,16.705,16.583,15.784,12.468,11.747,13.465,12.545,12.770,8.141,5.737,-1.749,-5.811,-0.979,5.078,17.085,24.509,29.175,31.642,27.519,25.889,22.841
22.172,18.036,16.276,16.818,16.688,15.898,12.579,11.856,13.609,12.670,12.788,8.233,5.829,-1.659,-5.704,-0.864,5.195,17.157,24.608,29.273,31.738,27.618,26.007,22.942
22.349,18.198,16.430,16.969,16.823,16.076,12.731,12.024,13.784,12.817,12.834,8.392,6.013,-1.437,-5.425,-0.636,5.384,17.269,24.744,29.358,31.821,27.738,26.137,23.067
22.497,18.310,16.537,17.097,16.929,16.232,12.840,12.137,13.894,12.912,12.913,8.524,6.182,-1.226,-5.134,-0.422,5.552,17.354,24.807,29.394,31.832,27.790,26.203,23.155
22.647,18.459,16.683,17.236,17.061,16.379,12.980,12.281,14.052,13.055,13.000,8.661,6.326,-1.069,-4.955,-0.256,5.706,17.468,24.919,29.487,31.880,27.893,26.336,23.281
22.764,18.520,16.737,17.323,17.118,16.496,13.025,12.315,14.094,13.085,13.025,8.726,6.436,-0.924,-4.706,-0.098,5.823,17.488,24.936,29.506,31.942,27.914,26.338,23.319
22.887,18.626,16.846,17.455,17.246,16.620,13.129,12.394,14.176,13.185,13.199,8.835,6.550,-0.824,-4.593,0.008,5.942,17.608,24.991,29.609,31.974,27.977,26.431,23.441
23.127,18.940,17.165,17.717,17.531,16.860,13.448,12.734,14.533,13.531,13.442,9.124,6.800,-0.589,-4.440,0.247,6.204,17.903,25.354,29.940,32.353,28.332,26.779,23.733
23.294,19.107,17.335,17.895,17.714,17.044,13.638,12.934,14.705,13.711,13.662,9.334,7.015,-0.356,-4.208,0.461,6.402,18.108,25.540,30.107,32.523,28.511,26.946,23.911
23.456,19.274,17.504,18.055,17.863,17.196,13.779,13.050,14.870,13.870,13.766,9.456,7.140,-0.241,-4.063,0.614,6.566,18.206,25.627,30.232,32.620,28.605,27.074,24.043
23.782,19.621,17.841,18.353,18.156,17.523,14.121,13.441,15.264,14.215,13.939,9.793,7.485,0.150,-3.656,1.001,6.910,18.494,26.004,30.501,32.931,28.955,27.418,24.337
24.006,19.808,18.023,18.557,18.343,17.753,14.311,13.639,15.446,14.387,14.113,10.007,7.730,0.431,-3.312,1.275,7.143,18.676,26.172,30.638,33.053,29.112,27.578,24.516
24.272,20.108,18.341,18.887,18.700,18.072,14.687,14.028,15.764,14.747,14.618,10.428,8.142,0.870,-2.928,1.662,7.513,19.104,26.533,30.977,33.404,29.460,27.891,24.856
24.629,20.533,18.774,19.262,19.063,18.443,15.088,14.418,16.243,15.192,14.847,10.802,8.523,1.284,-2.464,2.141,7.973,19.373,26.811,31.243,33.643,29.722,28.218,25.161
24.947,20.882,19.137,19.632,19.457,18.808,15.505,14.855,16.613,15.594,15.360,11.260,8.974,1.765,-2.030,2.574,8.384,19.832,27.223,31.619,34.035,30.117,28.581,25.541
25.111,21.003,19.233,19.746,19.554,18.936,15.584,14.931,16.649,15.620,15.386,11.320,9.043,1.817,-1.944,2.643,8.460,19.905,27.327,31.730,34.093,30.231,28.687,25.661
25.249,21.006,19.244,19.839,19.611,19.079,15.596,14.936,16.712,15.670,15.526,11.399,9.193,2.010,-1.623,2.798,8.555,19.983,27.338,31.741,34.156,30.242,28.712,25.722
25.538,21.347,19.588,20.179,19.987,19.390,15.985,15.336,17.005,16.010,16.009,11.793,9.547,2.343,-1.400,3.094,8.879,20.427,27.764,32.168,34.568,30.669,29.087,26.110
25.847,21.657,19.914,20.534,20.347,19.720,16.314,15.619,17.290,16.341,16.480,12.136,9.891,2.669,-1.073,3.428,9.235,20.781,28.010,32.502,34.852,30.931,29.366,26.443
26.335,22.230,20.484,21.010,20.818,20.183,16.828,16.140,17.923,16.915,16.734,12.580,10.310,3.081,-0.666,3.914,9.739,21.159,28.500,32.966,35.336,31.413,29.900,26.896
26.616,22.458,20.695,21.236,21.031,20.420,17.014,16.327,18.117,17.092,16.900,12.748,10.480,3.220,-0.514,4.057,9.900,21.368,28.759,33.237,35.616,31.686,30.166,27.149
27.098,22.966,21.193,21.694,21.493,20.902,17.526,16.893,18.672,17.604,17.264,13.255,10.984,3.762,-0.017,4.583,10.390,21.845,29.335,33.701,36.137,32.236,30.696,27.623
27.562,23.415,21.626,22.108,21.921,21.275,17.899,17.247,19.069,17.999,17.648,13.543,11.208,3.847,0.015,4.690,10.620,22.282,29.888,34.349,36.832,32.840,31.278,28.143
28.375,24.280,22.463,22.822,22.612,21.955,18.577,17.663,19.945,18.775,17.941,14.049,11.656,4.012,0.291,5.169,11.215,22.796,30.387,35.172,37.682,33.575,32.156,28.878
29.231,24.796,22.947,23.510,23.130,22.591,18.724,17.896,20.114,18.981,18.304,14.050,11.766,4.174,0.565,5.342,11.607,22.851,30.640,35.632,37.720,33.630,32.400,29.359
