16.050,15.154,14.354,14.637,15.530,18.741,27.487,36.599,40.468,36.269,34.982,33.502,32.771,35.540,37.509,38.505,38.296,44.414,39.645,36.599,30.958,25.199,23.761,21.625
21.178,20.865,20.100,20.036,20.647,23.558,31.859,41.163,44.499,40.552,38.514,37.112,36.685,38.859,41.150,42.975,43.279,48.754,44.904,42.161,36.266,29.945,28.008,25.626
23.516,23.377,22.735,22.693,23.113,25.805,33.812,42.947,45.840,42.177,39.930,38.719,38.336,40.520,42.855,44.999,45.447,50.470,46.742,44.314,38.690,32.357,30.194,27.963
24.946,24.938,24.404,24.419,24.723,27.239,35.089,44.220,46.860,43.391,40.978,39.912,39.584,41.899,44.268,46.606,47.077,51.746,47.992,45.829,40.387,34.033,31.671,29.627
26.219,26.396,25.905,25.860,26.095,28.450,36.072,45.214,47.715,44.378,41.764,40.753,40.551,42.778,45.202,47.705,48.233,52.581,49.054,47.068,41.642,35.228,32.719,30.726
26.747,26.937,26.467,26.440,26.671,28.982,36.535,45.636,48.118,44.824,42.213,41.226,41.041,43.299,45.705,48.187,48.683,52.947,49.415,47.484,42.117,35.756,33.241,31.310
27.279,27.483,27.018,26.987,27.220,29.496,36.963,45.993,48.466,45.205,42.605,41.626,41.459,43.697,46.082,48.537,49.017,53.217,49.732,47.830,42.504,36.202,33.702,31.799
27.793,28.018,27.568,27.541,27.765,30.000,37.396,46.383,48.827,45.607,42.999,42.039,41.891,44.131,46.507,48.959,49.428,53.549,50.088,48.234,42.952,36.688,34.179,32.315
28.183,28.437,27.982,27.929,28.159,30.370,37.701,46.666,49.121,45.913,43.288,42.319,42.202,44.392,46.766,49.210,49.678,53.755,50.372,48.528,43.234,36.982,34.479,32.609
28.478,28.737,28.292,28.244,28.458,30.658,37.978,46.927,49.343,46.155,43.520,42.567,42.446,44.641,47.018,49.489,49.971,54.024,50.638,48.814,43.545,37.293,34.774,32.914
28.739,29.002,28.565,28.523,28.725,30.911,38.206,47.125,49.508,46.342,43.705,42.766,42.643,44.840,47.213,49.697,50.186,54.212,50.830,49.026,43.788,37.549,35.023,33.177
28.976,29.231,28.802,28.771,28.954,31.144,38.451,47.351,49.689,46.536,43.900,42.978,42.833,45.043,47.418,49.932,50.443,54.473,51.068,49.272,44.061,37.817,35.281,33.436
29.186,29.412,28.979,28.956,29.147,31.345,38.624,47.450,49.789,46.641,44.057,43.132,42.971,45.172,47.520,49.989,50.489,54.535,51.106,49.313,44.147,37.961,35.468,33.628
29.416,29.596,29.177,29.193,29.386,31.575,38.811,47.517,49.831,46.717,44.209,43.309,43.116,45.358,47.659,50.066,50.533,54.567,51.129,49.318,44.245,38.166,35.720,33.932
29.573,29.746,29.324,29.335,29.530,31.718,38.927,47.587,49.895,46.788,44.299,43.396,43.200,45.420,47.709,50.101,50.572,54.605,51.166,49.368,44.316,38.265,35.839,34.047
29.741,29.907,29.491,29.513,29.703,31.885,39.077,47.706,49.997,46.905,44.429,43.537,43.333,45.565,47.844,50.230,50.697,54.617,51.190,49.479,44.460,38.431,36.011,34.235
29.950,30.118,29.695,29.701,29.883,32.068,39.236,47.824,50.071,47.003,44.529,43.634,43.425,45.610,47.889,50.291,50.780,54.717,51.266,49.511,44.594,38.568,36.159,34.355
30.188,30.346,29.909,29.898,30.096,32.289,39.430,47.848,50.089,47.110,44.722,43.809,43.601,45.742,48.008,50.374,50.787,54.812,51.408,49.610,44.703,38.708,36.336,34.510
30.346,30.525,30.097,30.085,30.271,32.439,39.528,47.975,50.265,47.169,44.751,43.902,43.708,45.846,48.113,50.395,50.868,54.912,51.550,49.727,44.732,38.859,36.469,34.661
30.484,30.626,30.249,30.320,30.512,32.592,39.543,48.076,50.340,47.269,44.803,43.915,43.717,45.971,48.145,50.497,50.995,54.989,51.648,49.855,44.849,38.973,36.636,34.898
30.661,30.855,30.421,30.389,30.580,32.737,39.800,48.313,50.583,47.517,45.043,44.134,43.956,46.053,48.320,50.700,51.203,55.176,51.891,50.098,45.082,39.100,36.718,35.008
30.827,30.990,30.560,30.547,30.733,32.898,39.953,48.398,50.642,47.589,45.159,44.261,44.055,46.165,48.410,50.769,51.271,55.261,51.946,50.149,45.186,39.250,36.896,35.057
30.990,31.160,30.691,30.623,30.843,33.034,40.080,48.535,50.857,47.755,45.329,44.376,44.194,46.199,48.449,50.774,51.287,55.332,52.123,50.260,45.205,39.253,36.943,35.087
31.128,31.310,30.841,30.762,30.973,33.158,40.185,48.629,50.930,47.837,45.398,44.447,44.269,46.250,48.506,50.853,51.385,55.414,52.237,50.379,45.323,39.363,37.045,35.149
31.251,31.430,30.971,30.905,31.105,33.280,40.291,48.706,50.976,47.904,45.470,44.536,44.349,46.347,48.596,50.920,51.450,55.483,52.299,50.448,45.442,39.501,37.178,35.302
31.402,31.556,31.087,31.017,31.228,33.414,40.398,48.741,51.021,47.947,45.559,44.615,44.415,46.382,48.608,50.950,51.483,55.492,52.311,50.461,45.450,39.558,37.283,35.394
31.548,31.708,31.234,31.152,31.358,33.546,40.522,48.854,51.120,48.047,45.652,44.705,44.505,46.443,48.674,51.002,51.552,55.589,52.446,50.577,45.571,39.670,37.395,35.487
31.576,31.728,31.261,31.197,31.405,33.600,40.622,49.002,51.281,48.197,45.799,44.857,44.651,46.639,48.876,51.205,51.738,55.788,52.586,50.720,45.711,39.792,37.501,35.610
31.672,31.823,31.356,31.291,31.490,33.691,40.723,49.104,51.352,48.281,45.877,44.938,44.725,46.707,48.950,51.299,51.848,55.836,52.675,50.838,45.828,39.894,37.596,35.695
31.712,31.846,31.391,31.354,31.549,33.750,40.801,49.126,51.364,48.317,45.939,45.017,44.812,46.776,48.989,51.310,51.850,55.900,52.707,50.843,45.905,40.004,37.703,35.833
31.928,32.084,31.627,31.566,31.760,33.923,40.854,49.178,51.426,48.351,45.964,45.042,44.812,46.847,49.081,51.388,51.919,55.908,52.734,50.895,45.920,40.053,37.778,35.913
32.049,32.198,31.743,31.688,31.884,34.043,40.959,49.206,51.430,48.402,46.039,45.120,44.911,46.880,49.083,51.421,51.955,55.967,52.750,50.906,45.988,40.160,37.896,36.042
32.171,32.317,31.860,31.803,32.003,34.160,41.062,49.291,51.520,48.494,46.140,45.219,45.011,46.971,49.168,51.460,51.987,56.014,52.811,50.981,46.067,40.253,38.000,36.146
32.272,32.429,31.970,31.901,32.097,34.251,41.144,49.373,51.593,48.569,46.201,45.279,45.077,47.016,49.219,51.528,52.069,56.041,52.912,51.083,46.160,40.333,38.074,36.208
32.351,32.491,32.031,31.968,32.163,34.325,41.215,49.409,51.619,48.597,46.253,45.333,45.115,47.052,49.245,51.543,52.087,56.075,52.938,51.099,46.198,40.393,38.151,36.283
32.420,32.558,32.097,32.033,32.227,34.394,41.290,49.486,51.695,48.670,46.327,45.406,45.185,47.121,49.315,51.616,52.164,56.160,53.020,51.178,46.273,40.464,38.222,36.349
32.496,32.627,32.169,32.112,32.300,34.471,41.378,49.570,51.764,48.742,46.402,45.486,45.255,47.200,49.394,51.704,52.258,56.261,53.106,51.264,46.369,40.558,38.314,36.441
32.616,32.752,32.292,32.225,32.403,34.576,41.477,49.656,51.828,48.810,46.461,45.546,45.312,47.232,49.433,51.766,52.344,56.348,53.217,51.373,46.476,40.653,38.405,36.515
32.693,32.818,32.356,32.292,32.476,34.651,41.539,49.691,51.868,48.852,46.523,45.606,45.368,47.285,49.474,51.785,52.355,56.365,53.234,51.384,46.501,40.703,38.473,36.586
32.810,32.943,32.474,32.396,32.583,34.762,41.654,49.819,52.007,48.980,46.641,45.715,45.483,47.377,49.573,51.891,52.470,56.489,53.383,51.521,46.613,40.798,38.568,36.662
32.933,33.062,32.596,32.527,32.716,34.891,41.778,49.936,52.127,49.105,46.775,45.852,45.619,47.529,49.719,52.024,52.590,56.601,53.481,51.626,46.731,40.931,38.704,36.813
33.033,33.167,32.701,32.631,32.821,34.993,41.881,50.053,52.250,49.227,46.889,45.965,45.739,47.651,49.844,52.150,52.712,56.718,53.598,51.747,46.844,41.038,38.806,36.917
33.141,33.275,32.811,32.742,32.923,35.098,41.995,50.165,52.342,49.322,46.979,46.060,45.826,47.738,49.936,52.262,52.839,56.848,53.725,51.874,46.977,41.160,38.919,37.025
33.271,33.417,32.944,32.852,33.035,35.210,42.085,50.246,52.426,49.403,47.050,46.120,45.896,47.762,49.964,52.297,52.890,56.899,53.829,51.967,47.048,41.223,38.989,37.068
33.358,33.493,33.020,32.937,33.125,35.305,42.192,50.353,52.543,49.515,47.175,46.245,46.015,47.897,50.094,52.411,52.994,57.014,53.921,52.055,47.142,41.327,39.100,37.186
33.466,33.607,33.130,33.036,33.224,35.403,42.277,50.432,52.621,49.593,47.248,46.313,46.089,47.947,50.146,52.468,53.059,57.077,54.011,52.141,47.218,41.400,39.176,37.250
33.567,33.721,33.246,33.146,33.335,35.501,42.352,50.505,52.695,49.675,47.321,46.386,46.174,48.025,50.225,52.546,53.133,57.125,54.080,52.222,47.299,41.485,39.256,37.337
33.656,33.826,33.352,33.245,33.430,35.588,42.436,50.612,52.801,49.782,47.404,46.470,46.270,48.114,50.324,52.663,53.256,57.232,54.203,52.353,47.415,41.581,39.335,37.413
33.664,33.827,33.378,33.315,33.490,35.629,42.489,50.673,52.839,49.846,47.474,46.572,46.363,48.246,50.459,52.792,53.393,57.333,54.212,52.408,47.527,41.715,39.446,37.531
33.856,34.032,33.542,33.412,33.607,35.775,42.618,50.795,53.006,49.971,47.592,46.638,46.446,48.299,50.499,52.834,53.394,57.390,54.407,52.531,47.559,41.716,39.485,37.592
33.928,34.115,33.627,33.492,33.685,35.846,42.680,50.866,53.076,50.043,47.652,46.698,46.515,48.309,50.527,52.868,53.472,57.454,54.483,52.615,47.636,41.786,39.547,37.593
34.045,34.228,33.732,33.587,33.784,35.951,42.776,50.942,53.158,50.120,47.739,46.775,46.591,48.357,50.572,52.905,53.516,57.512,54.566,52.682,47.696,41.853,39.630,37.659
34.165,34.345,33.851,33.712,33.909,36.077,42.909,51.082,53.298,50.260,47.880,46.919,46.733,48.514,50.728,53.060,53.666,57.662,54.700,52.820,47.838,41.995,39.769,37.805
34.260,34.450,33.955,33.809,34.007,36.170,42.997,51.180,53.398,50.360,47.968,47.006,46.827,48.599,50.818,53.156,53.765,57.753,54.806,52.928,47.936,42.084,39.852,37.884
34.384,34.579,34.079,33.924,34.126,36.288,43.104,51.285,53.515,50.473,48.080,47.110,46.939,48.693,50.912,53.243,53.851,57.837,54.913,53.030,48.026,42.175,39.950,37.974
34.514,34.700,34.191,34.026,34.238,36.411,43.224,51.388,53.634,50.581,48.203,47.221,47.047,48.777,50.990,53.305,53.915,57.924,55.019,53.114,48.100,42.259,40.054,38.060
34.639,34.816,34.302,34.135,34.345,36.533,43.368,51.535,53.778,50.715,48.342,47.355,47.170,48.894,51.110,53.433,54.055,58.092,55.182,53.261,48.238,42.385,40.184,38.173
34.759,34.946,34.433,34.263,34.475,36.651,43.465,51.628,53.875,50.818,48.439,47.453,47.279,48.997,51.212,53.530,54.147,58.162,55.268,53.357,48.335,42.489,40.287,38.282
34.889,35.095,34.589,34.416,34.618,36.782,43.596,51.789,54.021,50.972,48.563,47.584,47.421,49.144,51.373,53.720,54.344,58.335,55.445,53.552,48.523,42.651,40.421,38.422
35.010,35.240,34.740,34.564,34.760,36.905,43.700,51.911,54.135,51.099,48.663,47.690,47.544,49.269,51.506,53.870,54.494,58.446,55.571,53.702,48.669,42.786,40.534,38.546
35.163,35.391,34.879,34.684,34.883,37.039,43.823,52.011,54.239,51.194,48.764,47.778,47.631,49.311,51.547,53.911,54.553,58.525,55.693,53.800,48.751,42.868,40.634,38.615
35.268,35.486,34.981,34.804,34.995,37.154,43.962,52.155,54.365,51.325,48.899,47.925,47.764,49.477,51.714,54.086,54.727,58.705,55.830,53.945,48.916,43.030,40.787,38.782
35.443,35.683,35.165,34.953,35.144,37.303,44.086,52.278,54.489,51.442,48.992,48.003,47.858,49.503,51.753,54.148,54.818,58.794,55.998,54.098,49.030,43.120,40.877,38.831
35.522,35.764,35.258,35.058,35.239,37.387,44.164,52.351,54.538,51.508,49.054,48.080,47.932,49.602,51.851,54.256,54.924,58.876,56.059,54.181,49.140,43.235,40.978,38.954
35.663,35.907,35.411,35.223,35.392,37.530,44.301,52.476,54.635,51.622,49.165,48.206,48.053,49.742,51.990,54.409,55.080,59.013,56.178,54.320,49.305,43.406,41.137,39.130
35.789,36.022,35.530,35.351,35.518,37.653,44.411,52.553,54.700,51.698,49.259,48.307,48.146,49.843,52.079,54.487,55.153,59.080,56.234,54.382,49.396,43.523,41.264,39.270
35.940,36.166,35.659,35.463,35.632,37.790,44.564,52.705,54.858,51.836,49.400,48.433,48.263,49.920,52.162,54.577,55.267,59.237,56.420,54.534,49.518,43.627,41.383,39.347
36.043,36.266,35.753,35.550,35.718,37.887,44.672,52.813,54.965,51.935,49.499,48.526,48.351,49.992,52.238,54.661,55.365,59.355,56.547,54.646,49.619,43.717,41.476,39.420
36.151,36.370,35.848,35.635,35.809,37.992,44.793,52.945,55.110,52.064,49.630,48.645,48.467,50.091,52.341,54.764,55.475,59.493,56.695,54.774,49.723,43.807,41.574,39.496
36.283,36.498,35.983,35.784,35.967,38.138,44.928,53.076,55.258,52.219,49.797,48.817,48.645,50.299,52.537,54.930,55.611,59.609,56.787,54.880,49.848,43.960,41.731,39.685
36.392,36.600,36.078,35.872,36.054,38.240,45.042,53.186,55.367,52.317,49.901,48.913,48.733,50.368,52.609,55.007,55.703,59.727,56.915,54.990,49.945,44.048,41.828,39.759
36.545,36.761,36.220,35.984,36.174,38.373,45.170,53.313,55.513,52.444,50.021,49.011,48.838,50.413,52.662,55.064,55.781,59.831,57.079,55.122,50.036,44.122,41.916,39.801
36.617,36.822,36.302,36.103,36.284,38.475,45.303,53.471,55.654,52.598,50.178,49.192,49.007,50.662,52.908,55.313,56.007,60.043,57.205,55.279,50.229,44.318,42.088,40.022
36.800,37.011,36.465,36.230,36.427,38.643,45.485,53.680,55.906,52.813,50.384,49.364,49.190,50.779,53.037,55.440,56.152,60.235,57.459,55.485,50.366,44.422,42.210,40.085
36.928,37.140,36.596,36.364,36.564,38.779,45.632,53.844,56.079,52.982,50.551,49.531,49.359,50.962,53.222,55.621,56.325,60.407,57.618,55.647,50.523,44.574,42.357,40.239
37.124,37.343,36.782,36.524,36.734,38.959,45.803,54.015,56.274,53.160,50.725,49.683,49.521,51.071,53.336,55.730,56.447,60.549,57.815,55.816,50.654,44.695,42.494,40.338
37.276,37.494,36.928,36.665,36.873,39.112,45.984,54.220,56.482,53.354,50.912,49.864,49.697,51.241,53.516,55.925,56.655,60.782,58.045,56.032,50.847,44.862,42.655,40.480
37.426,37.641,37.064,36.786,37.003,39.253,46.124,54.357,56.637,53.495,51.058,49.995,49.830,51.344,53.619,56.019,56.754,60.903,58.194,56.159,50.952,44.964,42.773,40.574
37.513,37.734,37.171,36.911,37.119,39.359,46.249,54.514,56.781,53.649,51.196,50.149,49.984,51.544,53.825,56.242,56.967,61.095,58.343,56.333,51.138,45.137,42.918,40.747
37.686,37.905,37.336,37.073,37.286,39.537,46.450,54.741,57.024,53.876,51.419,50.364,50.199,51.758,54.045,56.463,57.189,61.339,58.583,56.559,51.341,45.322,43.103,40.919
37.845,38.060,37.493,37.238,37.455,39.707,46.636,54.944,57.238,54.085,51.631,50.577,50.411,51.992,54.278,56.688,57.403,61.557,58.775,56.753,51.535,45.514,43.292,41.119
38.022,38.210,37.636,37.387,37.618,39.889,46.833,55.123,57.443,54.274,51.856,50.791,50.611,52.195,54.467,56.840,57.541,61.735,58.934,56.886,51.670,45.674,43.483,41.304
38.229,38.439,37.861,37.598,37.838,40.102,47.047,55.385,57.736,54.555,52.111,51.034,50.879,52.454,54.738,57.112,57.805,61.986,59.208,57.161,51.905,45.884,43.680,41.496
38.394,38.595,38.022,37.779,38.016,40.294,47.301,55.698,58.055,54.860,52.407,51.337,51.170,52.798,55.093,57.481,58.166,62.371,59.527,57.479,52.213,46.160,43.934,41.760
38.595,38.791,38.231,38.006,38.229,40.510,47.551,55.973,58.303,55.114,52.650,51.597,51.416,53.085,55.388,57.804,58.495,62.703,59.808,57.775,52.523,46.449,44.198,42.039
38.777,38.979,38.419,38.195,38.408,40.702,47.794,56.273,58.595,55.392,52.902,51.850,51.663,53.346,55.671,58.125,58.833,63.063,60.145,58.106,52.827,46.701,44.422,42.249
39.011,39.217,38.647,38.409,38.624,40.935,48.059,56.577,58.911,55.687,53.180,52.115,51.929,53.593,55.933,58.407,59.132,63.394,60.488,58.427,53.106,46.940,44.654,42.449
39.345,39.537,38.940,38.676,38.907,41.263,48.441,56.993,59.372,56.097,53.598,52.497,52.302,53.919,56.270,58.740,59.486,63.834,60.953,58.827,53.436,47.231,44.969,42.698
39.608,39.811,39.220,38.963,39.186,41.541,48.752,57.360,59.735,56.456,53.929,52.834,52.643,54.288,56.656,59.154,59.902,64.245,61.337,59.222,53.816,47.572,45.279,43.014
39.859,40.062,39.493,39.270,39.486,41.834,49.100,57.780,60.150,56.874,54.327,53.256,53.059,54.796,57.174,59.689,60.413,64.743,61.740,59.657,54.262,47.992,45.656,43.438
40.272,40.469,39.895,39.679,39.908,42.275,49.603,58.359,60.774,57.466,54.912,53.828,53.633,55.402,57.792,60.299,61.005,65.372,62.326,60.225,54.788,48.482,46.137,43.916
40.621,40.768,40.193,40.006,40.241,42.638,50.008,58.731,61.150,57.830,55.333,54.252,54.017,55.826,58.194,60.665,61.358,65.785,62.665,60.539,55.136,48.865,46.552,44.339
41.157,41.304,40.743,40.589,40.830,43.238,50.720,59.594,62.056,58.705,56.174,55.099,54.867,56.786,59.180,61.664,62.319,66.768,63.527,61.413,55.968,49.629,47.264,45.086
41.607,41.738,41.179,41.052,41.308,43.742,51.329,60.317,62.836,59.444,56.908,55.827,55.588,57.591,59.997,62.468,63.086,67.586,64.242,62.113,56.627,50.243,47.858,45.697
42.400,42.571,41.962,41.754,42.037,44.526,52.206,61.367,63.987,60.497,57.885,56.729,56.528,58.419,60.888,63.406,64.071,68.674,65.437,63.215,57.523,50.986,48.584,46.289
42.846,42.974,42.441,42.372,42.606,45.086,52.924,62.197,64.726,61.278,58.658,57.600,57.334,59.525,62.000,64.574,65.187,69.765,66.190,64.070,58.507,51.941,49.433,47.296
44.021,44.170,43.677,43.684,43.910,46.406,54.506,64.149,66.737,63.232,60.498,59.469,59.210,61.659,64.209,66.866,67.416,72.020,68.171,66.098,60.441,53.682,51.017,48.961
45.536,45.631,45.013,44.895,45.218,47.879,56.122,65.849,68.670,64.961,62.287,61.092,60.823,63.031,65.603,68.172,68.773,73.705,70.023,67.680,61.736,54.883,52.361,50.039
48.343,48.373,47.628,47.405,47.798,50.727,59.445,69.595,72.666,68.643,65.923,64.552,64.228,66.311,69.009,71.647,72.361,77.802,74.099,71.421,65.024,57.806,55.303,52.639
