3.773,-3.368,-4.118,-11.225,-11.664,-8.961,-2.112,7.556,9.511,6.714,2.959,5.554,6.302,10.056,12.993,15.091,16.095,20.640,18.536,12.801,3.007,-0.420,-2.000,-7.685
6.970,-0.045,-1.938,-8.676,-8.692,-4.795,2.491,11.604,14.107,11.531,8.267,10.329,11.076,14.691,17.165,19.270,20.480,24.447,22.761,17.339,8.690,5.533,3.831,-2.263
8.633,1.960,-0.553,-6.810,-6.688,-2.591,4.828,13.423,16.136,13.675,10.680,12.520,13.138,16.525,18.844,21.047,22.401,26.242,24.703,19.551,11.504,8.346,6.594,0.400
9.825,3.815,0.473,-4.991,-4.843,-0.557,6.753,14.850,17.578,15.239,12.455,14.146,14.740,17.886,20.168,22.493,23.858,27.518,26.179,21.158,13.630,10.408,8.699,2.559
10.377,4.646,0.969,-4.173,-4.023,0.392,7.607,15.541,18.239,15.954,13.244,14.879,15.506,18.577,20.846,23.198,24.530,28.070,26.833,21.830,14.501,11.277,9.604,3.513
11.622,6.022,2.367,-2.658,-2.487,1.996,9.017,16.793,19.428,17.216,14.585,16.148,16.822,19.853,22.035,24.295,25.560,28.911,27.759,22.843,15.744,12.656,11.036,5.087
12.686,7.142,3.581,-1.417,-1.235,3.330,10.164,17.873,20.432,18.275,15.687,17.203,17.947,20.981,23.090,25.244,26.427,29.598,28.516,23.642,16.690,13.742,12.176,6.360
13.250,7.810,4.213,-0.682,-0.497,4.104,10.833,18.454,20.972,18.853,16.304,17.787,18.557,21.564,23.640,25.759,26.905,29.981,28.948,24.109,17.274,14.380,12.845,7.104
13.993,8.562,5.028,0.139,0.350,4.933,11.624,19.144,21.673,19.584,17.086,18.526,19.276,22.250,24.268,26.351,27.506,30.532,29.514,24.761,18.048,15.212,13.680,7.978
14.307,9.157,5.307,0.743,0.944,5.573,12.192,19.541,22.045,19.997,17.561,18.964,19.716,22.601,24.629,26.763,27.904,30.872,29.926,25.199,18.646,15.771,14.266,8.605
14.790,9.743,5.856,1.402,1.604,6.212,12.762,19.998,22.483,20.465,18.071,19.447,20.190,23.028,25.031,27.155,28.286,31.207,30.290,25.619,19.176,16.325,14.837,9.232
15.337,10.393,6.526,2.167,2.354,6.901,13.343,20.489,22.921,20.929,18.559,19.926,20.670,23.469,25.462,27.564,28.668,31.548,30.648,26.020,19.649,16.823,15.365,9.846
15.751,10.866,7.043,2.729,2.903,7.427,13.767,20.874,23.252,21.280,18.919,20.282,21.048,23.836,25.818,27.886,28.951,31.780,30.898,26.287,19.956,17.170,15.739,10.298
16.162,11.329,7.620,3.338,3.481,7.848,14.102,21.152,23.475,21.508,19.143,20.528,21.270,24.025,26.021,28.077,29.129,31.986,31.077,26.506,20.169,17.380,15.969,10.608
16.567,11.872,8.158,4.015,4.124,8.338,14.509,21.447,23.720,21.766,19.415,20.813,21.519,24.208,26.226,28.301,29.349,32.237,31.317,26.797,20.496,17.676,16.284,11.000
17.138,12.565,8.793,4.789,4.877,9.001,15.027,21.870,24.055,22.116,19.768,21.190,21.873,24.513,26.545,28.598,29.615,32.516,31.574,27.111,20.826,18.014,16.657,11.501
17.157,12.585,8.982,4.919,4.984,9.134,15.175,22.064,24.264,22.339,20.003,21.392,22.148,24.820,26.840,28.891,29.878,32.677,31.809,27.276,21.041,18.251,16.903,11.704
17.433,12.898,9.189,5.192,5.263,9.417,15.413,22.269,24.440,22.517,20.178,21.581,22.317,24.970,26.996,29.040,30.023,32.846,31.956,27.452,21.210,18.419,17.079,11.926
17.750,13.221,9.590,5.577,5.640,9.801,15.713,22.576,24.700,22.789,20.447,21.850,22.620,25.287,27.300,29.299,30.241,33.008,32.133,27.627,21.395,18.654,17.339,12.247
18.463,13.935,10.532,6.481,6.521,10.525,16.312,23.127,25.182,23.284,20.940,22.357,23.116,25.769,27.765,29.708,30.619,33.377,32.477,28.029,21.806,19.117,17.829,12.850
18.717,14.269,10.870,6.884,6.924,11.027,16.661,23.439,25.423,23.567,21.249,22.635,23.467,26.125,28.081,29.952,30.787,33.396,32.564,28.118,21.998,19.404,18.165,13.288
18.929,14.547,11.114,7.196,7.232,11.330,16.920,23.649,25.614,23.772,21.472,22.847,23.682,26.319,28.270,30.138,30.962,33.545,32.730,28.301,22.228,19.641,18.414,13.569
19.039,14.618,11.121,7.204,7.279,11.334,17.060,23.771,25.788,23.947,21.665,23.020,23.822,26.444,28.373,30.271,31.129,33.723,32.906,28.502,22.462,19.873,18.625,13.719
19.125,14.626,11.133,7.210,7.292,11.403,17.074,23.782,25.848,23.989,21.705,23.066,23.831,26.461,28.391,30.274,31.184,33.857,32.994,28.625,22.555,19.938,18.658,13.732
19.178,14.738,11.159,7.217,7.322,11.498,17.246,23.928,26.009,24.164,21.905,23.239,24.013,26.626,28.545,30.458,31.365,33.991,33.169,28.791,22.783,20.168,18.890,13.932
19.195,14.746,11.161,7.219,7.323,11.515,17.302,23.990,26.098,24.252,21.999,23.323,24.098,26.714,28.628,30.552,31.471,34.094,33.281,28.895,22.899,20.278,18.991,13.998
19.224,14.776,11.171,7.222,7.336,11.541,17.386,24.041,26.193,24.349,22.118,23.423,24.174,26.774,28.676,30.623,31.573,34.207,33.398,29.034,23.077,20.441,19.136,14.101
19.272,14.812,11.209,7.249,7.356,11.568,17.443,24.103,26.273,24.426,22.197,23.498,24.243,26.844,28.746,30.703,31.665,34.310,33.500,29.134,23.175,20.530,19.216,14.157
19.332,14.867,11.238,7.269,7.382,11.623,17.517,24.170,26.355,24.508,22.285,23.580,24.319,26.916,28.814,30.777,31.748,34.396,33.587,29.227,23.279,20.630,19.310,14.238
19.484,15.082,11.350,7.493,7.618,11.852,17.706,24.322,26.486,24.649,22.436,23.728,24.471,27.051,28.951,30.915,31.874,34.503,33.707,29.354,23.437,20.788,19.481,14.437
19.696,15.354,11.604,7.812,7.935,12.136,17.957,24.504,26.659,24.837,22.646,23.926,24.655,27.203,29.094,31.058,32.018,34.637,33.849,29.533,23.671,21.026,19.726,14.712
19.803,15.484,11.726,7.949,8.064,12.302,18.076,24.644,26.768,24.952,22.753,24.036,24.799,27.360,29.254,31.202,32.131,34.712,33.943,29.600,23.734,21.107,19.824,14.836
19.890,15.622,11.782,8.078,8.199,12.447,18.227,24.746,26.882,25.075,22.898,24.165,24.917,27.453,29.342,31.306,32.245,34.820,34.064,29.740,23.923,21.286,20.001,15.009
20.005,15.759,11.790,8.121,8.293,12.563,18.360,24.831,26.983,25.179,23.019,24.279,25.002,27.512,29.397,31.376,32.337,34.932,34.170,29.878,24.091,21.439,20.147,15.148
20.015,15.769,11.909,8.228,8.353,12.704,18.476,24.924,27.065,25.272,23.123,24.373,25.112,27.612,29.498,31.481,32.428,34.992,34.255,29.956,24.203,21.552,20.270,15.283
20.055,15.870,11.941,8.329,8.453,12.720,18.540,25.002,27.196,25.419,23.302,24.502,25.270,27.797,29.628,31.585,32.537,35.019,34.326,30.028,24.355,21.760,20.466,15.429
20.261,16.076,12.123,8.514,8.645,12.941,18.713,25.165,27.310,25.522,23.379,24.619,25.370,27.877,29.753,31.730,32.672,35.211,34.488,30.183,24.449,21.810,20.529,15.538
20.343,16.141,12.194,8.568,8.708,13.028,18.806,25.257,27.412,25.628,23.491,24.722,25.476,27.987,29.850,31.819,32.762,35.287,34.570,30.271,24.553,21.928,20.645,15.648
20.435,16.259,12.275,8.682,8.829,13.162,18.940,25.360,27.522,25.745,23.624,24.842,25.593,28.091,29.946,31.918,32.865,35.377,34.671,30.386,24.704,22.081,20.799,15.801
20.533,16.373,12.373,8.797,8.946,13.293,19.060,25.468,27.628,25.857,23.743,24.954,25.709,28.203,30.052,32.021,32.965,35.461,34.765,30.483,24.821,22.205,20.926,15.935
20.618,16.492,12.455,8.922,9.070,13.390,19.166,25.538,27.705,25.936,23.832,25.040,25.776,28.248,30.102,32.089,33.046,35.561,34.862,30.597,24.953,22.318,21.034,16.040
20.721,16.601,12.584,9.053,9.196,13.499,19.257,25.627,27.781,26.013,23.906,25.119,25.857,28.329,30.185,32.167,33.117,35.630,34.929,30.665,25.017,22.385,21.106,16.127
20.773,16.669,12.612,9.109,9.257,13.557,19.338,25.679,27.852,26.086,23.991,25.196,25.917,28.373,30.227,32.224,33.191,35.716,35.015,30.767,25.141,22.495,21.209,16.214
20.829,16.744,12.631,9.155,9.312,13.640,19.438,25.763,27.950,26.188,24.105,25.299,26.018,28.465,30.315,32.323,33.297,35.816,35.125,30.880,25.279,22.628,21.338,16.327
20.925,16.881,12.703,9.306,9.460,13.774,19.558,25.854,28.035,26.278,24.203,25.394,26.108,28.539,30.392,32.408,33.382,35.900,35.215,30.979,25.397,22.738,21.452,16.452
20.931,16.911,12.734,9.308,9.460,13.818,19.607,25.903,28.088,26.334,24.263,25.448,26.173,28.604,30.459,32.482,33.454,35.957,35.287,31.037,25.468,22.804,21.519,16.509
20.988,16.950,12.737,9.316,9.477,13.883,19.677,25.997,28.185,26.431,24.358,25.539,26.280,28.727,30.576,32.591,33.555,36.037,35.377,31.112,25.543,22.891,21.607,16.588
21.126,17.096,12.908,9.498,9.655,14.003,19.794,26.086,28.274,26.520,24.451,25.635,26.354,28.784,30.634,32.654,33.629,36.134,35.461,31.220,25.655,22.995,21.709,16.699
21.242,17.238,13.022,9.652,9.814,14.127,19.935,26.175,28.380,26.630,24.580,25.755,26.445,28.847,30.693,32.730,33.727,36.252,35.573,31.365,25.834,23.159,21.865,16.849
21.299,17.311,13.024,9.680,9.855,14.236,20.057,26.290,28.510,26.768,24.731,25.888,26.591,28.994,30.829,32.868,33.864,36.360,35.704,31.491,25.994,23.326,22.031,16.998
21.342,17.391,13.027,9.724,9.907,14.348,20.172,26.388,28.617,26.883,24.860,26.002,26.716,29.114,30.942,32.989,33.982,36.449,35.818,31.598,26.140,23.473,22.180,17.137
21.429,17.510,13.115,9.856,10.034,14.447,20.271,26.458,28.687,26.955,24.939,26.081,26.781,29.160,30.995,33.055,34.057,36.539,35.905,31.698,26.251,23.567,22.272,17.232
21.613,17.683,13.375,10.093,10.260,14.588,20.391,26.565,28.779,27.043,25.020,26.176,26.857,29.227,31.066,33.119,34.124,36.634,35.976,31.791,26.324,23.640,22.347,17.333
21.648,17.735,13.375,10.114,10.281,14.658,20.458,26.649,28.859,27.124,25.099,26.252,26.953,29.331,31.174,33.230,34.223,36.713,36.070,31.863,26.397,23.713,22.425,17.405
21.836,17.901,13.625,10.333,10.493,14.793,20.585,26.765,28.968,27.229,25.199,26.363,27.042,29.414,31.259,33.309,34.309,36.828,36.162,31.976,26.493,23.807,22.517,17.515
21.943,18.038,13.733,10.479,10.642,14.912,20.715,26.851,29.066,27.331,25.315,26.473,27.129,29.477,31.320,33.386,34.403,36.939,36.269,32.109,26.652,23.952,22.657,17.650
22.000,18.119,13.740,10.555,10.712,15.001,20.789,26.932,29.135,27.401,25.382,26.542,27.211,29.561,31.411,33.476,34.483,37.007,36.346,32.171,26.712,24.011,22.722,17.722
22.005,18.153,13.768,10.557,10.715,15.038,20.834,26.974,29.180,27.448,25.433,26.589,27.266,29.611,31.469,33.552,34.556,37.073,36.427,32.236,26.787,24.070,22.782,17.770
22.052,18.236,13.792,10.617,10.765,15.115,20.905,27.061,29.256,27.521,25.497,26.661,27.353,29.702,31.577,33.671,34.665,37.179,36.541,32.322,26.855,24.123,22.840,17.826
22.142,18.333,13.864,10.719,10.860,15.210,20.990,27.155,29.340,27.604,25.573,26.743,27.442,29.794,31.675,33.768,34.755,37.268,36.631,32.402,26.925,24.190,22.912,17.904
22.330,18.516,14.117,10.955,11.086,15.380,21.128,27.291,29.454,27.717,25.678,26.859,27.554,29.905,31.791,33.871,34.849,37.371,36.720,32.500,27.006,24.278,23.007,18.029
22.404,18.623,14.207,11.079,11.201,15.472,21.205,27.355,29.506,27.769,25.729,26.916,27.608,29.949,31.845,33.933,34.908,37.437,36.786,32.565,27.069,24.329,23.063,18.098
22.559,18.777,14.415,11.278,11.387,15.591,21.310,27.456,29.592,27.850,25.801,27.003,27.682,30.016,31.923,34.012,34.988,37.544,36.874,32.662,27.141,24.392,23.127,18.179
22.696,18.909,14.576,11.431,11.535,15.714,21.424,27.570,29.700,27.956,25.904,27.111,27.785,30.119,32.027,34.113,35.089,37.653,36.975,32.768,27.238,24.489,23.225,18.287
22.772,18.996,14.621,11.491,11.600,15.820,21.534,27.683,29.817,28.076,26.028,27.228,27.913,30.249,32.156,34.244,35.215,37.763,37.098,32.881,27.364,24.617,23.354,18.407
22.836,19.061,14.653,11.533,11.650,15.886,21.624,27.760,29.912,28.173,26.133,27.325,28.003,30.333,32.234,34.331,35.315,37.864,37.203,32.993,27.492,24.740,23.471,18.506
23.048,19.285,14.944,11.822,11.918,16.094,21.781,27.923,30.036,28.295,26.241,27.451,28.134,30.465,32.379,34.463,35.427,37.983,37.310,33.097,27.567,24.819,23.563,18.641
23.161,19.385,15.067,11.926,12.019,16.194,21.874,28.034,30.140,28.396,26.333,27.550,28.239,30.579,32.496,34.575,35.532,38.087,37.411,33.189,27.642,24.897,23.644,18.727
23.276,19.486,15.189,12.028,12.123,16.310,21.980,28.154,30.254,28.511,26.445,27.661,28.360,30.710,32.623,34.690,35.639,38.182,37.508,33.281,27.730,24.998,23.748,18.837
23.355,19.595,15.244,12.116,12.208,16.443,22.099,28.280,30.371,28.633,26.567,27.780,28.500,30.854,32.770,34.837,35.771,38.288,37.633,33.386,27.844,25.115,23.873,18.964
23.502,19.724,15.410,12.259,12.351,16.575,22.224,28.412,30.499,28.759,26.690,27.905,28.626,30.986,32.899,34.957,35.889,38.406,37.746,33.501,27.951,25.230,23.989,19.087
23.536,19.781,15.414,12.293,12.384,16.634,22.288,28.477,30.565,28.826,26.758,27.972,28.699,31.057,32.976,35.044,35.974,38.485,37.835,33.578,28.033,25.302,24.062,19.152
23.733,19.973,15.658,12.524,12.611,16.819,22.454,28.633,30.710,28.972,26.903,28.121,28.841,31.194,33.111,35.170,36.098,38.616,37.956,33.714,28.166,25.442,24.205,19.315
23.907,20.121,15.862,12.696,12.781,16.942,22.584,28.763,30.842,29.099,27.025,28.250,28.954,31.307,33.224,35.281,36.218,38.760,38.082,33.853,28.288,25.562,24.320,19.432
23.987,20.215,15.942,12.791,12.868,17.016,22.658,28.841,30.915,29.168,27.087,28.321,29.023,31.373,33.303,35.370,36.306,38.861,38.179,33.941,28.360,25.619,24.378,19.490
24.143,20.395,16.070,12.998,13.066,17.217,22.816,28.998,31.045,29.304,27.221,28.457,29.177,31.528,33.459,35.513,36.429,38.961,38.288,34.044,28.467,25.739,24.511,19.653
24.172,20.496,16.081,13.066,13.139,17.291,22.929,29.048,31.125,29.388,27.329,28.552,29.243,31.557,33.495,35.592,36.536,39.090,38.426,34.200,28.669,25.899,24.661,19.773
24.191,20.582,16.100,13.117,13.185,17.378,23.014,29.122,31.194,29.461,27.407,28.627,29.330,31.632,33.585,35.705,36.643,39.187,38.543,34.297,28.780,25.988,24.754,19.859
24.237,20.676,16.103,13.187,13.256,17.482,23.119,29.206,31.281,29.554,27.510,28.722,29.429,31.720,33.677,35.811,36.748,39.279,38.653,34.401,28.910,26.106,24.875,19.974
24.304,20.757,16.131,13.233,13.304,17.550,23.213,29.301,31.390,29.659,27.616,28.827,29.532,31.820,33.784,35.936,36.883,39.423,38.800,34.538,29.046,26.222,24.986,20.062
24.431,20.891,16.216,13.354,13.426,17.707,23.360,29.458,31.541,29.813,27.771,28.978,29.698,31.993,33.955,36.102,37.038,39.557,38.947,34.673,29.187,26.371,25.140,20.218
24.604,21.067,16.372,13.508,13.587,17.957,23.577,29.697,31.765,30.049,28.009,29.204,29.966,32.282,34.230,36.349,37.255,39.709,39.131,34.833,29.370,26.592,25.375,20.467
24.802,21.331,16.610,13.815,13.878,18.187,23.780,29.858,31.907,30.193,28.156,29.360,30.106,32.394,34.359,36.496,37.402,39.878,39.294,35.009,29.552,26.749,25.539,20.655
24.944,21.421,16.681,13.841,13.922,18.290,23.937,30.043,32.128,30.409,28.375,29.567,30.315,32.620,34.573,36.712,37.633,40.106,39.525,35.232,29.775,26.976,25.751,20.823
25.071,21.542,16.754,13.921,14.014,18.421,24.097,30.203,32.310,30.591,28.565,29.747,30.495,32.801,34.746,36.894,37.825,40.293,39.720,35.425,29.983,27.182,25.949,20.996
25.200,21.658,16.758,14.001,14.107,18.535,24.250,30.350,32.484,30.765,28.748,29.919,30.656,32.959,34.899,37.057,38.006,40.481,39.909,35.621,30.193,27.385,26.140,21.157
25.308,21.836,16.842,14.043,14.178,18.791,24.479,30.575,32.701,30.998,28.996,30.146,30.921,33.231,35.156,37.302,38.227,40.632,40.104,35.796,30.420,27.637,26.406,21.429
25.334,21.859,16.850,14.140,14.255,18.860,24.595,30.687,32.849,31.154,29.173,30.295,31.093,33.402,35.322,37.496,38.426,40.790,40.306,35.969,30.644,27.848,26.611,21.580
25.456,22.025,16.929,14.172,14.313,19.007,24.780,30.856,33.041,31.345,29.372,30.488,31.273,33.570,35.495,37.693,38.642,41.022,40.541,36.206,30.892,28.071,26.824,21.764
25.900,22.390,17.421,14.623,14.732,19.335,25.048,31.214,33.340,31.624,29.597,30.761,31.565,33.905,35.853,38.012,38.926,41.331,40.810,36.442,31.010,28.208,26.977,21.970
26.165,22.632,17.685,14.859,14.963,19.564,25.280,31.480,33.600,31.876,29.834,31.009,31.820,34.174,36.132,38.290,39.198,41.613,41.085,36.699,31.232,28.425,27.194,22.183
26.582,23.004,17.945,15.195,15.356,20.021,25.706,31.921,34.036,32.325,30.291,31.447,32.288,34.666,36.588,38.700,39.587,41.937,41.429,37.048,31.614,28.869,27.647,22.655
26.933,23.410,18.120,15.236,15.406,20.456,26.060,32.282,34.342,32.638,30.595,31.762,32.637,35.019,36.953,39.045,39.890,42.202,41.710,37.306,31.868,29.139,27.944,23.008
27.213,23.820,18.163,15.608,15.765,20.809,26.424,32.594,34.653,32.949,30.914,32.087,32.946,35.286,37.258,39.411,40.267,42.613,42.132,37.716,32.291,29.492,28.297,23.347
27.399,23.973,18.531,15.688,15.787,20.903,26.624,32.814,34.930,33.209,31.171,32.345,33.176,35.516,37.502,39.700,40.600,43.000,42.505,38.076,32.623,29.775,28.551,23.521
27.564,24.088,18.757,16.073,16.154,21.106,26.848,33.236,35.342,33.605,31.518,32.701,33.645,36.089,38.088,40.261,41.102,43.418,42.969,38.395,32.851,30.032,28.820,23.737
27.597,24.185,18.829,16.073,16.173,21.360,27.303,33.848,36.066,34.329,32.257,33.374,34.472,36.990,39.020,41.300,42.124,44.283,44.009,39.194,33.702,30.809,29.580,24.255
27.877,24.292,18.859,16.133,16.227,21.715,27.792,34.774,37.040,35.274,33.121,34.219,35.572,38.328,40.361,42.600,43.323,45.260,45.123,39.978,34.343,31.519,30.294,24.774
30.428,26.314,20.872,17.307,17.391,24.263,29.723,37.685,39.457,37.648,35.138,36.420,38.395,41.716,43.780,45.534,45.715,47.135,47.099,41.370,35.117,32.753,31.759,26.599
