17.826,16.208,13.577,5.948,10.492,12.386,23.742,40.425,51.629,43.605,36.817,30.512,35.281,33.855,30.533,32.160,28.703,34.331,39.626,49.108,28.741,16.230,11.255,1.779
27.521,26.816,24.626,22.435,24.065,26.608,37.651,52.073,59.320,54.340,49.180,44.641,41.135,34.091,30.795,37.802,38.297,43.873,49.294,56.426,40.588,29.302,24.678,16.533
30.133,29.618,27.663,25.909,27.222,29.616,39.906,53.223,59.368,54.358,49.917,45.864,42.569,35.603,32.533,39.527,40.252,45.496,50.561,56.599,42.514,32.119,27.739,20.151
31.188,31.212,29.562,27.764,28.781,30.879,40.866,53.379,59.647,54.801,50.195,45.968,42.959,36.794,33.620,40.561,41.356,46.491,50.966,56.692,43.381,33.767,29.047,21.366
31.770,31.619,30.119,28.235,29.395,31.624,41.198,53.383,59.775,54.806,50.394,46.250,43.280,37.953,35.513,40.717,41.493,46.653,51.081,56.875,43.505,34.088,29.673,22.316
32.525,32.064,30.542,28.514,29.919,32.294,41.682,53.601,60.080,55.029,50.464,46.359,43.340,39.165,37.193,40.882,41.574,46.692,51.316,57.217,43.641,34.393,30.294,23.174
33.044,32.587,31.032,28.899,30.340,32.604,41.873,53.969,60.123,55.112,50.500,46.554,43.923,39.631,37.228,41.513,42.039,46.998,51.728,57.444,43.878,34.786,30.719,23.665
33.467,33.142,31.582,29.566,30.871,33.005,42.209,54.034,60.329,55.293,50.945,46.994,44.467,39.670,37.548,42.045,42.575,47.439,51.848,57.712,44.429,35.342,31.218,24.192
33.834,33.470,31.892,29.845,31.183,33.304,42.461,54.250,60.408,55.579,51.233,47.293,44.832,40.005,37.599,42.394,42.872,47.692,52.079,57.758,44.696,35.622,31.546,24.568
34.075,33.722,32.156,30.180,31.483,33.637,42.827,54.601,60.626,55.913,51.561,47.613,45.019,40.171,37.774,42.582,43.136,47.990,52.381,57.973,45.003,35.930,31.842,24.853
34.258,34.038,32.516,30.579,31.788,33.877,43.065,54.901,60.867,55.985,51.721,47.842,45.240,40.253,37.799,42.857,43.449,48.310,52.753,58.269,45.328,36.288,32.095,25.049
34.425,34.203,32.687,30.689,31.924,33.987,43.123,54.924,60.899,55.998,51.745,47.870,45.398,40.511,38.039,43.035,43.571,48.403,52.821,58.329,45.408,36.408,32.228,25.203
34.625,34.447,32.954,30.911,32.140,34.171,43.292,55.107,61.073,56.090,51.856,47.988,45.607,40.615,38.071,43.290,43.802,48.635,53.056,58.530,45.614,36.641,32.422,25.370
34.661,34.607,33.165,31.257,32.357,34.372,43.523,55.357,61.199,56.135,51.978,48.165,45.616,40.799,38.310,43.324,43.967,48.836,53.305,58.641,45.844,36.906,32.592,25.492
34.766,34.694,33.267,31.343,32.461,34.498,43.629,55.393,61.202,56.181,52.002,48.169,45.631,40.807,38.342,43.369,44.018,48.897,53.328,58.665,45.887,36.992,32.697,25.611
34.885,34.788,33.362,31.377,32.537,34.580,43.700,55.441,61.264,56.257,52.049,48.179,45.741,40.988,38.529,43.489,44.100,48.981,53.386,58.699,45.942,37.057,32.778,25.692
35.018,34.951,33.528,31.647,32.744,34.791,43.926,55.673,61.452,56.458,52.286,48.458,45.853,41.066,38.544,43.588,44.272,49.155,53.587,58.883,46.161,37.272,32.980,25.901
35.172,35.121,33.699,31.791,32.888,34.894,43.978,55.712,61.501,56.469,52.333,48.538,46.018,41.110,38.639,43.765,44.405,49.250,53.676,58.975,46.264,37.405,33.117,26.060
35.288,35.270,33.848,31.987,33.042,35.023,44.098,55.829,61.583,56.475,52.363,48.568,46.156,41.137,38.647,43.897,44.554,49.380,53.832,59.097,46.428,37.567,33.264,26.214
35.394,35.370,33.952,32.051,33.128,35.105,44.156,55.856,61.635,56.572,52.481,48.734,46.260,41.302,38.756,44.012,44.644,49.468,53.879,59.136,46.462,37.648,33.348,26.297
35.462,35.454,34.074,32.069,33.183,35.144,44.169,55.915,61.702,56.632,52.530,48.769,46.265,41.620,39.144,44.084,44.664,49.491,53.907,59.206,46.497,37.695,33.384,26.324
35.615,35.584,34.178,32.205,33.317,35.283,44.305,56.002,61.782,56.708,52.598,48.818,46.442,41.628,39.161,44.232,44.814,49.627,54.030,59.272,46.626,37.823,33.534,26.493
35.747,35.715,34.314,32.456,33.519,35.517,44.545,56.135,61.786,56.817,52.742,48.995,46.449,41.659,39.176,44.244,44.932,49.742,54.109,59.301,46.793,38.010,33.740,26.728
35.797,35.780,34.403,32.563,33.610,35.603,44.580,56.188,61.902,56.909,52.812,49.051,46.490,41.678,39.225,44.260,44.934,49.754,54.153,59.386,46.797,38.078,33.820,26.839
35.954,35.951,34.562,32.697,33.744,35.698,44.656,56.254,61.945,56.923,52.878,49.163,46.670,41.788,39.279,44.463,45.108,49.885,54.271,59.476,46.946,38.218,33.953,26.975
36.058,36.026,34.633,32.724,33.808,35.773,44.732,56.320,62.031,57.028,52.953,49.208,46.773,41.994,39.522,44.566,45.184,49.966,54.335,59.551,47.006,38.274,34.024,27.047
36.147,36.139,34.754,32.824,33.904,35.861,44.838,56.462,62.168,57.123,53.048,49.296,46.894,42.135,39.651,44.700,45.314,50.111,54.482,59.676,47.132,38.391,34.109,27.100
36.274,36.225,34.837,32.926,34.020,35.999,44.939,56.477,62.178,57.207,53.122,49.365,46.937,42.239,39.812,44.737,45.357,50.137,54.494,59.702,47.175,38.469,34.241,27.284
36.364,36.298,34.903,33.002,34.101,36.078,44.995,56.504,62.193,57.266,53.187,49.441,47.004,42.289,39.865,44.796,45.410,50.171,54.504,59.705,47.225,38.531,34.329,27.401
36.441,36.392,34.999,33.097,34.187,36.151,45.064,56.584,62.274,57.320,53.254,49.520,47.096,42.357,39.912,44.893,45.503,50.259,54.599,59.799,47.315,38.623,34.410,27.476
36.577,36.540,35.144,33.224,34.314,36.259,45.171,56.721,62.431,57.438,53.383,49.660,47.272,42.498,39.990,45.069,45.658,50.406,54.759,59.975,47.459,38.758,34.533,27.591
36.733,36.719,35.310,33.397,34.468,36.377,45.284,56.893,62.641,57.590,53.572,49.892,47.506,42.561,40.018,45.287,45.854,50.576,54.962,60.223,47.651,38.924,34.684,27.741
36.895,36.865,35.442,33.452,34.564,36.443,45.318,56.944,62.751,57.665,53.648,49.970,47.725,42.815,40.216,45.503,45.990,50.679,55.059,60.365,47.742,39.012,34.785,27.854
36.984,36.960,35.539,33.541,34.652,36.517,45.374,56.992,62.797,57.702,53.698,50.033,47.814,42.899,40.289,45.596,46.070,50.747,55.124,60.416,47.813,39.096,34.871,27.949
37.073,37.061,35.637,33.633,34.738,36.581,45.420,57.051,62.799,57.746,53.758,50.086,47.906,42.960,40.312,45.710,46.165,50.822,55.207,60.422,47.898,39.183,34.954,28.039
37.145,37.132,35.719,33.751,34.842,36.700,45.531,57.089,62.803,57.750,53.763,50.101,47.924,42.997,40.388,45.722,46.213,50.876,55.234,60.428,47.961,39.274,35.057,28.155
37.226,37.205,35.807,33.790,34.908,36.770,45.574,57.104,62.838,57.763,53.775,50.121,47.928,43.208,40.656,45.765,46.252,50.917,55.245,60.448,47.974,39.328,35.119,28.223
37.255,37.242,35.862,33.858,34.966,36.835,45.618,57.111,62.861,57.789,53.792,50.123,47.931,43.250,40.740,45.767,46.254,50.921,55.252,60.492,47.977,39.375,35.171,28.288
37.289,37.294,35.935,33.955,35.043,36.921,45.703,57.144,62.871,57.803,53.822,50.178,47.955,43.279,40.800,45.784,46.291,50.975,55.279,60.521,48.027,39.453,35.237,28.348
37.370,37.368,36.007,34.050,35.131,37.013,45.781,57.193,62.885,57.828,53.846,50.181,47.966,43.314,40.833,45.813,46.349,51.023,55.319,60.524,48.090,39.529,35.329,28.461
37.452,37.480,36.127,34.186,35.242,37.103,45.860,57.281,62.913,57.868,53.917,50.279,48.045,43.340,40.843,45.911,46.453,51.118,55.426,60.543,48.197,39.647,35.430,28.560
37.553,37.554,36.193,34.241,35.317,37.178,45.904,57.285,62.922,57.918,53.964,50.326,48.121,43.445,40.954,45.981,46.501,51.143,55.430,60.554,48.230,39.697,35.515,28.679
37.607,37.608,36.261,34.304,35.383,37.257,45.980,57.327,62.935,57.946,53.981,50.328,48.128,43.554,41.083,46.006,46.539,51.196,55.465,60.557,48.269,39.760,35.577,28.737
37.685,37.700,36.359,34.400,35.471,37.336,46.051,57.397,62.998,57.992,54.037,50.391,48.206,43.599,41.109,46.093,46.624,51.277,55.547,60.626,48.350,39.851,35.660,28.819
37.789,37.837,36.493,34.587,35.616,37.466,46.196,57.584,63.180,58.141,54.219,50.609,48.343,43.631,41.178,46.219,46.780,51.431,55.734,60.822,48.530,40.012,35.797,28.947
37.915,37.975,36.625,34.670,35.713,37.538,46.276,57.723,63.366,58.259,54.340,50.733,48.548,43.784,41.185,46.424,46.941,51.587,55.909,61.032,48.670,40.127,35.889,29.015
38.008,38.110,36.769,34.846,35.849,37.656,46.402,57.880,63.478,58.352,54.465,50.848,48.663,43.795,41.222,46.544,47.085,51.732,56.080,61.088,48.827,40.283,36.012,29.121
38.097,38.180,36.840,34.905,35.925,37.743,46.477,57.920,63.508,58.416,54.515,50.888,48.717,43.929,41.357,46.603,47.138,51.785,56.091,61.190,48.874,40.345,36.093,29.215
38.195,38.260,36.914,34.965,36.001,37.818,46.534,57.937,63.539,58.484,54.525,50.922,48.721,44.042,41.479,46.651,47.193,51.836,56.112,61.211,48.905,40.406,36.176,29.317
38.265,38.316,36.993,35.008,36.068,37.911,46.632,57.957,63.585,58.494,54.579,50.951,48.806,44.260,41.781,46.688,47.204,51.863,56.151,61.258,48.928,40.471,36.239,29.366
38.297,38.319,37.007,35.022,36.104,37.983,46.673,58.012,63.612,58.532,54.592,50.985,48.820,44.371,42.008,46.728,47.250,51.912,56.197,61.261,48.966,40.472,36.281,29.441
38.465,38.476,37.148,35.171,36.253,38.119,46.806,58.099,63.673,58.685,54.729,51.063,48.932,44.469,42.058,46.839,47.364,52.014,56.257,61.296,49.077,40.618,36.438,29.611
38.551,38.533,37.210,35.199,36.314,38.204,46.884,58.130,63.694,58.749,54.757,51.074,48.970,44.675,42.337,46.889,47.404,52.065,56.275,61.299,49.103,40.665,36.505,29.684
38.702,38.693,37.357,35.344,36.453,38.313,46.979,58.258,63.855,58.876,54.912,51.252,49.175,44.760,42.356,47.079,47.567,52.200,56.429,61.489,49.257,40.804,36.645,29.834
38.743,38.739,37.411,35.427,36.520,38.392,47.062,58.323,63.891,58.931,54.968,51.307,49.182,44.769,42.382,47.091,47.609,52.252,56.478,61.514,49.314,40.871,36.710,29.899
38.868,38.861,37.523,35.556,36.644,38.514,47.195,58.476,64.058,59.100,55.141,51.490,49.330,44.839,42.428,47.223,47.746,52.385,56.623,61.683,49.460,40.997,36.838,30.030
38.954,38.949,37.610,35.638,36.727,38.595,47.275,58.560,64.145,59.180,55.222,51.570,49.421,44.934,42.521,47.316,47.834,52.472,56.711,61.772,49.545,41.082,36.920,30.110
39.041,39.030,37.698,35.699,36.803,38.678,47.358,58.632,64.215,59.252,55.279,51.608,49.497,45.095,42.709,47.402,47.911,52.558,56.786,61.835,49.613,41.158,36.996,30.179
39.152,39.130,37.805,35.765,36.895,38.778,47.453,58.704,64.284,59.327,55.331,51.632,49.587,45.322,42.983,47.508,47.999,52.656,56.863,61.893,49.684,41.245,37.087,30.264
39.283,39.224,37.893,35.810,36.981,38.880,47.550,58.778,64.378,59.454,55.426,51.694,49.706,45.556,43.262,47.625,48.089,52.747,56.931,61.973,49.756,41.317,37.184,30.369
39.376,39.339,38.019,35.915,37.083,38.977,47.668,58.923,64.516,59.558,55.525,51.783,49.825,45.709,43.411,47.759,48.222,52.900,57.083,62.101,49.887,41.440,37.274,30.425
39.454,39.390,38.071,35.950,37.141,39.047,47.714,58.929,64.530,59.591,55.542,51.784,49.856,45.837,43.586,47.794,48.246,52.916,57.096,62.125,49.898,41.476,37.340,30.515
39.581,39.541,38.218,36.094,37.271,39.147,47.806,59.050,64.662,59.686,55.666,51.937,50.031,45.921,43.611,47.967,48.401,53.054,57.240,62.277,50.046,41.616,37.464,30.636
39.717,39.637,38.315,36.205,37.402,39.322,47.986,59.166,64.748,59.862,55.804,52.038,50.087,46.095,43.872,48.021,48.482,53.154,57.307,62.319,50.140,41.725,37.607,30.797
39.892,39.775,38.450,36.272,37.520,39.452,48.107,59.265,64.870,60.006,55.911,52.105,50.254,46.424,44.253,48.193,48.612,53.285,57.411,62.431,50.241,41.831,37.735,30.928
40.052,39.916,38.584,36.414,37.670,39.616,48.278,59.430,65.040,60.207,56.098,52.283,50.406,46.576,44.420,48.334,48.759,53.435,57.557,62.588,50.394,41.975,37.892,31.092
40.142,40.003,38.671,36.461,37.736,39.672,48.323,59.479,65.107,60.254,56.141,52.319,50.514,46.736,44.580,48.449,48.841,53.512,57.628,62.665,50.456,42.040,37.957,31.154
40.282,40.149,38.811,36.598,37.869,39.790,48.436,59.579,65.195,60.372,56.258,52.430,50.683,46.850,44.662,48.612,48.990,53.647,57.743,62.760,50.599,42.176,38.091,31.291
40.380,40.223,38.896,36.653,37.952,39.883,48.488,59.610,65.256,60.382,56.282,52.476,50.700,47.041,44.925,48.650,49.013,53.662,57.773,62.830,50.601,42.229,38.177,31.406
40.540,40.337,38.995,36.737,38.069,40.021,48.618,59.680,65.315,60.552,56.409,52.561,50.841,47.118,44.968,48.775,49.120,53.763,57.823,62.863,50.701,42.325,38.312,31.565
40.651,40.510,39.181,37.027,38.277,40.208,48.810,59.890,65.472,60.676,56.596,52.810,50.944,47.236,45.158,48.880,49.295,53.934,58.030,63.039,50.918,42.550,38.502,31.753
40.790,40.645,39.320,37.137,38.403,40.346,48.972,60.072,65.664,60.854,56.749,52.934,51.098,47.346,45.218,49.039,49.450,54.112,58.208,63.216,51.070,42.688,38.626,31.850
40.907,40.742,39.423,37.218,38.507,40.475,49.110,60.178,65.758,60.981,56.843,52.991,51.176,47.559,45.495,49.127,49.542,54.224,58.297,63.284,51.158,42.786,38.734,31.953
41.004,40.864,39.554,37.383,38.643,40.613,49.264,60.347,65.905,61.110,56.984,53.141,51.271,47.605,45.529,49.228,49.675,54.371,58.459,63.427,51.311,42.937,38.861,32.064
41.104,40.970,39.667,37.529,38.773,40.765,49.444,60.526,66.056,61.278,57.142,53.287,51.346,47.646,45.543,49.304,49.795,54.517,58.610,63.554,51.456,43.076,38.988,32.176
41.282,41.148,39.829,37.778,38.983,40.974,49.652,60.739,66.260,61.518,57.412,53.602,51.522,47.683,45.629,49.448,49.978,54.680,58.793,63.763,51.673,43.276,39.206,32.424
41.439,41.300,39.990,37.962,39.159,41.159,49.812,60.839,66.321,61.623,57.523,53.716,51.611,47.777,45.708,49.546,50.096,54.791,58.882,63.817,51.795,43.434,39.383,32.627
41.620,41.487,40.169,38.073,39.296,41.266,49.917,60.997,66.535,61.770,57.671,53.864,51.870,47.998,45.918,49.809,50.298,54.981,59.085,64.060,51.965,43.584,39.517,32.743
41.714,41.606,40.310,38.316,39.481,41.476,50.134,61.162,66.611,61.894,57.813,54.021,51.874,48.045,45.933,49.817,50.400,55.104,59.205,64.109,52.115,43.766,39.693,32.926
41.855,41.745,40.445,38.439,39.610,41.605,50.273,61.321,66.785,62.056,57.969,54.172,52.034,48.159,46.072,49.978,50.552,55.260,59.366,64.283,52.264,43.902,39.823,33.047
41.952,41.897,40.632,38.673,39.794,41.806,50.519,61.582,66.978,62.212,58.129,54.321,52.099,48.245,46.179,50.074,50.725,55.485,59.609,64.451,52.473,44.121,39.982,33.153
42.176,42.123,40.867,38.869,40.009,42.048,50.823,61.933,67.341,62.544,58.413,54.550,52.353,48.619,46.593,50.339,51.000,55.813,59.946,64.780,52.753,44.368,40.192,33.301
42.417,42.316,41.057,38.972,40.181,42.248,51.030,62.117,67.554,62.789,58.595,54.666,52.583,49.083,47.142,50.577,51.194,56.027,60.125,64.964,52.917,44.529,40.375,33.475
42.598,42.521,41.267,39.198,40.386,42.452,51.267,62.399,67.836,63.032,58.843,54.915,52.796,49.243,47.277,50.791,51.429,56.282,60.405,65.242,53.168,44.758,40.572,33.640
42.802,42.751,41.498,39.375,40.572,42.615,51.459,62.674,68.156,63.259,59.067,55.133,53.094,49.531,47.518,51.096,51.700,56.565,60.718,65.581,53.422,44.978,40.746,33.765
42.918,42.906,41.674,39.548,40.725,42.764,51.626,62.860,68.315,63.367,59.180,55.240,53.210,49.690,47.681,51.239,51.863,56.753,60.916,65.738,53.590,45.155,40.881,33.863
43.148,43.133,41.920,39.745,40.947,43.004,51.878,63.093,68.533,63.580,59.359,55.373,53.412,50.085,48.142,51.468,52.088,57.009,61.150,65.934,53.802,45.384,41.097,34.051
43.507,43.536,42.311,40.089,41.288,43.322,52.287,63.688,69.217,64.112,59.882,55.886,53.964,50.505,48.458,52.007,52.601,57.560,61.778,66.633,54.317,45.796,41.424,34.279
44.081,44.052,42.785,40.460,41.739,43.787,52.819,64.334,69.995,64.863,60.561,56.506,54.687,51.256,49.194,52.687,53.203,58.181,62.422,67.396,54.894,46.268,41.899,34.710
44.359,44.334,43.067,40.784,42.044,44.123,53.214,64.769,70.420,65.295,60.973,56.897,54.975,51.499,49.446,52.963,53.533,58.551,62.814,67.787,55.261,46.597,42.204,34.981
44.692,44.671,43.423,41.032,42.339,44.420,53.526,65.096,70.767,65.585,61.221,57.089,55.331,52.099,50.098,53.356,53.879,58.928,63.176,68.125,55.569,46.911,42.488,35.215
45.298,45.336,44.101,41.618,42.934,44.989,54.175,65.902,71.635,66.277,61.894,57.728,56.096,52.902,50.843,54.145,54.632,59.734,64.037,69.006,56.304,47.581,43.055,35.665
45.850,45.891,44.664,41.965,43.379,45.442,54.734,66.622,72.470,66.950,62.464,58.175,56.825,53.955,51.931,54.907,55.296,60.482,64.809,69.818,56.910,48.101,43.486,35.949
46.684,46.657,45.414,42.445,44.018,46.080,55.398,67.362,73.364,67.761,63.165,58.756,57.801,55.338,53.379,55.897,56.109,61.319,65.619,70.708,57.618,48.757,44.138,36.535
47.245,47.330,46.096,43.360,44.770,46.872,56.384,68.552,74.497,68.809,64.242,59.870,58.461,55.505,53.422,56.520,56.950,62.269,66.708,71.790,58.614,49.619,44.862,37.130
48.030,48.305,47.151,44.398,45.717,47.843,57.615,70.082,75.993,69.981,65.369,60.906,59.435,56.540,54.420,57.575,58.140,63.672,68.246,73.223,59.878,50.764,45.724,37.687
49.390,49.459,48.247,45.103,46.719,48.930,58.800,71.356,77.523,71.546,66.672,61.950,60.967,58.776,56.863,59.080,59.406,65.011,69.518,74.664,61.016,51.767,46.786,38.665
50.655,50.657,49.423,46.244,47.913,50.146,59.996,72.507,78.706,72.808,67.898,63.147,62.209,60.108,58.245,60.300,60.588,66.176,70.650,75.832,62.179,52.928,48.006,39.924
54.614,54.009,52.447,48.381,50.784,53.049,62.955,75.812,82.942,77.153,71.790,66.681,66.915,65.450,63.626,64.718,64.191,69.651,74.046,80.072,65.413,55.698,51.114,43.074
