-6.235,-4.044,-6.413,-6.401,-3.536,-1.835,-1.321,-0.484,3.521,8.394,6.742,8.274,4.436,-6.048,-7.565,-10.045,-6.221,0.391,1.929,-3.868,-6.890,-4.399,-4.523,-10.681
3.450,4.683,3.319,3.208,5.240,6.124,7.393,8.165,11.658,15.299,14.759,15.171,11.842,2.668,0.046,-2.012,1.067,7.389,9.883,5.348,2.809,4.076,3.984,-2.465
7.643,8.681,8.047,7.607,8.554,8.844,10.552,10.753,13.866,17.052,16.684,16.624,13.815,6.150,2.127,0.956,3.657,9.693,12.580,8.750,6.099,6.352,7.199,0.830
9.588,10.365,9.996,9.771,10.794,10.869,12.740,13.051,16.122,19.093,19.220,19.060,16.383,8.733,4.673,3.345,5.944,11.739,14.976,11.169,8.840,9.034,9.323,2.939
10.717,11.298,11.093,10.860,11.785,11.726,13.745,14.089,17.094,19.839,20.202,19.820,17.197,9.673,5.447,4.137,6.613,12.410,15.851,12.255,10.025,10.021,10.253,3.750
11.516,12.086,11.869,11.599,12.481,12.435,14.427,14.761,17.715,20.403,20.726,20.313,17.713,10.317,6.134,4.868,7.298,13.058,16.429,12.934,10.704,10.668,10.979,4.544
12.061,12.601,12.321,12.061,13.026,13.032,14.988,15.396,18.349,21.000,21.330,20.896,18.254,10.780,6.759,5.417,7.832,13.614,16.940,13.478,11.282,11.302,11.541,5.105
12.570,13.126,12.830,12.572,13.541,13.561,15.490,15.892,18.833,21.489,21.792,21.383,18.751,11.312,7.334,5.999,8.410,14.157,17.440,13.981,11.788,11.827,12.072,5.688
12.939,13.482,13.238,12.972,13.888,13.866,15.835,16.208,19.144,21.790,22.123,21.690,19.080,11.684,7.599,6.301,8.706,14.453,17.792,14.342,12.142,12.127,12.401,5.989
13.252,13.809,13.557,13.314,14.254,14.239,16.183,16.557,19.489,22.150,22.477,22.084,19.489,12.104,8.070,6.760,9.169,14.865,18.177,14.702,12.523,12.543,12.775,6.419
13.527,14.119,13.934,13.703,14.566,14.497,16.452,16.748,19.659,22.346,22.671,22.328,19.807,12.561,8.417,7.185,9.595,15.190,18.517,15.012,12.831,12.817,13.083,6.808
13.784,14.380,14.237,14.062,14.943,14.840,16.798,17.083,19.996,22.704,23.082,22.792,20.312,13.081,8.931,7.685,10.105,15.611,18.973,15.404,13.271,13.283,13.446,7.224
14.003,14.609,14.444,14.286,15.200,15.116,17.048,17.347,20.259,22.978,23.347,23.086,20.604,13.358,9.273,8.005,10.430,15.910,19.242,15.655,13.536,13.587,13.714,7.527
14.114,14.736,14.575,14.450,15.389,15.302,17.221,17.518,20.437,23.183,23.563,23.348,20.881,13.625,9.565,8.279,10.720,16.152,19.483,15.846,13.748,13.835,13.902,7.754
14.275,14.884,14.754,14.650,15.587,15.475,17.410,17.704,20.623,23.364,23.782,23.571,21.122,13.874,9.790,8.500,10.938,16.343,19.708,16.058,13.983,14.063,14.088,7.943
14.499,15.088,14.920,14.820,15.806,15.726,17.642,17.980,20.899,23.617,24.040,23.812,21.336,14.038,10.047,8.712,11.141,16.565,19.905,16.277,14.220,14.331,14.317,8.165
14.628,15.224,15.109,15.029,15.981,15.857,17.795,18.098,21.014,23.746,24.199,23.994,21.558,14.310,10.239,8.933,11.367,16.739,20.122,16.463,14.417,14.506,14.476,8.345
14.765,15.368,15.237,15.174,16.156,16.046,17.964,18.280,21.197,23.938,24.388,24.208,21.771,14.508,10.492,9.164,11.603,16.951,20.313,16.635,14.605,14.729,14.659,8.557
14.903,15.545,15.373,15.307,16.307,16.231,18.108,18.417,21.336,24.113,24.504,24.368,21.925,14.661,10.703,9.376,11.830,17.165,20.463,16.761,14.714,14.879,14.831,8.776
15.084,15.734,15.548,15.466,16.454,16.391,18.254,18.558,21.467,24.239,24.602,24.463,22.019,14.783,10.838,9.526,11.974,17.310,20.578,16.898,14.838,15.000,14.990,8.951
15.230,15.870,15.710,15.626,16.588,16.503,18.382,18.672,21.571,24.329,24.708,24.557,22.131,14.933,10.949,9.657,12.094,17.415,20.703,17.038,14.982,15.118,15.117,9.081
15.644,16.293,16.074,15.971,16.961,16.926,18.760,19.074,21.962,24.710,25.037,24.886,22.436,15.235,11.357,10.050,12.478,17.810,21.020,17.389,15.326,15.494,15.519,9.514
15.704,16.306,16.128,16.058,17.068,17.001,18.861,19.173,22.066,24.744,25.177,24.973,22.545,15.363,11.521,10.174,12.556,17.844,21.108,17.534,15.532,15.698,15.612,9.607
15.734,16.388,16.214,16.159,17.140,17.069,18.902,19.219,22.081,24.865,25.211,25.140,22.742,15.584,11.660,10.371,12.822,18.056,21.289,17.572,15.549,15.722,15.689,9.754
15.992,16.661,16.472,16.390,17.353,17.296,19.112,19.389,22.251,25.006,25.331,25.227,22.833,15.738,11.854,10.582,13.001,18.229,21.419,17.776,15.736,15.907,15.921,10.013
16.046,16.721,16.519,16.441,17.422,17.375,19.186,19.472,22.344,25.111,25.431,25.336,22.930,15.802,11.935,10.649,13.077,18.317,21.503,17.843,15.801,15.989,15.990,10.074
16.067,16.738,16.538,16.470,17.464,17.415,19.231,19.524,22.404,25.176,25.510,25.418,23.007,15.853,11.988,10.687,13.122,18.366,21.566,17.891,15.855,16.050,16.026,10.099
16.125,16.805,16.636,16.598,17.599,17.523,19.359,19.637,22.510,25.299,25.657,25.601,23.235,16.066,12.148,10.839,13.298,18.527,21.777,18.038,16.012,16.215,16.140,10.199
16.182,16.865,16.711,16.669,17.638,17.552,19.378,19.641,22.542,25.347,25.715,25.652,23.253,16.138,12.219,10.943,13.382,18.556,21.783,18.072,16.054,16.242,16.191,10.309
16.542,17.225,17.049,16.989,17.952,17.886,19.687,19.948,22.799,25.566,25.893,25.829,23.465,16.415,12.546,11.282,13.701,18.862,22.038,18.372,16.352,16.541,16.525,10.680
16.640,17.293,17.081,17.042,18.080,18.043,19.834,20.159,23.023,25.770,26.129,26.049,23.648,16.498,12.731,11.392,13.811,19.001,22.177,18.512,16.524,16.757,16.653,10.777
16.816,17.486,17.284,17.228,18.224,18.179,19.966,20.258,23.107,25.858,26.188,26.113,23.733,16.652,12.849,11.554,13.967,19.137,22.294,18.644,16.639,16.849,16.804,10.959
16.942,17.631,17.444,17.415,18.415,18.359,20.135,20.410,23.259,26.034,26.369,26.341,23.987,16.931,13.130,11.839,14.261,19.372,22.527,18.835,16.846,17.078,16.996,11.201
17.132,17.815,17.590,17.533,18.540,18.516,20.273,20.568,23.406,26.158,26.461,26.405,24.028,16.970,13.223,11.928,14.336,19.480,22.591,18.948,16.946,17.179,17.138,11.338
17.232,17.908,17.680,17.634,18.660,18.637,20.396,20.704,23.549,26.299,26.617,26.561,24.177,17.091,13.360,12.045,14.457,19.604,22.725,19.073,17.080,17.325,17.253,11.444
17.400,18.076,17.826,17.761,18.784,18.781,20.522,20.835,23.666,26.401,26.691,26.624,24.234,17.171,13.477,12.169,14.567,19.720,22.802,19.186,17.186,17.431,17.393,11.600
17.504,18.187,17.952,17.897,18.910,18.896,20.636,20.936,23.763,26.507,26.801,26.750,24.378,17.341,13.631,12.334,14.734,19.857,22.943,19.313,17.320,17.564,17.518,11.748
17.606,18.286,18.047,17.984,18.992,18.980,20.720,21.020,23.843,26.579,26.867,26.808,24.433,17.404,13.696,12.403,14.798,19.927,23.008,19.392,17.395,17.633,17.602,11.830
17.743,18.413,18.183,18.097,19.074,19.055,20.809,21.100,23.914,26.629,26.913,26.822,24.449,17.449,13.707,12.437,14.819,19.968,23.054,19.476,17.465,17.668,17.684,11.894
17.821,18.514,18.285,18.217,19.201,19.182,20.918,21.196,24.010,26.750,27.024,26.976,24.620,17.637,13.910,12.643,15.036,20.140,23.209,19.596,17.592,17.820,17.816,12.073
17.896,18.606,18.383,18.327,19.310,19.285,21.015,21.279,24.095,26.856,27.126,27.107,24.764,17.794,14.059,12.799,15.201,20.277,23.343,19.702,17.701,17.940,17.925,12.207
18.009,18.709,18.493,18.431,19.404,19.375,21.110,21.374,24.182,26.928,27.204,27.171,24.831,17.878,14.137,12.883,15.275,20.351,23.421,19.799,17.800,18.026,18.019,12.300
18.138,18.834,18.621,18.566,19.543,19.510,21.246,21.513,24.320,27.064,27.347,27.316,24.979,18.026,14.289,13.031,15.422,20.490,23.563,19.940,17.948,18.177,18.156,12.441
18.216,18.920,18.708,18.662,19.649,19.617,21.350,21.615,24.428,27.186,27.472,27.456,25.122,18.156,14.423,13.158,15.558,20.616,23.692,20.047,18.059,18.300,18.261,12.552
18.329,19.046,18.821,18.787,19.791,19.769,21.484,21.752,24.567,27.338,27.614,27.624,25.291,18.320,14.620,13.346,15.752,20.791,23.847,20.183,18.201,18.467,18.409,12.726
18.475,19.200,18.949,18.892,19.891,19.891,21.590,21.858,24.666,27.434,27.672,27.674,25.329,18.370,14.696,13.432,15.833,20.890,23.908,20.269,18.268,18.535,18.524,12.847
18.618,19.328,19.092,19.024,20.000,19.989,21.699,21.963,24.759,27.504,27.751,27.729,25.392,18.465,14.767,13.519,15.905,20.963,23.990,20.382,18.382,18.622,18.631,12.949
18.712,19.423,19.214,19.137,20.074,20.040,21.767,22.005,24.794,27.534,27.784,27.754,25.436,18.556,14.799,13.583,15.963,21.011,24.056,20.459,18.450,18.657,18.700,13.019
18.791,19.508,19.264,19.193,20.170,20.164,21.870,22.132,24.929,27.679,27.915,27.897,25.557,18.629,14.936,13.689,16.078,21.139,24.158,20.548,18.541,18.785,18.804,13.125
18.906,19.604,19.363,19.286,20.262,20.254,21.969,22.242,25.037,27.765,28.015,27.971,25.625,18.692,14.998,13.746,16.124,21.202,24.232,20.646,18.645,18.874,18.892,13.192
18.986,19.695,19.415,19.333,20.339,20.363,22.055,22.346,25.150,27.891,28.112,28.076,25.705,18.729,15.091,13.818,16.206,21.308,24.304,20.711,18.699,18.960,18.980,13.277
19.040,19.741,19.488,19.411,20.400,20.401,22.114,22.395,25.199,27.935,28.180,28.138,25.779,18.815,15.132,13.868,16.254,21.350,24.378,20.782,18.776,19.016,19.030,13.316
19.143,19.849,19.575,19.487,20.485,20.503,22.207,22.496,25.304,28.043,28.269,28.222,25.847,18.864,15.202,13.933,16.321,21.440,24.451,20.861,18.842,19.091,19.121,13.397
19.249,19.956,19.692,19.598,20.578,20.588,22.298,22.575,25.378,28.115,28.339,28.288,25.921,18.961,15.273,14.019,16.405,21.521,24.536,20.953,18.929,19.163,19.213,13.490
19.352,20.081,19.788,19.695,20.693,20.727,22.409,22.688,25.493,28.249,28.440,28.416,26.043,19.076,15.436,14.177,16.571,21.678,24.651,21.054,19.024,19.289,19.342,13.649
19.446,20.185,19.907,19.806,20.774,20.797,22.481,22.736,25.532,28.293,28.472,28.454,26.098,19.176,15.501,14.271,16.663,21.753,24.725,21.131,19.091,19.337,19.424,13.749
19.539,20.268,19.987,19.889,20.871,20.896,22.585,22.854,25.656,28.412,28.604,28.577,26.210,19.260,15.594,14.348,16.741,21.846,24.828,21.233,19.198,19.449,19.518,13.823
19.696,20.412,20.122,20.001,20.970,21.002,22.695,22.971,25.765,28.497,28.679,28.619,26.240,19.298,15.632,14.393,16.773,21.909,24.883,21.330,19.284,19.513,19.621,13.904
19.811,20.542,20.251,20.130,21.091,21.123,22.808,23.070,25.861,28.605,28.772,28.727,26.358,19.437,15.768,14.543,16.925,22.044,25.005,21.444,19.392,19.625,19.746,14.052
19.967,20.700,20.404,20.271,21.217,21.255,22.932,23.187,25.967,28.700,28.850,28.800,26.436,19.549,15.886,14.676,17.049,22.161,25.101,21.564,19.507,19.732,19.881,14.205
20.033,20.754,20.453,20.340,21.323,21.364,23.045,23.326,26.121,28.859,29.036,28.988,26.608,19.660,16.022,14.774,17.156,22.281,25.241,21.680,19.640,19.887,19.979,14.278
20.202,20.905,20.615,20.488,21.454,21.486,23.184,23.467,26.257,28.971,29.160,29.079,26.697,19.758,16.093,14.854,17.223,22.370,25.348,21.817,19.773,19.992,20.104,14.377
20.273,20.972,20.656,20.525,21.519,21.572,23.267,23.574,26.379,29.096,29.280,29.189,26.776,19.774,16.140,14.873,17.250,22.441,25.416,21.882,19.831,20.066,20.169,14.406
20.418,21.122,20.756,20.606,21.630,21.723,23.397,23.730,26.543,29.263,29.411,29.308,26.858,19.803,16.228,14.939,17.322,22.564,25.500,21.979,19.909,20.167,20.293,14.506
20.627,21.329,20.926,20.762,21.806,21.931,23.579,23.933,26.739,29.445,29.565,29.453,26.985,19.922,16.417,15.114,17.488,22.744,25.635,22.144,20.071,20.347,20.486,14.711
20.722,21.434,21.031,20.878,21.928,22.054,23.694,24.044,26.851,29.571,29.688,29.598,27.136,20.075,16.580,15.275,17.655,22.891,25.775,22.264,20.196,20.486,20.610,14.855
20.888,21.598,21.239,21.072,22.061,22.150,23.817,24.128,26.919,29.627,29.752,29.647,27.217,20.235,16.649,15.396,17.763,22.979,25.891,22.402,20.324,20.561,20.735,14.985
20.997,21.700,21.386,21.224,22.174,22.227,23.917,24.202,26.985,29.685,29.837,29.728,27.327,20.398,16.742,15.518,17.878,23.065,26.013,22.525,20.454,20.656,20.836,15.092
21.135,21.860,21.536,21.366,22.307,22.367,24.044,24.313,27.093,29.810,29.932,29.841,27.445,20.537,16.880,15.673,18.039,23.217,26.140,22.646,20.560,20.767,20.977,15.256
21.278,22.003,21.673,21.501,22.444,22.510,24.183,24.455,27.235,29.950,30.066,29.974,27.575,20.664,17.018,15.809,18.173,23.356,26.271,22.781,20.693,20.904,21.117,15.397
21.447,22.190,21.823,21.621,22.560,22.657,24.306,24.577,27.351,30.071,30.131,30.037,27.620,20.719,17.105,15.909,18.273,23.480,26.343,22.876,20.760,20.976,21.252,15.541
21.551,22.321,21.977,21.777,22.681,22.759,24.410,24.640,27.413,30.160,30.205,30.142,27.752,20.901,17.230,16.073,18.446,23.619,26.485,22.991,20.861,21.067,21.372,15.691
21.715,22.496,22.148,21.932,22.814,22.897,24.538,24.753,27.514,30.261,30.279,30.217,27.835,21.024,17.348,16.215,18.583,23.750,26.590,23.114,20.970,21.166,21.515,15.855
21.955,22.710,22.417,22.184,22.996,23.033,24.710,24.894,27.626,30.328,30.375,30.270,27.925,21.217,17.449,16.370,18.705,23.849,26.726,23.308,21.168,21.290,21.687,16.028
22.019,22.786,22.499,22.282,23.106,23.138,24.816,24.996,27.742,30.471,30.524,30.445,28.101,21.367,17.590,16.501,18.853,23.989,26.880,23.420,21.282,21.421,21.790,16.131
22.209,22.983,22.722,22.503,23.293,23.304,24.990,25.142,27.878,30.607,30.661,30.589,28.271,21.593,17.770,16.714,19.061,24.167,27.066,23.607,21.467,21.584,21.976,16.339
22.384,23.158,22.894,22.649,23.416,23.429,25.123,25.267,28.000,30.723,30.758,30.663,28.336,21.669,17.817,16.781,19.124,24.263,27.158,23.725,21.562,21.654,22.100,16.440
22.488,23.262,22.974,22.728,23.517,23.549,25.234,25.396,28.136,30.862,30.888,30.790,28.444,21.738,17.920,16.864,19.212,24.375,27.258,23.823,21.656,21.766,22.205,16.531
22.598,23.357,23.054,22.804,23.613,23.657,25.344,25.529,28.277,30.991,31.024,30.905,28.536,21.788,17.994,16.915,19.261,24.458,27.345,23.922,21.756,21.870,22.299,16.592
22.794,23.574,23.288,23.009,23.759,23.788,25.484,25.626,28.364,31.087,31.087,30.965,28.614,21.933,18.064,17.042,19.386,24.584,27.466,24.058,21.858,21.931,22.447,16.748
22.985,23.775,23.446,23.133,23.888,23.953,25.634,25.786,28.530,31.256,31.206,31.067,28.680,21.968,18.126,17.104,19.452,24.712,27.555,24.169,21.934,22.011,22.589,16.862
23.123,23.903,23.527,23.235,24.072,24.174,25.841,26.051,28.826,31.563,31.527,31.390,28.954,22.108,18.357,17.258,19.626,24.934,27.776,24.359,22.137,22.272,22.771,16.998
23.264,24.035,23.612,23.307,24.185,24.324,25.983,26.232,29.024,31.756,31.705,31.544,29.061,22.130,18.437,17.298,19.672,25.050,27.875,24.468,22.235,22.392,22.889,17.067
23.449,24.246,23.789,23.482,24.376,24.545,26.168,26.418,29.207,31.959,31.865,31.733,29.245,22.318,18.683,17.542,19.922,25.286,28.058,24.641,22.399,22.590,23.099,17.317
23.592,24.407,23.942,23.631,24.528,24.702,26.324,26.567,29.370,32.149,32.037,31.920,29.422,22.468,18.817,17.678,20.076,25.460,28.230,24.787,22.525,22.724,23.249,17.453
23.787,24.623,24.136,23.808,24.701,24.893,26.504,26.739,29.549,32.348,32.197,32.087,29.575,22.609,18.958,17.829,20.239,25.649,28.395,24.946,22.656,22.861,23.430,17.627
23.879,24.713,24.256,23.974,24.897,25.062,26.698,26.939,29.780,32.612,32.517,32.437,29.928,22.813,19.204,18.006,20.450,25.877,28.691,25.164,22.898,23.124,23.599,17.766
24.169,24.973,24.403,24.071,25.080,25.336,26.955,27.291,30.167,32.975,32.838,32.677,30.047,22.890,19.256,18.006,20.467,26.038,28.809,25.336,23.030,23.291,23.795,17.789
24.273,25.038,24.518,24.204,25.218,25.429,27.121,27.473,30.387,33.195,33.145,32.942,30.292,22.953,19.286,18.040,20.477,26.126,29.023,25.513,23.213,23.439,23.885,17.825
24.526,25.276,24.748,24.451,25.497,25.715,27.403,27.781,30.700,33.498,33.471,33.267,30.608,23.233,19.608,18.295,20.755,26.413,29.315,25.799,23.521,23.768,24.163,18.061
24.797,25.580,25.028,24.699,25.723,25.960,27.637,27.992,30.918,33.744,33.657,33.459,30.786,23.415,19.767,18.484,20.958,26.652,29.521,26.004,23.679,23.920,24.398,18.289
25.035,25.832,25.207,24.934,26.108,26.402,28.057,28.493,31.496,34.397,34.327,34.181,31.425,23.787,20.263,18.845,21.387,27.160,30.042,26.396,24.084,24.448,24.771,18.582
25.280,26.030,25.458,25.269,26.537,26.783,28.518,29.012,32.096,35.033,35.119,34.974,32.180,24.299,20.710,19.175,21.771,27.607,30.670,26.888,24.628,25.025,25.128,18.784
25.734,26.411,25.674,25.461,26.918,27.294,29.011,29.691,32.842,35.733,35.824,35.565,32.584,24.333,20.991,19.262,21.872,27.972,31.012,27.276,25.008,25.494,25.514,18.950
26.216,26.917,26.212,25.990,27.398,27.749,29.481,30.115,33.268,36.187,36.264,36.022,33.064,24.860,21.426,19.745,22.366,28.453,31.512,27.753,25.460,25.917,25.987,19.429
26.829,27.484,26.700,26.413,27.859,28.271,30.013,30.723,33.896,36.763,36.814,36.459,33.398,25.055,21.681,19.949,22.558,28.834,31.878,28.210,25.873,26.314,26.452,19.744
27.295,27.902,27.183,26.979,28.535,28.884,30.769,31.546,34.871,37.829,38.068,37.692,34.536,25.771,22.211,20.331,23.048,29.524,32.855,28.971,26.640,27.101,27.012,19.981
28.555,29.309,28.412,28.099,29.648,30.143,31.906,32.643,35.985,39.058,39.009,38.703,35.469,26.689,23.236,21.418,24.187,30.775,33.869,29.976,27.484,28.015,28.205,21.220
31.063,32.162,30.873,30.445,32.124,32.940,34.414,35.113,38.551,41.969,41.369,41.345,37.934,28.939,25.825,24.017,26.970,33.724,36.347,32.241,29.472,30.301,30.833,23.980
