5.640,3.975,1.588,1.429,4.219,10.094,19.752,27.751,31.132,30.687,27.396,25.630,26.244,27.575,31.491,34.401,34.594,37.113,39.251,29.748,26.055,19.377,18.304,12.878
13.389,11.551,9.496,9.406,11.875,17.079,26.291,34.325,37.619,36.188,33.144,31.710,32.282,34.165,37.924,40.242,41.400,43.672,44.580,37.295,32.480,25.949,24.443,19.156
17.369,15.557,13.601,13.437,15.761,20.667,29.621,37.881,41.061,39.171,36.124,34.961,35.422,37.524,41.102,43.251,44.947,46.791,47.565,41.685,35.796,29.357,27.623,22.543
19.268,17.469,15.561,15.361,17.615,22.377,31.207,39.574,42.700,40.589,37.541,36.509,36.919,39.126,42.618,44.685,46.640,48.284,48.987,43.780,37.376,30.980,29.137,24.155
20.934,18.980,17.170,17.061,19.302,23.894,32.645,41.004,44.137,41.657,38.700,37.543,37.974,40.387,43.929,45.581,47.972,49.265,49.537,45.069,38.757,32.286,30.310,25.268
21.894,19.879,18.166,18.129,20.293,24.743,33.383,41.524,44.663,42.096,39.277,38.128,38.607,41.085,44.633,46.162,48.562,50.075,49.900,45.477,39.399,33.011,31.019,25.960
22.598,20.585,18.906,18.868,20.984,25.362,33.940,42.066,45.189,42.551,39.761,38.679,39.151,41.669,45.185,46.696,49.150,50.700,50.408,46.162,39.939,33.595,31.569,26.542
23.122,21.133,19.454,19.393,21.500,25.850,34.379,42.539,45.632,42.967,40.160,39.109,39.555,42.074,45.551,47.054,49.564,50.995,50.786,46.729,40.366,34.043,32.002,27.028
23.588,21.607,19.961,19.905,21.960,26.260,34.750,42.838,45.931,43.267,40.506,39.527,39.986,42.514,45.971,47.519,49.967,51.605,51.241,47.120,40.719,34.458,32.415,27.454
24.020,21.994,20.383,20.376,22.426,26.682,35.130,43.101,46.199,43.509,40.810,39.763,40.251,42.797,46.280,47.716,50.183,51.819,51.295,47.174,41.039,34.790,32.756,27.768
24.312,22.317,20.701,20.679,22.730,26.974,35.357,43.296,46.359,43.712,41.009,39.959,40.431,42.937,46.384,47.819,50.270,51.828,51.400,47.332,41.223,35.016,33.006,28.073
24.583,22.606,20.989,20.951,22.990,27.225,35.595,43.556,46.610,43.959,41.245,40.234,40.693,43.199,46.625,48.088,50.543,52.093,51.704,47.610,41.467,35.275,33.258,28.349
24.825,22.824,21.215,21.195,23.244,27.470,35.835,43.777,46.834,44.158,41.458,40.403,40.870,43.390,46.832,48.233,50.680,52.138,51.746,47.685,41.693,35.485,33.465,28.540
24.983,22.999,21.392,21.378,23.426,27.643,35.954,43.812,46.848,44.235,41.554,40.478,40.948,43.424,46.850,48.246,50.700,52.165,51.774,47.685,41.759,35.595,33.613,28.717
25.172,23.187,21.586,21.587,23.638,27.844,36.116,43.898,46.924,44.347,41.691,40.580,41.058,43.509,46.933,48.299,50.715,52.174,51.778,47.686,41.876,35.738,33.784,28.897
25.371,23.379,21.790,21.803,23.854,28.042,36.280,44.010,47.027,44.456,41.821,40.683,41.167,43.612,47.036,48.362,50.726,52.179,51.790,47.708,42.007,35.885,33.941,29.061
25.547,23.564,21.987,22.012,24.053,28.218,36.396,44.027,47.028,44.504,41.900,40.745,41.236,43.648,47.057,48.367,50.763,52.194,51.792,47.731,42.064,35.992,34.081,29.226
25.731,23.764,22.173,22.192,24.253,28.430,36.580,44.194,47.174,44.693,42.080,40.890,41.372,43.748,47.147,48.442,50.779,52.211,51.817,47.815,42.222,36.158,34.272,29.442
25.881,23.938,22.337,22.341,24.403,28.586,36.715,44.329,47.292,44.846,42.220,41.040,41.510,43.859,47.236,48.557,50.871,52.221,51.962,47.831,42.346,36.301,34.430,29.630
26.104,24.175,22.584,22.575,24.614,28.768,36.870,44.493,47.445,44.978,42.353,41.224,41.685,44.044,47.396,48.737,51.064,52.395,52.161,48.109,42.500,36.482,34.596,29.823
26.279,24.384,22.770,22.736,24.788,28.958,37.035,44.691,47.616,45.183,42.526,41.399,41.835,44.160,47.484,48.844,51.174,52.410,52.315,48.324,42.658,36.650,34.778,30.049
26.474,24.569,22.967,22.937,24.977,29.128,37.203,44.833,47.739,45.324,42.676,41.565,42.004,44.353,47.657,49.023,51.308,52.603,52.463,48.461,42.831,36.823,34.933,30.198
26.615,24.735,23.145,23.115,25.135,29.258,37.265,44.863,47.793,45.328,42.709,41.612,42.052,44.362,47.677,49.026,51.382,52.629,52.484,48.542,42.839,36.897,35.040,30.347
26.729,24.863,23.259,23.219,25.246,29.393,37.417,44.999,47.906,45.531,42.896,41.806,42.243,44.533,47.826,49.233,51.480,52.796,52.712,48.638,43.003,37.059,35.214,30.524
26.786,24.911,23.305,23.271,25.307,29.464,37.499,45.079,47.992,45.617,42.983,41.873,42.314,44.605,47.910,49.304,51.553,52.859,52.771,48.675,43.087,37.130,35.288,30.583
26.935,25.067,23.463,23.425,25.458,29.601,37.610,45.185,48.085,45.706,43.072,41.965,42.400,44.687,47.978,49.360,51.624,52.868,52.821,48.786,43.183,37.239,35.397,30.713
27.061,25.210,23.597,23.549,25.590,29.738,37.724,45.294,48.178,45.828,43.184,42.068,42.493,44.755,48.032,49.416,51.672,52.885,52.888,48.869,43.282,37.350,35.522,30.863
27.229,25.395,23.797,23.747,25.762,29.878,37.813,45.331,48.199,45.863,43.241,42.157,42.580,44.832,48.083,49.480,51.706,52.951,52.941,48.927,43.340,37.456,35.637,31.009
27.322,25.496,23.903,23.855,25.862,29.966,37.876,45.357,48.216,45.902,43.291,42.212,42.637,44.874,48.115,49.518,51.716,52.982,52.969,48.932,43.382,37.523,35.716,31.103
27.467,25.665,24.077,24.022,26.014,30.100,37.960,45.388,48.227,45.956,43.358,42.301,42.721,44.929,48.143,49.570,51.719,52.994,53.022,48.958,43.432,37.622,35.837,31.260
27.594,25.797,24.213,24.159,26.149,30.222,38.050,45.453,48.279,46.015,43.425,42.359,42.777,44.974,48.177,49.587,51.737,53.015,53.024,48.987,43.499,37.706,35.929,31.370
27.709,25.921,24.337,24.280,26.266,30.339,38.159,45.549,48.371,46.125,43.536,42.479,42.895,45.082,48.279,49.704,51.832,53.108,53.146,49.085,43.601,37.821,36.051,31.501
27.832,26.036,24.460,24.412,26.396,30.457,38.263,45.627,48.448,46.196,43.621,42.552,42.974,45.164,48.363,49.765,51.897,53.173,53.178,49.124,43.691,37.917,36.149,31.597
27.965,26.159,24.585,24.545,26.531,30.592,38.405,45.764,48.591,46.330,43.760,42.678,43.104,45.301,48.509,49.895,52.036,53.311,53.291,49.234,43.832,38.050,36.280,31.716
28.082,26.292,24.710,24.656,26.646,30.710,38.509,45.885,48.699,46.449,43.864,42.789,43.204,45.388,48.581,49.977,52.123,53.344,53.395,49.379,43.934,38.158,36.391,31.850
28.169,26.394,24.806,24.743,26.735,30.800,38.583,45.960,48.762,46.530,43.937,42.865,43.272,45.441,48.621,50.025,52.165,53.351,53.458,49.456,44.000,38.235,36.476,31.955
28.239,26.471,24.876,24.805,26.804,30.874,38.651,46.044,48.839,46.610,44.006,42.932,43.330,45.492,48.664,50.068,52.218,53.353,53.498,49.519,44.067,38.301,36.544,32.035
28.333,26.566,24.974,24.905,26.902,30.965,38.727,46.105,48.894,46.668,44.069,42.990,43.388,45.546,48.713,50.102,52.238,53.356,53.514,49.547,44.131,38.373,36.619,32.117
28.410,26.639,25.053,24.996,26.993,31.047,38.787,46.117,48.902,46.692,44.110,43.009,43.414,45.562,48.731,50.107,52.259,53.378,53.541,49.589,44.165,38.421,36.681,32.181
28.558,26.797,25.213,25.148,27.138,31.178,38.897,46.231,49.004,46.788,44.205,43.120,43.518,45.664,48.818,50.191,52.338,53.434,53.595,49.670,44.267,38.538,36.794,32.315
28.643,26.884,25.292,25.219,27.215,31.271,39.014,46.384,49.163,46.944,44.345,43.267,43.660,45.810,48.967,50.358,52.510,53.603,53.790,49.862,44.406,38.660,36.910,32.424
28.742,26.988,25.379,25.294,27.307,31.385,39.146,46.569,49.346,47.122,44.495,43.408,43.790,45.938,49.095,50.488,52.669,53.679,53.949,50.069,44.557,38.787,37.032,32.549
28.890,27.121,25.532,25.462,27.457,31.511,39.267,46.655,49.441,47.196,44.596,43.520,43.914,46.081,49.246,50.627,52.803,53.896,54.054,50.155,44.671,38.912,37.149,32.651
28.993,27.239,25.641,25.561,27.562,31.623,39.368,46.759,49.535,47.313,44.703,43.627,44.014,46.163,49.316,50.710,52.874,53.934,54.156,50.257,44.766,39.015,37.262,32.782
29.098,27.345,25.753,25.675,27.666,31.718,39.458,46.837,49.614,47.390,44.788,43.726,44.115,46.267,49.417,50.819,52.973,54.071,54.263,50.353,44.854,39.112,37.359,32.880
29.182,27.435,25.842,25.756,27.743,31.794,39.532,46.928,49.701,47.471,44.862,43.815,44.199,46.354,49.497,50.909,53.071,54.163,54.368,50.487,44.934,39.194,37.434,32.963
29.278,27.524,25.933,25.852,27.840,31.886,39.624,47.022,49.796,47.552,44.946,43.891,44.276,46.438,49.585,50.980,53.159,54.234,54.427,50.572,45.025,39.280,37.515,33.040
29.379,27.628,26.042,25.962,27.942,31.983,39.715,47.093,49.868,47.634,45.037,43.994,44.383,46.541,49.686,51.095,53.250,54.375,54.541,50.648,45.111,39.379,37.619,33.145
29.465,27.730,26.135,26.042,28.022,32.070,39.799,47.196,49.964,47.746,45.135,44.109,44.488,46.634,49.766,51.203,53.347,54.459,54.684,50.794,45.201,39.476,37.719,33.262
29.560,27.831,26.245,26.153,28.119,32.155,39.866,47.228,49.993,47.791,45.194,44.185,44.568,46.707,49.830,51.283,53.395,54.567,54.760,50.831,45.254,39.554,37.805,33.356
29.656,27.930,26.349,26.259,28.218,32.245,39.946,47.288,50.052,47.855,45.267,44.265,44.651,46.788,49.908,51.365,53.464,54.666,54.836,50.890,45.326,39.638,37.892,33.446
29.719,28.010,26.420,26.322,28.280,32.321,40.020,47.353,50.113,47.958,45.364,44.374,44.757,46.870,49.981,51.478,53.529,54.762,54.978,50.960,45.399,39.726,37.996,33.562
29.806,28.089,26.508,26.417,28.368,32.401,40.103,47.421,50.187,48.024,45.441,44.454,44.845,46.966,50.083,51.576,53.622,54.898,55.062,51.025,45.481,39.809,38.077,33.633
29.933,28.223,26.637,26.537,28.487,32.524,40.234,47.580,50.346,48.177,45.584,44.614,44.999,47.123,50.235,51.746,53.799,55.075,55.259,51.240,45.627,39.951,38.212,33.772
30.047,28.337,26.748,26.643,28.590,32.635,40.364,47.738,50.510,48.333,45.731,44.778,45.161,47.293,50.408,51.940,53.993,55.295,55.476,51.452,45.777,40.092,38.344,33.898
30.156,28.456,26.863,26.749,28.697,32.741,40.465,47.851,50.616,48.442,45.832,44.888,45.264,47.391,50.496,52.037,54.095,55.373,55.590,51.591,45.878,40.198,38.449,34.015
30.229,28.536,26.939,26.825,28.777,32.827,40.540,47.905,50.664,48.518,45.908,44.952,45.328,47.437,50.538,52.081,54.116,55.381,55.631,51.598,45.939,40.268,38.535,34.109
30.407,28.706,27.112,26.992,28.940,32.985,40.717,48.133,50.900,48.707,46.087,45.154,45.526,47.664,50.768,52.311,54.391,55.656,55.878,51.919,46.145,40.455,38.694,34.260
30.520,28.818,27.233,27.116,29.050,33.081,40.810,48.215,50.985,48.781,46.173,45.260,45.635,47.783,50.885,52.436,54.510,55.830,55.999,52.036,46.238,40.558,38.791,34.355
30.626,28.932,27.336,27.211,29.158,33.202,40.926,48.346,51.107,48.917,46.294,45.365,45.732,47.866,50.963,52.510,54.592,55.839,56.084,52.144,46.351,40.666,38.906,34.482
30.742,29.063,27.467,27.336,29.274,33.310,41.013,48.417,51.167,48.997,46.375,45.465,45.828,47.947,51.028,52.595,54.654,55.915,56.182,52.235,46.426,40.764,39.013,34.609
30.887,29.216,27.615,27.471,29.408,33.446,41.155,48.599,51.347,49.162,46.524,45.634,45.986,48.112,51.185,52.766,54.846,56.082,56.382,52.489,46.585,40.917,39.153,34.759
31.081,29.405,27.806,27.659,29.592,33.622,41.338,48.817,51.567,49.342,46.699,45.821,46.169,48.318,51.389,52.961,55.084,56.299,56.582,52.768,46.782,41.103,39.318,34.921
31.180,29.502,27.905,27.764,29.696,33.729,41.449,48.904,51.659,49.452,46.817,45.936,46.292,48.434,51.512,53.092,55.186,56.448,56.706,52.826,46.889,41.214,39.439,35.033
31.326,29.633,28.027,27.885,29.834,33.884,41.637,49.150,51.914,49.670,47.016,46.114,46.465,48.629,51.722,53.276,55.427,56.615,56.894,53.082,47.104,41.387,39.593,35.169
31.446,29.766,28.140,27.980,29.948,34.018,41.781,49.354,52.108,49.863,47.174,46.267,46.601,48.756,51.840,53.398,55.584,56.658,57.056,53.319,47.263,41.527,39.728,35.319
31.568,29.883,28.254,28.093,30.067,34.145,41.925,49.519,52.279,50.023,47.328,46.416,46.750,48.913,52.005,53.561,55.760,56.826,57.224,53.492,47.420,41.668,39.863,35.444
31.679,30.013,28.375,28.202,30.177,34.260,42.024,49.622,52.369,50.137,47.431,46.528,46.852,48.994,52.070,53.645,55.829,56.863,57.332,53.608,47.512,41.774,39.979,35.583
31.833,30.179,28.541,28.365,30.342,34.419,42.151,49.716,52.447,50.246,47.543,46.631,46.951,49.071,52.133,53.703,55.868,56.869,57.381,53.653,47.612,41.896,40.120,35.746
31.934,30.295,28.660,28.478,30.440,34.510,42.228,49.774,52.501,50.321,47.624,46.743,47.062,49.170,52.219,53.826,55.952,57.018,57.523,53.752,47.684,41.994,40.224,35.865
32.048,30.401,28.764,28.588,30.557,34.633,42.362,49.908,52.641,50.458,47.762,46.865,47.188,49.299,52.357,53.953,56.083,57.141,57.640,53.856,47.820,42.119,40.350,35.979
32.155,30.535,28.884,28.691,30.663,34.754,42.470,50.022,52.741,50.600,47.887,47.002,47.313,49.393,52.433,54.064,56.163,57.195,57.793,53.987,47.923,42.238,40.485,36.142
32.240,30.622,28.966,28.776,30.757,34.859,42.576,50.109,52.827,50.716,48.004,47.100,47.415,49.478,52.522,54.157,56.227,57.260,57.881,54.014,48.021,42.338,40.601,36.256
32.381,30.748,29.112,28.935,30.895,34.973,42.689,50.196,52.926,50.786,48.099,47.214,47.541,49.628,52.680,54.307,56.378,57.503,58.004,54.127,48.134,42.459,40.709,36.348
32.500,30.875,29.227,29.041,31.007,35.108,42.850,50.382,53.117,50.998,48.296,47.419,47.745,49.823,52.878,54.542,56.588,57.739,58.276,54.342,48.315,42.631,40.885,36.518
32.592,30.971,29.311,29.120,31.096,35.220,42.986,50.538,53.279,51.177,48.460,47.581,47.905,49.975,53.034,54.721,56.752,57.905,58.483,54.502,48.465,42.768,41.027,36.654
32.746,31.121,29.460,29.267,31.244,35.368,43.141,50.718,53.460,51.337,48.614,47.737,48.058,50.140,53.201,54.879,56.937,58.067,58.645,54.710,48.631,42.922,41.170,36.794
32.909,31.280,29.629,29.438,31.402,35.510,43.281,50.856,53.601,51.457,48.744,47.887,48.210,50.307,53.367,55.048,57.112,58.285,58.809,54.890,48.775,43.072,41.309,36.930
33.064,31.454,29.791,29.581,31.547,35.668,43.446,51.059,53.799,51.666,48.930,48.097,48.408,50.495,53.542,55.259,57.319,58.474,59.069,55.164,48.955,43.252,41.488,37.125
33.196,31.599,29.933,29.722,31.685,35.812,43.579,51.160,53.896,51.806,49.075,48.246,48.559,50.622,53.663,55.407,57.414,58.614,59.227,55.237,49.076,43.394,41.650,37.295
33.315,31.729,30.050,29.829,31.798,35.950,43.743,51.344,54.085,52.024,49.277,48.459,48.771,50.819,53.862,55.650,57.622,58.856,59.512,55.449,49.258,43.570,41.833,37.475
33.450,31.845,30.169,29.957,31.932,36.086,43.898,51.514,54.266,52.174,49.429,48.592,48.909,50.978,54.037,55.796,57.803,59.018,59.638,55.603,49.424,43.711,41.962,37.582
33.589,31.979,30.293,30.094,32.085,36.275,44.120,51.694,54.462,52.434,49.695,48.824,49.158,51.198,54.283,56.064,57.991,59.284,59.903,55.664,49.644,43.924,42.207,37.797
33.789,32.181,30.505,30.304,32.271,36.450,44.305,51.881,54.659,52.620,49.891,49.068,49.407,51.462,54.543,56.367,58.270,59.685,60.229,55.951,49.847,44.139,42.410,37.995
34.040,32.393,30.733,30.555,32.515,36.694,44.604,52.184,54.999,52.915,50.206,49.383,49.745,51.845,54.964,56.779,58.690,60.234,60.614,56.266,50.178,44.438,42.686,38.211
34.202,32.550,30.874,30.688,32.665,36.871,44.826,52.477,55.303,53.194,50.455,49.625,49.981,52.095,55.228,57.043,58.995,60.483,60.909,56.600,50.436,44.654,42.885,38.393
34.382,32.718,31.028,30.842,32.844,37.073,45.057,52.757,55.588,53.461,50.700,49.836,50.187,52.309,55.457,57.245,59.242,60.635,61.114,56.853,50.686,44.864,43.087,38.579
34.646,32.965,31.256,31.065,33.088,37.366,45.445,53.236,56.100,53.950,51.157,50.290,50.645,52.791,55.974,57.792,59.807,61.231,61.713,57.395,51.142,45.254,43.456,38.897
34.913,33.209,31.511,31.333,33.341,37.621,45.750,53.552,56.448,54.266,51.486,50.643,51.016,53.197,56.407,58.246,60.251,61.822,62.169,57.773,51.482,45.574,43.756,39.151
35.136,33.391,31.696,31.547,33.573,37.876,46.063,53.850,56.780,54.589,51.824,50.930,51.329,53.529,56.788,58.596,60.594,62.228,62.475,57.960,51.812,45.861,44.043,39.374
35.391,33.672,31.938,31.757,33.809,38.173,46.417,54.306,57.239,55.080,52.256,51.375,51.755,53.933,57.190,59.068,61.055,62.635,63.052,58.502,52.218,46.231,44.415,39.747
35.683,34.019,32.256,32.033,34.079,38.476,46.733,54.675,57.596,55.504,52.638,51.829,52.187,54.323,57.546,59.549,61.460,63.095,63.662,59.029,52.564,46.600,44.798,40.170
36.258,34.524,32.779,32.594,34.633,39.055,47.448,55.428,58.428,56.259,53.415,52.608,53.010,55.229,58.533,60.544,62.460,64.353,64.638,59.833,53.364,47.319,45.473,40.720
36.750,34.976,33.234,33.069,35.114,39.561,48.041,56.054,59.100,56.891,54.052,53.235,53.660,55.920,59.274,61.288,63.210,65.221,65.376,60.469,54.008,47.908,46.040,41.213
37.280,35.435,33.717,33.621,35.676,40.139,48.683,56.574,59.678,57.488,54.715,53.812,54.298,56.576,60.014,61.976,63.820,66.051,65.944,60.725,54.640,48.509,46.664,41.728
37.884,35.996,34.246,34.150,36.253,40.794,49.488,57.540,60.696,58.441,55.611,54.668,55.159,57.488,60.989,62.948,64.873,67.054,66.968,61.741,55.550,49.292,47.405,42.381
38.926,36.951,35.145,35.050,37.234,41.921,50.926,59.305,62.573,60.169,57.234,56.239,56.742,59.190,62.823,64.789,66.877,69.032,68.922,63.669,57.211,50.702,48.719,43.508
39.988,38.218,36.311,36.054,38.202,43.018,52.090,60.672,63.907,61.756,58.668,57.973,58.398,60.697,64.207,66.679,68.455,70.911,71.315,65.691,58.507,52.086,50.152,45.076
42.445,40.700,38.650,38.307,40.546,45.660,55.178,64.212,67.578,65.501,62.203,61.600,62.013,64.316,67.931,70.774,72.427,75.163,75.861,69.695,61.937,55.274,53.301,48.057
