1.652,-4.137,-5.881,-7.741,-9.143,-6.903,3.313,15.020,13.959,7.585,2.062,-1.239,-4.345,-7.462,-12.549,-11.721,-7.140,0.337,12.424,24.430,26.613,21.556,18.078,8.167
7.895,2.931,1.390,-0.626,-1.588,0.335,9.505,20.162,19.907,13.906,9.082,5.670,2.685,-0.254,-4.966,-4.183,-0.345,6.931,17.509,28.178,30.059,25.681,22.825,14.126
10.829,6.437,4.971,2.866,2.098,3.967,12.658,22.670,22.433,16.585,12.202,9.026,6.235,3.385,-1.296,-0.461,3.007,9.917,19.855,29.369,31.081,27.281,24.870,17.022
12.605,8.657,7.265,5.038,4.506,6.399,14.843,24.618,24.527,18.622,14.542,11.380,8.611,5.755,1.034,1.854,5.018,11.871,21.571,30.271,31.648,28.350,26.505,19.161
13.938,10.290,8.950,6.707,6.294,8.245,16.513,26.088,25.926,20.025,16.149,13.110,10.400,7.565,2.833,3.629,6.621,13.299,22.919,30.988,32.096,29.174,27.740,20.738
15.209,11.843,10.559,8.319,8.011,9.969,17.990,27.284,27.106,21.280,17.616,14.692,12.057,9.271,4.590,5.363,8.174,14.653,24.057,31.544,32.445,29.843,28.735,22.097
15.878,12.594,11.355,9.207,8.909,10.843,18.657,27.744,27.543,21.865,18.287,15.440,12.860,10.149,5.609,6.329,9.075,15.373,24.615,31.906,32.701,30.188,29.177,22.664
16.353,13.167,11.935,9.768,9.496,11.437,19.195,28.187,27.946,22.279,18.771,15.987,13.447,10.745,6.186,6.923,9.617,15.841,25.013,32.089,32.858,30.454,29.523,23.155
16.862,13.729,12.534,10.462,10.183,12.106,19.693,28.507,28.216,22.687,19.241,16.541,14.055,11.422,6.990,7.680,10.335,16.383,25.433,32.361,33.047,30.703,29.837,23.559
17.242,14.111,12.924,10.902,10.595,12.497,20.004,28.708,28.369,22.928,19.503,16.866,14.423,11.832,7.463,8.146,10.801,16.741,25.702,32.590,33.298,30.947,30.039,23.806
17.602,14.465,13.277,11.279,10.947,12.821,20.274,28.891,28.532,23.157,19.743,17.146,14.739,12.176,7.846,8.538,11.195,17.068,25.933,32.815,33.581,31.203,30.223,24.030
17.882,14.803,13.617,11.608,11.286,13.151,20.557,29.089,28.707,23.356,19.988,17.437,15.065,12.515,8.180,8.890,11.515,17.331,26.116,32.870,33.648,31.324,30.362,24.272
18.222,15.197,14.032,12.037,11.742,13.601,20.932,29.403,29.051,23.730,20.406,17.857,15.490,12.957,8.663,9.350,11.931,17.713,26.440,33.095,33.807,31.542,30.659,24.629
18.570,15.596,14.436,12.422,12.147,13.983,21.259,29.655,29.335,24.037,20.757,18.217,15.868,13.345,9.058,9.758,12.298,18.059,26.680,33.245,33.972,31.744,30.872,24.933
18.955,16.011,14.842,12.798,12.518,14.310,21.538,29.829,29.530,24.272,21.028,18.515,16.206,13.697,9.407,10.150,12.664,18.392,26.852,33.360,34.193,31.959,31.003,25.172
19.214,16.266,15.091,13.042,12.752,14.522,21.732,29.982,29.692,24.458,21.219,18.715,16.422,13.922,9.639,10.397,12.911,18.625,27.019,33.536,34.426,32.168,31.154,25.350
19.525,16.624,15.454,13.386,13.114,14.856,22.008,30.177,29.926,24.719,21.523,19.025,16.752,14.263,9.991,10.764,13.237,18.932,27.207,33.643,34.558,32.329,31.313,25.601
19.685,16.808,15.648,13.603,13.332,15.075,22.182,30.303,30.028,24.853,21.679,19.211,16.955,14.483,10.238,11.000,13.459,19.100,27.351,33.723,34.607,32.409,31.426,25.748
19.800,16.939,15.789,13.786,13.503,15.258,22.325,30.396,30.055,24.920,21.762,19.349,17.117,14.668,10.455,11.199,13.659,19.218,27.474,33.778,34.622,32.456,31.507,25.851
20.109,17.284,16.123,14.065,13.796,15.515,22.564,30.577,30.290,25.156,22.029,19.608,17.393,14.940,10.698,11.485,13.914,19.493,27.621,33.881,34.815,32.650,31.645,26.081
20.272,17.462,16.299,14.224,13.961,15.669,22.708,30.700,30.431,25.297,22.183,19.761,17.552,15.098,10.848,11.648,14.063,19.647,27.732,33.969,34.925,32.767,31.751,26.222
20.373,17.576,16.419,14.360,14.098,15.809,22.825,30.793,30.508,25.391,22.288,19.882,17.682,15.237,11.003,11.794,14.203,19.756,27.836,34.039,34.971,32.832,31.839,26.324
20.560,17.780,16.622,14.545,14.294,16.000,23.013,30.973,30.707,25.581,22.490,20.078,17.877,15.428,11.183,11.982,14.378,19.943,27.998,34.176,35.116,32.990,32.003,26.514
20.641,17.842,16.696,14.668,14.401,16.110,23.088,31.029,30.737,25.654,22.556,20.161,17.965,15.537,11.343,12.115,14.521,20.040,28.107,34.304,35.207,33.069,32.091,26.572
20.779,17.979,16.837,14.830,14.555,16.252,23.194,31.093,30.797,25.751,22.659,20.279,18.096,15.685,11.523,12.287,14.691,20.176,28.202,34.395,35.304,33.158,32.164,26.656
20.915,18.124,16.986,14.983,14.707,16.392,23.305,31.165,30.872,25.849,22.771,20.401,18.231,15.831,11.684,12.451,14.846,20.307,28.287,34.459,35.380,33.236,32.230,26.750
21.042,18.237,17.090,15.087,14.796,16.486,23.423,31.291,30.962,25.935,22.845,20.496,18.334,15.931,11.767,12.546,14.958,20.409,28.409,34.592,35.540,33.384,32.350,26.863
21.151,18.348,17.200,15.200,14.904,16.599,23.539,31.404,31.057,26.030,22.941,20.603,18.447,16.045,11.877,12.657,15.074,20.512,28.521,34.693,35.641,33.490,32.456,26.973
21.211,18.409,17.268,15.297,14.995,16.699,23.620,31.470,31.089,26.083,22.997,20.683,18.534,16.144,11.999,12.763,15.183,20.581,28.609,34.759,35.673,33.535,32.527,27.038
21.288,18.481,17.347,15.400,15.095,16.808,23.716,31.570,31.176,26.183,23.092,20.782,18.630,16.248,12.125,12.870,15.294,20.676,28.728,34.884,35.760,33.626,32.642,27.131
21.418,18.625,17.493,15.542,15.244,16.956,23.855,31.699,31.311,26.317,23.237,20.928,18.777,16.395,12.272,13.017,15.431,20.811,28.851,34.981,35.850,33.730,32.761,27.268
21.572,18.786,17.658,15.716,15.415,17.116,23.983,31.785,31.397,26.431,23.362,21.067,18.930,16.560,12.456,13.202,15.608,20.960,28.955,35.064,35.943,33.825,32.844,27.377
21.655,18.865,17.732,15.783,15.479,17.182,24.066,31.879,31.482,26.506,23.432,21.139,19.003,16.628,12.510,13.263,15.676,21.033,29.039,35.155,36.046,33.924,32.933,27.463
21.734,18.944,17.808,15.854,15.550,17.265,24.172,32.006,31.591,26.597,23.519,21.230,19.091,16.709,12.572,13.328,15.746,21.109,29.151,35.261,36.145,34.031,33.053,27.574
21.868,19.080,17.954,16.031,15.721,17.422,24.273,32.055,31.644,26.698,23.631,21.355,19.229,16.869,12.782,13.522,15.933,21.253,29.243,35.345,36.219,34.100,33.117,27.651
22.039,19.285,18.156,16.202,15.907,17.597,24.439,32.193,31.803,26.849,23.807,21.531,19.412,17.048,12.939,13.699,16.086,21.414,29.351,35.397,36.295,34.201,33.219,27.812
22.195,19.446,18.312,16.344,16.048,17.731,24.576,32.318,31.934,26.978,23.940,21.666,19.553,17.187,13.066,13.840,16.224,21.555,29.467,35.506,36.434,34.336,33.333,27.946
22.318,19.597,18.472,16.509,16.226,17.915,24.735,32.456,32.066,27.115,24.098,21.835,19.727,17.366,13.253,14.018,16.384,21.694,29.599,35.576,36.466,34.407,33.452,28.095
22.443,19.746,18.621,16.647,16.374,18.063,24.873,32.578,32.191,27.236,24.236,21.979,19.876,17.513,13.391,14.162,16.513,21.819,29.705,35.636,36.523,34.489,33.552,28.229
22.524,19.819,18.690,16.719,16.436,18.128,24.950,32.656,32.247,27.293,24.285,22.042,19.945,17.582,13.454,14.230,16.592,21.887,29.785,35.723,36.623,34.581,33.629,28.300
22.603,19.899,18.770,16.812,16.521,18.223,25.045,32.745,32.297,27.350,24.343,22.124,20.037,17.679,13.552,14.325,16.695,21.961,29.880,35.798,36.687,34.655,33.711,28.382
22.709,20.021,18.895,16.933,16.649,18.352,25.165,32.854,32.406,27.458,24.462,22.248,20.164,17.806,13.677,14.451,16.810,22.070,29.980,35.865,36.745,34.731,33.806,28.498
22.790,20.115,18.989,17.025,16.745,18.451,25.259,32.940,32.486,27.537,24.549,22.342,20.262,17.904,13.771,14.546,16.899,22.151,30.058,35.915,36.788,34.790,33.879,28.588
22.921,20.265,19.140,17.162,16.894,18.595,25.395,33.065,32.630,27.676,24.701,22.488,20.407,18.047,13.908,14.688,17.026,22.287,30.169,35.999,36.873,34.890,33.990,28.725
23.004,20.357,19.238,17.273,17.007,18.708,25.484,33.134,32.696,27.757,24.792,22.587,20.511,18.159,14.037,14.808,17.139,22.379,30.250,36.057,36.911,34.940,34.059,28.804
23.150,20.537,19.416,17.428,17.175,18.878,25.653,33.286,32.844,27.892,24.948,22.755,20.687,18.330,14.183,14.969,17.282,22.518,30.370,36.111,36.968,35.033,34.173,28.967
23.238,20.632,19.510,17.522,17.266,18.971,25.744,33.363,32.903,27.954,25.016,22.839,20.781,18.426,14.274,15.065,17.377,22.597,30.444,36.160,37.023,35.097,34.236,29.047
23.319,20.726,19.601,17.604,17.350,19.057,25.833,33.444,32.978,28.022,25.092,22.924,20.871,18.513,14.348,15.147,17.455,22.671,30.512,36.201,37.071,35.157,34.300,29.132
23.475,20.892,19.761,17.747,17.491,19.187,25.959,33.544,33.077,28.126,25.206,23.048,21.009,18.652,14.474,15.291,17.594,22.803,30.602,36.271,37.183,35.268,34.380,29.248
23.558,20.969,19.838,17.838,17.575,19.278,26.053,33.641,33.149,28.202,25.277,23.133,21.097,18.743,14.569,15.382,17.693,22.886,30.706,36.376,37.277,35.362,34.480,29.336
23.660,21.077,19.948,17.948,17.687,19.385,26.149,33.724,33.239,28.299,25.380,23.236,21.202,18.851,14.683,15.495,17.801,22.989,30.792,36.452,37.354,35.443,34.560,29.428
23.822,21.257,20.122,18.097,17.838,19.521,26.276,33.815,33.338,28.402,25.500,23.366,21.348,18.997,14.812,15.648,17.942,23.125,30.867,36.493,37.444,35.537,34.623,29.543
23.890,21.336,20.207,18.194,17.942,19.639,26.389,33.935,33.445,28.505,25.608,23.479,21.457,19.107,14.927,15.750,18.039,23.212,30.986,36.584,37.490,35.608,34.741,29.656
23.999,21.450,20.316,18.292,18.038,19.728,26.481,34.015,33.525,28.584,25.691,23.568,21.553,19.202,15.012,15.847,18.135,23.306,31.058,36.647,37.581,35.697,34.808,29.743
24.091,21.538,20.400,18.370,18.109,19.787,26.533,34.044,33.558,28.629,25.738,23.621,21.616,19.268,15.079,15.926,18.214,23.380,31.092,36.688,37.660,35.760,34.835,29.785
24.222,21.653,20.517,18.510,18.233,19.894,26.609,34.083,33.593,28.705,25.812,23.707,21.715,19.385,15.229,16.072,18.367,23.501,31.171,36.792,37.786,35.859,34.893,29.842
24.339,21.775,20.646,18.652,18.379,20.045,26.745,34.216,33.727,28.847,25.957,23.851,21.856,19.531,15.391,16.220,18.510,23.636,31.314,36.925,37.888,35.972,35.032,29.977
24.415,21.844,20.714,18.728,18.448,20.112,26.810,34.275,33.773,28.903,26.009,23.913,21.922,19.601,15.467,16.297,18.593,23.706,31.383,37.001,37.971,36.047,35.095,30.035
24.500,21.927,20.799,18.820,18.537,20.207,26.907,34.377,33.863,28.993,26.097,24.005,22.015,19.695,15.563,16.388,18.687,23.794,31.487,37.103,38.061,36.141,35.198,30.131
24.612,22.049,20.915,18.914,18.634,20.297,27.001,34.459,33.956,29.078,26.190,24.099,22.114,19.789,15.638,16.481,18.773,23.889,31.551,37.153,38.144,36.225,35.262,30.224
24.698,22.129,20.999,19.015,18.732,20.404,27.108,34.576,34.055,29.180,26.287,24.202,22.214,19.893,15.752,16.582,18.881,23.985,31.679,37.283,38.247,36.332,35.388,30.330
24.780,22.201,21.073,19.109,18.818,20.487,27.176,34.632,34.100,29.247,26.350,24.273,22.290,19.978,15.859,16.680,18.986,24.069,31.759,37.377,38.336,36.410,35.459,30.389
24.888,22.319,21.189,19.211,18.925,20.599,27.300,34.762,34.228,29.360,26.467,24.390,22.407,20.089,15.952,16.780,19.082,24.173,31.870,37.469,38.429,36.516,35.573,30.516
24.983,22.419,21.285,19.298,19.010,20.682,27.389,34.845,34.306,29.433,26.543,24.474,22.496,20.175,16.026,16.865,19.166,24.256,31.943,37.532,38.512,36.600,35.645,30.601
25.109,22.537,21.401,19.405,19.120,20.784,27.496,34.962,34.449,29.571,26.676,24.587,22.602,20.278,16.126,16.968,19.269,24.383,32.058,37.674,38.668,36.741,35.771,30.719
25.189,22.614,21.479,19.491,19.201,20.863,27.565,35.019,34.500,29.634,26.740,24.658,22.678,20.359,16.217,17.057,19.360,24.461,32.127,37.744,38.742,36.810,35.831,30.781
25.320,22.761,21.635,19.652,19.377,21.045,27.732,35.190,34.687,29.818,26.933,24.839,22.850,20.531,16.401,17.226,19.514,24.619,32.296,37.890,38.841,36.934,36.004,30.954
25.399,22.837,21.724,19.782,19.502,21.186,27.851,35.305,34.765,29.918,27.032,24.959,22.971,20.666,16.569,17.365,19.659,24.722,32.440,38.018,38.905,37.015,36.133,31.060
25.568,23.041,21.929,19.976,19.707,21.386,28.027,35.443,34.908,30.067,27.207,25.146,23.169,20.867,16.766,17.571,19.842,24.889,32.563,38.074,38.963,37.105,36.240,31.222
25.688,23.169,22.052,20.092,19.817,21.494,28.138,35.534,34.976,30.138,27.284,25.245,23.284,20.983,16.869,17.687,19.960,24.988,32.647,38.132,39.047,37.194,36.312,31.319
25.834,23.334,22.211,20.227,19.960,21.645,28.307,35.709,35.142,30.279,27.435,25.403,23.445,21.133,16.985,17.819,20.086,25.122,32.788,38.233,39.158,37.327,36.456,31.491
26.003,23.518,22.388,20.368,20.117,21.799,28.486,35.909,35.374,30.477,27.637,25.582,23.614,21.285,17.103,17.953,20.208,25.289,32.948,38.384,39.326,37.504,36.637,31.689
26.110,23.629,22.504,20.487,20.238,21.914,28.581,35.985,35.460,30.577,27.744,25.688,23.723,21.400,17.232,18.079,20.327,25.400,33.034,38.463,39.404,37.583,36.715,31.778
26.266,23.773,22.645,20.636,20.377,22.055,28.729,36.138,35.597,30.717,27.876,25.828,23.865,21.544,17.377,18.224,20.483,25.548,33.195,38.641,39.589,37.756,36.874,31.924
26.406,23.894,22.765,20.771,20.498,22.166,28.830,36.225,35.680,30.823,27.973,25.930,23.974,21.662,17.513,18.359,20.628,25.679,33.308,38.787,39.755,37.896,36.979,32.016
26.524,24.010,22.888,20.928,20.646,22.338,28.999,36.398,35.790,30.944,28.090,26.082,24.132,21.829,17.694,18.520,20.802,25.807,33.497,38.950,39.867,38.029,37.153,32.170
26.713,24.200,23.082,21.118,20.850,22.560,29.245,36.692,36.096,31.217,28.357,26.325,24.353,22.037,17.890,18.704,20.985,26.023,33.773,39.233,40.102,38.280,37.454,32.440
26.837,24.313,23.198,21.245,20.977,22.698,29.393,36.869,36.268,31.382,28.510,26.470,24.487,22.168,18.027,18.827,21.116,26.162,33.955,39.436,40.276,38.452,37.647,32.600
26.964,24.426,23.316,21.390,21.114,22.844,29.534,37.019,36.400,31.526,28.644,26.609,24.623,22.311,18.191,18.973,21.273,26.302,34.128,39.628,40.437,38.608,37.818,32.739
27.140,24.599,23.482,21.542,21.261,22.980,29.676,37.150,36.536,31.662,28.780,26.747,24.768,22.454,18.322,19.121,21.423,26.457,34.254,39.762,40.613,38.770,37.941,32.877
27.267,24.682,23.565,21.681,21.359,23.089,29.782,37.246,36.548,31.717,28.809,26.825,24.865,22.573,18.475,19.258,21.600,26.565,34.406,39.957,40.808,38.932,38.067,32.954
27.448,24.861,23.742,21.855,21.532,23.260,29.958,37.424,36.729,31.896,28.986,27.000,25.039,22.745,18.643,19.429,21.773,26.743,34.583,40.141,40.999,39.118,38.246,33.131
27.683,25.083,23.957,22.054,21.724,23.434,30.136,37.592,36.919,32.090,29.176,27.180,25.223,22.928,18.821,19.624,21.971,26.957,34.753,40.346,41.260,39.348,38.418,33.310
27.952,25.349,24.218,22.300,21.965,23.634,30.301,37.700,37.076,32.281,29.376,27.371,25.428,23.144,19.053,19.876,22.212,27.200,34.879,40.496,41.489,39.539,38.530,33.462
28.109,25.484,24.348,22.447,22.088,23.752,30.418,37.798,37.141,32.370,29.454,27.474,25.547,23.273,19.192,20.020,22.376,27.332,35.003,40.645,41.672,39.695,38.637,33.560
28.293,25.649,24.516,22.651,22.272,23.946,30.606,37.980,37.270,32.523,29.596,27.648,25.731,23.470,19.411,20.226,22.601,27.512,35.217,40.869,41.879,39.894,38.834,33.730
28.618,25.951,24.806,22.918,22.534,24.202,30.900,38.308,37.621,32.850,29.904,27.931,26.004,23.729,19.645,20.476,22.864,27.820,35.530,41.243,42.300,40.279,39.171,34.045
28.865,26.188,25.037,23.137,22.753,24.436,31.175,38.629,37.930,33.127,30.166,28.186,26.248,23.958,19.845,20.681,23.081,28.064,35.828,41.558,42.612,40.591,39.490,34.339
29.192,26.513,25.356,23.428,23.054,24.728,31.486,38.960,38.301,33.475,30.511,28.502,26.552,24.249,20.117,20.964,23.361,28.388,36.139,41.896,42.976,40.941,39.822,34.669
29.533,26.882,25.720,23.758,23.391,25.037,31.772,39.189,38.562,33.746,30.808,28.803,26.872,24.571,20.425,21.302,23.675,28.702,36.351,42.064,43.209,41.179,40.017,34.940
29.838,27.231,26.059,24.037,23.697,25.345,32.110,39.540,38.939,34.071,31.156,29.137,27.202,24.877,20.668,21.577,23.924,28.996,36.628,42.274,43.442,41.452,40.313,35.295
30.227,27.613,26.446,24.435,24.104,25.784,32.582,40.078,39.461,34.558,31.627,29.595,27.636,25.298,21.080,21.966,24.323,29.417,37.154,42.810,43.905,41.935,40.864,35.792
30.601,27.974,26.787,24.747,24.404,26.101,32.970,40.513,39.854,34.905,31.955,29.936,27.979,25.620,21.340,22.254,24.637,29.752,37.547,43.219,44.360,42.380,41.276,36.192
31.239,28.660,27.450,25.290,24.984,26.635,33.531,41.055,40.514,35.509,32.592,30.519,28.560,26.167,21.801,22.789,25.125,30.346,37.994,43.633,44.911,42.931,41.752,36.781
31.593,28.967,27.772,25.679,25.359,27.053,33.971,41.574,40.980,35.973,33.015,30.940,28.954,26.564,22.237,23.169,25.543,30.750,38.557,44.264,45.426,43.439,42.333,37.238
32.283,29.622,28.424,26.325,26.007,27.706,34.667,42.343,41.782,36.743,33.753,31.632,29.614,27.209,22.873,23.796,26.187,31.456,39.321,45.118,46.271,44.251,43.139,37.974
33.051,30.442,29.244,27.038,26.808,28.537,35.592,43.427,43.012,37.814,34.831,32.576,30.473,27.995,23.558,24.485,26.827,32.300,40.264,46.044,47.113,45.162,44.195,39.014
33.849,31.264,30.111,27.939,27.791,29.620,36.727,44.784,44.420,39.104,36.101,33.733,31.516,28.995,24.570,25.382,27.701,33.291,41.571,47.344,48.064,46.232,45.608,40.262
35.618,33.049,31.881,29.482,29.490,31.355,38.709,47.168,47.164,41.512,38.459,35.750,33.328,30.646,26.018,26.844,29.106,35.199,43.695,49.646,50.273,48.464,48.016,42.525
