-3.171,-7.519,-11.317,-12.379,-12.667,-5.211,8.704,17.254,24.559,21.728,19.354,17.615,15.456,12.686,12.139,13.168,12.572,21.699,24.671,22.403,13.781,11.938,8.788,2.297
0.504,-4.333,-7.911,-8.844,-9.406,-1.446,12.085,20.311,27.195,24.854,22.123,20.745,18.567,16.167,15.801,16.993,16.076,25.059,27.667,25.306,17.713,15.465,12.515,5.867
2.401,-2.466,-5.998,-6.907,-7.545,0.383,13.708,21.726,28.339,26.198,23.383,22.110,19.967,17.682,17.305,18.556,17.581,26.500,28.970,26.569,19.476,17.041,14.187,7.575
4.530,-0.348,-3.591,-4.586,-5.286,2.488,15.344,23.651,29.361,27.492,24.675,23.560,21.332,19.167,18.789,20.158,19.357,27.921,30.325,27.934,21.266,18.439,16.048,9.468
5.845,1.019,-2.030,-3.044,-3.739,3.893,16.369,24.741,30.060,28.277,25.529,24.482,22.233,20.134,19.794,21.168,20.461,28.717,31.091,28.769,22.213,19.345,17.171,10.694
6.950,2.264,-0.804,-1.790,-2.458,4.989,17.307,25.421,30.767,28.984,26.294,25.230,23.057,20.972,20.607,21.937,21.224,29.404,31.737,29.446,23.009,20.238,18.022,11.688
7.877,3.299,0.273,-0.651,-1.274,6.053,18.130,25.979,31.475,29.631,27.035,25.957,23.855,21.794,21.479,22.721,21.978,29.976,32.279,30.079,23.587,21.072,18.788,12.619
8.740,4.113,1.282,0.362,-0.280,7.055,18.814,26.741,31.951,30.188,27.615,26.624,24.486,22.508,22.276,23.527,22.818,30.543,32.806,30.669,24.251,21.713,19.610,13.481
9.560,5.040,2.183,1.313,0.694,7.902,19.520,27.145,32.481,30.701,28.175,27.170,25.113,23.157,22.924,24.119,23.365,31.025,33.238,31.137,24.808,22.419,20.230,14.235
10.135,5.669,2.901,2.025,1.428,8.545,19.979,27.628,32.836,31.057,28.592,27.600,25.539,23.597,23.387,24.563,23.862,31.360,33.578,31.528,25.169,22.824,20.716,14.792
10.706,6.279,3.559,2.675,2.080,9.118,20.429,28.073,33.140,31.396,28.956,27.981,25.923,24.000,23.785,24.966,24.299,31.709,33.912,31.879,25.593,23.220,21.180,15.302
11.057,6.584,4.029,3.135,2.552,9.626,20.742,28.573,33.480,31.729,29.340,28.404,26.290,24.394,24.262,25.431,24.823,32.013,34.242,32.280,25.844,23.515,21.609,15.740
11.929,7.587,5.104,4.181,3.616,10.465,21.348,29.159,33.774,32.084,29.760,28.840,26.743,24.865,24.694,25.870,25.355,32.385,34.597,32.662,26.374,23.986,22.211,16.456
12.320,8.020,5.561,4.610,4.051,10.824,21.664,29.541,34.014,32.346,30.043,29.122,27.015,25.130,24.934,26.123,25.664,32.659,34.883,32.948,26.688,24.241,22.533,16.795
12.690,8.348,6.005,5.037,4.461,11.244,21.929,29.926,34.164,32.559,30.258,29.392,27.246,25.403,25.242,26.457,26.039,32.895,35.106,33.191,26.988,24.464,22.895,17.152
12.968,8.661,6.301,5.325,4.752,11.484,22.169,30.146,34.350,32.756,30.459,29.587,27.450,25.602,25.415,26.636,26.232,33.100,35.309,33.385,27.227,24.678,23.113,17.386
13.347,9.056,6.767,5.773,5.204,11.887,22.463,30.520,34.567,32.995,30.726,29.872,27.716,25.878,25.700,26.927,26.575,33.343,35.558,33.657,27.501,24.922,23.447,17.743
13.624,9.345,7.078,6.079,5.511,12.169,22.695,30.762,34.748,33.190,30.931,30.085,27.926,26.096,25.918,27.148,26.812,33.541,35.753,33.858,27.725,25.133,23.690,18.001
14.001,9.755,7.544,6.533,5.969,12.559,22.969,31.063,34.908,33.377,31.145,30.315,28.151,26.335,26.159,27.392,27.097,33.734,35.940,34.065,27.972,25.357,23.987,18.335
14.240,10.029,7.778,6.791,6.230,12.784,23.184,31.128,35.061,33.528,31.296,30.457,28.333,26.523,26.336,27.552,27.220,33.878,36.059,34.182,28.152,25.584,24.153,18.542
14.600,10.432,8.233,7.258,6.717,13.210,23.471,31.366,35.279,33.732,31.548,30.713,28.603,26.807,26.645,27.832,27.515,34.057,36.231,34.399,28.342,25.853,24.443,18.899
14.945,10.789,8.658,7.681,7.144,13.603,23.740,31.664,35.474,33.941,31.785,30.970,28.850,27.074,26.934,28.116,27.827,34.260,36.431,34.629,28.572,26.093,24.747,19.236
15.203,11.074,8.976,8.003,7.476,13.893,23.941,31.840,35.614,34.082,31.952,31.143,29.030,27.265,27.136,28.305,28.029,34.391,36.555,34.777,28.722,26.276,24.952,19.481
15.370,11.226,9.172,8.204,7.673,14.100,24.077,31.987,35.715,34.196,32.072,31.281,29.162,27.415,27.310,28.478,28.204,34.503,36.658,34.897,28.848,26.409,25.119,19.657
15.750,11.596,9.571,8.609,8.064,14.487,24.395,32.227,35.901,34.391,32.310,31.530,29.433,27.710,27.619,28.763,28.502,34.683,36.817,35.095,29.085,26.703,25.440,20.008
15.812,11.725,9.720,8.765,8.217,14.587,24.403,32.273,35.934,34.454,32.320,31.555,29.439,27.720,27.624,28.800,28.518,34.777,36.904,35.145,29.182,26.717,25.458,20.060
15.935,11.780,9.753,8.775,8.247,14.622,24.536,32.442,36.007,34.568,32.415,31.662,29.539,27.826,27.706,28.908,28.641,34.919,37.038,35.256,29.379,26.830,25.608,20.145
15.990,11.803,9.776,8.814,8.248,14.695,24.611,32.497,36.100,34.667,32.501,31.759,29.628,27.925,27.821,29.027,28.747,35.021,37.134,35.352,29.474,26.921,25.704,20.222
16.042,11.855,9.787,8.833,8.263,14.737,24.714,32.530,36.230,34.778,32.593,31.838,29.740,28.036,27.930,29.118,28.779,35.124,37.217,35.424,29.568,27.072,25.759,20.283
16.294,12.106,10.083,9.118,8.538,14.981,24.877,32.739,36.289,34.887,32.703,31.975,29.856,28.170,28.060,29.274,28.976,35.256,37.345,35.552,29.763,27.185,25.967,20.493
16.399,12.185,10.188,9.205,8.610,15.069,24.960,32.903,36.347,34.977,32.778,32.068,29.926,28.247,28.134,29.372,29.096,35.368,37.457,35.654,29.899,27.248,26.085,20.584
16.540,12.202,10.219,9.252,8.612,15.220,25.085,33.060,36.452,35.095,32.900,32.212,30.056,28.397,28.313,29.552,29.279,35.485,37.569,35.782,30.021,27.373,26.251,20.749
16.544,12.304,10.358,9.378,8.780,15.261,25.149,33.109,36.515,35.169,32.953,32.293,30.129,28.479,28.399,29.645,29.349,35.562,37.652,35.873,30.107,27.436,26.340,20.759
16.659,12.419,10.506,9.515,8.918,15.387,25.170,33.201,36.541,35.231,32.983,32.304,30.134,28.494,28.414,29.686,29.397,35.660,37.711,35.877,30.220,27.491,26.360,20.859
16.858,12.643,10.725,9.739,9.145,15.579,25.333,33.314,36.627,35.285,33.107,32.427,30.271,28.620,28.534,29.774,29.525,35.678,37.758,35.982,30.249,27.590,26.507,21.032
17.204,13.023,11.112,10.129,9.537,15.917,25.613,33.539,36.816,35.490,33.324,32.647,30.507,28.866,28.771,30.007,29.763,35.885,37.950,36.180,30.505,27.848,26.775,21.336
17.338,13.167,11.214,10.246,9.651,16.028,25.753,33.585,36.936,35.610,33.431,32.748,30.632,28.993,28.887,30.117,29.841,36.008,38.055,36.274,30.647,28.005,26.882,21.453
17.492,13.316,11.398,10.418,9.815,16.179,25.855,33.730,36.973,35.680,33.498,32.834,30.706,29.079,28.974,30.219,29.964,36.093,38.133,36.352,30.771,28.080,27.012,21.582
17.668,13.472,11.635,10.635,10.027,16.388,25.971,33.969,37.040,35.778,33.608,32.972,30.809,29.200,29.113,30.377,30.168,36.202,38.250,36.484,30.903,28.157,27.194,21.757
17.765,13.555,11.749,10.745,10.134,16.505,26.053,34.091,37.112,35.859,33.692,33.068,30.893,29.292,29.218,30.486,30.288,36.286,38.334,36.576,30.989,28.233,27.302,21.862
17.954,13.748,11.958,10.955,10.338,16.693,26.198,34.219,37.194,35.963,33.794,33.183,31.011,29.423,29.349,30.621,30.425,36.397,38.432,36.676,31.138,28.366,27.455,22.027
18.025,13.815,12.016,11.013,10.392,16.751,26.271,34.287,37.261,36.036,33.860,33.249,31.078,29.491,29.412,30.689,30.488,36.476,38.508,36.745,31.225,28.439,27.526,22.091
18.098,13.885,12.096,11.085,10.464,16.821,26.338,34.385,37.326,36.106,33.931,33.323,31.144,29.556,29.476,30.758,30.569,36.550,38.586,36.822,31.300,28.497,27.602,22.162
18.223,14.025,12.234,11.221,10.601,16.936,26.442,34.483,37.406,36.190,34.019,33.410,31.234,29.646,29.558,30.841,30.659,36.636,38.671,36.907,31.400,28.590,27.701,22.270
18.342,14.148,12.375,11.344,10.724,17.040,26.537,34.640,37.481,36.279,34.111,33.506,31.316,29.724,29.627,30.923,30.771,36.735,38.779,37.011,31.512,28.657,27.811,22.373
18.460,14.258,12.504,11.480,10.857,17.183,26.641,34.734,37.566,36.370,34.203,33.609,31.418,29.839,29.757,31.049,30.891,36.823,38.859,37.101,31.608,28.766,27.929,22.498
18.615,14.391,12.689,11.657,11.027,17.362,26.757,34.911,37.642,36.471,34.306,33.735,31.525,29.963,29.897,31.201,31.061,36.934,38.966,37.218,31.739,28.865,28.089,22.653
18.677,14.458,12.754,11.723,11.095,17.425,26.818,34.965,37.703,36.529,34.367,33.793,31.586,30.022,29.956,31.257,31.118,36.990,39.023,37.275,31.794,28.926,28.146,22.714
18.759,14.525,12.837,11.801,11.166,17.509,26.893,35.072,37.769,36.608,34.439,33.876,31.658,30.101,30.038,31.348,31.215,37.076,39.108,37.359,31.889,28.996,28.239,22.796
18.869,14.644,12.921,11.904,11.271,17.617,27.023,35.108,37.903,36.730,34.555,33.982,31.789,30.231,30.168,31.464,31.296,37.189,39.208,37.457,32.000,29.151,28.337,22.908
18.972,14.722,13.037,12.021,11.383,17.754,27.115,35.234,37.986,36.824,34.649,34.093,31.886,30.344,30.302,31.602,31.437,37.285,39.300,37.559,32.097,29.244,28.463,23.028
19.074,14.809,13.134,12.109,11.461,17.840,27.205,35.364,38.058,36.917,34.730,34.185,31.966,30.428,30.382,31.696,31.541,37.392,39.406,37.655,32.222,29.323,28.570,23.118
19.169,14.886,13.237,12.215,11.562,17.958,27.287,35.460,38.126,36.995,34.806,34.275,32.049,30.524,30.493,31.810,31.653,37.472,39.480,37.737,32.309,29.407,28.676,23.222
19.212,14.889,13.256,12.240,11.575,18.023,27.349,35.535,38.202,37.082,34.876,34.360,32.125,30.614,30.603,31.925,31.752,37.564,39.563,37.819,32.398,29.489,28.764,23.289
19.372,15.050,13.441,12.423,11.757,18.195,27.479,35.678,38.298,37.189,34.989,34.482,32.243,30.740,30.735,32.059,31.895,37.673,39.669,37.932,32.522,29.607,28.908,23.442
19.482,15.152,13.562,12.536,11.866,18.306,27.572,35.807,38.373,37.278,35.076,34.579,32.329,30.831,30.828,32.161,32.010,37.769,39.766,38.029,32.631,29.688,29.020,23.547
19.589,15.313,13.675,12.642,11.989,18.365,27.681,35.885,38.492,37.373,35.188,34.659,32.428,30.902,30.863,32.188,32.051,37.858,39.869,38.123,32.713,29.781,29.078,23.624
19.710,15.434,13.807,12.758,12.102,18.467,27.784,36.042,38.578,37.474,35.287,34.763,32.519,30.990,30.941,32.281,32.166,37.971,39.988,38.236,32.839,29.861,29.193,23.729
19.810,15.572,13.912,12.852,12.206,18.526,27.885,36.142,38.687,37.571,35.393,34.848,32.611,31.060,30.982,32.322,32.224,38.067,40.098,38.335,32.932,29.945,29.262,23.805
19.904,15.629,14.022,12.963,12.312,18.673,27.978,36.293,38.792,37.683,35.507,34.982,32.724,31.190,31.145,32.486,32.394,38.175,40.207,38.462,33.026,30.043,29.402,23.934
19.972,15.708,14.078,13.018,12.371,18.723,28.062,36.369,38.898,37.778,35.603,35.066,32.813,31.268,31.211,32.550,32.457,38.268,40.306,38.555,33.108,30.129,29.468,23.999
20.033,15.773,14.097,13.044,12.397,18.760,28.164,36.419,39.036,37.901,35.714,35.163,32.924,31.369,31.300,32.634,32.516,38.390,40.426,38.661,33.216,30.253,29.538,24.062
20.160,15.908,14.227,13.175,12.530,18.884,28.287,36.529,39.153,38.016,35.831,35.277,33.043,31.486,31.414,32.746,32.628,38.503,40.538,38.774,33.333,30.375,29.654,24.184
20.256,15.999,14.334,13.282,12.641,19.002,28.392,36.660,39.282,38.136,35.960,35.406,33.165,31.607,31.545,32.873,32.761,38.615,40.658,38.903,33.423,30.482,29.770,24.299
20.389,16.137,14.498,13.447,12.810,19.160,28.499,36.771,39.365,38.220,36.057,35.510,33.267,31.716,31.666,32.988,32.885,38.694,40.736,38.995,33.509,30.581,29.889,24.434
20.495,16.239,14.605,13.549,12.912,19.263,28.607,36.903,39.481,38.337,36.174,35.627,33.378,31.825,31.774,33.100,33.004,38.813,40.859,39.117,33.623,30.684,30.002,24.541
20.660,16.382,14.810,13.748,13.105,19.469,28.734,37.098,39.573,38.451,36.294,35.772,33.501,31.967,31.940,33.274,33.200,38.930,40.975,39.250,33.754,30.795,30.179,24.716
20.761,16.485,14.883,13.817,13.166,19.525,28.833,37.175,39.652,38.544,36.369,35.845,33.581,32.044,31.996,33.341,33.259,39.039,41.076,39.330,33.888,30.892,30.263,24.789
20.804,16.519,14.915,13.856,13.205,19.581,28.894,37.228,39.733,38.619,36.442,35.918,33.654,32.119,32.079,33.420,33.327,39.109,41.146,39.402,33.945,30.965,30.325,24.848
20.987,16.713,15.117,14.063,13.421,19.789,29.079,37.400,39.932,38.800,36.639,36.110,33.850,32.313,32.283,33.611,33.519,39.277,41.317,39.588,34.095,31.155,30.506,25.045
21.097,16.839,15.245,14.189,13.554,19.899,29.179,37.501,40.029,38.890,36.741,36.206,33.948,32.406,32.372,33.695,33.613,39.361,41.407,39.683,34.175,31.246,30.599,25.150
21.267,17.019,15.461,14.381,13.749,20.065,29.311,37.727,40.137,39.011,36.876,36.347,34.068,32.522,32.482,33.818,33.782,39.490,41.552,39.832,34.314,31.338,30.757,25.305
21.317,17.070,15.504,14.410,13.779,20.089,29.369,37.834,40.214,39.090,36.952,36.417,34.129,32.570,32.517,33.863,33.845,39.575,41.649,39.920,34.393,31.384,30.815,25.348
21.466,17.219,15.673,14.579,13.946,20.249,29.492,37.960,40.306,39.191,37.057,36.531,34.241,32.691,32.643,33.991,33.977,39.678,41.748,40.024,34.512,31.499,30.950,25.491
21.679,17.479,15.919,14.830,14.221,20.479,29.714,38.144,40.559,39.403,37.303,36.751,34.477,32.909,32.858,34.179,34.174,39.863,41.947,40.243,34.661,31.720,31.137,25.714
21.759,17.542,15.995,14.917,14.310,20.599,29.823,38.248,40.709,39.536,37.441,36.890,34.614,33.050,33.022,34.331,34.313,39.982,42.068,40.377,34.749,31.851,31.255,25.831
21.855,17.607,16.109,15.028,14.415,20.732,29.905,38.390,40.786,39.627,37.532,37.002,34.706,33.157,33.153,34.469,34.461,40.075,42.161,40.483,34.842,31.931,31.382,25.947
21.960,17.686,16.225,15.149,14.532,20.880,30.008,38.516,40.892,39.737,37.643,37.129,34.822,33.288,33.311,34.624,34.613,40.181,42.263,40.599,34.941,32.043,31.516,26.078
22.114,17.843,16.390,15.319,14.704,21.047,30.153,38.650,41.027,39.871,37.783,37.271,34.966,33.435,33.464,34.773,34.761,40.311,42.391,40.734,35.072,32.188,31.662,26.234
22.271,17.985,16.559,15.482,14.866,21.221,30.308,38.856,41.192,40.039,37.954,37.450,35.130,33.603,33.642,34.955,34.957,40.479,42.565,40.915,35.231,32.337,31.841,26.404
22.390,18.100,16.621,15.569,14.949,21.330,30.468,38.895,41.368,40.203,38.099,37.586,35.295,33.770,33.808,35.108,35.055,40.639,42.705,41.043,35.389,32.539,31.962,26.529
22.622,18.357,16.835,15.804,15.186,21.550,30.702,39.009,41.579,40.404,38.297,37.772,35.513,33.989,34.019,35.303,35.216,40.833,42.881,41.215,35.598,32.792,32.153,26.745
22.829,18.573,17.081,16.023,15.405,21.736,30.864,39.263,41.705,40.552,38.452,37.934,35.655,34.127,34.142,35.446,35.404,40.995,43.056,41.387,35.782,32.912,32.339,26.924
23.081,18.853,17.345,16.291,15.680,21.979,31.104,39.464,41.931,40.767,38.679,38.150,35.884,34.350,34.356,35.651,35.609,41.204,43.265,41.599,35.995,33.146,32.555,27.161
23.169,18.864,17.431,16.365,15.733,22.111,31.192,39.687,42.028,40.901,38.792,38.303,35.993,34.484,34.526,35.846,35.819,41.355,43.416,41.755,36.146,33.234,32.729,27.287
23.445,19.116,17.781,16.720,16.093,22.488,31.429,39.985,42.247,41.122,39.042,38.581,36.248,34.766,34.863,36.171,36.163,41.558,43.620,42.005,36.335,33.466,33.029,27.607
23.659,19.306,18.022,16.972,16.341,22.760,31.620,40.179,42.413,41.296,39.223,38.784,36.444,34.985,35.116,36.418,36.405,41.726,43.777,42.184,36.507,33.664,33.256,27.844
23.797,19.463,18.117,17.062,16.428,22.828,31.771,40.287,42.558,41.446,39.354,38.899,36.574,35.100,35.194,36.505,36.482,41.890,43.938,42.315,36.691,33.813,33.366,27.944
23.948,19.567,18.228,17.167,16.516,22.973,31.951,40.525,42.766,41.673,39.553,39.112,36.768,35.301,35.400,36.731,36.702,42.134,44.181,42.542,36.932,34.005,33.576,28.112
24.138,19.711,18.383,17.316,16.645,23.149,32.144,40.766,42.949,41.890,39.739,39.319,36.957,35.503,35.606,36.960,36.926,42.374,44.411,42.755,37.193,34.201,33.803,28.300
24.379,19.950,18.631,17.554,16.885,23.391,32.396,41.071,43.229,42.164,40.018,39.596,37.222,35.760,35.862,37.220,37.204,42.647,44.699,43.044,37.449,34.444,34.064,28.551
24.692,20.281,18.938,17.870,17.203,23.691,32.704,41.313,43.516,42.448,40.301,39.872,37.516,36.054,36.147,37.498,37.466,42.929,44.970,43.312,37.744,34.758,34.346,28.849
24.928,20.449,19.167,18.084,17.400,23.961,32.954,41.704,43.799,42.756,40.593,40.194,37.794,36.347,36.468,37.843,37.830,43.252,45.302,43.645,38.052,35.008,34.670,29.124
25.352,20.898,19.684,18.597,17.934,24.453,33.333,42.134,44.168,43.105,40.991,40.594,38.183,36.738,36.886,38.243,38.269,43.574,45.642,44.029,38.352,35.361,35.075,29.568
25.670,21.146,19.991,18.882,18.203,24.795,33.674,42.646,44.557,43.519,41.386,41.018,38.556,37.120,37.291,38.676,38.732,44.005,46.089,44.474,38.762,35.696,35.492,29.925
26.177,21.555,20.532,19.414,18.725,25.425,34.201,43.373,45.156,44.127,42.000,41.678,39.152,37.745,37.993,39.388,39.472,44.606,46.709,45.132,39.306,36.233,36.143,30.531
26.755,21.979,21.162,20.008,19.286,26.172,34.829,44.409,45.939,44.923,42.806,42.548,39.901,38.520,38.874,40.298,40.460,45.396,47.551,46.027,39.985,36.858,36.973,31.264
27.043,22.042,21.238,20.037,19.305,26.448,35.383,45.366,46.848,45.842,43.622,43.389,40.624,39.221,39.604,41.104,41.272,46.357,48.574,46.988,40.789,37.482,37.659,31.714
28.365,22.846,22.363,21.225,20.416,28.293,37.176,47.679,49.328,48.240,45.947,45.847,42.882,41.570,42.302,43.789,43.847,48.678,50.947,49.476,42.679,39.563,39.842,33.623
