7.934,5.281,2.202,0.815,1.441,2.730,0.164,2.100,7.949,9.385,6.536,5.352,5.970,6.569,10.232,10.437,13.859,22.280,26.810,21.831,11.322,7.660,6.833,2.862
11.975,9.191,6.232,4.773,5.244,6.830,4.727,7.579,12.914,14.059,11.915,10.503,11.243,11.609,14.726,15.469,18.713,25.589,30.102,25.178,16.987,13.000,12.011,8.250
13.493,10.717,7.887,6.452,6.794,8.412,6.456,9.535,14.606,15.617,13.726,12.076,12.894,13.205,16.164,17.050,20.283,26.564,30.912,26.263,18.985,14.951,13.912,10.304
15.043,12.259,9.871,8.446,8.487,10.007,8.365,11.671,15.711,16.930,15.602,13.480,14.480,14.833,17.260,18.664,22.015,26.834,31.067,26.562,21.034,16.527,15.889,12.367
15.878,13.125,10.760,9.344,9.401,10.913,9.309,12.588,16.565,17.779,16.481,14.434,15.410,15.751,18.118,19.521,22.804,27.534,31.535,27.237,21.798,17.337,16.719,13.232
16.933,14.222,11.924,10.522,10.578,12.075,10.552,13.820,17.626,18.846,17.638,15.662,16.618,16.941,19.178,20.623,23.814,28.292,32.152,27.962,22.805,18.373,17.809,14.382
17.534,14.883,12.553,11.190,11.276,12.744,11.158,14.291,18.249,19.389,18.070,16.141,17.063,17.386,19.737,21.024,24.179,28.912,32.826,28.631,23.186,18.948,18.298,14.932
18.458,15.846,13.620,12.257,12.352,13.770,12.282,15.345,19.005,20.273,19.061,17.259,18.151,18.488,20.634,22.022,25.088,29.499,33.145,29.111,23.920,19.626,19.162,15.799
19.148,16.571,14.405,13.045,13.160,14.545,13.119,16.117,19.594,20.945,19.790,18.110,18.969,19.313,21.325,22.762,25.749,29.975,33.435,29.508,24.440,20.135,19.790,16.431
19.734,17.207,14.983,13.661,13.801,15.199,13.725,16.677,20.371,21.554,20.310,18.649,19.483,19.793,21.936,23.208,26.142,30.600,34.144,30.218,24.979,20.897,20.378,17.118
20.079,17.549,15.419,14.086,14.194,15.550,14.138,17.073,20.507,21.828,20.681,19.013,19.860,20.202,22.199,23.598,26.546,30.728,34.191,30.282,25.272,21.049,20.702,17.404
20.482,17.978,15.907,14.583,14.680,15.996,14.611,17.485,20.788,22.165,21.051,19.400,20.243,20.602,22.532,23.958,26.890,30.955,34.263,30.485,25.556,21.321,21.058,17.768
21.114,18.671,16.648,15.355,15.458,16.726,15.355,18.116,21.343,22.723,21.607,20.011,20.829,21.195,23.093,24.474,27.349,31.375,34.588,30.902,25.983,21.841,21.613,18.379
21.465,19.057,17.082,15.798,15.916,17.118,15.745,18.359,21.472,22.965,21.827,20.311,21.104,21.508,23.359,24.739,27.598,31.574,34.675,31.089,26.042,21.896,21.797,18.535
21.626,19.206,17.294,16.019,16.056,17.267,15.939,18.664,21.669,23.109,22.077,20.381,21.232,21.625,23.435,24.887,27.794,31.622,34.690,31.115,26.461,22.259,22.137,18.928
21.893,19.482,17.575,16.302,16.343,17.552,16.233,18.952,21.944,23.380,22.355,20.675,21.520,21.910,23.708,25.157,28.048,31.807,34.893,31.345,26.712,22.524,22.404,19.205
22.116,19.719,17.839,16.579,16.599,17.786,16.462,19.151,22.112,23.548,22.525,20.802,21.657,22.057,23.861,25.302,28.209,31.951,35.028,31.511,26.902,22.726,22.616,19.435
22.351,19.978,18.128,16.883,16.894,18.050,16.724,19.352,22.269,23.722,22.694,20.968,21.821,22.234,24.030,25.456,28.361,32.090,35.124,31.654,27.036,22.884,22.804,19.639
22.562,20.197,18.400,17.161,17.142,18.274,16.976,19.598,22.398,23.882,22.904,21.135,22.003,22.427,24.170,25.639,28.556,32.146,35.126,31.713,27.245,23.055,23.030,19.876
22.812,20.465,18.676,17.441,17.436,18.557,17.267,19.850,22.628,24.125,23.143,21.425,22.276,22.701,24.424,25.883,28.768,32.353,35.286,31.900,27.412,23.248,23.242,20.095
22.994,20.655,18.881,17.650,17.641,18.755,17.474,20.049,22.796,24.297,23.327,21.610,22.460,22.886,24.592,26.056,28.934,32.482,35.393,32.028,27.546,23.418,23.425,20.287
23.622,21.327,19.562,18.339,18.383,19.469,18.207,20.577,23.244,24.851,23.753,22.325,23.065,23.542,25.224,26.521,29.256,32.994,35.638,32.449,27.579,23.620,23.774,20.677
23.753,21.474,19.717,18.489,18.543,19.626,18.375,20.674,23.373,24.920,23.932,22.384,23.180,23.609,25.258,26.693,29.479,33.035,35.818,32.510,27.959,23.864,23.933,20.801
23.767,21.560,19.844,18.617,18.664,19.723,18.409,20.834,23.500,25.070,24.092,22.578,23.365,23.795,25.416,26.865,29.634,33.159,35.903,32.610,28.072,23.966,24.062,20.923
23.896,21.598,19.847,18.671,18.750,19.755,18.523,21.011,23.649,25.217,24.266,22.745,23.537,23.961,25.557,27.030,29.795,33.257,35.993,32.706,28.252,24.128,24.227,21.091
24.024,21.725,19.968,18.747,18.773,19.878,18.638,21.163,23.851,25.352,24.403,22.814,23.623,24.034,25.670,27.121,29.902,33.377,36.185,32.878,28.479,24.387,24.420,21.319
24.231,21.949,20.226,19.015,19.026,20.115,18.894,21.404,24.024,25.530,24.609,23.006,23.819,24.232,25.836,27.298,30.069,33.461,36.229,32.967,28.665,24.579,24.634,21.557
24.338,22.040,20.315,19.090,19.108,20.213,19.015,21.565,24.155,25.680,24.788,23.210,24.021,24.428,25.991,27.494,30.254,33.582,36.327,33.060,28.825,24.695,24.770,21.674
24.400,22.087,20.369,19.135,19.144,20.259,19.079,21.673,24.226,25.762,24.902,23.307,24.128,24.532,26.066,27.610,30.377,33.632,36.369,33.103,28.960,24.785,24.873,21.768
24.490,22.166,20.398,19.171,19.171,20.335,19.138,21.820,24.522,25.927,25.054,23.394,24.228,24.596,26.211,27.704,30.475,33.805,36.573,33.313,29.245,25.140,25.082,22.025
24.654,22.340,20.637,19.408,19.390,20.520,19.364,22.018,24.553,26.037,25.222,23.564,24.404,24.791,26.314,27.874,30.644,33.809,36.650,33.354,29.347,25.176,25.224,22.156
24.799,22.476,20.783,19.545,19.529,20.666,19.535,22.213,24.692,26.206,25.423,23.790,24.628,25.012,26.486,28.089,30.846,33.925,36.697,33.404,29.515,25.301,25.385,22.302
24.895,22.571,20.871,19.633,19.619,20.761,19.628,22.313,24.807,26.311,25.526,23.893,24.730,25.111,26.592,28.189,30.944,34.023,36.725,33.513,29.623,25.417,25.488,22.409
24.990,22.670,21.011,19.777,19.736,20.859,19.741,22.421,24.835,26.361,25.608,23.929,24.782,25.173,26.624,28.252,31.025,34.033,36.770,33.516,29.722,25.485,25.594,22.521
25.127,22.808,21.159,19.921,19.886,21.007,19.906,22.585,24.956,26.505,25.770,24.119,24.966,25.358,26.773,28.422,31.180,34.126,36.788,33.593,29.841,25.587,25.725,22.646
25.256,22.953,21.306,20.087,20.032,21.152,20.039,22.716,25.110,26.615,25.871,24.163,25.020,25.404,26.863,28.470,31.234,34.207,36.832,33.671,30.004,25.776,25.889,22.856
25.306,22.983,21.368,20.128,20.070,21.188,20.118,22.825,25.131,26.677,25.994,24.284,25.137,25.509,26.929,28.572,31.325,34.210,36.928,33.732,30.075,25.811,25.947,22.873
25.395,23.103,21.434,20.225,20.176,21.304,20.175,22.850,25.339,26.766,25.997,24.311,25.172,25.565,27.012,28.628,31.391,34.373,37.067,33.925,30.153,26.023,26.040,23.036
25.584,23.285,21.651,20.438,20.364,21.497,20.407,23.132,25.529,26.964,26.259,24.510,25.378,25.746,27.190,28.807,31.562,34.453,37.102,33.973,30.434,26.255,26.298,23.304
25.727,23.428,21.845,20.627,20.538,21.651,20.600,23.321,25.572,27.078,26.431,24.687,25.561,25.941,27.299,28.986,31.739,34.466,37.102,33.980,30.552,26.302,26.436,23.426
25.790,23.492,21.934,20.715,20.614,21.715,20.679,23.395,25.585,27.118,26.495,24.737,25.617,26.006,27.332,29.048,31.808,34.466,37.107,34.005,30.609,26.329,26.500,23.486
25.931,23.628,22.090,20.863,20.759,21.863,20.857,23.595,25.713,27.275,26.693,24.950,25.831,26.217,27.488,29.249,31.997,34.551,37.116,34.032,30.775,26.452,26.662,23.640
25.987,23.672,22.152,20.920,20.798,21.903,20.914,23.686,25.750,27.329,26.782,25.004,25.900,26.289,27.530,29.334,32.099,34.569,37.131,34.049,30.894,26.522,26.754,23.725
26.083,23.776,22.264,21.038,20.912,22.009,21.019,23.777,25.837,27.409,26.860,25.074,25.970,26.360,27.606,29.399,32.164,34.634,37.143,34.120,30.972,26.616,26.846,23.828
26.157,23.857,22.375,21.153,21.013,22.089,21.106,23.838,25.837,27.439,26.904,25.100,26.002,26.405,27.629,29.438,32.213,34.635,37.171,34.123,31.004,26.629,26.900,23.881
26.217,23.912,22.453,21.229,21.070,22.143,21.176,23.929,25.874,27.488,26.985,25.146,26.061,26.467,27.664,29.506,32.295,34.636,37.191,34.125,31.109,26.699,26.990,23.972
26.333,24.028,22.572,21.347,21.189,22.265,21.309,24.070,25.995,27.614,27.124,25.297,26.211,26.613,27.791,29.646,32.425,34.732,37.197,34.212,31.231,26.814,27.114,24.096
26.445,24.143,22.687,21.465,21.303,22.385,21.433,24.210,26.132,27.737,27.255,25.416,26.332,26.727,27.908,29.757,32.530,34.804,37.206,34.264,31.379,26.976,27.254,24.253
26.514,24.202,22.787,21.555,21.377,22.449,21.532,24.323,26.144,27.790,27.363,25.519,26.444,26.850,27.955,29.878,32.658,34.826,37.306,34.320,31.459,26.977,27.332,24.308
26.629,24.322,22.902,21.669,21.505,22.573,21.653,24.421,26.235,27.907,27.466,25.659,26.573,26.980,28.084,29.997,32.764,34.938,37.321,34.381,31.521,27.047,27.415,24.384
26.766,24.465,23.025,21.796,21.643,22.720,21.789,24.557,26.429,28.063,27.602,25.806,26.713,27.111,28.243,30.123,32.876,35.106,37.525,34.564,31.661,27.232,27.557,24.543
26.815,24.502,23.066,21.834,21.665,22.751,21.829,24.634,26.494,28.121,27.681,25.847,26.767,27.162,28.289,30.191,32.961,35.150,37.585,34.619,31.787,27.330,27.649,24.634
26.936,24.618,23.192,21.953,21.787,22.875,21.971,24.788,26.604,28.254,27.838,26.022,26.941,27.336,28.426,30.358,33.118,35.246,37.646,34.693,31.915,27.429,27.777,24.752
27.081,24.771,23.356,22.118,21.955,23.038,22.148,24.957,26.738,28.400,27.998,26.187,27.117,27.511,28.574,30.516,33.259,35.346,37.711,34.779,32.036,27.549,27.917,24.895
27.120,24.799,23.389,22.153,21.964,23.059,22.173,25.031,26.815,28.444,28.064,26.200,27.131,27.522,28.596,30.551,33.318,35.365,37.775,34.833,32.187,27.688,28.024,25.018
27.200,24.883,23.482,22.253,22.051,23.132,22.230,25.066,26.856,28.483,28.090,26.204,27.135,27.528,28.625,30.566,33.358,35.432,37.857,34.921,32.247,27.754,28.089,25.087
27.290,24.974,23.589,22.359,22.151,23.224,22.334,25.166,26.910,28.561,28.184,26.281,27.227,27.629,28.701,30.663,33.455,35.480,37.875,34.959,32.326,27.811,28.175,25.168
27.382,25.065,23.697,22.464,22.252,23.314,22.430,25.249,26.946,28.632,28.266,26.363,27.311,27.723,28.772,30.756,33.556,35.545,37.904,35.008,32.389,27.845,28.248,25.227
27.501,25.186,23.828,22.592,22.385,23.437,22.558,25.359,27.026,28.739,28.376,26.495,27.438,27.856,28.886,30.880,33.675,35.649,37.974,35.093,32.465,27.907,28.341,25.310
27.575,25.258,23.893,22.655,22.452,23.509,22.630,25.434,27.111,28.824,28.458,26.587,27.527,27.943,28.974,30.968,33.760,35.742,38.069,35.181,32.542,27.984,28.414,25.379
27.629,25.305,23.953,22.714,22.496,23.547,22.667,25.477,27.129,28.856,28.500,26.593,27.546,27.970,28.998,31.009,33.824,35.782,38.109,35.227,32.615,28.028,28.475,25.432
27.735,25.420,24.038,22.812,22.596,23.655,22.745,25.551,27.308,28.968,28.570,26.638,27.591,28.005,29.105,31.053,33.872,35.944,38.352,35.435,32.739,28.223,28.592,25.578
27.846,25.528,24.148,22.917,22.705,23.763,22.856,25.660,27.400,29.080,28.685,26.767,27.717,28.135,29.221,31.181,34.000,36.061,38.451,35.537,32.836,28.304,28.691,25.665
27.978,25.660,24.288,23.053,22.846,23.900,23.000,25.795,27.505,29.209,28.822,26.926,27.872,28.293,29.357,31.331,34.142,36.179,38.537,35.636,32.939,28.391,28.806,25.770
28.086,25.774,24.385,23.155,22.959,24.012,23.097,25.870,27.628,29.317,28.901,27.022,27.959,28.380,29.472,31.414,34.219,36.327,38.704,35.789,33.010,28.496,28.890,25.858
28.239,25.926,24.534,23.297,23.117,24.171,23.263,26.027,27.769,29.485,29.070,27.239,28.164,28.585,29.655,31.608,34.396,36.497,38.840,35.927,33.126,28.599,29.019,25.970
28.366,26.061,24.685,23.452,23.268,24.309,23.406,26.151,27.859,29.588,29.180,27.348,28.273,28.699,29.755,31.713,34.499,36.573,38.891,36.002,33.219,28.692,29.132,26.087
28.443,26.132,24.778,23.544,23.338,24.375,23.484,26.250,27.910,29.649,29.269,27.392,28.333,28.764,29.801,31.788,34.595,36.598,38.908,36.036,33.344,28.781,29.239,26.194
28.574,26.264,24.898,23.663,23.467,24.514,23.623,26.396,28.081,29.804,29.419,27.563,28.497,28.919,29.961,31.938,34.729,36.749,39.069,36.185,33.482,28.937,29.376,26.338
28.657,26.342,24.967,23.728,23.539,24.588,23.692,26.464,28.163,29.894,29.500,27.655,28.586,29.011,30.057,32.034,34.827,36.873,39.195,36.300,33.559,29.007,29.449,26.398
28.772,26.458,25.091,23.853,23.662,24.699,23.800,26.552,28.233,29.985,29.587,27.741,28.673,29.106,30.150,32.130,34.932,36.980,39.241,36.401,33.637,29.075,29.538,26.478
28.932,26.614,25.259,24.013,23.827,24.866,23.989,26.752,28.330,30.160,29.790,27.974,28.901,29.334,30.331,32.347,35.133,37.080,39.286,36.443,33.795,29.167,29.700,26.628
29.035,26.721,25.425,24.178,23.969,24.973,24.120,26.848,28.376,30.195,29.865,28.032,28.970,29.427,30.357,32.430,35.234,37.107,39.364,36.498,33.832,29.198,29.769,26.677
29.102,26.794,25.485,24.247,24.032,25.040,24.169,26.898,28.441,30.258,29.907,28.041,28.984,29.435,30.411,32.447,35.259,37.165,39.382,36.565,33.923,29.302,29.853,26.784
29.261,26.971,25.651,24.424,24.219,25.221,24.335,27.030,28.618,30.407,30.027,28.179,29.110,29.560,30.566,32.556,35.353,37.329,39.561,36.742,34.025,29.463,29.985,26.936
29.483,27.192,25.856,24.616,24.453,25.449,24.562,27.211,28.792,30.645,30.240,28.503,29.404,29.862,30.842,32.836,35.602,37.624,39.791,36.971,34.119,29.542,30.119,27.027
29.639,27.347,26.030,24.778,24.630,25.616,24.754,27.384,28.879,30.804,30.423,28.752,29.639,30.106,31.018,33.059,35.803,37.750,39.825,37.038,34.206,29.577,30.234,27.109
29.740,27.436,26.142,24.878,24.727,25.708,24.870,27.511,28.921,30.903,30.556,28.898,29.788,30.263,31.119,33.214,35.961,37.814,39.829,37.067,34.307,29.612,30.331,27.179
29.890,27.590,26.284,25.023,24.878,25.863,25.018,27.653,29.097,31.060,30.700,29.051,29.936,30.407,31.280,33.355,36.095,37.986,40.018,37.244,34.449,29.780,30.478,27.333
30.073,27.775,26.491,25.225,25.085,26.055,25.228,27.841,29.210,31.229,30.887,29.274,30.152,30.634,31.457,33.566,36.295,38.124,40.085,37.345,34.571,29.865,30.627,27.462
30.195,27.891,26.572,25.313,25.164,26.161,25.310,27.972,29.457,31.383,31.019,29.344,30.235,30.697,31.595,33.656,36.402,38.315,40.393,37.598,34.814,30.162,30.818,27.687
30.380,28.078,26.738,25.483,25.340,26.341,25.465,28.115,29.665,31.567,31.169,29.492,30.380,30.841,31.783,33.808,36.559,38.561,40.680,37.860,34.984,30.366,30.988,27.861
30.570,28.270,26.936,25.681,25.536,26.540,25.678,28.342,29.875,31.769,31.389,29.710,30.599,31.055,31.981,34.016,36.757,38.717,40.830,38.017,35.201,30.583,31.202,28.085
30.769,28.468,27.145,25.888,25.741,26.747,25.902,28.578,30.074,31.977,31.619,29.949,30.837,31.290,32.187,34.242,36.973,38.877,40.964,38.166,35.413,30.780,31.415,28.299
30.954,28.632,27.324,26.052,25.893,26.918,26.113,28.860,30.282,32.205,31.909,30.229,31.129,31.573,32.407,34.533,37.262,39.023,41.079,38.291,35.712,31.007,31.670,28.542
31.157,28.829,27.560,26.272,26.119,27.130,26.368,29.107,30.384,32.404,32.161,30.540,31.432,31.888,32.619,34.825,37.536,39.147,41.081,38.344,35.861,31.069,31.844,28.676
31.532,29.215,27.971,26.668,26.559,27.545,26.821,29.491,30.640,32.780,32.556,31.092,31.944,32.416,33.038,35.294,37.944,39.471,41.233,38.558,36.041,31.201,32.109,28.893
31.711,29.397,28.145,26.847,26.734,27.725,26.993,29.671,30.854,32.962,32.730,31.245,32.100,32.567,33.213,35.449,38.102,39.654,41.451,38.764,36.247,31.433,32.307,29.107
31.811,29.473,28.225,26.921,26.779,27.787,27.062,29.809,30.984,33.076,32.875,31.310,32.193,32.655,33.303,35.576,38.267,39.761,41.602,38.897,36.493,31.629,32.485,29.283
32.037,29.697,28.412,27.114,26.972,28.005,27.258,30.038,31.324,33.337,33.109,31.514,32.401,32.845,33.558,35.783,38.476,40.062,41.999,39.244,36.800,31.994,32.758,29.583
32.233,29.875,28.639,27.332,27.153,28.179,27.467,30.292,31.448,33.511,33.352,31.694,32.609,33.063,33.708,36.018,38.744,40.152,42.039,39.325,37.081,32.175,33.005,29.814
32.515,30.159,28.901,27.595,27.432,28.461,27.734,30.543,31.751,33.802,33.615,31.981,32.886,33.338,34.010,36.291,39.010,40.493,42.400,39.666,37.332,32.454,33.263,30.071
32.906,30.534,29.310,27.981,27.827,28.847,28.166,30.981,32.043,34.202,34.071,32.501,33.399,33.864,34.427,36.802,39.507,40.835,42.615,39.925,37.686,32.699,33.628,30.381
33.363,31.015,29.793,28.466,28.347,29.348,28.668,31.407,32.450,34.649,34.494,33.029,33.893,34.365,34.903,37.257,39.914,41.277,42.982,40.320,37.974,33.021,33.993,30.739
33.768,31.433,30.222,28.899,28.788,29.759,29.061,31.729,32.756,34.998,34.812,33.370,34.225,34.718,35.263,37.600,40.264,41.678,43.346,40.706,38.246,33.298,34.313,31.043
34.188,31.803,30.657,29.306,29.139,30.110,29.469,32.233,33.057,35.403,35.332,33.792,34.695,35.206,35.638,38.136,40.867,42.001,43.594,40.996,38.837,33.685,34.819,31.490
35.029,32.555,31.505,30.051,29.922,30.903,30.445,33.321,33.636,36.361,36.521,35.213,36.095,36.635,36.654,39.533,42.210,42.741,43.909,41.429,39.697,34.102,35.645,32.105
35.685,33.120,32.092,30.574,30.432,31.430,31.015,33.996,34.134,37.050,37.296,35.978,36.891,37.461,37.355,40.434,43.188,43.517,44.586,42.095,40.490,34.600,36.318,32.627
38.170,35.432,34.342,32.612,32.721,33.800,33.577,36.654,36.360,39.915,40.306,39.736,40.501,41.101,40.466,44.011,46.580,46.526,46.981,44.469,42.726,36.223,38.530,34.368
