19.450,16.194,17.014,13.230,13.219,8.429,8.450,9.038,15.690,22.031,21.773,20.967,18.010,10.848,6.106,3.637,5.134,14.008,21.378,21.840,23.060,23.644,23.654,16.081
24.655,22.129,22.818,19.898,19.380,15.554,15.434,15.674,21.421,26.374,26.004,25.903,23.457,16.423,12.714,10.241,11.955,20.049,26.547,26.813,27.518,27.807,27.314,21.553
27.478,24.418,24.212,21.834,20.777,17.826,17.837,17.968,23.003,26.968,27.359,28.485,25.932,19.643,15.708,13.861,15.757,22.360,27.577,28.446,29.611,29.838,28.946,23.518
29.370,26.538,26.270,24.193,23.058,20.544,20.635,20.615,25.153,28.579,28.954,30.434,28.159,22.282,18.637,16.899,18.781,24.738,29.307,30.263,31.166,31.309,30.251,25.490
29.955,27.211,26.842,24.937,23.763,21.410,21.414,21.438,25.747,28.920,29.384,30.786,28.535,22.908,19.476,17.882,19.704,25.350,29.734,30.596,31.628,31.761,30.760,26.225
30.450,27.817,27.496,25.645,24.500,22.238,22.279,22.255,26.433,29.500,29.900,31.346,29.210,23.707,20.374,18.779,20.572,26.073,30.295,31.165,32.058,32.170,31.142,26.805
31.059,28.464,28.198,26.330,25.283,23.068,23.211,23.148,27.211,30.267,30.617,32.109,30.083,24.805,21.454,19.889,21.614,26.913,30.923,31.880,32.635,32.754,31.731,27.457
31.391,28.775,28.475,26.624,25.614,23.466,23.661,23.593,27.547,30.551,30.937,32.481,30.494,25.421,22.044,20.557,22.235,27.314,31.138,32.167,32.915,33.045,32.033,27.781
31.611,29.002,28.679,26.855,25.870,23.767,23.972,23.915,27.786,30.740,31.152,32.684,30.718,25.792,22.437,21.011,22.647,27.576,31.292,32.335,33.102,33.239,32.255,28.037
31.932,29.319,28.995,27.178,26.187,24.119,24.362,24.273,28.116,31.044,31.448,33.067,31.132,26.228,22.851,21.421,23.069,27.949,31.591,32.683,33.394,33.523,32.499,28.317
32.236,29.635,29.314,27.509,26.528,24.501,24.779,24.666,28.458,31.351,31.746,33.422,31.526,26.687,23.309,21.890,23.530,28.328,31.877,33.008,33.668,33.791,32.746,28.614
32.455,29.840,29.450,27.711,26.666,24.719,24.984,24.861,28.592,31.377,31.825,33.591,31.689,26.873,23.520,22.138,23.804,28.508,31.978,33.126,33.821,33.930,32.845,28.785
32.682,30.053,29.639,27.917,26.844,24.921,25.186,25.054,28.778,31.534,31.999,33.810,31.903,27.074,23.716,22.339,24.023,28.712,32.164,33.325,34.027,34.131,33.024,28.978
32.852,30.217,29.787,28.077,27.013,25.116,25.394,25.262,28.945,31.676,32.157,33.985,32.088,27.331,23.970,22.624,24.292,28.901,32.288,33.470,34.177,34.284,33.181,29.148
33.011,30.408,30.017,28.292,27.261,25.343,25.624,25.494,29.178,31.934,32.382,34.160,32.284,27.539,24.199,22.838,24.486,29.113,32.515,33.678,34.355,34.465,33.382,29.357
33.147,30.532,30.098,28.412,27.335,25.463,25.734,25.596,29.254,31.947,32.427,34.267,32.382,27.630,24.301,22.955,24.628,29.216,32.582,33.755,34.452,34.552,33.438,29.454
33.224,30.632,30.196,28.533,27.442,25.591,25.852,25.708,29.346,32.005,32.481,34.327,32.452,27.697,24.401,23.055,24.732,29.310,32.665,33.823,34.514,34.605,33.484,29.546
33.414,30.830,30.391,28.745,27.637,25.816,26.093,25.925,29.543,32.168,32.637,34.544,32.690,27.929,24.637,23.282,24.975,29.532,32.847,34.026,34.679,34.760,33.604,29.712
33.492,30.922,30.494,28.846,27.750,25.920,26.188,26.029,29.646,32.278,32.739,34.610,32.758,28.006,24.730,23.375,25.057,29.619,32.948,34.109,34.766,34.849,33.711,29.820
33.608,31.066,30.679,29.009,27.953,26.101,26.380,26.221,29.839,32.504,32.931,34.756,32.927,28.199,24.931,23.564,25.223,29.795,33.130,34.282,34.903,34.991,33.874,29.982
33.746,31.198,30.800,29.136,28.067,26.214,26.480,26.327,29.952,32.612,33.049,34.870,33.028,28.281,25.018,23.653,25.318,29.904,33.256,34.398,35.040,35.127,34.010,30.114
33.854,31.331,30.952,29.289,28.228,26.366,26.622,26.471,30.099,32.762,33.182,34.971,33.136,28.380,25.142,23.766,25.426,30.033,33.407,34.525,35.156,35.243,34.135,30.256
33.941,31.417,31.034,29.369,28.327,26.465,26.723,26.584,30.193,32.859,33.287,35.050,33.216,28.512,25.275,23.920,25.559,30.127,33.479,34.597,35.244,35.338,34.252,30.362
34.147,31.614,31.225,29.569,28.513,26.692,26.991,26.815,30.398,33.031,33.454,35.323,33.520,28.826,25.563,24.202,25.860,30.380,33.654,34.829,35.416,35.499,34.363,30.513
34.237,31.692,31.282,29.639,28.572,26.772,27.072,26.895,30.460,33.070,33.512,35.404,33.598,28.927,25.660,24.316,25.976,30.457,33.701,34.888,35.490,35.572,34.430,30.587
34.344,31.799,31.368,29.750,28.651,26.875,27.164,26.981,30.536,33.108,33.563,35.488,33.677,28.984,25.732,24.390,26.069,30.544,33.781,34.965,35.576,35.650,34.488,30.675
34.486,31.938,31.512,29.889,28.804,27.041,27.356,27.161,30.696,33.266,33.716,35.670,33.879,29.225,25.957,24.620,26.291,30.725,33.913,35.127,35.709,35.783,34.613,30.807
34.553,32.013,31.590,29.970,28.888,27.125,27.436,27.244,30.773,33.340,33.788,35.729,33.940,29.293,26.036,24.701,26.367,30.798,33.987,35.192,35.776,35.851,34.687,30.888
34.635,32.115,31.696,30.087,29.012,27.255,27.558,27.371,30.882,33.435,33.879,35.796,34.015,29.391,26.160,24.831,26.486,30.899,34.081,35.270,35.854,35.929,34.776,31.000
34.753,32.220,31.791,30.179,29.096,27.330,27.622,27.443,30.970,33.530,33.986,35.895,34.096,29.452,26.215,24.888,26.549,30.981,34.186,35.369,35.979,36.055,34.906,31.109
34.831,32.284,31.841,30.229,29.140,27.367,27.647,27.480,31.017,33.583,34.055,35.947,34.130,29.482,26.240,24.922,26.582,31.021,34.244,35.419,36.062,36.142,35.004,31.183
34.895,32.380,31.943,30.356,29.258,27.515,27.797,27.614,31.119,33.644,34.101,36.016,34.225,29.585,26.378,25.055,26.719,31.133,34.324,35.494,36.103,36.174,35.018,31.263
34.979,32.481,32.066,30.469,29.391,27.633,27.913,27.735,31.243,33.785,34.225,36.104,34.321,29.689,26.493,25.164,26.816,31.241,34.446,35.602,36.201,36.274,35.134,31.378
35.068,32.572,32.154,30.560,29.481,27.721,27.994,27.821,31.329,33.868,34.311,36.178,34.391,29.758,26.570,25.244,26.894,31.322,34.534,35.681,36.290,36.363,35.229,31.474
35.163,32.661,32.230,30.649,29.551,27.812,28.089,27.906,31.404,33.920,34.371,36.280,34.494,29.855,26.664,25.338,27.001,31.415,34.605,35.766,36.369,36.437,35.282,31.545
35.316,32.805,32.370,30.791,29.694,27.982,28.294,28.088,31.561,34.059,34.509,36.483,34.721,30.116,26.901,25.580,27.246,31.607,34.730,35.936,36.499,36.564,35.382,31.664
35.457,32.943,32.501,30.934,29.821,28.139,28.469,28.241,31.695,34.164,34.613,36.655,34.909,30.303,27.080,25.755,27.437,31.770,34.849,36.084,36.615,36.671,35.456,31.771
35.547,33.034,32.588,31.025,29.917,28.247,28.588,28.356,31.791,34.250,34.701,36.756,35.020,30.444,27.218,25.903,27.579,31.879,34.925,36.173,36.696,36.753,35.535,31.860
35.633,33.095,32.619,31.068,29.955,28.310,28.658,28.430,31.837,34.272,34.754,36.834,35.093,30.570,27.330,26.047,27.716,31.947,34.942,36.214,36.762,36.822,35.606,31.925
35.681,33.149,32.663,31.124,30.010,28.376,28.715,28.493,31.882,34.299,34.790,36.859,35.117,30.617,27.393,26.124,27.787,31.993,34.975,36.237,36.802,36.862,35.653,31.986
35.751,33.218,32.718,31.195,30.058,28.439,28.772,28.544,31.930,34.323,34.823,36.917,35.170,30.650,27.434,26.163,27.841,32.048,35.028,36.289,36.859,36.913,35.688,32.041
35.853,33.325,32.820,31.311,30.156,28.549,28.875,28.642,32.026,34.400,34.899,37.011,35.266,30.723,27.519,26.241,27.932,32.147,35.129,36.386,36.951,36.999,35.760,32.135
35.961,33.438,32.928,31.430,30.265,28.672,28.999,28.759,32.132,34.488,34.988,37.119,35.379,30.834,27.638,26.360,28.057,32.261,35.230,36.490,37.047,37.090,35.840,32.237
36.022,33.511,33.010,31.513,30.354,28.765,29.094,28.851,32.216,34.567,35.058,37.187,35.457,30.921,27.734,26.454,28.147,32.345,35.304,36.562,37.106,37.148,35.899,32.310
36.142,33.625,33.121,31.628,30.467,28.900,29.254,28.993,32.338,34.674,35.164,37.343,35.631,31.117,27.915,26.638,28.334,32.494,35.404,36.694,37.208,37.247,35.976,32.405
36.252,33.737,33.244,31.740,30.593,29.022,29.390,29.124,32.468,34.815,35.295,37.479,35.777,31.277,28.064,26.783,28.474,32.628,35.526,36.828,37.322,37.362,36.092,32.516
36.355,33.847,33.364,31.855,30.729,29.162,29.544,29.276,32.602,34.951,35.423,37.604,35.919,31.461,28.246,26.973,28.648,32.768,35.634,36.947,37.423,37.467,36.203,32.633
36.420,33.919,33.446,31.935,30.816,29.251,29.640,29.367,32.687,35.038,35.501,37.683,36.009,31.559,28.346,27.069,28.741,32.855,35.712,37.028,37.487,37.530,36.265,32.704
36.531,34.027,33.557,32.039,30.930,29.360,29.756,29.484,32.803,35.163,35.625,37.802,36.130,31.694,28.473,27.200,28.865,32.972,35.822,37.144,37.602,37.647,36.387,32.817
36.625,34.112,33.634,32.115,31.009,29.439,29.834,29.568,32.885,35.247,35.718,37.891,36.213,31.793,28.565,27.302,28.962,33.055,35.899,37.225,37.696,37.745,36.492,32.908
36.693,34.192,33.723,32.206,31.106,29.538,29.934,29.666,32.975,35.334,35.796,37.962,36.294,31.882,28.665,27.399,29.055,33.143,35.982,37.303,37.763,37.811,36.560,32.990
36.764,34.265,33.793,32.280,31.171,29.605,29.997,29.727,33.040,35.395,35.858,38.028,36.357,31.929,28.716,27.446,29.108,33.207,36.055,37.372,37.833,37.879,36.623,33.058
36.885,34.384,33.907,32.401,31.284,29.735,30.139,29.857,33.157,35.493,35.957,38.167,36.506,32.082,28.864,27.594,29.264,33.342,36.160,37.496,37.939,37.981,36.706,33.160
37.000,34.488,34.002,32.496,31.379,29.831,30.232,29.956,33.255,35.592,36.067,38.272,36.603,32.191,28.967,27.707,29.373,33.441,36.256,37.594,38.054,38.098,36.829,33.271
37.054,34.548,34.061,32.558,31.444,29.889,30.278,30.013,33.312,35.651,36.128,38.303,36.628,32.220,29.009,27.754,29.414,33.486,36.316,37.635,38.113,38.160,36.906,33.344
37.176,34.667,34.176,32.677,31.549,29.999,30.387,30.115,33.421,35.753,36.231,38.428,36.750,32.318,29.104,27.842,29.514,33.599,36.434,37.758,38.231,38.273,37.005,33.450
37.257,34.764,34.292,32.786,31.675,30.121,30.518,30.243,33.543,35.883,36.344,38.529,36.868,32.450,29.242,27.974,29.636,33.718,36.545,37.868,38.317,38.360,37.097,33.550
37.343,34.850,34.378,32.871,31.764,30.205,30.598,30.327,33.628,35.972,36.434,38.605,36.940,32.526,29.322,28.056,29.715,33.798,36.632,37.948,38.406,38.451,37.195,33.644
37.395,34.911,34.435,32.940,31.821,30.267,30.644,30.376,33.677,36.006,36.471,38.633,36.963,32.533,29.349,28.082,29.745,33.839,36.687,37.986,38.455,38.496,37.241,33.705
37.496,35.017,34.543,33.049,31.921,30.361,30.729,30.461,33.775,36.106,36.566,38.726,37.051,32.587,29.410,28.131,29.804,33.929,36.803,38.091,38.560,38.598,37.338,33.805
37.584,35.113,34.649,33.150,32.030,30.454,30.810,30.552,33.877,36.222,36.677,38.798,37.118,32.649,29.482,28.201,29.867,34.013,36.914,38.182,38.661,38.703,37.460,33.917
37.641,35.173,34.710,33.211,32.098,30.524,30.884,30.627,33.942,36.285,36.740,38.858,37.182,32.732,29.567,28.292,29.951,34.080,36.969,38.238,38.716,38.760,37.520,33.981
37.726,35.264,34.799,33.308,32.181,30.606,30.950,30.695,34.019,36.355,36.810,38.920,37.236,32.754,29.605,28.322,29.990,34.148,37.063,38.314,38.802,38.842,37.600,34.070
37.837,35.370,34.897,33.411,32.280,30.712,31.058,30.802,34.120,36.449,36.910,39.030,37.346,32.872,29.720,28.442,30.112,34.255,37.158,38.416,38.907,38.947,37.702,34.174
37.897,35.441,34.970,33.489,32.363,30.797,31.137,30.887,34.195,36.518,36.979,39.078,37.397,32.939,29.803,28.531,30.192,34.324,37.225,38.471,38.968,39.008,37.774,34.255
38.016,35.564,35.104,33.610,32.499,30.908,31.235,30.999,34.324,36.672,37.129,39.179,37.488,33.025,29.894,28.620,30.271,34.430,37.368,38.592,39.106,39.152,37.941,34.399
38.108,35.665,35.202,33.720,32.592,31.008,31.326,31.086,34.413,36.746,37.200,39.261,37.569,33.077,29.961,28.678,30.341,34.518,37.466,38.681,39.192,39.233,38.010,34.488
38.213,35.788,35.331,33.859,32.711,31.123,31.421,31.178,34.522,36.846,37.291,39.344,37.647,33.098,30.008,28.704,30.383,34.611,37.603,38.790,39.301,39.333,38.102,34.602
38.324,35.914,35.476,33.995,32.861,31.256,31.550,31.311,34.665,37.007,37.435,39.457,37.764,33.207,30.127,28.813,30.485,34.738,37.752,38.924,39.426,39.460,38.240,34.738
38.478,36.092,35.675,34.196,33.062,31.461,31.762,31.508,34.861,37.198,37.601,39.635,37.963,33.386,30.320,28.985,30.663,34.934,37.947,39.117,39.578,39.605,38.370,34.901
38.628,36.245,35.829,34.357,33.217,31.639,31.959,31.685,35.020,37.336,37.732,39.817,38.164,33.594,30.524,29.183,30.870,35.116,38.090,39.284,39.709,39.729,38.469,35.030
38.784,36.399,35.971,34.509,33.345,31.761,32.054,31.790,35.145,37.455,37.861,39.933,38.257,33.639,30.583,29.236,30.938,35.225,38.244,39.413,39.869,39.887,38.626,35.184
38.929,36.536,36.100,34.643,33.462,31.886,32.180,31.908,35.268,37.568,37.979,40.079,38.400,33.759,30.697,29.345,31.062,35.357,38.376,39.552,40.006,40.020,38.742,35.306
39.080,36.680,36.239,34.783,33.606,32.045,32.359,32.077,35.419,37.712,38.125,40.258,38.591,33.980,30.903,29.559,31.273,35.529,38.506,39.709,40.146,40.159,38.872,35.440
39.213,36.801,36.338,34.896,33.698,32.152,32.458,32.177,35.514,37.785,38.217,40.371,38.693,34.074,30.997,29.662,31.387,35.633,38.603,39.809,40.266,40.276,38.979,35.553
39.332,36.907,36.420,34.992,33.775,32.245,32.547,32.266,35.595,37.845,38.297,40.475,38.787,34.170,31.089,29.765,31.499,35.726,38.682,39.895,40.371,40.380,39.073,35.651
39.522,37.113,36.656,35.212,34.023,32.482,32.799,32.513,35.840,38.110,38.536,40.698,39.031,34.433,31.353,30.019,31.738,35.965,38.914,40.130,40.571,40.582,39.284,35.864
39.674,37.272,36.834,35.376,34.199,32.646,32.973,32.681,36.018,38.307,38.716,40.874,39.216,34.609,31.522,30.175,31.892,36.140,39.097,40.316,40.733,40.745,39.445,36.021
39.817,37.449,37.053,35.578,34.446,32.880,33.224,32.929,36.252,38.565,38.937,41.057,39.433,34.870,31.795,30.440,32.129,36.363,39.304,40.520,40.890,40.906,39.626,36.215
39.977,37.604,37.201,35.731,34.585,33.022,33.360,33.065,36.394,38.700,39.077,41.207,39.576,34.992,31.918,30.560,32.259,36.505,39.456,40.669,41.048,41.061,39.774,36.364
40.131,37.758,37.350,35.884,34.725,33.153,33.475,33.185,36.530,38.837,39.218,41.336,39.691,35.071,32.006,30.641,32.350,36.630,39.616,40.811,41.207,41.218,39.931,36.517
40.314,37.923,37.488,36.037,34.845,33.291,33.609,33.312,36.660,38.943,39.344,41.510,39.851,35.202,32.127,30.763,32.495,36.777,39.757,40.965,41.374,41.379,40.066,36.659
40.442,38.054,37.629,36.166,35.002,33.437,33.756,33.472,36.812,39.112,39.511,41.635,39.979,35.374,32.301,30.951,32.658,36.918,39.893,41.094,41.512,41.526,40.241,36.816
40.679,38.274,37.836,36.378,35.195,33.653,33.995,33.689,37.023,39.306,39.710,41.909,40.262,35.648,32.548,31.193,32.920,37.161,40.098,41.338,41.730,41.737,40.416,37.003
40.947,38.525,38.080,36.622,35.427,33.906,34.277,33.947,37.274,39.545,39.949,42.225,40.590,35.972,32.841,31.480,33.225,37.445,40.339,41.623,41.980,41.981,40.625,37.221
41.127,38.680,38.205,36.761,35.538,34.041,34.418,34.079,37.399,39.644,40.072,42.407,40.764,36.139,32.988,31.636,33.399,37.597,40.463,41.773,42.138,42.135,40.753,37.352
41.402,38.989,38.545,37.103,35.867,34.365,34.738,34.380,37.720,39.964,40.354,42.701,41.074,36.376,33.251,31.856,33.640,37.906,40.809,42.102,42.418,42.403,40.996,37.636
41.604,39.177,38.714,37.281,36.025,34.526,34.886,34.533,37.881,40.115,40.523,42.875,41.230,36.512,33.387,31.996,33.791,38.066,40.985,42.271,42.616,42.599,41.189,37.822
41.984,39.503,38.979,37.570,36.254,34.795,35.161,34.793,38.141,40.331,40.787,43.252,41.581,36.827,33.661,32.282,34.120,38.372,41.257,42.589,42.960,42.935,41.473,38.102
42.187,39.722,39.186,37.805,36.454,35.018,35.366,34.988,38.331,40.480,40.938,43.430,41.758,36.959,33.824,32.434,34.296,38.564,41.458,42.775,43.144,43.107,41.620,38.298
42.542,40.060,39.516,38.135,36.757,35.324,35.678,35.285,38.650,40.797,41.256,43.801,42.122,37.266,34.110,32.702,34.593,38.896,41.803,43.136,43.494,43.449,41.931,38.606
42.872,40.381,39.849,38.448,37.097,35.662,36.046,35.647,39.002,41.169,41.621,44.178,42.515,37.706,34.520,33.118,34.993,39.262,42.131,43.496,43.827,43.788,42.272,38.929
43.088,40.657,40.151,38.769,37.401,35.936,36.255,35.875,39.263,41.427,41.852,44.310,42.632,37.727,34.629,33.192,35.076,39.459,42.446,43.713,44.067,44.020,42.527,39.224
43.483,41.041,40.497,39.148,37.715,36.270,36.555,36.173,39.579,41.701,42.152,44.650,42.942,37.948,34.868,33.421,35.348,39.777,42.804,44.053,44.445,44.385,42.859,39.578
44.036,41.593,41.083,39.698,38.321,36.858,37.184,36.797,40.194,42.360,42.787,45.273,43.593,38.670,35.555,34.112,36.007,40.398,43.384,44.666,45.014,44.965,43.457,40.147
45.064,42.457,41.762,40.438,38.861,37.448,37.712,37.329,40.808,42.892,43.477,46.165,44.336,39.192,35.990,34.568,36.601,41.069,44.132,45.453,45.987,45.919,44.308,40.919
45.926,43.365,42.742,41.367,39.846,38.325,38.538,38.202,41.763,43.956,44.491,46.976,45.123,39.916,36.755,35.296,37.293,41.919,45.156,46.375,46.939,46.888,45.360,41.902
46.811,44.247,43.570,42.238,40.616,39.056,39.139,38.853,42.507,44.680,45.263,47.654,45.693,40.272,37.188,35.706,37.762,42.582,46.041,47.128,47.850,47.789,46.275,42.796
49.548,46.854,45.923,44.797,42.652,41.250,41.178,40.779,44.630,46.515,47.244,50.186,48.032,41.807,38.732,37.085,39.551,44.799,48.524,49.604,50.434,50.251,48.354,45.047
