27.647,20.452,17.784,12.739,11.534,10.754,13.682,17.536,19.855,15.398,1.921,-6.561,-12.848,-19.656,-23.099,-18.320,-10.461,2.853,19.869,30.713,32.253,26.545,23.044,16.811
31.645,26.227,24.369,20.490,19.381,18.144,21.122,23.807,25.574,21.647,11.248,3.903,-1.756,-7.246,-9.717,-6.138,-0.132,10.556,25.340,35.210,36.388,31.281,28.267,22.919
32.685,26.991,25.295,22.344,21.250,21.273,24.144,26.249,27.872,24.074,14.346,7.596,1.692,-3.973,-6.499,-2.955,3.489,13.903,27.260,36.385,37.464,33.004,29.475,24.841
33.764,28.690,27.119,24.131,22.960,23.401,25.880,28.708,30.153,26.497,16.982,10.972,5.630,0.310,-2.073,1.366,7.359,16.943,29.340,37.376,38.364,34.047,30.916,26.796
34.416,29.545,28.040,25.243,24.174,24.510,26.874,29.386,30.776,27.353,18.413,12.675,7.610,2.584,0.320,3.560,9.247,18.355,30.076,37.749,38.692,34.654,31.670,27.730
34.783,29.820,28.319,25.784,24.774,25.531,27.718,30.069,31.426,28.164,19.469,14.057,9.115,4.120,1.816,5.045,10.829,19.747,30.704,37.867,38.785,35.091,32.044,28.403
35.019,30.199,28.709,26.123,25.126,25.800,27.916,30.345,31.682,28.483,19.873,14.564,9.784,4.914,2.656,5.833,11.456,20.191,31.000,38.003,38.910,35.241,32.328,28.727
35.247,30.428,28.957,26.459,25.447,26.353,28.411,30.891,32.199,29.013,20.437,15.266,10.499,5.612,3.341,6.532,12.204,20.868,31.440,38.243,39.134,35.544,32.597,29.131
35.450,30.536,29.035,26.581,25.590,26.646,28.636,31.098,32.416,29.274,20.676,15.578,10.842,5.926,3.607,6.835,12.600,21.287,31.669,38.326,39.221,35.733,32.755,29.358
35.632,30.634,29.125,26.787,25.828,27.047,28.979,31.328,32.644,29.567,21.059,16.062,11.350,6.426,4.077,7.309,13.149,21.805,31.902,38.393,39.284,35.943,32.914,29.619
35.718,30.806,29.355,27.143,26.193,27.435,29.377,31.599,32.876,29.834,21.557,16.643,11.940,7.083,4.792,7.946,13.699,22.194,32.102,38.527,39.391,36.116,33.080,29.864
35.841,30.953,29.499,27.252,26.280,27.607,29.510,31.872,33.139,30.083,21.726,16.863,12.188,7.320,5.017,8.199,13.963,22.445,32.328,38.662,39.525,36.234,33.219,30.041
36.029,31.214,29.775,27.507,26.534,27.795,29.695,32.076,33.333,30.287,21.976,17.129,12.496,7.678,5.405,8.557,14.242,22.653,32.531,38.852,39.709,36.403,33.437,30.257
36.165,31.301,29.858,27.644,26.673,28.046,29.927,32.285,33.540,30.503,22.197,17.390,12.741,7.893,5.599,8.768,14.515,22.938,32.716,38.974,39.828,36.573,33.565,30.434
36.259,31.469,30.055,27.842,26.853,28.220,30.111,32.514,33.748,30.695,22.422,17.636,12.991,8.166,5.901,9.048,14.741,23.102,32.889,39.139,39.983,36.698,33.709,30.594
36.402,31.638,30.229,27.999,27.004,28.355,30.248,32.679,33.910,30.850,22.571,17.786,13.148,8.332,6.075,9.218,14.889,23.236,33.045,39.298,40.141,36.837,33.864,30.745
36.439,31.664,30.277,28.157,27.187,28.556,30.458,32.722,33.942,30.924,22.808,18.057,13.411,8.622,6.384,9.483,15.143,23.427,33.087,39.313,40.144,36.923,33.915,30.838
36.571,31.817,30.426,28.289,27.328,28.654,30.544,32.807,34.028,31.028,22.930,18.186,13.575,8.814,6.584,9.672,15.297,23.555,33.197,39.407,40.239,37.024,34.046,30.963
36.741,32.016,30.619,28.442,27.486,28.754,30.632,32.922,34.147,31.156,23.051,18.305,13.734,9.002,6.779,9.860,15.445,23.682,33.340,39.545,40.379,37.152,34.214,31.114
36.857,32.110,30.713,28.578,27.640,28.913,30.789,32.998,34.224,31.259,23.214,18.479,13.909,9.186,6.963,10.031,15.622,23.846,33.434,39.625,40.458,37.275,34.322,31.235
36.946,32.234,30.849,28.707,27.756,29.035,30.914,33.164,34.380,31.402,23.355,18.631,14.061,9.343,7.132,10.195,15.765,23.966,33.568,39.753,40.581,37.378,34.435,31.356
37.117,32.426,31.039,28.850,27.895,29.128,30.999,33.306,34.526,31.544,23.460,18.728,14.188,9.485,7.278,10.344,15.883,24.078,33.726,39.913,40.745,37.511,34.606,31.506
37.174,32.433,31.043,28.941,27.989,29.282,31.158,33.410,34.625,31.647,23.602,18.886,14.317,9.598,7.386,10.450,16.023,24.220,33.808,39.981,40.808,37.610,34.664,31.594
37.259,32.461,31.077,29.040,28.114,29.544,31.417,33.492,34.711,31.767,23.810,19.124,14.500,9.736,7.493,10.562,16.245,24.477,33.890,40.021,40.846,37.763,34.717,31.706
37.309,32.560,31.196,29.178,28.236,29.639,31.515,33.651,34.852,31.897,23.962,19.297,14.695,9.964,7.751,10.799,16.413,24.578,34.007,40.124,40.940,37.823,34.814,31.812
37.394,32.713,31.359,29.295,28.342,29.696,31.568,33.778,34.971,32.007,24.061,19.404,14.835,10.134,7.942,10.979,16.532,24.653,34.121,40.231,41.044,37.887,34.926,31.915
37.532,32.846,31.482,29.416,28.481,29.797,31.656,33.826,35.025,32.089,24.172,19.518,14.979,10.303,8.111,11.137,16.673,24.780,34.211,40.308,41.124,37.992,35.049,32.032
37.602,32.983,31.631,29.547,28.618,29.859,31.712,33.885,35.077,32.159,24.298,19.661,15.172,10.550,8.389,11.382,16.836,24.870,34.282,40.362,41.172,38.035,35.143,32.123
37.657,33.038,31.693,29.614,28.668,29.969,31.823,34.041,35.226,32.287,24.394,19.769,15.258,10.613,8.445,11.453,16.932,24.976,34.396,40.462,41.270,38.120,35.211,32.209
37.730,33.129,31.789,29.702,28.747,30.061,31.912,34.166,35.346,32.398,24.493,19.876,15.367,10.722,8.558,11.567,17.039,25.073,34.500,40.557,41.363,38.200,35.296,32.301
37.771,33.134,31.800,29.783,28.836,30.223,32.071,34.256,35.431,32.497,24.645,20.058,15.528,10.868,8.697,11.703,17.213,25.242,34.572,40.592,41.393,38.282,35.337,32.383
37.875,33.256,31.922,29.898,28.956,30.314,32.158,34.337,35.511,32.587,24.754,20.170,15.659,11.019,8.855,11.851,17.336,25.343,34.665,40.679,41.480,38.372,35.445,32.486
37.953,33.341,32.012,29.988,29.045,30.392,32.243,34.418,35.591,32.664,24.838,20.250,15.735,11.097,8.939,11.930,17.407,25.410,34.743,40.768,41.568,38.454,35.527,32.565
38.043,33.379,32.051,30.090,29.152,30.573,32.430,34.538,35.710,32.787,24.989,20.409,15.854,11.186,9.013,12.011,17.545,25.572,34.847,40.865,41.663,38.589,35.609,32.673
38.138,33.496,32.170,30.197,29.261,30.661,32.510,34.629,35.799,32.883,25.097,20.526,15.995,11.346,9.181,12.170,17.677,25.680,34.943,40.946,41.743,38.669,35.710,32.775
38.197,33.499,32.177,30.273,29.334,30.850,32.701,34.777,35.943,33.022,25.247,20.699,16.118,11.426,9.242,12.247,17.827,25.857,35.053,41.029,41.823,38.788,35.765,32.873
38.291,33.579,32.252,30.354,29.419,30.954,32.795,34.868,36.036,33.122,25.343,20.805,16.229,11.532,9.341,12.351,17.945,25.980,35.148,41.105,41.899,38.880,35.853,32.969
38.363,33.708,32.386,30.439,29.491,31.004,32.830,34.994,36.154,33.233,25.424,20.902,16.363,11.690,9.511,12.519,18.067,26.066,35.259,41.188,41.981,38.927,35.946,33.062
38.405,33.763,32.444,30.499,29.544,31.098,32.908,35.110,36.264,33.342,25.526,21.034,16.508,11.834,9.655,12.668,18.216,26.195,35.352,41.235,42.024,38.976,36.000,33.141
38.418,33.850,32.557,30.594,29.605,31.196,33.011,35.327,36.458,33.499,25.655,21.189,16.655,11.982,9.822,12.834,18.350,26.289,35.485,41.350,42.130,39.027,36.067,33.231
38.511,33.946,32.654,30.689,29.697,31.295,33.107,35.435,36.566,33.605,25.756,21.296,16.764,12.091,9.931,12.944,18.460,26.395,35.588,41.445,42.224,39.120,36.162,33.330
38.561,34.009,32.724,30.776,29.786,31.387,33.198,35.510,36.635,33.681,25.865,21.419,16.893,12.231,10.079,13.082,18.583,26.493,35.654,41.496,42.272,39.179,36.223,33.403
38.620,34.050,32.764,30.842,29.862,31.481,33.287,35.558,36.684,33.744,25.956,21.521,16.995,12.333,10.177,13.177,18.690,26.596,35.709,41.534,42.309,39.246,36.276,33.470
38.713,34.142,32.865,30.977,30.002,31.615,33.435,35.650,36.772,33.838,26.100,21.664,17.124,12.467,10.320,13.304,18.813,26.706,35.798,41.637,42.408,39.360,36.376,33.574
38.776,34.146,32.876,31.073,30.109,31.797,33.627,35.734,36.855,33.933,26.257,21.833,17.249,12.566,10.408,13.390,18.955,26.862,35.869,41.700,42.468,39.477,36.431,33.661
38.894,34.203,32.935,31.205,30.252,31.996,33.841,35.844,36.966,34.052,26.424,21.996,17.364,12.652,10.482,13.463,19.085,27.022,35.975,41.820,42.587,39.642,36.535,33.783
38.985,34.274,32.999,31.290,30.355,32.089,33.923,35.868,36.996,34.108,26.521,22.102,17.487,12.789,10.617,13.589,19.211,27.137,36.031,41.856,42.624,39.718,36.610,33.865
39.059,34.334,33.067,31.403,30.476,32.225,34.068,35.946,37.071,34.193,26.660,22.246,17.615,12.917,10.748,13.708,19.338,27.255,36.105,41.932,42.697,39.819,36.687,33.955
39.120,34.389,33.115,31.443,30.522,32.267,34.099,35.978,37.106,34.239,26.700,22.292,17.677,12.984,10.810,13.773,19.403,27.320,36.153,41.964,42.730,39.862,36.739,34.007
39.188,34.449,33.167,31.479,30.549,32.342,34.154,36.093,37.222,34.348,26.759,22.370,17.764,13.056,10.869,13.852,19.504,27.433,36.255,42.026,42.794,39.924,36.803,34.087
39.295,34.580,33.302,31.601,30.674,32.420,34.238,36.173,37.301,34.430,26.858,22.461,17.867,13.178,11.003,13.974,19.594,27.504,36.345,42.132,42.900,40.018,36.916,34.186
39.350,34.661,33.391,31.678,30.736,32.506,34.322,36.312,37.432,34.545,26.951,22.565,17.969,13.276,11.105,14.081,19.694,27.594,36.451,42.226,42.990,40.087,36.991,34.271
39.441,34.773,33.519,31.837,30.899,32.642,34.476,36.410,37.523,34.642,27.116,22.729,18.125,13.451,11.299,14.248,19.833,27.700,36.541,42.336,43.095,40.199,37.099,34.381
39.597,34.955,33.699,31.993,31.064,32.728,34.565,36.486,37.602,34.733,27.228,22.825,18.248,13.606,11.467,14.399,19.939,27.785,36.650,42.467,43.227,40.322,37.254,34.510
39.687,35.053,33.789,32.054,31.131,32.770,34.591,36.535,37.655,34.797,27.277,22.880,18.333,13.706,11.566,14.500,20.024,27.862,36.723,42.521,43.283,40.378,37.336,34.586
39.816,35.224,33.959,32.182,31.261,32.819,34.641,36.609,37.731,34.876,27.357,22.946,18.432,13.837,11.713,14.633,20.102,27.916,36.820,42.637,43.401,40.470,37.470,34.693
39.871,35.281,34.021,32.260,31.339,32.904,34.730,36.680,37.798,34.946,27.447,23.041,18.522,13.929,11.808,14.722,20.190,27.995,36.883,42.699,43.460,40.537,37.531,34.760
40.020,35.409,34.137,32.362,31.445,33.009,34.828,36.784,37.911,35.060,27.533,23.117,18.600,13.998,11.866,14.792,20.277,28.107,37.007,42.825,43.592,40.669,37.662,34.882
40.174,35.569,34.291,32.484,31.567,33.091,34.912,36.887,38.019,35.166,27.615,23.182,18.677,14.081,11.949,14.877,20.349,28.188,37.130,42.968,43.738,40.797,37.808,35.005
40.300,35.733,34.454,32.602,31.680,33.149,34.967,36.990,38.123,35.265,27.693,23.250,18.770,14.195,12.074,14.997,20.428,28.253,37.244,43.094,43.866,40.892,37.941,35.116
40.416,35.872,34.594,32.717,31.790,33.227,35.051,37.103,38.235,35.369,27.782,23.328,18.854,14.286,12.173,15.094,20.504,28.324,37.356,43.224,43.996,40.997,38.064,35.224
40.517,36.028,34.757,32.840,31.902,33.300,35.124,37.241,38.366,35.488,27.885,23.432,18.979,14.432,12.334,15.248,20.612,28.403,37.481,43.351,44.121,41.084,38.187,35.336
40.599,36.112,34.844,32.929,31.988,33.390,35.216,37.334,38.458,35.577,27.975,23.520,19.062,14.513,12.416,15.330,20.694,28.486,37.569,43.444,44.213,41.172,38.272,35.422
40.661,36.231,34.977,33.036,32.080,33.459,35.291,37.471,38.584,35.686,28.076,23.626,19.177,14.644,12.566,15.471,20.792,28.551,37.674,43.553,44.317,41.238,38.364,35.512
40.765,36.376,35.128,33.171,32.220,33.535,35.369,37.543,38.653,35.766,28.190,23.740,19.319,14.821,12.763,15.645,20.913,28.632,37.761,43.647,44.409,41.321,38.481,35.616
40.897,36.513,35.272,33.329,32.380,33.675,35.523,37.663,38.772,35.884,28.339,23.878,19.446,14.953,12.903,15.774,21.031,28.744,37.881,43.792,44.552,41.464,38.618,35.746
41.050,36.659,35.431,33.546,32.611,33.887,35.756,37.788,38.893,36.022,28.569,24.104,19.655,15.175,13.139,15.982,21.230,28.919,38.012,43.945,44.701,41.646,38.776,35.910
41.176,36.775,35.547,33.665,32.727,34.023,35.895,37.932,39.038,36.159,28.692,24.224,19.760,15.266,13.225,16.075,21.340,29.045,38.147,44.086,44.842,41.784,38.901,36.038
41.330,36.924,35.692,33.810,32.881,34.148,36.020,38.029,39.138,36.271,28.821,24.346,19.891,15.409,13.369,16.213,21.468,29.170,38.267,44.214,44.972,41.922,39.046,36.173
41.386,36.971,35.742,33.877,32.937,34.283,36.144,38.187,39.290,36.414,28.943,24.496,20.030,15.526,13.476,16.335,21.622,29.327,38.387,44.292,45.046,42.006,39.111,36.270
41.499,37.092,35.867,34.004,33.063,34.401,36.266,38.306,39.407,36.529,29.067,24.619,20.151,15.650,13.605,16.459,21.738,29.436,38.502,44.414,45.168,42.123,39.230,36.387
41.636,37.232,36.015,34.167,33.224,34.567,36.441,38.464,39.561,36.681,29.237,24.788,20.308,15.806,13.766,16.614,21.892,29.585,38.649,44.569,45.321,42.276,39.374,36.535
41.726,37.301,36.090,34.290,33.355,34.719,36.603,38.558,39.653,36.780,29.387,24.942,20.440,15.933,13.894,16.732,22.026,29.716,38.737,44.662,45.411,42.396,39.464,36.639
41.916,37.466,36.255,34.498,33.585,34.928,36.817,38.667,39.766,36.922,29.602,25.155,20.654,16.161,14.125,16.944,22.237,29.917,38.879,44.810,45.557,42.587,39.641,36.818
42.070,37.625,36.421,34.664,33.736,35.096,37.002,38.876,39.972,37.103,29.760,25.299,20.767,16.255,14.220,17.045,22.350,30.047,39.058,45.019,45.765,42.768,39.806,36.979
42.224,37.817,36.618,34.816,33.871,35.214,37.124,39.081,40.172,37.278,29.886,25.417,20.888,16.376,14.348,17.180,22.462,30.158,39.240,45.216,45.962,42.915,39.977,37.136
42.402,38.054,36.867,35.037,34.089,35.340,37.270,39.234,40.320,37.420,30.055,25.562,21.045,16.567,14.567,17.373,22.590,30.251,39.398,45.422,46.166,43.081,40.177,37.305
42.463,38.104,36.926,35.140,34.195,35.492,37.421,39.346,40.426,37.535,30.210,25.742,21.215,16.734,14.733,17.534,22.765,30.409,39.492,45.487,46.225,43.172,40.245,37.403
42.610,38.157,36.991,35.368,34.461,35.809,37.767,39.422,40.503,37.657,30.510,26.044,21.454,16.959,14.956,17.723,23.013,30.661,39.586,45.600,46.333,43.396,40.373,37.566
42.774,38.370,37.217,35.561,34.632,35.974,37.941,39.678,40.749,37.874,30.692,26.225,21.630,17.136,15.146,17.914,23.178,30.812,39.802,45.829,46.558,43.570,40.565,37.754
42.913,38.575,37.425,35.700,34.752,36.060,38.017,39.876,40.941,38.046,30.806,26.345,21.784,17.308,15.330,18.103,23.317,30.925,39.980,45.997,46.725,43.681,40.728,37.905
43.045,38.759,37.625,35.882,34.920,36.190,38.166,40.058,41.114,38.199,30.965,26.492,21.925,17.463,15.506,18.265,23.438,31.021,40.137,46.187,46.911,43.825,40.889,38.052
43.195,38.908,37.777,36.044,35.082,36.347,38.332,40.207,41.262,38.344,31.121,26.641,22.062,17.598,15.644,18.399,23.572,31.158,40.282,46.349,47.072,43.985,41.041,38.201
43.391,39.061,37.931,36.232,35.264,36.595,38.591,40.446,41.501,38.570,31.333,26.848,22.225,17.723,15.753,18.524,23.753,31.378,40.498,46.574,47.298,44.220,41.231,38.404
43.583,39.220,38.109,36.480,35.505,36.891,38.927,40.710,41.758,38.805,31.606,27.104,22.403,17.862,15.893,18.660,23.936,31.588,40.716,46.844,47.562,44.491,41.434,38.619
43.842,39.555,38.450,36.722,35.707,37.063,39.105,41.075,42.115,39.107,31.789,27.267,22.572,18.026,16.067,18.854,24.091,31.748,41.034,47.193,47.912,44.734,41.724,38.880
44.018,39.767,38.659,36.889,35.874,37.171,39.207,41.212,42.254,39.249,31.920,27.392,22.729,18.208,16.261,19.040,24.234,31.872,41.191,47.354,48.075,44.874,41.904,39.040
44.139,39.848,38.733,36.996,35.984,37.373,39.384,41.386,42.428,39.434,32.098,27.609,22.947,18.406,16.437,19.234,24.477,32.123,41.352,47.447,48.167,45.009,42.015,39.192
44.438,40.135,39.017,37.275,36.257,37.681,39.685,41.718,42.759,39.757,32.389,27.904,23.234,18.676,16.698,19.509,24.774,32.438,41.671,47.754,48.475,45.314,42.311,39.495
44.599,40.248,39.165,37.558,36.517,38.129,40.170,42.134,43.153,40.116,32.800,28.345,23.559,18.929,16.944,19.762,25.122,32.805,41.969,48.048,48.755,45.626,42.507,39.764
44.902,40.620,39.570,37.992,36.956,38.454,40.543,42.415,43.421,40.386,33.195,28.711,23.913,19.333,17.396,20.156,25.429,33.045,42.245,48.406,49.103,45.956,42.850,40.081
45.203,40.931,39.896,38.322,37.256,38.832,40.934,42.881,43.875,40.798,33.555,29.077,24.234,19.615,17.676,20.455,25.758,33.393,42.637,48.803,49.496,46.311,43.177,40.428
45.610,41.328,40.301,38.726,37.629,39.279,41.403,43.422,44.410,41.281,33.963,29.470,24.564,19.891,17.940,20.748,26.102,33.787,43.113,49.312,50.003,46.771,43.599,40.854
46.241,42.010,41.044,39.517,38.361,40.063,42.288,44.339,45.295,42.065,34.746,30.199,25.142,20.407,18.489,21.289,26.657,34.366,43.875,50.222,50.899,47.559,44.310,41.558
46.993,42.644,41.617,40.023,38.872,40.633,42.819,44.947,45.939,42.702,35.201,30.625,25.570,20.767,18.780,21.657,27.142,34.991,44.548,50.880,51.579,48.242,44.977,42.199
47.838,43.545,42.478,40.673,39.496,41.141,43.295,45.689,46.701,43.426,35.693,31.067,26.087,21.291,19.290,22.217,27.656,35.558,45.340,51.698,52.416,48.951,45.797,42.933
48.594,44.559,43.615,41.756,40.419,42.147,44.437,47.209,48.139,44.636,36.771,32.108,26.947,22.082,20.167,23.092,28.448,36.303,46.499,53.032,53.714,49.942,46.769,43.908
50.402,46.948,46.048,43.580,42.086,43.230,45.573,49.203,50.097,46.386,38.105,33.288,28.312,23.621,21.862,24.762,29.625,37.329,48.405,55.189,55.873,51.513,48.768,45.638
51.869,48.365,47.546,45.358,43.882,45.068,47.548,50.767,51.631,47.916,39.964,35.104,29.931,25.213,23.502,26.313,31.214,38.889,49.882,56.835,57.493,53.215,50.290,47.195
