32.301,31.823,29.645,26.884,27.669,29.159,41.325,56.264,59.943,57.234,56.760,56.953,56.182,56.981,55.674,58.662,59.037,67.141,61.772,53.241,49.892,37.014,32.911,28.824
35.995,35.439,33.708,31.325,32.207,34.137,45.053,58.819,62.483,60.647,60.080,61.188,60.291,60.905,60.194,62.304,63.139,69.629,63.923,57.783,51.803,41.421,37.361,33.811
37.571,37.008,35.467,33.364,34.191,36.198,46.500,59.930,63.409,61.947,61.448,62.879,62.002,62.591,62.208,63.904,64.753,70.462,64.768,59.417,52.645,43.377,39.378,35.882
38.897,38.346,36.910,35.014,35.769,37.833,47.819,61.247,64.546,63.309,62.895,64.552,63.708,64.323,64.178,65.578,66.366,71.569,65.939,60.969,53.764,45.102,41.051,37.561
39.860,39.334,37.989,36.265,36.955,39.105,48.810,62.191,65.311,64.261,63.918,65.799,64.983,65.633,65.680,66.794,67.533,72.269,66.772,62.175,54.630,46.450,42.285,38.921
40.432,39.936,38.598,36.902,37.563,39.737,49.367,62.605,65.601,64.582,64.236,66.154,65.349,66.005,66.039,67.045,67.781,72.317,67.096,62.677,55.266,47.086,42.844,39.623
40.845,40.361,39.057,37.367,38.037,40.223,49.653,62.676,65.707,64.651,64.307,66.186,65.391,66.058,66.048,67.063,67.783,72.330,67.234,62.746,55.398,47.378,43.169,40.140
41.174,40.712,39.399,37.695,38.354,40.532,49.925,62.759,65.712,64.659,64.337,66.246,65.446,66.124,66.177,67.226,67.926,72.489,67.241,62.859,55.740,47.636,43.405,40.491
41.493,41.037,39.744,38.074,38.719,40.908,50.221,62.998,65.908,64.882,64.549,66.462,65.675,66.347,66.367,67.328,68.035,72.571,67.447,63.147,56.000,48.000,43.757,40.887
41.731,41.270,39.993,38.348,38.992,41.193,50.474,63.264,66.172,65.186,64.858,66.811,66.022,66.690,66.748,67.672,68.387,72.775,67.699,63.470,56.193,48.296,44.057,41.165
41.938,41.483,40.212,38.599,39.221,41.390,50.619,63.403,66.264,65.286,64.982,66.915,66.144,66.820,66.897,67.809,68.484,72.834,67.800,63.540,56.345,48.498,44.288,41.358
42.179,41.732,40.446,38.819,39.436,41.588,50.836,63.607,66.456,65.441,65.140,67.033,66.269,66.952,66.998,67.938,68.595,72.995,68.010,63.635,56.627,48.690,44.477,41.568
42.399,41.944,40.669,39.076,39.681,41.796,51.000,63.787,66.614,65.590,65.322,67.077,66.362,67.035,67.074,68.056,68.630,73.015,68.128,63.677,56.736,48.900,44.750,41.742
42.606,42.155,40.858,39.255,39.849,41.907,51.136,63.841,66.623,65.608,65.350,67.088,66.364,67.039,67.076,68.072,68.642,73.019,68.152,63.686,56.947,49.008,44.903,41.839
42.760,42.318,41.016,39.415,39.997,42.023,51.214,63.896,66.645,65.633,65.352,67.116,66.428,67.115,67.137,68.153,68.657,73.019,68.153,63.711,56.976,49.085,45.007,41.962
42.867,42.425,41.149,39.570,40.155,42.181,51.257,63.939,66.703,65.641,65.406,67.154,66.441,67.151,67.203,68.168,68.723,73.043,68.158,63.736,57.049,49.162,45.120,42.118
43.007,42.568,41.289,39.720,40.293,42.283,51.333,63.943,66.704,65.669,65.439,67.228,66.475,67.152,67.232,68.199,68.784,73.169,68.276,63.803,57.065,49.249,45.245,42.212
43.089,42.667,41.374,39.850,40.373,42.308,51.363,63.975,66.733,65.720,65.449,67.244,66.507,67.181,67.235,68.200,68.803,73.170,68.280,63.809,57.135,49.368,45.360,42.251
43.298,42.857,41.600,40.055,40.627,42.625,51.597,64.044,66.759,65.745,65.487,67.246,66.533,67.190,67.265,68.232,68.826,73.188,68.296,63.889,57.242,49.553,45.565,42.553
43.408,42.961,41.730,40.211,40.785,42.768,51.625,64.081,66.817,65.819,65.564,67.319,66.605,67.271,67.333,68.291,68.861,73.277,68.312,63.943,57.248,49.612,45.689,42.676
43.608,43.158,41.925,40.389,40.976,42.991,51.890,64.271,67.030,66.075,65.804,67.594,66.867,67.495,67.569,68.513,69.137,73.379,68.468,64.249,57.394,49.854,45.895,42.905
43.710,43.251,42.025,40.479,41.081,43.090,51.962,64.274,67.055,66.107,65.820,67.601,66.869,67.515,67.597,68.527,69.151,73.399,68.481,64.280,57.402,49.894,45.976,42.984
43.876,43.419,42.179,40.640,41.229,43.232,52.173,64.509,67.273,66.371,66.094,67.866,67.141,67.752,67.862,68.787,69.420,73.586,68.638,64.523,57.595,50.125,46.181,43.127
43.987,43.523,42.287,40.754,41.346,43.344,52.297,64.628,67.402,66.442,66.173,67.952,67.226,67.871,67.956,68.906,69.513,73.744,68.819,64.566,57.697,50.263,46.326,43.216
44.079,43.627,42.371,40.877,41.422,43.352,52.303,64.712,67.440,66.529,66.277,68.020,67.312,67.936,68.056,68.986,69.574,73.748,68.825,64.578,57.796,50.284,46.435,43.233
44.149,43.682,42.482,40.978,41.573,43.544,52.304,64.721,67.455,66.538,66.307,68.029,67.334,67.975,68.096,69.013,69.587,73.789,68.846,64.611,57.800,50.328,46.457,43.404
44.237,43.781,42.555,41.076,41.632,43.554,52.375,64.773,67.479,66.569,66.308,68.076,67.361,67.979,68.105,69.043,69.624,73.802,68.905,64.625,57.802,50.414,46.576,43.417
44.331,43.869,42.663,41.180,41.755,43.692,52.445,64.797,67.584,66.638,66.371,68.130,67.435,68.077,68.178,69.123,69.704,73.921,68.982,64.710,57.849,50.469,46.658,43.548
44.421,43.955,42.764,41.287,41.870,43.821,52.526,64.887,67.613,66.640,66.422,68.165,67.441,68.110,68.218,69.194,69.736,73.988,69.016,64.750,57.934,50.557,46.755,43.676
44.536,44.070,42.875,41.409,41.983,43.917,52.635,64.910,67.620,66.726,66.477,68.233,67.525,68.144,68.285,69.199,69.789,74.003,69.034,64.824,57.938,50.685,46.894,43.761
44.631,44.161,42.972,41.510,42.087,44.020,52.718,64.948,67.680,66.803,66.552,68.312,67.603,68.215,68.363,69.273,69.871,74.007,69.095,64.904,57.980,50.771,46.997,43.856
44.702,44.233,43.045,41.594,42.164,44.093,52.790,65.047,67.766,66.894,66.651,68.415,67.710,68.328,68.486,69.388,69.974,74.077,69.128,64.987,58.064,50.864,47.087,43.930
44.787,44.318,43.125,41.674,42.240,44.158,52.871,65.156,67.872,66.991,66.753,68.502,67.802,68.422,68.577,69.490,70.065,74.187,69.238,65.057,58.169,50.943,47.172,43.991
44.875,44.404,43.214,41.765,42.333,44.258,52.968,65.181,67.967,67.101,66.861,68.622,67.919,68.528,68.690,69.549,70.186,74.261,69.245,65.176,58.201,51.044,47.270,44.090
45.013,44.545,43.344,41.895,42.455,44.372,53.127,65.253,67.974,67.161,66.862,68.700,67.957,68.537,68.699,69.605,70.250,74.297,69.337,65.360,58.250,51.207,47.417,44.207
45.093,44.609,43.461,41.990,42.609,44.569,53.182,65.467,68.177,67.312,67.069,68.839,68.135,68.752,68.913,69.803,70.390,74.472,69.541,65.406,58.476,51.207,47.454,44.414
45.162,44.695,43.512,42.066,42.634,44.601,53.243,65.493,68.207,67.318,67.089,68.840,68.141,68.771,68.931,69.848,70.408,74.541,69.591,65.427,58.505,51.326,47.545,44.431
45.278,44.810,43.631,42.183,42.755,44.692,53.349,65.539,68.253,67.393,67.144,68.917,68.210,68.822,68.981,69.870,70.467,74.548,69.607,65.519,58.583,51.426,47.654,44.534
45.389,44.921,43.738,42.303,42.865,44.788,53.465,65.729,68.433,67.572,67.338,69.105,68.406,69.026,69.195,70.088,70.662,74.740,69.797,65.660,58.733,51.567,47.797,44.624
45.480,45.016,43.827,42.383,42.943,44.859,53.540,65.784,68.481,67.601,67.367,69.115,68.418,69.040,69.199,70.098,70.666,74.767,69.853,65.686,58.837,51.627,47.855,44.702
45.583,45.109,43.934,42.490,43.066,44.996,53.650,65.850,68.577,67.727,67.478,69.252,68.543,69.149,69.317,70.208,70.811,74.882,69.914,65.835,58.852,51.729,47.977,44.822
45.692,45.214,44.037,42.587,43.167,45.090,53.749,65.943,68.672,67.827,67.574,69.337,68.626,69.227,69.390,70.295,70.902,74.970,69.992,65.918,58.933,51.812,48.078,44.905
45.743,45.266,44.102,42.672,43.249,45.177,53.788,65.948,68.681,67.843,67.595,69.380,68.670,69.270,69.454,70.328,70.938,74.991,70.007,65.964,58.938,51.887,48.156,44.996
45.850,45.367,44.209,42.773,43.360,45.291,53.888,66.009,68.750,67.931,67.671,69.460,68.744,69.333,69.516,70.393,71.023,75.051,70.049,66.060,58.984,51.970,48.257,45.100
45.955,45.470,44.320,42.885,43.478,45.430,54.012,66.113,68.863,68.060,67.794,69.610,68.887,69.472,69.664,70.522,71.170,75.170,70.155,66.225,59.073,52.099,48.374,45.242
46.028,45.546,44.393,42.953,43.545,45.494,54.074,66.155,68.900,68.087,67.820,69.625,68.904,69.489,69.670,70.535,71.180,75.191,70.196,66.254,59.149,52.152,48.426,45.312
46.113,45.633,44.482,43.032,43.632,45.590,54.155,66.179,68.932,68.119,67.841,69.650,68.923,69.503,69.673,70.538,71.199,75.207,70.221,66.316,59.205,52.215,48.487,45.414
46.166,45.688,44.538,43.093,43.687,45.642,54.200,66.225,68.965,68.150,67.877,69.683,68.961,69.545,69.716,70.577,71.228,75.230,70.262,66.347,59.266,52.272,48.540,45.471
46.273,45.800,44.642,43.191,43.783,45.742,54.323,66.370,69.105,68.276,68.005,69.808,69.087,69.678,69.840,70.705,71.349,75.368,70.420,66.476,59.434,52.390,48.635,45.583
46.389,45.921,44.759,43.308,43.894,45.859,54.456,66.530,69.254,68.419,68.153,69.960,69.241,69.841,70.002,70.861,71.496,75.517,70.588,66.626,59.607,52.530,48.752,45.713
46.514,46.036,44.886,43.431,44.033,46.008,54.576,66.590,69.343,68.529,68.247,70.070,69.340,69.922,70.089,70.943,71.612,75.614,70.641,66.757,59.637,52.633,48.879,45.846
46.615,46.144,44.992,43.534,44.133,46.120,54.694,66.708,69.449,68.630,68.348,70.181,69.451,70.041,70.202,71.047,71.713,75.709,70.767,66.885,59.788,52.755,48.971,45.977
46.762,46.294,45.139,43.670,44.272,46.275,54.864,66.873,69.617,68.790,68.503,70.343,69.610,70.202,70.353,71.196,71.869,75.874,70.946,67.069,59.979,52.912,49.101,46.146
46.870,46.405,45.247,43.783,44.378,46.379,54.980,67.024,69.757,68.926,68.646,70.487,69.758,70.357,70.512,71.352,72.011,76.016,71.100,67.198,60.129,53.042,49.219,46.256
46.998,46.531,45.363,43.893,44.488,46.482,55.122,67.221,69.962,69.118,68.841,70.670,69.941,70.544,70.694,71.551,72.203,76.243,71.309,67.357,60.303,53.171,49.348,46.352
47.113,46.640,45.481,44.016,44.616,46.608,55.221,67.286,70.038,69.211,68.929,70.763,70.031,70.624,70.783,71.636,72.302,76.316,71.358,67.452,60.342,53.271,49.474,46.464
47.205,46.731,45.581,44.116,44.723,46.718,55.294,67.294,70.050,69.234,68.945,70.785,70.049,70.633,70.793,71.638,72.319,76.322,71.361,67.500,60.366,53.342,49.558,46.573
47.320,46.840,45.701,44.237,44.854,46.856,55.400,67.348,70.118,69.323,69.023,70.878,70.135,70.707,70.874,71.710,72.414,76.386,71.401,67.610,60.401,53.444,49.678,46.701
47.474,46.991,45.855,44.400,45.015,47.029,55.590,67.596,70.369,69.588,69.293,71.172,70.428,71.003,71.190,72.010,72.713,76.668,71.657,67.876,60.593,53.653,49.872,46.872
47.568,47.083,45.951,44.510,45.120,47.124,55.667,67.681,70.448,69.678,69.390,71.268,70.528,71.102,71.302,72.117,72.813,76.750,71.728,67.948,60.651,53.751,49.989,46.957
47.683,47.201,46.059,44.619,45.220,47.210,55.789,67.870,70.626,69.839,69.562,71.423,70.690,71.275,71.473,72.300,72.972,76.937,71.925,68.072,60.834,53.878,50.109,47.044
47.795,47.314,46.176,44.750,45.344,47.346,55.923,68.035,70.780,70.006,69.737,71.620,70.889,71.479,71.695,72.500,73.166,77.101,72.090,68.253,60.975,54.041,50.252,47.187
47.950,47.460,46.331,44.886,45.504,47.519,56.074,68.102,70.887,70.127,69.832,71.726,70.979,71.548,71.754,72.566,73.278,77.213,72.157,68.403,61.033,54.149,50.385,47.345
48.117,47.622,46.482,45.025,45.647,47.653,56.251,68.325,71.129,70.352,70.055,71.931,71.183,71.751,71.946,72.785,73.496,77.472,72.382,68.590,61.233,54.300,50.543,47.466
48.191,47.694,46.567,45.116,45.743,47.758,56.313,68.326,71.133,70.378,70.075,71.968,71.215,71.775,71.980,72.801,73.529,77.478,72.395,68.648,61.234,54.370,50.625,47.569
48.354,47.849,46.730,45.282,45.917,47.938,56.488,68.506,71.330,70.594,70.285,72.196,71.437,71.989,72.208,73.021,73.766,77.692,72.560,68.866,61.360,54.547,50.812,47.737
48.439,47.929,46.813,45.364,46.003,48.016,56.553,68.546,71.381,70.649,70.336,72.238,71.478,72.022,72.240,73.061,73.814,77.743,72.593,68.909,61.390,54.602,50.893,47.801
48.568,48.057,46.940,45.492,46.131,48.140,56.681,68.686,71.522,70.790,70.478,72.378,71.619,72.162,72.382,73.207,73.957,77.890,72.732,69.040,61.519,54.732,51.027,47.922
48.677,48.167,47.050,45.604,46.243,48.257,56.801,68.817,71.652,70.923,70.613,72.520,71.760,72.305,72.529,73.348,74.098,78.025,72.866,69.179,61.642,54.857,51.145,48.041
48.866,48.348,47.228,45.777,46.421,48.431,57.006,69.069,71.927,71.198,70.885,72.789,72.025,72.566,72.793,73.626,74.384,78.335,73.128,69.421,61.838,55.047,51.348,48.196
49.044,48.525,47.398,45.927,46.580,48.603,57.217,69.297,72.174,71.432,71.109,73.016,72.245,72.786,72.998,73.843,74.613,78.597,73.380,69.663,62.072,55.226,51.507,48.374
49.124,48.604,47.482,46.013,46.669,48.693,57.286,69.331,72.211,71.476,71.149,73.060,72.287,72.823,73.036,73.877,74.655,78.625,73.406,69.719,62.110,55.295,51.585,48.462
49.306,48.778,47.661,46.187,46.854,48.892,57.490,69.538,72.442,71.723,71.385,73.315,72.533,73.060,73.280,74.118,74.919,78.884,73.619,69.973,62.270,55.487,51.781,48.649
49.446,48.923,47.802,46.324,46.989,49.032,57.639,69.686,72.582,71.853,71.516,73.446,72.665,73.198,73.410,74.246,75.043,79.013,73.774,70.119,62.449,55.634,51.907,48.803
49.645,49.111,47.994,46.529,47.195,49.240,57.876,70.022,72.938,72.232,71.901,73.853,73.069,73.599,73.843,74.672,75.472,79.432,74.116,70.460,62.662,55.890,52.174,48.986
49.781,49.246,48.134,46.660,47.336,49.393,58.012,70.104,73.031,72.330,71.988,73.949,73.158,73.681,73.919,74.743,75.563,79.515,74.198,70.590,62.764,56.011,52.293,49.142
49.933,49.398,48.284,46.795,47.480,49.550,58.175,70.233,73.175,72.468,72.113,74.079,73.281,73.799,74.022,74.852,75.691,79.654,74.338,70.754,62.919,56.146,52.418,49.306
50.078,49.542,48.427,46.945,47.624,49.691,58.332,70.443,73.379,72.674,72.328,74.295,73.501,74.025,74.259,75.085,75.912,79.875,74.550,70.940,63.097,56.319,52.587,49.444
50.299,49.765,48.642,47.141,47.827,49.905,58.578,70.693,73.643,72.922,72.566,74.533,73.733,74.257,74.473,75.312,76.148,80.144,74.821,71.199,63.370,56.535,52.781,49.667
50.505,49.971,48.831,47.330,48.006,50.069,58.812,71.052,74.001,73.259,72.918,74.865,74.072,74.609,74.825,75.686,76.495,80.539,75.200,71.471,63.685,56.769,53.007,49.823
50.784,50.256,49.088,47.582,48.239,50.291,59.154,71.601,74.534,73.751,73.433,75.358,74.579,75.144,75.354,76.241,77.000,81.120,75.789,71.887,64.200,57.117,53.306,50.054
51.029,50.499,49.325,47.826,48.477,50.533,59.447,72.009,74.944,74.163,73.857,75.796,75.018,75.593,75.821,76.704,77.448,81.577,76.215,72.270,64.536,57.429,53.596,50.292
51.395,50.862,49.678,48.153,48.818,50.914,59.910,72.548,75.519,74.729,74.407,76.379,75.587,76.165,76.384,77.268,78.038,82.203,76.804,72.863,65.041,57.854,53.962,50.687
51.567,51.039,49.844,48.322,48.974,51.067,60.109,72.843,75.796,74.990,74.684,76.650,75.866,76.460,76.681,77.568,78.310,82.495,77.114,73.096,65.327,58.070,54.149,50.849
51.739,51.211,50.021,48.498,49.156,51.265,60.295,73.001,75.961,75.166,74.852,76.839,76.049,76.639,76.863,77.737,78.494,82.660,77.273,73.305,65.485,58.255,54.323,51.053
52.240,51.702,50.488,48.953,49.611,51.721,60.899,73.850,76.846,76.032,75.728,77.715,76.924,77.526,77.760,78.665,79.408,83.657,78.177,74.078,66.188,58.841,54.881,51.487
52.680,52.166,50.904,49.350,49.975,52.092,61.450,74.668,77.619,76.723,76.453,78.415,77.643,78.300,78.504,79.434,80.099,84.460,79.070,74.718,67.059,59.395,55.307,51.913
52.992,52.484,51.190,49.597,50.224,52.339,61.808,75.116,78.082,77.126,76.852,78.778,78.005,78.676,78.834,79.816,80.467,84.940,79.568,75.082,67.553,59.692,55.562,52.174
53.285,52.771,51.489,49.917,50.543,52.678,62.147,75.516,78.487,77.569,77.300,79.273,78.497,79.167,79.365,80.311,80.970,85.391,79.968,75.536,67.854,60.070,55.927,52.506
53.729,53.206,51.915,50.336,50.967,53.120,62.679,76.200,79.204,78.288,78.019,80.017,79.234,79.908,80.122,81.072,81.737,86.191,80.692,76.222,68.423,60.594,56.421,52.936
54.207,53.696,52.372,50.762,51.386,53.540,63.207,76.832,79.829,78.851,78.588,80.553,79.775,80.472,80.644,81.633,82.270,86.822,81.372,76.757,69.120,61.081,56.848,53.384
55.002,54.493,53.110,51.468,52.074,54.208,64.133,78.139,81.151,80.088,79.851,81.767,81.001,81.738,81.884,82.950,83.521,88.261,82.772,77.834,70.337,61.966,57.660,54.051
55.604,55.108,53.694,52.029,52.624,54.790,64.863,79.076,82.082,80.973,80.749,82.679,81.915,82.686,82.816,83.890,84.432,89.245,83.782,78.710,71.271,62.686,58.267,54.672
56.555,56.058,54.578,52.880,53.457,55.615,66.001,80.694,83.728,82.534,82.340,84.236,83.482,84.299,84.413,85.564,86.038,91.055,85.516,80.094,72.734,63.784,59.268,55.494
57.350,56.796,55.422,53.805,54.434,56.708,66.917,81.548,84.682,83.732,83.502,85.654,84.846,85.598,85.896,86.862,87.493,92.174,86.319,81.463,73.134,64.825,60.354,56.512
58.589,58.083,56.557,54.880,55.424,57.643,68.399,83.838,86.890,85.689,85.554,87.554,86.806,87.691,87.894,89.016,89.416,94.512,88.807,83.113,75.475,66.268,61.552,57.529
59.701,59.215,57.645,55.922,56.458,58.714,69.646,85.267,88.314,87.037,86.906,88.903,88.155,89.079,89.233,90.382,90.754,95.967,90.326,84.467,76.978,67.467,62.614,58.659
62.453,61.920,60.299,58.505,59.092,61.512,72.989,89.447,92.705,91.441,91.286,93.479,92.670,93.618,93.842,94.996,95.448,100.841,94.769,88.784,80.540,70.723,65.623,61.424
68.999,68.547,66.570,64.500,65.012,67.819,81.165,100.259,103.613,101.889,101.838,104.254,103.430,104.722,104.826,106.108,106.312,112.613,106.463,99.001,90.875,78.705,72.374,68.072
