16.029,12.469,7.178,5.857,13.155,21.398,45.157,57.591,63.406,57.477,47.764,42.776,28.100,25.614,22.287,24.732,30.812,49.467,58.660,66.095,60.397,51.163,42.037,29.323
23.599,20.693,17.235,16.423,21.909,28.601,48.245,57.650,63.438,57.502,48.606,45.834,35.003,33.209,29.482,30.565,36.362,49.486,58.720,66.114,60.501,51.216,42.511,33.317
25.689,23.250,20.800,20.288,24.495,30.921,48.659,57.685,63.452,57.558,48.950,46.131,36.879,34.396,30.750,31.626,37.264,49.549,58.775,66.139,60.540,51.248,42.548,33.861
27.094,24.961,23.065,22.705,26.172,32.176,48.664,57.729,63.515,57.628,49.106,46.281,37.669,35.040,31.579,32.311,37.650,49.555,58.797,66.161,60.563,51.263,42.705,34.188
27.792,25.855,24.354,24.107,27.070,32.868,48.737,57.806,63.557,57.689,49.141,46.371,38.132,35.331,31.937,32.562,37.767,49.592,58.930,66.181,60.565,51.322,42.866,34.204
28.406,26.640,25.126,24.947,27.739,33.563,48.746,57.815,63.585,57.717,49.208,46.389,38.841,35.605,32.424,33.123,37.826,49.614,58.981,66.215,60.586,51.399,42.906,35.130
28.927,27.179,25.671,25.477,28.252,33.897,48.761,57.844,63.634,57.725,49.217,46.415,39.019,35.965,32.863,33.541,38.154,49.681,58.992,66.216,60.591,51.422,42.943,35.466
29.150,27.411,25.884,25.682,28.471,34.024,48.764,57.970,63.651,57.737,49.233,46.464,39.096,36.133,33.074,33.738,38.268,49.703,59.068,66.235,60.626,51.482,42.948,35.654
29.475,27.767,26.273,26.074,28.797,34.296,48.771,57.986,63.652,57.773,49.258,46.497,39.258,36.288,33.289,33.976,38.460,49.756,59.095,66.250,60.643,51.512,42.952,35.870
29.654,27.929,26.469,26.266,28.999,34.399,48.783,58.015,63.660,57.776,49.261,46.512,39.351,36.556,33.511,34.122,38.656,49.758,59.131,66.256,60.653,51.539,43.008,35.887
29.857,28.193,26.834,26.664,29.256,34.612,48.800,58.046,63.674,57.816,49.287,46.519,39.509,36.635,33.620,34.210,38.674,49.785,59.161,66.259,60.654,51.556,43.019,35.942
30.006,28.405,27.123,26.994,29.462,34.826,48.899,58.061,63.677,57.840,49.351,46.538,39.736,36.712,33.717,34.293,38.680,49.808,59.175,66.273,60.704,51.610,43.023,36.058
30.206,28.642,27.463,27.362,29.712,35.053,49.028,58.091,63.677,57.863,49.450,46.628,39.929,36.856,33.851,34.398,38.794,49.825,59.205,66.278,60.726,51.614,43.088,36.091
30.357,28.827,27.694,27.614,29.887,35.254,49.050,58.139,63.719,57.956,49.473,46.770,40.123,36.937,33.948,34.507,38.873,49.877,59.209,66.280,60.728,51.638,43.109,36.223
30.478,28.963,27.836,27.765,30.023,35.372,49.075,58.151,63.750,57.961,49.524,46.812,40.253,37.057,34.076,34.620,38.936,49.904,59.238,66.281,60.752,51.638,43.246,36.353
30.625,29.093,27.943,27.858,30.152,35.482,49.206,58.246,63.758,57.993,49.623,46.948,40.345,37.209,34.231,34.778,39.111,49.956,59.253,66.311,60.760,51.661,43.258,36.494
30.743,29.238,28.133,28.065,30.295,35.617,49.258,58.300,63.786,58.001,49.674,46.996,40.466,37.281,34.311,34.850,39.161,50.008,59.263,66.316,60.773,51.687,43.392,36.556
30.874,29.362,28.200,28.107,30.404,35.693,49.265,58.321,63.799,58.007,49.756,47.045,40.535,37.403,34.464,35.011,39.258,50.018,59.264,66.316,60.782,51.689,43.435,36.757
30.993,29.457,28.212,28.118,30.492,35.747,49.297,58.355,63.845,58.054,49.858,47.121,40.608,37.574,34.649,35.193,39.395,50.020,59.264,66.317,60.783,51.729,43.643,36.977
31.107,29.604,28.420,28.342,30.644,35.925,49.428,58.370,63.892,58.072,50.011,47.235,40.806,37.666,34.734,35.268,39.452,50.044,59.339,66.322,60.801,51.738,43.686,37.058
31.244,29.723,28.546,28.460,30.781,36.029,49.549,58.373,63.915,58.110,50.037,47.346,40.899,37.849,34.891,35.400,39.636,50.095,59.423,66.330,60.803,51.776,43.716,37.126
31.323,29.811,28.664,28.585,30.871,36.110,49.597,58.394,63.918,58.202,50.054,47.387,40.960,37.897,34.941,35.446,39.688,50.105,59.434,66.333,60.814,51.794,43.746,37.149
31.431,29.916,28.784,28.702,30.980,36.199,49.677,58.462,63.933,58.243,50.073,47.459,41.024,37.997,35.036,35.534,39.790,50.163,59.452,66.334,60.826,51.797,43.751,37.186
31.498,30.018,28.956,28.900,31.088,36.304,49.688,58.471,63.989,58.252,50.078,47.460,41.127,38.025,35.062,35.541,39.802,50.169,59.490,66.335,60.845,51.807,43.785,37.196
31.618,30.143,29.077,29.022,31.214,36.402,49.712,58.584,63.994,58.306,50.122,47.500,41.227,38.152,35.194,35.659,39.876,50.172,59.504,66.338,60.845,51.839,43.791,37.304
31.733,30.251,29.134,29.067,31.310,36.480,49.751,58.628,64.132,58.310,50.234,47.572,41.312,38.273,35.337,35.803,39.973,50.188,59.530,66.359,60.854,51.874,43.861,37.433
31.812,30.358,29.279,29.232,31.412,36.609,49.847,58.681,64.227,58.380,50.365,47.658,41.446,38.301,35.343,35.808,40.000,50.283,59.542,66.361,60.855,51.927,43.962,37.495
31.862,30.449,29.507,29.498,31.521,36.747,49.939,58.720,64.253,58.392,50.370,47.722,41.560,38.311,35.382,35.859,40.010,50.340,59.546,66.379,60.868,52.013,43.968,37.566
31.964,30.543,29.554,29.529,31.601,36.783,49.973,58.765,64.266,58.537,50.371,47.724,41.572,38.385,35.456,35.921,40.083,50.407,59.602,66.380,60.882,52.075,44.017,37.566
32.076,30.668,29.684,29.662,31.713,36.891,49.996,58.780,64.339,58.638,50.455,47.790,41.655,38.439,35.535,36.013,40.144,50.494,59.632,66.383,60.883,52.201,44.065,37.675
32.167,30.760,29.784,29.762,31.805,36.970,50.058,58.801,64.366,58.699,50.492,47.851,41.717,38.515,35.613,36.089,40.227,50.616,59.703,66.397,60.901,52.223,44.116,37.734
32.281,30.859,29.887,29.857,31.916,37.057,50.160,58.920,64.493,58.770,50.522,47.947,41.793,38.659,35.739,36.200,40.377,50.655,59.716,66.403,60.913,52.247,44.176,37.796
32.384,30.970,30.045,30.023,32.033,37.172,50.276,59.012,64.505,58.816,50.561,48.039,41.878,38.729,35.801,36.258,40.475,50.738,59.718,66.417,60.922,52.264,44.188,37.807
32.505,31.085,30.149,30.121,32.146,37.276,50.383,59.078,64.522,58.888,50.662,48.151,41.975,38.851,35.926,36.384,40.603,50.753,59.728,66.435,60.928,52.314,44.315,37.931
32.608,31.194,30.292,30.268,32.259,37.371,50.448,59.151,64.585,58.932,50.666,48.205,42.038,38.920,35.994,36.447,40.687,50.766,59.759,66.437,60.938,52.325,44.321,37.952
32.695,31.277,30.354,30.328,32.343,37.458,50.538,59.213,64.625,58.972,50.792,48.305,42.150,39.042,36.112,36.560,40.784,50.773,59.774,66.439,60.940,52.327,44.364,38.085
32.792,31.391,30.516,30.502,32.458,37.562,50.590,59.341,64.626,58.985,50.799,48.344,42.223,39.089,36.163,36.605,40.837,50.842,59.792,66.466,60.947,52.349,44.390,38.098
32.874,31.497,30.660,30.660,32.557,37.679,50.678,59.395,64.633,59.068,50.895,48.421,42.326,39.115,36.200,36.652,40.872,50.860,59.799,66.480,60.975,52.359,44.433,38.146
32.961,31.588,30.757,30.762,32.654,37.770,50.746,59.455,64.643,59.114,50.914,48.480,42.433,39.222,36.292,36.708,40.940,50.862,59.812,66.507,60.992,52.361,44.449,38.148
33.016,31.678,30.947,30.979,32.757,37.867,50.765,59.530,64.658,59.161,50.963,48.491,42.506,39.228,36.300,36.731,40.950,50.866,59.844,66.531,60.998,52.364,44.475,38.152
33.084,31.770,31.098,31.150,32.855,37.976,50.838,59.570,64.674,59.165,50.971,48.533,42.612,39.269,36.325,36.739,40.970,50.879,59.852,66.548,61.004,52.392,44.479,38.236
33.174,31.868,31.185,31.238,32.942,38.064,50.896,59.611,64.684,59.229,51.034,48.603,42.697,39.335,36.408,36.824,41.030,50.897,59.853,66.683,61.088,52.395,44.481,38.267
33.260,31.952,31.289,31.338,33.026,38.124,50.939,59.648,64.692,59.238,51.053,48.639,42.708,39.379,36.458,36.875,41.110,50.905,59.867,66.709,61.091,52.401,44.500,38.273
33.357,32.042,31.390,31.440,33.135,38.205,50.999,59.671,64.721,59.257,51.064,48.697,42.808,39.534,36.587,36.971,41.222,50.913,59.893,66.848,61.102,52.414,44.539,38.330
33.435,32.127,31.496,31.556,33.231,38.306,51.089,59.770,64.807,59.274,51.140,48.779,42.934,39.644,36.679,37.044,41.299,50.966,59.905,67.023,61.297,52.506,44.539,38.394
33.517,32.203,31.580,31.637,33.317,38.368,51.137,59.780,64.863,59.289,51.142,48.826,42.989,39.745,36.769,37.118,41.392,50.980,59.952,67.078,61.386,52.512,44.561,38.434
33.588,32.272,31.657,31.716,33.397,38.425,51.160,59.793,64.944,59.421,51.145,48.852,43.056,39.848,36.859,37.185,41.460,50.991,59.964,67.198,61.472,52.638,44.567,38.476
33.696,32.369,31.733,31.781,33.492,38.502,51.235,59.802,65.028,59.534,51.202,48.936,43.118,39.956,36.973,37.302,41.578,51.126,60.071,67.247,61.522,52.770,44.684,38.588
33.751,32.426,31.791,31.838,33.544,38.537,51.238,59.823,65.154,59.554,51.210,48.945,43.131,39.985,37.013,37.344,41.613,51.261,60.235,67.369,61.607,52.961,44.705,38.621
33.867,32.556,31.930,31.985,33.667,38.679,51.367,59.954,65.167,59.635,51.372,49.074,43.278,40.073,37.112,37.453,41.700,51.297,60.388,67.484,61.630,53.095,44.841,38.758
33.978,32.664,32.036,32.088,33.773,38.786,51.488,60.081,65.206,59.661,51.481,49.192,43.377,40.178,37.217,37.563,41.818,51.398,60.571,67.558,61.940,53.210,44.958,38.863
34.103,32.767,32.072,32.110,33.879,38.888,51.615,60.152,65.422,59.750,51.680,49.346,43.530,40.389,37.422,37.759,41.986,51.543,60.664,67.689,62.057,53.238,45.199,39.101
34.198,32.861,32.154,32.188,33.965,38.979,51.714,60.254,65.494,59.759,51.796,49.449,43.611,40.462,37.507,37.859,42.077,51.633,60.914,67.763,62.085,53.466,45.331,39.217
34.305,32.969,32.209,32.239,34.062,39.078,51.776,60.257,65.642,59.796,51.980,49.546,43.751,40.597,37.660,38.015,42.161,51.668,60.993,67.874,62.329,53.487,45.537,39.444
34.370,33.046,32.296,32.335,34.137,39.160,51.824,60.306,65.687,59.831,52.064,49.597,43.841,40.650,37.719,38.073,42.194,51.911,61.193,67.929,62.396,53.601,45.594,39.520
34.496,33.165,32.385,32.414,34.241,39.277,51.977,60.469,65.804,59.987,52.242,49.757,43.944,40.748,37.835,38.216,42.330,52.037,61.260,68.091,62.462,53.783,45.806,39.691
34.600,33.256,32.447,32.464,34.327,39.351,52.061,60.525,65.842,60.063,52.330,49.852,44.009,40.854,37.950,38.337,42.449,52.220,61.374,68.119,62.525,53.894,45.945,39.817
34.707,33.363,32.515,32.527,34.420,39.461,52.176,60.632,65.974,60.185,52.533,49.986,44.136,40.954,38.070,38.477,42.545,52.321,61.450,68.302,62.724,53.940,46.162,40.017
34.820,33.477,32.647,32.666,34.546,39.595,52.331,60.810,66.138,60.346,52.663,50.128,44.288,41.100,38.196,38.588,42.679,52.361,61.639,68.409,63.013,54.035,46.252,40.110
34.894,33.556,32.727,32.750,34.626,39.677,52.391,60.860,66.170,60.386,52.750,50.193,44.384,41.184,38.279,38.666,42.738,52.469,61.657,68.630,63.115,54.137,46.325,40.201
34.979,33.653,32.831,32.862,34.718,39.788,52.493,60.983,66.325,60.501,52.894,50.294,44.507,41.253,38.355,38.749,42.799,52.603,61.902,68.963,63.373,54.242,46.432,40.310
35.075,33.774,32.968,33.012,34.827,39.927,52.606,61.131,66.550,60.639,53.075,50.407,44.654,41.305,38.424,38.834,42.844,52.681,61.985,69.111,63.673,54.285,46.558,40.441
35.160,33.848,33.005,33.041,34.900,39.993,52.673,61.158,66.661,60.675,53.181,50.491,44.740,41.424,38.545,38.952,42.942,52.759,62.207,69.136,63.716,54.393,46.696,40.582
35.266,33.958,33.101,33.138,35.002,40.112,52.796,61.290,66.773,60.810,53.356,50.621,44.871,41.523,38.654,39.073,43.039,52.838,62.483,69.143,63.792,54.669,46.862,40.738
35.441,34.113,33.202,33.229,35.161,40.281,53.017,61.491,66.819,61.019,53.633,50.857,45.089,41.776,38.896,39.311,43.265,53.069,62.622,69.191,63.817,54.861,47.155,41.011
35.603,34.263,33.317,33.329,35.299,40.404,53.139,61.576,66.872,61.133,53.768,50.996,45.191,41.918,39.057,39.487,43.429,53.262,62.664,69.196,63.829,54.907,47.359,41.201
35.723,34.390,33.487,33.512,35.447,40.552,53.280,61.738,66.937,61.260,53.866,51.118,45.361,42.078,39.187,39.588,43.555,53.294,62.693,69.201,63.835,54.998,47.393,41.264
35.814,34.470,33.549,33.568,35.533,40.625,53.362,61.793,67.007,61.317,53.939,51.205,45.444,42.206,39.306,39.697,43.671,53.361,62.697,69.255,63.875,55.027,47.491,41.366
35.903,34.561,33.658,33.680,35.628,40.712,53.434,61.865,67.209,61.382,53.984,51.272,45.522,42.288,39.384,39.769,43.752,53.408,62.714,69.573,64.227,55.042,47.501,41.417
36.027,34.707,33.874,33.914,35.785,40.860,53.532,61.988,67.331,61.472,54.013,51.347,45.653,42.385,39.468,39.833,43.839,53.414,62.807,69.760,64.426,55.095,47.530,41.429
36.137,34.825,33.998,34.046,35.909,40.986,53.633,62.081,67.434,61.547,54.146,51.452,45.806,42.520,39.596,39.948,43.936,53.470,63.126,69.909,64.437,55.441,47.602,41.556
36.361,35.036,34.177,34.208,36.098,41.181,53.874,62.335,67.495,61.847,54.377,51.697,45.951,42.681,39.786,40.177,44.175,53.847,63.353,69.921,64.529,55.454,47.904,41.797
36.475,35.165,34.320,34.365,36.231,41.339,54.023,62.508,67.653,61.995,54.579,51.843,46.149,42.815,39.912,40.296,44.270,53.953,63.573,69.998,64.542,55.550,48.036,41.947
36.589,35.301,34.482,34.545,36.368,41.502,54.161,62.678,67.683,62.138,54.765,51.975,46.340,42.926,40.021,40.401,44.349,54.049,63.580,70.253,64.615,55.636,48.145,42.077
36.705,35.415,34.608,34.675,36.500,41.621,54.262,62.757,67.807,62.191,54.855,52.075,46.491,43.102,40.172,40.522,44.475,54.058,63.643,70.383,64.796,55.678,48.211,42.179
36.837,35.531,34.717,34.783,36.640,41.754,54.430,62.913,67.947,62.327,54.999,52.238,46.671,43.333,40.365,40.683,44.663,54.135,63.905,70.450,64.913,55.808,48.335,42.316
36.976,35.671,34.826,34.894,36.781,41.912,54.585,63.049,68.145,62.452,55.254,52.411,46.888,43.527,40.556,40.868,44.801,54.275,64.129,70.503,64.924,55.978,48.564,42.558
37.108,35.814,34.949,35.026,36.920,42.086,54.759,63.232,68.179,62.620,55.539,52.596,47.120,43.692,40.724,41.037,44.918,54.442,64.163,70.567,65.068,56.158,48.794,42.795
37.293,35.994,35.147,35.216,37.099,42.221,54.857,63.296,68.182,62.699,55.543,52.691,47.192,43.831,40.870,41.180,45.093,54.488,64.176,70.723,65.146,56.189,48.818,42.877
37.374,36.092,35.301,35.388,37.214,42.328,54.911,63.359,68.317,62.722,55.561,52.730,47.309,43.921,40.940,41.223,45.144,54.547,64.241,71.139,65.197,56.247,48.864,42.884
37.573,36.276,35.486,35.563,37.406,42.492,55.087,63.513,68.608,62.886,55.660,52.901,47.449,44.134,41.142,41.414,45.375,54.649,64.481,71.495,65.589,56.363,48.963,43.026
37.735,36.457,35.701,35.799,37.595,42.719,55.326,63.813,69.147,63.151,55.931,53.123,47.717,44.314,41.306,41.570,45.525,54.827,64.945,71.811,65.940,56.536,49.129,43.200
37.996,36.744,36.066,36.192,37.896,43.077,55.735,64.354,69.461,63.648,56.306,53.485,48.099,44.572,41.533,41.792,45.789,55.157,65.307,71.818,66.061,56.834,49.349,43.406
38.162,36.916,36.242,36.377,38.074,43.293,55.990,64.655,69.728,63.928,56.614,53.732,48.366,44.777,41.725,41.980,45.968,55.384,65.308,71.830,66.258,57.071,49.582,43.630
38.331,37.097,36.427,36.572,38.251,43.502,56.205,64.904,69.829,64.167,56.888,53.946,48.600,44.943,41.894,42.157,46.121,55.603,65.645,72.267,66.291,57.281,49.798,43.845
38.462,37.248,36.656,36.822,38.418,43.677,56.368,65.129,69.906,64.353,56.973,54.075,48.769,45.060,41.987,42.231,46.236,55.666,65.713,72.728,66.736,57.323,49.802,43.864
38.722,37.488,36.846,36.993,38.642,43.907,56.658,65.419,70.264,64.686,57.273,54.375,48.975,45.299,42.245,42.520,46.532,56.077,66.082,72.920,67.253,57.726,50.170,44.176
38.969,37.767,37.160,37.333,38.918,44.242,56.993,65.833,70.689,65.065,57.695,54.696,49.358,45.535,42.480,42.760,46.736,56.380,66.613,73.106,67.277,58.004,50.460,44.473
39.337,38.135,37.640,37.830,39.328,44.654,57.477,66.427,71.220,65.612,57.958,55.110,49.752,45.938,42.814,43.054,47.171,56.696,66.812,73.859,67.396,58.316,50.619,44.626
39.654,38.469,38.082,38.292,39.680,45.014,57.866,66.924,71.680,66.079,58.175,55.440,50.065,46.207,43.053,43.280,47.495,56.997,67.036,73.872,68.315,58.570,50.748,44.748
39.992,38.803,38.335,38.527,39.968,45.338,58.228,67.292,72.178,66.511,58.671,55.834,50.362,46.454,43.365,43.663,47.812,57.598,67.728,74.407,68.866,59.127,51.320,45.241
40.363,39.239,38.906,39.160,40.428,45.896,58.780,68.024,72.860,67.137,59.272,56.328,51.009,46.838,43.704,43.976,48.120,57.952,68.442,74.608,68.877,59.444,51.607,45.577
40.854,39.814,39.813,40.161,41.077,46.620,59.525,69.091,73.758,68.031,59.708,56.912,51.743,47.309,44.054,44.247,48.582,58.263,68.878,75.480,69.782,59.673,51.612,45.639
41.415,40.420,40.519,40.909,41.688,47.325,60.287,70.042,74.730,68.928,60.476,57.618,52.477,47.826,44.552,44.755,49.116,58.967,69.830,76.868,71.078,60.312,52.158,46.164
42.250,41.161,41.077,41.402,42.423,48.069,61.282,70.999,75.845,69.983,61.503,58.645,53.259,48.802,45.519,45.757,50.164,60.169,70.921,78.528,72.819,61.602,53.369,47.216
43.008,41.948,41.791,42.150,43.210,49.019,62.326,72.145,77.075,71.063,62.958,59.713,54.464,49.741,46.436,46.678,50.930,61.171,72.618,80.165,74.157,62.669,54.563,48.396
43.969,43.087,43.345,43.876,44.408,50.517,63.912,74.347,79.205,72.994,64.558,61.095,56.137,50.651,47.227,47.431,51.758,62.294,74.664,80.866,74.469,63.625,55.294,49.162
44.962,44.135,44.194,44.747,45.391,51.649,64.940,75.302,80.298,73.934,66.328,62.253,57.528,51.721,48.390,48.653,52.590,63.494,76.745,82.135,76.816,64.871,56.933,50.842
47.185,46.517,46.823,47.514,47.771,54.360,67.765,78.669,83.755,77.121,69.428,64.951,60.425,53.844,50.479,50.787,54.661,66.165,80.484,85.565,80.469,67.369,59.311,53.175
