4.536,2.042,0.823,-0.333,1.072,8.687,22.660,31.543,34.604,31.876,22.988,15.342,8.423,3.905,4.584,9.363,15.645,23.481,34.708,38.315,33.004,26.527,20.783,11.513
10.666,8.903,7.663,7.375,8.292,14.425,26.789,34.316,36.629,33.420,26.946,19.439,13.789,10.076,11.646,15.380,21.253,28.742,37.192,39.821,35.447,30.311,25.396,16.960
13.937,12.134,10.727,10.867,11.337,16.118,27.415,34.465,36.809,33.959,27.049,20.263,15.711,12.461,13.239,17.105,22.520,30.471,38.376,40.598,36.544,32.272,27.953,19.499
16.240,14.453,13.101,13.226,13.724,18.086,28.606,35.555,37.500,34.244,27.952,22.155,17.965,14.784,14.873,19.038,24.319,31.871,38.912,41.465,37.518,33.586,29.121,21.344
17.712,16.045,14.719,14.952,15.330,19.339,29.345,35.846,37.679,34.334,28.728,23.021,19.146,16.207,16.445,20.276,25.260,32.606,39.298,41.506,37.851,34.203,30.122,22.568
18.439,16.798,15.501,15.731,16.091,19.918,29.575,35.915,37.684,34.335,28.916,23.495,19.784,16.928,17.021,20.826,25.661,32.816,39.320,41.541,37.912,34.406,30.417,23.104
19.264,17.603,16.329,16.514,16.842,20.582,30.038,36.206,37.965,34.746,29.428,24.079,20.453,17.684,17.736,21.430,26.064,33.108,39.764,41.839,38.318,34.852,31.072,23.812
19.899,18.229,16.992,17.117,17.482,21.164,30.389,36.520,38.234,34.981,29.733,24.694,21.126,18.363,18.208,21.977,26.539,33.387,39.877,42.067,38.569,35.154,31.336,24.313
20.321,18.669,17.463,17.555,17.942,21.605,30.684,36.749,38.438,35.232,30.038,25.131,21.588,18.844,18.652,22.396,26.898,33.592,39.972,42.184,38.724,35.338,31.532,24.666
20.725,19.076,17.876,17.972,18.325,21.901,30.849,36.804,38.478,35.248,30.215,25.347,21.882,19.199,18.995,22.671,27.067,33.719,40.114,42.253,38.847,35.515,31.833,24.996
20.977,19.323,18.122,18.226,18.610,22.120,30.973,37.024,38.625,35.261,30.217,25.614,22.199,19.475,19.047,22.908,27.382,34.000,40.130,42.430,38.996,35.726,31.869,25.180
21.246,19.601,18.401,18.524,18.886,22.306,31.043,37.035,38.643,35.295,30.262,25.737,22.399,19.714,19.240,23.090,27.515,34.108,40.142,42.433,39.035,35.831,32.021,25.383
21.505,19.847,18.633,18.782,19.133,22.470,31.149,37.181,38.739,35.322,30.288,25.889,22.615,19.927,19.316,23.265,27.715,34.348,40.265,42.622,39.215,36.067,32.203,25.594
21.797,20.133,18.918,19.068,19.399,22.693,31.322,37.302,38.858,35.394,30.470,26.073,22.836,20.179,19.562,23.476,27.869,34.500,40.475,42.776,39.392,36.265,32.473,25.854
22.062,20.411,19.200,19.359,19.665,22.909,31.463,37.357,38.904,35.498,30.634,26.223,23.032,20.421,19.843,23.682,28.005,34.608,40.601,42.820,39.480,36.387,32.690,26.082
22.263,20.609,19.411,19.548,19.868,23.114,31.619,37.505,39.046,35.645,30.787,26.446,23.257,20.643,20.023,23.875,28.181,34.725,40.692,42.940,39.603,36.512,32.805,26.256
22.479,20.832,19.639,19.779,20.085,23.284,31.713,37.538,39.067,35.694,30.887,26.572,23.424,20.843,20.223,24.036,28.288,34.800,40.745,42.963,39.657,36.599,32.951,26.432
22.571,20.939,19.753,19.896,20.217,23.412,31.806,37.646,39.157,35.753,30.958,26.711,23.569,20.977,20.329,24.172,28.452,34.921,40.757,43.005,39.701,36.661,32.957,26.510
22.730,21.108,19.916,20.080,20.379,23.536,31.907,37.701,39.208,35.827,31.067,26.785,23.674,21.111,20.500,24.298,28.548,35.033,40.867,43.068,39.788,36.772,33.125,26.657
22.850,21.228,20.035,20.205,20.508,23.649,32.006,37.823,39.318,35.893,31.139,26.905,23.806,21.234,20.581,24.417,28.689,35.176,40.944,43.184,39.897,36.897,33.212,26.767
22.940,21.315,20.129,20.284,20.607,23.764,32.109,37.955,39.444,35.992,31.226,27.056,23.944,21.352,20.652,24.531,28.823,35.276,40.989,43.289,39.989,36.983,33.245,26.850
23.100,21.496,20.314,20.477,20.787,23.949,32.291,38.072,39.569,36.202,31.455,27.197,24.084,21.521,20.928,24.714,28.969,35.405,41.156,43.372,40.104,37.097,33.434,27.021
23.207,21.602,20.419,20.585,20.915,24.085,32.439,38.287,39.771,36.325,31.560,27.374,24.252,21.655,20.996,24.863,29.181,35.618,41.255,43.564,40.269,37.266,33.504,27.131
23.392,21.791,20.613,20.773,21.084,24.244,32.569,38.341,39.835,36.475,31.735,27.491,24.381,21.821,21.225,25.006,29.254,35.671,41.410,43.627,40.364,37.361,33.700,27.305
23.537,21.938,20.756,20.930,21.225,24.353,32.658,38.405,39.895,36.538,31.823,27.568,24.484,21.942,21.355,25.117,29.345,35.779,41.522,43.706,40.457,37.474,33.847,27.438
23.703,22.096,20.916,21.080,21.371,24.481,32.751,38.476,39.965,36.617,31.917,27.687,24.620,22.089,21.477,25.233,29.430,35.849,41.626,43.797,40.555,37.579,33.982,27.580
23.816,22.216,21.036,21.209,21.491,24.588,32.845,38.545,40.032,36.702,32.019,27.770,24.715,22.198,21.612,25.341,29.524,35.942,41.715,43.857,40.629,37.664,34.093,27.689
23.924,22.330,21.160,21.319,21.618,24.731,32.964,38.671,40.152,36.822,32.136,27.936,24.870,22.343,21.738,25.481,29.670,36.038,41.756,43.936,40.708,37.739,34.136,27.788
24.046,22.457,21.290,21.447,21.750,24.881,33.129,38.833,40.319,37.009,32.314,28.089,25.009,22.480,21.904,25.632,29.824,36.186,41.909,44.082,40.854,37.876,34.274,27.923
24.178,22.606,21.443,21.611,21.910,25.008,33.204,38.878,40.347,37.039,32.382,28.188,25.137,22.623,22.051,25.763,29.943,36.275,41.917,44.084,40.878,37.930,34.338,28.031
24.308,22.730,21.568,21.727,22.021,25.133,33.342,38.997,40.479,37.209,32.545,28.310,25.249,22.742,22.198,25.879,30.036,36.369,42.092,44.224,41.021,38.057,34.503,28.168
24.401,22.820,21.658,21.816,22.116,25.223,33.420,39.095,40.570,37.269,32.603,28.412,25.355,22.840,22.256,25.970,30.141,36.470,42.153,44.319,41.108,38.151,34.565,28.252
24.487,22.905,21.739,21.907,22.202,25.285,33.470,39.150,40.617,37.287,32.635,28.466,25.427,22.913,22.305,26.037,30.213,36.556,42.207,44.383,41.172,38.231,34.637,28.327
24.627,23.045,21.890,22.037,22.346,25.445,33.606,39.281,40.747,37.434,32.778,28.645,25.595,23.078,22.455,26.188,30.353,36.647,42.292,44.486,41.277,38.327,34.726,28.457
24.739,23.159,22.007,22.153,22.457,25.540,33.672,39.321,40.784,37.487,32.850,28.723,25.688,23.184,22.563,26.278,30.419,36.699,42.347,44.522,41.325,38.386,34.811,28.553
24.807,23.239,22.090,22.240,22.546,25.639,33.772,39.412,40.875,37.595,32.960,28.818,25.776,23.273,22.685,26.381,30.527,36.791,42.411,44.580,41.390,38.451,34.875,28.629
24.893,23.330,22.182,22.336,22.648,25.734,33.856,39.507,40.961,37.646,33.029,28.917,25.880,23.371,22.766,26.481,30.643,36.898,42.460,44.654,41.463,38.534,34.930,28.709
24.991,23.427,22.279,22.432,22.747,25.819,33.914,39.549,40.982,37.659,33.064,29.005,25.980,23.469,22.825,26.565,30.728,36.972,42.495,44.715,41.523,38.605,34.984,28.790
25.121,23.553,22.403,22.563,22.862,25.882,33.922,39.572,41.016,37.690,33.069,29.035,26.054,23.565,22.886,26.623,30.752,36.998,42.519,44.716,41.540,38.655,35.071,28.884
25.291,23.711,22.563,22.713,23.002,26.000,34.003,39.600,41.034,37.716,33.152,29.138,26.177,23.706,23.005,26.727,30.811,37.048,42.632,44.800,41.635,38.755,35.219,29.029
25.381,23.809,22.663,22.819,23.102,26.080,34.052,39.623,41.048,37.738,33.204,29.196,26.253,23.795,23.104,26.806,30.873,37.096,42.657,44.807,41.657,38.794,35.279,29.105
25.479,23.914,22.765,22.937,23.207,26.147,34.086,39.631,41.051,37.744,33.230,29.231,26.318,23.878,23.188,26.876,30.929,37.156,42.685,44.813,41.679,38.844,35.352,29.184
25.577,24.009,22.865,23.027,23.303,26.239,34.151,39.696,41.108,37.791,33.288,29.331,26.423,23.982,23.261,26.963,31.009,37.211,42.722,44.869,41.736,38.904,35.404,29.265
25.678,24.118,22.977,23.142,23.419,26.349,34.241,39.775,41.182,37.869,33.378,29.434,26.532,24.095,23.369,27.074,31.118,37.300,42.774,44.922,41.797,38.975,35.474,29.359
25.724,24.162,23.016,23.192,23.476,26.393,34.286,39.868,41.261,37.875,33.381,29.495,26.601,24.145,23.380,27.130,31.217,37.418,42.803,45.014,41.872,39.063,35.495,29.401
25.825,24.267,23.123,23.298,23.581,26.494,34.374,39.940,41.332,37.960,33.475,29.587,26.698,24.248,23.483,27.229,31.305,37.494,42.877,45.076,41.942,39.138,35.583,29.496
25.914,24.360,23.221,23.393,23.687,26.599,34.459,40.040,41.421,38.028,33.545,29.707,26.819,24.359,23.565,27.337,31.429,37.592,42.906,45.144,42.007,39.210,35.619,29.575
26.007,24.453,23.316,23.485,23.787,26.693,34.533,40.128,41.501,38.080,33.601,29.813,26.930,24.463,23.630,27.432,31.534,37.680,42.944,45.218,42.077,39.287,35.666,29.656
26.120,24.556,23.422,23.575,23.881,26.795,34.627,40.219,41.597,38.188,33.703,29.926,27.038,24.570,23.720,27.523,31.608,37.741,43.051,45.325,42.181,39.381,35.771,29.762
26.182,24.620,23.488,23.639,23.950,26.866,34.691,40.287,41.662,38.248,33.763,30.003,27.113,24.642,23.785,27.595,31.685,37.806,43.090,45.378,42.233,39.435,35.812,29.821
26.278,24.715,23.580,23.740,24.046,26.941,34.753,40.353,41.720,38.282,33.809,30.070,27.196,24.728,23.847,27.673,31.767,37.899,43.157,45.453,42.308,39.525,35.895,29.907
26.338,24.778,23.647,23.803,24.125,27.020,34.816,40.443,41.799,38.323,33.848,30.172,27.297,24.813,23.889,27.757,31.877,37.985,43.158,45.511,42.358,39.581,35.896,29.957
26.458,24.894,23.772,23.906,24.246,27.164,34.947,40.586,41.942,38.468,33.979,30.348,27.456,24.958,24.005,27.893,32.014,38.080,43.242,45.632,42.471,39.681,35.970,30.071
26.570,24.994,23.874,23.997,24.335,27.246,35.012,40.649,42.006,38.528,34.042,30.434,27.549,25.054,24.069,27.967,32.069,38.131,43.329,45.719,42.557,39.766,36.067,30.169
26.656,25.081,23.965,24.081,24.419,27.328,35.076,40.692,42.050,38.594,34.115,30.510,27.628,25.141,24.162,28.042,32.124,38.168,43.382,45.758,42.604,39.813,36.135,30.246
26.769,25.191,24.071,24.192,24.526,27.433,35.197,40.819,42.179,38.718,34.235,30.612,27.731,25.243,24.269,28.150,32.236,38.301,43.532,45.901,42.744,39.952,36.277,30.366
26.908,25.339,24.228,24.337,24.673,27.601,35.355,40.941,42.309,38.909,34.428,30.774,27.879,25.402,24.478,28.309,32.367,38.393,43.658,45.993,42.851,40.047,36.408,30.508
27.018,25.451,24.342,24.449,24.780,27.713,35.470,41.031,42.406,39.043,34.564,30.874,27.976,25.510,24.621,28.417,32.455,38.477,43.784,46.084,42.951,40.141,36.537,30.622
27.076,25.514,24.403,24.518,24.851,27.781,35.541,41.117,42.486,39.101,34.623,30.943,28.047,25.575,24.681,28.492,32.550,38.578,43.839,46.157,43.021,40.218,36.589,30.683
27.187,25.625,24.514,24.632,24.959,27.874,35.621,41.181,42.549,39.169,34.704,31.022,28.139,25.676,24.784,28.584,32.629,38.658,43.925,46.228,43.099,40.304,36.695,30.786
27.268,25.714,24.601,24.731,25.045,27.948,35.689,41.224,42.592,39.232,34.782,31.069,28.197,25.749,24.891,28.659,32.691,38.727,44.002,46.269,43.153,40.368,36.790,30.867
27.375,25.830,24.715,24.853,25.160,28.076,35.845,41.359,42.737,39.418,34.964,31.181,28.298,25.858,25.068,28.790,32.816,38.864,44.175,46.397,43.290,40.496,36.950,30.995
27.461,25.930,24.823,24.956,25.269,28.200,35.958,41.449,42.827,39.545,35.097,31.299,28.407,25.973,25.223,28.912,32.930,38.943,44.233,46.442,43.348,40.551,37.014,31.084
27.610,26.072,24.962,25.099,25.407,28.320,36.067,41.563,42.936,39.632,35.191,31.416,28.538,26.105,25.325,29.032,33.048,39.072,44.359,46.575,43.479,40.692,37.153,31.221
27.730,26.196,25.085,25.227,25.521,28.419,36.156,41.617,42.993,39.722,35.298,31.486,28.620,26.208,25.462,29.128,33.115,39.146,44.475,46.641,43.561,40.780,37.293,31.338
27.793,26.263,25.155,25.294,25.599,28.509,36.248,41.724,43.097,39.815,35.384,31.592,28.716,26.293,25.539,29.221,33.226,39.241,44.527,46.722,43.636,40.853,37.334,31.404
27.924,26.402,25.298,25.438,25.735,28.637,36.352,41.787,43.161,39.922,35.509,31.695,28.829,26.424,25.707,29.344,33.317,39.311,44.617,46.771,43.704,40.927,37.453,31.527
28.067,26.546,25.443,25.583,25.874,28.774,36.484,41.898,43.276,40.061,35.655,31.817,28.954,26.560,25.866,29.476,33.431,39.424,44.761,46.886,43.828,41.050,37.607,31.669
28.172,26.656,25.552,25.695,26.002,28.918,36.650,42.109,43.481,40.222,35.797,31.992,29.113,26.694,25.976,29.633,33.636,39.629,44.884,47.070,43.994,41.213,37.699,31.787
28.315,26.796,25.687,25.836,26.138,29.044,36.780,42.244,43.615,40.343,35.921,32.112,29.240,26.822,26.096,29.760,33.766,39.780,45.042,47.224,44.146,41.370,37.858,31.930
28.461,26.953,25.844,26.006,26.289,29.183,36.913,42.326,43.702,40.482,36.082,32.208,29.348,26.957,26.301,29.898,33.873,39.891,45.190,47.302,44.248,41.480,38.033,32.078
28.582,27.077,25.965,26.139,26.425,29.299,37.016,42.454,43.815,40.545,36.153,32.327,29.483,27.082,26.386,30.024,34.027,40.051,45.265,47.417,44.358,41.609,38.118,32.189
28.713,27.211,26.105,26.267,26.565,29.458,37.173,42.613,43.976,40.718,36.318,32.502,29.643,27.236,26.544,30.181,34.185,40.181,45.385,47.551,44.490,41.731,38.229,32.322
28.846,27.342,26.229,26.407,26.693,29.546,37.237,42.677,44.029,40.734,36.357,32.569,29.741,27.343,26.616,30.273,34.276,40.296,45.469,47.637,44.580,41.848,38.346,32.437
29.015,27.506,26.395,26.564,26.849,29.712,37.410,42.841,44.199,40.926,36.543,32.738,29.903,27.507,26.790,30.433,34.423,40.440,45.659,47.812,44.755,42.012,38.529,32.609
29.210,27.700,26.581,26.762,27.023,29.877,37.598,42.992,44.365,41.136,36.760,32.866,30.038,27.665,27.010,30.595,34.553,40.611,45.934,48.007,44.964,42.217,38.808,32.817
29.385,27.875,26.761,26.934,27.202,30.055,37.754,43.148,44.516,41.283,36.910,33.052,30.226,27.851,27.174,30.770,34.725,40.758,46.056,48.148,45.105,42.361,38.941,32.980
29.543,28.045,26.934,27.110,27.387,30.258,37.968,43.369,44.735,41.508,37.129,33.262,30.422,28.039,27.388,30.979,34.954,40.972,46.223,48.328,45.285,42.537,39.093,33.151
29.641,28.137,27.030,27.197,27.495,30.365,38.054,43.505,44.856,41.560,37.174,33.409,30.568,28.159,27.421,31.090,35.102,41.096,46.248,48.443,45.380,42.639,39.114,33.232
29.763,28.267,27.163,27.328,27.649,30.541,38.241,43.741,45.082,41.742,37.336,33.623,30.763,28.325,27.555,31.277,35.341,41.316,46.361,48.631,45.551,42.806,39.197,33.363
29.961,28.471,27.379,27.525,27.850,30.764,38.449,43.907,45.258,41.988,37.583,33.842,30.967,28.542,27.821,31.487,35.513,41.442,46.538,48.770,45.705,42.946,39.383,33.561
30.193,28.695,27.604,27.740,28.056,30.986,38.687,44.115,45.483,42.268,37.856,34.054,31.168,28.756,28.078,31.697,35.687,41.620,46.829,49.007,45.949,43.170,39.665,33.802
30.374,28.862,27.773,27.893,28.207,31.130,38.811,44.228,45.599,42.392,37.982,34.203,31.324,28.917,28.206,31.829,35.789,41.714,46.981,49.151,46.094,43.311,39.829,33.966
30.529,29.030,27.946,28.069,28.381,31.314,38.995,44.385,45.760,42.594,38.190,34.372,31.486,29.090,28.434,32.013,35.963,41.870,47.138,49.278,46.234,43.449,39.992,34.129
30.671,29.167,28.083,28.202,28.517,31.440,39.105,44.505,45.875,42.685,38.285,34.505,31.628,29.227,28.534,32.138,36.090,41.993,47.242,49.404,46.356,43.577,40.105,34.259
30.884,29.388,28.298,28.436,28.741,31.652,39.330,44.721,46.090,42.903,38.512,34.694,31.825,29.432,28.773,32.358,36.316,42.245,47.483,49.620,46.579,43.810,40.350,34.480
31.164,29.679,28.601,28.723,29.024,31.961,39.630,44.957,46.340,43.255,38.869,34.983,32.099,29.729,29.157,32.653,36.559,42.443,47.762,49.827,46.811,44.024,40.641,34.767
31.315,29.839,28.762,28.893,29.222,32.156,39.813,45.219,46.575,43.382,38.988,35.222,32.337,29.928,29.266,32.868,36.856,42.722,47.837,50.030,46.989,44.221,40.702,34.911
31.502,30.042,28.960,29.111,29.441,32.388,40.082,45.503,46.858,43.659,39.257,35.450,32.552,30.136,29.520,33.116,37.141,43.027,48.088,50.284,47.240,44.472,40.928,35.125
31.833,30.352,29.271,29.402,29.748,32.700,40.388,45.856,47.208,43.954,39.532,35.806,32.903,30.463,29.754,33.422,37.464,43.344,48.398,50.663,47.594,44.818,41.220,35.442
32.082,30.600,29.516,29.650,30.004,32.969,40.685,46.186,47.538,44.256,39.816,36.095,33.179,30.722,30.001,33.699,37.773,43.668,48.694,50.991,47.908,45.124,41.486,35.705
32.439,30.947,29.883,29.973,30.329,33.311,40.974,46.404,47.771,44.589,40.159,36.434,33.511,31.080,30.379,34.008,37.994,43.813,48.969,51.208,48.149,45.345,41.795,36.036
32.777,31.313,30.237,30.371,30.701,33.680,41.396,46.793,48.167,45.027,40.608,36.745,33.824,31.413,30.847,34.397,38.396,44.271,49.425,51.581,48.541,45.747,42.243,36.415
33.357,31.928,30.845,31.023,31.292,34.243,41.975,47.221,48.617,45.646,41.283,37.174,34.280,31.950,31.624,34.960,38.867,44.786,50.095,52.016,49.046,46.266,42.972,37.023
33.968,32.504,31.418,31.571,31.799,34.718,42.421,47.565,48.991,46.130,41.791,37.595,34.730,32.457,32.162,35.396,39.166,45.109,50.726,52.492,49.553,46.759,43.655,37.606
34.731,33.222,32.144,32.235,32.462,35.435,43.165,48.278,49.747,46.983,42.598,38.344,35.439,33.174,32.882,36.068,39.751,45.684,51.610,53.309,50.361,47.499,44.496,38.374
35.703,34.186,33.059,33.230,33.357,36.272,44.140,49.170,50.683,48.002,43.635,39.037,36.172,33.978,33.894,36.920,40.546,46.721,52.972,54.404,51.483,48.626,45.844,39.415
36.710,35.186,34.047,34.229,34.308,37.233,45.175,50.116,51.671,49.126,44.756,39.927,37.055,34.911,34.992,37.868,41.414,47.670,54.206,55.447,52.553,49.665,47.062,40.465
38.376,36.898,35.660,36.049,35.993,38.884,47.205,52.152,53.759,51.225,46.831,41.380,38.512,36.414,36.922,39.619,43.289,50.014,56.740,57.674,54.783,51.903,49.442,42.350
