-0.413,-1.702,-0.633,-1.489,-3.241,-1.771,7.645,13.132,12.703,3.761,-3.187,-9.499,-16.562,-22.673,-26.935,-27.006,-25.611,-15.903,-5.666,0.807,4.114,3.213,1.340,-1.261
6.115,4.870,5.162,4.508,3.031,4.950,12.664,18.210,17.797,8.711,3.049,-1.902,-6.056,-11.903,-16.262,-16.877,-16.341,-7.935,1.552,9.152,12.411,8.638,7.012,4.725
8.704,7.576,7.627,7.134,5.745,7.675,14.746,20.125,19.719,10.897,5.598,1.102,-2.296,-7.930,-12.122,-12.810,-12.459,-4.705,4.383,11.888,15.203,10.992,9.506,7.246
10.183,9.167,9.224,8.808,7.527,9.342,16.258,21.449,20.954,12.582,7.238,2.690,-0.948,-6.475,-10.508,-10.992,-10.263,-2.672,6.220,13.236,16.484,12.723,11.271,8.959
11.490,10.557,10.506,10.170,9.027,10.836,17.424,22.518,21.934,13.855,8.630,4.191,0.751,-4.698,-8.663,-9.051,-8.091,-0.739,7.946,14.797,17.973,14.106,12.698,10.384
12.553,11.621,11.586,11.242,10.083,11.853,18.326,23.311,22.780,14.815,9.726,5.416,2.086,-3.229,-7.104,-7.534,-6.723,0.460,8.957,15.701,18.828,15.034,13.660,11.414
13.408,12.481,12.459,12.093,11.011,12.772,19.162,24.093,23.516,15.718,10.688,6.367,3.009,-2.261,-6.124,-6.487,-5.509,1.668,10.050,16.705,19.693,15.939,14.557,12.361
14.119,13.189,13.203,12.818,11.741,13.467,19.820,24.677,24.115,16.427,11.455,7.165,3.782,-1.410,-5.220,-5.575,-4.611,2.513,10.780,17.328,20.246,16.616,15.242,13.092
14.613,13.684,13.653,13.279,12.207,13.954,20.191,25.037,24.493,16.798,11.926,7.746,4.565,-0.589,-4.390,-4.795,-3.934,3.080,11.277,17.885,20.804,17.008,15.656,13.535
15.160,14.218,14.257,13.842,12.775,14.482,20.755,25.537,25.000,17.412,12.554,8.338,5.015,-0.081,-3.845,-4.217,-3.310,3.734,11.851,18.337,21.160,17.570,16.207,14.132
15.544,14.630,14.669,14.270,13.247,14.928,21.152,25.887,25.315,17.860,12.995,8.758,5.370,0.299,-3.433,-3.740,-2.699,4.315,12.375,18.737,21.520,18.032,16.674,14.592
15.894,14.995,15.025,14.640,13.639,15.311,21.499,26.214,25.624,18.227,13.364,9.126,5.731,0.669,-3.047,-3.327,-2.228,4.759,12.793,19.105,21.877,18.415,17.061,14.972
16.203,15.282,15.353,14.933,13.916,15.577,21.799,26.495,25.928,18.536,13.696,9.458,6.025,0.993,-2.715,-3.011,-1.958,5.052,13.054,19.354,22.083,18.684,17.323,15.272
16.546,15.614,15.710,15.272,14.244,15.890,22.105,26.767,26.221,18.861,14.060,9.846,6.412,1.424,-2.261,-2.570,-1.566,5.422,13.366,19.633,22.327,18.982,17.625,15.606
16.877,15.945,16.046,15.600,14.590,16.229,22.406,27.039,26.489,19.185,14.423,10.227,6.806,1.849,-1.821,-2.121,-1.099,5.863,13.750,19.984,22.633,19.302,17.947,15.953
17.236,16.303,16.423,15.966,14.960,16.580,22.729,27.317,26.777,19.540,14.817,10.643,7.215,2.306,-1.333,-1.629,-0.617,6.310,14.125,20.297,22.903,19.638,18.289,16.324
17.500,16.581,16.704,16.251,15.278,16.885,23.001,27.561,26.996,19.846,15.124,10.934,7.465,2.571,-1.052,-1.305,-0.198,6.719,14.494,20.594,23.160,19.952,18.602,16.640
17.770,16.853,16.995,16.533,15.575,17.167,23.283,27.816,27.241,20.152,15.431,11.222,7.697,2.823,-0.786,-1.012,0.148,7.071,14.813,20.854,23.381,20.249,18.896,16.945
17.930,17.021,17.151,16.694,15.762,17.357,23.430,27.955,27.361,20.315,15.611,11.409,7.906,3.037,-0.570,-0.779,0.432,7.338,15.053,21.080,23.583,20.426,19.074,17.128
18.163,17.257,17.392,16.930,16.019,17.607,23.652,28.154,27.549,20.559,15.875,11.675,8.163,3.314,-0.283,-0.472,0.781,7.675,15.348,21.337,23.801,20.670,19.319,17.387
18.435,17.536,17.685,17.220,16.328,17.901,23.942,28.420,27.800,20.875,16.184,11.961,8.389,3.553,-0.030,-0.185,1.136,8.037,15.683,21.609,24.039,20.982,19.628,17.699
18.656,17.749,17.916,17.438,16.541,18.106,24.157,28.621,28.010,21.098,16.419,12.196,8.606,3.787,0.211,0.052,1.359,8.264,15.890,21.800,24.209,21.188,19.832,17.920
18.800,17.883,18.048,17.561,16.661,18.236,24.280,28.751,28.147,21.214,16.557,12.352,8.801,3.985,0.400,0.224,1.499,8.403,16.022,21.969,24.368,21.300,19.943,18.046
18.960,18.054,18.234,17.751,16.858,18.411,24.461,28.906,28.294,21.419,16.743,12.515,8.894,4.092,0.529,0.383,1.707,8.609,16.210,22.080,24.467,21.500,20.143,18.240
19.199,18.285,18.486,17.989,17.090,18.631,24.681,29.099,28.501,21.653,17.001,12.784,9.148,4.376,0.831,0.680,1.980,8.871,16.432,22.271,24.631,21.714,20.358,18.478
19.375,18.477,18.666,18.186,17.292,18.822,24.841,29.241,28.640,21.826,17.178,12.976,9.351,4.593,1.070,0.926,2.234,9.083,16.623,22.420,24.793,21.898,20.553,18.662
19.501,18.621,18.801,18.339,17.461,18.984,24.990,29.383,28.763,21.988,17.313,13.091,9.432,4.667,1.152,1.041,2.416,9.257,16.801,22.553,24.936,22.077,20.734,18.820
19.645,18.762,18.937,18.475,17.587,19.113,25.107,29.499,28.892,22.099,17.444,13.248,9.633,4.877,1.365,1.232,2.559,9.378,16.912,22.683,25.075,22.187,20.849,18.942
19.779,18.906,19.077,18.625,17.744,19.264,25.253,29.640,29.023,22.252,17.583,13.377,9.741,4.983,1.478,1.362,2.721,9.534,17.070,22.813,25.211,22.348,21.012,19.093
19.895,19.019,19.192,18.732,17.866,19.390,25.371,29.758,29.131,22.376,17.714,13.502,9.864,5.105,1.593,1.486,2.876,9.701,17.228,22.975,25.347,22.472,21.131,19.222
20.028,19.147,19.308,18.845,17.986,19.523,25.481,29.875,29.248,22.480,17.845,13.653,10.068,5.309,1.785,1.666,3.043,9.861,17.378,23.163,25.525,22.582,21.241,19.344
20.202,19.309,19.477,19.000,18.137,19.677,25.618,30.003,29.388,22.621,18.025,13.861,10.315,5.577,2.056,1.918,3.251,10.055,17.539,23.340,25.677,22.710,21.372,19.501
20.373,19.471,19.657,19.164,18.299,19.833,25.779,30.149,29.542,22.793,18.216,14.054,10.494,5.777,2.262,2.121,3.443,10.252,17.708,23.496,25.800,22.864,21.522,19.674
20.551,19.663,19.841,19.365,18.498,20.021,25.945,30.297,29.692,22.968,18.390,14.242,10.686,5.982,2.489,2.353,3.673,10.441,17.882,23.629,25.954,23.048,21.716,19.856
20.658,19.762,19.940,19.455,18.589,20.119,26.039,30.397,29.795,23.057,18.495,14.357,10.828,6.112,2.540,2.460,3.777,10.549,17.986,23.760,26.075,23.134,21.801,19.952
20.739,19.853,19.994,19.527,18.691,20.244,26.142,30.502,29.892,23.147,18.565,14.411,10.915,6.124,2.623,2.476,3.884,10.676,18.127,23.906,26.220,23.251,21.920,20.050
20.768,19.877,20.043,19.565,18.709,20.248,26.143,30.539,29.903,23.163,18.605,14.446,10.918,6.169,2.633,2.506,3.933,10.694,18.156,23.983,26.310,23.262,21.924,20.067
20.817,19.943,20.064,19.607,18.813,20.388,26.286,30.680,30.031,23.285,18.656,14.474,10.966,6.259,2.756,2.614,3.980,10.828,18.342,24.114,26.397,23.432,22.080,20.178
20.900,20.011,20.180,19.696,18.867,20.406,26.312,30.717,30.043,23.340,18.764,14.594,11.041,6.316,2.796,2.687,4.095,10.898,18.361,24.207,26.527,23.435,22.092,20.237
21.171,20.307,20.431,19.979,19.188,20.738,26.559,30.925,30.255,23.600,19.038,14.891,11.407,6.677,3.159,3.075,4.555,11.305,18.729,24.490,26.780,23.739,22.407,20.535
21.268,20.409,20.517,20.072,19.293,20.851,26.646,31.015,30.336,23.687,19.135,14.997,11.546,6.813,3.290,3.208,4.705,11.442,18.862,24.635,26.922,23.839,22.509,20.635
21.342,20.487,20.586,20.145,19.376,20.940,26.728,31.106,30.417,23.767,19.209,15.065,11.621,6.875,3.344,3.270,4.792,11.535,18.965,24.749,27.037,23.929,22.598,20.717
21.470,20.633,20.717,20.295,19.541,21.098,26.851,31.215,30.513,23.903,19.342,15.204,11.765,7.025,3.509,3.454,5.015,11.723,19.138,24.882,27.180,24.084,22.761,20.865
21.564,20.736,20.806,20.397,19.643,21.202,26.945,31.314,30.609,23.995,19.425,15.290,11.864,7.116,3.602,3.548,5.113,11.808,19.233,24.977,27.296,24.187,22.868,20.958
21.662,20.836,20.897,20.496,19.737,21.299,27.038,31.413,30.711,24.081,19.508,15.381,11.974,7.221,3.705,3.645,5.195,11.880,19.316,25.071,27.409,24.280,22.963,21.046
21.759,20.927,20.989,20.581,19.822,21.390,27.120,31.496,30.797,24.161,19.607,15.492,12.109,7.362,3.842,3.773,5.305,11.988,19.413,25.186,27.513,24.357,23.041,21.135
21.873,21.042,21.093,20.689,19.928,21.499,27.205,31.578,30.885,24.245,19.712,15.624,12.287,7.549,4.033,3.950,5.452,12.107,19.517,25.303,27.635,24.445,23.135,21.234
21.982,21.165,21.200,20.815,20.057,21.624,27.299,31.663,30.967,24.345,19.814,15.742,12.430,7.697,4.196,4.117,5.621,12.237,19.637,25.400,27.753,24.561,23.260,21.346
22.098,21.292,21.320,20.942,20.206,21.770,27.426,31.782,31.067,24.486,19.948,15.864,12.534,7.800,4.302,4.250,5.817,12.429,19.819,25.552,27.892,24.713,23.412,21.491
22.244,21.449,21.489,21.115,20.389,21.934,27.585,31.913,31.190,24.668,20.120,16.021,12.638,7.920,4.444,4.419,6.033,12.635,20.000,25.662,27.988,24.893,23.594,21.670
22.365,21.560,21.614,21.225,20.502,22.048,27.719,32.050,31.325,24.803,20.255,16.140,12.731,8.011,4.526,4.504,6.132,12.765,20.131,25.800,28.100,25.016,23.709,21.797
22.502,21.694,21.759,21.364,20.635,22.174,27.852,32.174,31.457,24.941,20.397,16.283,12.859,8.151,4.674,4.649,6.262,12.894,20.249,25.903,28.197,25.144,23.837,21.932
22.595,21.792,21.856,21.463,20.742,22.278,27.943,32.255,31.532,25.041,20.500,16.387,12.959,8.257,4.786,4.771,6.405,13.028,20.369,26.003,28.288,25.247,23.942,22.037
22.689,21.892,21.954,21.567,20.851,22.383,28.042,32.350,31.621,25.146,20.598,16.479,13.040,8.338,4.873,4.868,6.523,13.140,20.479,26.094,28.381,25.357,24.053,22.142
22.868,22.066,22.144,21.749,21.020,22.539,28.203,32.489,31.777,25.317,20.785,16.679,13.230,8.555,5.107,5.093,6.709,13.311,20.621,26.209,28.485,25.509,24.208,22.313
22.955,22.159,22.230,21.842,21.120,22.638,28.286,32.568,31.850,25.405,20.874,16.772,13.330,8.656,5.213,5.205,6.837,13.427,20.730,26.307,28.585,25.605,24.307,22.407
23.129,22.327,22.424,22.023,21.295,22.797,28.466,32.727,32.018,25.598,21.068,16.955,13.463,8.809,5.380,5.377,7.006,13.605,20.887,26.424,28.679,25.777,24.476,22.590
23.251,22.446,22.549,22.141,21.416,22.915,28.577,32.828,32.121,25.716,21.201,17.094,13.603,8.961,5.536,5.533,7.160,13.755,21.017,26.545,28.783,25.890,24.589,22.714
23.360,22.549,22.665,22.243,21.529,23.031,28.719,32.979,32.260,25.859,21.328,17.188,13.652,8.996,5.555,5.569,7.243,13.884,21.161,26.694,28.906,26.026,24.714,22.843
23.454,22.645,22.751,22.336,21.620,23.128,28.809,33.076,32.356,25.942,21.412,17.278,13.763,9.101,5.657,5.666,7.332,13.965,21.250,26.798,29.023,26.117,24.806,22.930
23.556,22.743,22.853,22.434,21.715,23.222,28.908,33.175,32.459,26.040,21.512,17.381,13.867,9.207,5.763,5.767,7.420,14.056,21.339,26.892,29.115,26.210,24.899,23.027
23.705,22.890,23.014,22.587,21.865,23.363,29.055,33.307,32.597,26.197,21.675,17.542,14.003,9.359,5.926,5.932,7.582,14.217,21.482,27.008,29.216,26.355,25.043,23.181
23.818,23.005,23.113,22.695,21.966,23.471,29.147,33.408,32.705,26.279,21.766,17.655,14.167,9.519,6.084,6.073,7.686,14.299,21.571,27.124,29.356,26.446,25.140,23.273
23.948,23.130,23.240,22.820,22.084,23.590,29.269,33.531,32.835,26.397,21.890,17.788,14.310,9.665,6.230,6.208,7.796,14.407,21.678,27.242,29.477,26.560,25.255,23.391
24.068,23.242,23.352,22.922,22.193,23.712,29.403,33.684,32.980,26.522,22.012,17.895,14.417,9.755,6.298,6.277,7.884,14.528,21.818,27.419,29.640,26.685,25.371,23.513
24.234,23.413,23.519,23.094,22.362,23.875,29.545,33.811,33.115,26.670,22.177,18.083,14.630,9.985,6.542,6.515,8.097,14.708,21.974,27.560,29.786,26.834,25.528,23.672
24.362,23.540,23.623,23.207,22.470,23.999,29.635,33.914,33.224,26.747,22.280,18.223,14.855,10.208,6.759,6.707,8.242,14.820,22.086,27.719,29.964,26.924,25.626,23.771
24.482,23.653,23.745,23.318,22.582,24.112,29.770,34.056,33.366,26.879,22.405,18.334,14.943,10.290,6.831,6.780,8.321,14.928,22.204,27.850,30.083,27.048,25.742,23.893
24.655,23.824,23.927,23.494,22.760,24.282,29.932,34.199,33.511,27.054,22.595,18.529,15.128,10.494,7.047,7.000,8.543,15.140,22.387,28.004,30.217,27.215,25.910,24.074
24.821,23.993,24.095,23.666,22.928,24.445,30.090,34.349,33.666,27.215,22.758,18.699,15.301,10.675,7.237,7.187,8.718,15.300,22.539,28.143,30.362,27.375,26.074,24.236
24.919,24.096,24.189,23.766,23.038,24.559,30.196,34.462,33.768,27.320,22.857,18.792,15.397,10.761,7.317,7.276,8.835,15.420,22.667,28.275,30.497,27.491,26.189,24.344
25.040,24.227,24.308,23.896,23.176,24.698,30.314,34.577,33.875,27.443,22.978,18.917,15.534,10.896,7.457,7.425,9.004,15.571,22.815,28.410,30.639,27.625,26.328,24.474
25.188,24.393,24.453,24.063,23.355,24.873,30.448,34.700,33.989,27.586,23.123,19.077,15.720,11.088,7.662,7.642,9.244,15.769,22.999,28.567,30.813,27.790,26.503,24.633
25.350,24.543,24.623,24.215,23.503,25.018,30.614,34.861,34.155,27.756,23.300,19.245,15.862,11.238,7.811,7.788,9.382,15.930,23.150,28.717,30.936,27.941,26.647,24.795
25.482,24.683,24.757,24.357,23.656,25.168,30.749,34.990,34.274,27.899,23.440,19.382,15.992,11.369,7.947,7.938,9.566,16.106,23.318,28.864,31.079,28.093,26.801,24.943
25.633,24.831,24.927,24.517,23.817,25.319,30.935,35.173,34.452,28.092,23.608,19.515,16.054,11.427,8.005,8.014,9.678,16.253,23.475,28.992,31.194,28.274,26.974,25.115
25.797,24.988,25.107,24.679,23.987,25.481,31.114,35.338,34.613,28.285,23.802,19.688,16.175,11.559,8.139,8.164,9.860,16.461,23.664,29.153,31.314,28.450,27.143,25.300
25.960,25.166,25.276,24.865,24.181,25.668,31.289,35.506,34.770,28.469,23.967,19.844,16.314,11.694,8.284,8.329,10.063,16.649,23.855,29.309,31.485,28.647,27.344,25.482
26.151,25.352,25.471,25.055,24.353,25.832,31.457,35.661,34.946,28.637,24.151,20.049,16.530,11.930,8.535,8.559,10.235,16.801,23.990,29.437,31.619,28.802,27.503,25.652
26.345,25.543,25.674,25.252,24.540,26.008,31.625,35.806,35.106,28.817,24.353,20.271,16.754,12.183,8.807,8.822,10.459,17.002,24.155,29.574,31.745,28.967,27.673,25.838
26.528,25.717,25.840,25.413,24.695,26.173,31.759,35.940,35.254,28.945,24.526,20.487,17.049,12.493,9.116,9.101,10.676,17.188,24.316,29.776,31.940,29.094,27.806,25.991
26.648,25.838,25.961,25.535,24.820,26.297,31.886,36.066,35.377,29.073,24.649,20.603,17.155,12.597,9.220,9.210,10.799,17.316,24.446,29.901,32.063,29.223,27.934,26.117
26.852,26.044,26.190,25.758,25.035,26.491,32.099,36.255,35.573,29.303,24.870,20.812,17.306,12.768,9.413,9.413,11.002,17.518,24.629,30.025,32.179,29.435,28.147,26.333
27.045,26.259,26.393,25.982,25.283,26.731,32.328,36.479,35.769,29.545,25.076,20.988,17.435,12.883,9.533,9.575,11.259,17.775,24.897,30.241,32.404,29.699,28.412,26.570
27.281,26.483,26.624,26.205,25.484,26.935,32.547,36.702,36.013,29.751,25.296,21.225,17.696,13.149,9.798,9.812,11.428,17.942,25.067,30.442,32.614,29.893,28.606,26.775
27.513,26.719,26.864,26.448,25.723,27.163,32.766,36.904,36.221,29.981,25.531,21.470,17.935,13.406,10.073,10.087,11.692,18.183,25.287,30.629,32.803,30.119,28.838,27.007
27.706,26.933,27.052,26.663,25.944,27.381,32.948,37.080,36.390,30.167,25.711,21.666,18.160,13.631,10.312,10.334,11.950,18.396,25.498,30.816,33.022,30.328,29.059,27.205
28.029,27.287,27.385,27.030,26.323,27.738,33.232,37.320,36.625,30.483,26.042,22.031,18.550,14.056,10.784,10.825,12.461,18.814,25.860,31.086,33.312,30.666,29.419,27.549
28.315,27.572,27.669,27.311,26.605,28.017,33.486,37.558,36.870,30.746,26.334,22.349,18.900,14.428,11.167,11.199,12.810,19.134,26.146,31.366,33.578,30.925,29.682,27.828
28.515,27.786,27.867,27.530,26.826,28.242,33.721,37.812,37.110,30.970,26.515,22.508,19.040,14.537,11.269,11.316,12.965,19.298,26.356,31.575,33.828,31.170,29.928,28.038
28.810,28.062,28.180,27.810,27.106,28.513,34.021,38.096,37.402,31.283,26.846,22.822,19.304,14.821,11.553,11.603,13.252,19.622,26.651,31.855,34.050,31.450,30.197,28.342
29.107,28.330,28.483,28.077,27.363,28.772,34.328,38.408,37.726,31.585,27.159,23.118,19.564,15.086,11.802,11.838,13.464,19.890,26.918,32.151,34.303,31.720,30.452,28.630
29.416,28.709,28.785,28.473,27.769,29.170,34.667,38.757,38.042,31.920,27.410,23.368,19.833,15.312,12.057,12.134,13.837,20.172,27.262,32.426,34.719,32.134,30.896,28.965
29.775,29.075,29.133,28.829,28.134,29.535,34.966,39.033,38.323,32.233,27.772,23.782,20.326,15.837,12.600,12.666,14.340,20.608,27.644,32.798,35.082,32.457,31.231,29.315
30.128,29.425,29.419,29.129,28.462,29.920,35.281,39.408,38.674,32.512,28.088,24.138,20.854,16.318,13.025,13.067,14.743,21.003,28.074,33.377,35.675,32.784,31.558,29.639
30.557,29.873,29.850,29.591,28.905,30.360,35.770,39.929,39.191,32.974,28.470,24.484,21.153,16.569,13.270,13.319,15.007,21.286,28.444,33.750,36.136,33.266,32.043,30.064
31.063,30.397,30.309,30.081,29.445,30.948,36.314,40.540,39.743,33.491,28.955,24.945,21.685,17.022,13.662,13.742,15.557,21.866,29.101,34.502,36.912,33.849,32.618,30.597
31.809,31.137,31.005,30.782,30.161,31.706,37.020,41.289,40.483,34.170,29.672,25.701,22.580,17.891,14.491,14.543,16.333,22.630,29.883,35.403,37.819,34.557,33.327,31.311
33.313,32.702,32.375,32.289,31.677,33.344,38.700,43.229,42.334,35.674,30.942,26.890,23.929,18.943,15.380,15.432,17.336,23.727,31.398,37.254,39.998,36.242,35.009,32.763
