15.124,13.247,10.396,8.586,7.594,11.188,26.544,38.065,41.108,35.216,32.268,31.342,28.916,29.360,31.994,37.807,40.147,49.791,45.621,47.714,45.006,39.195,26.146,23.112
19.455,17.267,14.771,12.176,12.331,16.403,30.527,42.035,45.193,40.607,37.242,35.565,33.000,33.405,36.068,40.763,43.119,52.224,49.382,49.243,45.056,40.903,32.439,29.722
21.802,19.521,17.292,14.680,15.241,18.895,32.314,44.446,47.546,43.254,40.016,38.279,36.038,36.466,38.879,42.621,44.751,53.495,51.642,49.481,45.098,40.925,35.508,32.184
23.399,21.044,18.919,16.214,17.020,20.653,33.630,45.822,48.911,44.923,41.660,39.811,37.617,38.048,40.390,43.696,45.804,54.320,52.906,49.987,45.408,41.441,37.489,34.105
24.717,22.286,20.173,17.451,18.348,22.048,34.622,46.655,49.724,46.002,42.707,40.804,38.574,39.018,41.307,44.311,46.504,54.789,53.604,50.448,45.817,41.972,38.899,35.608
25.445,23.003,20.884,18.181,19.073,22.805,35.183,47.034,50.078,46.464,43.171,41.267,39.014,39.461,41.727,44.651,46.886,55.048,53.823,50.807,45.972,42.422,39.516,36.322
26.145,23.711,21.550,18.845,19.688,23.577,35.733,47.099,50.113,46.665,43.336,41.413,39.048,39.487,41.780,44.768,47.103,55.116,53.893,51.255,46.322,43.114,39.906,37.043
26.704,24.278,22.101,19.468,20.244,24.100,36.160,47.420,50.404,46.959,43.667,41.797,39.440,39.886,42.146,45.104,47.459,55.399,54.084,51.627,46.402,43.531,40.274,37.431
27.097,24.679,22.530,19.902,20.703,24.516,36.498,47.760,50.729,47.310,44.039,42.170,39.846,40.289,42.528,45.426,47.751,55.645,54.393,51.818,46.562,43.740,40.665,37.792
27.357,24.927,22.784,20.140,20.967,24.801,36.719,47.950,50.919,47.552,44.269,42.381,40.047,40.490,42.727,45.581,47.918,55.778,54.563,51.948,46.628,43.888,40.957,38.110
27.657,25.246,23.120,20.535,21.334,25.075,36.932,48.180,51.122,47.725,44.497,42.656,40.377,40.824,43.020,45.820,48.121,55.936,54.758,52.064,46.778,44.006,41.156,38.236
27.969,25.567,23.448,20.883,21.673,25.384,37.201,48.433,51.362,47.965,44.756,42.932,40.670,41.117,43.298,46.078,48.367,56.155,54.989,52.280,47.011,44.238,41.416,38.464
28.226,25.869,23.803,21.274,22.067,25.642,37.447,48.759,51.662,48.192,45.060,43.275,41.104,41.545,43.693,46.450,48.642,56.419,55.300,52.423,47.235,44.381,41.587,38.482
28.455,26.147,24.092,21.661,22.369,25.817,37.598,48.880,51.741,48.201,45.135,43.438,41.336,41.778,43.882,46.655,48.795,56.536,55.343,52.565,47.556,44.553,41.610,38.556
28.768,26.463,24.382,21.971,22.637,26.140,37.826,48.905,51.750,48.257,45.195,43.506,41.361,41.802,43.910,46.705,48.893,56.566,55.377,52.752,47.795,44.850,41.737,38.741
28.936,26.651,24.616,22.192,22.904,26.355,37.974,49.060,51.868,48.409,45.381,43.683,41.580,42.013,44.107,46.860,48.992,56.593,55.412,52.766,47.817,44.868,41.917,38.890
29.211,26.946,24.906,22.548,23.202,26.612,38.117,49.073,51.891,48.422,45.411,43.763,41.675,42.111,44.173,46.902,49.038,56.630,55.472,52.805,47.929,44.991,41.981,38.983
29.339,27.076,25.064,22.682,23.380,26.766,38.264,49.272,52.026,48.581,45.630,43.964,41.899,42.331,44.390,47.088,49.192,56.673,55.534,52.874,47.954,45.049,42.189,39.152
29.610,27.383,25.384,22.988,23.718,27.032,38.398,49.277,52.075,48.626,45.645,44.034,42.007,42.438,44.458,47.133,49.212,56.749,55.624,52.876,48.068,45.137,42.216,39.195
29.686,27.412,25.408,23.073,23.728,27.153,38.613,49.589,52.382,49.011,45.990,44.289,42.206,42.634,44.704,47.382,49.492,56.980,55.882,53.157,48.173,45.349,42.604,39.606
29.839,27.581,25.597,23.155,23.920,27.365,38.733,49.600,52.406,49.051,46.027,44.305,42.214,42.635,44.708,47.391,49.494,57.036,55.940,53.158,48.202,45.440,42.696,39.779
29.908,27.652,25.675,23.213,23.995,27.440,38.860,49.765,52.567,49.218,46.187,44.454,42.366,42.783,44.869,47.574,49.660,57.183,56.084,53.323,48.371,45.587,42.820,39.884
30.055,27.787,25.834,23.334,24.173,27.593,38.972,49.833,52.623,49.286,46.269,44.545,42.468,42.884,44.959,47.652,49.728,57.219,56.125,53.374,48.445,45.669,42.914,39.987
30.060,27.814,25.846,23.396,24.173,27.600,39.089,50.171,52.947,49.598,46.578,44.820,42.758,43.175,45.264,47.940,49.965,57.432,56.454,53.409,48.448,45.689,43.158,40.125
30.310,28.088,26.184,23.736,24.568,27.880,39.201,50.174,52.988,49.620,46.627,44.910,42.916,43.327,45.368,47.981,49.992,57.481,56.477,53.528,48.515,45.738,43.217,40.167
30.452,28.227,26.312,23.855,24.683,28.038,39.327,50.215,52.995,49.674,46.688,44.960,42.938,43.347,45.398,48.025,50.034,57.562,56.547,53.559,48.573,45.848,43.326,40.344
30.548,28.331,26.425,23.991,24.810,28.119,39.400,50.320,53.084,49.747,46.785,45.076,43.082,43.493,45.528,48.134,50.123,57.575,56.576,53.575,48.632,45.882,43.396,40.367
30.681,28.473,26.582,24.166,24.984,28.246,39.508,50.460,53.214,49.862,46.923,45.231,43.267,43.678,45.696,48.275,50.239,57.665,56.707,53.633,48.673,45.934,43.511,40.436
30.773,28.560,26.682,24.237,25.092,28.373,39.600,50.535,53.292,49.981,47.028,45.310,43.340,43.747,45.770,48.330,50.291,57.702,56.774,53.654,48.696,45.973,43.653,40.601
30.897,28.698,26.828,24.417,25.250,28.469,39.709,50.697,53.444,50.086,47.166,45.479,43.546,43.956,45.959,48.508,50.441,57.856,56.937,53.765,48.820,46.061,43.735,40.616
30.991,28.792,26.932,24.511,25.362,28.576,39.808,50.811,53.559,50.210,47.288,45.593,43.666,44.075,46.078,48.614,50.536,57.949,57.052,53.830,48.834,46.125,43.860,40.731
31.070,28.867,27.019,24.592,25.464,28.663,39.876,50.913,53.661,50.322,47.403,45.702,43.788,44.196,46.192,48.693,50.605,58.010,57.153,53.843,48.865,46.125,43.982,40.828
31.147,28.951,27.104,24.693,25.552,28.729,39.939,50.978,53.720,50.365,47.460,45.774,43.871,44.281,46.268,48.768,50.673,58.072,57.212,53.904,48.919,46.187,44.024,40.853
31.223,29.021,27.173,24.756,25.621,28.806,40.022,51.073,53.819,50.468,47.557,45.865,43.959,44.368,46.358,48.855,50.763,58.168,57.314,53.991,48.988,46.265,44.124,40.953
31.313,29.116,27.267,24.857,25.711,28.880,40.138,51.227,53.974,50.590,47.686,46.003,44.106,44.516,46.507,49.022,50.921,58.350,57.483,54.160,49.182,46.414,44.214,41.015
31.428,29.230,27.385,24.968,25.832,29.009,40.243,51.309,54.055,50.691,47.783,46.093,44.192,44.601,46.592,49.099,50.999,58.399,57.539,54.229,49.240,46.498,44.331,41.149
31.545,29.345,27.501,25.067,25.946,29.157,40.334,51.318,54.061,50.748,47.826,46.118,44.197,44.603,46.601,49.103,51.016,58.415,57.556,54.260,49.260,46.576,44.431,41.311
31.667,29.464,27.624,25.188,26.074,29.276,40.464,51.488,54.235,50.914,47.993,46.284,44.370,44.777,46.772,49.261,51.169,58.561,57.720,54.387,49.364,46.682,44.589,41.443
31.753,29.554,27.732,25.293,26.200,29.370,40.549,51.615,54.358,51.035,48.125,46.414,44.524,44.930,46.916,49.380,51.262,58.651,57.846,54.418,49.377,46.703,44.705,41.520
31.872,29.674,27.856,25.420,26.330,29.496,40.641,51.689,54.428,51.121,48.214,46.504,44.617,45.023,47.003,49.447,51.328,58.696,57.907,54.463,49.409,46.759,44.813,41.632
31.966,29.767,27.926,25.444,26.373,29.580,40.772,51.780,54.526,51.206,48.284,46.572,44.655,45.061,47.060,49.563,51.461,58.842,58.010,54.609,49.483,46.948,44.877,41.744
31.989,29.779,27.980,25.487,26.444,29.703,40.840,51.840,54.603,51.383,48.415,46.623,44.691,45.086,47.108,49.575,51.470,58.864,58.070,54.704,49.654,47.010,45.081,41.929
32.120,29.928,28.131,25.665,26.610,29.776,40.926,51.988,54.731,51.434,48.521,46.790,44.910,45.310,47.298,49.749,51.606,58.984,58.212,54.715,49.698,47.021,45.110,41.995
32.229,30.037,28.245,25.777,26.730,29.890,41.029,52.097,54.839,51.548,48.637,46.903,45.028,45.427,47.413,49.852,51.704,59.076,58.318,54.792,49.720,47.098,45.229,42.042
32.296,30.103,28.317,25.819,26.796,29.988,41.119,52.150,54.898,51.637,48.707,46.949,45.057,45.453,47.453,49.907,51.760,59.132,58.370,54.864,49.784,47.196,45.323,42.177
32.404,30.199,28.394,25.893,26.862,30.092,41.215,52.209,54.956,51.723,48.777,47.012,45.080,45.474,47.490,49.955,51.841,59.207,58.407,54.985,49.885,47.321,45.431,42.323
32.494,30.297,28.488,25.983,26.944,30.199,41.299,52.212,54.964,51.735,48.784,47.015,45.094,45.492,47.499,49.977,51.872,59.221,58.429,55.068,50.013,47.452,45.460,42.412
32.591,30.392,28.574,26.079,27.024,30.290,41.372,52.243,54.987,51.773,48.822,47.060,45.115,45.510,47.525,50.014,51.924,59.260,58.430,55.147,50.104,47.545,45.516,42.492
32.668,30.464,28.642,26.142,27.089,30.371,41.445,52.299,55.044,51.844,48.885,47.117,45.161,45.557,47.575,50.063,51.983,59.314,58.482,55.215,50.160,47.619,45.598,42.592
32.768,30.560,28.748,26.214,27.196,30.504,41.568,52.412,55.165,51.997,49.019,47.223,45.256,45.648,47.678,50.166,52.083,59.415,58.599,55.304,50.217,47.722,45.756,42.774
32.913,30.700,28.870,26.333,27.300,30.652,41.703,52.471,55.226,52.080,49.087,47.285,45.288,45.679,47.720,50.230,52.179,59.501,58.647,55.467,50.395,47.914,45.862,42.944
33.013,30.790,28.947,26.422,27.374,30.729,41.793,52.583,55.340,52.184,49.190,47.397,45.394,45.791,47.828,50.330,52.295,59.623,58.766,55.593,50.504,48.015,45.967,43.036
33.159,30.928,29.062,26.546,27.473,30.861,41.926,52.668,55.427,52.276,49.272,47.483,45.454,45.854,47.897,50.417,52.416,59.740,58.847,55.777,50.700,48.208,46.075,43.185
33.271,31.037,29.161,26.635,27.559,30.978,42.056,52.770,55.534,52.392,49.373,47.575,45.527,45.925,47.980,50.525,52.538,59.871,58.953,55.943,50.875,48.384,46.187,43.332
33.363,31.127,29.256,26.713,27.655,31.084,42.161,52.880,55.648,52.519,49.492,47.680,45.629,46.026,48.086,50.626,52.638,59.973,59.067,56.032,50.931,48.474,46.315,43.464
33.475,31.236,29.381,26.821,27.794,31.218,42.264,52.993,55.760,52.657,49.627,47.801,45.756,46.151,48.208,50.719,52.719,60.040,59.173,56.062,50.943,48.508,46.469,43.613
33.593,31.360,29.517,26.945,27.933,31.349,42.409,53.158,55.928,52.818,49.789,47.956,45.920,46.312,48.373,50.892,52.874,60.207,59.346,56.201,51.077,48.647,46.611,43.743
33.685,31.448,29.601,27.018,28.012,31.446,42.516,53.260,56.035,52.933,49.893,48.050,46.003,46.395,48.463,50.991,52.980,60.320,59.454,56.323,51.190,48.769,46.723,43.870
33.784,31.542,29.698,27.109,28.115,31.553,42.602,53.347,56.122,53.037,49.994,48.144,46.096,46.488,48.554,51.062,53.053,60.383,59.536,56.375,51.213,48.821,46.843,43.991
33.912,31.663,29.821,27.227,28.245,31.678,42.736,53.524,56.305,53.218,50.172,48.317,46.274,46.667,48.731,51.220,53.210,60.548,59.725,56.480,51.224,48.888,47.020,44.144
33.995,31.756,29.949,27.352,28.402,31.776,42.813,53.670,56.444,53.350,50.326,48.472,46.473,46.864,48.911,51.355,53.297,60.627,59.868,56.502,51.255,48.917,47.144,44.199
34.111,31.859,30.062,27.445,28.531,31.909,42.924,53.822,56.602,53.535,50.500,48.627,46.630,47.022,49.066,51.467,53.406,60.730,60.024,56.527,51.303,48.924,47.346,44.384
34.239,31.985,30.175,27.592,28.645,32.001,43.023,53.939,56.713,53.619,50.600,48.753,46.764,47.161,49.193,51.583,53.532,60.854,60.140,56.658,51.366,49.025,47.432,44.441
34.325,32.077,30.275,27.665,28.735,32.104,43.174,54.106,56.890,53.787,50.755,48.891,46.899,47.291,49.339,51.770,53.704,61.059,60.329,56.852,51.504,49.220,47.557,44.574
34.435,32.186,30.420,27.756,28.902,32.275,43.305,54.262,57.052,54.001,50.954,49.047,47.064,47.449,49.503,51.894,53.798,61.142,60.484,56.852,51.581,49.232,47.785,44.798
34.521,32.278,30.519,27.863,29.009,32.356,43.397,54.387,57.175,54.105,51.069,49.169,47.204,47.589,49.637,52.025,53.912,61.262,60.613,56.942,51.603,49.310,47.872,44.854
34.632,32.390,30.624,27.959,29.099,32.460,43.557,54.562,57.359,54.266,51.222,49.319,47.344,47.728,49.789,52.217,54.108,61.492,60.811,57.183,51.871,49.539,47.995,44.982
34.734,32.496,30.722,28.060,29.186,32.563,43.657,54.614,57.408,54.320,51.273,49.372,47.385,47.767,49.835,52.286,54.186,61.566,60.855,57.305,52.004,49.670,48.054,45.074
34.818,32.575,30.820,28.159,29.310,32.639,43.745,54.821,57.618,54.509,51.476,49.577,47.625,48.011,50.062,52.460,54.332,61.724,61.081,57.347,52.026,49.684,48.226,45.156
34.929,32.689,30.937,28.258,29.419,32.769,43.874,54.912,57.711,54.618,51.573,49.661,47.697,48.079,50.141,52.563,54.435,61.828,61.169,57.477,52.150,49.825,48.333,45.300
35.064,32.820,31.055,28.354,29.515,32.898,44.088,55.156,57.972,54.855,51.789,49.864,47.879,48.259,50.345,52.822,54.704,62.151,61.452,57.812,52.502,50.136,48.516,45.494
35.183,32.942,31.171,28.458,29.618,33.033,44.219,55.228,58.046,54.946,51.868,49.932,47.927,48.304,50.403,52.909,54.803,62.247,61.517,57.958,52.672,50.313,48.613,45.641
35.281,33.030,31.265,28.542,29.722,33.128,44.336,55.420,58.245,55.139,52.056,50.112,48.116,48.495,50.592,53.075,54.961,62.424,61.729,58.072,52.735,50.388,48.790,45.776
35.414,33.153,31.383,28.632,29.831,33.274,44.503,55.591,58.430,55.339,52.233,50.266,48.250,48.628,50.740,53.233,55.133,62.614,61.917,58.264,52.895,50.573,48.983,45.993
35.538,33.269,31.520,28.753,29.993,33.397,44.662,55.892,58.741,55.632,52.528,50.550,48.565,48.944,51.048,53.497,55.366,62.876,62.252,58.393,52.945,50.636,49.241,46.160
35.661,33.390,31.651,28.852,30.124,33.555,44.801,56.006,58.860,55.785,52.665,50.660,48.663,49.039,51.154,53.602,55.469,62.974,62.362,58.490,53.017,50.755,49.406,46.357
35.800,33.524,31.757,28.957,30.199,33.682,44.962,56.103,58.963,55.887,52.747,50.742,48.706,49.082,51.217,53.722,55.626,63.148,62.465,58.758,53.330,51.040,49.500,46.515
35.938,33.657,31.884,29.081,30.321,33.819,45.104,56.240,59.104,56.032,52.885,50.876,48.831,49.207,51.346,53.855,55.769,63.295,62.606,58.917,53.480,51.195,49.647,46.672
36.115,33.828,32.024,29.231,30.434,33.972,45.292,56.386,59.255,56.171,53.011,51.010,48.933,49.313,51.463,54.016,55.968,63.509,62.760,59.212,53.810,51.492,49.780,46.849
36.228,33.945,32.148,29.366,30.566,34.056,45.447,56.656,59.530,56.387,53.243,51.256,49.210,49.592,51.736,54.291,56.215,63.799,63.064,59.423,54.027,51.645,49.936,46.921
36.480,34.199,32.360,29.635,30.750,34.239,45.686,56.872,59.741,56.536,53.407,51.468,49.409,49.798,51.939,54.545,56.504,64.107,63.287,59.823,54.516,52.028,50.063,47.052
36.673,34.372,32.515,29.774,30.893,34.415,45.928,57.174,60.062,56.844,53.691,51.738,49.658,50.051,52.206,54.825,56.808,64.455,63.627,60.158,54.808,52.314,50.341,47.322
36.879,34.554,32.678,29.938,31.053,34.578,46.180,57.556,60.463,57.205,54.038,52.087,50.002,50.404,52.562,55.171,57.173,64.877,64.061,60.520,55.105,52.585,50.656,47.573
37.107,34.762,32.864,30.113,31.223,34.771,46.480,57.966,60.897,57.597,54.409,52.451,50.352,50.759,52.931,55.562,57.584,65.358,64.530,60.965,55.510,52.950,50.988,47.865
37.219,34.866,32.976,30.219,31.348,34.880,46.603,58.156,61.093,57.786,54.598,52.635,50.548,50.957,53.125,55.728,57.740,65.525,64.735,61.070,55.568,53.021,51.167,48.002
37.478,35.122,33.206,30.450,31.550,35.114,46.913,58.470,61.417,58.078,54.876,52.917,50.806,51.216,53.402,56.064,58.100,65.929,65.076,61.523,56.063,53.456,51.417,48.271
37.806,35.409,33.448,30.647,31.752,35.412,47.369,59.021,62.014,58.651,55.385,53.391,51.218,51.635,53.862,56.583,58.679,66.612,65.713,62.215,56.683,54.058,51.917,48.788
38.188,35.778,33.740,31.065,32.015,35.620,47.726,59.503,62.494,58.969,55.746,53.856,51.692,52.133,54.333,57.087,59.238,67.236,66.243,62.889,57.441,54.601,52.166,48.924
38.370,35.943,33.938,31.184,32.231,35.856,47.997,59.893,62.910,59.419,56.159,54.208,52.048,52.483,54.702,57.425,59.548,67.588,66.678,63.102,57.527,54.769,52.581,49.302
38.624,36.197,34.189,31.458,32.485,36.046,48.334,60.434,63.465,59.862,56.623,54.700,52.579,53.020,55.232,57.971,60.065,68.193,67.289,63.591,58.024,55.142,52.914,49.497
39.040,36.615,34.569,31.885,32.839,36.396,48.761,60.869,63.900,60.229,57.001,55.119,52.988,53.436,55.649,58.442,60.562,68.726,67.744,64.189,58.702,55.710,53.241,49.813
39.659,37.186,35.062,32.351,33.264,36.947,49.525,61.713,64.794,61.070,57.770,55.868,53.648,54.107,56.373,59.271,61.488,69.782,68.690,65.326,59.809,56.742,53.988,50.601
40.172,37.657,35.474,32.755,33.637,37.408,50.094,62.331,65.444,61.701,58.353,56.439,54.157,54.627,56.919,59.854,62.151,70.512,69.365,66.111,60.535,57.452,54.589,51.228
40.819,38.289,36.015,33.308,34.084,37.952,50.925,63.207,66.360,62.486,59.093,57.201,54.841,55.318,57.669,60.805,63.182,71.705,70.349,67.457,62.020,58.713,55.215,51.897
41.416,38.846,36.634,34.089,34.872,38.297,51.496,64.759,67.920,63.719,60.484,58.735,56.659,57.181,59.374,62.156,64.368,73.037,72.072,68.003,62.226,58.727,56.251,52.149
42.264,39.600,37.361,34.553,35.530,39.254,52.727,66.165,69.450,65.349,61.905,59.944,57.707,58.220,60.553,63.444,65.744,74.629,73.668,69.515,63.438,60.118,57.744,53.772
43.408,40.729,38.294,35.750,36.353,40.057,53.800,67.243,70.515,66.125,62.744,60.999,58.712,59.268,61.574,64.637,67.105,76.093,74.799,71.320,65.552,61.775,58.420,54.399
45.195,42.323,39.785,37.009,37.770,41.692,56.273,70.720,74.217,69.604,65.989,64.074,61.672,62.260,64.707,67.856,70.437,79.998,78.779,74.717,68.388,64.512,61.420,57.063
49.712,46.398,43.187,40.306,40.678,45.539,61.742,76.995,80.888,75.829,71.675,69.664,66.583,67.291,70.086,73.868,77.286,87.834,85.859,83.093,76.308,71.900,67.002,62.809
