-7.023,-6.372,-9.700,-15.059,-12.043,-7.931,9.738,23.378,26.262,26.040,16.756,8.446,-0.773,-7.724,-15.429,-17.795,-14.755,-3.496,2.214,-4.405,-4.751,-10.585,-12.633,-19.068
7.882,5.431,4.253,1.500,4.016,8.592,23.618,35.520,37.484,34.423,28.335,20.887,11.735,5.956,1.168,-1.352,2.627,11.005,15.954,15.970,9.473,4.426,3.361,-2.102
12.044,9.841,9.187,6.939,9.005,13.769,27.621,37.980,40.210,36.523,30.998,24.380,15.718,11.344,6.662,4.262,6.806,14.339,18.675,18.336,12.910,8.787,7.647,2.610
14.443,12.817,12.519,10.573,12.299,17.018,30.080,39.444,41.899,37.891,32.603,26.442,18.486,14.542,9.721,7.774,9.067,16.089,20.112,19.544,15.113,11.376,10.041,5.174
15.700,14.324,14.086,12.232,13.884,18.337,30.988,40.135,42.508,38.629,33.464,27.388,19.938,15.668,10.918,9.311,10.448,17.256,21.244,20.955,16.595,12.761,11.387,6.581
16.872,15.621,15.164,13.175,14.874,19.000,31.328,40.419,42.616,39.252,34.114,28.145,20.982,16.564,11.956,10.398,11.830,18.581,22.524,22.067,17.923,14.046,12.740,8.070
17.398,16.394,15.839,13.751,15.437,19.431,31.655,40.667,42.873,39.734,34.512,28.596,21.631,17.151,12.451,10.993,12.306,19.081,23.004,22.228,18.514,14.631,13.277,8.629
17.978,16.865,16.302,14.226,15.907,19.944,32.083,40.989,43.184,40.041,34.887,29.067,22.012,17.801,13.181,11.589,12.947,19.664,23.511,22.635,18.954,15.212,13.910,9.340
18.449,17.283,16.756,14.723,16.378,20.459,32.516,41.307,43.514,40.308,35.217,29.473,22.387,18.363,13.785,12.139,13.444,20.091,23.879,22.978,19.324,15.687,14.404,9.883
18.758,17.675,17.224,15.257,16.853,20.932,32.857,41.482,43.726,40.441,35.402,29.729,22.760,18.798,14.205,12.640,13.735,20.287,24.025,23.132,19.602,16.025,14.710,10.215
18.988,17.994,17.561,15.600,17.170,21.237,33.125,41.692,43.964,40.670,35.619,29.964,23.071,19.095,14.457,12.955,13.925,20.463,24.190,23.248,19.842,16.270,14.923,10.423
19.252,18.141,17.655,15.674,17.285,21.313,33.177,41.801,43.998,40.796,35.783,30.130,23.185,19.214,14.680,13.098,14.295,20.780,24.473,23.537,20.114,16.535,15.250,10.788
19.413,18.553,18.181,16.271,17.784,21.813,33.566,41.987,44.289,40.958,35.937,30.338,23.613,19.619,14.946,13.570,14.325,20.827,24.554,23.678,20.286,16.735,15.343,10.856
19.654,18.752,18.435,16.585,18.072,22.127,33.805,42.138,44.444,41.033,36.080,30.527,23.808,19.903,15.274,13.891,14.597,20.979,24.636,23.777,20.477,16.982,15.601,11.144
19.781,18.813,18.543,16.734,18.208,22.326,34.010,42.309,44.632,41.124,36.207,30.670,23.888,20.084,15.474,14.049,14.724,21.079,24.716,23.900,20.539,17.093,15.722,11.272
19.912,19.009,18.806,17.057,18.498,22.589,34.208,42.458,44.789,41.218,36.332,30.791,24.128,20.215,15.595,14.288,14.851,21.150,24.793,24.126,20.730,17.243,15.841,11.376
20.027,19.092,18.895,17.155,18.599,22.697,34.316,42.569,44.892,41.308,36.437,30.897,24.216,20.316,15.717,14.393,14.983,21.273,24.914,24.280,20.836,17.355,15.963,11.504
20.195,19.274,19.049,17.290,18.743,22.799,34.391,42.655,44.954,41.435,36.563,31.024,24.376,20.435,15.850,14.538,15.175,21.466,25.111,24.470,21.035,17.534,16.150,11.700
20.373,19.410,19.182,17.421,18.873,22.970,34.565,42.798,45.110,41.569,36.706,31.198,24.485,20.671,16.096,14.717,15.351,21.639,25.257,24.541,21.141,17.703,16.332,11.902
20.520,19.565,19.339,17.578,19.018,23.137,34.713,42.895,45.227,41.675,36.813,31.338,24.611,20.890,16.303,14.900,15.482,21.760,25.352,24.552,21.238,17.851,16.478,12.064
20.636,19.695,19.501,17.768,19.195,23.311,34.866,43.028,45.364,41.774,36.930,31.454,24.762,21.008,16.422,15.058,15.598,21.852,25.445,24.714,21.370,17.972,16.589,12.170
20.795,19.929,19.734,17.996,19.404,23.497,35.005,43.110,45.462,41.895,37.041,31.593,24.968,21.219,16.603,15.280,15.734,21.974,25.551,24.746,21.532,18.149,16.745,12.334
20.931,20.030,19.850,18.135,19.548,23.623,35.105,43.224,45.548,41.974,37.154,31.695,25.087,21.289,16.715,15.406,15.913,22.127,25.712,25.026,21.697,18.288,16.899,12.491
21.137,20.244,20.043,18.322,19.738,23.765,35.187,43.289,45.583,42.071,37.269,31.829,25.269,21.448,16.907,15.610,16.161,22.353,25.928,25.252,21.927,18.513,17.137,12.752
21.220,20.296,20.081,18.346,19.770,23.823,35.271,43.380,45.679,42.167,37.358,31.924,25.308,21.553,17.013,15.666,16.240,22.447,26.016,25.284,21.972,18.586,17.220,12.841
21.321,20.412,20.181,18.426,19.858,23.912,35.399,43.542,45.847,42.350,37.513,32.059,25.431,21.649,17.087,15.740,16.321,22.558,26.142,25.379,22.086,18.681,17.308,12.914
21.385,20.505,20.290,18.541,19.963,24.031,35.535,43.623,45.906,42.455,37.619,32.160,25.540,21.753,17.159,15.832,16.351,22.596,26.182,25.405,22.148,18.742,17.351,12.942
21.604,20.758,20.536,18.801,20.212,24.196,35.558,43.670,45.979,42.470,37.655,32.241,25.743,21.913,17.375,16.102,16.641,22.816,26.378,25.637,22.409,19.000,17.622,13.257
21.736,20.923,20.681,18.923,20.329,24.310,35.654,43.682,45.998,42.560,37.745,32.360,25.867,22.097,17.540,16.253,16.755,22.935,26.477,25.653,22.513,19.139,17.755,13.404
21.832,20.986,20.741,18.985,20.396,24.390,35.738,43.767,46.060,42.635,37.829,32.450,25.925,22.194,17.652,16.334,16.863,23.041,26.577,25.734,22.587,19.230,17.858,13.516
21.959,21.122,20.855,19.085,20.502,24.466,35.788,43.820,46.094,42.719,37.914,32.540,26.039,22.288,17.760,16.446,17.010,23.185,26.720,25.838,22.732,19.366,18.001,13.669
22.070,21.200,20.959,19.207,20.610,24.637,35.972,43.957,46.263,42.817,38.022,32.677,26.112,22.494,17.958,16.593,17.097,23.262,26.771,25.851,22.762,19.464,18.100,13.778
22.257,21.330,21.097,19.353,20.747,24.832,36.150,44.068,46.394,42.907,38.137,32.846,26.201,22.773,18.254,16.804,17.285,23.430,26.894,25.861,22.843,19.642,18.296,14.008
22.362,21.479,21.223,19.454,20.843,24.923,36.233,44.124,46.466,43.013,38.220,32.949,26.314,22.928,18.381,16.925,17.366,23.522,26.972,25.867,22.929,19.753,18.398,14.117
22.490,21.603,21.330,19.543,20.931,25.032,36.339,44.199,46.555,43.114,38.313,33.071,26.401,23.115,18.560,17.058,17.482,23.644,27.071,25.889,23.003,19.879,18.528,14.265
22.591,21.735,21.484,19.719,21.094,25.173,36.439,44.272,46.625,43.173,38.388,33.151,26.541,23.209,18.657,17.205,17.589,23.723,27.150,25.974,23.132,19.993,18.632,14.368
22.676,21.838,21.586,19.820,21.196,25.248,36.500,44.342,46.684,43.253,38.468,33.223,26.650,23.261,18.711,17.289,17.682,23.812,27.248,26.106,23.251,20.084,18.720,14.453
22.788,21.970,21.768,20.047,21.398,25.457,36.665,44.453,46.809,43.313,38.559,33.328,26.801,23.408,18.858,17.482,17.791,23.877,27.302,26.230,23.363,20.205,18.827,14.560
22.887,22.100,21.921,20.223,21.559,25.598,36.766,44.527,46.881,43.373,38.635,33.408,26.941,23.502,18.952,17.627,17.895,23.953,27.378,26.363,23.490,20.316,18.927,14.659
22.967,22.147,21.990,20.316,21.649,25.701,36.859,44.611,46.961,43.416,38.703,33.479,27.001,23.577,19.049,17.718,17.992,24.029,27.449,26.493,23.560,20.393,19.012,14.749
23.073,22.282,22.097,20.395,21.731,25.773,36.932,44.678,47.034,43.532,38.796,33.583,27.107,23.705,19.158,17.817,18.083,24.138,27.551,26.503,23.657,20.502,19.118,14.859
23.180,22.393,22.208,20.509,21.847,25.870,37.018,44.776,47.118,43.629,38.899,33.676,27.225,23.775,19.239,17.918,18.204,24.254,27.676,26.673,23.792,20.614,19.231,14.970
23.293,22.491,22.293,20.587,21.930,25.946,37.083,44.840,47.172,43.704,38.980,33.766,27.306,23.875,19.355,18.016,18.333,24.380,27.796,26.780,23.898,20.729,19.356,15.107
23.421,22.661,22.432,20.700,22.048,26.027,37.146,44.905,47.228,43.825,39.082,33.872,27.451,23.987,19.457,18.135,18.462,24.520,27.938,26.870,24.052,20.869,19.492,15.247
23.495,22.663,22.500,20.826,22.157,26.206,37.336,45.065,47.408,43.876,39.177,33.975,27.493,24.111,19.601,18.251,18.535,24.558,27.963,26.987,24.068,20.925,19.554,15.308
23.582,22.755,22.620,20.973,22.293,26.338,37.441,45.148,47.491,43.928,39.251,34.051,27.600,24.196,19.694,18.375,18.630,24.626,28.028,27.118,24.166,21.017,19.641,15.395
23.684,22.793,22.698,21.089,22.396,26.498,37.594,45.259,47.617,43.969,39.330,34.154,27.646,24.351,19.872,18.508,18.738,24.703,28.081,27.166,24.201,21.107,19.743,15.511
23.786,22.895,22.810,21.206,22.500,26.632,37.710,45.318,47.698,44.024,39.392,34.252,27.722,24.533,20.046,18.653,18.824,24.775,28.125,27.200,24.244,21.208,19.843,15.627
23.880,23.051,22.933,21.296,22.594,26.693,37.774,45.395,47.777,44.164,39.496,34.350,27.859,24.624,20.105,18.738,18.897,24.874,28.233,27.201,24.369,21.311,19.932,15.709
23.998,23.194,23.050,21.395,22.705,26.746,37.810,45.466,47.817,44.275,39.600,34.435,28.000,24.659,20.152,18.824,19.042,25.025,28.402,27.410,24.553,21.442,20.065,15.840
24.095,23.342,23.169,21.489,22.810,26.796,37.858,45.553,47.885,44.412,39.713,34.524,28.149,24.693,20.175,18.895,19.143,25.146,28.547,27.565,24.720,21.552,20.166,15.929
24.177,23.438,23.311,21.678,22.987,26.945,37.973,45.670,47.988,44.473,39.806,34.594,28.295,24.715,20.215,19.017,19.246,25.211,28.631,27.828,24.868,21.644,20.248,15.994
24.278,23.544,23.388,21.729,23.049,26.993,38.028,45.743,48.052,44.584,39.901,34.687,28.382,24.800,20.299,19.086,19.351,25.334,28.757,27.906,24.974,21.746,20.356,16.106
24.386,23.682,23.500,21.816,23.142,27.063,38.100,45.826,48.131,44.711,40.007,34.791,28.504,24.899,20.385,19.179,19.454,25.454,28.881,27.980,25.100,21.860,20.466,16.215
24.514,23.844,23.633,21.924,23.257,27.144,38.172,45.910,48.205,44.843,40.121,34.903,28.648,25.003,20.481,19.291,19.584,25.597,29.030,28.090,25.255,21.998,20.600,16.351
24.609,23.956,23.725,21.997,23.334,27.213,38.246,45.989,48.285,44.954,40.214,34.998,28.744,25.104,20.570,19.374,19.669,25.697,29.130,28.135,25.349,22.094,20.694,16.446
24.683,24.043,23.819,22.100,23.433,27.294,38.306,46.044,48.334,45.006,40.275,35.057,28.837,25.158,20.630,19.462,19.753,25.768,29.204,28.249,25.447,22.175,20.773,16.524
24.778,24.138,23.894,22.156,23.499,27.354,38.379,46.136,48.420,45.121,40.377,35.154,28.923,25.240,20.710,19.529,19.849,25.880,29.321,28.338,25.546,22.269,20.870,16.621
24.897,24.210,23.978,22.254,23.599,27.477,38.513,46.277,48.558,45.227,40.500,35.276,29.006,25.353,20.843,19.635,19.980,26.006,29.444,28.498,25.645,22.378,20.992,16.745
24.957,24.287,24.074,22.363,23.706,27.580,38.637,46.424,48.708,45.351,40.619,35.367,29.120,25.395,20.871,19.703,20.029,26.059,29.517,28.638,25.740,22.437,21.037,16.768
25.070,24.482,24.226,22.472,23.818,27.645,38.692,46.482,48.767,45.497,40.722,35.472,29.282,25.508,20.948,19.812,20.120,26.177,29.640,28.656,25.889,22.565,21.149,16.878
25.129,24.600,24.368,22.632,23.966,27.764,38.796,46.588,48.876,45.593,40.816,35.544,29.433,25.548,20.966,19.912,20.167,26.212,29.695,28.787,26.009,22.636,21.195,16.902
25.261,24.723,24.469,22.714,24.056,27.850,38.882,46.676,48.959,45.708,40.924,35.661,29.533,25.678,21.101,20.022,20.304,26.359,29.836,28.878,26.127,22.767,21.335,17.052
25.426,24.886,24.587,22.794,24.155,27.930,38.985,46.820,49.087,45.902,41.094,35.821,29.675,25.806,21.231,20.126,20.477,26.564,30.049,29.036,26.304,22.931,21.509,17.227
25.587,25.094,24.745,22.914,24.295,27.990,39.030,46.919,49.148,46.077,41.244,35.946,29.872,25.863,21.292,20.234,20.663,26.773,30.285,29.284,26.553,23.110,21.688,17.402
25.682,25.241,24.888,23.047,24.425,28.100,39.144,47.040,49.275,46.221,41.367,36.057,30.025,25.959,21.360,20.342,20.737,26.859,30.382,29.367,26.681,23.211,21.772,17.472
25.820,25.426,25.048,23.182,24.558,28.211,39.233,47.107,49.347,46.342,41.469,36.177,30.175,26.120,21.503,20.493,20.864,26.992,30.506,29.402,26.819,23.361,21.914,17.622
25.875,25.509,25.154,23.304,24.673,28.322,39.356,47.242,49.490,46.456,41.578,36.263,30.293,26.168,21.531,20.569,20.902,27.030,30.562,29.517,26.909,23.416,21.952,17.638
26.029,25.638,25.275,23.421,24.794,28.452,39.486,47.369,49.614,46.585,41.711,36.406,30.409,26.326,21.701,20.709,21.064,27.192,30.715,29.648,27.040,23.566,22.112,17.809
26.206,25.803,25.422,23.557,24.943,28.577,39.612,47.527,49.748,46.756,41.883,36.565,30.574,26.445,21.839,20.848,21.266,27.400,30.935,29.899,27.246,23.746,22.302,18.000
26.316,25.916,25.542,23.684,25.070,28.700,39.741,47.668,49.888,46.886,42.014,36.684,30.703,26.540,21.933,20.957,21.376,27.511,31.054,30.055,27.373,23.856,22.409,18.098
26.427,25.985,25.658,23.845,25.219,28.875,39.898,47.803,50.024,46.949,42.117,36.790,30.800,26.654,22.073,21.102,21.503,27.602,31.139,30.244,27.470,23.962,22.521,18.212
26.590,26.162,25.811,23.983,25.368,28.980,39.987,47.917,50.112,47.095,42.260,36.923,30.970,26.754,22.187,21.237,21.691,27.793,31.342,30.470,27.677,24.135,22.699,18.392
26.694,26.344,26.047,24.251,25.604,29.235,40.244,48.132,50.373,47.276,42.429,37.086,31.191,26.938,22.310,21.438,21.732,27.823,31.376,30.523,27.794,24.242,22.761,18.425
26.787,26.414,26.138,24.361,25.710,29.364,40.387,48.276,50.523,47.382,42.546,37.197,31.281,27.041,22.417,21.538,21.823,27.907,31.461,30.648,27.875,24.327,22.848,18.506
26.937,26.522,26.199,24.386,25.762,29.405,40.453,48.392,50.613,47.536,42.687,37.331,31.366,27.137,22.537,21.605,21.999,28.112,31.673,30.821,28.022,24.471,23.016,18.683
27.072,26.605,26.319,24.552,25.932,29.557,40.588,48.562,50.748,47.631,42.830,37.442,31.503,27.168,22.622,21.727,22.187,28.267,31.849,31.217,28.213,24.606,23.165,18.824
27.251,26.704,26.487,24.790,26.161,29.816,40.838,48.813,50.987,47.762,43.024,37.620,31.665,27.305,22.810,21.927,22.405,28.436,32.025,31.606,28.396,24.775,23.347,19.001
27.411,26.812,26.583,24.879,26.257,29.941,40.971,48.938,51.112,47.885,43.154,37.770,31.749,27.489,23.013,22.063,22.575,28.610,32.180,31.708,28.501,24.926,23.518,19.190
27.622,27.020,26.773,25.047,26.427,30.141,41.202,49.163,51.357,48.133,43.379,38.007,31.936,27.756,23.258,22.263,22.760,28.818,32.378,31.797,28.666,25.128,23.719,19.395
27.719,27.195,26.971,25.256,26.622,30.310,41.369,49.332,51.539,48.302,43.531,38.135,32.144,27.852,23.313,22.406,22.825,28.883,32.464,31.929,28.823,25.234,23.793,19.439
27.858,27.392,27.192,25.486,26.845,30.526,41.621,49.615,51.840,48.571,43.774,38.337,32.393,27.985,23.401,22.567,22.924,29.000,32.612,32.137,29.020,25.373,23.899,19.506
28.030,27.580,27.366,25.640,27.005,30.692,41.830,49.855,52.090,48.832,44.004,38.548,32.589,28.162,23.550,22.714,23.070,29.177,32.804,32.289,29.199,25.537,24.055,19.645
28.247,27.804,27.590,25.858,27.228,30.922,42.097,50.153,52.395,49.128,44.281,38.803,32.834,28.375,23.744,22.916,23.269,29.398,33.040,32.530,29.430,25.748,24.257,19.829
28.375,27.940,27.717,25.977,27.345,31.041,42.213,50.257,52.504,49.248,44.395,38.927,32.954,28.523,23.886,23.048,23.390,29.522,33.157,32.602,29.544,25.877,24.386,19.963
28.491,28.109,27.969,26.286,27.620,31.353,42.546,50.564,52.859,49.471,44.620,39.128,33.199,28.708,24.016,23.265,23.445,29.559,33.209,32.755,29.679,25.988,24.451,19.987
28.743,28.453,28.258,26.511,27.854,31.555,42.780,50.820,53.130,49.832,44.910,39.410,33.511,28.985,24.229,23.495,23.647,29.817,33.478,32.859,29.956,26.247,24.687,20.208
28.974,28.797,28.569,26.775,28.111,31.799,43.055,51.092,53.439,50.191,45.198,39.694,33.833,29.286,24.445,23.746,23.805,30.023,33.691,32.903,30.200,26.484,24.886,20.387
29.329,29.031,28.856,27.088,28.424,32.276,43.689,51.760,54.173,50.742,45.735,40.207,34.132,29.767,24.891,24.073,24.089,30.352,34.020,33.205,30.425,26.779,25.183,20.651
29.616,29.298,29.115,27.331,28.671,32.571,44.036,52.109,54.548,51.093,46.064,40.540,34.392,30.118,25.218,24.345,24.342,30.633,34.294,33.383,30.655,27.049,25.453,20.918
29.807,29.550,29.379,27.596,28.937,32.811,44.323,52.460,54.903,51.441,46.378,40.795,34.704,30.260,25.318,24.530,24.502,30.822,34.529,33.704,30.935,27.240,25.613,21.031
30.274,30.111,29.992,28.233,29.544,33.442,44.989,53.109,55.607,52.061,46.965,41.357,35.320,30.811,25.784,25.084,24.885,31.214,34.939,34.123,31.427,27.705,26.024,21.395
30.705,30.626,30.533,28.749,30.041,34.053,45.770,53.905,56.519,52.856,47.653,42.010,35.884,31.452,26.264,25.557,25.141,31.563,35.306,34.283,31.791,28.098,26.349,21.652
31.275,31.449,31.328,29.480,30.752,34.711,46.483,54.635,57.314,53.718,48.385,42.699,36.719,32.108,26.747,26.193,25.568,32.070,35.855,34.643,32.461,28.687,26.845,22.080
31.802,31.937,31.809,29.937,31.237,35.250,47.184,55.464,58.162,54.523,49.131,43.365,37.279,32.611,27.206,26.621,26.043,32.631,36.468,35.274,33.001,29.175,27.325,22.502
32.379,32.628,32.711,30.973,32.192,36.357,48.443,56.704,59.554,55.534,50.107,44.250,38.193,33.405,27.820,27.417,26.415,33.005,36.897,35.913,33.596,29.711,27.738,22.779
33.145,33.736,33.669,31.753,33.034,36.990,49.281,57.858,60.693,56.969,51.285,45.209,39.389,33.935,28.138,28.005,27.046,33.868,37.944,36.888,34.737,30.500,28.418,23.299
34.893,35.390,34.846,32.523,33.976,37.839,50.250,59.006,61.739,58.678,52.789,46.797,40.656,35.595,29.835,29.236,28.862,35.954,39.980,37.947,36.319,32.238,30.296,25.310
37.903,39.456,38.074,34.938,36.657,39.655,52.368,61.918,64.457,62.966,56.281,49.893,44.488,37.844,31.596,31.523,31.664,39.460,43.877,40.808,40.316,35.410,33.281,28.064
