41.602,38.800,39.191,36.756,37.727,43.962,61.241,81.089,85.496,75.059,63.398,56.725,45.956,44.651,45.909,42.648,52.882,64.431,77.754,91.212,75.610,51.739,38.838,19.146
44.159,41.932,42.476,40.432,41.428,45.665,61.277,81.089,85.498,75.063,63.437,56.766,47.711,46.800,46.953,45.289,52.982,64.438,77.756,91.217,75.618,51.806,41.633,25.159
44.555,42.546,42.485,41.144,41.474,45.702,61.307,81.167,85.526,75.083,63.507,56.801,47.806,46.905,47.066,45.351,53.001,64.444,77.869,91.271,75.635,51.853,41.949,27.287
44.558,42.626,42.538,41.170,41.497,45.702,61.317,81.187,85.562,75.104,63.521,56.892,47.853,46.962,47.100,45.379,53.007,64.472,77.876,91.292,75.666,51.886,42.133,28.926
44.611,42.657,42.543,41.218,41.564,45.703,61.395,81.203,85.564,75.105,63.552,56.909,47.905,47.024,47.142,45.469,53.069,64.611,77.899,91.362,75.756,51.937,42.145,29.832
44.633,42.689,42.557,41.260,41.580,45.728,61.399,81.218,85.621,75.111,63.656,56.953,48.038,47.147,47.190,45.525,53.110,64.628,77.924,91.405,75.784,51.962,42.195,30.446
44.640,42.740,42.587,41.295,41.591,45.808,61.410,81.230,85.681,75.114,63.685,56.995,48.052,47.167,47.328,45.586,53.127,64.686,77.946,91.405,75.799,52.060,42.227,30.655
44.687,42.769,42.603,41.296,41.645,45.888,61.487,81.247,85.684,75.130,63.766,57.127,48.274,47.390,47.351,45.752,53.368,64.803,77.962,91.413,75.811,52.065,42.229,30.987
44.703,42.775,42.723,41.320,41.680,45.908,61.508,81.263,85.687,75.131,63.777,57.134,48.403,47.525,47.426,45.862,53.386,64.858,77.984,91.507,75.826,52.124,42.280,31.246
44.715,42.801,42.790,41.356,41.758,45.975,61.509,81.281,85.690,75.144,63.819,57.278,48.584,47.742,47.707,46.030,53.526,64.894,78.069,91.556,75.928,52.224,42.318,31.451
44.838,42.847,42.802,41.423,41.767,46.109,61.519,81.288,85.693,75.159,63.834,57.290,48.709,47.853,47.756,46.139,53.624,64.897,78.092,91.798,75.941,52.226,42.326,31.762
44.856,43.000,42.843,41.577,41.864,46.183,61.547,81.316,85.747,75.164,63.863,57.356,48.710,47.859,47.947,46.182,53.663,64.941,78.122,91.831,75.993,52.301,42.456,32.023
44.998,43.165,42.928,41.747,41.945,46.198,61.616,81.320,85.771,75.165,63.950,57.360,48.939,48.107,48.013,46.419,53.703,65.007,78.145,91.832,75.997,52.316,42.576,32.318
45.080,43.267,42.977,41.859,41.946,46.363,61.625,81.325,85.774,75.170,63.975,57.390,48.960,48.135,48.054,46.468,53.755,65.026,78.147,91.855,76.010,52.426,42.658,32.501
45.210,43.429,43.082,42.042,42.097,46.410,61.702,81.329,85.802,75.202,64.004,57.492,49.101,48.285,48.191,46.529,53.873,65.039,78.169,91.879,76.025,52.460,42.777,32.721
45.282,43.508,43.187,42.131,42.213,46.411,61.714,81.369,85.807,75.202,64.029,57.580,49.104,48.300,48.198,46.601,53.934,65.093,78.179,91.980,76.033,52.499,42.890,32.803
45.420,43.670,43.370,42.314,42.399,46.503,61.804,81.423,85.836,75.231,64.112,57.659,49.132,48.305,48.362,46.619,54.075,65.102,78.212,92.013,76.038,52.538,43.048,32.957
45.467,43.721,43.430,42.373,42.470,46.570,61.813,81.427,85.853,75.234,64.113,57.699,49.279,48.465,48.432,46.742,54.184,65.114,78.217,92.015,76.045,52.550,43.106,33.062
45.556,43.830,43.540,42.495,42.578,46.579,61.841,81.496,85.859,75.326,64.116,57.729,49.390,48.572,48.603,46.778,54.205,65.127,78.219,92.040,76.072,52.568,43.208,33.197
45.651,43.926,43.621,42.585,42.653,46.687,61.847,81.542,85.897,75.335,64.120,57.746,49.515,48.693,48.629,46.862,54.208,65.144,78.234,92.048,76.125,52.569,43.312,33.317
45.747,44.033,43.739,42.704,42.777,46.750,61.847,81.557,85.910,75.355,64.162,57.762,49.564,48.711,48.633,47.034,54.237,65.145,78.256,92.080,76.125,52.597,43.413,33.444
45.832,44.119,43.801,42.786,42.833,46.796,61.855,81.637,85.919,75.440,64.172,57.823,49.580,48.779,48.657,47.097,54.243,65.154,78.300,92.117,76.132,52.735,43.477,33.573
45.933,44.211,43.916,42.884,42.967,46.869,61.860,81.672,86.082,75.531,64.176,57.839,49.620,48.815,48.729,47.098,54.288,65.331,78.319,92.149,76.136,52.811,43.565,33.688
45.992,44.276,43.974,42.951,43.025,46.918,62.062,81.800,86.117,75.608,64.382,57.874,49.687,48.892,48.762,47.177,54.339,65.366,78.333,92.155,76.164,52.822,43.622,33.802
46.042,44.352,44.013,43.035,43.053,46.926,62.072,81.966,86.215,75.628,64.495,57.916,49.728,48.927,48.829,47.178,54.361,65.482,78.342,92.165,76.187,52.840,43.679,33.946
46.043,44.353,44.033,43.039,43.077,46.955,62.166,81.995,86.244,75.801,64.507,58.098,49.799,49.002,48.901,47.219,54.528,65.641,78.358,92.202,76.189,52.895,43.683,34.013
46.161,44.479,44.156,43.169,43.198,47.060,62.310,82.035,86.252,75.813,64.657,58.212,49.805,49.026,48.964,47.288,54.709,65.665,78.359,92.216,76.192,52.993,43.825,34.115
46.248,44.574,44.246,43.266,43.284,47.142,62.358,82.147,86.278,75.828,64.684,58.366,49.871,49.079,49.005,47.362,54.838,65.711,78.361,92.335,76.212,53.094,43.923,34.221
46.270,44.605,44.280,43.306,43.324,47.166,62.528,82.149,86.332,75.831,64.827,58.394,49.948,49.159,49.261,47.434,54.943,65.720,78.366,92.414,76.224,53.128,43.942,34.295
46.322,44.664,44.332,43.370,43.376,47.210,62.569,82.209,86.394,75.906,64.834,58.544,50.227,49.460,49.391,47.724,55.015,65.782,78.413,92.426,76.232,53.214,43.990,34.400
46.471,44.822,44.501,43.541,43.555,47.378,62.618,82.263,86.454,75.952,64.912,58.564,50.359,49.596,49.524,47.853,55.070,65.801,78.417,92.469,76.234,53.278,44.118,34.581
46.577,44.932,44.611,43.655,43.665,47.486,62.627,82.377,86.596,75.963,64.945,58.652,50.518,49.742,49.560,47.995,55.100,65.942,78.463,92.555,76.239,53.334,44.222,34.698
46.700,45.060,44.744,43.787,43.798,47.618,62.664,82.549,86.651,76.076,65.060,58.669,50.522,49.764,49.621,48.014,55.124,65.956,78.479,92.609,76.253,53.454,44.346,34.808
46.784,45.133,44.797,43.846,43.843,47.675,62.744,82.778,86.667,76.096,65.137,58.705,50.652,49.865,49.638,48.069,55.136,65.984,78.495,92.616,76.258,53.480,44.427,34.902
46.918,45.255,44.891,43.954,43.932,47.782,62.770,82.783,86.676,76.115,65.213,58.810,50.652,49.873,49.713,48.112,55.318,66.015,78.564,92.657,76.260,53.551,44.524,35.062
46.977,45.306,44.952,44.003,44.001,47.844,62.908,82.870,86.714,76.131,65.247,58.906,50.658,49.968,49.733,48.132,55.353,66.137,78.568,92.712,76.297,53.552,44.593,35.114
47.093,45.424,45.050,44.115,44.089,47.941,62.917,82.895,86.870,76.139,65.289,59.047,50.764,49.982,49.955,48.215,55.452,66.145,78.599,92.723,76.297,53.555,44.703,35.249
47.117,45.457,45.089,44.155,44.131,47.968,62.967,83.068,86.929,76.301,65.323,59.061,50.773,49.988,50.099,48.235,55.622,66.155,78.615,92.783,76.348,53.560,44.744,35.303
47.230,45.587,45.217,44.299,44.260,48.088,62.988,83.187,86.973,76.303,65.327,59.148,51.003,50.227,50.170,48.453,55.692,66.361,78.723,92.788,76.365,53.594,44.846,35.464
47.299,45.681,45.281,44.405,44.312,48.137,63.153,83.213,87.021,76.352,65.541,59.186,51.210,50.443,50.233,48.609,55.862,66.368,78.827,92.897,76.393,53.626,44.892,35.644
47.404,45.791,45.375,44.522,44.405,48.235,63.240,83.290,87.053,76.377,65.576,59.390,51.391,50.625,50.295,48.768,55.974,66.392,78.941,92.908,76.484,53.692,44.975,35.752
47.425,45.804,45.400,44.522,44.437,48.256,63.241,83.341,87.079,76.446,65.605,59.470,51.392,50.638,50.451,48.798,55.981,66.425,79.041,92.956,76.512,53.696,44.987,35.852
47.501,45.901,45.495,44.642,44.537,48.339,63.248,83.383,87.193,76.489,65.612,59.473,51.572,50.831,50.546,48.973,56.219,66.570,79.051,92.985,76.698,53.740,45.060,35.972
47.545,45.951,45.547,44.700,44.597,48.382,63.357,83.403,87.224,76.666,65.748,59.494,51.662,50.933,50.768,49.074,56.323,66.673,79.203,93.006,76.759,53.757,45.094,36.079
47.683,46.104,45.695,44.864,44.740,48.527,63.408,83.421,87.240,76.686,65.826,59.632,51.918,51.201,50.785,49.306,56.335,66.825,79.331,93.016,76.779,53.913,45.221,36.235
47.753,46.169,45.748,44.926,44.794,48.585,63.486,83.431,87.251,76.730,65.977,59.705,52.010,51.292,50.859,49.391,56.391,66.838,79.379,93.101,76.931,53.973,45.268,36.338
47.802,46.227,45.819,44.992,44.872,48.644,63.568,83.437,87.256,76.806,65.981,59.793,52.025,51.308,50.893,49.433,56.505,66.845,79.459,93.109,77.147,54.041,45.332,36.410
47.833,46.251,45.838,45.011,44.891,48.662,63.625,83.451,87.257,76.815,66.037,59.846,52.062,51.353,50.935,49.463,56.557,66.921,79.538,93.114,77.409,54.198,45.367,36.459
47.958,46.395,45.984,45.166,45.032,48.798,63.679,83.520,87.286,76.860,66.119,59.873,52.231,51.524,51.094,49.622,56.701,67.019,79.552,93.208,77.414,54.216,45.499,36.592
48.049,46.496,46.089,45.273,45.135,48.894,63.768,83.549,87.439,76.974,66.150,59.915,52.322,51.617,51.188,49.710,56.759,67.064,79.784,93.367,77.486,54.391,45.608,36.687
48.182,46.622,46.224,45.397,45.273,49.035,63.795,83.549,87.442,77.026,66.215,59.991,52.432,51.722,51.315,49.831,56.765,67.144,79.834,93.727,77.633,54.400,45.746,36.782
48.242,46.670,46.280,45.440,45.338,49.094,63.841,83.599,87.604,77.061,66.350,60.032,52.436,51.725,51.340,49.864,56.793,67.278,79.979,93.809,77.655,54.558,45.803,36.847
48.333,46.759,46.386,45.529,45.446,49.196,63.989,83.733,87.683,77.207,66.374,60.090,52.437,51.727,51.372,49.885,56.867,67.404,80.027,94.111,77.966,54.597,45.929,36.889
48.450,46.872,46.508,45.639,45.569,49.317,64.041,83.814,87.748,77.297,66.431,60.227,52.479,51.757,51.431,49.941,56.893,67.493,80.132,94.298,78.084,54.704,46.068,36.977
48.499,46.928,46.570,45.701,45.634,49.372,64.182,83.869,87.839,77.341,66.555,60.288,52.545,51.830,51.508,50.016,56.931,67.652,80.223,94.366,78.253,54.891,46.123,37.045
48.571,47.005,46.649,45.780,45.709,49.445,64.278,83.957,87.964,77.448,66.690,60.416,52.606,51.889,51.568,50.072,57.043,67.665,80.468,94.378,78.587,55.025,46.208,37.112
48.720,47.148,46.774,45.912,45.824,49.577,64.296,84.044,88.230,77.577,66.703,60.544,52.710,51.978,51.642,50.151,57.166,67.871,80.810,94.562,78.624,55.102,46.355,37.238
48.805,47.241,46.900,46.017,45.960,49.691,64.407,84.299,88.356,77.800,66.870,60.547,52.774,52.052,51.762,50.253,57.265,68.042,80.974,94.681,78.745,55.266,46.475,37.299
48.919,47.347,46.994,46.117,46.052,49.793,64.524,84.400,88.367,77.940,67.000,60.626,52.893,52.167,51.861,50.362,57.275,68.317,81.024,94.922,78.795,55.285,46.569,37.423
49.040,47.476,47.124,46.250,46.178,49.920,64.703,84.470,88.520,77.963,67.227,60.703,53.034,52.310,52.001,50.493,57.383,68.398,81.189,95.203,78.884,55.473,46.700,37.530
49.062,47.505,47.152,46.282,46.205,49.939,64.830,84.604,88.565,78.113,67.360,60.820,53.052,52.329,52.016,50.510,57.507,68.444,81.228,95.286,79.000,55.506,46.730,37.579
49.215,47.671,47.321,46.455,46.367,50.100,64.866,84.623,88.803,78.119,67.523,61.025,53.226,52.504,52.188,50.670,57.726,68.580,81.376,95.442,79.165,55.625,46.902,37.715
49.331,47.790,47.456,46.579,46.505,50.233,65.006,84.891,88.922,78.341,67.533,61.153,53.332,52.613,52.319,50.788,57.837,68.634,81.599,95.520,79.416,55.672,47.037,37.797
49.492,47.964,47.639,46.762,46.684,50.411,65.065,85.013,89.198,78.429,67.759,61.322,53.557,52.846,52.553,51.005,58.087,68.856,81.917,95.598,79.517,55.882,47.208,37.933
49.638,48.095,47.776,46.885,46.825,50.557,65.248,85.270,89.347,78.716,67.876,61.325,53.634,52.915,52.645,51.098,58.089,69.026,81.981,95.677,79.520,56.043,47.357,38.040
49.768,48.239,47.927,47.042,46.980,50.701,65.326,85.414,89.367,78.752,68.023,61.360,53.859,53.157,52.875,51.324,58.372,69.321,82.212,95.888,79.800,56.146,47.483,38.197
49.857,48.316,47.987,47.107,47.039,50.764,65.594,85.484,89.617,78.878,68.161,61.552,53.879,53.165,52.879,51.343,58.464,69.390,82.293,96.275,79.870,56.178,47.559,38.327
50.013,48.487,48.172,47.293,47.226,50.943,65.611,85.712,89.799,79.094,68.210,61.576,54.137,53.439,53.150,51.600,58.548,69.540,82.356,96.422,79.909,56.349,47.718,38.476
50.101,48.593,48.293,47.416,47.350,51.052,65.766,85.938,89.811,79.257,68.332,61.691,54.303,53.621,53.336,51.771,58.817,69.708,82.679,97.161,80.151,56.454,47.819,38.574
50.330,48.843,48.540,47.681,47.591,51.293,65.961,86.334,90.198,79.551,68.544,61.972,54.570,53.886,53.611,52.043,58.920,69.849,82.767,97.208,80.377,56.679,48.035,38.822
50.390,48.880,48.585,47.702,47.642,51.344,66.124,86.371,90.458,79.552,68.717,62.011,54.694,54.028,53.710,52.131,58.962,70.199,83.209,97.384,80.466,56.764,48.116,38.846
50.546,49.045,48.769,47.877,47.831,51.521,66.365,86.622,90.919,79.747,69.019,62.139,54.749,54.074,53.821,52.238,59.027,70.255,83.824,97.476,81.061,56.951,48.289,38.985
50.724,49.223,48.920,48.048,47.971,51.678,66.528,87.035,91.142,80.146,69.238,62.343,54.966,54.285,53.989,52.417,59.184,70.512,84.139,97.640,81.194,57.104,48.443,39.187
50.890,49.392,49.070,48.216,48.115,51.829,66.612,87.282,91.408,80.311,69.615,62.520,55.167,54.485,54.156,52.593,59.340,70.969,84.266,97.692,81.310,57.238,48.592,39.387
51.086,49.610,49.297,48.454,48.341,52.048,66.854,87.644,91.473,80.520,69.827,62.811,55.532,54.872,54.524,52.943,59.724,71.244,84.452,97.791,81.393,57.428,48.780,39.597
51.236,49.786,49.504,48.655,48.555,52.240,66.992,87.670,91.561,80.547,70.067,63.024,55.814,55.180,54.850,53.239,60.059,71.459,84.499,98.467,81.409,57.607,48.949,39.742
51.507,50.066,49.809,48.947,48.860,52.544,67.200,87.796,91.844,80.666,70.082,63.365,56.150,55.528,55.221,53.581,60.438,71.534,84.681,98.763,81.632,57.959,49.237,39.942
51.660,50.248,50.001,49.152,49.050,52.720,67.230,88.079,92.042,80.944,70.100,63.568,56.437,55.834,55.513,53.854,60.697,71.659,85.433,99.092,82.242,58.140,49.402,40.118
51.839,50.451,50.210,49.376,49.261,52.918,67.258,89.172,92.854,81.712,70.234,63.831,56.793,56.216,55.869,54.198,61.077,71.874,85.537,99.097,82.814,58.259,49.568,40.344
51.902,50.507,50.249,49.424,49.303,52.958,67.380,89.290,93.322,82.046,70.484,63.849,56.818,56.235,55.874,54.225,61.093,72.668,86.061,99.482,82.817,58.275,49.615,40.465
52.067,50.682,50.437,49.610,49.494,53.137,67.636,89.604,93.483,82.132,71.100,64.021,57.021,56.448,56.095,54.437,61.308,73.098,86.124,99.717,82.855,58.431,49.791,40.640
52.296,50.900,50.638,49.815,49.688,53.350,67.690,89.788,93.617,82.278,71.228,64.255,57.217,56.631,56.263,54.613,61.475,73.198,86.373,99.848,83.199,58.669,50.006,40.847
52.754,51.393,51.115,50.330,50.145,53.829,68.234,89.866,94.275,82.453,71.618,64.939,58.007,57.447,57.000,55.321,62.222,73.354,86.928,99.894,83.709,59.147,50.425,41.296
53.046,51.687,51.415,50.625,50.438,54.135,68.580,90.571,94.787,82.983,71.748,65.287,58.328,57.767,57.325,55.628,62.539,73.390,87.177,99.974,83.819,59.520,50.724,41.519
53.174,51.810,51.528,50.743,50.552,54.254,68.729,91.139,95.118,83.417,71.917,65.426,58.467,57.905,57.450,55.762,62.690,73.941,87.258,100.035,83.945,59.604,50.834,41.664
53.356,51.985,51.715,50.914,50.738,54.442,68.900,91.513,95.392,83.773,71.961,65.577,58.570,58.000,57.573,55.877,62.790,74.342,87.414,100.627,84.027,59.855,51.038,41.793
53.719,52.369,52.079,51.306,51.083,54.808,69.325,92.159,95.707,84.292,72.445,66.058,59.104,58.541,58.057,56.345,63.240,74.411,87.445,100.788,84.098,60.263,51.383,42.144
54.051,52.710,52.389,51.645,51.375,55.123,69.696,92.390,95.896,84.524,72.874,66.459,59.533,58.966,58.423,56.714,63.578,74.757,88.407,101.084,85.316,60.600,51.688,42.487
54.354,52.959,52.598,51.852,51.589,55.371,70.089,93.386,97.130,85.351,73.115,66.737,59.708,59.115,58.552,56.895,63.839,74.915,88.697,102.975,85.501,60.727,51.917,42.810
54.722,53.306,52.911,52.180,51.896,55.711,70.564,93.696,98.948,85.500,73.553,67.173,60.113,59.510,58.903,57.267,64.266,74.977,89.679,103.791,85.971,61.003,52.226,43.184
55.014,53.588,53.146,52.440,52.113,55.953,70.813,94.676,100.263,86.860,73.803,67.414,60.328,59.698,59.038,57.430,64.331,75.810,91.333,104.717,87.080,61.294,52.500,43.505
55.720,54.368,53.916,53.263,52.847,56.699,71.583,95.812,100.419,87.233,74.846,68.357,61.445,60.849,60.095,58.428,65.263,76.102,92.152,106.557,87.938,62.163,53.213,44.193
56.533,55.207,54.673,54.116,53.578,57.487,72.715,97.222,101.646,88.109,76.093,69.580,62.866,62.308,61.348,59.693,66.688,77.238,94.425,108.358,90.031,62.709,53.852,45.130
57.372,56.074,55.570,55.006,54.461,58.391,73.732,97.558,102.633,89.292,77.275,70.651,63.950,63.416,62.457,60.736,67.802,78.579,94.638,108.889,90.414,63.736,54.703,45.810
58.284,56.929,56.376,55.809,55.251,59.254,74.823,98.439,103.087,90.542,78.287,71.619,64.746,64.170,63.181,61.490,68.619,79.451,97.183,110.846,92.655,64.618,55.545,46.619
59.256,57.992,57.533,56.945,56.391,60.365,75.822,99.714,106.759,90.589,79.625,72.798,66.031,65.507,64.576,62.751,69.834,81.185,98.301,113.553,95.060,66.047,56.647,47.378
61.161,59.993,59.399,58.979,58.156,62.258,78.163,103.728,107.215,93.452,82.456,75.402,68.922,68.438,67.151,65.273,72.342,84.029,99.270,118.622,95.290,68.029,58.383,49.277
62.186,61.168,60.693,60.264,59.432,63.436,78.883,104.351,107.558,94.252,83.600,76.429,70.197,69.777,68.570,66.546,73.342,85.675,101.675,125.299,98.725,69.623,59.646,50.211
65.058,64.106,63.507,63.208,62.149,66.273,82.020,108.632,111.633,97.833,87.147,79.754,73.665,73.243,71.758,69.696,76.351,89.221,102.695,132.743,101.812,72.701,62.421,53.015
