34.956,30.725,26.508,23.263,24.063,27.808,46.452,56.419,58.513,51.173,39.776,30.269,21.587,17.031,15.118,19.643,24.191,37.186,51.506,55.897,54.511,42.537,32.675,24.374
38.299,34.347,30.931,29.249,28.520,32.265,48.012,56.525,58.630,51.467,42.090,33.534,25.869,22.223,20.531,24.000,28.038,39.951,51.592,55.945,54.555,44.233,35.888,28.893
38.704,35.567,32.953,30.550,30.642,33.971,48.162,56.618,58.703,51.561,43.595,35.562,28.530,24.546,23.225,26.408,30.879,41.596,51.621,56.048,54.616,45.302,36.950,30.353
39.419,36.609,34.157,31.790,31.886,35.082,48.199,56.630,58.707,51.575,44.419,37.494,30.964,27.306,26.106,29.009,33.146,42.721,51.624,56.129,54.627,45.464,37.848,31.764
39.731,37.046,34.709,32.484,32.594,35.588,48.229,56.769,58.798,51.603,44.512,37.700,31.520,28.056,26.909,29.681,33.579,42.738,51.628,56.175,54.677,45.468,38.233,32.463
39.743,37.384,35.275,32.744,33.308,36.013,48.246,56.822,58.836,51.649,44.587,38.241,32.428,28.928,27.912,30.614,34.486,42.962,51.679,56.201,54.696,45.552,38.526,32.990
39.909,37.554,35.408,32.956,33.487,36.147,48.306,56.859,58.875,51.669,44.598,38.396,32.682,29.299,28.277,30.951,34.671,42.982,51.704,56.208,54.714,45.586,38.684,33.250
39.994,37.771,35.737,33.177,33.818,36.429,48.348,56.860,58.895,51.727,44.883,38.850,33.241,29.831,28.866,31.485,35.247,43.315,51.740,56.251,54.766,45.694,38.870,33.515
40.126,37.991,35.990,33.290,34.124,36.638,48.348,56.863,58.909,51.732,45.069,39.123,33.600,30.160,29.224,31.860,35.613,43.505,51.752,56.345,54.886,45.898,39.091,33.770
40.163,38.149,36.212,33.437,34.422,36.818,48.408,56.866,58.911,51.894,45.079,39.188,33.789,30.340,29.439,32.067,35.793,43.521,51.893,56.371,54.920,45.977,39.244,33.996
40.201,38.217,36.398,33.596,34.605,36.971,48.443,56.872,58.946,52.009,45.177,39.404,34.104,30.652,29.801,32.353,36.116,43.657,51.987,56.407,54.935,46.004,39.275,34.117
40.277,38.363,36.569,33.741,34.771,37.131,48.465,56.948,58.978,52.011,45.358,39.637,34.361,30.905,30.069,32.605,36.376,43.850,52.004,56.436,54.961,46.098,39.412,34.275
40.447,38.522,36.704,33.917,34.907,37.273,48.619,56.983,59.023,52.040,45.482,39.820,34.559,31.149,30.305,32.830,36.550,43.985,52.058,56.442,54.978,46.187,39.567,34.456
40.583,38.700,36.911,34.069,35.116,37.463,48.632,57.008,59.029,52.059,45.697,40.073,34.837,31.406,30.579,33.098,36.839,44.207,52.077,56.501,55.045,46.364,39.739,34.639
40.679,38.799,37.031,34.232,35.213,37.589,48.712,57.036,59.067,52.066,45.825,40.227,34.993,31.578,30.756,33.242,36.991,44.350,52.122,56.619,55.055,46.425,39.824,34.745
40.802,38.928,37.153,34.389,35.324,37.719,48.785,57.043,59.074,52.153,45.942,40.337,35.128,31.733,30.906,33.382,37.118,44.477,52.157,56.625,55.117,46.530,39.949,34.877
40.821,38.967,37.280,34.496,35.476,37.823,48.843,57.239,59.273,52.154,45.955,40.368,35.161,31.739,30.943,33.387,37.164,44.485,52.214,56.682,55.164,46.565,39.976,34.946
40.927,39.071,37.353,34.605,35.565,37.903,48.849,57.251,59.304,52.201,45.975,40.392,35.228,31.843,31.036,33.484,37.208,44.512,52.273,56.689,55.347,46.625,40.082,35.069
41.086,39.206,37.447,34.726,35.676,38.004,48.951,57.272,59.315,52.260,46.044,40.488,35.334,31.987,31.166,33.625,37.290,44.581,52.326,56.703,55.425,46.718,40.224,35.221
41.170,39.313,37.584,34.847,35.822,38.131,49.027,57.317,59.348,52.267,46.137,40.576,35.444,32.082,31.273,33.724,37.406,44.676,52.473,56.715,55.434,46.829,40.327,35.336
41.232,39.389,37.683,34.948,35.915,38.227,49.092,57.326,59.352,52.490,46.229,40.678,35.555,32.191,31.389,33.825,37.521,44.773,52.484,56.756,55.440,46.895,40.397,35.417
41.448,39.556,37.793,35.121,36.014,38.359,49.282,57.386,59.416,52.497,46.376,40.841,35.691,32.373,31.547,33.989,37.633,44.923,52.519,56.821,55.456,47.025,40.567,35.582
41.499,39.642,37.906,35.179,36.136,38.456,49.349,57.423,59.443,52.534,46.481,40.959,35.829,32.485,31.674,34.118,37.784,45.027,52.540,56.839,55.502,47.127,40.652,35.671
41.513,39.726,38.073,35.272,36.329,38.592,49.369,57.488,59.483,52.548,46.552,41.004,35.928,32.528,31.751,34.182,37.909,45.096,52.540,56.869,55.539,47.248,40.729,35.769
41.565,39.782,38.138,35.372,36.384,38.660,49.394,57.513,59.526,52.548,46.607,41.101,36.039,32.665,31.891,34.297,38.010,45.165,52.544,56.882,55.585,47.252,40.774,35.841
41.635,39.839,38.186,35.465,36.415,38.719,49.451,57.533,59.548,52.620,46.677,41.203,36.135,32.789,32.010,34.399,38.094,45.246,52.607,56.884,55.589,47.268,40.824,35.903
41.742,39.951,38.302,35.572,36.544,38.830,49.539,57.575,59.558,52.685,46.759,41.282,36.228,32.881,32.104,34.496,38.185,45.325,52.682,56.976,55.610,47.378,40.938,36.023
41.847,40.048,38.384,35.671,36.642,38.914,49.603,57.683,59.565,52.730,46.804,41.336,36.296,32.968,32.186,34.582,38.240,45.370,52.735,57.009,55.694,47.452,41.038,36.134
41.906,40.100,38.440,35.768,36.679,38.978,49.656,57.697,59.689,52.807,46.876,41.434,36.390,33.083,32.301,34.674,38.327,45.454,52.793,57.014,55.695,47.468,41.081,36.191
42.011,40.193,38.502,35.847,36.749,39.046,49.740,57.712,59.732,52.873,46.934,41.505,36.460,33.176,32.382,34.766,38.383,45.512,52.869,57.036,55.697,47.540,41.178,36.290
42.018,40.247,38.621,35.909,36.872,39.142,49.750,57.723,59.765,52.883,47.020,41.610,36.604,33.284,32.519,34.882,38.546,45.604,52.873,57.041,55.773,47.601,41.221,36.354
42.060,40.309,38.715,36.008,36.975,39.230,49.779,57.725,59.800,52.892,47.051,41.621,36.635,33.307,32.551,34.902,38.581,45.636,52.880,57.145,55.838,47.665,41.279,36.427
42.179,40.412,38.792,36.097,37.041,39.315,49.908,57.881,59.962,53.036,47.177,41.764,36.760,33.446,32.681,35.037,38.701,45.763,53.023,57.219,55.883,47.758,41.384,36.523
42.193,40.473,38.911,36.165,37.159,39.415,49.953,57.973,60.037,53.066,47.278,41.862,36.880,33.528,32.786,35.127,38.843,45.867,53.054,57.255,55.948,47.844,41.437,36.585
42.280,40.584,39.040,36.262,37.310,39.531,50.019,58.017,60.082,53.096,47.353,41.939,36.987,33.622,32.890,35.235,38.951,45.940,53.099,57.301,55.987,47.957,41.549,36.709
42.304,40.651,39.155,36.336,37.426,39.630,50.062,58.115,60.168,53.126,47.449,42.042,37.115,33.721,33.010,35.340,39.096,46.040,53.129,57.350,56.134,48.035,41.608,36.780
42.414,40.758,39.254,36.427,37.517,39.731,50.191,58.208,60.253,53.279,47.587,42.192,37.254,33.859,33.146,35.480,39.237,46.179,53.273,57.355,56.199,48.146,41.716,36.880
42.504,40.836,39.305,36.502,37.560,39.789,50.263,58.212,60.259,53.383,47.667,42.320,37.381,34.017,33.296,35.626,39.348,46.268,53.358,57.383,56.202,48.180,41.792,36.966
42.573,40.912,39.382,36.575,37.641,39.863,50.320,58.247,60.317,53.438,47.735,42.408,37.480,34.122,33.403,35.730,39.444,46.340,53.411,57.448,56.255,48.240,41.865,37.049
42.622,40.965,39.436,36.644,37.671,39.921,50.384,58.280,60.323,53.549,47.842,42.561,37.628,34.284,33.566,35.875,39.589,46.459,53.494,57.449,56.313,48.261,41.909,37.103
42.712,41.075,39.545,36.770,37.762,40.035,50.486,58.312,60.376,53.670,47.986,42.710,37.762,34.423,33.703,36.004,39.724,46.607,53.594,57.454,56.385,48.350,42.009,37.205
42.739,41.080,39.588,36.803,37.803,40.068,50.510,58.330,60.468,53.678,48.003,42.755,37.834,34.489,33.785,36.063,39.801,46.635,53.607,57.478,56.397,48.366,42.015,37.224
42.764,41.135,39.644,36.861,37.871,40.122,50.519,58.340,60.469,53.710,48.027,42.791,37.887,34.551,33.848,36.125,39.847,46.660,53.641,57.504,56.444,48.388,42.065,37.291
42.827,41.236,39.797,36.973,38.031,40.259,50.591,58.367,60.476,53.727,48.140,42.880,37.997,34.624,33.941,36.208,39.977,46.771,53.668,57.515,56.473,48.520,42.161,37.394
42.898,41.313,39.899,37.090,38.125,40.361,50.668,58.390,60.477,53.794,48.224,42.943,38.061,34.679,34.002,36.254,40.047,46.857,53.736,57.552,56.525,48.604,42.232,37.469
42.978,41.438,40.075,37.194,38.321,40.515,50.774,58.454,60.523,53.842,48.353,43.036,38.178,34.744,34.088,36.346,40.190,46.977,53.818,57.677,56.649,48.784,42.359,37.593
43.020,41.509,40.173,37.257,38.439,40.598,50.800,58.528,60.607,53.851,48.396,43.080,38.253,34.802,34.159,36.417,40.270,47.019,53.822,57.751,56.671,48.860,42.429,37.676
43.045,41.564,40.265,37.329,38.534,40.679,50.825,58.560,60.690,53.853,48.458,43.151,38.347,34.882,34.254,36.497,40.372,47.085,53.832,57.753,56.681,48.913,42.478,37.740
43.119,41.629,40.311,37.383,38.585,40.728,50.883,58.659,60.780,53.911,48.504,43.209,38.406,34.954,34.320,36.569,40.422,47.132,53.892,57.775,56.741,48.963,42.544,37.808
43.181,41.707,40.388,37.422,38.669,40.796,50.950,58.669,60.784,53.984,48.592,43.324,38.533,35.075,34.445,36.703,40.551,47.221,53.962,57.956,56.833,49.040,42.625,37.890
43.294,41.798,40.461,37.534,38.737,40.880,51.045,58.804,60.832,54.086,48.667,43.399,38.599,35.162,34.523,36.777,40.606,47.297,54.061,58.024,56.911,49.112,42.716,37.983
43.359,41.863,40.531,37.620,38.790,40.954,51.123,58.817,60.865,54.191,48.767,43.516,38.708,35.277,34.639,36.880,40.716,47.405,54.149,58.201,56.979,49.163,42.774,38.045
43.428,41.938,40.620,37.717,38.887,41.040,51.168,58.823,60.884,54.212,48.813,43.561,38.770,35.342,34.709,36.942,40.775,47.453,54.177,58.226,57.000,49.226,42.847,38.132
43.588,42.077,40.755,37.894,39.021,41.185,51.311,58.974,60.899,54.337,48.918,43.635,38.834,35.417,34.776,37.005,40.819,47.556,54.311,58.327,57.115,49.366,42.986,38.270
43.685,42.144,40.791,37.987,39.067,41.233,51.348,59.015,61.015,54.360,48.921,43.640,38.843,35.467,34.812,37.040,40.834,47.557,54.339,58.447,57.118,49.389,43.055,38.353
43.840,42.266,40.870,38.097,39.148,41.324,51.478,59.103,61.063,54.501,49.009,43.740,38.930,35.583,34.911,37.152,40.889,47.646,54.479,58.538,57.251,49.491,43.184,38.477
43.882,42.322,40.941,38.155,39.218,41.390,51.527,59.165,61.152,54.550,49.078,43.815,39.012,35.657,34.992,37.227,40.977,47.717,54.526,58.770,57.299,49.548,43.237,38.534
43.984,42.420,41.033,38.246,39.316,41.482,51.621,59.284,61.331,54.635,49.159,43.890,39.088,35.734,35.067,37.307,41.050,47.795,54.616,58.922,57.395,49.648,43.337,38.633
44.170,42.587,41.170,38.386,39.465,41.624,51.795,59.418,61.513,54.800,49.294,44.011,39.200,35.853,35.175,37.435,41.156,47.922,54.793,59.060,57.585,49.823,43.513,38.797
44.341,42.718,41.261,38.528,39.542,41.733,51.961,59.495,61.642,54.995,49.424,44.140,39.299,35.982,35.286,37.549,41.241,48.052,54.977,59.170,57.747,49.938,43.647,38.920
44.472,42.829,41.350,38.642,39.626,41.831,52.084,59.639,61.748,55.133,49.530,44.252,39.399,36.099,35.393,37.659,41.332,48.160,55.110,59.253,57.868,50.036,43.759,39.030
44.588,42.921,41.425,38.767,39.684,41.920,52.192,59.774,61.854,55.266,49.630,44.363,39.494,36.220,35.505,37.760,41.416,48.265,55.228,59.274,57.955,50.100,43.848,39.122
44.685,43.015,41.520,38.867,39.775,42.017,52.294,59.881,61.903,55.370,49.729,44.455,39.581,36.307,35.591,37.844,41.505,48.365,55.332,59.386,58.055,50.198,43.941,39.213
44.763,43.075,41.575,38.973,39.815,42.083,52.359,59.960,61.957,55.453,49.793,44.528,39.645,36.395,35.673,37.909,41.560,48.436,55.401,59.540,58.088,50.229,43.996,39.276
44.896,43.177,41.658,39.124,39.892,42.182,52.454,60.053,62.045,55.546,49.857,44.588,39.697,36.482,35.749,37.974,41.595,48.503,55.492,59.602,58.140,50.295,44.095,39.385
45.034,43.312,41.795,39.263,40.028,42.320,52.597,60.199,62.103,55.685,49.992,44.709,39.812,36.592,35.859,38.084,41.712,48.636,55.635,59.815,58.283,50.441,44.231,39.516
45.158,43.443,41.950,39.433,40.201,42.471,52.681,60.217,62.114,55.716,50.062,44.756,39.885,36.665,35.937,38.154,41.782,48.705,55.686,59.890,58.326,50.566,44.360,39.664
45.310,43.600,42.117,39.586,40.348,42.638,52.884,60.461,62.368,55.948,50.283,44.965,40.073,36.834,36.109,38.323,41.984,48.925,55.906,59.935,58.549,50.750,44.515,39.802
45.429,43.723,42.242,39.706,40.494,42.758,52.971,60.508,62.418,56.001,50.355,45.030,40.157,36.919,36.196,38.415,42.064,48.994,55.975,60.000,58.627,50.870,44.641,39.937
45.487,43.802,42.336,39.778,40.574,42.847,53.055,60.608,62.528,56.115,50.489,45.199,40.330,37.085,36.371,38.580,42.243,49.136,56.070,60.169,58.721,50.940,44.713,40.015
45.565,43.895,42.444,39.873,40.677,42.950,53.146,60.700,62.627,56.214,50.607,45.330,40.466,37.213,36.506,38.707,42.385,49.258,56.163,60.198,58.813,51.033,44.802,40.107
45.736,44.056,42.616,40.072,40.840,43.128,53.322,60.842,62.759,56.369,50.768,45.460,40.585,37.331,36.622,38.815,42.507,49.418,56.328,60.256,58.949,51.204,44.961,40.264
45.770,44.119,42.729,40.184,40.958,43.231,53.344,60.877,62.791,56.383,50.818,45.496,40.648,37.379,36.687,38.857,42.579,49.471,56.334,60.324,58.967,51.266,45.015,40.338
45.902,44.272,42.902,40.322,41.154,43.392,53.464,60.914,62.851,56.446,50.937,45.598,40.774,37.485,36.803,38.980,42.712,49.584,56.426,60.376,59.072,51.437,45.171,40.499
46.049,44.418,43.053,40.470,41.289,43.544,53.643,61.123,63.063,56.646,51.125,45.779,40.938,37.639,36.958,39.132,42.883,49.772,56.618,60.447,59.262,51.600,45.316,40.633
46.314,44.638,43.242,40.724,41.447,43.756,53.930,61.482,63.388,56.979,51.381,46.016,41.128,37.851,37.152,39.320,43.067,50.030,56.933,60.817,59.540,51.817,45.534,40.833
46.508,44.814,43.411,40.924,41.608,43.934,54.124,61.649,63.576,57.176,51.555,46.172,41.269,38.000,37.295,39.460,43.205,50.203,57.129,61.012,59.720,51.993,45.711,41.004
46.590,44.918,43.541,41.036,41.744,44.054,54.199,61.689,63.578,57.178,51.654,46.278,41.396,38.117,37.423,39.580,43.337,50.305,57.165,61.043,59.771,52.095,45.811,41.117
46.630,45.018,43.733,41.186,41.960,44.221,54.229,61.732,63.631,57.235,51.719,46.295,41.464,38.135,37.474,39.608,43.429,50.367,57.191,61.077,59.785,52.228,45.902,41.233
46.823,45.191,43.899,41.391,42.096,44.399,54.446,61.917,63.822,57.437,51.941,46.521,41.663,38.346,37.678,39.799,43.626,50.595,57.403,61.262,59.978,52.393,46.070,41.395
47.016,45.360,44.029,41.546,42.214,44.541,54.636,62.153,64.040,57.670,52.126,46.742,41.866,38.579,37.897,40.022,43.816,50.785,57.616,61.482,60.178,52.531,46.240,41.562
47.178,45.489,44.141,41.723,42.309,44.671,54.791,62.334,64.187,57.839,52.252,46.851,41.951,38.688,37.994,40.108,43.891,50.914,57.778,61.691,60.303,52.645,46.366,41.685
47.331,45.652,44.322,41.888,42.482,44.848,54.971,62.524,64.387,58.026,52.449,47.037,42.132,38.852,38.164,40.274,44.084,51.110,57.962,61.863,60.491,52.828,46.528,41.840
47.513,45.858,44.561,42.090,42.711,45.078,55.203,62.765,64.651,58.260,52.707,47.271,42.361,39.043,38.368,40.475,44.334,51.365,58.196,62.077,60.740,53.076,46.731,42.032
47.731,46.094,44.843,42.355,42.959,45.358,55.506,63.112,65.014,58.592,53.048,47.573,42.635,39.273,38.612,40.701,44.638,51.706,58.514,62.380,61.052,53.367,46.958,42.239
48.005,46.328,45.047,42.613,43.131,45.581,55.803,63.482,65.353,58.940,53.325,47.846,42.865,39.525,38.848,40.932,44.862,51.986,58.840,62.747,61.347,53.593,47.191,42.455
48.246,46.537,45.213,42.809,43.297,45.761,56.030,63.738,65.592,59.183,53.515,48.039,43.039,39.725,39.031,41.127,45.022,52.174,59.081,63.026,61.581,53.789,47.406,42.661
48.331,46.661,45.371,42.936,43.441,45.906,56.136,63.842,65.710,59.317,53.699,48.279,43.300,39.977,39.300,41.375,45.291,52.372,59.192,63.054,61.687,53.891,47.518,42.793
48.550,46.895,45.622,43.177,43.723,46.148,56.308,63.940,65.814,59.430,53.859,48.425,43.481,40.153,39.484,41.560,45.468,52.528,59.330,63.192,61.836,54.120,47.754,43.046
48.725,47.173,46.025,43.453,44.064,46.518,56.670,64.368,66.318,59.869,54.399,48.976,44.022,40.586,39.967,42.004,46.081,53.081,59.724,63.428,62.253,54.487,48.007,43.282
49.005,47.441,46.329,43.823,44.361,46.830,56.928,64.585,66.502,60.086,54.633,49.151,44.197,40.763,40.148,42.156,46.257,53.315,59.953,63.704,62.436,54.755,48.267,43.555
49.502,47.869,46.707,44.304,44.691,47.244,57.449,65.213,67.073,60.679,55.109,49.612,44.588,41.197,40.554,42.552,46.634,53.795,60.515,64.347,62.940,55.166,48.693,43.957
49.849,48.250,47.122,44.655,45.071,47.648,57.902,65.735,67.634,61.192,55.634,50.142,45.095,41.653,41.027,43.018,47.174,54.323,61.002,64.773,63.447,55.599,49.068,44.308
50.711,49.096,48.031,45.590,45.856,48.579,59.006,67.055,68.952,62.438,56.794,51.193,46.015,42.496,41.878,43.827,48.159,55.483,62.186,65.986,64.582,56.577,49.896,45.057
51.505,49.880,48.752,46.211,46.598,49.293,59.856,67.972,69.927,63.308,57.599,51.983,46.774,43.222,42.589,44.608,48.929,56.265,63.072,66.892,65.561,57.437,50.706,45.810
52.466,50.729,49.436,46.954,47.267,50.019,60.822,69.102,71.020,64.372,58.447,52.851,47.553,44.069,43.376,45.455,49.669,57.101,64.115,68.056,66.613,58.271,51.582,46.627
53.467,51.677,50.444,48.121,48.042,51.086,62.136,70.786,72.625,65.988,59.896,54.264,48.765,45.256,44.562,46.528,50.940,58.587,65.577,69.525,67.901,59.272,52.480,47.454
55.744,53.511,51.877,50.168,49.266,52.732,64.406,73.615,75.106,68.636,61.828,56.187,50.330,47.143,46.257,48.212,52.368,60.539,68.073,72.515,70.085,60.915,54.324,49.188
57.127,54.967,53.535,51.826,50.862,54.373,65.927,75.100,76.606,70.116,63.443,57.645,51.776,48.472,47.642,49.512,53.892,62.156,69.555,73.969,71.513,62.495,55.747,50.608
