5.076,3.083,2.250,1.573,3.986,8.761,18.541,24.659,22.468,17.510,11.209,6.217,4.462,-1.048,-5.175,-4.212,3.235,8.193,18.176,29.721,26.035,16.933,10.050,5.041
8.099,6.646,5.386,4.770,6.644,11.172,21.563,28.090,26.789,21.351,15.279,10.049,7.681,3.103,-0.833,0.118,6.961,12.321,22.903,33.792,30.580,20.752,13.753,8.796
10.241,8.979,7.685,7.141,8.662,13.012,23.322,29.831,28.933,23.366,17.569,12.367,9.907,5.775,2.097,3.100,9.331,14.854,25.287,35.393,32.537,22.815,15.965,10.995
11.830,10.615,9.386,8.900,10.153,14.337,24.470,30.925,30.239,24.598,19.052,13.926,11.508,7.605,4.147,5.139,10.915,16.597,26.785,36.302,33.643,24.074,17.460,12.492
13.041,11.874,10.701,10.259,11.324,15.360,25.260,31.602,31.065,25.441,20.118,15.099,12.735,9.028,5.754,6.739,12.145,17.860,27.769,36.782,34.291,24.946,18.550,13.632
14.026,12.797,11.680,11.225,12.345,16.244,25.865,32.055,31.389,25.957,20.759,15.908,13.661,9.905,6.650,7.485,12.974,18.523,28.179,37.243,34.629,25.424,19.290,14.604
14.640,13.383,12.287,11.821,12.983,16.815,26.296,32.406,31.668,26.344,21.202,16.438,14.246,10.463,7.208,7.963,13.516,18.961,28.497,37.366,34.783,25.790,19.783,15.226
15.298,13.950,13.028,12.591,13.756,17.623,26.767,32.654,31.809,26.618,21.536,16.882,14.902,11.019,7.868,8.743,14.081,19.435,28.581,37.613,34.928,26.136,20.213,15.555
15.823,14.611,13.546,13.105,14.205,18.011,27.337,33.334,32.663,27.395,22.334,17.624,15.466,11.786,8.625,9.454,14.783,20.169,29.523,38.322,35.783,26.885,20.918,16.341
16.277,15.079,14.028,13.596,14.667,18.434,27.670,33.612,32.963,27.732,22.729,18.062,15.925,12.292,9.173,10.000,15.249,20.601,29.859,38.497,36.015,27.230,21.325,16.780
16.714,15.467,14.501,14.086,15.102,18.806,27.863,33.721,33.052,27.860,22.959,18.371,16.337,12.693,9.654,10.457,15.580,20.946,30.000,38.537,36.038,27.367,21.614,17.091
17.068,15.864,14.872,14.460,15.472,19.195,28.270,34.121,33.493,28.304,23.390,18.788,16.720,13.127,10.093,10.941,16.021,21.359,30.430,38.870,36.446,27.827,22.018,17.473
17.354,16.146,15.136,14.712,15.747,19.430,28.499,34.354,33.702,28.541,23.643,19.063,16.988,13.390,10.333,11.113,16.276,21.583,30.669,39.211,36.722,28.037,22.281,17.821
17.636,16.396,15.411,14.983,16.054,19.734,28.743,34.560,33.850,28.736,23.839,19.289,17.255,13.606,10.540,11.306,16.511,21.775,30.805,39.386,36.862,28.229,22.505,18.068
17.943,16.711,15.735,15.308,16.399,20.093,29.047,34.814,34.090,29.022,24.123,19.592,17.575,13.929,10.870,11.669,16.849,22.053,31.027,39.563,37.061,28.532,22.794,18.352
18.266,17.005,16.061,15.631,16.741,20.385,29.211,34.907,34.129,29.141,24.295,19.835,17.875,14.205,11.161,11.909,17.107,22.242,31.096,39.584,37.068,28.640,23.009,18.651
18.667,17.361,16.493,16.073,17.169,20.776,29.424,35.019,34.196,29.278,24.502,20.120,18.257,14.560,11.571,12.314,17.428,22.526,31.185,39.630,37.094,28.790,23.273,18.935
18.871,17.574,16.696,16.275,17.375,20.971,29.615,35.207,34.386,29.479,24.709,20.332,18.463,14.777,11.786,12.519,17.642,22.724,31.383,39.791,37.264,28.988,23.477,19.161
19.069,17.778,16.907,16.496,17.537,21.104,29.751,35.360,34.587,29.639,24.909,20.532,18.659,15.014,12.058,12.780,17.830,22.974,31.623,39.944,37.443,29.148,23.675,19.351
19.310,18.014,17.154,16.747,17.762,21.291,29.902,35.503,34.739,29.793,25.104,20.749,18.891,15.261,12.328,13.022,18.042,23.200,31.810,40.090,37.586,29.295,23.882,19.587
19.526,18.247,17.381,16.973,18.009,21.555,30.141,35.708,34.941,30.031,25.331,20.983,19.122,15.504,12.569,13.294,18.304,23.406,31.994,40.250,37.774,29.545,24.103,19.805
19.770,18.477,17.636,17.235,18.245,21.766,30.299,35.846,35.080,30.174,25.512,21.188,19.357,15.742,12.835,13.547,18.512,23.629,32.156,40.349,37.878,29.689,24.302,20.013
20.003,18.713,17.886,17.492,18.471,21.958,30.437,35.957,35.211,30.316,25.699,21.402,19.588,16.003,13.130,13.832,18.736,23.854,32.319,40.427,37.978,29.833,24.500,20.229
20.148,18.852,18.029,17.633,18.616,22.093,30.560,36.075,35.320,30.433,25.824,21.536,19.728,16.137,13.264,13.952,18.867,23.980,32.434,40.555,38.093,29.946,24.631,20.377
20.356,19.070,18.255,17.869,18.815,22.273,30.712,36.215,35.490,30.597,26.020,21.743,19.941,16.385,13.543,14.239,19.083,24.212,32.628,40.655,38.229,30.117,24.827,20.568
20.537,19.251,18.447,18.063,18.999,22.438,30.834,36.312,35.591,30.715,26.165,21.909,20.121,16.578,13.754,14.443,19.258,24.374,32.745,40.728,38.311,30.237,24.981,20.739
20.761,19.481,18.693,18.316,19.251,22.707,31.056,36.493,35.772,30.920,26.373,22.127,20.359,16.822,14.017,14.749,19.509,24.595,32.909,40.811,38.440,30.463,25.192,20.921
20.977,19.719,18.934,18.568,19.461,22.923,31.276,36.713,36.045,31.164,26.630,22.372,20.593,17.103,14.331,15.104,19.768,24.884,33.188,40.970,38.666,30.725,25.433,21.117
21.159,19.879,19.115,18.748,19.647,23.083,31.375,36.782,36.081,31.234,26.727,22.504,20.759,17.248,14.482,15.223,19.901,24.997,33.240,41.030,38.696,30.787,25.556,21.279
21.289,20.021,19.241,18.869,19.786,23.223,31.520,36.923,36.220,31.389,26.874,22.651,20.894,17.389,14.612,15.350,20.053,25.119,33.376,41.195,38.856,30.939,25.697,21.438
21.422,20.141,19.359,18.981,19.913,23.325,31.606,37.007,36.279,31.468,26.965,22.761,21.011,17.491,14.702,15.398,20.150,25.200,33.452,41.331,38.947,31.003,25.801,21.592
21.590,20.328,19.535,19.160,20.075,23.477,31.763,37.166,36.466,31.649,27.158,22.953,21.187,17.701,14.921,15.620,20.345,25.396,33.652,41.497,39.134,31.185,25.984,21.780
21.708,20.433,19.652,19.275,20.201,23.594,31.846,37.229,36.506,31.712,27.230,23.043,21.297,17.794,15.015,15.701,20.439,25.472,33.695,41.549,39.170,31.246,26.071,21.885
21.802,20.535,19.749,19.375,20.279,23.661,31.927,37.325,36.627,31.812,27.342,23.150,21.393,17.912,15.144,15.826,20.539,25.597,33.832,41.659,39.291,31.345,26.176,21.988
21.973,20.715,19.912,19.533,20.438,23.790,32.054,37.457,36.762,31.959,27.507,23.328,21.557,18.094,15.320,15.963,20.706,25.750,33.994,41.857,39.464,31.476,26.342,22.206
22.129,20.887,20.075,19.698,20.596,23.938,32.191,37.584,36.906,32.113,27.672,23.499,21.720,18.284,15.517,16.162,20.886,25.914,34.148,41.983,39.607,31.632,26.501,22.379
22.237,20.981,20.192,19.819,20.713,24.056,32.272,37.643,36.954,32.170,27.739,23.579,21.826,18.376,15.624,16.279,20.975,26.003,34.193,41.987,39.620,31.696,26.581,22.445
22.386,21.143,20.340,19.963,20.873,24.209,32.415,37.772,37.079,32.321,27.892,23.741,21.979,18.541,15.780,16.427,21.145,26.133,34.322,42.137,39.765,31.845,26.731,22.625
22.462,21.215,20.408,20.028,20.936,24.255,32.464,37.831,37.137,32.376,27.957,23.811,22.046,18.608,15.844,16.465,21.202,26.198,34.395,42.237,39.843,31.890,26.799,22.718
22.643,21.403,20.608,20.233,21.139,24.454,32.605,37.928,37.234,32.507,28.105,23.982,22.235,18.812,16.068,16.708,21.401,26.359,34.493,42.265,39.903,32.032,26.955,22.876
22.782,21.560,20.744,20.365,21.271,24.571,32.736,38.067,37.388,32.664,28.269,24.147,22.377,18.980,16.230,16.854,21.561,26.506,34.663,42.453,40.086,32.182,27.109,23.059
22.911,21.703,20.875,20.498,21.388,24.687,32.880,38.230,37.577,32.832,28.436,24.301,22.512,19.137,16.391,17.018,21.709,26.676,34.859,42.635,40.282,32.350,27.264,23.206
23.041,21.836,21.008,20.634,21.503,24.779,32.966,38.319,37.683,32.929,28.557,24.429,22.639,19.283,16.551,17.162,21.831,26.814,34.988,42.736,40.386,32.443,27.386,23.343
23.144,21.953,21.114,20.743,21.593,24.865,33.077,38.448,37.839,33.063,28.695,24.555,22.747,19.416,16.689,17.302,21.952,26.957,35.154,42.884,40.548,32.577,27.513,23.463
23.266,22.066,21.238,20.867,21.722,24.980,33.150,38.497,37.873,33.122,28.771,24.652,22.863,19.526,16.806,17.408,22.056,27.040,35.196,42.915,40.572,32.635,27.601,23.572
23.362,22.151,21.334,20.962,21.820,25.070,33.216,38.552,37.914,33.174,28.832,24.726,22.953,19.604,16.886,17.478,22.130,27.109,35.241,42.963,40.608,32.685,27.674,23.656
23.468,22.268,21.437,21.063,21.921,25.160,33.313,38.653,38.022,33.286,28.949,24.846,23.059,19.725,17.003,17.581,22.246,27.215,35.361,43.099,40.737,32.791,27.787,23.792
23.591,22.394,21.569,21.198,22.041,25.265,33.397,38.726,38.107,33.374,29.057,24.964,23.183,19.864,17.158,17.733,22.369,27.340,35.460,43.157,40.808,32.880,27.897,23.910
23.725,22.540,21.722,21.361,22.171,25.403,33.534,38.863,38.279,33.523,29.215,25.112,23.330,20.039,17.360,17.968,22.528,27.527,35.633,43.229,40.938,33.043,28.046,24.017
23.875,22.678,21.887,21.533,22.327,25.549,33.624,38.922,38.334,33.590,29.309,25.227,23.477,20.184,17.530,18.145,22.656,27.656,35.695,43.237,40.947,33.119,28.156,24.120
24.034,22.836,22.053,21.701,22.495,25.713,33.759,39.036,38.445,33.718,29.446,25.377,23.637,20.347,17.702,18.322,22.817,27.800,35.808,43.315,41.043,33.251,28.298,24.267
24.168,22.984,22.192,21.841,22.618,25.818,33.864,39.144,38.575,33.844,29.590,25.524,23.774,20.513,17.877,18.488,22.963,27.951,35.959,43.440,41.178,33.374,28.437,24.421
24.255,23.081,22.282,21.933,22.704,25.909,33.969,39.255,38.701,33.960,29.703,25.629,23.867,20.620,17.987,18.608,23.069,28.062,36.083,43.548,41.301,33.495,28.542,24.514
24.345,23.167,22.377,22.030,22.794,26.006,34.064,39.350,38.798,34.050,29.791,25.714,23.958,20.708,18.081,18.714,23.157,28.161,36.175,43.619,41.382,33.589,28.631,24.585
24.495,23.306,22.535,22.192,22.943,26.136,34.149,39.414,38.857,34.121,29.889,25.833,24.102,20.851,18.243,18.867,23.282,28.286,36.250,43.652,41.417,33.661,28.744,24.709
24.626,23.422,22.664,22.317,23.087,26.260,34.216,39.447,38.857,34.164,29.950,25.927,24.221,20.953,18.345,18.943,23.382,28.347,36.259,43.679,41.418,33.698,28.825,24.833
24.778,23.578,22.831,22.496,23.215,26.375,34.330,39.571,39.021,34.291,30.106,26.078,24.376,21.137,18.563,19.170,23.530,28.549,36.445,43.771,41.546,33.832,28.978,24.959
24.892,23.682,22.950,22.619,23.321,26.464,34.394,39.628,39.080,34.347,30.185,26.170,24.483,21.245,18.687,19.283,23.619,28.654,36.519,43.814,41.588,33.887,29.068,25.054
24.997,23.787,23.056,22.725,23.423,26.574,34.517,39.759,39.216,34.471,30.302,26.278,24.590,21.349,18.792,19.396,23.726,28.774,36.650,43.939,41.719,34.013,29.182,25.152
25.147,23.938,23.210,22.880,23.583,26.733,34.654,39.880,39.332,34.603,30.439,26.424,24.742,21.503,18.948,19.557,23.881,28.910,36.765,44.041,41.827,34.148,29.321,25.297
25.293,24.097,23.350,23.014,23.734,26.875,34.801,40.025,39.475,34.765,30.598,26.588,24.890,21.662,19.094,19.687,24.045,29.043,36.914,44.230,42.002,34.302,29.476,25.485
25.373,24.183,23.427,23.090,23.820,26.990,34.954,40.194,39.646,34.922,30.725,26.691,24.978,21.744,19.162,19.780,24.149,29.151,37.061,44.397,42.178,34.465,29.590,25.568
25.520,24.335,23.576,23.239,23.963,27.134,35.105,40.349,39.810,35.079,30.883,26.846,25.128,21.901,19.321,19.942,24.303,29.311,37.227,44.553,42.341,34.623,29.744,25.718
25.630,24.441,23.683,23.346,24.076,27.240,35.200,40.437,39.890,35.170,30.977,26.947,25.234,22.003,19.422,20.034,24.405,29.403,37.308,44.645,42.424,34.711,29.843,25.829
25.728,24.538,23.777,23.437,24.186,27.366,35.332,40.566,40.005,35.294,31.083,27.049,25.334,22.090,19.496,20.118,24.511,29.492,37.407,44.771,42.545,34.838,29.947,25.928
25.868,24.678,23.917,23.575,24.327,27.501,35.458,40.687,40.122,35.420,31.213,27.186,25.473,22.229,19.634,20.248,24.648,29.619,37.528,44.900,42.667,34.960,30.080,26.075
26.009,24.808,24.059,23.719,24.459,27.608,35.534,40.754,40.185,35.489,31.309,27.300,25.603,22.359,19.777,20.369,24.758,29.736,37.613,44.966,42.724,35.025,30.189,26.205
26.150,24.955,24.199,23.859,24.593,27.731,35.660,40.885,40.324,35.626,31.454,27.448,25.744,22.512,19.931,20.511,24.901,29.881,37.763,45.120,42.873,35.157,30.332,26.363
26.342,25.165,24.402,24.067,24.764,27.861,35.775,40.999,40.477,35.772,31.643,27.650,25.937,22.755,20.200,20.759,25.101,30.096,37.959,45.253,43.024,35.298,30.518,26.578
26.453,25.272,24.513,24.176,24.881,27.974,35.870,41.082,40.549,35.858,31.733,27.750,26.045,22.856,20.301,20.854,25.204,30.184,38.031,45.331,43.096,35.384,30.614,26.686
26.602,25.427,24.667,24.331,25.023,28.091,35.963,41.165,40.643,35.962,31.863,27.896,26.192,23.025,20.482,21.018,25.352,30.325,38.149,45.423,43.190,35.484,30.748,26.847
26.750,25.568,24.823,24.491,25.188,28.271,36.119,41.300,40.767,36.098,31.994,28.031,26.344,23.164,20.628,21.188,25.501,30.463,38.257,45.501,43.284,35.630,30.884,26.960
26.847,25.668,24.912,24.576,25.281,28.365,36.234,41.429,40.893,36.220,32.107,28.138,26.439,23.257,20.708,21.258,25.600,30.561,38.383,45.665,43.434,35.747,30.993,27.078
27.006,25.855,25.089,24.764,25.425,28.532,36.453,41.676,41.194,36.475,32.355,28.349,26.621,23.485,20.958,21.557,25.816,30.830,38.687,45.856,43.676,36.017,31.213,27.231
27.111,25.926,25.195,24.872,25.527,28.619,36.491,41.696,41.204,36.475,32.377,28.393,26.708,23.538,21.025,21.607,25.857,30.886,38.688,45.861,43.688,36.019,31.261,27.285
27.248,26.051,25.346,25.030,25.670,28.755,36.577,41.755,41.249,36.539,32.463,28.498,26.843,23.669,21.179,21.769,25.973,31.006,38.747,45.877,43.713,36.089,31.362,27.376
27.419,26.221,25.534,25.224,25.854,28.947,36.733,41.884,41.382,36.681,32.614,28.657,27.020,23.850,21.381,21.998,26.152,31.178,38.874,45.912,43.776,36.245,31.518,27.507
27.592,26.403,25.726,25.424,26.041,29.159,36.939,42.076,41.594,36.885,32.810,28.842,27.209,24.053,21.600,22.268,26.359,31.389,39.066,46.023,43.939,36.469,31.705,27.642
27.720,26.527,25.864,25.568,26.173,29.298,37.060,42.187,41.709,36.996,32.926,28.960,27.341,24.184,21.746,22.432,26.486,31.525,39.176,46.085,44.023,36.590,31.825,27.739
27.854,26.655,26.018,25.731,26.323,29.485,37.237,42.350,41.877,37.150,33.066,29.086,27.487,24.320,21.901,22.646,26.633,31.692,39.315,46.139,44.124,36.767,31.964,27.803
27.994,26.768,26.159,25.875,26.455,29.591,37.292,42.387,41.895,37.178,33.126,29.173,27.609,24.422,22.021,22.738,26.715,31.785,39.352,46.158,44.126,36.790,32.048,27.908
28.185,26.956,26.323,26.024,26.646,29.754,37.454,42.551,42.023,37.344,33.292,29.359,27.784,24.582,22.145,22.801,26.884,31.905,39.495,46.431,44.327,36.931,32.222,28.166
28.321,27.097,26.470,26.177,26.771,29.874,37.578,42.681,42.178,37.478,33.439,29.501,27.925,24.742,22.324,22.990,27.026,32.077,39.661,46.541,44.462,37.069,32.365,28.290
28.526,27.311,26.676,26.383,26.974,30.067,37.766,42.866,42.373,37.678,33.647,29.714,28.131,24.965,22.549,23.210,27.241,32.283,39.865,46.737,44.662,37.267,32.571,28.511
28.724,27.527,26.890,26.603,27.187,30.314,38.030,43.126,42.655,37.949,33.898,29.944,28.350,25.200,22.793,23.507,27.490,32.533,40.123,46.934,44.911,37.558,32.805,28.690
28.957,27.782,27.125,26.839,27.413,30.545,38.298,43.413,42.972,38.246,34.188,30.216,28.594,25.472,23.063,23.787,27.760,32.813,40.441,47.245,45.240,37.857,33.077,28.952
29.179,28.002,27.362,27.082,27.637,30.770,38.497,43.597,43.167,38.437,34.392,30.426,28.820,25.705,23.318,24.060,27.981,33.045,40.637,47.354,45.386,38.058,33.286,29.139
29.508,28.313,27.715,27.442,27.983,31.065,38.648,43.667,43.214,38.551,34.578,30.681,29.137,26.029,23.686,24.406,28.266,33.281,40.723,47.373,45.396,38.176,33.510,29.415
29.793,28.628,28.015,27.748,28.257,31.330,38.927,43.953,43.551,38.869,34.911,31.007,29.437,26.384,24.060,24.794,28.597,33.626,41.077,47.639,45.713,38.500,33.825,29.723
29.962,28.775,28.154,27.869,28.458,31.541,39.123,44.130,43.649,39.029,35.036,31.149,29.591,26.473,24.097,24.800,28.737,33.687,41.148,47.871,45.869,38.644,33.967,29.920
30.236,29.028,28.445,28.168,28.751,31.858,39.398,44.376,43.879,39.262,35.267,31.386,29.867,26.722,24.367,25.110,28.994,33.952,41.354,48.004,46.032,38.897,34.212,30.112
30.441,29.200,28.630,28.341,28.994,32.132,39.650,44.604,44.028,39.459,35.422,31.551,30.060,26.838,24.443,25.186,29.166,34.065,41.457,48.222,46.197,39.091,34.387,30.295
30.897,29.693,29.074,28.779,29.407,32.466,40.003,44.984,44.453,39.886,35.901,32.049,30.509,27.362,24.966,25.624,29.635,34.529,41.960,48.765,46.707,39.485,34.854,30.874
31.234,30.005,29.414,29.118,29.762,32.817,40.295,45.240,44.670,40.137,36.162,32.336,30.836,27.655,25.265,25.917,29.933,34.801,42.172,48.973,46.900,39.738,35.138,31.168
31.579,30.346,29.747,29.450,30.089,33.156,40.686,45.668,45.104,40.536,36.543,32.693,31.178,27.987,25.585,26.235,30.271,35.178,42.599,49.437,47.352,40.133,35.511,31.521
31.945,30.730,30.132,29.842,30.476,33.590,41.138,46.114,45.574,40.991,36.969,33.092,31.568,28.390,25.996,26.716,30.695,35.603,43.032,49.800,47.777,40.613,35.918,31.856
32.529,31.330,30.701,30.417,30.986,34.117,41.838,46.941,46.482,41.758,37.709,33.748,32.157,29.010,26.612,27.337,31.294,36.360,43.949,50.730,48.721,41.371,36.614,32.478
33.266,32.029,31.426,31.146,31.691,34.804,42.527,47.653,47.180,42.423,38.392,34.433,32.869,29.688,27.299,27.990,31.950,37.082,44.663,51.459,49.414,42.025,37.317,33.178
34.545,33.053,32.591,32.273,32.940,35.926,43.440,48.527,47.722,43.087,39.123,35.316,33.974,30.457,28.001,28.396,32.724,37.850,45.255,52.504,50.059,42.586,38.233,34.332
