16.414,13.073,11.127,7.969,7.669,9.365,19.274,28.047,27.879,22.554,16.294,12.711,9.158,3.290,1.917,0.555,4.894,14.934,23.107,30.698,32.163,29.986,26.414,17.491
21.115,18.191,16.488,14.414,13.771,15.001,23.521,31.353,31.386,26.202,20.830,17.358,13.797,9.489,7.421,6.484,10.059,18.719,26.217,32.929,34.604,33.176,29.706,21.963
23.217,20.422,18.779,16.842,16.331,17.537,25.496,32.576,32.698,28.235,23.366,20.027,17.105,12.576,10.649,9.756,13.341,21.504,28.484,34.390,36.249,34.435,31.549,24.298
24.134,21.535,19.864,18.973,18.215,19.309,26.948,34.022,34.095,29.374,25.018,21.693,18.970,15.333,12.788,12.371,15.471,23.163,29.784,35.663,37.014,35.305,32.592,26.037
24.875,22.384,20.711,20.378,19.461,20.472,27.935,35.046,35.093,30.156,26.040,22.718,20.001,16.939,14.036,13.872,16.677,24.110,30.576,36.497,37.580,36.031,33.326,27.126
25.368,22.982,21.336,21.261,20.300,21.269,28.529,35.546,35.556,30.605,26.672,23.441,20.793,18.054,15.075,15.035,17.637,24.814,31.057,36.920,37.780,36.326,33.683,27.778
25.761,23.433,21.811,21.806,20.849,21.804,28.934,35.852,35.842,30.945,27.108,23.949,21.363,18.737,15.785,15.781,18.295,25.322,31.420,37.210,37.969,36.546,33.959,28.208
26.298,23.989,22.388,22.315,21.395,22.348,29.397,36.203,36.200,31.412,27.605,24.489,21.953,19.277,16.413,16.377,18.899,25.858,31.887,37.577,38.366,36.928,34.390,28.678
26.795,24.528,22.988,22.707,21.850,22.795,29.712,36.378,36.355,31.682,27.854,24.856,22.285,19.604,16.960,16.837,19.329,26.168,32.084,37.699,38.474,37.143,34.581,28.906
27.166,24.928,23.397,23.113,22.302,23.259,30.086,36.620,36.593,32.068,28.327,25.381,22.952,20.202,17.635,17.512,20.005,26.757,32.548,38.031,38.783,37.360,34.922,29.344
27.457,25.236,23.728,23.382,22.600,23.552,30.299,36.728,36.711,32.282,28.568,25.658,23.266,20.480,17.987,17.835,20.332,27.020,32.751,38.140,38.930,37.504,35.102,29.559
27.739,25.517,23.993,23.798,22.989,23.920,30.611,36.961,36.990,32.623,29.016,26.046,23.757,20.967,18.342,18.246,20.759,27.406,33.127,38.387,39.281,37.760,35.456,29.978
27.961,25.752,24.232,24.040,23.249,24.188,30.840,37.136,37.161,32.855,29.288,26.342,24.116,21.300,18.708,18.614,21.125,27.734,33.398,38.604,39.478,37.918,35.669,30.236
28.186,25.989,24.474,24.341,23.534,24.453,31.053,37.305,37.347,33.054,29.532,26.576,24.365,21.596,18.957,18.885,21.377,27.936,33.582,38.738,39.644,38.092,35.860,30.473
28.363,26.189,24.677,24.608,23.804,24.720,31.261,37.455,37.494,33.250,29.797,26.862,24.724,21.979,19.331,19.289,21.753,28.247,33.819,38.913,39.785,38.199,36.032,30.727
28.502,26.330,24.820,24.780,23.966,24.871,31.389,37.562,37.614,33.375,29.942,26.995,24.860,22.135,19.457,19.425,21.884,28.360,33.933,39.000,39.901,38.319,36.157,30.868
28.589,26.438,24.932,24.946,24.117,25.013,31.501,37.674,37.716,33.452,30.045,27.115,24.975,22.330,19.630,19.625,22.038,28.469,34.008,39.085,39.933,38.385,36.220,30.982
28.787,26.648,25.142,25.170,24.358,25.265,31.726,37.860,37.893,33.681,30.313,27.406,25.333,22.664,19.991,19.994,22.403,28.803,34.286,39.322,40.134,38.539,36.430,31.239
28.943,26.814,25.316,25.354,24.551,25.450,31.856,37.919,37.965,33.815,30.489,27.589,25.563,22.880,20.213,20.218,22.628,28.982,34.427,39.387,40.232,38.614,36.549,31.397
29.095,26.969,25.464,25.521,24.724,25.633,32.050,38.118,38.154,34.012,30.700,27.807,25.815,23.119,20.456,20.472,22.880,29.237,34.661,39.624,40.433,38.782,36.743,31.608
29.253,27.134,25.639,25.656,24.876,25.786,32.167,38.184,38.225,34.134,30.832,27.957,25.984,23.259,20.638,20.636,23.053,29.383,34.780,39.697,40.527,38.870,36.851,31.726
29.385,27.271,25.789,25.760,24.992,25.897,32.252,38.237,38.279,34.214,30.904,28.047,26.063,23.330,20.750,20.727,23.144,29.453,34.837,39.733,40.580,38.944,36.917,31.792
29.489,27.380,25.898,25.881,25.108,26.014,32.372,38.372,38.406,34.321,31.011,28.160,26.167,23.462,20.879,20.863,23.264,29.569,34.946,39.863,40.678,39.058,37.022,31.906
29.612,27.507,26.030,26.012,25.243,26.143,32.470,38.432,38.475,34.423,31.131,28.282,26.306,23.592,21.013,20.994,23.399,29.680,35.043,39.919,40.763,39.135,37.117,32.016
29.743,27.641,26.163,26.162,25.385,26.283,32.614,38.594,38.632,34.555,31.261,28.413,26.422,23.739,21.148,21.138,23.527,29.807,35.171,40.068,40.890,39.280,37.248,32.153
29.856,27.764,26.292,26.268,25.494,26.395,32.732,38.739,38.756,34.648,31.332,28.511,26.487,23.841,21.282,21.266,23.630,29.904,35.254,40.199,40.961,39.394,37.331,32.239
29.967,27.878,26.410,26.373,25.602,26.504,32.839,38.847,38.859,34.748,31.427,28.616,26.585,23.946,21.403,21.383,23.740,30.009,35.352,40.305,41.051,39.496,37.426,32.336
30.075,27.987,26.521,26.502,25.723,26.617,32.939,38.941,38.959,34.844,31.530,28.713,26.675,24.056,21.493,21.479,23.830,30.088,35.435,40.379,41.139,39.596,37.521,32.439
30.252,28.172,26.715,26.640,25.883,26.783,33.090,39.067,39.076,34.992,31.669,28.882,26.848,24.206,21.704,21.668,24.020,30.264,35.584,40.517,41.262,39.724,37.654,32.573
30.340,28.260,26.807,26.714,25.960,26.860,33.164,39.137,39.145,35.065,31.736,28.953,26.913,24.266,21.779,21.735,24.088,30.331,35.649,40.582,41.330,39.801,37.724,32.639
30.512,28.431,26.983,26.868,26.123,27.019,33.299,39.231,39.252,35.213,31.893,29.108,27.083,24.406,21.932,21.875,24.245,30.475,35.789,40.676,41.472,39.928,37.868,32.782
30.674,28.591,27.145,27.001,26.261,27.162,33.459,39.411,39.422,35.368,32.024,29.250,27.205,24.526,22.076,22.009,24.377,30.620,35.939,40.856,41.629,40.102,38.022,32.920
30.771,28.692,27.246,27.121,26.379,27.276,33.552,39.479,39.498,35.463,32.141,29.363,27.337,24.659,22.197,22.136,24.504,30.730,36.039,40.925,41.715,40.176,38.115,33.030
30.827,28.753,27.304,27.203,26.459,27.358,33.634,39.567,39.580,35.539,32.228,29.454,27.440,24.776,22.306,22.258,24.615,30.834,36.129,41.022,41.784,40.240,38.187,33.120
30.858,28.793,27.345,27.281,26.525,27.418,33.687,39.636,39.641,35.570,32.269,29.501,27.475,24.865,22.374,22.343,24.672,30.874,36.158,41.072,41.798,40.278,38.215,33.172
30.988,28.926,27.485,27.389,26.647,27.540,33.779,39.680,39.693,35.672,32.381,29.621,27.616,24.973,22.511,22.464,24.807,30.990,36.257,41.122,41.883,40.349,38.307,33.269
31.101,29.047,27.616,27.486,26.755,27.648,33.871,39.757,39.762,35.753,32.455,29.719,27.706,25.067,22.646,22.586,24.919,31.084,36.329,41.194,41.935,40.423,38.373,33.343
31.240,29.187,27.758,27.610,26.895,27.793,33.998,39.844,39.854,35.894,32.612,29.884,27.910,25.227,22.832,22.764,25.112,31.265,36.488,41.309,42.068,40.521,38.506,33.486
31.354,29.307,27.880,27.728,27.023,27.925,34.117,39.944,39.950,36.014,32.745,30.030,28.080,25.386,23.010,22.941,25.288,31.427,36.626,41.430,42.173,40.612,38.617,33.615
31.409,29.366,27.938,27.816,27.101,27.999,34.182,40.011,40.017,36.071,32.814,30.096,28.146,25.479,23.082,23.026,25.360,31.487,36.681,41.485,42.222,40.667,38.673,33.686
31.485,29.441,28.011,27.915,27.189,28.081,34.262,40.093,40.107,36.149,32.901,30.169,28.215,25.565,23.136,23.090,25.422,31.548,36.753,41.554,42.306,40.753,38.758,33.774
31.597,29.557,28.127,28.036,27.319,28.213,34.380,40.186,40.199,36.272,33.043,30.319,28.398,25.730,23.313,23.269,25.603,31.715,36.896,41.669,42.418,40.840,38.873,33.908
31.667,29.640,28.208,28.142,27.427,28.328,34.490,40.301,40.299,36.367,33.155,30.450,28.551,25.906,23.497,23.468,25.778,31.873,37.019,41.804,42.491,40.909,38.957,34.026
31.804,29.778,28.351,28.268,27.561,28.461,34.607,40.394,40.395,36.488,33.280,30.583,28.693,26.033,23.641,23.604,25.920,32.003,37.139,41.901,42.601,41.014,39.071,34.145
31.897,29.879,28.459,28.360,27.658,28.555,34.682,40.451,40.450,36.554,33.348,30.664,28.770,26.119,23.747,23.704,26.011,32.075,37.195,41.947,42.643,41.072,39.127,34.210
31.955,29.935,28.504,28.475,27.757,28.654,34.790,40.575,40.576,36.664,33.484,30.781,28.912,26.279,23.852,23.839,26.140,32.208,37.330,42.084,42.770,41.171,39.247,34.350
32.019,30.003,28.573,28.542,27.825,28.722,34.853,40.637,40.635,36.722,33.543,30.845,28.974,26.349,23.929,23.915,26.211,32.272,37.388,42.144,42.820,41.228,39.301,34.410
32.137,30.118,28.686,28.662,27.943,28.841,34.980,40.772,40.771,36.853,33.673,30.970,29.101,26.473,24.043,24.034,26.331,32.400,37.522,42.283,42.959,41.361,39.436,34.541
32.293,30.277,28.850,28.793,28.096,28.999,35.108,40.839,40.846,36.998,33.838,31.148,29.326,26.640,24.251,24.225,26.544,32.593,37.685,42.382,43.088,41.451,39.569,34.686
32.410,30.400,28.978,28.909,28.226,29.129,35.203,40.881,40.895,37.103,33.968,31.287,29.505,26.788,24.422,24.389,26.717,32.739,37.801,42.442,43.172,41.507,39.662,34.800
32.483,30.474,29.049,29.002,28.320,29.224,35.291,40.955,40.971,37.195,34.080,31.397,29.642,26.918,24.541,24.518,26.848,32.862,37.912,42.532,43.263,41.574,39.753,34.908
32.567,30.562,29.140,29.077,28.403,29.311,35.375,41.036,41.044,37.276,34.158,31.490,29.739,27.010,24.659,24.631,26.956,32.964,37.999,42.623,43.332,41.645,39.826,34.986
32.696,30.689,29.276,29.167,28.501,29.406,35.457,41.097,41.112,37.362,34.230,31.565,29.798,27.051,24.728,24.677,27.014,33.019,38.059,42.668,43.410,41.740,39.908,35.051
32.803,30.801,29.394,29.270,28.611,29.513,35.544,41.161,41.177,37.447,34.320,31.666,29.903,27.153,24.847,24.789,27.125,33.113,38.139,42.728,43.477,41.810,39.985,35.137
32.908,30.908,29.504,29.356,28.703,29.606,35.634,41.247,41.260,37.534,34.398,31.753,29.981,27.227,24.943,24.875,27.210,33.196,38.219,42.810,43.557,41.901,40.067,35.214
33.032,31.034,29.631,29.491,28.842,29.745,35.758,41.347,41.365,37.663,34.546,31.901,30.155,27.388,25.103,25.038,27.378,33.351,38.360,42.923,43.680,42.004,40.193,35.355
33.171,31.173,29.772,29.609,28.971,29.877,35.883,41.451,41.470,37.796,34.680,32.042,30.311,27.515,25.254,25.179,27.529,33.499,38.498,43.040,43.809,42.119,40.322,35.482
33.246,31.254,29.855,29.698,29.057,29.962,35.966,41.544,41.556,37.866,34.748,32.119,30.377,27.608,25.350,25.278,27.612,33.574,38.565,43.125,43.866,42.195,40.387,35.556
33.338,31.347,29.948,29.792,29.146,30.051,36.067,41.670,41.674,37.956,34.825,32.200,30.434,27.690,25.429,25.360,27.683,33.650,38.647,43.239,43.955,42.306,40.477,35.643
33.435,31.444,30.049,29.872,29.232,30.139,36.150,41.743,41.747,38.042,34.907,32.288,30.524,27.765,25.523,25.445,27.773,33.738,38.731,43.315,44.037,42.388,40.560,35.721
33.536,31.546,30.154,29.959,29.322,30.228,36.241,41.839,41.840,38.128,34.981,32.367,30.587,27.834,25.604,25.519,27.843,33.810,38.806,43.401,44.119,42.486,40.644,35.798
33.614,31.620,30.222,30.055,29.403,30.305,36.335,41.963,41.964,38.217,35.065,32.436,30.637,27.910,25.646,25.572,27.891,33.871,38.888,43.509,44.224,42.603,40.744,35.890
33.706,31.711,30.311,30.169,29.509,30.406,36.429,42.050,42.061,38.314,35.174,32.532,30.738,28.018,25.726,25.662,27.982,33.959,38.983,43.589,44.325,42.698,40.845,35.997
33.818,31.828,30.434,30.281,29.624,30.520,36.527,42.135,42.143,38.405,35.267,32.637,30.840,28.128,25.853,25.784,28.096,34.057,39.067,43.667,44.397,42.782,40.928,36.089
33.950,31.964,30.574,30.393,29.748,30.647,36.647,42.241,42.244,38.524,35.383,32.768,30.978,28.251,26.008,25.928,28.242,34.195,39.189,43.781,44.503,42.888,41.038,36.202
34.013,32.027,30.637,30.466,29.817,30.714,36.711,42.306,42.311,38.587,35.449,32.831,31.039,28.320,26.067,25.991,28.302,34.253,39.250,43.841,44.565,42.953,41.102,36.269
34.140,32.152,30.758,30.595,29.943,30.842,36.851,42.458,42.462,38.728,35.588,32.965,31.172,28.454,26.193,26.121,28.433,34.394,39.396,43.998,44.716,43.100,41.248,36.410
34.276,32.287,30.893,30.738,30.087,30.984,36.982,42.571,42.582,38.867,35.739,33.111,31.334,28.604,26.336,26.265,28.584,34.539,39.539,44.116,44.855,43.222,41.386,36.554
34.395,32.410,31.021,30.869,30.214,31.103,37.086,42.666,42.680,38.961,35.837,33.210,31.422,28.714,26.440,26.370,28.680,34.620,39.617,44.189,44.935,43.322,41.477,36.653
34.515,32.532,31.144,30.978,30.328,31.223,37.212,42.801,42.807,39.084,35.952,33.336,31.545,28.835,26.581,26.507,28.813,34.756,39.746,44.332,45.054,43.445,41.596,36.771
34.674,32.687,31.292,31.154,30.489,31.380,37.392,43.018,43.022,39.258,36.116,33.485,31.670,28.989,26.700,26.638,28.937,34.897,39.912,44.532,45.247,43.652,41.782,36.946
34.854,32.868,31.489,31.294,30.633,31.514,37.498,43.099,43.112,39.358,36.195,33.573,31.716,29.040,26.782,26.693,28.994,34.939,39.961,44.568,45.324,43.776,41.874,37.020
35.018,33.036,31.666,31.434,30.779,31.660,37.643,43.249,43.252,39.490,36.307,33.703,31.819,29.155,26.931,26.827,29.119,35.058,40.076,44.703,45.439,43.924,41.997,37.137
35.180,33.199,31.822,31.611,30.951,31.839,37.849,43.494,43.484,39.688,36.498,33.896,32.008,29.363,27.130,27.039,29.318,35.272,40.291,44.960,45.647,44.133,42.199,37.340
35.331,33.351,31.983,31.721,31.072,31.959,37.960,43.595,43.583,39.797,36.587,34.000,32.090,29.435,27.240,27.127,29.409,35.360,40.379,45.047,45.743,44.253,42.301,37.428
35.413,33.435,32.058,31.857,31.189,32.075,38.092,43.762,43.743,39.916,36.717,34.120,32.208,29.598,27.359,27.274,29.535,35.489,40.511,45.211,45.869,44.382,42.426,37.570
35.587,33.608,32.234,32.039,31.365,32.241,38.240,43.893,43.888,40.066,36.874,34.264,32.345,29.741,27.482,27.396,29.662,35.608,40.641,45.318,46.018,44.539,42.580,37.722
35.778,33.798,32.419,32.233,31.568,32.452,38.452,44.088,44.083,40.291,37.117,34.509,32.633,29.996,27.743,27.662,29.938,35.884,40.899,45.553,46.248,44.726,42.803,37.957
36.086,34.102,32.737,32.441,31.807,32.697,38.685,44.283,44.280,40.540,37.335,34.748,32.862,30.156,27.988,27.858,30.164,36.113,41.126,45.754,46.488,44.972,43.042,38.161
36.306,34.324,32.958,32.657,32.035,32.930,38.904,44.469,44.470,40.772,37.585,35.003,33.156,30.414,28.262,28.128,30.447,36.386,41.379,45.968,46.714,45.163,43.268,38.399
36.496,34.512,33.153,32.797,32.192,33.093,39.066,44.617,44.614,40.941,37.738,35.171,33.324,30.545,28.441,28.284,30.617,36.559,41.545,46.128,46.880,45.327,43.431,38.547
36.718,34.728,33.366,33.016,32.413,33.311,39.279,44.808,44.819,41.171,37.980,35.397,33.571,30.764,28.645,28.488,30.839,36.785,41.779,46.328,47.123,45.543,43.667,38.779
36.907,34.917,33.562,33.169,32.582,33.482,39.428,44.915,44.934,41.333,38.144,35.570,33.760,30.909,28.828,28.650,31.020,36.955,41.937,46.445,47.275,45.681,43.821,38.929
37.157,35.170,33.820,33.391,32.820,33.724,39.660,45.127,45.143,41.568,38.375,35.817,34.016,31.142,29.099,28.906,31.281,37.209,42.176,46.670,47.497,45.899,44.047,39.155
37.319,35.332,33.978,33.572,32.988,33.892,39.850,45.357,45.363,41.744,38.541,35.980,34.155,31.318,29.254,29.073,31.432,37.371,42.349,46.887,47.681,46.104,44.229,39.334
37.550,35.565,34.216,33.759,33.188,34.102,40.078,45.608,45.596,41.963,38.728,36.193,34.343,31.502,29.490,29.291,31.644,37.594,42.566,47.144,47.892,46.339,44.440,39.530
37.765,35.776,34.413,34.026,33.432,34.344,40.349,45.927,45.913,42.230,39.001,36.443,34.588,31.786,29.710,29.542,31.883,37.852,42.846,47.461,48.186,46.628,44.722,39.816
37.920,35.933,34.557,34.267,33.645,34.552,40.564,46.167,46.156,42.437,39.241,36.657,34.818,32.064,29.908,29.783,32.105,38.073,43.072,47.697,48.406,46.834,44.941,40.063
38.114,36.119,34.736,34.483,33.840,34.740,40.775,46.418,46.411,42.643,39.437,36.829,34.959,32.241,30.035,29.924,32.240,38.228,43.263,47.922,48.636,47.083,45.163,40.271
38.451,36.471,35.101,34.793,34.188,35.098,41.081,46.639,46.629,42.958,39.781,37.215,35.411,32.631,30.510,30.377,32.702,38.644,43.608,48.192,48.902,47.309,45.447,40.591
38.845,36.864,35.510,35.125,34.545,35.449,41.381,46.851,46.863,43.281,40.109,37.551,35.767,32.916,30.849,30.676,33.037,38.953,43.906,48.400,49.203,47.596,45.758,40.892
39.215,37.219,35.855,35.480,34.910,35.818,41.748,47.174,47.211,43.693,40.550,37.962,36.244,33.308,31.222,31.048,33.457,39.388,44.349,48.771,49.651,47.960,46.183,41.308
39.504,37.495,36.109,35.868,35.233,36.125,42.116,47.661,47.702,44.038,40.884,38.235,36.445,33.630,31.391,31.275,33.651,39.628,44.670,49.193,50.054,48.411,46.569,41.677
39.914,37.920,36.543,36.294,35.654,36.542,42.529,48.103,48.122,44.414,41.241,38.621,36.784,34.038,31.821,31.706,34.040,39.999,45.024,49.600,50.393,48.815,46.930,42.052
40.298,38.306,36.910,36.742,36.064,36.963,43.043,48.779,48.753,44.879,41.664,39.044,37.132,34.512,32.235,32.167,34.438,40.447,45.504,50.260,50.889,49.375,47.413,42.530
40.840,38.835,37.392,37.432,36.682,37.591,43.806,49.753,49.694,45.612,42.389,39.715,37.763,35.284,32.829,32.862,35.075,41.171,46.295,51.243,51.715,50.205,48.196,43.315
41.516,39.507,38.062,38.084,37.315,38.225,44.500,50.550,50.467,46.274,42.984,40.314,38.262,35.854,33.397,33.426,35.611,41.749,46.918,51.991,52.396,50.971,48.870,43.945
42.021,39.996,38.461,39.010,38.064,38.957,45.410,51.790,51.690,47.123,43.902,41.077,38.983,36.906,33.981,34.248,36.312,42.553,47.852,53.187,53.399,51.972,49.821,44.960
43.633,41.498,39.866,40.838,39.644,40.471,47.238,54.092,54.057,48.945,45.608,42.462,40.048,38.287,34.749,35.185,37.235,43.772,49.524,55.232,55.578,54.288,51.858,46.779
