16.971,13.863,11.241,11.086,14.200,18.425,28.806,36.638,43.797,44.288,42.460,40.313,36.495,35.571,35.662,35.451,36.621,38.867,41.791,44.738,35.798,34.302,29.430,22.400
22.259,19.790,17.983,18.002,20.399,23.667,31.875,39.323,45.000,45.505,44.109,41.586,38.514,37.422,37.064,36.628,37.826,40.151,42.744,46.329,37.872,37.042,32.738,26.908
24.713,22.414,20.847,20.726,22.662,25.875,33.377,40.745,45.640,45.650,44.531,42.886,40.112,38.785,37.828,37.743,38.740,41.137,43.620,46.341,39.714,38.456,34.422,29.041
26.827,24.391,23.289,23.224,24.564,27.498,34.187,41.646,45.926,46.025,45.505,43.343,41.102,39.541,38.066,37.843,38.902,41.384,44.235,46.451,40.695,39.528,35.858,30.760
27.878,25.545,24.588,24.544,25.730,28.485,34.743,42.010,46.014,46.171,45.509,43.463,41.426,39.859,38.318,38.075,38.931,41.523,44.244,46.629,41.034,39.958,36.457,31.614
28.281,26.015,25.107,25.047,26.155,28.849,34.900,42.024,46.087,46.238,45.686,43.497,41.466,39.900,38.322,38.117,38.955,41.559,44.348,46.881,41.112,40.007,36.603,31.908
28.917,26.576,25.707,25.668,26.707,29.335,35.282,42.182,46.089,46.249,45.831,43.637,41.754,40.245,38.730,38.460,39.169,41.768,44.566,46.964,41.359,40.313,37.059,32.414
29.345,27.056,26.157,26.083,27.116,29.758,35.658,42.412,46.185,46.294,45.857,43.900,42.053,40.568,39.059,38.875,39.564,42.060,44.777,46.977,41.703,40.565,37.361,32.794
29.609,27.322,26.462,26.397,27.382,29.971,35.757,42.416,46.206,46.323,45.874,43.935,42.081,40.610,39.105,38.899,39.582,42.073,44.783,47.106,41.724,40.619,37.488,32.985
29.859,27.623,26.739,26.656,27.653,30.233,35.972,42.489,46.240,46.327,45.888,44.010,42.188,40.754,39.289,39.131,39.798,42.201,44.834,47.246,41.856,40.715,37.625,33.193
30.065,27.890,27.015,26.908,27.882,30.465,36.136,42.656,46.243,46.358,45.920,44.161,42.339,40.879,39.332,39.249,39.950,42.305,44.860,47.470,42.049,40.848,37.759,33.386
30.260,28.113,27.278,27.169,28.095,30.644,36.208,42.716,46.272,46.368,45.938,44.169,42.387,40.907,39.353,39.259,39.961,42.316,44.886,47.522,42.112,40.908,37.851,33.540
30.483,28.350,27.542,27.428,28.318,30.864,36.380,42.941,46.410,46.378,45.981,44.360,42.594,41.079,39.439,39.375,40.088,42.458,45.014,47.658,42.335,41.110,38.050,33.758
30.764,28.610,27.806,27.679,28.539,31.096,36.600,43.129,46.580,46.524,46.161,44.581,42.839,41.320,39.655,39.612,40.296,42.665,45.239,48.040,42.590,41.323,38.295,34.012
30.957,28.797,28.006,27.885,28.726,31.261,36.722,43.194,46.631,46.600,46.254,44.639,42.925,41.419,39.767,39.710,40.369,42.740,45.321,48.059,42.670,41.419,38.428,34.171
31.107,28.956,28.160,28.032,28.871,31.403,36.847,43.269,46.689,46.647,46.301,44.729,43.022,41.527,39.885,39.842,40.493,42.839,45.403,48.172,42.773,41.509,38.538,34.302
31.273,29.109,28.340,28.219,29.025,31.534,36.928,43.334,46.731,46.710,46.394,44.770,43.098,41.598,39.942,39.881,40.509,42.879,45.467,48.190,42.843,41.595,38.655,34.437
31.369,29.229,28.479,28.357,29.144,31.638,36.981,43.399,46.749,46.713,46.400,44.801,43.141,41.627,39.942,39.890,40.528,42.897,45.470,48.219,42.895,41.648,38.712,34.523
31.493,29.375,28.620,28.498,29.297,31.782,37.112,43.505,46.844,46.795,46.473,44.900,43.232,41.729,40.061,40.013,40.663,43.009,45.553,48.248,42.990,41.751,38.814,34.644
31.597,29.488,28.732,28.609,29.408,31.887,37.201,43.568,46.895,46.842,46.519,44.963,43.298,41.801,40.141,40.097,40.747,43.078,45.610,48.317,43.059,41.819,38.892,34.737
31.672,29.590,28.822,28.692,29.507,31.992,37.311,43.678,46.991,46.905,46.564,45.076,43.391,41.895,40.238,40.215,40.887,43.190,45.685,48.440,43.163,41.910,38.968,34.823
31.812,29.720,28.962,28.843,29.654,32.120,37.422,43.766,47.090,47.042,46.708,45.148,43.479,41.994,40.357,40.306,40.964,43.281,45.791,48.469,43.236,42.017,39.091,34.949
31.947,29.891,29.118,28.987,29.814,32.295,37.605,43.966,47.266,47.163,46.808,45.354,43.657,42.165,40.515,40.501,41.192,43.474,45.939,48.706,43.435,42.185,39.234,35.103
32.084,30.009,29.254,29.130,29.938,32.405,37.693,44.050,47.351,47.278,46.942,45.423,43.750,42.257,40.603,40.567,41.237,43.545,46.039,48.725,43.518,42.287,39.354,35.224
32.211,30.118,29.376,29.261,30.051,32.500,37.763,44.090,47.392,47.355,47.037,45.454,43.808,42.322,40.676,40.618,41.262,43.588,46.107,48.729,43.564,42.354,39.449,35.326
32.330,30.236,29.510,29.390,30.156,32.608,37.851,44.210,47.485,47.430,47.128,45.563,43.928,42.421,40.734,40.686,41.331,43.671,46.201,48.834,43.692,42.465,39.560,35.442
32.446,30.348,29.618,29.501,30.271,32.714,37.951,44.268,47.550,47.512,47.209,45.628,44.000,42.508,40.847,40.791,41.423,43.755,46.283,48.894,43.758,42.542,39.654,35.544
32.559,30.460,29.736,29.623,30.389,32.825,38.052,44.368,47.649,47.621,47.322,45.718,44.096,42.605,40.945,40.880,41.509,43.848,46.381,48.944,43.851,42.645,39.761,35.653
32.643,30.569,29.819,29.703,30.503,32.938,38.180,44.436,47.726,47.688,47.337,45.808,44.153,42.700,41.089,41.035,41.676,43.967,46.442,49.016,43.910,42.717,39.832,35.738
32.712,30.675,29.911,29.798,30.625,33.040,38.259,44.444,47.727,47.689,47.362,45.809,44.162,42.721,41.162,41.107,41.760,44.006,46.454,49.068,43.920,42.731,39.856,35.795
32.850,30.791,30.024,29.909,30.733,33.160,38.404,44.596,47.898,47.870,47.524,45.981,44.326,42.893,41.331,41.275,41.915,44.174,46.631,49.237,44.079,42.891,40.017,35.937
32.946,30.892,30.145,30.025,30.820,33.247,38.457,44.688,47.949,47.894,47.566,46.052,44.411,42.951,41.339,41.296,41.942,44.214,46.678,49.321,44.177,42.969,40.095,36.027
33.028,30.977,30.243,30.122,30.901,33.325,38.515,44.768,48.007,47.941,47.624,46.117,44.485,43.011,41.371,41.334,41.982,44.263,46.732,49.376,44.256,43.041,40.167,36.107
33.119,31.074,30.328,30.205,30.994,33.415,38.604,44.806,48.048,47.985,47.660,46.171,44.538,43.082,41.471,41.436,42.078,44.337,46.789,49.465,44.308,43.094,40.234,36.186
33.220,31.167,30.430,30.310,31.088,33.501,38.675,44.866,48.104,48.053,47.738,46.226,44.606,43.151,41.538,41.496,42.127,44.394,46.856,49.499,44.373,43.165,40.319,36.275
33.308,31.264,30.525,30.404,31.187,33.601,38.776,44.975,48.210,48.150,47.829,46.331,44.704,43.248,41.634,41.595,42.235,44.497,46.950,49.598,44.474,43.266,40.411,36.369
33.379,31.340,30.606,30.485,31.262,33.670,38.828,45.021,48.243,48.176,47.851,46.370,44.749,43.291,41.673,41.636,42.275,44.535,46.984,49.625,44.520,43.313,40.464,36.433
33.441,31.428,30.693,30.567,31.347,33.751,38.887,45.068,48.264,48.180,47.863,46.409,44.783,43.326,41.706,41.684,42.338,44.575,46.994,49.674,44.565,43.350,40.501,36.491
33.544,31.526,30.804,30.672,31.425,33.829,38.940,45.125,48.291,48.187,47.882,46.465,44.858,43.386,41.732,41.723,42.367,44.611,47.041,49.786,44.648,43.411,40.576,36.579
33.660,31.628,30.913,30.784,31.524,33.920,39.016,45.170,48.337,48.254,47.961,46.514,44.925,43.460,41.812,41.793,42.417,44.668,47.113,49.812,44.710,43.479,40.667,36.676
33.749,31.708,31.004,30.877,31.599,33.985,39.057,45.192,48.347,48.270,48.002,46.531,44.962,43.499,41.842,41.820,42.422,44.688,47.146,49.831,44.744,43.518,40.727,36.745
33.822,31.785,31.097,30.969,31.670,34.047,39.084,45.220,48.349,48.279,48.006,46.543,44.991,43.517,41.846,41.820,42.426,44.689,47.150,49.837,44.777,43.547,40.768,36.804
33.885,31.849,31.166,31.042,31.740,34.106,39.127,45.242,48.367,48.302,48.041,46.557,45.013,43.546,41.882,41.851,42.447,44.713,47.174,49.839,44.795,43.579,40.811,36.856
33.974,31.965,31.283,31.154,31.853,34.217,39.218,45.342,48.436,48.339,48.072,46.644,45.093,43.619,41.941,41.928,42.544,44.792,47.224,49.908,44.888,43.661,40.884,36.948
34.049,32.055,31.370,31.233,31.932,34.303,39.301,45.438,48.513,48.383,48.112,46.742,45.183,43.700,42.004,42.012,42.642,44.877,47.291,50.058,44.990,43.741,40.956,37.028
34.126,32.132,31.454,31.319,32.009,34.374,39.355,45.488,48.552,48.427,48.158,46.783,45.232,43.748,42.048,42.052,42.678,44.917,47.334,50.076,45.039,43.795,41.017,37.097
34.184,32.223,31.536,31.395,32.099,34.463,39.434,45.553,48.596,48.439,48.162,46.845,45.280,43.800,42.105,42.129,42.777,44.983,47.359,50.159,45.098,43.845,41.058,37.159
34.259,32.311,31.613,31.467,32.181,34.547,39.519,45.607,48.646,48.474,48.184,46.914,45.340,43.871,42.191,42.228,42.880,45.060,47.414,50.278,45.164,43.901,41.119,37.231
34.359,32.401,31.693,31.545,32.265,34.638,39.627,45.690,48.745,48.580,48.287,47.020,45.445,43.985,42.321,42.359,43.001,45.175,47.531,50.436,45.266,43.997,41.222,37.328
34.427,32.474,31.765,31.613,32.332,34.709,39.698,45.769,48.816,48.637,48.344,47.100,45.522,44.058,42.384,42.431,43.078,45.248,47.599,50.542,45.349,44.070,41.291,37.398
34.494,32.548,31.845,31.691,32.402,34.775,39.745,45.816,48.843,48.653,48.363,47.139,45.566,44.097,42.412,42.466,43.115,45.281,47.626,50.586,45.398,44.113,41.339,37.458
34.548,32.626,31.917,31.758,32.477,34.849,39.809,45.867,48.876,48.663,48.363,47.189,45.607,44.142,42.459,42.529,43.192,45.334,47.649,50.659,45.449,44.155,41.377,37.513
34.648,32.732,32.007,31.843,32.577,34.958,39.935,45.965,48.983,48.760,48.448,47.310,45.716,44.262,42.600,42.680,43.346,45.465,47.762,50.842,45.561,44.257,41.478,37.615
34.739,32.820,32.086,31.919,32.657,35.045,40.034,46.048,49.072,48.845,48.530,47.411,45.813,44.365,42.710,42.797,43.459,45.569,47.863,50.998,45.660,44.345,41.570,37.705
34.805,32.880,32.150,31.981,32.712,35.097,40.076,46.072,49.093,48.871,48.563,47.440,45.852,44.407,42.752,42.838,43.489,45.600,47.900,51.044,45.698,44.381,41.620,37.760
34.955,33.015,32.302,32.137,32.845,35.228,40.195,46.229,49.242,49.026,48.737,47.581,46.009,44.545,42.858,42.937,43.581,45.722,48.051,51.156,45.853,44.535,41.775,37.908
35.042,33.102,32.388,32.226,32.940,35.320,40.290,46.320,49.341,49.134,48.841,47.669,46.094,44.635,42.959,43.031,43.676,45.817,48.144,51.212,45.934,44.628,41.865,37.997
35.131,33.198,32.470,32.307,33.038,35.416,40.395,46.385,49.417,49.216,48.910,47.748,46.166,44.726,43.081,43.153,43.796,45.916,48.228,51.308,46.004,44.702,41.946,38.082
35.207,33.279,32.547,32.384,33.120,35.499,40.482,46.469,49.502,49.296,48.985,47.834,46.246,44.808,43.168,43.243,43.891,46.004,48.307,51.387,46.086,44.783,42.023,38.161
35.295,33.368,32.651,32.488,33.209,35.582,40.541,46.548,49.561,49.351,49.051,47.894,46.317,44.867,43.204,43.278,43.927,46.052,48.362,51.399,46.159,44.857,42.099,38.244
35.369,33.443,32.733,32.578,33.296,35.655,40.599,46.599,49.611,49.419,49.122,47.928,46.359,44.912,43.258,43.317,43.962,46.095,48.409,51.428,46.193,44.913,42.161,38.312
35.486,33.546,32.842,32.693,33.406,35.762,40.711,46.726,49.752,49.580,49.289,48.048,46.485,45.036,43.380,43.424,44.062,46.215,48.549,51.463,46.312,45.045,42.292,38.431
35.567,33.643,32.937,32.790,33.513,35.860,40.797,46.796,49.816,49.645,49.345,48.107,46.539,45.099,43.459,43.500,44.146,46.286,48.601,51.475,46.365,45.112,42.359,38.510
35.686,33.747,33.043,32.902,33.620,35.956,40.885,46.840,49.872,49.731,49.439,48.158,46.605,45.180,43.563,43.588,44.212,46.355,48.683,51.506,46.421,45.184,42.454,38.609
35.814,33.870,33.179,33.038,33.740,36.075,40.992,46.977,49.997,49.853,49.573,48.282,46.739,45.298,43.655,43.679,44.301,46.463,48.806,51.615,46.556,45.315,42.585,38.737
35.881,33.947,33.249,33.108,33.821,36.153,41.070,47.036,50.057,49.911,49.622,48.343,46.793,45.362,43.735,43.761,44.388,46.535,48.862,51.673,46.611,45.375,42.644,38.803
35.947,34.025,33.326,33.185,33.904,36.228,41.134,47.079,50.092,49.945,49.650,48.381,46.829,45.406,43.792,43.818,44.449,46.582,48.894,51.689,46.647,45.419,42.692,38.864
36.105,34.162,33.469,33.336,34.049,36.365,41.272,47.207,50.239,50.128,49.842,48.507,46.969,45.552,43.949,43.953,44.564,46.718,49.056,51.767,46.774,45.565,42.851,39.014
36.228,34.307,33.619,33.486,34.202,36.515,41.408,47.375,50.387,50.254,49.962,48.651,47.104,45.676,44.058,44.068,44.703,46.852,49.172,51.866,46.916,45.709,42.977,39.148
36.378,34.451,33.760,33.626,34.341,36.658,41.557,47.515,50.533,50.402,50.111,48.801,47.255,45.829,44.215,44.226,44.855,47.004,49.327,52.042,47.066,45.856,43.127,39.296
36.466,34.555,33.869,33.733,34.446,36.759,41.642,47.615,50.612,50.463,50.171,48.886,47.338,45.904,44.275,44.295,44.937,47.081,49.390,52.110,47.156,45.942,43.206,39.386
36.605,34.721,34.045,33.907,34.616,36.920,41.773,47.766,50.728,50.554,50.259,49.009,47.458,46.013,44.364,44.394,45.057,47.192,49.479,52.188,47.285,46.072,43.327,39.527
36.745,34.846,34.189,34.054,34.737,37.035,41.865,47.875,50.824,50.661,50.388,49.102,47.574,46.116,44.442,44.463,45.112,47.274,49.587,52.255,47.398,46.187,43.454,39.655
36.878,34.980,34.329,34.191,34.862,37.162,41.982,48.004,50.938,50.763,50.497,49.228,47.705,46.237,44.543,44.572,45.221,47.387,49.703,52.402,47.535,46.312,43.581,39.786
36.987,35.087,34.419,34.283,34.973,37.272,42.110,48.080,51.038,50.879,50.600,49.328,47.798,46.354,44.703,44.727,45.368,47.513,49.818,52.527,47.622,46.407,43.685,39.890
37.211,35.285,34.637,34.510,35.181,37.473,42.306,48.316,51.284,51.156,50.896,49.542,48.030,46.573,44.901,44.900,45.528,47.717,50.064,52.655,47.842,46.646,43.925,40.113
37.405,35.472,34.830,34.699,35.357,37.658,42.491,48.528,51.489,51.350,51.100,49.756,48.248,46.776,45.078,45.084,45.711,47.912,50.272,52.903,48.065,46.853,44.129,40.311
37.523,35.615,34.964,34.835,35.512,37.802,42.627,48.632,51.587,51.443,51.176,49.853,48.333,46.877,45.208,45.216,45.856,48.029,50.355,52.962,48.151,46.953,44.227,40.427
37.648,35.779,35.107,34.968,35.671,37.970,42.802,48.792,51.731,51.542,51.248,50.024,48.476,47.027,45.370,45.408,46.078,48.204,50.476,53.202,48.310,47.092,44.349,40.565
37.791,35.933,35.251,35.109,35.827,38.128,42.968,48.944,51.887,51.690,51.383,50.184,48.623,47.183,45.541,45.586,46.264,48.372,50.625,53.375,48.459,47.241,44.493,40.712
37.933,36.082,35.380,35.240,35.984,38.282,43.138,49.058,52.024,51.840,51.515,50.317,48.745,47.333,45.741,45.780,46.456,48.537,50.770,53.517,48.575,47.369,44.629,40.852
38.117,36.253,35.549,35.408,36.147,38.449,43.311,49.216,52.189,52.014,51.694,50.490,48.924,47.515,45.925,45.964,46.627,48.711,50.955,53.727,48.752,47.540,44.809,41.028
38.287,36.405,35.698,35.558,36.295,38.604,43.482,49.387,52.378,52.214,51.899,50.675,49.112,47.704,46.117,46.151,46.803,48.896,51.158,53.942,48.936,47.720,44.993,41.198
38.458,36.572,35.869,35.723,36.446,38.759,43.628,49.524,52.502,52.328,52.023,50.821,49.268,47.856,46.254,46.298,46.941,49.034,51.301,54.147,49.097,47.864,45.148,41.360
38.617,36.712,36.017,35.872,36.580,38.893,43.759,49.658,52.638,52.476,52.186,50.958,49.419,48.002,46.389,46.427,47.054,49.165,51.455,54.202,49.246,48.009,45.305,41.510
38.791,36.909,36.242,36.109,36.804,39.085,43.894,49.822,52.766,52.612,52.328,51.057,49.531,48.102,46.473,46.493,47.135,49.262,51.544,54.295,49.353,48.157,45.448,41.678
38.936,37.101,36.420,36.277,36.995,39.283,44.091,50.032,52.949,52.740,52.430,51.263,49.705,48.273,46.640,46.692,47.376,49.461,51.687,54.443,49.547,48.331,45.595,41.843
39.223,37.361,36.680,36.543,37.262,39.553,44.385,50.334,53.283,53.105,52.799,51.572,50.019,48.589,46.966,46.999,47.667,49.775,52.031,54.731,49.848,48.645,45.909,42.134
39.444,37.603,36.884,36.747,37.515,39.802,44.659,50.504,53.485,53.321,52.979,51.778,50.200,48.821,47.285,47.317,47.986,50.036,52.243,54.967,50.023,48.837,46.112,42.350
39.791,37.956,37.260,37.108,37.836,40.149,44.994,50.966,53.891,53.652,53.332,52.220,50.642,49.200,47.553,47.627,48.324,50.401,52.621,55.503,50.494,49.247,46.489,42.720
40.033,38.214,37.503,37.353,38.109,40.422,45.285,51.245,54.187,53.950,53.608,52.501,50.903,49.475,47.860,47.931,48.642,50.700,52.896,55.752,50.752,49.518,46.747,42.975
40.319,38.466,37.754,37.615,38.370,40.667,45.533,51.418,54.399,54.226,53.893,52.693,51.117,49.721,48.155,48.191,48.860,50.929,53.155,55.908,50.944,49.742,47.009,43.233
40.844,38.938,38.259,38.132,38.844,41.130,45.980,51.897,54.890,54.772,54.482,53.153,51.620,50.207,48.610,48.609,49.237,51.375,53.678,56.286,51.428,50.248,47.538,43.740
41.305,39.442,38.778,38.654,39.369,41.647,46.469,52.472,55.424,55.266,54.964,53.668,52.117,50.675,49.039,49.047,49.725,51.865,54.137,56.674,51.937,50.767,48.014,44.228
41.765,39.832,39.183,39.084,39.780,42.023,46.835,52.736,55.750,55.721,55.452,53.942,52.446,51.044,49.477,49.409,50.006,52.194,54.543,56.815,52.219,51.119,48.435,44.636
42.603,40.519,39.850,39.769,40.460,42.727,47.657,53.473,56.651,56.780,56.546,54.787,53.330,51.976,50.489,50.344,50.822,53.087,55.583,57.767,53.045,51.970,49.347,45.450
43.766,41.558,40.980,40.928,41.517,43.785,48.718,54.788,57.998,58.223,58.084,56.019,54.634,53.183,51.548,51.321,51.751,54.226,56.926,58.738,54.311,53.275,50.631,46.635
44.955,42.631,42.082,42.066,42.630,44.883,49.862,55.963,59.285,59.667,59.572,57.187,55.850,54.406,52.798,52.465,52.818,55.415,58.260,59.688,55.466,54.512,51.894,47.816
46.868,44.507,44.073,44.087,44.559,46.797,51.729,58.227,61.500,61.896,61.871,59.264,57.962,56.372,54.549,54.158,54.556,57.355,60.335,61.294,57.565,56.664,53.948,49.801
