2.998,-1.564,-5.081,-10.748,-12.628,-11.582,-11.964,-9.623,-5.025,-4.016,-6.392,-6.359,-4.700,-10.500,-8.016,-3.146,-4.614,5.480,16.155,17.022,11.951,15.588,15.754,11.241
18.675,11.990,7.743,4.240,3.348,3.704,3.459,4.274,8.565,12.530,9.939,11.447,6.578,0.007,2.696,7.020,13.945,23.015,32.724,36.351,31.676,29.696,28.477,23.919
22.120,15.945,11.937,8.705,7.878,8.055,8.013,8.694,12.614,16.456,13.952,15.496,10.374,4.136,6.930,10.892,17.984,26.489,35.519,39.055,34.844,32.478,31.166,26.691
23.363,18.223,14.496,11.068,10.041,9.975,10.469,11.137,14.648,17.917,15.406,16.942,11.912,6.001,9.188,12.966,19.593,28.036,36.677,39.766,35.865,33.714,32.297,27.373
24.043,19.201,15.768,12.414,11.329,11.580,11.903,12.464,15.870,18.528,16.351,17.671,13.669,8.415,10.637,14.604,20.058,28.221,36.743,39.992,36.278,33.886,32.775,28.175
24.894,19.780,16.351,13.157,12.146,12.569,12.658,13.146,16.629,19.327,17.272,18.551,14.729,9.596,11.351,15.414,20.803,28.829,37.247,40.431,36.326,34.483,33.483,29.162
25.382,20.359,16.984,13.814,12.817,13.225,13.306,13.825,17.263,19.917,17.881,19.120,15.423,10.347,12.132,16.108,21.325,29.224,37.513,40.594,36.570,34.840,33.867,29.628
25.939,21.054,17.680,14.506,13.528,13.773,13.969,14.556,17.916,20.665,18.538,19.809,15.892,10.704,12.910,16.679,22.067,29.883,38.040,41.023,37.234,35.390,34.326,30.027
26.258,21.455,18.115,14.921,13.922,14.178,14.395,14.978,18.313,20.978,18.873,20.125,16.301,11.174,13.336,17.117,22.376,30.186,38.324,41.275,37.494,35.694,34.648,30.337
26.552,21.709,18.372,15.195,14.204,14.495,14.670,15.246,18.597,21.256,19.172,20.411,16.649,11.546,13.622,17.426,22.636,30.431,38.571,41.528,37.706,35.955,34.935,30.670
26.718,22.024,18.725,15.498,14.470,14.733,14.981,15.568,18.872,21.434,19.348,20.577,16.867,11.805,13.938,17.728,22.823,30.633,38.751,41.654,37.891,36.149,35.123,30.788
26.850,22.234,18.961,15.718,14.676,14.929,15.205,15.798,19.075,21.584,19.503,20.721,17.062,12.032,14.181,17.956,22.966,30.762,38.851,41.717,37.986,36.270,35.248,30.899
27.023,22.549,19.306,16.039,14.971,15.174,15.538,16.128,19.344,21.796,19.701,20.931,17.228,12.224,14.466,18.205,23.213,31.006,39.050,41.888,38.241,36.454,35.401,30.971
27.132,22.754,19.532,16.239,15.148,15.324,15.749,16.334,19.513,21.914,19.813,21.048,17.330,12.349,14.636,18.367,23.358,31.165,39.196,42.019,38.415,36.587,35.516,31.022
27.231,22.890,19.689,16.380,15.271,15.474,15.901,16.474,19.647,21.982,19.904,21.126,17.488,12.557,14.767,18.534,23.428,31.249,39.290,42.107,38.479,36.685,35.635,31.134
27.337,22.990,19.788,16.478,15.364,15.578,16.005,16.566,19.743,22.066,19.995,21.220,17.585,12.664,14.838,18.628,23.524,31.361,39.418,42.253,38.604,36.801,35.753,31.243
27.515,23.147,19.932,16.639,15.537,15.732,16.166,16.721,19.895,22.263,20.179,21.421,17.703,12.756,14.971,18.742,23.737,31.565,39.612,42.467,38.836,36.973,35.905,31.390
27.676,23.335,20.140,16.861,15.769,15.961,16.381,16.954,20.114,22.471,20.395,21.617,17.959,13.032,15.260,18.989,23.908,31.676,39.666,42.473,38.874,37.073,36.019,31.552
27.826,23.550,20.356,17.058,15.959,16.098,16.573,17.163,20.296,22.662,20.556,21.791,18.062,13.103,15.464,19.145,24.112,31.882,39.850,42.633,39.104,37.252,36.165,31.647
27.932,23.687,20.505,17.196,16.094,16.227,16.707,17.312,20.436,22.784,20.676,21.901,18.213,13.260,15.643,19.308,24.215,31.972,39.925,42.675,39.165,37.351,36.271,31.757
28.024,23.830,20.673,17.348,16.228,16.380,16.865,17.469,20.581,22.861,20.774,21.980,18.385,13.482,15.810,19.494,24.283,32.040,39.988,42.715,39.195,37.435,36.376,31.862
28.138,23.947,20.785,17.466,16.345,16.484,16.990,17.578,20.682,22.974,20.881,22.104,18.441,13.531,15.875,19.561,24.426,32.193,40.143,42.896,39.386,37.558,36.480,31.937
28.282,24.164,21.042,17.740,16.617,16.759,17.275,17.852,20.918,23.153,21.086,22.294,18.692,13.849,16.153,19.818,24.598,32.307,40.188,42.911,39.431,37.625,36.560,32.040
28.450,24.207,21.047,17.776,16.677,16.841,17.306,17.870,20.979,23.293,21.223,22.446,18.780,13.897,16.155,19.847,24.745,32.467,40.389,43.171,39.634,37.798,36.732,32.246
28.604,24.336,21.175,17.932,16.851,17.014,17.460,18.022,21.131,23.473,21.407,22.631,18.945,14.060,16.316,19.987,24.918,32.602,40.485,43.219,39.703,37.907,36.842,32.391
28.629,24.438,21.306,18.031,16.928,17.097,17.560,18.137,21.229,23.496,21.440,22.640,19.065,14.220,16.466,20.139,24.918,32.603,40.493,43.278,39.750,37.936,36.891,32.431
28.754,24.562,21.439,18.186,17.085,17.268,17.726,18.279,21.362,23.616,21.579,22.782,19.204,14.392,16.576,20.264,25.054,32.723,40.589,43.346,39.817,38.025,36.984,32.535
28.868,24.669,21.555,18.294,17.191,17.398,17.828,18.394,21.490,23.719,21.696,22.877,19.389,14.594,16.735,20.435,25.126,32.790,40.661,43.393,39.842,38.130,37.116,32.698
28.952,24.754,21.638,18.375,17.275,17.477,17.906,18.480,21.576,23.812,21.784,22.964,19.477,14.673,16.834,20.523,25.211,32.871,40.738,43.461,39.917,38.214,37.199,32.786
29.048,24.869,21.757,18.497,17.398,17.586,18.026,18.604,21.690,23.928,21.895,23.077,19.576,14.770,16.962,20.632,25.327,32.972,40.820,43.533,40.012,38.301,37.280,32.864
29.166,24.972,21.857,18.600,17.505,17.697,18.129,18.707,21.798,24.045,22.012,23.193,19.694,14.884,17.070,20.741,25.440,33.083,40.933,43.648,40.121,38.415,37.396,32.990
29.284,25.133,22.029,18.756,17.659,17.832,18.273,18.882,21.963,24.196,22.154,23.320,19.867,15.051,17.303,20.935,25.558,33.181,41.005,43.665,40.178,38.529,37.514,33.116
29.473,25.325,22.219,18.961,17.878,18.022,18.471,19.091,22.160,24.433,22.375,23.547,20.041,15.199,17.527,21.111,25.789,33.377,41.164,43.788,40.352,38.694,37.662,33.274
29.525,25.423,22.332,19.051,17.957,18.098,18.555,19.196,22.258,24.493,22.435,23.590,20.157,15.326,17.674,21.247,25.823,33.409,41.187,43.789,40.361,38.752,37.733,33.345
29.604,25.525,22.454,19.172,18.073,18.234,18.677,19.321,22.378,24.570,22.532,23.668,20.320,15.529,17.824,21.405,25.881,33.448,41.211,43.809,40.366,38.802,37.807,33.444
29.689,25.617,22.549,19.268,18.166,18.332,18.778,19.414,22.467,24.648,22.616,23.752,20.406,15.627,17.902,21.492,25.967,33.536,41.300,43.885,40.444,38.884,37.889,33.521
29.728,25.756,22.723,19.421,18.291,18.461,18.948,19.569,22.587,24.677,22.663,23.792,20.504,15.790,18.027,21.634,26.014,33.589,41.337,43.906,40.478,38.920,37.932,33.524
29.772,25.835,22.815,19.503,18.361,18.537,19.040,19.649,22.655,24.707,22.703,23.830,20.563,15.878,18.084,21.709,26.058,33.644,41.394,43.966,40.535,38.969,37.984,33.554
29.860,25.917,22.900,19.602,18.463,18.645,19.145,19.740,22.743,24.794,22.799,23.929,20.651,15.980,18.157,21.788,26.154,33.731,41.472,44.058,40.621,39.036,38.051,33.629
29.950,25.984,22.965,19.678,18.544,18.736,19.223,19.810,22.819,24.877,22.888,24.019,20.739,16.073,18.219,21.860,26.240,33.812,41.556,44.156,40.703,39.114,38.134,33.724
30.093,26.123,23.108,19.842,18.721,18.907,19.385,19.973,22.974,25.050,23.063,24.194,20.902,16.238,18.393,22.009,26.405,33.940,41.649,44.243,40.807,39.217,38.235,33.852
30.157,26.225,23.223,19.951,18.823,19.005,19.496,20.086,23.073,25.123,23.140,24.265,20.995,16.349,18.509,22.118,26.476,34.003,41.697,44.274,40.855,39.273,38.292,33.902
30.234,26.293,23.297,20.026,18.897,19.099,19.572,20.161,23.155,25.187,23.216,24.331,21.114,16.478,18.597,22.223,26.528,34.052,41.750,44.324,40.881,39.338,38.375,34.006
30.352,26.429,23.422,20.155,19.029,19.188,19.701,20.287,23.264,25.335,23.339,24.479,21.143,16.487,18.687,22.278,26.706,34.232,41.917,44.503,41.109,39.474,38.473,34.061
30.430,26.545,23.546,20.265,19.133,19.280,19.809,20.407,23.373,25.427,23.425,24.559,21.241,16.579,18.823,22.398,26.790,34.313,41.986,44.547,41.177,39.557,38.555,34.132
30.565,26.682,23.671,20.387,19.256,19.375,19.931,20.527,23.487,25.571,23.549,24.703,21.299,16.604,18.914,22.474,26.958,34.496,42.174,44.751,41.405,39.720,38.690,34.232
30.634,26.780,23.787,20.498,19.359,19.496,20.047,20.641,23.594,25.634,23.629,24.768,21.435,16.779,19.040,22.612,27.010,34.539,42.208,44.768,41.413,39.771,38.760,34.313
30.774,26.910,23.919,20.643,19.515,19.651,20.184,20.790,23.744,25.797,23.793,24.924,21.612,16.953,19.223,22.773,27.150,34.649,42.294,44.836,41.490,39.880,38.877,34.464
30.852,26.980,23.990,20.715,19.585,19.733,20.260,20.858,23.817,25.858,23.864,24.994,21.695,17.047,19.284,22.850,27.201,34.706,42.363,44.900,41.497,39.957,38.959,34.549
30.885,27.044,24.084,20.798,19.651,19.843,20.353,20.941,23.897,25.861,23.899,25.003,21.837,17.260,19.376,22.987,27.217,34.721,42.374,44.925,41.562,39.967,39.008,34.617
30.993,27.094,24.125,20.863,19.723,19.949,20.429,20.985,23.959,25.928,23.990,25.100,21.925,17.368,19.379,23.036,27.291,34.805,42.486,45.075,41.615,40.061,39.111,34.738
31.122,27.183,24.209,20.968,19.844,20.076,20.527,21.089,24.073,26.073,24.137,25.243,22.072,17.504,19.510,23.152,27.417,34.902,42.567,45.153,41.690,40.157,39.215,34.883
31.193,27.274,24.311,21.065,19.935,20.177,20.624,21.190,24.171,26.142,24.215,25.309,22.192,17.646,19.628,23.275,27.473,34.952,42.611,45.179,41.712,40.218,39.289,34.967
31.271,27.368,24.418,21.169,20.038,20.289,20.726,21.301,24.278,26.226,24.309,25.388,22.330,17.803,19.767,23.410,27.537,35.000,42.645,45.190,41.724,40.277,39.363,35.061
31.421,27.501,24.537,21.285,20.160,20.391,20.832,21.421,24.406,26.391,24.454,25.539,22.440,17.874,19.903,23.524,27.696,35.163,42.812,45.351,41.902,40.446,39.520,35.213
31.503,27.594,24.626,21.370,20.242,20.464,20.921,21.505,24.485,26.472,24.529,25.623,22.490,17.918,19.966,23.587,27.792,35.270,42.924,45.472,42.032,40.543,39.605,35.276
31.606,27.662,24.682,21.445,20.330,20.545,20.995,21.572,24.557,26.583,24.634,25.741,22.550,17.959,20.017,23.630,27.914,35.384,43.035,45.606,42.165,40.637,39.688,35.366
31.720,27.790,24.818,21.581,20.464,20.681,21.131,21.710,24.689,26.702,24.758,25.859,22.691,18.112,20.162,23.773,28.025,35.488,43.129,45.682,42.230,40.739,39.795,35.479
31.766,27.878,24.924,21.654,20.518,20.755,21.204,21.797,24.777,26.725,24.793,25.870,22.819,18.271,20.286,23.918,28.027,35.503,43.158,45.689,42.253,40.803,39.885,35.568
31.864,27.973,25.008,21.733,20.591,20.819,21.289,21.869,24.848,26.807,24.867,25.960,22.846,18.284,20.314,23.959,28.138,35.645,43.322,45.874,42.413,40.933,39.997,35.642
31.940,28.062,25.109,21.821,20.674,20.919,21.372,21.967,24.951,26.878,24.948,26.020,22.997,18.454,20.457,24.107,28.178,35.680,43.357,45.878,42.421,41.003,40.091,35.759
32.021,28.143,25.197,21.910,20.761,21.020,21.464,22.054,25.039,26.948,25.029,26.096,23.105,18.581,20.543,24.207,28.246,35.746,43.425,45.947,42.467,41.074,40.173,35.850
32.174,28.267,25.316,22.056,20.916,21.181,21.616,22.185,25.171,27.100,25.188,26.265,23.232,18.715,20.643,24.314,28.415,35.903,43.574,46.128,42.637,41.201,40.295,35.983
32.324,28.386,25.431,22.171,21.039,21.319,21.722,22.307,25.311,27.248,25.341,26.403,23.422,18.898,20.810,24.481,28.533,36.013,43.689,46.227,42.717,41.344,40.456,36.181
32.439,28.525,25.586,22.308,21.159,21.467,21.865,22.446,25.452,27.330,25.442,26.488,23.598,19.115,20.955,24.662,28.606,36.103,43.797,46.324,42.785,41.466,40.602,36.325
32.536,28.630,25.700,22.410,21.256,21.579,21.961,22.556,25.569,27.421,25.542,26.569,23.757,19.287,21.106,24.818,28.670,36.164,43.860,46.359,42.810,41.559,40.715,36.459
32.580,28.700,25.781,22.484,21.320,21.652,22.042,22.629,25.634,27.452,25.583,26.607,23.824,19.380,21.167,24.895,28.708,36.208,43.905,46.404,42.848,41.603,40.765,36.499
32.747,28.867,25.944,22.641,21.483,21.801,22.189,22.797,25.804,27.640,25.759,26.778,23.998,19.531,21.370,25.072,28.876,36.367,44.056,46.531,42.994,41.774,40.935,36.677
32.878,29.016,26.107,22.819,21.664,21.982,22.371,22.971,25.965,27.789,25.918,26.934,24.162,19.719,21.540,25.232,29.026,36.488,44.147,46.617,43.092,41.868,41.032,36.788
33.075,29.141,26.206,22.967,21.838,22.145,22.524,23.096,26.094,28.000,26.121,27.169,24.253,19.779,21.605,25.288,29.274,36.719,44.368,46.902,43.375,42.038,41.173,36.937
33.238,29.309,26.368,23.119,21.988,22.282,22.672,23.253,26.252,28.169,26.276,27.329,24.392,19.896,21.768,25.439,29.442,36.897,44.551,47.078,43.566,42.221,41.347,37.097
33.336,29.413,26.483,23.229,22.092,22.408,22.785,23.364,26.366,28.247,26.372,27.411,24.542,20.077,21.890,25.583,29.510,36.967,44.627,47.147,43.610,42.311,41.457,37.221
33.474,29.549,26.605,23.341,22.201,22.500,22.897,23.475,26.479,28.381,26.489,27.542,24.614,20.119,21.978,25.671,29.663,37.145,44.825,47.360,43.832,42.487,41.614,37.344
33.596,29.643,26.691,23.420,22.276,22.593,22.979,23.550,26.570,28.469,26.581,27.635,24.717,20.222,22.040,25.765,29.756,37.268,44.983,47.538,43.975,42.633,41.766,37.490
33.719,29.755,26.808,23.555,22.417,22.746,23.116,23.679,26.698,28.596,26.721,27.771,24.866,20.389,22.169,25.895,29.881,37.370,45.069,47.629,44.058,42.722,41.863,37.612
33.928,29.915,26.954,23.731,22.612,22.935,23.292,23.843,26.868,28.819,26.939,28.005,25.024,20.526,22.313,26.027,30.117,37.588,45.277,47.867,44.296,42.908,42.037,37.802
34.117,30.091,27.124,23.915,22.804,23.119,23.477,24.022,27.044,29.018,27.135,28.209,25.186,20.679,22.476,26.182,30.325,37.788,45.468,48.072,44.508,43.087,42.205,37.972
34.252,30.258,27.300,24.095,22.982,23.280,23.660,24.201,27.205,29.175,27.288,28.368,25.318,20.816,22.644,26.330,30.492,37.940,45.595,48.193,44.658,43.209,42.317,38.071
34.457,30.462,27.490,24.280,23.168,23.444,23.843,24.387,27.389,29.388,27.481,28.577,25.457,20.923,22.811,26.484,30.721,38.184,45.848,48.457,44.941,43.442,42.527,38.253
34.622,30.590,27.607,24.416,23.318,23.589,23.974,24.519,27.529,29.566,27.655,28.755,25.600,21.046,22.948,26.607,30.896,38.343,46.000,48.618,45.104,43.591,42.671,38.417
34.705,30.721,27.751,24.518,23.389,23.680,24.086,24.625,27.633,29.597,27.696,28.788,25.702,21.182,23.033,26.743,30.939,38.442,46.142,48.758,45.216,43.728,42.821,38.520
34.860,30.902,27.925,24.653,23.499,23.788,24.228,24.761,27.772,29.705,27.796,28.897,25.800,21.274,23.130,26.879,31.075,38.646,46.402,49.034,45.475,43.961,43.044,38.676
34.979,31.039,28.080,24.770,23.590,23.933,24.350,24.885,27.914,29.758,27.879,28.948,26.020,21.548,23.283,27.099,31.103,38.715,46.518,49.131,45.507,44.107,43.236,38.875
35.192,31.219,28.235,24.921,23.743,24.070,24.499,25.031,28.071,29.959,28.059,29.149,26.131,21.615,23.397,27.217,31.329,38.975,46.810,49.456,45.830,44.366,43.471,39.077
35.268,31.379,28.415,25.048,23.839,24.164,24.625,25.179,28.207,30.019,28.118,29.189,26.268,21.772,23.575,27.405,31.372,39.052,46.904,49.499,45.886,44.490,43.608,39.175
35.385,31.542,28.589,25.201,23.975,24.298,24.785,25.335,28.350,30.123,28.223,29.294,26.388,21.912,23.711,27.554,31.489,39.190,47.051,49.642,46.032,44.629,43.745,39.278
35.688,31.860,28.894,25.474,24.238,24.538,25.048,25.621,28.641,30.424,28.499,29.573,26.647,22.129,24.013,27.845,31.787,39.524,47.412,49.985,46.395,44.994,44.096,39.591
35.944,32.111,29.128,25.669,24.421,24.713,25.234,25.829,28.867,30.654,28.708,29.782,26.862,22.305,24.240,28.083,32.010,39.799,47.738,50.301,46.703,45.324,44.422,39.884
36.284,32.406,29.403,25.900,24.634,24.963,25.457,26.067,29.151,30.918,28.972,30.032,27.194,22.620,24.503,28.410,32.256,40.124,48.156,50.723,47.053,45.751,44.873,40.321
36.441,32.597,29.613,26.059,24.756,25.139,25.629,26.230,29.328,30.988,29.073,30.107,27.425,22.912,24.665,28.658,32.321,40.257,48.355,50.918,47.176,45.961,45.123,40.547
36.719,32.867,29.908,26.353,25.042,25.489,25.927,26.524,29.638,31.226,29.356,30.353,27.846,23.403,25.000,29.044,32.523,40.448,48.552,51.097,47.290,46.200,45.418,40.900
37.127,33.475,30.512,26.815,25.423,25.781,26.397,27.018,30.088,31.589,29.649,30.679,28.078,23.583,25.413,29.469,32.960,41.056,49.257,51.774,48.050,46.849,45.998,41.232
37.409,33.884,30.953,27.135,25.671,26.067,26.717,27.375,30.451,31.777,29.850,30.832,28.485,24.044,25.825,29.961,33.113,41.321,49.614,52.054,48.287,47.262,46.459,41.617
37.905,34.463,31.585,27.645,26.117,26.622,27.211,27.937,31.057,32.158,30.287,31.159,29.323,24.988,26.578,30.820,33.362,41.643,50.026,52.324,48.446,47.829,47.154,42.359
38.536,35.004,32.048,28.091,26.567,27.013,27.655,28.367,31.516,32.754,30.812,31.758,29.617,25.141,26.891,31.143,34.046,42.440,50.925,53.326,49.451,48.612,47.853,42.937
39.102,35.576,32.601,28.590,27.019,27.493,28.180,28.847,32.013,33.193,31.254,32.225,30.047,25.583,27.246,31.617,34.565,43.104,51.716,54.201,50.246,49.316,48.544,43.506
40.047,36.537,33.527,29.314,27.620,28.193,28.926,29.580,32.832,33.823,31.889,32.850,30.861,26.407,27.884,32.533,35.256,44.153,53.107,55.661,51.489,50.637,49.903,44.643
41.744,37.907,34.821,30.721,29.173,29.732,30.223,31.032,34.400,35.713,33.729,34.633,32.708,28.045,29.728,34.164,36.897,45.572,54.416,56.834,52.696,52.156,51.472,46.567
44.641,40.456,37.441,33.215,31.618,32.729,32.658,33.586,37.276,38.165,36.462,37.023,36.673,32.333,32.892,37.781,38.887,47.653,56.813,59.020,54.215,55.005,54.821,50.452
