20.909,19.307,19.797,17.959,16.086,14.512,15.338,17.658,26.609,30.005,34.022,36.718,35.451,33.588,31.432,31.685,32.646,40.780,35.898,35.590,33.425,24.487,21.727,15.595
27.696,26.718,26.336,24.110,22.715,20.682,21.294,25.451,33.162,37.096,40.164,42.575,41.473,38.158,35.881,36.736,39.607,46.739,44.290,40.508,35.856,29.101,26.600,20.872
29.631,28.272,28.039,26.117,24.928,23.012,23.690,28.102,35.580,39.112,42.076,44.289,43.271,39.935,37.851,38.697,41.621,48.226,46.070,41.750,36.980,31.186,28.796,23.145
31.306,29.899,29.591,27.777,26.699,24.804,25.465,30.087,37.231,40.700,43.445,45.563,44.588,41.109,39.097,39.992,43.109,49.319,47.607,42.842,37.826,32.751,30.458,24.902
32.323,30.752,30.420,28.832,27.783,25.983,26.643,31.250,38.133,41.556,44.097,46.195,45.223,41.726,39.808,40.674,43.780,49.607,48.193,43.445,38.466,34.105,31.891,26.305
32.874,31.304,30.944,29.444,28.355,26.616,27.255,31.683,38.421,41.875,44.314,46.438,45.451,42.027,40.140,40.964,43.962,49.612,48.297,43.853,39.053,34.870,32.691,27.115
33.252,31.795,31.326,29.828,28.673,26.944,27.538,31.826,38.425,42.027,44.337,46.523,45.508,42.080,40.172,40.987,43.967,49.663,48.357,44.163,39.436,35.333,33.176,27.600
33.653,32.200,31.748,30.297,29.134,27.450,28.037,32.188,38.701,42.262,44.542,46.717,45.707,42.368,40.492,41.274,44.149,49.717,48.438,44.449,39.877,35.813,33.684,28.164
34.115,32.685,32.205,30.754,29.609,27.921,28.498,32.685,39.122,42.688,44.920,47.079,46.077,42.707,40.837,41.632,44.554,50.057,48.869,44.797,40.170,36.211,34.101,28.615
34.325,32.860,32.397,30.985,29.849,28.182,28.764,32.935,39.346,42.874,45.095,47.240,46.243,42.893,41.044,41.830,44.727,50.178,48.998,44.945,40.350,36.471,34.373,28.895
34.536,32.993,32.599,31.235,30.103,28.470,29.073,33.189,39.648,43.093,45.361,47.494,46.500,43.224,41.403,42.158,44.965,50.417,49.135,45.180,40.694,36.794,34.693,29.206
34.749,33.191,32.799,31.455,30.340,28.715,29.318,33.451,39.871,43.291,45.539,47.654,46.668,43.387,41.581,42.338,45.155,50.554,49.313,45.313,40.813,36.999,34.911,29.443
35.054,33.456,33.134,31.778,30.703,29.075,29.701,33.880,40.371,43.682,46.012,48.082,47.117,43.867,42.076,42.833,45.635,51.074,49.737,45.635,41.130,37.218,35.123,29.692
35.288,33.732,33.399,32.036,30.961,29.341,29.955,34.087,40.521,43.828,46.136,48.196,47.236,44.012,42.226,42.979,45.760,51.172,49.843,45.798,41.332,37.412,35.333,29.952
35.495,33.948,33.642,32.283,31.215,29.610,30.225,34.299,40.716,43.971,46.294,48.333,47.383,44.215,42.444,43.184,45.911,51.313,49.932,45.958,41.566,37.597,35.528,30.199
35.645,34.091,33.787,32.446,31.383,29.790,30.404,34.460,40.842,44.083,46.387,48.419,47.472,44.316,42.558,43.292,46.005,51.368,50.005,46.052,41.681,37.765,35.707,30.393
35.831,34.275,33.990,32.665,31.621,30.044,30.657,34.689,41.027,44.213,46.512,48.516,47.582,44.460,42.723,43.449,46.135,51.452,50.085,46.143,41.811,37.925,35.884,30.622
36.014,34.447,34.175,32.885,31.850,30.299,30.912,34.894,41.174,44.316,46.592,48.577,47.651,44.569,42.857,43.569,46.212,51.463,50.104,46.222,41.952,38.136,36.117,30.894
36.194,34.653,34.362,33.046,32.007,30.439,31.047,35.053,41.342,44.517,46.793,48.787,47.857,44.750,43.022,43.746,46.419,51.696,50.351,46.435,42.126,38.278,36.252,31.021
36.423,34.851,34.569,33.248,32.242,30.659,31.276,35.389,41.695,44.841,47.128,49.098,48.180,45.024,43.299,44.043,46.782,52.047,50.743,46.640,42.228,38.439,36.411,31.177
36.587,35.032,34.739,33.395,32.390,30.791,31.408,35.553,41.873,45.037,47.330,49.302,48.384,45.204,43.467,44.222,46.993,52.281,50.986,46.830,42.375,38.558,36.525,31.286
36.729,35.195,34.883,33.526,32.510,30.903,31.513,35.656,41.976,45.174,47.458,49.445,48.520,45.327,43.579,44.338,47.121,52.424,51.141,46.996,42.529,38.694,36.657,31.408
36.878,35.332,35.046,33.718,32.730,31.147,31.759,35.875,42.132,45.253,47.525,49.472,48.565,45.413,43.697,44.447,47.196,52.425,51.148,47.007,42.586,38.819,36.807,31.625
37.016,35.442,35.185,33.877,32.903,31.335,31.954,36.059,42.311,45.381,47.665,49.592,48.694,45.571,43.873,44.613,47.334,52.539,51.239,47.104,42.716,38.967,36.963,31.800
37.125,35.595,35.322,33.990,32.998,31.423,32.034,36.098,42.349,45.451,47.734,49.675,48.771,45.660,43.948,44.687,47.394,52.631,51.310,47.246,42.860,39.059,37.051,31.898
37.284,35.716,35.468,34.156,33.213,31.643,32.263,36.401,42.617,45.640,47.920,49.813,48.931,45.806,44.121,44.871,47.611,52.779,51.503,47.280,42.884,39.147,37.157,32.047
37.419,35.829,35.597,34.299,33.373,31.809,32.434,36.590,42.797,45.784,48.066,49.940,49.067,45.946,44.274,45.023,47.764,52.905,51.636,47.371,42.945,39.273,37.290,32.193
37.536,35.933,35.709,34.418,33.502,31.940,32.569,36.740,42.944,45.912,48.197,50.062,49.193,46.070,44.405,45.155,47.901,53.029,51.764,47.468,43.033,39.383,37.403,32.311
37.655,36.046,35.838,34.552,33.641,32.086,32.718,36.873,43.077,46.018,48.313,50.169,49.304,46.203,44.545,45.290,48.014,53.138,51.850,47.573,43.166,39.502,37.524,32.448
37.777,36.143,35.958,34.671,33.779,32.221,32.862,37.058,43.288,46.191,48.511,50.349,49.492,46.387,44.735,45.484,48.220,53.351,52.048,47.694,43.260,39.591,37.611,32.540
37.891,36.272,36.078,34.784,33.902,32.340,32.977,37.187,43.392,46.293,48.601,50.429,49.577,46.463,44.812,45.567,48.321,53.433,52.157,47.767,43.310,39.662,37.689,32.639
37.985,36.359,36.178,34.887,34.018,32.459,33.099,37.321,43.518,46.390,48.703,50.515,49.671,46.562,44.919,45.676,48.430,53.528,52.251,47.828,43.367,39.730,37.762,32.732
38.076,36.430,36.259,34.974,34.107,32.549,33.195,37.427,43.645,46.508,48.833,50.645,49.800,46.691,45.050,45.805,48.558,53.663,52.374,47.939,43.476,39.840,37.867,32.823
38.157,36.510,36.335,35.055,34.179,32.624,33.269,37.484,43.704,46.579,48.899,50.721,49.871,46.765,45.123,45.874,48.617,53.724,52.433,48.034,43.586,39.952,37.978,32.922
38.219,36.566,36.399,35.122,34.242,32.690,33.337,37.538,43.771,46.642,48.971,50.796,49.945,46.851,45.210,45.955,48.682,53.762,52.481,48.117,43.690,40.034,38.057,32.996
38.310,36.667,36.486,35.224,34.340,32.798,33.438,37.612,43.796,46.676,48.973,50.799,49.947,46.859,45.224,45.966,48.684,53.800,52.485,48.150,43.743,40.144,38.179,33.131
38.439,36.806,36.613,35.349,34.458,32.914,33.550,37.717,43.895,46.794,49.082,50.916,50.060,46.967,45.327,46.069,48.791,53.869,52.599,48.285,43.878,40.283,38.317,33.262
38.549,36.879,36.709,35.462,34.577,33.041,33.686,37.861,44.063,46.935,49.240,51.069,50.214,47.130,45.499,46.236,48.945,54.023,52.730,48.408,44.011,40.426,38.458,33.390
38.630,36.969,36.793,35.546,34.666,33.131,33.773,37.950,44.130,46.999,49.292,51.114,50.263,47.176,45.548,46.287,49.003,54.062,52.790,48.454,44.050,40.489,38.526,33.473
38.760,37.104,36.930,35.667,34.794,33.248,33.892,38.100,44.297,47.162,49.469,51.286,50.438,47.338,45.705,46.452,49.188,54.267,52.989,48.600,44.164,40.574,38.607,33.557
38.868,37.209,37.032,35.772,34.904,33.356,34.001,38.221,44.409,47.272,49.573,51.387,50.540,47.432,45.800,46.551,49.297,54.363,53.103,48.690,44.239,40.675,38.711,33.662
38.980,37.320,37.143,35.876,35.016,33.463,34.109,38.355,44.545,47.406,49.708,51.517,50.673,47.551,45.918,46.675,49.440,54.506,53.258,48.797,44.318,40.762,38.797,33.750
39.147,37.465,37.295,36.025,35.195,33.630,34.283,38.614,44.806,47.638,49.945,51.730,50.897,47.738,46.110,46.884,49.703,54.749,53.540,48.925,44.364,40.864,38.902,33.862
39.236,37.560,37.394,36.125,35.297,33.736,34.388,38.705,44.890,47.710,50.020,51.799,50.969,47.823,46.199,46.969,49.776,54.819,53.599,49.000,44.456,40.945,38.986,33.961
39.311,37.651,37.472,36.202,35.363,33.804,34.450,38.743,44.910,47.751,50.045,51.833,50.999,47.856,46.229,46.997,49.797,54.834,53.625,49.069,44.541,41.034,39.077,34.052
39.397,37.755,37.550,36.281,35.427,33.867,34.505,38.781,44.927,47.809,50.076,51.882,51.040,47.886,46.251,47.020,49.825,54.855,53.676,49.158,44.631,41.146,39.191,34.152
39.457,37.823,37.617,36.348,35.487,33.931,34.566,38.815,44.956,47.843,50.109,51.919,51.075,47.935,46.300,47.063,49.851,54.885,53.693,49.221,44.722,41.218,39.263,34.228
39.568,37.955,37.727,36.452,35.576,34.017,34.644,38.879,45.009,47.933,50.182,52.008,51.157,48.007,46.363,47.127,49.920,54.958,53.784,49.346,44.846,41.342,39.387,34.341
39.667,38.049,37.817,36.549,35.682,34.123,34.750,39.002,45.114,48.034,50.269,52.089,51.241,48.081,46.441,47.209,50.016,55.030,53.884,49.411,44.892,41.435,39.485,34.443
39.782,38.190,37.937,36.657,35.773,34.210,34.829,39.061,45.164,48.123,50.345,52.182,51.326,48.160,46.509,47.277,50.087,55.113,53.977,49.546,45.032,41.556,39.603,34.553
39.870,38.276,38.014,36.746,35.840,34.283,34.900,39.091,45.201,48.191,50.405,52.265,51.398,48.241,46.585,47.344,50.130,55.165,54.018,49.675,45.199,41.718,39.760,34.682
39.982,38.394,38.125,36.854,35.944,34.386,35.000,39.194,45.301,48.301,50.510,52.374,51.505,48.342,46.683,47.444,50.235,55.272,54.134,49.789,45.307,41.829,39.871,34.789
40.081,38.448,38.201,36.949,36.047,34.493,35.120,39.338,45.469,48.453,50.680,52.540,51.672,48.507,46.856,47.614,50.404,55.442,54.288,49.910,45.419,41.964,40.001,34.896
40.173,38.580,38.306,37.043,36.120,34.565,35.179,39.354,45.478,48.489,50.693,52.571,51.696,48.534,46.872,47.628,50.409,55.451,54.309,50.010,45.544,42.069,40.107,35.003
40.280,38.701,38.417,37.148,36.220,34.663,35.273,39.441,45.547,48.582,50.778,52.662,51.784,48.620,46.954,47.710,50.494,55.538,54.404,50.116,45.651,42.170,40.209,35.106
40.388,38.789,38.524,37.267,36.355,34.804,35.420,39.597,45.700,48.696,50.901,52.767,51.897,48.744,47.091,47.845,50.621,55.647,54.505,50.191,45.730,42.269,40.313,35.227
40.507,38.881,38.629,37.383,36.488,34.938,35.560,39.776,45.882,48.850,51.060,52.911,52.047,48.883,47.238,47.997,50.790,55.797,54.669,50.283,45.793,42.377,40.423,35.338
40.693,39.050,38.818,37.564,36.690,35.133,35.764,40.027,46.156,49.088,51.322,53.154,52.299,49.127,47.486,48.252,51.065,56.079,54.941,50.466,45.939,42.513,40.557,35.482
40.817,39.164,38.949,37.698,36.833,35.280,35.916,40.180,46.316,49.219,51.468,53.287,52.438,49.279,47.645,48.409,51.211,56.225,55.065,50.580,46.063,42.624,40.669,35.608
40.920,39.256,39.052,37.804,36.944,35.392,36.032,40.298,46.445,49.332,51.591,53.405,52.559,49.406,47.775,48.537,51.333,56.350,55.177,50.686,46.174,42.729,40.773,35.713
41.083,39.424,39.213,37.949,37.104,35.538,36.178,40.503,46.649,49.536,51.795,53.599,52.758,49.571,47.936,48.714,51.556,56.571,55.431,50.834,46.255,42.828,40.872,35.817
41.178,39.518,39.301,38.038,37.188,35.621,36.260,40.586,46.736,49.635,51.890,53.701,52.857,49.665,48.026,48.804,51.650,56.669,55.533,50.942,46.359,42.936,40.978,35.912
41.363,39.707,39.484,38.211,37.384,35.806,36.445,40.830,46.959,49.846,52.092,53.884,53.049,49.825,48.189,48.983,51.875,56.870,55.782,51.074,46.424,43.048,41.097,36.050
41.521,39.878,39.649,38.354,37.531,35.937,36.576,40.994,47.141,50.039,52.295,54.087,53.253,50.009,48.362,49.166,52.086,57.106,56.021,51.259,46.569,43.161,41.203,36.154
41.639,39.985,39.767,38.471,37.642,36.049,36.692,41.104,47.282,50.178,52.453,54.250,53.413,50.177,48.528,49.328,52.236,57.281,56.163,51.421,46.744,43.297,41.331,36.268
41.785,40.100,39.900,38.618,37.818,36.227,36.879,41.340,47.510,50.357,52.637,54.407,53.582,50.336,48.702,49.508,52.437,57.447,56.351,51.508,46.794,43.412,41.454,36.406
41.936,40.294,40.064,38.753,37.940,36.333,36.975,41.440,47.603,50.499,52.765,54.550,53.720,50.451,48.799,49.615,52.569,57.602,56.527,51.683,46.943,43.525,41.563,36.513
42.035,40.396,40.169,38.860,38.034,36.433,37.074,41.503,47.679,50.582,52.856,54.651,53.816,50.566,48.912,49.719,52.646,57.696,56.591,51.816,47.114,43.660,41.693,36.635
42.221,40.582,40.337,39.023,38.210,36.597,37.236,41.723,47.881,50.797,53.052,54.842,54.010,50.718,49.060,49.883,52.861,57.890,56.845,51.969,47.196,43.806,41.843,36.781
42.338,40.715,40.464,39.135,38.317,36.696,37.333,41.821,47.988,50.919,53.178,54.974,54.140,50.843,49.178,50.004,52.988,58.038,56.985,52.110,47.331,43.903,41.936,36.873
42.490,40.843,40.613,39.279,38.477,36.849,37.497,42.029,48.235,51.136,53.425,55.207,54.379,51.074,49.410,50.242,53.241,58.310,57.237,52.285,47.473,44.027,42.053,36.986
42.653,40.990,40.759,39.424,38.611,36.977,37.629,42.175,48.422,51.347,53.648,55.448,54.612,51.291,49.618,50.450,53.457,58.557,57.473,52.521,47.694,44.231,42.244,37.135
42.844,41.171,40.944,39.598,38.799,37.153,37.810,42.412,48.679,51.595,53.909,55.700,54.868,51.521,49.845,50.688,53.731,58.841,57.768,52.721,47.839,44.380,42.387,37.273
42.991,41.310,41.093,39.743,38.955,37.306,37.967,42.595,48.872,51.768,54.094,55.873,55.046,51.694,50.020,50.868,53.923,59.035,57.959,52.860,47.957,44.495,42.503,37.396
43.120,41.433,41.210,39.860,39.077,37.422,38.084,42.740,49.016,51.919,54.239,56.019,55.192,51.820,50.144,50.999,54.076,59.182,58.129,52.986,48.051,44.618,42.624,37.509
43.280,41.613,41.376,40.012,39.222,37.560,38.217,42.872,49.148,52.075,54.391,56.179,55.349,51.968,50.283,51.141,54.228,59.348,58.302,53.164,48.219,44.764,42.768,37.649
43.434,41.740,41.524,40.159,39.372,37.707,38.374,43.052,49.378,52.288,54.636,56.423,55.593,52.210,50.524,51.382,54.469,59.619,58.538,53.372,48.417,44.929,42.921,37.782
43.587,41.898,41.655,40.304,39.489,37.829,38.489,43.133,49.445,52.412,54.729,56.547,55.702,52.312,50.617,51.469,54.549,59.694,58.638,53.553,48.619,45.165,43.155,37.978
43.788,41.976,41.815,40.497,39.738,38.081,38.779,43.547,49.952,52.793,55.186,56.956,56.131,52.731,51.064,51.922,55.023,60.167,59.065,53.768,48.767,45.361,43.341,38.143
43.984,42.164,42.013,40.684,39.904,38.242,38.945,43.695,50.167,53.029,55.457,57.250,56.414,53.023,51.342,52.193,55.274,60.485,59.320,54.079,49.102,45.600,43.559,38.323
44.179,42.360,42.195,40.866,40.063,38.399,39.100,43.832,50.326,53.233,55.657,57.478,56.629,53.231,51.537,52.385,55.460,60.698,59.527,54.342,49.375,45.855,43.805,38.527
44.429,42.617,42.439,41.089,40.290,38.607,39.308,44.096,50.611,53.539,55.967,57.791,56.942,53.504,51.797,52.660,55.783,61.043,59.895,54.622,49.587,46.060,44.001,38.709
44.700,42.835,42.676,41.325,40.539,38.841,39.559,44.437,51.027,53.945,56.410,58.233,57.384,53.904,52.192,53.067,56.234,61.530,60.375,54.970,49.857,46.336,44.258,38.915
44.965,43.018,42.905,41.560,40.794,39.086,39.830,44.804,51.503,54.378,56.908,58.723,57.876,54.369,52.657,53.539,56.736,62.080,60.881,55.337,50.158,46.621,44.520,39.119
45.333,43.294,43.245,41.914,41.179,39.467,40.242,45.308,52.111,54.908,57.512,59.302,58.465,54.949,53.248,54.134,57.345,62.727,61.466,55.777,50.548,46.994,44.873,39.438
45.562,43.458,43.447,42.133,41.400,39.691,40.485,45.576,52.461,55.230,57.882,59.676,58.836,55.324,53.626,54.505,57.701,63.122,61.803,56.097,50.872,47.291,45.153,39.668
45.763,43.670,43.633,42.322,41.553,39.845,40.632,45.680,52.577,55.413,58.048,59.882,59.023,55.507,53.793,54.665,57.847,63.293,61.973,56.371,51.176,47.580,45.431,39.898
46.134,44.096,43.997,42.644,41.850,40.110,40.882,45.969,52.868,55.810,58.415,60.286,59.412,55.827,54.077,54.971,58.223,63.708,62.453,56.810,51.529,47.918,45.756,40.183
46.380,44.314,44.223,42.883,42.061,40.327,41.105,46.162,53.118,56.086,58.711,60.612,59.723,56.148,54.390,55.271,58.494,64.022,62.720,57.163,51.921,48.268,46.089,40.458
46.857,44.721,44.640,43.316,42.430,40.694,41.489,46.520,53.641,56.696,59.374,61.355,60.426,56.843,55.053,55.915,59.101,64.759,63.358,57.942,52.739,48.983,46.752,40.955
47.262,45.031,45.040,43.717,42.836,41.098,41.930,46.993,54.298,57.278,60.084,62.063,61.133,57.585,55.794,56.643,59.784,65.564,63.988,58.552,53.377,49.446,47.174,41.317
47.835,45.496,45.549,44.238,43.331,41.582,42.447,47.571,55.074,58.074,60.971,62.993,62.041,58.466,56.654,57.497,60.637,66.547,64.865,59.405,54.201,50.178,47.852,41.845
48.514,45.978,46.107,44.861,43.979,42.230,43.146,48.429,56.106,59.047,62.024,64.050,63.092,59.462,57.662,58.507,61.687,67.634,65.913,60.251,54.950,51.027,48.663,42.506
49.254,46.605,46.761,45.551,44.700,42.943,43.885,49.323,57.072,59.981,62.981,64.996,64.041,60.335,58.544,59.407,62.666,68.598,66.926,61.029,55.594,51.814,49.436,43.199
49.982,47.300,47.525,46.272,45.465,43.684,44.652,50.183,58.049,60.862,63.970,65.942,65.008,61.307,59.516,60.391,63.669,69.689,67.907,61.837,56.345,52.405,50.006,43.791
50.911,48.127,48.466,47.170,46.375,44.566,45.584,51.209,59.359,62.088,65.392,67.360,66.427,62.743,60.932,61.807,65.066,71.304,69.279,63.095,57.576,53.325,50.859,44.562
52.374,49.477,49.799,48.529,47.572,45.753,46.795,52.340,60.819,63.794,67.182,69.347,68.317,64.599,62.705,63.542,66.733,73.250,71.047,65.219,59.784,55.314,52.735,46.070
55.278,52.207,52.428,51.140,50.004,48.087,49.165,54.939,63.909,67.323,70.792,73.232,72.071,68.064,66.012,66.880,70.260,77.167,74.950,69.071,63.354,58.776,56.020,48.750
58.647,55.886,55.704,54.273,52.561,50.569,51.536,56.706,66.049,70.554,73.912,76.982,75.528,71.433,69.055,69.848,73.064,80.648,78.245,73.890,68.528,63.187,60.212,52.219
