24.233,26.837,16.945,18.420,15.757,14.977,26.461,38.848,39.439,33.943,27.851,26.019,21.466,20.111,16.296,16.684,19.887,23.848,24.295,21.754,15.982,11.805,13.676,8.505
28.312,30.368,21.607,22.668,20.118,19.005,29.011,40.559,41.499,36.567,31.012,29.167,24.957,23.258,20.324,20.835,23.837,27.827,27.743,25.481,20.083,16.573,18.131,12.908
30.251,31.747,24.230,24.888,22.472,21.293,30.482,41.620,42.789,38.098,32.853,30.883,26.839,24.732,22.211,22.810,25.584,29.636,29.338,27.343,22.232,19.066,20.449,15.253
31.576,32.546,26.527,26.513,24.291,23.092,31.802,42.487,43.643,39.103,34.182,32.092,28.329,25.769,23.643,24.248,26.734,30.636,30.399,28.655,23.798,20.894,22.149,17.175
32.083,32.921,27.423,27.142,25.006,23.844,32.546,43.068,44.119,39.590,34.770,32.655,29.014,26.331,24.280,24.851,27.224,30.994,30.893,29.218,24.437,21.565,22.806,17.992
32.967,33.801,28.431,28.103,26.017,24.822,33.242,43.427,44.437,40.067,35.408,33.367,29.871,27.254,25.361,25.912,28.231,31.870,31.747,30.105,25.438,22.691,23.881,19.186
33.843,34.786,29.301,28.882,26.799,25.464,33.730,43.642,44.564,40.333,35.800,33.859,30.530,27.998,26.350,26.865,29.197,32.681,32.531,30.850,26.191,23.569,24.716,20.080
34.243,35.143,29.823,29.332,27.282,25.938,34.087,43.860,44.764,40.592,36.133,34.205,30.943,28.395,26.823,27.332,29.622,33.052,32.905,31.254,26.652,24.085,25.207,20.630
34.710,35.583,30.441,29.850,27.842,26.482,34.515,44.098,44.950,40.850,36.487,34.588,31.428,28.877,27.406,27.894,30.136,33.467,33.348,31.725,27.183,24.682,25.778,21.292
35.022,35.660,31.101,30.350,28.419,27.134,35.009,44.499,45.390,41.307,37.025,35.054,31.926,29.208,27.755,28.261,30.385,33.722,33.630,32.122,27.700,25.245,26.311,21.902
35.351,35.948,31.530,30.754,28.856,27.587,35.342,44.702,45.588,41.559,37.343,35.384,32.303,29.589,28.171,28.673,30.755,34.052,33.962,32.487,28.132,25.719,26.765,22.416
35.586,36.201,31.845,31.061,29.198,27.979,35.745,45.002,45.820,41.807,37.629,35.698,32.662,29.996,28.544,29.020,31.069,34.283,34.267,32.801,28.491,26.065,27.119,22.872
35.792,36.416,32.102,31.322,29.484,28.288,35.996,45.136,45.919,41.947,37.818,35.917,32.925,30.304,28.858,29.319,31.342,34.496,34.506,33.051,28.790,26.380,27.429,23.252
36.002,36.578,32.403,31.559,29.738,28.547,36.239,45.359,46.138,42.166,38.055,36.138,33.164,30.496,29.071,29.533,31.530,34.674,34.700,33.266,29.021,26.624,27.666,23.508
36.124,36.605,32.682,31.838,30.067,28.985,36.645,45.722,46.502,42.519,38.432,36.489,33.504,30.809,29.286,29.748,31.677,34.815,34.898,33.523,29.362,26.939,27.986,23.911
36.291,36.737,32.980,32.099,30.369,29.352,37.028,46.041,46.776,42.787,38.729,36.784,33.826,31.127,29.556,30.001,31.883,34.966,35.125,33.779,29.667,27.225,28.280,24.295
36.524,36.933,33.370,32.334,30.632,29.592,37.288,46.236,46.910,42.926,38.912,36.959,34.072,31.310,29.818,30.244,32.090,35.103,35.319,33.987,29.880,27.463,28.510,24.579
36.650,37.086,33.480,32.473,30.774,29.750,37.461,46.390,47.044,43.063,39.049,37.113,34.229,31.504,29.987,30.405,32.251,35.244,35.478,34.139,30.039,27.610,28.663,24.757
36.777,37.244,33.596,32.635,30.946,29.950,37.645,46.515,47.148,43.186,39.188,37.278,34.406,31.739,30.191,30.599,32.439,35.400,35.652,34.312,30.238,27.802,28.860,24.995
36.931,37.473,33.669,32.772,31.076,30.075,37.769,46.586,47.197,43.262,39.271,37.401,34.542,31.958,30.402,30.798,32.658,35.586,35.839,34.473,30.398,27.959,29.022,25.176
37.081,37.629,33.818,32.941,31.251,30.250,37.866,46.594,47.201,43.337,39.383,37.531,34.689,32.131,30.592,30.986,32.840,35.753,35.993,34.631,30.581,28.163,29.216,25.388
37.308,37.913,33.958,33.086,31.373,30.294,37.881,46.615,47.255,43.349,39.392,37.573,34.763,32.240,30.797,31.191,33.079,35.978,36.162,34.772,30.697,28.326,29.363,25.498
37.516,37.948,34.381,33.485,31.836,30.803,38.085,46.646,47.300,43.533,39.700,37.860,35.087,32.507,31.097,31.517,33.310,36.217,36.353,35.066,31.140,28.822,29.833,26.052
37.583,38.084,34.448,33.494,31.840,30.816,38.221,46.771,47.373,43.571,39.720,37.897,35.154,32.590,31.186,31.576,33.384,36.228,36.438,35.113,31.143,28.859,29.848,26.067
37.763,38.235,34.640,33.648,31.989,30.919,38.304,46.868,47.494,43.699,39.851,38.014,35.273,32.666,31.311,31.712,33.522,36.388,36.567,35.248,31.265,28.972,29.971,26.171
37.894,38.304,34.794,33.798,32.139,31.068,38.385,46.970,47.651,43.861,40.015,38.151,35.388,32.734,31.390,31.811,33.612,36.528,36.663,35.369,31.402,29.129,30.114,26.280
38.074,38.487,34.974,33.914,32.243,31.108,38.404,46.978,47.659,43.886,40.054,38.191,35.458,32.772,31.521,31.943,33.756,36.665,36.773,35.469,31.475,29.239,30.210,26.346
38.208,38.594,35.148,34.033,32.363,31.209,38.510,47.099,47.781,44.001,40.172,38.293,35.569,32.838,31.620,32.044,33.853,36.766,36.873,35.575,31.571,29.346,30.312,26.436
38.267,38.605,35.311,34.159,32.518,31.394,38.649,47.173,47.844,44.080,40.286,38.403,35.703,32.953,31.735,32.155,33.925,36.812,36.945,35.676,31.717,29.504,30.463,26.638
38.356,38.653,35.465,34.291,32.665,31.571,38.832,47.363,48.036,44.257,40.465,38.563,35.858,33.078,31.833,32.255,34.003,36.894,37.047,35.799,31.859,29.636,30.597,26.790
38.462,38.751,35.601,34.396,32.775,31.670,38.911,47.411,48.076,44.310,40.535,38.636,35.952,33.162,31.948,32.367,34.107,36.982,37.137,35.893,31.958,29.751,30.706,26.910
38.592,38.879,35.788,34.537,32.932,31.820,39.044,47.482,48.116,44.369,40.625,38.737,36.092,33.302,32.122,32.530,34.254,37.085,37.263,36.023,32.104,29.913,30.862,27.104
38.690,38.922,35.949,34.664,33.070,31.965,39.147,47.579,48.234,44.490,40.759,38.851,36.207,33.372,32.205,32.621,34.325,37.171,37.340,36.125,32.225,30.050,30.989,27.230
38.791,38.999,36.057,34.780,33.188,32.079,39.202,47.616,48.297,44.571,40.853,38.941,36.295,33.451,32.298,32.724,34.422,37.284,37.426,36.223,32.340,30.184,31.113,27.345
38.876,39.073,36.184,34.873,33.289,32.185,39.325,47.731,48.396,44.664,40.952,39.036,36.402,33.542,32.394,32.814,34.502,37.348,37.511,36.313,32.432,30.274,31.204,27.453
39.002,39.185,36.336,34.994,33.413,32.293,39.407,47.794,48.459,44.739,41.041,39.124,36.505,33.628,32.514,32.935,34.617,37.458,37.613,36.421,32.543,30.403,31.325,27.574
39.079,39.251,36.434,35.085,33.511,32.395,39.492,47.859,48.524,44.810,41.123,39.206,36.594,33.714,32.604,33.025,34.698,37.533,37.691,36.505,32.639,30.504,31.424,27.683
39.163,39.292,36.594,35.193,33.633,32.517,39.575,47.911,48.578,44.875,41.212,39.283,36.691,33.773,32.692,33.115,34.766,37.593,37.753,36.588,32.741,30.627,31.537,27.810
39.277,39.407,36.710,35.297,33.736,32.608,39.659,47.985,48.649,44.952,41.294,39.368,36.786,33.864,32.803,33.225,34.877,37.698,37.855,36.688,32.839,30.733,31.639,27.911
39.333,39.465,36.754,35.379,33.822,32.713,39.738,48.048,48.720,45.032,41.379,39.459,36.868,33.970,32.885,33.308,34.957,37.782,37.933,36.771,32.940,30.832,31.738,28.020
39.458,39.575,36.866,35.505,33.945,32.826,39.787,48.102,48.804,45.131,41.484,39.561,36.964,34.059,32.990,33.424,35.074,37.921,38.039,36.884,33.061,30.971,31.868,28.129
39.555,39.675,36.873,35.589,34.023,32.890,39.798,48.142,48.854,45.191,41.546,39.625,37.029,34.127,33.050,33.511,35.168,38.022,38.121,36.964,33.138,31.058,31.951,28.151
39.618,39.728,36.943,35.640,34.043,32.908,39.841,48.166,48.976,45.316,41.634,39.699,37.029,34.139,33.074,33.521,35.210,38.164,38.171,37.014,33.183,31.107,31.993,28.198
39.745,39.793,37.258,35.809,34.264,33.127,40.038,48.309,49.023,45.366,41.751,39.807,37.238,34.262,33.256,33.696,35.319,38.167,38.273,37.146,33.342,31.290,32.168,28.433
39.837,39.855,37.387,35.910,34.371,33.231,40.118,48.381,49.103,45.451,41.846,39.892,37.329,34.326,33.338,33.782,35.394,38.243,38.347,37.232,33.437,31.397,32.269,28.532
39.873,39.885,37.439,35.963,34.430,33.302,40.191,48.448,49.166,45.511,41.909,39.954,37.391,34.390,33.389,33.831,35.436,38.281,38.394,37.285,33.497,31.453,32.326,28.603
39.997,39.960,37.636,36.092,34.567,33.429,40.303,48.560,49.285,45.628,42.037,40.060,37.510,34.451,33.485,33.931,35.519,38.368,38.482,37.390,33.606,31.578,32.443,28.716
40.082,40.023,37.731,36.201,34.682,33.551,40.371,48.607,49.354,45.712,42.134,40.155,37.601,34.540,33.575,34.029,35.608,38.469,38.564,37.485,33.723,31.708,32.566,28.838
40.169,40.067,37.875,36.324,34.817,33.702,40.491,48.716,49.475,45.835,42.269,40.276,37.723,34.632,33.666,34.124,35.684,38.552,38.648,37.590,33.850,31.842,32.694,28.976
40.254,40.122,38.054,36.425,34.936,33.822,40.625,48.824,49.554,45.910,42.364,40.361,37.839,34.710,33.769,34.218,35.754,38.590,38.721,37.677,33.945,31.943,32.793,29.108
40.366,40.217,38.176,36.539,35.051,33.926,40.690,48.873,49.617,45.987,42.452,40.447,37.930,34.789,33.872,34.326,35.858,38.700,38.814,37.776,34.052,32.068,32.910,29.217
40.419,40.272,38.206,36.611,35.122,34.019,40.782,48.979,49.736,46.101,42.555,40.549,38.012,34.887,33.932,34.390,35.923,38.781,38.891,37.856,34.139,32.142,32.988,29.294
40.509,40.347,38.346,36.709,35.229,34.135,40.935,49.139,49.876,46.225,42.679,40.664,38.134,34.985,34.026,34.478,36.000,38.844,38.984,37.954,34.235,32.228,33.079,29.401
40.574,40.431,38.376,36.776,35.292,34.205,41.000,49.201,49.940,46.294,42.744,40.738,38.202,35.080,34.104,34.557,36.085,38.931,39.065,38.029,34.313,32.301,33.154,29.477
40.657,40.517,38.435,36.876,35.391,34.320,41.105,49.313,50.066,46.420,42.863,40.858,38.304,35.200,34.194,34.651,36.182,39.042,39.168,38.134,34.426,32.406,33.262,29.582
40.783,40.664,38.496,36.988,35.491,34.413,41.172,49.384,50.158,46.523,42.959,40.965,38.397,35.321,34.311,34.774,36.321,39.199,39.294,38.252,34.542,32.525,33.379,29.677
40.857,40.720,38.606,37.070,35.578,34.507,41.286,49.509,50.277,46.629,43.064,41.058,38.492,35.393,34.379,34.841,36.379,39.256,39.367,38.330,34.619,32.597,33.453,29.757
40.961,40.753,38.846,37.195,35.725,34.653,41.445,49.667,50.422,46.759,43.210,41.173,38.630,35.446,34.466,34.926,36.431,39.295,39.438,38.428,34.724,32.712,33.562,29.886
41.014,40.791,38.954,37.276,35.819,34.776,41.616,49.847,50.579,46.893,43.340,41.293,38.751,35.553,34.542,34.994,36.482,39.331,39.516,38.514,34.816,32.782,33.641,29.994
41.069,40.836,39.029,37.352,35.900,34.876,41.729,49.966,50.694,47.000,43.444,41.391,38.844,35.641,34.608,35.059,36.539,39.387,39.587,38.592,34.900,32.855,33.718,30.083
41.154,40.926,39.115,37.447,35.998,34.990,41.868,50.112,50.831,47.127,43.564,41.512,38.959,35.764,34.706,35.154,36.632,39.476,39.692,38.695,35.005,32.945,33.815,30.191
41.212,41.008,39.150,37.510,36.061,35.060,41.937,50.162,50.872,47.175,43.615,41.577,39.027,35.865,34.794,35.237,36.719,39.550,39.771,38.767,35.082,33.018,33.891,30.279
41.256,41.041,39.191,37.596,36.153,35.196,42.087,50.335,51.056,47.342,43.767,41.721,39.143,35.991,34.854,35.301,36.776,39.625,39.857,38.863,35.193,33.103,33.985,30.383
41.351,41.124,39.304,37.700,36.261,35.308,42.197,50.445,51.167,47.452,43.879,41.828,39.249,36.088,34.950,35.398,36.866,39.717,39.952,38.963,35.298,33.208,34.090,30.490
41.484,41.247,39.477,37.822,36.386,35.422,42.334,50.581,51.285,47.563,43.995,41.939,39.377,36.189,35.075,35.518,36.981,39.815,40.068,39.080,35.406,33.319,34.200,30.608
41.572,41.339,39.579,37.905,36.472,35.504,42.430,50.672,51.364,47.639,44.074,42.019,39.466,36.275,35.169,35.607,37.068,39.890,40.155,39.164,35.486,33.400,34.282,30.697
41.656,41.430,39.643,38.009,36.578,35.626,42.531,50.760,51.458,47.743,44.179,42.131,39.571,36.406,35.276,35.716,37.176,40.002,40.260,39.272,35.609,33.518,34.401,30.824
41.757,41.550,39.730,38.104,36.670,35.722,42.660,50.898,51.583,47.858,44.286,42.243,39.681,36.529,35.385,35.820,37.286,40.103,40.375,39.379,35.707,33.604,34.493,30.921
41.894,41.692,39.879,38.219,36.784,35.817,42.765,50.995,51.666,47.943,44.377,42.337,39.791,36.630,35.516,35.946,37.414,40.216,40.494,39.492,35.809,33.714,34.601,31.031
42.029,41.827,40.025,38.327,36.888,35.897,42.859,51.099,51.763,48.037,44.471,42.426,39.891,36.708,35.627,36.056,37.527,40.324,40.602,39.596,35.896,33.810,34.694,31.113
42.151,41.944,40.124,38.455,37.013,36.022,42.946,51.182,51.869,48.154,44.590,42.546,40.001,36.825,35.742,36.178,37.652,40.468,40.721,39.718,36.027,33.949,34.829,31.234
42.218,42.045,40.161,38.523,37.079,36.101,43.053,51.282,51.950,48.233,44.662,42.634,40.089,36.951,35.841,36.270,37.750,40.549,40.820,39.805,36.112,34.017,34.906,31.328
42.296,42.111,40.290,38.633,37.204,36.251,43.226,51.441,52.087,48.360,44.796,42.765,40.228,37.086,35.955,36.375,37.838,40.616,40.922,39.916,36.237,34.129,35.023,31.480
42.444,42.245,40.460,38.777,37.348,36.404,43.433,51.695,52.336,48.580,44.997,42.948,40.398,37.227,36.077,36.498,37.958,40.746,41.071,40.066,36.372,34.246,35.148,31.598
42.557,42.311,40.647,38.900,37.483,36.525,43.512,51.748,52.396,48.652,45.092,43.029,40.500,37.281,36.177,36.601,38.043,40.827,41.146,40.161,36.480,34.380,35.269,31.723
42.671,42.347,40.910,39.053,37.661,36.714,43.705,51.932,52.568,48.810,45.270,43.175,40.669,37.366,36.286,36.709,38.111,40.881,41.236,40.283,36.619,34.529,35.412,31.894
42.771,42.402,41.023,39.214,37.831,36.931,43.884,52.126,52.800,49.036,45.491,43.378,40.838,37.527,36.390,36.826,38.212,41.020,41.364,40.435,36.804,34.702,35.586,32.068
42.878,42.472,41.219,39.324,37.955,37.042,43.997,52.222,52.881,49.115,45.588,43.461,40.948,37.586,36.491,36.923,38.289,41.078,41.441,40.526,36.897,34.810,35.687,32.184
42.990,42.579,41.344,39.426,38.055,37.140,44.129,52.378,53.030,49.249,45.713,43.577,41.062,37.682,36.586,37.017,38.383,41.173,41.547,40.631,36.990,34.894,35.775,32.268
43.113,42.631,41.562,39.594,38.241,37.347,44.313,52.566,53.233,49.443,45.917,43.752,41.236,37.795,36.697,37.135,38.471,41.275,41.659,40.773,37.155,35.065,35.940,32.443
43.288,42.836,41.743,39.722,38.365,37.432,44.428,52.660,53.291,49.506,45.991,43.839,41.358,37.917,36.873,37.299,38.643,41.409,41.808,40.904,37.263,35.185,36.058,32.568
43.423,42.973,41.940,39.882,38.541,37.639,44.712,52.943,53.527,49.716,46.198,44.044,41.575,38.129,37.052,37.462,38.789,41.516,41.980,41.078,37.437,35.330,36.218,32.775
43.537,43.081,42.052,40.033,38.699,37.823,44.864,53.076,53.669,49.868,46.356,44.206,41.729,38.304,37.197,37.609,38.928,41.660,42.120,41.227,37.611,35.501,36.389,32.959
43.800,43.307,42.375,40.269,38.938,38.018,45.025,53.217,53.814,50.026,46.537,44.375,41.929,38.446,37.420,37.835,39.146,41.872,42.317,41.434,37.811,35.739,36.610,33.168
44.013,43.545,42.559,40.452,39.113,38.166,45.160,53.336,53.928,50.155,46.672,44.523,42.090,38.622,37.630,38.042,39.365,42.081,42.512,41.617,37.984,35.926,36.793,33.342
44.304,43.809,42.805,40.708,39.350,38.370,45.315,53.541,54.191,50.422,46.925,44.757,42.296,38.793,37.832,38.266,39.606,42.383,42.750,41.858,38.209,36.172,37.026,33.507
44.533,43.927,43.214,40.948,39.613,38.597,45.479,53.670,54.329,50.571,47.119,44.911,42.498,38.865,38.012,38.454,39.750,42.520,42.885,42.034,38.401,36.419,37.247,33.730
44.728,44.090,43.508,41.125,39.802,38.759,45.667,53.846,54.474,50.709,47.275,45.052,42.678,38.982,38.191,38.624,39.903,42.642,43.037,42.193,38.549,36.583,37.405,33.904
44.884,44.187,43.779,41.320,40.019,38.997,45.923,54.099,54.713,50.931,47.509,45.261,42.899,39.146,38.354,38.784,40.030,42.757,43.189,42.371,38.742,36.773,37.595,34.123
45.209,44.516,44.095,41.603,40.292,39.239,46.183,54.383,54.997,51.209,47.780,45.527,43.169,39.394,38.637,39.068,40.325,43.057,43.480,42.652,38.999,37.037,37.857,34.361
45.480,44.851,44.255,41.861,40.532,39.502,46.509,54.756,55.367,51.558,48.090,45.854,43.459,39.750,38.920,39.348,40.634,43.378,43.807,42.952,39.279,37.276,38.115,34.609
45.659,45.104,44.420,42.043,40.720,39.722,46.848,55.085,55.618,51.785,48.304,46.096,43.716,40.072,39.183,39.582,40.872,43.553,44.061,43.180,39.494,37.442,38.307,34.861
46.109,45.614,44.852,42.418,41.086,40.020,47.156,55.335,55.819,52.014,48.558,46.383,44.062,40.439,39.646,40.027,41.335,43.955,44.469,43.557,39.841,37.820,38.678,35.240
46.341,45.849,45.239,42.743,41.458,40.499,47.836,56.015,56.380,52.503,49.036,46.855,44.552,40.934,40.013,40.353,41.612,44.139,44.828,43.924,40.225,38.114,39.013,35.709
46.818,46.358,45.464,43.192,41.855,40.892,48.122,56.396,56.894,53.035,49.512,47.334,44.924,41.375,40.392,40.776,42.096,44.762,45.306,44.387,40.679,38.568,39.463,36.032
47.321,46.889,45.983,43.607,42.259,41.236,48.558,56.859,57.308,53.428,49.898,47.720,45.346,41.760,40.850,41.219,42.555,45.184,45.758,44.812,41.046,38.940,39.837,36.395
48.740,48.160,47.785,44.813,43.471,42.247,49.790,58.203,58.545,54.576,51.063,48.777,46.541,42.582,42.008,42.355,43.657,46.215,46.885,45.943,42.028,39.990,40.863,37.374
50.334,49.999,49.272,45.908,44.472,42.910,50.866,59.398,59.517,55.485,51.925,49.685,47.613,43.577,43.379,43.654,45.089,47.480,48.228,47.108,42.886,40.881,41.766,38.178
52.622,53.496,50.778,47.475,45.892,44.102,53.390,61.877,61.128,56.949,53.215,51.421,49.642,46.387,46.167,46.118,47.890,49.555,50.889,49.215,44.486,42.154,43.264,39.974
