7.552,3.489,-2.732,-3.969,0.473,-5.005,-4.500,-5.283,1.450,3.718,4.799,3.771,-2.145,-11.051,-20.201,-16.421,-17.654,-6.197,4.759,6.837,10.478,14.417,16.421,9.998
14.758,11.333,7.703,5.569,8.980,5.989,5.255,5.350,10.238,12.471,12.282,12.153,8.694,-0.092,-6.991,-4.601,-4.534,5.123,14.680,16.207,17.811,20.882,22.508,17.716
17.419,14.452,11.141,9.045,12.010,8.985,8.437,8.597,13.189,15.539,15.586,15.620,11.658,3.953,-2.043,-0.104,-0.217,8.947,17.776,19.002,20.927,23.779,25.221,20.672
19.138,16.382,14.483,11.944,13.718,11.631,10.538,11.356,15.222,17.803,17.873,18.302,14.956,7.276,2.109,2.997,3.833,11.839,20.576,21.886,23.668,25.916,27.319,23.209
20.402,17.775,16.181,13.685,15.207,13.381,12.233,13.119,16.701,19.188,19.241,19.703,16.663,9.265,4.409,5.113,6.087,13.550,21.916,23.205,24.853,26.907,28.253,24.393
20.952,18.367,17.107,14.530,15.818,14.272,12.977,13.998,17.373,19.857,19.855,20.394,17.638,10.226,5.558,6.058,7.261,14.402,22.682,23.989,25.497,27.406,28.736,25.031
21.388,18.846,17.749,15.171,16.258,14.796,13.474,14.565,17.840,20.331,20.398,20.958,18.249,10.938,6.377,6.737,8.048,14.942,23.156,24.495,26.053,27.858,29.182,25.534
22.025,19.542,18.194,15.805,17.111,15.517,14.357,15.265,18.561,20.904,20.949,21.409,18.686,11.655,7.109,7.679,8.735,15.611,23.514,24.773,26.283,28.147,29.424,25.834
22.413,19.982,18.541,16.231,17.538,15.821,14.767,15.620,18.943,21.275,21.409,21.836,18.948,12.125,7.625,8.215,9.156,16.006,23.798,25.028,26.661,28.530,29.787,26.183
22.726,20.299,18.824,16.540,17.885,16.161,15.122,15.949,19.272,21.579,21.697,22.110,19.241,12.443,7.941,8.566,9.476,16.324,24.072,25.292,26.900,28.779,30.031,26.439
22.958,20.558,19.305,16.939,18.082,16.487,15.363,16.304,19.530,21.894,22.036,22.516,19.701,12.893,8.508,8.955,10.020,16.710,24.486,25.726,27.347,29.134,30.386,26.839
23.286,20.928,19.630,17.310,18.441,16.773,15.715,16.626,19.861,22.223,22.423,22.889,19.963,13.302,8.966,9.412,10.407,17.071,24.766,25.982,27.685,29.469,30.705,27.154
23.476,21.142,19.973,17.603,18.614,17.013,15.910,16.889,20.068,22.471,22.689,23.199,20.282,13.632,9.382,9.717,10.794,17.373,25.077,26.295,28.016,29.747,30.980,27.455
23.769,21.465,20.293,17.947,18.981,17.396,16.309,17.264,20.411,22.783,22.976,23.483,20.600,14.028,9.833,10.183,11.225,17.762,25.363,26.550,28.228,29.955,31.168,27.688
23.910,21.619,20.544,18.154,19.121,17.606,16.472,17.475,20.575,22.971,23.149,23.691,20.852,14.260,10.124,10.404,11.510,17.998,25.606,26.791,28.444,30.138,31.348,27.896
24.053,21.767,20.742,18.354,19.288,17.825,16.671,17.688,20.746,23.123,23.289,23.833,21.069,14.483,10.371,10.630,11.773,18.182,25.754,26.947,28.563,30.229,31.435,28.020
24.259,22.003,21.015,18.617,19.502,18.039,16.890,17.924,20.964,23.362,23.553,24.115,21.304,14.780,10.731,10.942,12.086,18.465,26.010,27.187,28.839,30.486,31.683,28.276
24.459,22.230,21.241,18.854,19.729,18.250,17.123,18.150,21.179,23.579,23.784,24.350,21.501,15.050,11.049,11.247,12.365,18.724,26.218,27.374,29.047,30.688,31.873,28.478
24.546,22.317,21.339,18.970,19.807,18.329,17.208,18.238,21.260,23.651,23.885,24.440,21.597,15.166,11.158,11.343,12.478,18.780,26.266,27.442,29.141,30.762,31.951,28.558
24.686,22.456,21.426,19.095,19.946,18.420,17.335,18.340,21.383,23.759,24.023,24.553,21.673,15.281,11.245,11.460,12.561,18.856,26.328,27.512,29.249,30.877,32.069,28.659
24.839,22.613,21.578,19.259,20.116,18.594,17.514,18.510,21.546,23.909,24.169,24.693,21.830,15.455,11.423,11.647,12.740,19.018,26.464,27.645,29.371,30.997,32.185,28.787
24.963,22.748,21.704,19.392,20.271,18.751,17.677,18.662,21.690,24.042,24.287,24.810,21.957,15.605,11.592,11.828,12.902,19.180,26.591,27.756,29.461,31.091,32.271,28.888
25.114,22.908,21.882,19.556,20.432,18.925,17.843,18.835,21.853,24.213,24.446,24.982,22.129,15.784,11.798,12.021,13.096,19.380,26.780,27.933,29.625,31.254,32.429,29.055
25.210,22.984,22.002,19.680,20.522,19.073,17.959,18.968,21.956,24.291,24.513,25.041,22.293,15.897,11.883,12.097,13.234,19.438,26.847,28.036,29.688,31.290,32.475,29.123
25.315,23.089,22.162,19.818,20.630,19.230,18.085,19.119,22.077,24.415,24.621,25.162,22.468,16.046,12.053,12.236,13.416,19.583,26.996,28.189,29.811,31.393,32.578,29.247
25.482,23.274,22.302,19.973,20.838,19.409,18.291,19.295,22.262,24.593,24.782,25.322,22.593,16.222,12.254,12.469,13.588,19.799,27.162,28.320,29.931,31.537,32.708,29.383
25.601,23.374,22.374,20.074,20.951,19.517,18.406,19.395,22.370,24.672,24.868,25.381,22.690,16.302,12.282,12.530,13.652,19.835,27.201,28.384,29.990,31.595,32.775,29.447
25.722,23.473,22.487,20.187,21.052,19.640,18.511,19.508,22.480,24.773,24.967,25.472,22.831,16.393,12.336,12.585,13.743,19.902,27.298,28.509,30.101,31.697,32.888,29.558
25.837,23.600,22.586,20.308,21.171,19.721,18.623,19.606,22.589,24.880,25.102,25.597,22.905,16.522,12.471,12.726,13.853,20.006,27.378,28.585,30.217,31.815,33.002,29.664
25.976,23.740,22.737,20.451,21.325,19.895,18.785,19.769,22.742,25.029,25.229,25.730,23.066,16.671,12.631,12.888,14.019,20.175,27.538,28.737,30.339,31.938,33.122,29.797
26.114,23.885,22.873,20.591,21.479,20.047,18.942,19.919,22.890,25.173,25.365,25.866,23.201,16.821,12.791,13.056,14.173,20.335,27.679,28.867,30.460,32.063,33.243,29.923
26.187,23.945,22.942,20.664,21.520,20.085,18.977,19.965,22.941,25.225,25.444,25.937,23.273,16.875,12.818,13.071,14.214,20.347,27.723,28.938,30.559,32.150,33.340,30.007
26.325,24.089,23.038,20.799,21.686,20.222,19.146,20.102,23.085,25.342,25.568,26.038,23.368,17.018,12.950,13.241,14.342,20.465,27.793,29.003,30.628,32.228,33.412,30.084
26.409,24.176,23.153,20.910,21.781,20.345,19.256,20.220,23.183,25.435,25.652,26.126,23.492,17.140,13.088,13.365,14.486,20.576,27.891,29.103,30.707,32.294,33.477,30.166
26.505,24.278,23.263,21.022,21.888,20.458,19.369,20.334,23.288,25.536,25.752,26.227,23.599,17.263,13.224,13.496,14.617,20.692,27.989,29.198,30.798,32.380,33.559,30.257
26.613,24.398,23.374,21.136,22.011,20.570,19.492,20.450,23.403,25.654,25.869,26.347,23.697,17.390,13.372,13.646,14.747,20.830,28.106,29.299,30.904,32.490,33.663,30.364
26.685,24.482,23.448,21.221,22.093,20.636,19.573,20.524,23.478,25.729,25.956,26.432,23.756,17.487,13.484,13.757,14.840,20.917,28.170,29.356,30.978,32.563,33.732,30.434
26.786,24.585,23.534,21.336,22.203,20.734,19.689,20.627,23.580,25.811,26.056,26.514,23.843,17.605,13.592,13.877,14.951,20.990,28.217,29.412,31.047,32.625,33.794,30.500
26.880,24.688,23.670,21.470,22.302,20.853,19.801,20.751,23.683,25.915,26.168,26.632,23.974,17.755,13.766,14.026,15.119,21.113,28.323,29.521,31.159,32.718,33.884,30.604
26.988,24.802,23.785,21.577,22.415,20.963,19.911,20.863,23.795,26.034,26.282,26.753,24.082,17.867,13.893,14.149,15.234,21.245,28.454,29.641,31.278,32.842,34.005,30.725
27.068,24.895,23.905,21.682,22.500,21.062,20.002,20.967,23.886,26.137,26.384,26.869,24.190,17.990,14.049,14.279,15.373,21.377,28.577,29.754,31.391,32.947,34.105,30.834
27.159,24.998,24.044,21.810,22.594,21.172,20.104,21.085,23.986,26.248,26.501,27.000,24.316,18.135,14.229,14.427,15.537,21.514,28.704,29.875,31.520,33.060,34.214,30.954
27.228,25.080,24.214,21.954,22.648,21.273,20.176,21.202,24.063,26.347,26.619,27.141,24.474,18.301,14.443,14.567,15.738,21.639,28.834,30.017,31.678,33.176,34.331,31.088
27.320,25.174,24.285,22.041,22.746,21.351,20.271,21.283,24.152,26.428,26.710,27.222,24.540,18.388,14.523,14.661,15.814,21.713,28.895,30.078,31.751,33.254,34.407,31.160
27.401,25.253,24.374,22.139,22.830,21.448,20.365,21.379,24.237,26.501,26.786,27.292,24.638,18.488,14.618,14.755,15.921,21.784,28.956,30.149,31.816,33.308,34.463,31.225
27.527,25.389,24.459,22.246,22.976,21.552,20.501,21.487,24.364,26.621,26.911,27.405,24.707,18.601,14.733,14.900,16.015,21.910,29.051,30.227,31.908,33.419,34.567,31.322
27.617,25.492,24.596,22.363,23.064,21.654,20.593,21.597,24.461,26.737,27.029,27.542,24.829,18.734,14.902,15.035,16.164,22.052,29.194,30.360,32.049,33.550,34.694,31.455
27.712,25.603,24.728,22.488,23.174,21.772,20.710,21.721,24.570,26.853,27.145,27.670,24.946,18.881,15.087,15.200,16.327,22.202,29.321,30.474,32.164,33.657,34.794,31.567
27.819,25.718,24.802,22.582,23.306,21.878,20.840,21.824,24.685,26.956,27.243,27.758,25.014,18.983,15.192,15.335,16.419,22.318,29.403,30.539,32.227,33.736,34.866,31.640
27.901,25.817,24.911,22.692,23.408,21.982,20.949,21.934,24.782,27.054,27.342,27.863,25.109,19.116,15.359,15.490,16.566,22.449,29.503,30.625,32.314,33.817,34.939,31.725
27.987,25.896,24.973,22.775,23.479,22.034,21.014,21.993,24.851,27.115,27.430,27.934,25.171,19.185,15.401,15.539,16.615,22.476,29.536,30.677,32.396,33.894,35.023,31.797
28.076,25.991,25.052,22.863,23.563,22.092,21.090,22.063,24.931,27.199,27.535,28.035,25.232,19.274,15.492,15.630,16.690,22.554,29.611,30.750,32.499,33.999,35.127,31.891
28.160,26.080,25.115,22.941,23.670,22.188,21.200,22.154,25.025,27.279,27.606,28.098,25.296,19.361,15.579,15.742,16.774,22.646,29.673,30.801,32.539,34.048,35.171,31.941
28.263,26.182,25.187,23.041,23.777,22.272,21.305,22.242,25.122,27.359,27.704,28.177,25.367,19.457,15.658,15.840,16.855,22.709,29.718,30.854,32.609,34.120,35.243,32.009
28.335,26.248,25.262,23.124,23.843,22.348,21.376,22.318,25.191,27.420,27.772,28.238,25.452,19.535,15.724,15.903,16.935,22.756,29.768,30.919,32.675,34.174,35.302,32.071
28.452,26.359,25.333,23.213,23.962,22.438,21.485,22.406,25.299,27.517,27.874,28.325,25.524,19.613,15.776,15.985,16.990,22.832,29.842,30.995,32.759,34.272,35.401,32.159
28.574,26.496,25.444,23.333,24.114,22.573,21.638,22.540,25.436,27.650,27.996,28.448,25.622,19.752,15.938,16.165,17.130,22.998,29.969,31.095,32.852,34.379,35.498,32.262
28.721,26.631,25.576,23.468,24.248,22.709,21.770,22.673,25.573,27.782,28.130,28.575,25.767,19.871,16.032,16.265,17.243,23.105,30.095,31.236,32.991,34.517,35.642,32.401
28.780,26.686,25.648,23.540,24.294,22.765,21.819,22.733,25.626,27.836,28.196,28.639,25.842,19.939,16.094,16.313,17.312,23.145,30.146,31.302,33.067,34.581,35.710,32.469
28.880,26.775,25.726,23.629,24.384,22.850,21.907,22.816,25.716,27.917,28.283,28.715,25.930,20.015,16.143,16.374,17.377,23.201,30.212,31.381,33.149,34.663,35.798,32.551
28.984,26.881,25.828,23.728,24.504,22.978,22.031,22.935,25.832,28.027,28.375,28.809,26.040,20.119,16.253,16.494,17.491,23.327,30.327,31.486,33.230,34.750,35.881,32.643
29.048,26.945,25.923,23.827,24.570,23.069,22.112,23.027,25.903,28.091,28.444,28.877,26.143,20.225,16.365,16.588,17.612,23.394,30.384,31.557,33.295,34.795,35.928,32.704
29.142,27.053,26.046,23.938,24.673,23.177,22.218,23.140,26.007,28.206,28.557,29.002,26.251,20.353,16.525,16.731,17.752,23.538,30.516,31.674,33.414,34.912,36.038,32.820
29.256,27.172,26.173,24.055,24.800,23.316,22.349,23.273,26.133,28.335,28.667,29.122,26.380,20.480,16.670,16.874,17.892,23.690,30.658,31.804,33.524,35.024,36.146,32.937
29.379,27.297,26.294,24.172,24.919,23.426,22.464,23.387,26.253,28.461,28.797,29.255,26.493,20.597,16.791,16.994,18.005,23.818,30.790,31.931,33.660,35.164,36.285,33.071
29.491,27.417,26.384,24.277,25.049,23.533,22.590,23.495,26.369,28.571,28.907,29.359,26.574,20.709,16.909,17.130,18.109,23.938,30.885,32.013,33.746,35.261,36.377,33.162
29.609,27.536,26.572,24.425,25.161,23.702,22.717,23.657,26.502,28.722,29.035,29.514,26.773,20.867,17.097,17.275,18.304,24.117,31.085,32.212,33.913,35.410,36.526,33.329
29.727,27.662,26.663,24.535,25.290,23.797,22.838,23.759,26.618,28.832,29.158,29.627,26.848,20.981,17.212,17.408,18.402,24.228,31.173,32.291,34.013,35.521,36.632,33.428
29.836,27.780,26.783,24.656,25.422,23.938,22.979,23.896,26.744,28.953,29.264,29.736,26.970,21.118,17.368,17.567,18.552,24.375,31.294,32.399,34.102,35.610,36.715,33.525
29.963,27.905,26.915,24.784,25.551,24.078,23.112,24.031,26.875,29.082,29.385,29.859,27.109,21.246,17.496,17.694,18.686,24.508,31.429,32.534,34.224,35.731,36.837,33.651
30.113,28.050,27.079,24.935,25.701,24.252,23.269,24.197,27.031,29.239,29.524,30.005,27.285,21.395,17.646,17.840,18.849,24.670,31.599,32.707,34.371,35.876,36.983,33.805
30.286,28.213,27.228,25.097,25.896,24.464,23.476,24.389,27.218,29.399,29.658,30.126,27.464,21.555,17.786,18.011,19.017,24.830,31.741,32.851,34.471,35.981,37.088,33.925
30.411,28.340,27.402,25.250,26.029,24.641,23.625,24.559,27.361,29.545,29.782,30.267,27.651,21.720,17.974,18.174,19.214,25.004,31.913,33.022,34.608,36.104,37.209,34.067
30.535,28.458,27.604,25.419,26.122,24.791,23.733,24.713,27.483,29.685,29.929,30.433,27.862,21.889,18.158,18.297,19.413,25.143,32.090,33.223,34.806,36.268,37.380,34.249
30.641,28.554,27.690,25.529,26.225,24.894,23.841,24.814,27.583,29.764,30.021,30.506,27.963,21.989,18.228,18.381,19.505,25.195,32.137,33.291,34.878,36.331,37.449,34.319
30.754,28.653,27.788,25.635,26.322,24.994,23.938,24.913,27.684,29.856,30.121,30.595,28.074,22.079,18.289,18.447,19.587,25.256,32.214,33.389,34.979,36.427,37.553,34.418
30.928,28.835,28.055,25.839,26.490,25.225,24.118,25.138,27.879,30.088,30.318,30.838,28.342,22.299,18.563,18.662,19.853,25.537,32.526,33.685,35.238,36.673,37.796,34.677
31.080,28.989,28.211,25.997,26.626,25.348,24.247,25.273,28.018,30.235,30.489,31.007,28.484,22.455,18.717,18.803,19.999,25.670,32.668,33.835,35.420,36.848,37.973,34.845
31.208,29.105,28.326,26.127,26.760,25.498,24.392,25.412,28.150,30.344,30.590,31.095,28.625,22.577,18.815,18.917,20.125,25.766,32.758,33.940,35.501,36.924,38.053,34.935
31.374,29.293,28.528,26.314,26.962,25.713,24.604,25.624,28.346,30.547,30.767,31.290,28.815,22.797,19.089,19.182,20.372,26.030,32.983,34.132,35.666,37.093,38.209,35.111
31.578,29.509,28.690,26.490,27.162,25.850,24.779,25.778,28.533,30.747,30.993,31.511,28.942,22.970,19.264,19.373,20.511,26.222,33.171,34.303,35.889,37.337,38.448,35.324
31.815,29.747,28.848,26.686,27.424,26.059,25.030,25.983,28.767,30.958,31.204,31.697,29.095,23.164,19.434,19.603,20.673,26.424,33.337,34.454,36.046,37.523,38.629,35.495
31.944,29.878,29.021,26.846,27.564,26.242,25.188,26.158,28.915,31.102,31.331,31.833,29.283,23.336,19.625,19.774,20.876,26.591,33.496,34.616,36.175,37.636,38.741,35.629
32.134,30.056,29.166,27.007,27.738,26.388,25.349,26.306,29.085,31.266,31.510,31.997,29.429,23.475,19.727,19.898,20.988,26.717,33.639,34.771,36.351,37.821,38.932,35.802
32.308,30.229,29.278,27.147,27.915,26.517,25.511,26.439,29.246,31.417,31.675,32.142,29.533,23.606,19.832,20.041,21.086,26.845,33.757,34.885,36.489,37.979,39.090,35.942
32.480,30.413,29.478,27.343,28.116,26.738,25.727,26.654,29.442,31.607,31.846,32.321,29.734,23.825,20.083,20.287,21.328,27.076,33.954,35.067,36.643,38.129,39.232,36.105
32.798,30.732,29.740,27.610,28.429,27.000,26.014,26.920,29.744,31.920,32.162,32.633,29.978,24.079,20.325,20.559,21.550,27.375,34.264,35.359,36.959,38.475,39.576,36.423
33.007,30.908,29.934,27.826,28.613,27.218,26.213,27.126,29.938,32.081,32.334,32.779,30.218,24.265,20.444,20.686,21.735,27.474,34.388,35.539,37.123,38.615,39.733,36.585
33.223,31.120,30.171,28.058,28.845,27.489,26.464,27.383,30.173,32.303,32.531,32.978,30.480,24.504,20.687,20.927,21.999,27.712,34.615,35.768,37.309,38.792,39.910,36.784
33.631,31.528,30.489,28.391,29.267,27.846,26.857,27.735,30.571,32.699,32.914,33.349,30.785,24.824,20.984,21.287,22.280,28.098,34.996,36.121,37.667,39.197,40.310,37.159
33.977,31.868,30.778,28.715,29.639,28.198,27.232,28.076,30.922,33.017,33.224,33.634,31.090,25.145,21.276,21.629,22.587,28.407,35.270,36.395,37.923,39.467,40.578,37.431
34.223,32.127,30.995,28.952,29.845,28.321,27.403,28.239,31.126,33.248,33.530,33.931,31.249,25.371,21.499,21.839,22.760,28.599,35.480,36.609,38.252,39.800,40.914,37.721
34.694,32.629,31.394,29.389,30.382,28.780,27.926,28.699,31.617,33.724,33.995,34.382,31.613,25.838,21.996,22.402,23.202,29.123,35.920,36.990,38.639,40.233,41.325,38.130
35.167,33.059,32.002,29.906,30.838,29.437,28.440,29.300,32.131,34.237,34.404,34.837,32.328,26.343,22.498,22.837,23.814,29.659,36.533,37.643,39.125,40.671,41.779,38.646
35.549,33.424,32.581,30.384,31.146,29.896,28.781,29.761,32.515,34.675,34.834,35.328,32.935,26.818,23.013,23.203,24.370,30.105,37.086,38.245,39.696,41.167,42.293,39.187
36.047,33.816,33.030,30.836,31.514,30.341,29.153,30.181,32.936,35.063,35.248,35.700,33.495,27.151,23.153,23.341,24.676,30.291,37.444,38.747,40.183,41.610,42.793,39.657
37.052,34.747,34.107,31.776,32.339,31.254,29.941,31.090,33.860,36.085,36.268,36.779,34.609,27.988,23.912,23.989,25.510,31.188,38.618,39.995,41.446,42.853,44.082,40.882
37.913,35.516,35.162,32.691,33.026,32.172,30.660,31.986,34.674,36.954,37.121,37.689,35.772,28.817,24.665,24.570,26.417,31.943,39.632,41.146,42.532,43.838,45.125,41.931
39.687,37.256,37.479,34.563,34.653,34.256,32.344,34.004,36.516,39.037,38.965,39.816,38.171,30.695,26.755,26.283,28.570,34.204,42.252,43.746,44.862,46.083,47.387,44.267
