16.831,11.609,7.811,4.965,3.992,1.380,4.360,8.805,9.820,3.900,-8.840,-17.325,-26.123,-36.393,-38.869,-26.669,-11.592,9.473,33.094,46.938,49.900,37.078,32.960,23.270
22.600,18.692,15.381,13.077,12.134,8.886,11.904,15.474,16.515,12.607,1.368,-6.125,-13.542,-23.026,-25.166,-14.912,-3.002,15.220,37.162,47.027,49.925,40.172,36.756,28.777
24.871,20.656,17.768,15.498,14.362,12.392,15.114,18.143,18.852,14.550,4.414,-1.994,-9.599,-18.369,-20.330,-10.742,0.828,17.806,37.193,47.202,49.992,40.851,37.789,30.534
26.937,22.775,20.290,18.150,17.033,15.832,18.120,20.835,21.287,16.870,7.872,2.447,-4.757,-12.520,-14.291,-5.550,5.276,20.578,37.361,47.216,50.029,41.107,38.401,31.874
27.868,23.838,21.454,19.418,18.332,17.416,19.638,22.105,22.568,18.308,9.855,4.654,-2.257,-9.624,-11.279,-2.994,7.405,21.963,37.537,47.235,50.034,41.379,38.774,32.561
28.609,24.406,22.145,20.144,19.030,18.931,21.018,23.184,23.587,19.049,11.255,6.380,-0.506,-7.385,-8.915,-0.979,9.433,23.346,37.714,47.267,50.111,41.468,38.931,32.952
28.965,24.927,22.718,20.758,19.725,19.385,21.357,23.639,24.013,19.595,11.850,7.078,0.448,-6.260,-7.788,0.025,10.160,23.771,37.819,47.304,50.230,41.549,39.073,33.178
29.403,25.329,23.201,21.266,20.211,20.161,22.072,24.216,24.545,20.073,12.621,8.052,1.449,-5.055,-6.529,1.092,11.119,24.390,37.847,47.319,50.241,41.616,39.207,33.475
29.680,25.552,23.457,21.524,20.477,20.624,22.470,24.580,24.884,20.299,12.997,8.515,1.931,-4.424,-5.873,1.683,11.749,24.859,37.872,47.385,50.283,41.728,39.332,33.634
29.989,25.820,23.761,21.835,20.779,21.117,22.927,24.966,25.248,20.597,13.452,9.066,2.483,-3.756,-5.176,2.294,12.352,25.301,37.875,47.420,50.333,41.865,39.492,33.859
30.252,26.000,23.958,22.055,20.948,21.709,23.565,25.358,25.666,20.968,14.124,9.791,3.154,-2.973,-4.323,2.982,13.057,25.814,37.944,47.445,50.346,41.962,39.593,34.069
30.447,26.238,24.242,22.345,21.263,21.929,23.707,25.572,25.833,21.141,14.305,10.079,3.517,-2.533,-3.891,3.381,13.350,25.978,37.969,47.505,50.372,41.995,39.672,34.194
30.688,26.512,24.535,22.646,21.563,22.175,23.943,25.814,26.061,21.413,14.583,10.399,3.861,-2.183,-3.542,3.701,13.590,26.167,38.170,47.534,50.453,42.170,39.872,34.434
30.880,26.672,24.723,22.835,21.741,22.470,24.212,26.044,26.269,21.573,14.832,10.721,4.171,-1.808,-3.151,4.045,13.931,26.415,38.198,47.537,50.516,42.250,39.971,34.577
31.049,26.857,24.920,23.037,21.939,22.654,24.394,26.217,26.434,21.763,15.036,10.954,4.411,-1.564,-2.905,4.269,14.108,26.556,38.328,47.670,50.536,42.375,40.113,34.747
31.165,27.023,25.099,23.225,22.137,22.746,24.472,26.327,26.535,21.924,15.172,11.115,4.617,-1.358,-2.707,4.451,14.201,26.611,38.458,47.694,50.604,42.446,40.205,34.864
31.289,27.128,25.199,23.335,22.230,22.965,24.726,26.489,26.719,22.115,15.454,11.386,4.871,-1.089,-2.413,4.692,14.444,26.813,38.513,47.826,50.629,42.549,40.301,34.991
31.403,27.258,25.332,23.473,22.383,23.100,24.844,26.623,26.854,22.254,15.604,11.540,5.064,-0.863,-2.186,4.905,14.638,26.966,38.628,47.946,50.712,42.633,40.387,35.078
31.515,27.434,25.502,23.656,22.589,23.189,24.930,26.744,26.987,22.459,15.782,11.693,5.289,-0.636,-1.963,5.113,14.769,27.070,38.825,47.950,50.720,42.743,40.499,35.193
31.645,27.535,25.598,23.755,22.675,23.390,25.151,26.901,27.157,22.610,15.999,11.902,5.475,-0.434,-1.744,5.304,14.989,27.271,38.897,47.993,50.731,42.865,40.613,35.318
31.776,27.706,25.787,23.950,22.873,23.495,25.243,27.020,27.260,22.763,16.128,12.069,5.670,-0.246,-1.563,5.471,15.073,27.322,39.019,48.013,50.812,42.946,40.719,35.455
31.904,27.852,25.927,24.091,23.005,23.598,25.335,27.147,27.390,22.899,16.236,12.161,5.790,-0.121,-1.444,5.604,15.203,27.458,39.202,48.014,51.015,43.091,40.859,35.576
32.041,27.887,25.951,24.106,23.029,23.843,25.623,27.310,27.570,22.988,16.434,12.345,5.870,-0.033,-1.329,5.702,15.429,27.707,39.214,48.152,51.038,43.253,40.997,35.715
32.155,27.968,26.044,24.200,23.086,24.042,25.817,27.454,27.709,23.087,16.610,12.558,6.062,0.200,-1.081,5.915,15.660,27.882,39.216,48.203,51.042,43.305,41.055,35.800
32.271,28.103,26.206,24.370,23.251,24.200,25.957,27.584,27.818,23.221,16.780,12.792,6.313,0.479,-0.797,6.156,15.826,27.968,39.236,48.265,51.055,43.322,41.101,35.899
32.371,28.279,26.382,24.556,23.463,24.232,25.977,27.670,27.905,23.393,16.885,12.886,6.481,0.630,-0.661,6.294,15.867,27.998,39.437,48.299,51.156,43.419,41.211,36.010
32.454,28.382,26.486,24.667,23.587,24.342,26.077,27.777,28.016,23.517,17.026,13.025,6.659,0.838,-0.449,6.486,16.035,28.125,39.526,48.317,51.213,43.477,41.269,36.073
32.558,28.521,26.636,24.822,23.750,24.425,26.146,27.875,28.105,23.642,17.132,13.152,6.819,1.001,-0.293,6.634,16.120,28.182,39.637,48.358,51.281,43.545,41.353,36.174
32.631,28.602,26.733,24.924,23.851,24.539,26.249,27.965,28.186,23.733,17.256,13.313,6.993,1.200,-0.088,6.808,16.254,28.260,39.647,48.419,51.299,43.555,41.379,36.231
32.746,28.684,26.813,24.996,23.918,24.653,26.352,28.075,28.291,23.791,17.316,13.375,7.025,1.227,-0.081,6.861,16.323,28.391,39.744,48.491,51.375,43.686,41.503,36.339
32.838,28.820,26.946,25.129,24.062,24.654,26.359,28.132,28.342,23.889,17.330,13.376,7.055,1.235,-0.054,6.866,16.362,28.392,39.775,48.526,51.454,43.810,41.633,36.455
32.945,28.841,26.981,25.173,24.064,24.997,26.732,28.323,28.547,24.033,17.694,13.785,7.392,1.637,0.380,7.219,16.722,28.674,39.903,48.579,51.468,43.812,41.634,36.527
33.023,28.959,27.100,25.298,24.198,25.037,26.769,28.391,28.615,24.148,17.773,13.861,7.504,1.736,0.471,7.311,16.759,28.706,39.932,48.579,51.541,43.886,41.717,36.615
33.150,29.035,27.184,25.375,24.252,25.209,26.945,28.521,28.736,24.216,17.888,14.005,7.589,1.829,0.573,7.407,16.904,28.851,39.934,48.655,51.658,43.992,41.825,36.737
33.284,29.127,27.275,25.462,24.332,25.401,27.137,28.677,28.895,24.322,18.044,14.163,7.722,1.989,0.745,7.570,17.124,29.060,40.008,48.659,51.664,44.119,41.942,36.849
33.374,29.204,27.362,25.551,24.410,25.533,27.270,28.779,28.991,24.409,18.172,14.318,7.862,2.144,0.908,7.710,17.257,29.160,40.028,48.770,51.670,44.168,42.000,36.932
33.473,29.303,27.472,25.658,24.523,25.640,27.355,28.884,29.082,24.484,18.250,14.422,7.976,2.281,1.042,7.843,17.385,29.264,40.099,48.817,51.801,44.234,42.073,37.009
33.571,29.439,27.615,25.808,24.688,25.722,27.419,28.984,29.176,24.613,18.359,14.542,8.143,2.459,1.214,8.007,17.492,29.339,40.221,48.859,51.899,44.301,42.152,37.097
33.669,29.568,27.763,25.963,24.850,25.831,27.507,29.090,29.268,24.734,18.486,14.711,8.346,2.684,1.439,8.206,17.622,29.409,40.282,48.877,51.939,44.330,42.203,37.178
33.782,29.701,27.925,26.124,25.004,25.920,27.575,29.181,29.327,24.818,18.552,14.847,8.481,2.813,1.558,8.316,17.661,29.416,40.326,48.899,51.996,44.370,42.277,37.294
33.878,29.765,28.001,26.200,25.062,26.075,27.733,29.291,29.429,24.893,18.684,15.014,8.613,2.962,1.719,8.452,17.808,29.532,40.331,48.901,52.008,44.420,42.337,37.380
33.935,29.840,28.088,26.294,25.162,26.170,27.813,29.370,29.502,24.980,18.799,15.155,8.785,3.165,1.926,8.629,17.943,29.608,40.343,48.924,52.010,44.421,42.348,37.416
34.049,29.927,28.181,26.384,25.238,26.320,27.968,29.490,29.617,25.071,18.926,15.303,8.900,3.287,2.056,8.747,18.080,29.734,40.390,48.944,52.055,44.513,42.444,37.527
34.136,29.985,28.230,26.434,25.276,26.456,28.128,29.596,29.739,25.174,19.077,15.433,9.005,3.397,2.180,8.855,18.227,29.883,40.449,48.951,52.070,44.615,42.533,37.616
34.253,30.043,28.275,26.477,25.290,26.638,28.352,29.727,29.891,25.287,19.257,15.589,9.094,3.477,2.278,8.940,18.387,30.066,40.507,48.964,52.082,44.765,42.664,37.748
34.363,30.091,28.323,26.520,25.307,26.817,28.549,29.852,30.018,25.357,19.397,15.739,9.180,3.574,2.391,9.038,18.554,30.233,40.518,48.974,52.117,44.868,42.759,37.853
34.457,30.166,28.395,26.593,25.373,26.956,28.698,29.964,30.138,25.459,19.539,15.878,9.305,3.711,2.539,9.170,18.708,30.375,40.577,48.986,52.145,44.957,42.843,37.942
34.525,30.248,28.486,26.691,25.476,27.066,28.798,30.056,30.228,25.561,19.675,16.032,9.487,3.924,2.758,9.358,18.861,30.471,40.607,49.036,52.155,44.974,42.869,37.989
34.590,30.305,28.531,26.737,25.526,27.144,28.885,30.131,30.318,25.642,19.766,16.094,9.551,3.993,2.832,9.433,18.964,30.584,40.698,49.155,52.221,45.068,42.947,38.052
34.687,30.415,28.642,26.849,25.637,27.223,28.967,30.220,30.405,25.750,19.859,16.188,9.648,4.077,2.912,9.515,19.024,30.650,40.810,49.226,52.306,45.167,43.051,38.161
34.781,30.525,28.775,26.981,25.776,27.306,29.015,30.308,30.465,25.811,19.907,16.291,9.771,4.220,3.047,9.647,19.111,30.696,40.858,49.332,52.425,45.194,43.102,38.232
34.896,30.646,28.896,27.106,25.887,27.415,29.148,30.412,30.574,25.952,20.051,16.435,9.898,4.318,3.148,9.736,19.174,30.768,40.966,49.439,52.448,45.313,43.227,38.376
34.991,30.754,28.991,27.205,25.993,27.506,29.251,30.513,30.692,26.090,20.182,16.531,10.012,4.426,3.258,9.846,19.284,30.889,41.115,49.461,52.539,45.440,43.342,38.478
35.060,30.891,29.123,27.348,26.166,27.533,29.264,30.585,30.771,26.235,20.281,16.608,10.169,4.587,3.408,9.994,19.357,30.940,41.283,49.614,52.635,45.509,43.415,38.545
35.145,31.023,29.244,27.475,26.319,27.577,29.300,30.670,30.867,26.373,20.374,16.668,10.288,4.705,3.518,10.113,19.439,31.025,41.470,49.793,52.783,45.619,43.519,38.629
35.229,31.103,29.330,27.560,26.399,27.662,29.383,30.751,30.942,26.445,20.449,16.756,10.367,4.782,3.595,10.189,19.511,31.093,41.533,49.864,52.856,45.692,43.597,38.714
35.322,31.198,29.426,27.655,26.491,27.741,29.465,30.835,31.024,26.534,20.528,16.836,10.442,4.847,3.657,10.255,19.572,31.164,41.631,49.972,52.950,45.789,43.696,38.815
35.436,31.308,29.530,27.759,26.599,27.859,29.583,30.953,31.148,26.649,20.645,16.941,10.550,4.959,3.770,10.371,19.704,31.301,41.757,50.093,53.084,45.915,43.815,38.925
35.531,31.423,29.630,27.860,26.717,27.924,29.649,31.049,31.258,26.773,20.737,16.990,10.631,5.035,3.842,10.460,19.785,31.419,41.941,50.275,53.255,46.056,43.942,39.022
35.649,31.591,29.794,28.026,26.895,27.953,29.677,31.133,31.339,26.914,20.798,17.038,10.708,5.070,3.859,10.502,19.799,31.439,42.156,50.532,53.435,46.205,44.098,39.170
35.727,31.700,29.906,28.141,27.025,27.996,29.705,31.204,31.406,27.006,20.855,17.096,10.803,5.167,3.947,10.597,19.843,31.490,42.278,50.664,53.561,46.277,44.176,39.243
35.833,31.851,30.056,28.297,27.193,28.058,29.766,31.298,31.502,27.157,20.964,17.196,10.941,5.287,4.059,10.711,19.899,31.547,42.448,50.839,53.669,46.389,44.294,39.364
35.900,31.932,30.145,28.388,27.283,28.116,29.820,31.359,31.556,27.230,21.030,17.280,11.032,5.374,4.143,10.789,19.944,31.578,42.504,50.900,53.708,46.433,44.350,39.434
35.993,32.055,30.273,28.520,27.419,28.186,29.889,31.445,31.638,27.352,21.132,17.388,11.160,5.490,4.254,10.894,20.000,31.626,42.618,51.018,53.773,46.515,44.442,39.539
36.107,32.186,30.415,28.666,27.563,28.306,30.005,31.559,31.746,27.486,21.270,17.551,11.333,5.665,4.429,11.052,20.112,31.709,42.706,51.098,53.820,46.592,44.533,39.654
36.223,32.317,30.528,28.785,27.683,28.405,30.130,31.672,31.880,27.652,21.425,17.662,11.453,5.760,4.526,11.150,20.206,31.829,42.885,51.262,53.909,46.754,44.683,39.793
36.398,32.462,30.662,28.915,27.802,28.597,30.345,31.849,32.070,27.821,21.614,17.825,11.583,5.879,4.652,11.280,20.385,32.038,43.057,51.428,54.069,46.967,44.881,39.979
36.514,32.564,30.761,29.015,27.890,28.735,30.498,31.970,32.196,27.942,21.757,17.965,11.701,5.991,4.770,11.390,20.508,32.165,43.150,51.510,54.131,47.089,44.999,40.105
36.628,32.668,30.870,29.124,27.992,28.870,30.638,32.088,32.312,28.055,21.892,18.114,11.836,6.129,4.913,11.521,20.637,32.280,43.224,51.575,54.191,47.183,45.098,40.218
36.758,32.797,31.013,29.263,28.140,28.999,30.734,32.219,32.424,28.142,21.972,18.226,11.962,6.282,5.061,11.674,20.788,32.409,43.327,51.695,54.393,47.276,45.201,40.320
36.893,32.933,31.144,29.398,28.268,29.146,30.898,32.358,32.571,28.304,22.148,18.393,12.122,6.432,5.215,11.818,20.926,32.547,43.459,51.811,54.464,47.418,45.341,40.468
37.003,33.033,31.257,29.510,28.374,29.281,31.025,32.473,32.677,28.399,22.266,18.541,12.261,6.586,5.373,11.961,21.061,32.655,43.512,51.849,54.502,47.488,45.421,40.567
37.136,33.100,31.309,29.562,28.393,29.514,31.307,32.636,32.865,28.543,22.510,18.760,12.408,6.734,5.548,12.106,21.286,32.887,43.560,51.858,54.531,47.644,45.556,40.711
37.284,33.268,31.468,29.725,28.570,29.651,31.443,32.790,33.031,28.726,22.678,18.901,12.581,6.910,5.722,12.283,21.455,33.057,43.764,52.040,54.679,47.813,45.716,40.857
37.459,33.452,31.653,29.904,28.744,29.755,31.551,32.927,33.158,28.870,22.764,18.989,12.651,6.937,5.735,12.327,21.489,33.141,43.979,52.313,54.919,48.019,45.928,41.062
37.619,33.646,31.853,30.105,28.950,29.856,31.647,33.061,33.282,29.038,22.880,19.115,12.794,7.052,5.838,12.442,21.551,33.216,44.179,52.547,55.101,48.178,46.100,41.241
37.757,33.819,32.014,30.270,29.119,29.930,31.741,33.174,33.407,29.219,23.008,19.209,12.904,7.116,5.894,12.513,21.586,33.292,44.380,52.698,55.144,48.365,46.284,41.416
37.889,33.874,32.069,30.326,29.132,30.198,32.052,33.344,33.591,29.352,23.272,19.486,13.096,7.325,6.135,12.702,21.842,33.519,44.409,52.795,55.226,48.470,46.381,41.550
38.101,34.036,32.225,30.479,29.252,30.455,32.354,33.557,33.818,29.559,23.534,19.737,13.276,7.479,6.305,12.858,22.045,33.749,44.528,52.831,55.247,48.705,46.608,41.790
38.235,34.223,32.436,30.695,29.485,30.556,32.417,33.682,33.917,29.703,23.641,19.897,13.489,7.707,6.519,13.063,22.154,33.806,44.657,52.976,55.368,48.766,46.699,41.908
38.376,34.406,32.621,30.883,29.689,30.640,32.486,33.807,34.036,29.861,23.746,19.999,13.632,7.839,6.638,13.196,22.239,33.894,44.864,53.205,55.571,48.910,46.851,42.054
38.513,34.572,32.795,31.062,29.867,30.759,32.606,33.935,34.158,30.025,23.895,20.166,13.812,8.004,6.800,13.347,22.332,33.973,45.001,53.346,55.650,49.024,46.980,42.205
38.677,34.705,32.918,31.178,29.979,30.927,32.782,34.098,34.329,30.158,24.033,20.281,13.901,8.090,6.888,13.452,22.499,34.173,45.174,53.528,55.871,49.228,47.168,42.370
38.903,34.879,33.104,31.353,30.126,31.171,33.032,34.310,34.523,30.302,24.202,20.490,14.037,8.215,7.017,13.587,22.679,34.372,45.302,53.691,56.079,49.439,47.386,42.603
39.154,35.118,33.355,31.596,30.341,31.364,33.240,34.512,34.705,30.497,24.358,20.679,14.165,8.282,7.074,13.666,22.745,34.489,45.523,53.985,56.317,49.699,47.664,42.899
39.381,35.361,33.584,31.820,30.575,31.512,33.394,34.709,34.909,30.717,24.508,20.790,14.282,8.360,7.138,13.771,22.862,34.672,45.857,54.364,56.670,49.997,47.951,43.152
39.516,35.535,33.766,32.007,30.769,31.613,33.486,34.831,35.023,30.878,24.638,20.936,14.458,8.526,7.296,13.925,22.950,34.744,46.013,54.524,56.786,50.108,48.078,43.294
39.721,35.685,33.941,32.179,30.928,31.930,33.776,35.076,35.246,31.020,24.878,21.245,14.738,8.877,7.663,14.255,23.318,35.032,46.043,54.530,56.922,50.214,48.195,43.443
40.037,35.974,34.227,32.461,31.200,32.270,34.126,35.397,35.570,31.321,25.202,21.564,15.029,9.168,7.961,14.551,23.650,35.374,46.331,54.807,57.219,50.540,48.515,43.760
40.362,36.188,34.460,32.683,31.368,32.721,34.598,35.741,35.900,31.547,25.555,21.982,15.320,9.480,8.299,14.857,24.050,35.753,46.421,54.883,57.380,50.807,48.788,44.075
40.718,36.566,34.814,33.039,31.702,32.989,34.935,36.047,36.233,31.963,25.910,22.274,15.576,9.628,8.441,15.020,24.190,35.995,46.887,55.383,57.663,51.271,49.241,44.524
41.073,36.923,35.214,33.433,32.072,33.314,35.239,36.362,36.498,32.243,26.173,22.644,15.906,9.935,8.737,15.310,24.406,36.187,47.120,55.683,57.953,51.532,49.550,44.893
41.508,37.389,35.680,33.896,32.530,33.647,35.586,36.745,36.874,32.674,26.519,22.987,16.238,10.198,8.982,15.588,24.640,36.483,47.628,56.261,58.431,52.010,50.039,45.380
42.236,37.925,36.252,34.425,32.952,34.403,36.381,37.401,37.475,33.105,27.013,23.598,16.570,10.454,9.247,15.894,25.124,37.079,48.047,56.828,59.118,52.731,50.779,46.160
42.818,38.521,36.815,34.978,33.547,34.881,36.832,37.963,38.050,33.646,27.448,23.951,16.968,10.847,9.617,16.345,25.653,37.698,48.827,57.666,60.058,53.434,51.446,46.730
43.526,39.330,37.615,35.768,34.406,35.359,37.237,38.604,38.669,34.310,27.886,24.353,17.486,11.335,10.050,16.888,26.146,38.274,49.813,58.786,61.244,54.224,52.235,47.433
44.538,40.377,38.749,36.880,35.431,36.111,38.005,39.416,39.368,35.140,28.530,25.210,18.184,11.816,10.478,17.369,26.415,38.647,50.680,59.942,62.139,55.147,53.277,48.605
46.065,42.574,40.955,39.131,37.856,36.666,38.492,40.600,40.504,37.058,29.562,26.165,19.628,12.864,11.328,18.422,26.625,39.068,53.271,62.927,64.213,56.848,55.108,50.412
47.594,43.839,42.230,40.374,38.938,38.372,40.337,42.102,42.004,38.383,31.102,27.769,20.858,13.997,12.515,19.581,28.030,40.589,54.386,64.077,65.332,58.408,56.659,52.037
