-1.895,-4.572,-8.017,-12.303,-9.298,-1.684,15.660,30.412,36.632,31.706,24.618,21.453,13.756,11.117,7.811,5.840,3.704,17.923,27.763,37.950,25.284,12.346,6.262,-3.163
14.504,11.861,10.555,6.627,9.428,14.950,28.976,40.473,45.034,40.627,33.828,31.234,23.403,21.478,19.694,18.251,17.604,27.463,35.760,44.215,32.758,23.491,19.671,11.962
17.666,15.570,14.866,11.314,13.959,19.000,32.995,43.517,47.263,42.685,37.116,34.834,27.264,26.182,23.992,22.161,21.750,30.494,37.919,45.955,35.214,26.915,22.777,15.968
19.389,17.723,17.465,14.301,16.773,21.502,35.710,45.798,48.964,44.271,39.608,37.528,30.332,29.477,26.830,24.714,24.437,32.584,39.561,47.387,37.174,29.307,24.738,18.482
20.529,18.926,18.777,15.845,18.168,22.703,36.445,46.292,49.472,45.067,40.514,38.486,31.699,30.418,27.770,25.763,25.524,33.481,40.419,48.042,38.179,30.394,25.871,19.742
21.609,19.943,19.484,16.671,18.859,23.344,36.573,46.542,49.570,45.348,40.689,38.662,32.382,30.690,28.243,26.500,26.104,34.170,41.055,48.380,38.947,31.102,26.836,20.718
21.986,20.357,19.856,17.036,19.228,23.737,36.863,46.662,49.835,45.690,41.123,39.110,32.827,31.278,28.790,27.003,26.576,34.651,41.460,48.774,39.377,31.554,27.239,21.166
22.541,20.922,20.392,17.524,19.739,24.229,37.210,46.823,49.978,45.833,41.327,39.339,32.995,31.707,29.280,27.478,27.049,35.008,41.666,48.903,39.556,31.895,27.663,21.681
22.954,21.394,20.982,18.125,20.348,24.777,37.808,47.287,50.327,46.117,41.747,39.797,33.391,32.287,29.821,27.950,27.581,35.358,41.906,49.119,39.794,32.293,28.034,22.163
23.137,21.630,21.261,18.476,20.661,25.047,38.077,47.521,50.496,46.297,42.035,40.108,33.802,32.653,30.127,28.238,27.876,35.601,42.110,49.285,40.056,32.581,28.265,22.455
23.318,21.844,21.500,18.745,20.917,25.290,38.361,47.797,50.736,46.526,42.329,40.414,34.139,32.991,30.420,28.507,28.148,35.854,42.345,49.517,40.319,32.851,28.486,22.706
23.495,22.053,21.782,19.067,21.222,25.550,38.640,48.039,50.913,46.692,42.559,40.661,34.413,33.253,30.650,28.719,28.393,36.018,42.484,49.639,40.477,33.059,28.670,22.936
23.625,22.218,21.951,19.285,21.413,25.735,38.858,48.276,51.126,46.912,42.845,40.957,34.789,33.571,30.910,28.965,28.625,36.269,42.732,49.880,40.774,33.325,28.871,23.156
23.848,22.471,22.295,19.633,21.767,26.036,39.163,48.480,51.251,47.001,43.003,41.139,34.920,33.816,31.152,29.173,28.885,36.385,42.777,49.901,40.805,33.482,29.038,23.396
23.928,22.592,22.498,19.862,21.994,26.238,39.480,48.790,51.493,47.192,43.274,41.424,35.187,34.114,31.387,29.358,29.104,36.545,42.922,50.068,40.963,33.671,29.159,23.554
24.086,22.749,22.676,20.086,22.187,26.395,39.564,48.874,51.562,47.307,43.378,41.532,35.379,34.177,31.461,29.468,29.223,36.641,43.037,50.149,41.101,33.806,29.315,23.715
24.201,22.865,22.785,20.186,22.292,26.501,39.660,48.953,51.642,47.384,43.459,41.615,35.449,34.282,31.572,29.576,29.330,36.740,43.120,50.228,41.180,33.900,29.416,23.823
24.371,23.020,22.921,20.321,22.422,26.624,39.708,48.984,51.688,47.461,43.510,41.664,35.521,34.327,31.650,29.682,29.430,36.837,43.215,50.298,41.273,33.999,29.556,23.960
24.551,23.202,23.085,20.457,22.574,26.785,39.852,49.077,51.783,47.541,43.609,41.769,35.581,34.503,31.840,29.856,29.599,36.983,43.314,50.387,41.356,34.127,29.700,24.127
24.632,23.323,23.261,20.653,22.766,26.953,40.076,49.258,51.906,47.630,43.783,41.961,35.766,34.754,32.045,30.019,29.784,37.103,43.388,50.458,41.446,34.269,29.797,24.276
24.763,23.450,23.390,20.784,22.896,27.081,40.200,49.391,52.040,47.768,43.911,42.087,35.896,34.863,32.158,30.138,29.905,37.226,43.522,50.546,41.578,34.396,29.928,24.400
24.899,23.655,23.691,21.127,23.218,27.339,40.409,49.511,52.047,47.784,44.071,42.287,36.174,35.088,32.392,30.348,30.152,37.328,43.542,50.592,41.656,34.577,30.071,24.652
25.064,23.756,23.703,21.170,23.239,27.371,40.424,49.566,52.200,47.965,44.118,42.303,36.193,35.150,32.397,30.400,30.170,37.457,43.737,50.766,41.812,34.653,30.210,24.705
25.209,23.909,23.850,21.283,23.366,27.509,40.504,49.626,52.251,48.030,44.206,42.399,36.293,35.224,32.537,30.543,30.309,37.574,43.825,50.829,41.911,34.776,30.342,24.861
25.309,24.007,23.937,21.345,23.443,27.598,40.600,49.703,52.334,48.097,44.276,42.468,36.321,35.325,32.646,30.640,30.404,37.664,43.895,50.904,41.966,34.850,30.424,24.947
25.449,24.144,24.081,21.520,23.596,27.726,40.665,49.766,52.392,48.192,44.360,42.555,36.471,35.383,32.717,30.740,30.506,37.756,43.998,50.979,42.086,34.966,30.559,25.085
25.552,24.250,24.165,21.623,23.685,27.816,40.729,49.843,52.478,48.302,44.473,42.666,36.634,35.492,32.821,30.857,30.608,37.883,44.134,51.103,42.242,35.096,30.683,25.204
25.661,24.358,24.252,21.723,23.773,27.901,40.769,49.882,52.526,48.376,44.544,42.738,36.748,35.568,32.903,30.957,30.695,37.984,44.234,51.184,42.356,35.198,30.794,25.315
25.738,24.452,24.325,21.798,23.847,27.988,40.872,49.975,52.618,48.461,44.670,42.869,36.886,35.753,33.064,31.100,30.821,38.125,44.349,51.297,42.488,35.327,30.894,25.431
25.843,24.551,24.417,21.871,23.930,28.072,40.932,50.004,52.650,48.489,44.695,42.895,36.889,35.808,33.139,31.173,30.896,38.180,44.382,51.321,42.505,35.375,30.966,25.512
25.973,24.677,24.533,21.984,24.042,28.176,40.986,50.029,52.678,48.533,44.735,42.938,36.937,35.871,33.221,31.267,30.987,38.256,44.440,51.359,42.562,35.452,31.069,25.625
26.060,24.782,24.658,22.085,24.163,28.304,41.175,50.183,52.809,48.617,44.865,43.077,37.008,36.073,33.403,31.406,31.137,38.371,44.512,51.446,42.620,35.555,31.149,25.733
26.204,24.944,24.816,22.215,24.312,28.460,41.343,50.281,52.890,48.665,44.968,43.192,37.063,36.292,33.618,31.583,31.314,38.506,44.577,51.502,42.673,35.673,31.263,25.890
26.254,25.012,24.870,22.267,24.367,28.528,41.443,50.374,52.979,48.739,45.083,43.312,37.181,36.463,33.762,31.705,31.422,38.626,44.673,51.602,42.781,35.780,31.338,25.979
26.357,25.125,24.961,22.337,24.449,28.623,41.537,50.427,53.032,48.775,45.155,43.391,37.230,36.622,33.917,31.838,31.544,38.739,44.738,51.660,42.842,35.872,31.427,26.092
26.455,25.229,25.073,22.486,24.575,28.729,41.612,50.513,53.108,48.880,45.263,43.501,37.406,36.705,33.994,31.934,31.640,38.834,44.848,51.753,42.976,35.991,31.542,26.210
26.536,25.312,25.174,22.614,24.687,28.824,41.696,50.615,53.200,48.989,45.368,43.606,37.554,36.772,34.055,32.009,31.722,38.913,44.949,51.847,43.091,36.091,31.638,26.302
26.621,25.423,25.347,22.815,24.878,28.984,41.893,50.792,53.326,49.097,45.527,43.778,37.737,36.950,34.202,32.135,31.875,39.008,45.030,51.924,43.185,36.219,31.737,26.433
26.713,25.525,25.473,22.972,25.017,29.101,41.997,50.897,53.410,49.196,45.640,43.895,37.899,37.047,34.289,32.231,31.980,39.093,45.123,52.004,43.296,36.330,31.841,26.547
26.795,25.611,25.591,23.104,25.143,29.205,42.098,50.989,53.480,49.268,45.716,43.976,37.988,37.112,34.353,32.297,32.064,39.143,45.174,52.050,43.349,36.401,31.916,26.632
26.893,25.708,25.654,23.142,25.194,29.276,42.161,51.032,53.541,49.321,45.776,44.035,38.020,37.221,34.470,32.404,32.155,39.248,45.253,52.127,43.420,36.481,32.002,26.722
27.012,25.824,25.774,23.273,25.317,29.389,42.247,51.116,53.623,49.417,45.864,44.124,38.130,37.295,34.552,32.500,32.253,39.339,45.350,52.213,43.520,36.582,32.114,26.835
27.112,25.909,25.834,23.338,25.374,29.446,42.248,51.127,53.655,49.481,45.897,44.152,38.193,37.303,34.582,32.557,32.298,39.407,45.432,52.281,43.607,36.649,32.206,26.912
27.223,26.026,25.936,23.443,25.475,29.549,42.335,51.200,53.730,49.562,45.994,44.252,38.307,37.432,34.708,32.682,32.414,39.525,45.534,52.372,43.718,36.764,32.319,27.035
27.325,26.136,26.102,23.599,25.645,29.706,42.553,51.403,53.899,49.691,46.139,44.402,38.397,37.577,34.843,32.789,32.554,39.612,45.613,52.470,43.777,36.863,32.408,27.138
27.407,26.231,26.228,23.741,25.780,29.819,42.666,51.494,53.963,49.752,46.227,44.498,38.504,37.682,34.938,32.879,32.658,39.678,45.665,52.511,43.836,36.948,32.488,27.240
27.511,26.346,26.381,23.880,25.932,29.957,42.823,51.604,54.041,49.800,46.304,44.585,38.539,37.806,35.062,32.979,32.781,39.737,45.688,52.533,43.843,37.017,32.560,27.343
27.560,26.417,26.466,23.960,26.020,30.045,42.953,51.703,54.115,49.845,46.402,44.692,38.617,37.974,35.205,33.088,32.894,39.823,45.735,52.583,43.891,37.099,32.614,27.428
27.633,26.494,26.533,24.038,26.091,30.123,43.043,51.817,54.236,49.971,46.530,44.818,38.767,38.087,35.304,33.190,32.987,39.943,45.869,52.722,44.038,37.217,32.715,27.519
27.762,26.603,26.606,24.108,26.157,30.202,43.085,51.889,54.342,50.104,46.620,44.898,38.872,38.135,35.372,33.284,33.063,40.066,46.020,52.871,44.189,37.328,32.845,27.620
27.891,26.716,26.706,24.247,26.267,30.298,43.118,51.965,54.436,50.253,46.724,44.994,39.059,38.154,35.406,33.365,33.137,40.174,46.179,53.013,44.371,37.457,32.992,27.738
27.985,26.812,26.830,24.420,26.410,30.415,43.217,52.105,54.562,50.412,46.870,45.138,39.285,38.222,35.463,33.450,33.231,40.272,46.324,53.149,44.542,37.591,33.118,27.851
28.090,26.906,26.902,24.477,26.473,30.484,43.253,52.130,54.605,50.463,46.901,45.166,39.302,38.259,35.523,33.519,33.293,40.340,46.385,53.204,44.594,37.649,33.200,27.929
28.186,26.990,26.957,24.548,26.530,30.554,43.314,52.246,54.749,50.634,47.039,45.294,39.480,38.335,35.597,33.618,33.373,40.481,46.571,53.395,44.795,37.785,33.330,28.024
28.277,27.088,27.039,24.620,26.609,30.646,43.399,52.307,54.842,50.724,47.151,45.408,39.582,38.490,35.741,33.746,33.490,40.608,46.678,53.505,44.905,37.898,33.428,28.131
28.384,27.186,27.085,24.659,26.645,30.693,43.421,52.343,54.849,50.745,47.159,45.414,39.613,38.526,35.800,33.826,33.545,40.689,46.745,53.549,44.976,37.962,33.520,28.219
28.476,27.277,27.182,24.769,26.745,30.782,43.462,52.369,54.900,50.819,47.227,45.484,39.709,38.582,35.862,33.899,33.621,40.758,46.819,53.612,45.057,38.043,33.609,28.310
28.580,27.369,27.274,24.857,26.836,30.878,43.568,52.502,55.045,50.964,47.344,45.593,39.810,38.651,35.938,33.984,33.708,40.862,46.950,53.756,45.181,38.145,33.716,28.396
28.701,27.493,27.415,24.988,26.976,31.019,43.745,52.676,55.209,51.108,47.494,45.744,39.928,38.805,36.085,34.116,33.849,40.991,47.075,53.894,45.296,38.272,33.835,28.518
28.784,27.577,27.506,25.084,27.069,31.108,43.834,52.769,55.299,51.199,47.586,45.836,40.028,38.888,36.166,34.199,33.935,41.074,47.163,53.981,45.386,38.361,33.922,28.604
28.858,27.651,27.547,25.159,27.120,31.173,43.904,52.905,55.457,51.388,47.765,46.008,40.281,39.019,36.271,34.323,34.032,41.246,47.380,54.203,45.638,38.531,34.059,28.712
28.933,27.728,27.621,25.254,27.202,31.248,43.963,52.982,55.536,51.486,47.858,46.099,40.416,39.086,36.335,34.401,34.105,41.333,47.484,54.300,45.758,38.628,34.152,28.798
29.056,27.844,27.721,25.345,27.295,31.345,44.030,53.035,55.600,51.558,47.924,46.164,40.479,39.167,36.430,34.502,34.200,41.429,47.570,54.377,45.840,38.718,34.258,28.906
29.217,27.985,27.833,25.440,27.397,31.463,44.105,53.157,55.752,51.720,48.042,46.273,40.575,39.250,36.535,34.624,34.312,41.575,47.736,54.550,45.993,38.847,34.409,29.030
29.415,28.153,27.918,25.530,27.470,31.554,44.131,53.158,55.815,51.852,48.113,46.330,40.712,39.285,36.612,34.756,34.402,41.742,47.930,54.715,46.202,38.996,34.603,29.187
29.510,28.247,28.004,25.636,27.563,31.651,44.210,53.304,55.970,52.022,48.270,46.483,40.905,39.398,36.713,34.869,34.506,41.882,48.103,54.894,46.391,39.140,34.731,29.296
29.599,28.353,28.112,25.757,27.679,31.772,44.374,53.480,56.136,52.177,48.459,46.674,41.110,39.606,36.888,35.027,34.659,42.047,48.265,55.065,46.569,39.304,34.857,29.428
29.678,28.434,28.207,25.874,27.784,31.870,44.485,53.622,56.273,52.322,48.600,46.813,41.282,39.704,36.973,35.119,34.754,42.154,48.400,55.204,46.717,39.425,34.962,29.523
29.810,28.565,28.357,26.025,27.936,32.014,44.639,53.777,56.419,52.463,48.736,46.949,41.408,39.823,37.093,35.239,34.885,42.270,48.523,55.331,46.834,39.549,35.089,29.650
29.994,28.735,28.469,26.126,28.037,32.137,44.712,53.857,56.538,52.607,48.856,47.063,41.544,39.952,37.241,35.406,35.023,42.456,48.709,55.507,47.024,39.712,35.270,29.814
30.149,28.879,28.641,26.288,28.206,32.294,44.866,54.004,56.678,52.741,48.965,47.171,41.621,40.029,37.338,35.508,35.145,42.548,48.810,55.612,47.105,39.814,35.396,29.937
30.295,29.022,28.813,26.486,28.388,32.445,44.973,54.102,56.758,52.844,49.058,47.267,41.753,40.090,37.412,35.603,35.258,42.626,48.898,55.680,47.199,39.923,35.526,30.073
30.450,29.178,28.987,26.661,28.564,32.612,45.144,54.268,56.915,52.997,49.209,47.419,41.898,40.231,37.556,35.746,35.412,42.762,49.036,55.819,47.332,40.067,35.674,30.224
30.539,29.297,29.158,26.870,28.759,32.793,45.419,54.578,57.184,53.242,49.505,47.721,42.226,40.509,37.773,35.937,35.617,42.960,49.252,56.057,47.575,40.290,35.828,30.388
30.638,29.398,29.277,26.990,28.880,32.912,45.563,54.730,57.327,53.374,49.638,47.854,42.349,40.628,37.885,36.043,35.732,43.068,49.367,56.182,47.687,40.402,35.933,30.491
30.789,29.529,29.356,27.040,28.942,32.997,45.605,54.768,57.404,53.464,49.692,47.901,42.376,40.687,37.979,36.151,35.820,43.189,49.484,56.294,47.788,40.495,36.058,30.599
31.037,29.749,29.627,27.314,29.212,33.224,45.753,54.891,57.513,53.598,49.765,47.973,42.443,40.691,38.034,36.245,35.953,43.253,49.569,56.357,47.847,40.597,36.234,30.772
31.242,29.954,29.903,27.618,29.504,33.477,46.016,55.165,57.751,53.837,49.992,48.201,42.685,40.841,38.187,36.409,36.156,43.403,49.751,56.541,48.026,40.791,36.434,30.972
31.390,30.099,30.015,27.702,29.604,33.597,46.131,55.259,57.862,53.938,50.096,48.305,42.752,40.994,38.350,36.561,36.294,43.552,49.873,56.663,48.136,40.914,36.565,31.107
31.591,30.305,30.206,27.852,29.779,33.791,46.344,55.426,58.032,54.074,50.257,48.471,42.846,41.238,38.599,36.779,36.508,43.750,50.020,56.816,48.262,41.084,36.738,31.301
31.673,30.402,30.343,28.043,29.944,33.945,46.580,55.749,58.334,54.379,50.570,48.779,43.223,41.455,38.760,36.941,36.678,43.955,50.294,57.117,48.571,41.318,36.907,31.445
31.791,30.541,30.551,28.308,30.186,34.177,46.955,56.231,58.783,54.806,51.013,49.217,43.708,41.776,39.004,37.171,36.928,44.238,50.660,57.534,48.968,41.635,37.132,31.642
31.973,30.715,30.673,28.407,30.296,34.326,47.128,56.435,59.025,55.042,51.235,49.430,43.905,42.002,39.226,37.387,37.116,44.492,50.922,57.817,49.228,41.853,37.336,31.820
32.194,30.928,30.887,28.625,30.511,34.547,47.369,56.716,59.316,55.337,51.504,49.692,44.176,42.217,39.437,37.607,37.335,44.739,51.204,58.114,49.511,42.100,37.577,32.037
32.355,31.085,31.039,28.750,30.652,34.695,47.513,56.832,59.436,55.441,51.607,49.796,44.233,42.352,39.587,37.748,37.478,44.865,51.307,58.218,49.594,42.214,37.707,32.175
32.425,31.209,31.293,29.062,30.952,34.974,48.040,57.446,59.963,55.891,52.143,50.339,44.773,42.817,39.927,38.019,37.796,45.163,51.658,58.643,49.976,42.557,37.905,32.380
32.639,31.422,31.444,29.201,31.094,35.151,48.218,57.642,60.195,56.128,52.382,50.573,45.017,43.088,40.190,38.280,38.021,45.452,51.943,58.932,50.270,42.812,38.145,32.606
32.839,31.630,31.588,29.353,31.240,35.344,48.473,57.972,60.563,56.499,52.765,50.945,45.431,43.464,40.519,38.599,38.294,45.839,52.359,59.376,50.718,43.163,38.432,32.860
33.259,32.051,32.051,29.740,31.687,35.844,49.203,58.749,61.336,57.151,53.419,51.589,45.880,44.098,41.111,39.112,38.831,46.391,52.925,60.047,51.225,43.670,38.875,33.277
33.514,32.323,32.346,29.992,31.974,36.150,49.619,59.136,61.702,57.444,53.760,51.937,46.117,44.513,41.498,39.439,39.170,46.701,53.193,60.351,51.467,43.956,39.126,33.551
33.726,32.526,32.549,30.254,32.200,36.381,49.894,59.549,62.137,57.917,54.183,52.340,46.629,44.763,41.714,39.691,39.411,47.041,53.650,60.837,51.962,44.316,39.439,33.796
34.185,33.013,33.095,30.833,32.772,36.961,50.653,60.405,62.961,58.692,54.993,53.147,47.439,45.496,42.360,40.298,40.033,47.699,54.368,61.621,52.703,44.988,40.005,34.341
34.537,33.425,33.549,31.269,33.245,37.513,51.614,61.502,64.029,59.606,56.018,54.166,48.339,46.526,43.215,41.017,40.747,48.515,55.221,62.622,53.567,45.753,40.547,34.859
35.013,33.940,34.052,31.841,33.784,38.100,52.417,62.492,65.026,60.583,57.045,55.179,49.456,47.454,44.002,41.771,41.461,49.395,56.204,63.685,54.627,46.623,41.240,35.494
35.617,34.517,34.624,32.367,34.343,38.715,53.186,63.377,65.955,61.460,57.849,55.956,50.138,48.126,44.657,42.409,42.097,50.125,57.021,64.593,55.406,47.313,41.893,36.067
36.244,35.218,35.600,33.389,35.386,39.745,54.786,65.174,67.604,62.899,59.388,57.495,51.528,49.459,45.771,43.372,43.177,51.166,58.197,65.973,56.577,48.416,42.733,36.881
37.020,35.936,36.156,34.067,35.976,40.449,55.618,66.495,69.106,64.532,60.817,58.842,53.199,50.386,46.601,44.323,44.003,52.477,59.877,67.772,58.377,49.690,43.855,37.732
38.710,37.484,37.128,34.764,36.774,41.496,56.210,66.950,69.931,65.481,61.576,59.553,53.788,51.487,47.960,45.772,45.192,53.998,61.224,69.026,59.638,50.903,45.327,39.122
41.885,40.319,38.940,36.623,38.481,43.657,57.841,69.511,73.336,69.483,64.790,62.524,57.562,53.820,50.471,48.802,47.652,57.890,65.810,73.664,64.428,54.445,48.959,42.034
