-31.328,-33.466,-29.658,-29.542,-29.976,-26.616,-24.728,-20.619,-13.792,-9.008,-5.881,-0.233,1.895,-3.530,-6.331,-11.230,-6.033,-8.325,1.106,-0.395,-11.255,-13.316,-10.467,-17.035
-26.876,-29.172,-25.807,-25.713,-25.496,-22.558,-21.005,-17.238,-10.988,-6.419,-3.488,1.459,3.376,-1.395,-4.715,-9.097,-5.990,-7.410,1.314,-0.244,-7.661,-9.809,-7.193,-13.592
-22.480,-24.816,-22.131,-22.067,-21.659,-19.064,-18.210,-14.893,-9.060,-4.830,-1.634,2.898,4.974,0.343,-3.742,-8.069,-5.403,-5.893,1.465,0.029,-5.377,-7.444,-4.452,-10.327
-19.875,-22.235,-19.834,-19.789,-19.215,-16.809,-16.231,-13.135,-7.579,-3.527,-0.319,3.929,6.003,1.579,-2.782,-6.961,-4.618,-4.888,1.894,0.583,-3.659,-5.702,-2.678,-8.321
-18.409,-20.804,-18.306,-18.337,-17.762,-15.312,-14.914,-11.933,-6.515,-2.612,0.565,4.737,6.901,2.681,-1.699,-5.794,-4.174,-3.819,3.081,1.577,-2.212,-4.253,-1.366,-6.902
-17.256,-19.553,-16.958,-16.956,-16.431,-13.982,-13.317,-10.265,-4.875,-0.953,2.023,6.182,8.178,4.026,0.038,-3.935,-2.471,-2.233,4.736,3.203,-0.916,-2.922,-0.234,-5.787
-16.337,-18.573,-15.862,-15.857,-15.394,-12.911,-12.102,-9.015,-3.651,0.256,3.099,7.264,9.183,5.100,1.391,-2.503,-0.637,-0.959,6.148,4.727,0.152,-1.827,0.700,-4.849
-15.165,-17.347,-14.761,-14.723,-14.258,-11.857,-11.013,-7.953,-2.646,1.240,4.055,8.158,10.006,5.917,2.248,-1.607,0.045,-0.033,6.837,5.268,0.936,-1.005,1.552,-3.920
-14.415,-16.593,-13.921,-13.917,-13.495,-11.048,-10.246,-7.217,-1.953,1.870,4.655,8.756,10.643,6.630,3.030,-0.795,1.193,0.765,7.768,6.426,1.737,-0.192,2.283,-3.144
-13.819,-15.965,-13.272,-13.273,-12.930,-10.457,-9.658,-6.635,-1.367,2.428,5.222,9.358,11.269,7.228,3.696,-0.155,2.205,1.555,8.614,7.406,2.239,0.338,2.824,-2.554
-13.220,-15.330,-12.527,-12.522,-12.176,-9.688,-8.728,-5.660,-0.420,3.385,6.029,10.144,11.952,8.008,4.717,0.972,3.447,2.381,9.546,8.345,3.093,1.194,3.499,-1.922
-12.484,-14.567,-11.834,-11.813,-11.468,-9.023,-8.056,-5.005,0.206,3.999,6.638,10.721,12.500,8.548,5.265,1.533,3.901,2.980,10.017,8.743,3.610,1.732,4.062,-1.314
-12.142,-14.232,-11.498,-11.491,-11.166,-8.708,-7.800,-4.775,0.428,4.193,6.861,10.949,12.771,8.818,5.498,1.748,4.219,3.279,10.333,9.144,3.890,2.017,4.367,-0.977
-11.404,-13.483,-10.858,-10.847,-10.526,-8.115,-7.291,-4.320,0.841,4.565,7.283,11.334,13.178,9.206,5.797,2.032,4.374,3.715,10.601,9.384,4.271,2.422,4.855,-0.405
-10.848,-12.861,-10.248,-10.204,-9.939,-7.543,-6.592,-3.582,1.595,5.342,8.008,12.079,13.851,9.832,6.585,2.829,5.353,4.542,11.398,10.123,4.741,2.925,5.346,0.097
-9.910,-11.894,-9.372,-9.311,-9.007,-6.685,-5.726,-2.756,2.335,6.046,8.664,12.644,14.351,10.391,7.167,3.485,5.639,5.107,11.758,10.365,5.395,3.601,5.998,0.814
-9.373,-11.360,-8.921,-8.862,-8.535,-6.256,-5.376,-2.458,2.585,6.258,8.905,12.836,14.559,10.614,7.302,3.627,5.697,5.306,11.816,10.393,5.679,3.894,6.336,1.214
-8.883,-10.850,-8.500,-8.428,-8.114,-5.874,-5.024,-2.131,2.896,6.554,9.236,13.151,14.874,10.888,7.535,3.840,5.775,5.652,12.024,10.544,5.893,4.131,6.646,1.579
-8.121,-10.038,-7.767,-7.675,-7.397,-5.199,-4.333,-1.459,3.539,7.174,9.852,13.745,15.440,11.426,8.116,4.426,6.389,6.347,12.586,11.065,6.351,4.627,7.179,2.184
-7.793,-9.692,-7.483,-7.373,-7.090,-4.928,-4.047,-1.177,3.810,7.450,10.128,14.003,15.671,11.635,8.322,4.635,6.474,6.586,12.717,11.107,6.524,4.812,7.397,2.423
-7.117,-8.975,-6.861,-6.732,-6.479,-4.363,-3.491,-0.646,4.317,7.934,10.632,14.487,16.140,12.063,8.752,5.055,6.878,7.149,13.129,11.469,6.869,5.193,7.841,2.940
-6.913,-8.762,-6.662,-6.522,-6.264,-4.161,-3.259,-0.406,4.556,8.184,10.866,14.714,16.341,12.261,8.973,5.286,7.054,7.354,13.302,11.591,7.053,5.379,8.024,3.119
-6.265,-8.077,-6.070,-5.903,-5.631,-3.592,-2.654,0.185,5.106,8.727,11.382,15.179,16.745,12.664,9.405,5.753,7.064,7.808,13.508,11.664,7.444,5.793,8.454,3.593
-5.662,-7.492,-5.583,-5.432,-5.125,-3.133,-2.339,0.418,5.266,8.821,11.529,15.257,16.869,12.823,9.415,5.770,7.302,7.907,13.574,11.726,7.724,6.082,8.801,4.029
-5.441,-7.218,-5.271,-5.090,-4.818,-2.825,-1.867,0.950,5.822,9.418,12.041,15.786,17.313,13.250,10.032,6.425,7.784,8.471,14.091,12.199,8.040,6.415,9.068,4.263
-5.188,-6.993,-5.057,-4.898,-4.600,-2.610,-1.745,1.027,5.862,9.419,12.067,15.791,17.351,13.333,10.038,6.427,7.878,8.475,14.107,12.241,8.236,6.603,9.260,4.485
-4.857,-6.651,-4.712,-4.557,-4.270,-2.282,-1.422,1.337,6.147,9.682,12.315,16.022,17.584,13.588,10.316,6.728,8.140,8.773,14.385,12.573,8.513,6.891,9.528,4.779
-4.606,-6.389,-4.478,-4.315,-4.032,-2.059,-1.193,1.561,6.366,9.899,12.533,16.232,17.783,13.777,10.508,6.921,8.301,8.990,14.554,12.711,8.681,7.067,9.718,4.985
-4.576,-6.361,-4.419,-4.258,-3.969,-1.987,-1.098,1.666,6.470,10.007,12.617,16.315,17.854,13.870,10.634,7.063,8.459,9.065,14.668,12.835,8.802,7.181,9.797,5.046
-4.348,-6.155,-4.158,-4.025,-3.716,-1.715,-0.872,1.863,6.622,10.119,12.702,16.370,17.930,14.033,10.797,7.269,8.681,9.164,14.831,13.105,9.117,7.486,10.029,5.289
-3.981,-5.726,-3.758,-3.614,-3.290,-1.327,-0.478,2.239,6.962,10.445,13.011,16.638,18.167,14.286,11.058,7.558,8.795,9.431,14.987,13.193,9.395,7.777,10.321,5.613
-3.911,-5.701,-3.733,-3.557,-3.265,-1.291,-0.264,2.441,7.128,10.583,13.126,16.726,18.269,14.463,11.225,7.762,8.819,9.525,15.053,13.253,9.506,7.895,10.387,5.614
-3.689,-5.503,-3.516,-3.394,-3.042,-1.066,-0.254,2.535,7.268,10.710,13.262,16.818,18.352,14.542,11.264,7.819,8.987,9.562,15.131,13.408,9.711,8.079,10.562,5.855
-3.392,-5.213,-3.287,-3.161,-2.771,-0.833,-0.055,2.613,7.311,10.854,13.352,16.939,18.465,14.563,11.453,8.011,9.083,9.710,15.265,13.517,9.872,8.239,10.743,6.058
-3.306,-5.129,-3.157,-3.040,-2.653,-0.697,0.094,2.767,7.416,10.860,13.381,17.024,18.472,14.713,11.498,8.025,9.187,9.797,15.369,13.542,10.057,8.420,10.879,6.184
-3.133,-4.954,-2.992,-2.876,-2.489,-0.538,0.241,2.905,7.543,10.970,13.497,17.046,18.581,14.829,11.565,8.142,9.228,9.832,15.421,13.626,10.186,8.553,11.012,6.331
-2.930,-4.738,-2.822,-2.695,-2.310,-0.382,0.399,3.058,7.693,11.122,13.660,17.201,18.726,14.950,11.674,8.244,9.273,9.984,15.448,13.653,10.268,8.645,11.138,6.476
-2.620,-4.427,-2.544,-2.418,-2.020,-0.113,0.640,3.275,7.880,11.289,13.828,17.340,18.863,15.106,11.805,8.390,9.361,10.128,15.527,13.716,10.468,8.850,11.349,6.715
-2.339,-4.125,-2.294,-2.151,-1.747,0.125,0.905,3.538,8.129,11.541,14.069,17.559,19.047,15.279,11.995,8.592,9.434,10.333,15.633,13.737,10.615,9.009,11.524,6.909
-2.219,-4.017,-2.160,-2.026,-1.598,0.277,1.053,3.679,8.247,11.648,14.150,17.618,19.100,15.383,12.107,8.736,9.448,10.379,15.701,13.822,10.807,9.191,11.659,7.036
-2.074,-3.881,-2.022,-1.898,-1.465,0.412,1.155,3.763,8.316,11.700,14.208,17.666,19.163,15.465,12.165,8.799,9.501,10.443,15.765,13.919,10.930,9.314,11.778,7.169
-1.795,-3.609,-1.773,-1.657,-1.218,0.649,1.337,3.913,8.436,11.790,14.314,17.749,19.269,15.591,12.247,8.886,9.543,10.558,15.841,14.027,11.109,9.496,11.971,7.397
-1.628,-3.427,-1.579,-1.457,-1.021,0.843,1.576,4.165,8.685,12.045,14.536,17.967,19.457,15.790,12.504,9.163,9.813,10.784,16.071,14.237,11.301,9.693,12.137,7.557
-1.303,-3.095,-1.312,-1.183,-0.739,1.093,1.796,4.362,8.861,12.207,14.718,18.125,19.613,15.935,12.606,9.263,9.822,10.939,16.120,14.238,11.444,9.846,12.331,7.787
-1.036,-2.822,-1.089,-0.954,-0.507,1.301,1.981,4.529,9.014,12.352,14.880,18.271,19.760,16.068,12.705,9.357,9.831,11.086,16.186,14.266,11.567,9.978,12.500,7.984
-0.880,-2.672,-0.955,-0.824,-0.371,1.430,2.081,4.615,9.090,12.416,14.958,18.339,19.841,16.153,12.757,9.407,9.838,11.156,16.232,14.317,11.671,10.083,12.618,8.116
-0.659,-2.440,-0.758,-0.619,-0.166,1.616,2.265,4.790,9.254,12.575,15.119,18.487,19.978,16.284,12.884,9.536,9.902,11.307,16.323,14.374,11.792,10.212,12.764,8.282
-0.505,-2.270,-0.626,-0.474,-0.035,1.732,2.393,4.923,9.398,12.728,15.287,18.662,20.145,16.411,13.010,9.644,10.009,11.486,16.451,14.458,11.848,10.279,12.870,8.399
-0.263,-2.006,-0.402,-0.227,0.224,1.957,2.678,5.224,9.695,13.046,15.577,18.936,20.366,16.618,13.258,9.911,10.144,11.713,16.593,14.484,12.020,10.458,13.051,8.577
-0.194,-1.943,-0.317,-0.151,0.296,2.043,2.750,5.290,9.758,13.100,15.631,18.992,20.436,16.702,13.343,9.997,10.286,11.793,16.710,14.648,12.127,10.563,13.141,8.668
-0.102,-1.856,-0.231,-0.069,0.378,2.126,2.815,5.348,9.812,13.147,15.686,19.045,20.499,16.769,13.393,10.045,10.336,11.854,16.772,14.725,12.204,10.640,13.224,8.757
0.034,-1.723,-0.075,0.076,0.516,2.277,2.949,5.472,9.925,13.242,15.777,19.135,20.604,16.896,13.527,10.185,10.550,11.988,16.942,14.957,12.363,10.799,13.362,8.905
0.204,-1.557,0.072,0.220,0.657,2.414,3.053,5.561,10.010,13.317,15.874,19.230,20.718,17.001,13.597,10.242,10.600,12.098,17.030,15.057,12.467,10.906,13.495,9.055
0.322,-1.445,0.178,0.322,0.768,2.522,3.141,5.640,10.080,13.379,15.941,19.288,20.782,17.075,13.649,10.298,10.612,12.148,17.068,15.097,12.568,11.005,13.596,9.162
0.605,-1.158,0.461,0.602,1.048,2.796,3.404,5.888,10.306,13.588,16.140,19.471,20.964,17.279,13.860,10.524,10.727,12.364,17.242,15.215,12.804,11.246,13.824,9.410
0.752,-1.006,0.559,0.711,1.169,2.890,3.492,5.973,10.391,13.680,16.251,19.571,21.055,17.344,13.889,10.543,10.837,12.422,17.268,15.316,12.842,11.288,13.907,9.503
0.870,-0.876,0.681,0.845,1.300,3.013,3.653,6.147,10.572,13.875,16.431,19.754,21.213,17.490,14.067,10.726,10.895,12.590,17.392,15.322,12.955,11.404,14.021,9.610
1.025,-0.720,0.842,1.006,1.470,3.179,3.829,6.323,10.736,14.037,16.576,19.885,21.332,17.628,14.222,10.898,11.032,12.716,17.512,15.433,13.122,11.570,14.166,9.753
1.065,-0.681,0.877,1.044,1.511,3.218,3.876,6.376,10.798,14.108,16.651,19.966,21.410,17.695,14.283,10.953,11.067,12.775,17.568,15.468,13.173,11.620,14.224,9.802
1.136,-0.614,0.963,1.124,1.586,3.305,3.955,6.455,10.878,14.184,16.727,20.047,21.500,17.793,14.384,11.054,11.098,12.871,17.657,15.557,13.281,11.725,14.320,9.896
1.295,-0.464,1.080,1.241,1.724,3.425,4.046,6.530,10.940,14.240,16.796,20.097,21.555,17.853,14.395,11.066,11.205,12.887,17.696,15.630,13.373,11.815,14.429,10.015
1.489,-0.259,1.253,1.425,1.906,3.590,4.224,6.711,11.124,14.430,16.992,20.290,21.735,18.010,14.552,11.218,11.216,13.069,17.787,15.638,13.490,11.939,14.577,10.171
1.551,-0.195,1.372,1.536,1.998,3.710,4.363,6.860,11.279,14.582,17.122,20.437,21.885,18.178,14.773,11.446,11.595,13.266,18.074,15.998,13.665,12.112,14.708,10.291
1.692,-0.043,1.500,1.673,2.125,3.828,4.492,6.993,11.419,14.729,17.277,20.597,22.038,18.305,14.903,11.565,11.715,13.429,18.204,16.098,13.743,12.198,14.819,10.408
1.777,0.047,1.609,1.777,2.200,3.921,4.579,7.083,11.522,14.827,17.386,20.729,22.189,18.439,15.051,11.694,12.000,13.619,18.440,16.393,13.836,12.297,14.926,10.522
1.840,0.130,1.723,1.902,2.310,4.040,4.775,7.312,11.769,15.098,17.619,20.979,22.401,18.645,15.345,12.001,12.397,13.874,18.737,16.671,13.994,12.457,15.050,10.621
2.052,0.345,1.915,2.097,2.513,4.227,4.956,7.484,11.926,15.248,17.766,21.110,22.524,18.774,15.466,12.131,12.457,14.000,18.817,16.725,14.138,12.605,15.203,10.787
2.304,0.622,2.138,2.343,2.756,4.438,5.210,7.748,12.195,15.534,18.048,21.385,22.762,18.975,15.690,12.352,12.534,14.251,18.976,16.743,14.268,12.748,15.377,10.970
2.381,0.707,2.223,2.435,2.840,4.522,5.317,7.867,12.325,15.676,18.185,21.532,22.898,19.096,15.831,12.489,12.594,14.394,19.047,16.783,14.354,12.837,15.468,11.054
2.829,1.155,2.572,2.792,3.234,4.860,5.601,8.110,12.523,15.852,18.383,21.675,23.035,19.241,15.891,12.561,12.621,14.495,19.121,16.875,14.548,13.039,15.719,11.353
2.963,1.282,2.699,2.911,3.350,4.981,5.691,8.187,12.594,15.909,18.454,21.744,23.124,19.335,15.961,12.626,12.751,14.587,19.144,16.911,14.659,13.150,15.838,11.484
3.142,1.473,2.862,3.084,3.515,5.133,5.853,8.351,12.763,16.083,18.636,21.928,23.299,19.485,16.113,12.769,12.755,14.772,19.289,16.984,14.765,13.264,15.976,11.632
3.245,1.587,2.984,3.213,3.631,5.253,6.008,8.523,12.950,16.284,18.828,22.134,23.492,19.661,16.324,12.975,13.015,14.983,19.515,17.199,14.894,13.397,16.107,11.752
3.393,1.757,3.120,3.372,3.790,5.387,6.204,8.743,13.185,16.547,19.076,22.384,23.698,19.831,16.533,13.185,13.152,15.190,19.660,17.238,14.992,13.502,16.229,11.863
3.648,2.055,3.392,3.676,4.080,5.652,6.576,9.151,13.606,17.002,19.487,22.798,24.040,20.141,16.945,13.612,13.566,15.589,20.001,17.462,15.202,13.729,16.448,12.071
3.948,2.375,3.645,3.949,4.357,5.890,6.833,9.405,13.851,17.253,19.740,23.032,24.243,20.318,17.120,13.790,13.614,15.801,20.097,17.464,15.335,13.876,16.630,12.275
4.018,2.441,3.745,4.056,4.449,5.983,6.949,9.533,13.993,17.405,19.891,23.197,24.400,20.453,17.279,13.938,13.817,15.977,20.276,17.631,15.420,13.965,16.729,12.371
4.038,2.477,3.801,4.089,4.463,6.049,7.006,9.597,14.066,17.467,19.940,23.272,24.506,20.593,17.453,14.115,14.219,16.112,20.567,18.060,15.602,14.137,16.844,12.465
4.388,2.828,4.125,4.427,4.803,6.354,7.314,9.895,14.350,17.749,20.229,23.541,24.756,20.822,17.671,14.333,14.330,16.378,20.724,18.144,15.797,14.346,17.090,12.740
4.524,2.969,4.244,4.552,4.922,6.466,7.423,10.003,14.464,17.866,20.359,23.675,24.891,20.937,17.773,14.423,14.408,16.509,20.828,18.229,15.881,14.434,17.203,12.860
4.686,3.127,4.410,4.717,5.103,6.644,7.611,10.193,14.647,18.052,20.529,23.835,25.040,21.104,17.948,14.615,14.520,16.644,20.965,18.338,16.081,14.629,17.377,13.024
5.040,3.482,4.714,5.025,5.437,6.945,7.889,10.448,14.871,18.262,20.741,24.009,25.203,21.283,18.090,14.774,14.546,16.789,21.011,18.350,16.306,14.857,17.618,13.290
5.242,3.699,4.948,5.267,5.672,7.180,8.176,10.752,15.177,18.577,21.023,24.293,25.456,21.542,18.415,15.117,14.905,17.084,21.320,18.632,16.548,15.104,17.834,13.495
5.701,4.199,5.358,5.713,6.125,7.572,8.636,11.222,15.634,19.053,21.476,24.716,25.808,21.860,18.775,15.495,15.091,17.467,21.534,18.674,16.792,15.369,18.130,13.813
5.956,4.469,5.642,6.006,6.414,7.860,8.976,11.578,15.990,19.419,21.807,25.045,26.104,22.164,19.145,15.885,15.470,17.799,21.874,18.991,17.086,15.666,18.394,14.066
6.255,4.765,5.947,6.305,6.733,8.172,9.287,11.869,16.235,19.623,22.040,25.238,26.298,22.401,19.299,16.047,15.501,17.980,21.972,19.100,17.394,15.972,18.662,14.339
6.478,4.966,6.091,6.440,6.883,8.305,9.320,11.878,16.262,19.678,22.045,25.252,26.333,22.429,19.394,16.167,15.715,18.003,22.068,19.187,17.461,16.037,18.792,14.507
6.672,5.185,6.286,6.657,7.093,8.497,9.579,12.154,16.536,19.953,22.356,25.555,26.607,22.669,19.590,16.339,15.736,18.272,22.218,19.258,17.621,16.207,18.972,14.675
6.687,5.211,6.475,6.833,7.228,8.707,9.898,12.531,16.945,20.382,22.703,25.955,26.982,23.086,20.191,16.969,16.764,18.751,22.951,20.129,18.031,16.608,19.240,14.877
6.771,5.322,6.533,6.928,7.298,8.758,10.025,12.705,17.183,20.679,23.023,26.318,27.311,23.306,20.430,17.158,16.951,19.050,23.190,20.230,18.055,16.642,19.353,14.963
6.915,5.441,6.781,7.142,7.521,9.037,10.304,12.984,17.441,20.915,23.203,26.496,27.505,23.600,20.787,17.564,17.522,19.277,23.604,20.803,18.500,17.066,19.651,15.229
7.519,6.041,7.366,7.713,8.107,9.608,10.821,13.459,17.860,21.288,23.567,26.816,27.834,23.986,21.152,17.962,17.849,19.647,23.926,21.091,18.990,17.562,20.125,15.750
7.697,6.246,7.493,7.881,8.283,9.739,11.036,13.713,18.153,21.638,23.921,27.179,28.137,24.207,21.387,18.177,17.883,19.896,24.052,21.167,19.071,17.651,20.276,15.876
8.089,6.599,7.862,8.226,8.682,10.137,11.361,14.000,18.393,21.845,24.123,27.334,28.317,24.470,21.578,18.405,17.928,20.010,24.168,21.246,19.515,18.074,20.657,16.261
8.274,6.800,8.097,8.474,8.913,10.383,11.686,14.367,18.795,22.282,24.531,27.772,28.723,24.852,22.039,18.865,18.288,20.432,24.646,21.621,19.827,18.385,20.945,16.509
8.561,7.025,8.311,8.664,9.156,10.632,11.819,14.469,18.896,22.375,24.690,27.919,28.937,25.081,22.095,18.895,18.307,20.473,24.686,21.697,20.161,18.688,21.292,16.841
8.806,7.203,8.671,9.059,9.651,11.101,12.381,15.069,19.511,23.060,25.350,28.541,29.465,25.579,22.572,19.396,18.486,20.834,24.867,21.752,20.640,19.152,21.782,17.272
8.937,7.349,8.726,9.123,9.697,11.134,12.465,15.237,19.794,23.432,25.741,29.025,29.978,26.047,23.017,19.787,18.780,21.137,25.416,22.182,21.058,19.514,22.128,17.465
9.063,7.531,8.940,9.369,9.987,11.635,13.496,16.591,21.407,25.330,27.403,30.884,31.638,27.682,25.105,21.916,21.285,22.587,27.507,24.115,22.510,20.864,23.173,18.064
