6.056,-0.086,0.799,3.160,6.823,11.858,26.706,37.676,49.767,47.705,40.687,37.567,30.798,30.374,29.817,32.905,30.217,39.781,46.195,60.078,41.813,26.638,16.522,8.794
14.266,11.756,12.576,13.218,14.707,20.660,35.982,48.031,56.454,52.690,46.529,43.127,36.107,34.111,33.742,37.206,37.225,45.146,51.703,60.670,45.806,32.907,24.382,14.209
17.424,15.294,15.958,16.680,18.077,24.015,37.916,49.845,57.114,53.530,48.179,44.993,37.719,35.841,35.534,38.847,39.330,46.624,52.753,60.854,47.256,35.326,27.295,17.725
19.440,18.102,18.782,19.003,19.859,25.728,39.379,50.795,57.522,53.990,48.465,45.304,38.310,36.250,35.992,39.406,40.069,47.009,52.814,60.864,47.332,36.237,28.847,19.172
21.061,19.663,20.364,20.577,21.392,26.630,40.250,51.014,57.551,54.060,48.479,45.478,39.674,37.444,37.142,40.022,40.876,47.141,53.024,60.945,47.362,36.644,29.589,20.043
21.849,20.133,20.804,21.259,22.292,27.340,40.788,51.523,57.719,54.213,49.211,46.295,40.722,38.547,38.219,40.849,41.753,47.842,53.369,61.155,48.105,37.379,30.238,20.913
22.437,20.724,21.401,21.824,22.835,27.766,41.084,51.569,57.885,54.244,49.327,46.451,41.046,38.905,38.578,41.171,41.988,48.017,53.471,61.170,48.274,37.682,30.655,21.469
22.835,21.184,21.847,22.240,23.232,28.267,41.304,51.725,57.894,54.544,49.639,46.768,41.072,39.055,38.752,41.500,42.172,48.341,53.801,61.251,48.652,38.144,31.170,22.162
23.288,21.716,22.424,22.670,23.552,28.459,41.686,51.825,57.937,54.614,49.665,46.785,41.391,39.320,39.010,41.757,42.317,48.473,53.939,61.257,48.717,38.271,31.414,22.341
23.587,22.077,22.791,22.997,23.830,28.699,41.999,52.115,58.012,54.658,49.832,46.952,41.678,39.545,39.232,41.939,42.569,48.644,54.099,61.259,48.841,38.446,31.633,22.484
23.860,22.359,23.073,23.268,24.094,28.973,42.239,52.327,58.168,54.809,50.042,47.166,41.888,39.775,39.465,42.198,42.793,48.894,54.351,61.293,49.091,38.715,31.915,22.794
24.125,22.666,23.402,23.521,24.290,29.087,42.414,52.328,58.250,54.857,50.073,47.193,42.037,39.900,39.588,42.310,42.845,48.922,54.365,61.302,49.099,38.768,32.047,22.919
24.335,22.964,23.698,23.769,24.484,29.296,42.578,52.463,58.266,54.905,50.114,47.238,42.093,39.944,39.639,42.386,42.943,48.996,54.432,61.426,49.141,38.899,32.238,23.102
24.542,23.226,23.963,24.000,24.675,29.473,42.775,52.637,58.335,54.926,50.214,47.338,42.242,40.064,39.760,42.498,43.089,49.100,54.530,61.428,49.218,39.023,32.402,23.231
24.696,23.380,24.119,24.156,24.826,29.589,42.927,52.776,58.391,54.995,50.311,47.440,42.427,40.221,39.913,42.610,43.238,49.199,54.614,61.469,49.298,39.117,32.506,23.310
24.788,23.521,24.252,24.281,24.932,29.749,43.070,52.983,58.608,55.177,50.477,47.597,42.498,40.281,39.978,42.701,43.378,49.339,54.768,61.528,49.432,39.263,32.650,23.420
24.947,23.658,24.385,24.434,25.102,29.900,43.177,52.996,58.669,55.257,50.573,47.710,42.600,40.436,40.132,42.833,43.478,49.452,54.861,61.537,49.552,39.398,32.790,23.596
25.116,23.849,24.584,24.587,25.229,30.013,43.216,53.079,58.689,55.282,50.592,47.724,42.616,40.452,40.162,42.922,43.514,49.479,54.884,61.583,49.591,39.485,32.932,23.825
25.211,24.005,24.736,24.709,25.319,30.148,43.302,53.087,58.793,55.342,50.648,47.779,42.643,40.460,40.163,42.971,43.526,49.549,54.965,61.596,49.658,39.590,33.062,23.957
25.346,24.175,24.903,24.862,25.454,30.290,43.404,53.176,58.862,55.401,50.719,47.853,42.661,40.511,40.226,43.039,43.612,49.616,55.023,61.663,49.717,39.691,33.190,24.091
25.439,24.308,25.026,24.984,25.564,30.442,43.485,53.298,58.992,55.514,50.822,47.957,42.678,40.537,40.258,43.095,43.697,49.699,55.105,61.673,49.802,39.811,33.322,24.235
25.614,24.481,25.209,25.144,25.709,30.534,43.617,53.345,58.996,55.525,50.866,48.005,42.834,40.681,40.398,43.214,43.788,49.771,55.165,61.902,49.860,39.885,33.424,24.336
25.788,24.571,25.297,25.287,25.905,30.686,43.783,53.519,59.116,55.733,51.081,48.234,43.131,40.979,40.688,43.444,44.029,49.982,55.355,61.924,50.084,40.069,33.572,24.505
25.960,24.724,25.456,25.440,26.059,30.781,43.881,53.530,59.150,55.736,51.112,48.277,43.277,41.125,40.830,43.553,44.112,50.036,55.386,61.928,50.133,40.141,33.670,24.631
26.077,24.866,25.595,25.572,26.177,30.898,43.966,53.609,59.160,55.773,51.166,48.336,43.337,41.181,40.887,43.607,44.188,50.086,55.425,61.928,50.175,40.220,33.771,24.737
26.155,24.961,25.693,25.656,26.248,30.978,44.081,53.736,59.227,55.876,51.267,48.429,43.431,41.262,40.968,43.696,44.284,50.188,55.538,62.021,50.269,40.306,33.856,24.791
26.399,25.141,25.896,25.848,26.445,31.041,44.295,53.808,59.278,55.884,51.339,48.510,43.777,41.580,41.271,43.911,44.462,50.311,55.640,62.060,50.367,40.380,33.944,24.852
26.485,25.255,25.995,25.962,26.559,31.184,44.321,53.872,59.283,55.936,51.392,48.575,43.783,41.583,41.280,43.924,44.519,50.338,55.645,62.071,50.399,40.470,34.052,25.001
26.543,25.319,26.053,26.025,26.627,31.277,44.354,53.913,59.374,56.023,51.464,48.648,43.789,41.612,41.314,43.982,44.563,50.404,55.710,62.150,50.478,40.559,34.143,25.126
26.671,25.433,26.176,26.134,26.731,31.337,44.453,53.942,59.378,56.042,51.504,48.692,43.911,41.736,41.434,44.086,44.633,50.469,55.770,62.188,50.537,40.618,34.217,25.203
26.782,25.559,26.302,26.250,26.839,31.466,44.549,54.022,59.510,56.160,51.611,48.796,43.940,41.807,41.509,44.192,44.715,50.578,55.886,62.310,50.653,40.744,34.350,25.355
26.889,25.687,26.428,26.357,26.935,31.587,44.587,54.031,59.588,56.225,51.660,48.847,43.966,41.823,41.532,44.269,44.726,50.642,55.952,62.382,50.733,40.852,34.483,25.549
27.013,25.796,26.542,26.465,27.046,31.687,44.683,54.054,59.613,56.258,51.722,48.914,44.043,41.943,41.653,44.401,44.811,50.745,56.047,62.392,50.829,40.964,34.599,25.691
27.126,25.931,26.685,26.576,27.131,31.736,44.743,54.074,59.618,56.259,51.754,48.942,44.088,41.981,41.690,44.433,44.818,50.752,56.064,62.395,50.852,40.978,34.652,25.749
27.272,26.069,26.831,26.706,27.255,31.822,44.841,54.078,59.623,56.282,51.765,48.962,44.203,42.099,41.805,44.541,44.888,50.812,56.105,62.439,50.883,41.054,34.749,25.864
27.408,26.264,27.030,26.865,27.369,31.918,44.966,54.168,59.629,56.293,51.778,48.974,44.277,42.140,41.847,44.574,44.951,50.833,56.121,62.441,50.893,41.094,34.833,25.909
27.536,26.378,27.144,26.988,27.498,32.009,45.063,54.243,59.678,56.321,51.838,49.044,44.421,42.271,41.974,44.660,45.059,50.896,56.162,62.477,50.937,41.163,34.912,25.990
27.594,26.474,27.225,27.082,27.587,32.144,45.125,54.383,59.755,56.402,51.938,49.146,44.435,42.282,41.991,44.684,45.151,50.961,56.221,62.497,51.001,41.263,35.015,26.092
27.657,26.554,27.299,27.163,27.665,32.243,45.219,54.532,59.812,56.497,52.047,49.253,44.514,42.347,42.057,44.745,45.260,51.050,56.311,62.502,51.084,41.352,35.098,26.150
27.785,26.678,27.432,27.278,27.770,32.300,45.306,54.545,59.845,56.509,52.059,49.270,44.623,42.447,42.154,44.821,45.315,51.085,56.334,62.516,51.108,41.391,35.162,26.218
27.897,26.782,27.529,27.392,27.895,32.416,45.355,54.557,59.873,56.514,52.111,49.339,44.689,42.526,42.234,44.886,45.389,51.135,56.361,62.523,51.164,41.478,35.261,26.358
28.028,26.894,27.649,27.502,28.003,32.466,45.420,54.584,59.878,56.543,52.115,49.344,44.796,42.634,42.338,44.966,45.430,51.160,56.368,62.523,51.183,41.513,35.320,26.441
28.105,26.992,27.742,27.594,28.089,32.581,45.511,54.684,59.951,56.632,52.224,49.454,44.806,42.672,42.387,45.042,45.526,51.259,56.473,62.606,51.284,41.622,35.428,26.545
28.168,27.096,27.843,27.673,28.148,32.687,45.554,54.726,60.064,56.714,52.284,49.509,44.829,42.692,42.399,45.089,45.540,51.321,56.547,62.682,51.354,41.715,35.538,26.681
28.209,27.170,27.910,27.739,28.205,32.796,45.637,54.876,60.241,56.861,52.409,49.626,44.836,42.696,42.417,45.148,45.628,51.424,56.664,62.806,51.459,41.823,35.638,26.765
28.289,27.248,27.981,27.819,28.297,32.927,45.680,54.929,60.391,57.004,52.523,49.742,44.852,42.745,42.472,45.246,45.689,51.532,56.776,62.974,51.592,41.961,35.773,26.956
28.445,27.401,28.146,27.958,28.421,33.007,45.825,55.000,60.425,57.045,52.589,49.806,44.999,42.894,42.617,45.377,45.788,51.626,56.870,63.023,51.673,42.040,35.869,27.036
28.553,27.514,28.255,28.074,28.536,33.103,45.907,55.081,60.425,57.079,52.643,49.868,45.098,42.980,42.702,45.434,45.880,51.674,56.900,63.028,51.711,42.105,35.947,27.114
28.690,27.609,28.359,28.188,28.662,33.154,46.031,55.157,60.447,57.098,52.701,49.936,45.323,43.175,42.887,45.549,46.012,51.747,56.951,63.044,51.769,42.154,35.997,27.144
28.802,27.719,28.457,28.320,28.807,33.291,46.157,55.350,60.523,57.213,52.834,50.079,45.492,43.315,43.024,45.631,46.191,51.848,57.029,63.095,51.858,42.260,36.095,27.218
28.874,27.781,28.509,28.400,28.907,33.421,46.230,55.480,60.688,57.379,52.981,50.228,45.567,43.405,43.117,45.730,46.312,51.972,57.150,63.260,51.997,42.396,36.213,27.357
28.976,27.881,28.613,28.495,28.997,33.498,46.308,55.520,60.728,57.428,53.036,50.285,45.645,43.489,43.200,45.816,46.373,52.039,57.215,63.318,52.064,42.469,36.297,27.453
29.152,27.964,28.710,28.610,29.149,33.553,46.429,55.526,60.733,57.486,53.121,50.382,45.909,43.760,43.460,46.020,46.505,52.165,57.322,63.465,52.198,42.563,36.381,27.572
29.276,28.109,28.871,28.721,29.227,33.613,46.553,55.568,60.781,57.522,53.166,50.418,45.996,43.844,43.543,46.132,46.549,52.248,57.424,63.529,52.270,42.631,36.472,27.647
29.399,28.204,28.970,28.834,29.352,33.702,46.702,55.719,60.872,57.634,53.295,50.549,46.210,44.033,43.725,46.269,46.714,52.377,57.545,63.642,52.389,42.730,36.558,27.704
29.480,28.289,29.051,28.921,29.442,33.808,46.796,55.843,61.002,57.759,53.412,50.665,46.296,44.119,43.813,46.361,46.821,52.484,57.654,63.759,52.498,42.837,36.659,27.801
29.533,28.355,29.106,28.995,29.522,33.918,46.866,55.980,61.132,57.882,53.525,50.779,46.351,44.171,43.867,46.414,46.925,52.569,57.736,63.847,52.586,42.935,36.747,27.885
29.656,28.484,29.243,29.106,29.618,33.993,46.952,55.993,61.157,57.906,53.560,50.814,46.423,44.252,43.948,46.508,46.967,52.631,57.799,63.890,52.645,43.005,36.839,27.992
29.772,28.587,29.354,29.208,29.719,34.078,47.080,56.092,61.265,58.017,53.672,50.922,46.567,44.394,44.088,46.648,47.078,52.758,57.934,64.032,52.771,43.110,36.941,28.086
29.936,28.730,29.508,29.356,29.865,34.166,47.272,56.252,61.331,58.104,53.791,51.041,46.825,44.613,44.298,46.806,47.255,52.891,58.061,64.117,52.882,43.204,37.034,28.129
30.028,28.826,29.603,29.449,29.956,34.263,47.347,56.320,61.417,58.187,53.871,51.122,46.886,44.683,44.370,46.890,47.327,52.973,58.142,64.201,52.968,43.297,37.132,28.242
30.137,28.912,29.682,29.557,30.084,34.375,47.427,56.412,61.480,58.274,53.968,51.230,47.014,44.812,44.496,46.983,47.449,53.058,58.207,64.275,53.057,43.396,37.226,28.356
30.280,29.061,29.834,29.701,30.222,34.507,47.572,56.548,61.600,58.393,54.093,51.355,47.156,44.946,44.631,47.114,47.583,53.186,58.335,64.386,53.179,43.522,37.359,28.479
30.429,29.206,29.982,29.848,30.367,34.638,47.755,56.737,61.751,58.547,54.255,51.513,47.359,45.130,44.811,47.276,47.761,53.349,58.501,64.538,53.332,43.661,37.491,28.579
30.626,29.357,30.145,30.013,30.544,34.745,47.945,56.864,61.822,58.652,54.389,51.652,47.640,45.391,45.063,47.478,47.946,53.507,58.648,64.675,53.481,43.785,37.612,28.686
30.787,29.491,30.294,30.144,30.671,34.820,48.104,56.944,61.883,58.729,54.485,51.747,47.846,45.587,45.252,47.650,48.068,53.638,58.782,64.798,53.603,43.883,37.714,28.775
30.881,29.615,30.420,30.249,30.756,34.918,48.217,57.059,61.993,58.819,54.574,51.829,47.916,45.649,45.316,47.732,48.152,53.729,58.884,64.871,53.686,43.973,37.814,28.854
31.004,29.738,30.542,30.366,30.875,35.062,48.309,57.131,62.151,58.968,54.702,51.956,47.973,45.741,45.412,47.870,48.236,53.864,59.027,65.053,53.840,44.127,37.971,29.054
31.179,29.869,30.664,30.536,31.079,35.216,48.407,57.224,62.165,59.037,54.802,52.080,48.128,45.926,45.602,47.986,48.404,53.950,59.066,65.090,53.928,44.245,38.091,29.216
31.213,29.944,30.710,30.620,31.177,35.428,48.457,57.431,62.459,59.295,55.007,52.284,48.170,45.935,45.606,48.042,48.528,54.093,59.213,65.296,54.096,44.440,38.265,29.423
31.387,30.113,30.894,30.775,31.317,35.541,48.664,57.585,62.604,59.436,55.156,52.425,48.342,46.125,45.801,48.239,48.685,54.270,59.406,65.471,54.262,44.578,38.405,29.529
31.467,30.196,30.968,30.866,31.420,35.680,48.754,57.730,62.787,59.610,55.310,52.578,48.414,46.210,45.889,48.343,48.807,54.403,59.542,65.641,54.407,44.721,38.534,29.672
31.610,30.342,31.125,30.999,31.537,35.782,48.934,57.880,62.927,59.742,55.446,52.705,48.592,46.373,46.049,48.507,48.947,54.558,59.713,65.794,54.551,44.843,38.656,29.758
31.742,30.449,31.227,31.134,31.695,35.938,49.129,58.148,63.149,59.976,55.679,52.937,48.837,46.599,46.271,48.688,49.193,54.766,59.919,66.018,54.755,45.018,38.797,29.859
31.826,30.538,31.293,31.243,31.829,36.127,49.150,58.239,63.298,60.129,55.807,53.079,48.843,46.633,46.313,48.748,49.287,54.856,59.987,66.137,54.872,45.175,38.951,30.088
32.020,30.696,31.457,31.412,32.011,36.273,49.311,58.347,63.415,60.269,55.956,53.233,49.047,46.853,46.530,48.949,49.449,55.023,60.148,66.316,55.046,45.336,39.111,30.272
32.153,30.871,31.623,31.576,32.161,36.460,49.468,58.566,63.608,60.439,56.122,53.397,49.152,46.946,46.626,49.055,49.611,55.165,60.290,66.428,55.179,45.494,39.275,30.413
32.281,31.028,31.776,31.718,32.293,36.641,49.589,58.706,63.823,60.627,56.283,53.553,49.200,47.020,46.708,49.188,49.722,55.321,60.459,66.618,55.347,45.674,39.459,30.621
32.410,31.164,31.903,31.865,32.447,36.814,49.742,58.922,64.013,60.815,56.468,53.739,49.354,47.163,46.852,49.319,49.909,55.480,60.613,66.771,55.504,45.837,39.611,30.759
32.560,31.290,32.037,31.995,32.581,36.910,49.886,59.022,64.092,60.911,56.578,53.850,49.542,47.343,47.027,49.474,50.042,55.607,60.738,66.892,55.627,45.945,39.719,30.862
32.728,31.497,32.251,32.177,32.732,37.070,50.133,59.289,64.314,61.102,56.774,54.032,49.747,47.513,47.196,49.650,50.242,55.805,60.958,67.059,55.802,46.108,39.885,30.953
32.914,31.707,32.467,32.379,32.918,37.289,50.475,59.721,64.713,61.466,57.121,54.356,50.065,47.784,47.465,49.922,50.569,56.136,61.325,67.414,56.113,46.367,40.109,31.069
33.217,31.947,32.732,32.632,33.175,37.437,50.830,59.984,64.874,61.666,57.364,54.596,50.552,48.221,47.884,50.268,50.887,56.424,61.616,67.674,56.374,46.564,40.293,31.181
33.348,32.090,32.869,32.777,33.326,37.656,51.044,60.291,65.254,62.014,57.668,54.885,50.716,48.394,48.062,50.488,51.121,56.704,61.925,68.037,56.666,46.820,40.515,31.381
33.572,32.320,33.128,32.973,33.481,37.721,51.283,60.395,65.254,62.020,57.727,54.936,50.987,48.617,48.275,50.669,51.254,56.820,62.048,68.059,56.743,46.886,40.615,31.413
33.767,32.527,33.346,33.157,33.641,37.856,51.453,60.486,65.344,62.105,57.827,55.033,51.139,48.768,48.426,50.833,51.366,56.950,62.183,68.160,56.864,47.016,40.770,31.569
34.036,32.828,33.652,33.438,33.902,38.172,51.837,60.930,65.842,62.554,58.241,55.423,51.452,49.071,48.732,51.190,51.718,57.359,62.638,68.630,57.270,47.378,41.107,31.843
34.323,33.095,33.938,33.701,34.159,38.411,52.253,61.347,66.249,62.950,58.629,55.790,51.899,49.482,49.134,51.588,52.095,57.768,63.084,69.086,57.664,47.689,41.384,32.030
34.760,33.475,34.349,34.084,34.542,38.752,52.864,61.925,66.841,63.537,59.205,56.335,52.585,50.127,49.765,52.213,52.650,58.387,63.760,69.803,58.269,48.157,41.796,32.327
35.093,33.767,34.655,34.397,34.864,39.004,53.285,62.347,67.135,63.859,59.560,56.687,53.117,50.596,50.221,52.589,53.074,58.750,64.122,70.132,58.604,48.440,42.053,32.494
35.493,34.097,34.999,34.753,35.240,39.272,53.659,62.628,67.316,64.098,59.848,56.987,53.634,51.085,50.695,52.979,53.450,59.070,64.418,70.407,58.909,48.720,42.333,32.761
36.101,34.818,35.771,35.365,35.725,39.730,54.517,63.408,67.975,64.659,60.438,57.519,54.364,51.699,51.301,53.628,54.060,59.729,65.170,70.968,59.483,49.227,42.867,33.041
36.742,35.483,36.514,35.943,36.193,40.016,55.360,64.007,68.330,64.990,60.869,57.905,55.260,52.442,52.018,54.286,54.628,60.289,65.795,71.363,59.936,49.580,43.258,33.165
37.479,36.179,37.245,36.622,36.859,40.646,56.216,64.773,69.166,65.812,61.674,58.680,56.144,53.314,52.880,55.181,55.392,61.157,66.722,72.331,60.799,50.326,43.972,33.807
37.843,36.622,37.665,37.056,37.291,41.340,56.916,65.833,70.465,66.973,62.677,59.624,56.629,53.810,53.394,55.854,56.144,62.066,67.746,73.517,61.739,51.146,44.672,34.389
38.493,37.305,38.347,37.752,37.974,42.057,57.847,66.987,71.439,67.908,63.612,60.531,57.580,54.643,54.217,56.612,57.107,62.940,68.654,74.364,62.561,51.897,45.357,34.854
39.700,38.509,39.610,38.946,39.120,43.227,59.831,69.253,73.531,69.887,65.541,62.348,59.627,56.449,55.991,58.344,58.984,64.864,70.764,76.454,64.383,53.359,46.625,35.569
41.095,39.489,40.630,40.058,40.433,44.349,60.836,69.761,74.618,71.182,66.767,63.617,61.020,58.117,57.643,60.048,60.070,66.274,72.153,78.355,65.972,54.749,47.942,37.334
45.027,42.558,43.872,43.425,44.108,47.239,64.895,73.049,77.821,74.850,70.582,67.447,66.385,63.407,62.807,64.746,64.172,70.446,76.325,82.974,70.173,58.267,51.187,40.509
