7.237,4.856,3.438,3.103,4.013,4.998,10.479,20.478,24.850,19.334,17.808,18.961,20.097,19.284,16.025,13.878,11.903,13.108,16.679,22.418,23.234,17.837,13.441,7.100
14.357,12.349,11.334,10.849,11.644,11.998,16.859,25.799,29.650,25.315,23.932,24.415,25.207,24.712,21.682,19.792,17.973,19.562,22.922,27.737,28.080,23.686,20.457,15.456
16.484,14.604,13.668,13.258,13.993,14.377,19.093,27.387,30.853,26.802,25.555,26.069,26.737,26.503,24.001,22.067,20.120,21.469,24.579,28.958,29.280,25.230,22.222,17.600
17.549,15.750,15.002,14.600,15.287,15.547,20.511,28.541,31.784,28.048,26.914,27.358,27.826,28.003,25.953,23.804,21.563,22.781,25.778,29.860,30.059,26.213,23.488,19.301
18.572,16.835,16.133,15.746,16.411,16.631,21.536,29.294,32.322,28.768,27.686,28.074,28.446,28.814,27.053,24.857,22.484,23.670,26.603,30.413,30.550,26.951,24.421,20.471
19.495,17.798,17.112,16.756,17.403,17.644,22.518,30.055,32.917,29.452,28.417,28.817,29.134,29.637,28.127,25.884,23.406,24.506,27.368,30.991,31.117,27.667,25.223,21.403
20.136,18.474,17.812,17.486,18.112,18.387,23.214,30.552,33.335,29.927,28.937,29.386,29.690,30.218,28.814,26.581,24.124,25.110,27.867,31.416,31.567,28.156,25.721,21.976
20.634,18.982,18.308,17.980,18.606,18.879,23.633,30.928,33.690,30.297,29.304,29.737,30.048,30.551,29.136,26.937,24.511,25.520,28.274,31.794,31.942,28.572,26.158,22.424
21.160,19.520,18.805,18.516,19.136,19.489,24.149,31.294,33.971,30.552,29.578,30.077,30.405,30.901,29.593,27.413,24.990,25.914,28.606,32.058,32.254,28.933,26.481,22.721
21.463,19.844,19.164,18.872,19.483,19.800,24.476,31.557,34.186,30.843,29.887,30.356,30.645,31.209,29.972,27.770,25.306,26.227,28.902,32.283,32.447,29.187,26.810,23.147
21.733,20.115,19.412,19.142,19.751,20.116,24.763,31.783,34.369,31.000,30.054,30.564,30.860,31.432,30.263,28.057,25.578,26.447,29.095,32.446,32.637,29.394,26.987,23.301
22.100,20.490,19.743,19.487,20.097,20.507,25.020,31.958,34.520,31.123,30.172,30.708,31.041,31.534,30.339,28.202,25.799,26.659,29.281,32.618,32.844,29.626,27.187,23.455
22.414,20.833,20.124,19.865,20.462,20.841,25.325,32.163,34.696,31.381,30.452,30.966,31.279,31.786,30.608,28.489,26.114,26.961,29.539,32.827,33.034,29.858,27.478,23.841
22.569,21.000,20.321,20.069,20.655,21.038,25.550,32.340,34.878,31.587,30.679,31.217,31.526,32.037,30.870,28.745,26.391,27.181,29.710,33.011,33.228,30.020,27.629,24.023
22.789,21.226,20.548,20.308,20.889,21.293,25.786,32.526,35.058,31.765,30.868,31.435,31.753,32.246,31.082,28.971,26.647,27.394,29.888,33.193,33.430,30.207,27.793,24.184
22.986,21.432,20.754,20.518,21.095,21.503,25.966,32.662,35.178,31.898,31.007,31.576,31.895,32.381,31.227,29.130,26.822,27.559,30.035,33.322,33.562,30.356,27.950,24.356
23.221,21.691,21.052,20.825,21.385,21.798,26.246,32.837,35.362,32.126,31.265,31.866,32.190,32.643,31.467,29.400,27.172,27.834,30.228,33.531,33.790,30.547,28.128,24.583
23.401,21.877,21.242,21.016,21.575,21.984,26.428,32.994,35.495,32.277,31.421,32.016,32.329,32.805,31.662,29.588,27.341,28.001,30.390,33.664,33.917,30.700,28.301,24.779
23.547,22.030,21.408,21.182,21.736,22.138,26.576,33.116,35.616,32.418,31.569,32.163,32.474,32.945,31.797,29.730,27.502,28.152,30.525,33.796,34.047,30.830,28.439,24.940
23.756,22.241,21.596,21.375,21.931,22.349,26.730,33.243,35.727,32.517,31.662,32.260,32.583,33.030,31.879,29.838,27.628,28.286,30.658,33.913,34.174,30.980,28.584,25.065
23.903,22.382,21.710,21.497,22.057,22.504,26.858,33.366,35.835,32.592,31.732,32.347,32.682,33.119,31.986,29.949,27.732,28.384,30.762,34.010,34.285,31.101,28.682,25.126
24.068,22.555,21.894,21.683,22.238,22.687,27.024,33.497,35.976,32.745,31.893,32.518,32.861,33.272,32.115,30.098,27.923,28.554,30.903,34.164,34.449,31.247,28.819,25.273
24.205,22.695,22.036,21.824,22.377,22.825,27.137,33.601,36.101,32.870,32.017,32.646,33.003,33.373,32.167,30.179,28.053,28.683,31.020,34.305,34.598,31.375,28.935,25.382
24.339,22.839,22.184,21.979,22.526,22.985,27.273,33.687,36.180,32.959,32.116,32.760,33.122,33.476,32.270,30.298,28.202,28.804,31.111,34.393,34.697,31.471,29.024,25.480
24.466,22.970,22.319,22.108,22.655,23.102,27.368,33.774,36.268,33.062,32.217,32.847,33.209,33.552,32.327,30.370,28.292,28.911,31.218,34.495,34.792,31.578,29.146,25.616
24.581,23.085,22.437,22.228,22.774,23.223,27.500,33.903,36.393,33.189,32.347,32.981,33.339,33.693,32.481,30.516,28.428,29.038,31.342,34.616,34.913,31.698,29.265,25.740
24.747,23.250,22.584,22.387,22.933,23.410,27.663,34.041,36.519,33.292,32.452,33.110,33.479,33.819,32.623,30.665,28.584,29.171,31.463,34.735,35.050,31.834,29.376,25.824
24.811,23.310,22.638,22.456,23.001,23.509,27.790,34.148,36.602,33.354,32.524,33.217,33.583,33.952,32.819,30.834,28.715,29.254,31.529,34.789,35.122,31.900,29.417,25.850
24.945,23.440,22.765,22.584,23.130,23.641,27.932,34.304,36.764,33.506,32.675,33.371,33.739,34.085,32.940,30.984,28.861,29.398,31.677,34.946,35.282,32.050,29.558,25.981
25.032,23.532,22.869,22.681,23.226,23.717,28.015,34.387,36.811,33.580,32.730,33.378,33.757,34.108,32.974,31.021,28.938,29.492,31.777,35.031,35.350,32.136,29.673,26.126
25.253,23.757,23.081,22.906,23.449,23.964,28.114,34.409,36.842,33.609,32.778,33.454,33.810,34.197,33.067,31.072,28.939,29.555,31.854,35.038,35.359,32.246,29.814,26.253
25.329,23.841,23.126,22.938,23.489,23.993,28.238,34.562,36.981,33.743,32.919,33.613,33.969,34.367,33.289,31.291,29.143,29.671,31.940,35.161,35.492,32.304,29.835,26.286
25.428,23.929,23.230,23.055,23.603,24.127,28.357,34.682,37.092,33.837,33.003,33.692,34.058,34.438,33.351,31.371,29.230,29.781,32.065,35.276,35.610,32.443,29.973,26.400
25.519,24.019,23.313,23.148,23.694,24.240,28.463,34.764,37.163,33.895,33.066,33.777,34.148,34.526,33.461,31.480,29.339,29.862,32.131,35.338,35.686,32.516,30.027,26.441
25.617,24.117,23.400,23.238,23.786,24.341,28.550,34.841,37.223,33.949,33.119,33.833,34.204,34.587,33.542,31.560,29.408,29.932,32.203,35.394,35.745,32.592,30.103,26.510
25.712,24.215,23.499,23.342,23.888,24.453,28.652,34.918,37.299,34.024,33.199,33.927,34.303,34.675,33.629,31.655,29.520,30.024,32.277,35.472,35.833,32.671,30.170,26.575
25.817,24.320,23.611,23.454,23.999,24.558,28.780,35.054,37.435,34.165,33.342,34.068,34.438,34.826,33.793,31.805,29.654,30.154,32.409,35.602,35.959,32.795,30.299,26.714
25.939,24.449,23.759,23.599,24.140,24.684,28.926,35.186,37.561,34.319,33.504,34.221,34.577,34.988,33.970,31.972,29.810,30.305,32.551,35.732,36.077,32.920,30.446,26.897
26.063,24.573,23.883,23.729,24.267,24.826,29.064,35.309,37.692,34.439,33.629,34.366,34.732,35.124,34.095,32.106,29.967,30.436,32.664,35.862,36.222,33.042,30.545,26.982
26.180,24.693,24.011,23.857,24.393,24.946,29.193,35.431,37.812,34.571,33.765,34.500,34.859,35.261,34.240,32.245,30.102,30.567,32.789,35.983,36.339,33.160,30.671,27.123
26.261,24.779,24.106,23.957,24.490,25.045,29.310,35.523,37.885,34.656,33.860,34.602,34.950,35.380,34.400,32.389,30.223,30.665,32.873,36.048,36.403,33.234,30.752,27.225
26.357,24.879,24.225,24.073,24.602,25.146,29.433,35.645,38.024,34.810,34.020,34.763,35.108,35.536,34.539,32.526,30.375,30.806,33.001,36.193,36.545,33.354,30.873,27.364
26.412,24.933,24.277,24.132,24.659,25.218,29.516,35.715,38.079,34.859,34.075,34.832,35.174,35.618,34.654,32.628,30.459,30.867,33.053,36.236,36.595,33.405,30.916,27.404
26.481,25.007,24.366,24.217,24.742,25.283,29.596,35.793,38.161,34.963,34.183,34.929,35.263,35.717,34.749,32.719,30.550,30.961,33.144,36.325,36.674,33.484,31.012,27.525
26.531,25.062,24.442,24.295,24.815,25.352,29.696,35.873,38.237,35.058,34.290,35.043,35.365,35.842,34.899,32.852,30.672,31.056,33.219,36.396,36.743,33.545,31.079,27.621
26.611,25.147,24.537,24.391,24.908,25.438,29.801,35.962,38.306,35.147,34.386,35.133,35.441,35.952,35.047,32.982,30.773,31.150,33.309,36.461,36.799,33.620,31.174,27.744
26.698,25.238,24.645,24.502,25.014,25.540,29.932,36.074,38.406,35.266,34.515,35.267,35.561,36.101,35.231,33.146,30.918,31.272,33.416,36.555,36.888,33.711,31.276,27.874
26.808,25.351,24.758,24.618,25.129,25.663,30.044,36.168,38.506,35.362,34.615,35.379,35.680,36.203,35.321,33.247,31.041,31.380,33.509,36.658,37.002,33.812,31.363,27.955
26.892,25.438,24.849,24.713,25.221,25.762,30.144,36.253,38.593,35.450,34.709,35.484,35.788,36.305,35.421,33.350,31.157,31.476,33.590,36.746,37.097,33.894,31.435,28.028
27.021,25.564,24.962,24.827,25.337,25.882,30.242,36.352,38.685,35.534,34.787,35.557,35.866,36.376,35.492,33.429,31.234,31.568,33.692,36.839,37.190,34.003,31.545,28.127
27.124,25.669,25.087,24.949,25.456,25.990,30.387,36.507,38.857,35.718,34.977,35.750,36.052,36.569,35.676,33.602,31.410,31.730,33.845,37.011,37.359,34.146,31.687,28.284
27.202,25.747,25.167,25.033,25.539,26.081,30.488,36.599,38.946,35.803,35.067,35.850,36.152,36.676,35.797,33.716,31.518,31.821,33.927,37.093,37.446,34.227,31.760,28.356
27.283,25.834,25.265,25.134,25.635,26.180,30.586,36.672,39.025,35.892,35.165,35.960,36.265,36.776,35.887,33.814,31.641,31.920,34.002,37.179,37.540,34.303,31.827,28.433
27.412,25.968,25.397,25.266,25.766,26.308,30.683,36.744,39.089,35.966,35.239,36.028,36.336,36.835,35.939,33.883,31.728,32.014,34.089,37.255,37.614,34.394,31.928,28.543
27.543,26.098,25.511,25.381,25.884,26.435,30.781,36.841,39.179,36.044,35.310,36.099,36.414,36.901,36.003,33.958,31.806,32.103,34.188,37.346,37.709,34.502,32.032,28.630
27.674,26.225,25.626,25.500,26.004,26.575,30.896,36.953,39.306,36.146,35.410,36.219,36.552,37.000,36.070,34.047,31.932,32.216,34.291,37.475,37.858,34.625,32.123,28.687
27.816,26.373,25.768,25.643,26.145,26.718,31.000,37.034,39.387,36.231,35.494,36.300,36.643,37.064,36.110,34.113,32.030,32.320,34.388,37.570,37.957,34.731,32.230,28.793
27.937,26.491,25.871,25.749,26.255,26.841,31.104,37.132,39.474,36.302,35.561,36.375,36.723,37.140,36.199,34.204,32.116,32.407,34.478,37.652,38.045,34.831,32.320,28.865
28.039,26.595,25.983,25.856,26.361,26.932,31.201,37.233,39.569,36.415,35.673,36.470,36.808,37.241,36.307,34.306,32.205,32.512,34.591,37.751,38.131,34.933,32.446,29.012
28.113,26.670,26.071,25.944,26.447,27.010,31.312,37.350,39.687,36.544,35.808,36.604,36.932,37.387,36.467,34.449,32.331,32.628,34.704,37.864,38.238,35.033,32.553,29.136
28.201,26.755,26.145,26.024,26.528,27.110,31.406,37.436,39.768,36.606,35.871,36.683,37.018,37.468,36.560,34.541,32.422,32.703,34.774,37.936,38.323,35.113,32.613,29.175
28.301,26.853,26.234,26.120,26.625,27.220,31.514,37.536,39.853,36.680,35.946,36.769,37.104,37.563,36.682,34.656,32.521,32.791,34.860,38.011,38.404,35.202,32.694,29.246
28.381,26.934,26.315,26.199,26.704,27.297,31.586,37.606,39.926,36.755,36.020,36.841,37.177,37.631,36.742,34.721,32.592,32.866,34.935,38.088,38.480,35.278,32.772,29.325
28.467,27.024,26.418,26.301,26.802,27.389,31.683,37.699,40.039,36.876,36.145,36.970,37.310,37.746,36.828,34.817,32.717,32.980,35.035,38.209,38.604,35.378,32.865,29.426
28.581,27.139,26.533,26.412,26.914,27.494,31.777,37.796,40.138,36.981,36.248,37.062,37.403,37.833,36.902,34.898,32.806,33.083,35.143,38.315,38.705,35.485,32.981,29.547
28.696,27.249,26.631,26.514,27.019,27.612,31.893,37.919,40.258,37.082,36.345,37.170,37.516,37.943,37.019,35.013,32.914,33.187,35.252,38.427,38.825,35.602,33.083,29.626
28.857,27.410,26.778,26.659,27.167,27.755,32.013,38.038,40.349,37.178,36.434,37.238,37.575,38.024,37.130,35.120,32.990,33.294,35.381,38.517,38.902,35.727,33.237,29.787
28.965,27.522,26.894,26.780,27.286,27.877,32.150,38.149,40.426,37.268,36.533,37.338,37.659,38.151,37.321,35.286,33.113,33.402,35.484,38.582,38.961,35.816,33.343,29.917
29.093,27.650,27.024,26.907,27.414,27.996,32.269,38.273,40.550,37.400,36.662,37.458,37.776,38.271,37.436,35.402,33.228,33.528,35.615,38.710,39.083,35.944,33.481,30.063
29.169,27.730,27.126,27.010,27.512,28.087,32.399,38.395,40.672,37.539,36.813,37.613,37.919,38.439,37.625,35.571,33.383,33.659,35.731,38.826,39.195,36.044,33.588,30.195
29.275,27.837,27.232,27.127,27.625,28.224,32.532,38.499,40.779,37.633,36.916,37.747,38.064,38.566,37.752,35.705,33.540,33.775,35.818,38.929,39.320,36.142,33.653,30.246
29.427,27.999,27.428,27.309,27.803,28.357,32.698,38.668,40.951,37.858,37.146,37.942,38.234,38.769,37.957,35.896,33.716,33.973,36.020,39.115,39.474,36.313,33.876,30.533
29.609,28.175,27.589,27.467,27.965,28.524,32.840,38.834,41.134,38.020,37.296,38.090,38.398,38.899,38.046,36.005,33.850,34.127,36.188,39.304,39.669,36.498,34.045,30.670
29.739,28.301,27.699,27.586,28.085,28.671,32.977,38.964,41.264,38.121,37.398,38.218,38.538,39.023,38.173,36.137,33.990,34.244,36.297,39.424,39.809,36.622,34.137,30.728
29.888,28.449,27.843,27.740,28.238,28.842,33.158,39.127,41.410,38.258,37.541,38.380,38.699,39.200,38.390,36.339,34.172,34.398,36.439,39.556,39.951,36.764,34.266,30.852
30.078,28.638,28.028,27.928,28.426,29.035,33.355,39.321,41.593,38.438,37.722,38.564,38.878,39.393,38.604,36.545,34.361,34.584,36.626,39.732,40.126,36.949,34.453,31.039
30.260,28.820,28.213,28.105,28.606,29.195,33.526,39.511,41.770,38.631,37.910,38.725,39.025,39.570,38.800,36.726,34.508,34.761,36.827,39.909,40.283,37.136,34.672,31.278
30.408,28.974,28.385,28.267,28.766,29.328,33.664,39.651,41.917,38.808,38.088,38.880,39.171,39.721,38.933,36.863,34.653,34.924,36.992,40.070,40.428,37.288,34.853,31.492
30.538,29.104,28.520,28.401,28.900,29.452,33.806,39.797,42.049,38.951,38.233,39.013,39.290,39.871,39.114,37.025,34.782,35.061,37.139,40.196,40.542,37.422,35.008,31.665
30.774,29.330,28.700,28.593,29.099,29.694,33.990,39.975,42.211,39.061,38.331,39.135,39.436,39.985,39.234,37.165,34.929,35.208,37.294,40.347,40.718,37.610,35.158,31.751
30.952,29.507,28.858,28.756,29.265,29.878,34.148,40.122,42.339,39.172,38.439,39.251,39.558,40.104,39.372,37.307,35.063,35.341,37.432,40.469,40.849,37.758,35.297,31.870
31.216,29.769,29.107,28.999,29.511,30.120,34.340,40.326,42.566,39.388,38.643,39.444,39.770,40.264,39.466,37.440,35.247,35.557,37.658,40.716,41.099,38.003,35.536,32.086
31.411,29.965,29.301,29.194,29.704,30.325,34.518,40.497,42.771,39.579,38.832,39.652,40.002,40.436,39.573,37.582,35.454,35.751,37.833,40.936,41.338,38.199,35.696,32.220
31.577,30.130,29.463,29.366,29.873,30.521,34.702,40.662,42.963,39.745,39.005,39.863,40.237,40.621,39.717,37.750,35.679,35.933,37.981,41.130,41.563,38.370,35.814,32.304
31.810,30.361,29.670,29.582,30.091,30.768,34.908,40.846,43.134,39.890,39.146,40.025,40.414,40.775,39.877,37.926,35.869,36.111,38.153,41.298,41.749,38.562,35.982,32.438
32.101,30.644,29.932,29.845,30.359,31.052,35.165,41.122,43.426,40.149,39.395,40.283,40.691,41.015,40.084,38.152,36.118,36.370,38.423,41.590,42.054,38.853,36.245,32.658
32.378,30.921,30.214,30.120,30.633,31.316,35.413,41.384,43.718,40.443,39.684,40.565,40.985,41.270,40.277,38.371,36.382,36.649,38.702,41.900,42.365,39.141,36.526,32.932
32.759,31.294,30.571,30.472,30.992,31.672,35.763,41.771,44.101,40.811,40.040,40.905,41.325,41.617,40.625,38.714,36.702,37.003,39.088,42.277,42.735,39.529,36.923,33.312
33.103,31.641,30.895,30.787,31.313,31.983,35.988,41.990,44.316,41.028,40.239,41.075,41.509,41.757,40.719,38.855,36.881,37.239,39.346,42.519,42.969,39.805,37.219,33.598
33.387,31.938,31.237,31.114,31.633,32.250,36.305,42.308,44.638,41.416,40.637,41.434,41.837,42.129,41.095,39.210,37.218,37.594,39.699,42.857,43.272,40.119,37.593,34.052
33.665,32.230,31.566,31.434,31.944,32.536,36.588,42.570,44.949,41.763,40.994,41.789,42.201,42.442,41.320,39.471,37.566,37.927,39.995,43.203,43.618,40.414,37.885,34.376
34.023,32.572,31.861,31.749,32.265,32.924,36.944,42.928,45.307,42.041,41.265,42.117,42.563,42.761,41.642,39.805,37.914,38.238,40.300,43.536,43.997,40.761,38.151,34.548
34.448,32.996,32.338,32.193,32.709,33.285,37.399,43.482,45.914,42.704,41.922,42.707,43.122,43.358,42.183,40.316,38.402,38.791,40.894,44.159,44.566,41.311,38.764,35.226
34.951,33.498,32.833,32.675,33.196,33.752,37.831,43.941,46.389,43.182,42.386,43.141,43.562,43.771,42.545,40.703,38.814,39.254,41.382,44.653,45.048,41.806,39.277,35.735
35.495,34.059,33.450,33.250,33.768,34.213,38.310,44.467,46.948,43.845,43.040,43.689,44.077,44.303,42.995,41.165,39.293,39.840,42.007,45.268,45.590,42.384,39.970,36.539
35.888,34.432,33.810,33.649,34.165,34.691,38.899,45.047,47.494,44.319,43.538,44.284,44.664,44.967,43.809,41.891,39.916,40.334,42.467,45.730,46.099,42.844,40.344,36.857
36.663,35.203,34.643,34.424,34.948,35.337,39.660,45.973,48.476,45.387,44.583,45.198,45.525,45.901,44.675,42.712,40.672,41.237,43.468,46.739,47.009,43.776,41.404,38.016
37.544,36.086,35.539,35.261,35.802,36.049,40.378,46.819,49.286,46.298,45.451,45.881,46.139,46.627,45.413,43.416,41.250,42.046,44.427,47.582,47.726,44.665,42.497,39.224
39.317,37.854,37.491,37.083,37.633,37.544,42.242,49.063,51.633,48.888,48.008,48.130,48.221,48.980,47.705,45.530,43.128,44.230,46.827,49.965,49.858,46.859,45.023,42.048
