4.809,-0.806,-7.412,-9.352,-5.544,0.361,9.943,21.841,25.070,23.507,21.118,20.277,20.110,20.410,22.770,26.484,27.829,35.680,37.463,36.808,30.391,24.133,20.753,13.924
8.566,3.601,-1.663,-4.193,-0.764,4.727,14.400,26.023,29.275,27.477,25.285,24.559,24.148,24.157,26.520,30.388,31.653,39.451,41.239,40.099,33.661,27.687,24.475,18.048
10.487,5.885,1.178,-1.539,1.499,6.689,16.280,27.609,30.769,28.946,26.846,26.148,25.670,25.661,27.971,31.830,33.090,40.660,42.474,41.235,34.931,29.138,26.054,19.817
12.290,8.039,3.898,1.046,3.439,8.329,17.872,28.857,31.832,30.081,28.030,27.334,26.831,26.960,29.189,32.980,34.270,41.462,43.409,42.086,36.031,30.369,27.458,21.339
13.079,8.854,4.970,2.177,4.459,9.350,18.781,29.540,32.425,30.756,28.713,28.045,27.554,27.734,29.917,33.600,34.846,41.861,43.853,42.407,36.527,30.927,28.110,22.104
14.251,10.119,6.363,3.653,5.895,10.681,19.859,30.326,33.135,31.515,29.524,28.879,28.402,28.575,30.700,34.276,35.480,42.309,44.254,42.817,37.101,31.646,28.908,23.072
15.042,10.925,7.377,4.763,6.930,11.714,20.726,30.935,33.649,32.120,30.142,29.525,29.069,29.290,31.362,34.811,35.965,42.603,44.572,43.042,37.517,32.142,29.497,23.792
15.749,11.624,8.154,5.662,7.884,12.669,21.465,31.440,34.095,32.631,30.678,30.087,29.656,29.875,31.903,35.237,36.335,42.838,44.771,43.210,37.832,32.553,29.971,24.404
16.103,11.985,8.671,6.199,8.423,13.222,21.959,31.826,34.455,33.014,31.073,30.505,30.070,30.281,32.293,35.580,36.642,43.087,45.027,43.376,38.068,32.827,30.288,24.800
16.653,12.576,9.243,6.804,8.993,13.735,22.383,32.162,34.762,33.339,31.414,30.844,30.420,30.641,32.631,35.888,36.949,43.327,45.246,43.647,38.388,33.195,30.674,25.223
17.202,13.231,10.035,7.557,9.655,14.302,22.895,32.571,35.145,33.715,31.822,31.261,30.821,31.028,33.000,36.247,37.303,43.611,45.522,43.911,38.696,33.569,31.085,25.702
17.655,13.725,10.679,8.224,10.163,14.781,23.331,32.875,35.376,34.005,32.111,31.554,31.127,31.402,33.341,36.527,37.577,43.746,45.710,44.050,38.953,33.852,31.430,26.086
18.117,14.271,11.316,8.854,10.624,15.154,23.662,33.100,35.543,34.203,32.321,31.758,31.336,31.661,33.572,36.727,37.791,43.841,45.832,44.190,39.172,34.111,31.732,26.414
18.521,14.693,11.752,9.344,11.066,15.565,23.981,33.308,35.706,34.407,32.532,31.971,31.567,31.922,33.807,36.908,37.964,43.921,45.910,44.289,39.351,34.331,31.985,26.708
18.745,14.901,11.966,9.596,11.338,15.851,24.219,33.496,35.879,34.601,32.727,32.172,31.777,32.138,34.012,37.082,38.125,44.052,46.036,44.405,39.504,34.499,32.166,26.916
19.013,15.116,12.243,9.947,11.695,16.266,24.576,33.761,36.105,34.883,32.998,32.455,32.081,32.477,34.331,37.333,38.347,44.203,46.160,44.519,39.705,34.706,32.410,27.199
19.449,15.581,12.658,10.419,12.168,16.685,24.873,33.954,36.271,35.069,33.204,32.661,32.302,32.699,34.530,37.491,38.499,44.287,46.211,44.631,39.872,34.931,32.652,27.490
19.865,16.033,13.144,10.947,12.599,17.069,25.179,34.145,36.406,35.249,33.390,32.844,32.504,32.947,34.748,37.658,38.666,44.307,46.257,44.720,40.050,35.148,32.907,27.778
20.051,16.224,13.319,11.141,12.796,17.254,25.328,34.263,36.516,35.366,33.511,32.966,32.631,33.076,34.870,37.766,38.771,44.342,46.324,44.767,40.161,35.274,33.039,27.924
20.446,16.630,13.769,11.618,13.306,17.754,25.751,34.523,36.681,35.617,33.818,33.276,33.000,33.426,35.174,37.911,38.882,44.427,46.399,44.813,40.318,35.568,33.352,28.297
20.788,16.983,14.092,11.992,13.729,18.150,25.945,34.605,36.847,35.706,33.867,33.335,33.003,33.461,35.207,38.072,39.055,44.677,46.626,45.024,40.412,35.614,33.438,28.491
20.928,17.115,14.213,12.130,13.894,18.288,26.038,34.805,37.034,35.904,34.085,33.559,33.234,33.641,35.406,38.236,39.202,44.784,46.692,45.124,40.551,35.759,33.556,28.557
21.069,17.292,14.214,12.260,13.962,18.319,26.179,34.928,37.157,36.030,34.214,33.691,33.369,33.769,35.531,38.350,39.309,44.888,46.784,45.220,40.655,35.873,33.671,28.687
21.105,17.315,14.494,12.414,14.136,18.547,26.381,35.069,37.275,36.164,34.354,33.838,33.515,33.925,35.675,38.472,39.421,44.952,46.860,45.265,40.742,35.982,33.805,28.854
21.121,17.352,14.589,12.449,14.191,18.600,26.488,35.226,37.462,36.313,34.511,34.001,33.654,34.026,35.792,38.628,39.576,45.163,47.067,45.435,40.862,36.095,33.907,28.956
21.207,17.437,14.629,12.486,14.277,18.682,26.562,35.322,37.577,36.410,34.613,34.103,33.753,34.100,35.872,38.723,39.670,45.290,47.170,45.560,40.959,36.197,33.993,29.042
21.258,17.505,14.727,12.554,14.300,18.695,26.613,35.395,37.650,36.476,34.677,34.164,33.807,34.162,35.938,38.804,39.760,45.383,47.280,45.661,41.050,36.277,34.073,29.106
21.316,17.570,14.893,12.624,14.339,18.729,26.764,35.522,37.747,36.578,34.795,34.279,33.918,34.289,36.049,38.908,39.875,45.430,47.336,45.732,41.158,36.420,34.243,29.279
21.322,17.600,14.942,12.635,14.382,18.823,26.805,35.644,37.932,36.714,34.912,34.398,34.013,34.345,36.145,39.073,40.044,45.661,47.595,45.967,41.310,36.503,34.282,29.300
21.538,17.865,15.161,12.961,14.595,18.912,26.927,35.730,37.954,36.771,34.987,34.469,34.092,34.472,36.237,39.123,40.104,45.736,47.655,45.994,41.377,36.627,34.422,29.412
21.705,18.076,15.448,13.188,14.739,19.027,26.985,35.858,38.169,36.934,35.125,34.621,34.219,34.533,36.349,39.298,40.258,45.885,47.796,46.159,41.483,36.648,34.454,29.493
21.978,18.348,15.733,13.490,15.091,19.380,27.290,35.996,38.222,37.038,35.265,34.756,34.378,34.734,36.496,39.367,40.331,45.976,47.850,46.199,41.581,36.857,34.690,29.767
22.119,18.502,15.863,13.627,15.284,19.554,27.417,36.103,38.342,37.142,35.386,34.881,34.499,34.820,36.581,39.454,40.409,46.002,47.939,46.234,41.646,36.952,34.779,29.886
22.237,18.647,16.104,13.849,15.363,19.619,27.523,36.182,38.381,37.211,35.442,34.933,34.554,34.933,36.683,39.542,40.510,46.010,47.942,46.292,41.751,37.042,34.899,29.989
22.328,18.745,16.229,13.971,15.469,19.722,27.624,36.270,38.464,37.297,35.529,35.022,34.642,35.025,36.772,39.627,40.593,46.081,48.018,46.357,41.827,37.121,34.984,30.081
22.482,18.931,16.447,14.179,15.632,19.854,27.747,36.366,38.547,37.382,35.621,35.113,34.731,35.121,36.862,39.713,40.682,46.143,48.085,46.427,41.913,37.221,35.096,30.203
22.615,19.067,16.578,14.322,15.766,19.980,27.853,36.451,38.623,37.467,35.707,35.198,34.820,35.217,36.952,39.793,40.762,46.205,48.145,46.497,41.998,37.314,35.194,30.308
22.739,19.209,16.795,14.533,15.913,20.118,27.993,36.554,38.703,37.563,35.802,35.296,34.918,35.337,37.064,39.890,40.857,46.257,48.221,46.543,42.079,37.400,35.302,30.427
22.794,19.281,16.891,14.602,15.971,20.165,28.062,36.639,38.796,37.643,35.885,35.379,34.993,35.402,37.134,39.975,40.946,46.360,48.325,46.640,42.159,37.479,35.378,30.501
22.886,19.405,17.064,14.749,16.064,20.234,28.146,36.716,38.865,37.709,35.955,35.449,35.055,35.471,37.201,40.049,41.025,46.423,48.401,46.706,42.230,37.554,35.463,30.586
23.007,19.535,17.204,14.890,16.193,20.355,28.260,36.817,38.961,37.808,36.055,35.549,35.156,35.575,37.302,40.146,41.122,46.508,48.488,46.792,42.325,37.655,35.568,30.697
23.120,19.677,17.354,15.019,16.291,20.422,28.332,36.890,39.033,37.871,36.125,35.616,35.218,35.635,37.361,40.216,41.200,46.582,48.560,46.879,42.406,37.743,35.656,30.784
23.159,19.720,17.435,15.092,16.342,20.477,28.402,36.956,39.094,37.936,36.187,35.680,35.279,35.703,37.429,40.283,41.266,46.640,48.631,46.928,42.462,37.795,35.715,30.843
23.223,19.782,17.503,15.161,16.403,20.542,28.469,37.021,39.156,38.002,36.251,35.744,35.344,35.773,37.498,40.349,41.332,46.702,48.698,46.991,42.529,37.860,35.782,30.909
23.367,19.932,17.667,15.338,16.582,20.713,28.609,37.127,39.254,38.106,36.361,35.857,35.460,35.888,37.606,40.443,41.419,46.769,48.758,47.050,42.608,37.955,35.886,31.034
23.466,20.047,17.807,15.458,16.648,20.767,28.693,37.221,39.340,38.194,36.445,35.937,35.537,35.982,37.700,40.544,41.531,46.870,48.879,47.165,42.725,38.062,35.997,31.129
23.496,20.083,17.879,15.500,16.676,20.799,28.766,37.322,39.449,38.292,36.541,36.033,35.625,36.065,37.791,40.652,41.641,46.999,49.021,47.283,42.824,38.149,36.082,31.203
23.644,20.250,18.035,15.658,16.804,20.902,28.854,37.393,39.511,38.358,36.610,36.099,35.693,36.142,37.862,40.720,41.716,47.053,49.073,47.359,42.911,38.245,36.181,31.303
23.708,20.313,18.128,15.750,16.911,21.016,28.960,37.487,39.606,38.452,36.707,36.201,35.793,36.233,37.952,40.806,41.793,47.130,49.148,47.413,42.970,38.310,36.252,31.390
23.751,20.359,18.202,15.815,16.985,21.095,29.044,37.572,39.696,38.536,36.794,36.292,35.878,36.308,38.030,40.886,41.868,47.214,49.231,47.478,43.029,38.372,36.314,31.461
23.818,20.421,18.289,15.900,17.087,21.208,29.156,37.679,39.806,38.644,36.903,36.407,35.989,36.410,38.133,40.988,41.963,47.313,49.329,47.555,43.107,38.452,36.398,31.555
23.886,20.487,18.363,15.958,17.132,21.259,29.240,37.790,39.922,38.756,37.009,36.511,36.090,36.516,38.244,41.110,42.090,47.454,49.481,47.697,43.236,38.566,36.507,31.648
23.969,20.587,18.509,16.091,17.199,21.315,29.315,37.854,39.969,38.813,37.063,36.563,36.142,36.590,38.314,41.176,42.163,47.499,49.550,47.752,43.309,38.634,36.588,31.723
23.972,20.597,18.574,16.121,17.227,21.352,29.394,37.961,40.089,38.918,37.167,36.671,36.237,36.673,38.406,41.287,42.271,47.633,49.695,47.858,43.394,38.708,36.660,31.792
24.023,20.625,18.612,16.173,17.321,21.473,29.504,38.065,40.197,39.028,37.277,36.788,36.354,36.779,38.513,41.385,42.357,47.728,49.785,47.925,43.464,38.779,36.732,31.878
24.107,20.724,18.736,16.280,17.416,21.558,29.599,38.162,40.296,39.120,37.372,36.884,36.445,36.864,38.600,41.480,42.452,47.825,49.884,48.016,43.550,38.868,36.822,31.971
24.188,20.826,18.867,16.394,17.488,21.613,29.668,38.228,40.355,39.180,37.433,36.943,36.500,36.928,38.662,41.546,42.524,47.885,49.955,48.083,43.621,38.939,36.899,32.045
24.327,20.984,19.036,16.559,17.602,21.706,29.761,38.306,40.419,39.252,37.504,37.010,36.570,37.017,38.745,41.625,42.611,47.945,50.026,48.165,43.718,39.038,37.007,32.148
24.540,21.215,19.246,16.776,17.746,21.822,29.873,38.402,40.493,39.342,37.590,37.086,36.655,37.137,38.856,41.728,42.730,48.023,50.118,48.292,43.868,39.188,37.164,32.287
24.627,21.314,19.355,16.871,17.815,21.881,29.949,38.487,40.576,39.422,37.670,37.163,36.730,37.217,38.937,41.816,42.824,48.115,50.218,48.392,43.965,39.280,37.257,32.372
24.746,21.431,19.431,16.941,17.908,21.970,30.046,38.611,40.714,39.547,37.796,37.286,36.851,37.327,39.052,41.946,42.959,48.276,50.367,48.563,44.111,39.422,37.385,32.488
24.833,21.498,19.467,16.997,17.987,22.064,30.128,38.693,40.796,39.637,37.882,37.371,36.942,37.421,39.146,42.032,43.042,48.361,50.448,48.651,44.202,39.510,37.470,32.571
24.951,21.627,19.568,17.069,18.058,22.123,30.223,38.837,40.957,39.776,38.021,37.505,37.069,37.537,39.273,42.187,43.210,48.563,50.647,48.869,44.382,39.678,37.621,32.697
25.043,21.695,19.600,17.112,18.158,22.244,30.338,38.969,41.103,39.916,38.160,37.646,37.211,37.663,39.404,42.322,43.339,48.719,50.788,49.014,44.510,39.803,37.734,32.810
25.129,21.754,19.642,17.181,18.262,22.372,30.447,39.068,41.201,40.024,38.265,37.754,37.325,37.777,39.516,42.419,43.428,48.807,50.872,49.092,44.599,39.890,37.822,32.905
25.221,21.832,19.714,17.265,18.363,22.486,30.554,39.170,41.304,40.131,38.370,37.860,37.435,37.887,39.625,42.522,43.526,48.906,50.969,49.185,44.696,39.986,37.919,33.004
25.315,21.929,19.837,17.382,18.459,22.585,30.665,39.281,41.410,40.240,38.477,37.968,37.541,38.000,39.738,42.634,43.638,49.011,51.086,49.286,44.803,40.089,38.026,33.111
25.415,22.030,19.978,17.524,18.571,22.701,30.784,39.382,41.498,40.340,38.574,38.067,37.641,38.115,39.848,42.734,43.736,49.087,51.177,49.357,44.894,40.178,38.128,33.216
25.515,22.154,20.085,17.597,18.645,22.752,30.862,39.498,41.633,40.449,38.689,38.178,37.741,38.196,39.939,42.854,43.866,49.250,51.330,49.529,45.027,40.310,38.245,33.320
25.630,22.258,20.181,17.708,18.746,22.860,30.963,39.589,41.715,40.544,38.779,38.266,37.836,38.306,40.045,42.949,43.962,49.330,51.417,49.618,45.132,40.411,38.350,33.421
25.721,22.330,20.247,17.794,18.880,23.013,31.092,39.705,41.834,40.666,38.902,38.395,37.968,38.425,40.163,43.056,44.057,49.431,51.506,49.697,45.215,40.502,38.440,33.529
25.919,22.540,20.455,18.018,19.067,23.182,31.234,39.811,41.921,40.769,39.006,38.496,38.077,38.553,40.280,43.157,44.161,49.497,51.575,49.783,45.331,40.628,38.578,33.673
26.010,22.625,20.545,18.105,19.124,23.247,31.322,39.912,42.016,40.871,39.100,38.587,38.170,38.664,40.392,43.269,44.279,49.609,51.706,49.908,45.459,40.741,38.693,33.770
26.211,22.846,20.729,18.293,19.264,23.354,31.422,40.003,42.095,40.957,39.186,38.663,38.253,38.768,40.490,43.366,44.390,49.695,51.794,50.038,45.599,40.885,38.837,33.900
26.278,22.912,20.821,18.373,19.327,23.425,31.516,40.108,42.199,41.061,39.287,38.764,38.351,38.871,40.596,43.476,44.502,49.809,51.921,50.147,45.706,40.981,38.936,33.991
26.431,23.018,20.875,18.474,19.476,23.611,31.675,40.259,42.347,41.227,39.444,38.922,38.523,39.052,40.773,43.631,44.649,49.954,52.060,50.292,45.866,41.135,39.087,34.142
26.655,23.214,21.054,18.700,19.700,23.836,31.848,40.382,42.449,41.355,39.571,39.048,38.665,39.213,40.922,43.747,44.761,50.023,52.126,50.379,45.993,41.275,39.239,34.306
26.663,23.228,21.134,18.782,19.777,23.957,31.985,40.501,42.558,41.481,39.689,39.176,38.791,39.348,41.055,43.863,44.860,50.109,52.239,50.416,46.056,41.328,39.310,34.393
26.724,23.254,21.171,18.837,19.848,24.048,32.068,40.576,42.629,41.562,39.766,39.256,38.875,39.437,41.143,43.939,44.930,50.176,52.308,50.475,46.126,41.394,39.378,34.465
26.803,23.318,21.283,18.941,19.937,24.164,32.216,40.735,42.784,41.725,39.919,39.413,39.030,39.603,41.311,44.105,45.093,50.339,52.495,50.620,46.276,41.527,39.517,34.597
26.905,23.411,21.369,19.019,20.053,24.292,32.354,40.895,42.960,41.888,40.084,39.579,39.192,39.747,41.462,44.267,45.251,50.526,52.673,50.791,46.425,41.672,39.653,34.733
27.014,23.507,21.477,19.123,20.218,24.477,32.537,41.088,43.171,42.085,40.285,39.789,39.394,39.920,41.641,44.453,45.424,50.731,52.863,50.958,46.574,41.824,39.799,34.894
27.169,23.684,21.627,19.235,20.346,24.583,32.671,41.270,43.379,42.261,40.468,39.968,39.560,40.060,41.793,44.640,45.621,50.974,53.089,51.207,46.775,42.022,39.977,35.058
27.554,24.099,21.952,19.586,20.686,24.865,32.890,41.455,43.554,42.437,40.656,40.147,39.750,40.252,41.974,44.814,45.807,51.130,53.215,51.419,46.998,42.276,40.227,35.314
27.608,24.166,22.167,19.756,20.763,24.961,33.060,41.631,43.713,42.607,40.815,40.310,39.902,40.432,42.156,44.999,45.992,51.294,53.436,51.552,47.148,42.402,40.376,35.454
27.727,24.248,22.363,19.978,20.946,25.201,33.307,41.829,43.879,42.815,41.007,40.513,40.113,40.681,42.395,45.195,46.170,51.421,53.610,51.636,47.295,42.534,40.542,35.637
27.881,24.368,22.526,20.179,21.214,25.510,33.567,42.037,44.083,43.035,41.230,40.751,40.355,40.908,42.616,45.383,46.328,51.568,53.748,51.726,47.417,42.673,40.695,35.836
28.073,24.565,22.698,20.353,21.445,25.732,33.760,42.227,44.289,43.224,41.431,40.956,40.555,41.076,42.787,45.560,46.498,51.760,53.909,51.903,47.577,42.851,40.864,36.025
28.265,24.780,22.950,20.561,21.558,25.830,33.930,42.437,44.491,43.425,41.621,41.137,40.731,41.283,42.997,45.792,46.751,52.008,54.195,52.180,47.844,43.090,41.105,36.225
28.503,25.022,23.178,20.783,21.811,26.079,34.175,42.692,44.759,43.679,41.881,41.399,40.988,41.520,43.238,46.043,47.000,52.278,54.450,52.442,48.088,43.340,41.347,36.472
28.647,25.164,23.365,20.931,21.956,26.242,34.397,42.961,45.044,43.948,42.144,41.665,41.241,41.764,43.495,46.324,47.282,52.596,54.783,52.737,48.353,43.583,41.583,36.692
28.880,25.403,23.595,21.155,22.200,26.479,34.630,43.200,45.291,44.185,42.386,41.908,41.480,41.988,43.722,46.558,47.516,52.843,55.019,52.979,48.582,43.818,41.813,36.927
29.313,25.838,24.009,21.574,22.587,26.859,35.015,43.588,45.671,44.573,42.769,42.285,41.863,42.390,44.121,46.955,47.922,53.235,55.420,53.398,49.007,44.236,42.232,37.330
29.635,26.149,24.464,22.059,22.946,27.246,35.400,43.884,45.903,44.871,43.049,42.570,42.163,42.766,44.473,47.247,48.205,53.408,55.663,53.559,49.273,44.494,42.543,37.657
29.984,26.395,24.747,22.422,23.390,27.805,35.930,44.373,46.376,45.392,43.549,43.087,42.699,43.320,45.021,47.737,48.657,53.843,56.119,53.926,49.696,44.897,42.966,38.105
30.238,26.567,25.018,22.669,23.705,28.240,36.468,44.990,47.021,46.034,44.165,43.718,43.318,43.927,45.652,48.381,49.280,54.538,56.855,54.530,50.266,45.406,43.469,38.589
30.674,26.857,25.361,23.058,24.140,28.848,37.166,45.745,47.770,46.832,44.913,44.475,44.091,44.750,46.486,49.183,50.060,55.342,57.732,55.273,51.031,46.083,44.151,39.228
31.012,26.982,25.614,23.273,24.392,29.381,38.002,46.819,48.881,47.968,45.957,45.528,45.138,45.857,47.645,50.374,51.241,56.658,59.194,56.487,52.179,47.032,45.079,40.019
31.781,27.148,25.927,23.734,25.526,31.238,40.115,49.225,51.422,50.559,48.414,48.071,47.687,48.333,50.213,52.891,53.596,59.362,61.997,58.734,54.332,48.918,46.912,41.816
