6.481,-0.446,-6.017,-10.507,-9.439,-1.391,12.724,25.416,28.023,21.313,12.608,5.345,-0.115,-1.334,-1.440,5.249,12.055,25.654,41.152,51.364,50.919,38.774,30.093,21.661
13.720,8.245,3.163,-0.921,-0.119,6.470,18.084,27.701,31.455,23.593,16.301,11.789,7.569,7.025,7.320,13.097,18.064,30.519,43.255,51.503,51.179,41.615,33.912,26.804
16.044,10.790,6.293,2.765,3.443,9.447,20.994,31.101,33.086,27.257,21.148,15.422,11.083,10.287,10.521,15.697,21.655,32.346,44.082,51.551,51.215,42.773,35.328,28.805
18.488,13.661,9.634,6.492,7.127,12.668,23.300,33.046,34.726,29.243,23.380,18.158,14.273,13.511,13.761,18.428,23.876,33.541,44.499,51.555,51.292,43.091,36.413,30.354
19.944,15.370,11.642,8.738,9.333,14.523,24.579,33.839,35.121,30.404,25.036,19.809,16.065,15.277,15.459,19.812,25.140,34.025,44.502,51.577,51.396,43.195,36.703,31.054
20.896,16.369,12.791,9.997,10.591,15.667,25.505,34.581,35.535,31.476,26.346,20.894,17.132,16.272,16.355,20.588,25.956,34.433,44.603,51.593,51.399,43.246,37.059,31.592
21.408,16.964,13.425,10.658,11.244,16.243,25.889,34.747,35.771,31.692,26.621,21.338,17.655,16.827,16.913,21.092,26.309,34.704,44.820,51.732,51.437,43.320,37.290,31.908
21.759,17.361,13.952,11.303,11.883,16.813,26.396,35.466,36.246,32.337,27.277,21.928,18.305,17.440,17.531,21.585,26.842,34.941,44.924,51.737,51.533,43.498,37.544,32.217
22.124,17.703,14.353,11.752,12.331,17.238,26.841,35.971,36.509,32.968,28.023,22.431,18.746,17.823,17.866,21.883,27.284,35.199,44.930,51.775,51.571,43.688,37.788,32.509
22.513,18.132,14.816,12.238,12.811,17.657,27.142,36.081,36.571,33.225,28.411,22.799,19.115,18.188,18.201,22.183,27.559,35.362,44.985,51.791,51.575,43.703,37.898,32.707
22.899,18.515,15.292,12.789,13.358,18.148,27.596,36.542,36.723,33.852,29.214,23.352,19.608,18.611,18.559,22.473,27.997,35.520,45.072,51.858,51.602,43.719,38.022,32.927
23.067,18.765,15.569,13.098,13.650,18.370,27.734,36.666,36.926,33.880,29.243,23.528,19.884,18.935,18.943,22.797,28.224,35.708,45.141,51.879,51.626,43.880,38.177,33.113
23.221,18.929,15.775,13.341,13.889,18.582,27.945,36.945,37.094,34.125,29.526,23.774,20.131,19.164,19.170,22.985,28.463,35.837,45.262,51.907,51.631,43.984,38.298,33.259
23.484,19.211,16.077,13.655,14.209,18.897,28.176,37.131,37.322,34.320,29.672,24.006,20.406,19.445,19.446,23.244,28.626,35.982,45.428,51.917,51.717,44.095,38.467,33.439
23.655,19.400,16.286,13.887,14.431,19.089,28.384,37.393,37.526,34.535,29.930,24.243,20.649,19.689,19.707,23.476,28.905,36.202,45.641,51.985,51.775,44.311,38.662,33.650
23.800,19.575,16.458,14.059,14.595,19.222,28.481,37.417,37.590,34.550,29.987,24.360,20.787,19.846,19.879,23.637,29.039,36.334,45.704,52.066,51.829,44.409,38.762,33.774
23.980,19.772,16.654,14.254,14.784,19.386,28.619,37.441,37.654,34.640,30.140,24.520,20.944,20.011,20.044,23.796,29.196,36.478,45.716,52.158,51.865,44.511,38.874,33.914
24.104,19.922,16.805,14.404,14.929,19.504,28.684,37.475,37.655,34.643,30.181,24.607,21.045,20.125,20.158,23.903,29.267,36.539,45.748,52.178,51.876,44.521,38.908,33.978
24.246,20.079,16.976,14.583,15.112,19.685,28.808,37.545,37.799,34.730,30.222,24.726,21.202,20.291,20.326,24.058,29.347,36.614,45.828,52.357,51.997,44.582,39.003,34.076
24.399,20.228,17.133,14.748,15.276,19.842,28.978,37.726,37.925,34.938,30.468,24.911,21.368,20.445,20.471,24.197,29.529,36.760,45.936,52.358,52.032,44.715,39.138,34.223
24.541,20.374,17.275,14.883,15.412,19.976,29.091,37.792,38.020,35.023,30.555,25.023,21.484,20.566,20.590,24.320,29.627,36.871,46.021,52.388,52.061,44.811,39.247,34.337
24.639,20.477,17.389,15.009,15.533,20.083,29.201,37.909,38.092,35.151,30.720,25.151,21.605,20.681,20.703,24.421,29.759,36.963,46.077,52.421,52.106,44.886,39.324,34.429
24.784,20.624,17.535,15.150,15.680,20.240,29.329,38.021,38.247,35.258,30.782,25.266,21.738,20.820,20.841,24.562,29.847,37.074,46.223,52.465,52.130,44.999,39.455,34.552
24.918,20.729,17.642,15.260,15.788,20.349,29.499,38.215,38.328,35.527,31.131,25.453,21.863,20.915,20.912,24.640,30.042,37.224,46.291,52.475,52.167,45.139,39.584,34.693
25.046,20.878,17.824,15.472,15.995,20.524,29.641,38.358,38.414,35.681,31.326,25.631,22.053,21.099,21.095,24.789,30.201,37.297,46.324,52.519,52.193,45.170,39.643,34.783
25.177,21.031,17.983,15.635,16.157,20.674,29.746,38.363,38.534,35.702,31.355,25.738,22.195,21.256,21.262,24.943,30.297,37.395,46.414,52.663,52.362,45.252,39.742,34.889
25.269,21.149,18.108,15.769,16.284,20.773,29.816,38.437,38.572,35.730,31.378,25.828,22.306,21.381,21.401,25.065,30.400,37.479,46.432,52.687,52.379,45.299,39.803,34.971
25.456,21.363,18.310,15.953,16.468,20.940,29.887,38.474,38.587,35.745,31.398,25.907,22.407,21.504,21.516,25.187,30.423,37.536,46.479,52.703,52.390,45.312,39.841,35.040
25.514,21.411,18.375,16.034,16.550,21.024,30.002,38.554,38.695,35.885,31.563,26.028,22.517,21.597,21.606,25.265,30.551,37.618,46.532,52.704,52.407,45.395,39.931,35.126
25.600,21.495,18.459,16.118,16.637,21.124,30.104,38.698,38.864,35.986,31.610,26.114,22.619,21.704,21.720,25.381,30.639,37.727,46.720,52.734,52.415,45.532,40.062,35.238
25.737,21.661,18.644,16.321,16.832,21.280,30.221,38.770,38.916,36.066,31.747,26.265,22.787,21.877,21.900,25.533,30.788,37.818,46.735,52.738,52.429,45.575,40.123,35.335
25.824,21.739,18.731,16.418,16.925,21.365,30.336,38.910,38.981,36.235,31.968,26.399,22.891,21.966,21.979,25.606,30.931,37.917,46.788,52.771,52.438,45.664,40.206,35.430
25.919,21.842,18.835,16.522,17.031,21.468,30.414,38.964,39.056,36.292,32.014,26.476,22.981,22.060,22.074,25.698,30.992,37.981,46.850,52.773,52.450,45.717,40.274,35.501
25.991,21.917,18.913,16.604,17.106,21.523,30.488,39.026,39.072,36.373,32.165,26.574,23.058,22.133,22.146,25.764,31.113,38.070,46.864,52.810,52.496,45.786,40.331,35.578
26.084,22.021,19.017,16.711,17.207,21.610,30.577,39.110,39.156,36.440,32.257,26.674,23.162,22.244,22.267,25.878,31.237,38.188,46.956,52.829,52.525,45.899,40.431,35.686
26.198,22.129,19.143,16.851,17.348,21.743,30.705,39.233,39.204,36.623,32.484,26.822,23.288,22.351,22.354,25.954,31.353,38.243,46.961,52.844,52.603,45.921,40.480,35.756
26.302,22.218,19.243,16.962,17.460,21.860,30.852,39.439,39.349,36.834,32.697,26.971,23.421,22.467,22.462,26.058,31.502,38.360,47.093,52.902,52.658,46.049,40.605,35.877
26.387,22.305,19.355,17.096,17.591,21.973,30.965,39.572,39.391,37.002,32.919,27.114,23.548,22.576,22.560,26.135,31.631,38.409,47.095,52.988,52.763,46.067,40.640,35.938
26.499,22.428,19.483,17.227,17.725,22.106,31.065,39.666,39.526,37.068,32.944,27.207,23.670,22.709,22.700,26.268,31.709,38.496,47.221,53.044,52.812,46.154,40.741,36.035
26.589,22.527,19.623,17.406,17.900,22.261,31.223,39.918,39.678,37.291,33.180,27.393,23.864,22.886,22.879,26.409,31.892,38.579,47.337,53.135,52.822,46.228,40.827,36.135
26.687,22.655,19.759,17.550,18.039,22.380,31.307,39.995,39.800,37.307,33.181,27.484,23.998,23.039,23.056,26.566,31.998,38.683,47.468,53.159,52.836,46.328,40.925,36.240
26.762,22.744,19.861,17.667,18.150,22.468,31.394,40.100,39.878,37.387,33.288,27.591,24.113,23.157,23.184,26.675,32.125,38.773,47.515,53.184,52.851,46.401,40.999,36.327
26.852,22.853,19.978,17.791,18.270,22.567,31.453,40.101,39.882,37.411,33.346,27.670,24.202,23.252,23.277,26.756,32.186,38.808,47.545,53.194,52.853,46.407,41.016,36.369
26.958,22.958,20.078,17.888,18.364,22.654,31.552,40.179,39.945,37.510,33.483,27.777,24.294,23.341,23.365,26.846,32.305,38.922,47.580,53.216,52.872,46.506,41.113,36.475
27.024,23.025,20.150,17.965,18.437,22.717,31.629,40.268,40.002,37.600,33.605,27.867,24.374,23.419,23.444,26.919,32.411,39.006,47.639,53.235,52.879,46.585,41.183,36.553
27.150,23.125,20.244,18.055,18.528,22.819,31.777,40.435,40.110,37.815,33.855,28.016,24.480,23.505,23.513,27.002,32.564,39.150,47.708,53.273,52.880,46.734,41.322,36.690
27.266,23.224,20.340,18.145,18.620,22.915,31.880,40.485,40.111,37.964,34.060,28.128,24.550,23.556,23.535,27.036,32.642,39.209,47.748,53.310,52.945,46.760,41.369,36.754
27.386,23.345,20.484,18.305,18.782,23.070,32.018,40.639,40.214,38.140,34.245,28.281,24.702,23.697,23.665,27.150,32.766,39.280,47.768,53.321,52.972,46.808,41.444,36.842
27.461,23.424,20.557,18.375,18.851,23.136,32.087,40.707,40.301,38.189,34.291,28.348,24.775,23.776,23.752,27.238,32.848,39.376,47.872,53.415,53.038,46.912,41.536,36.931
27.531,23.504,20.631,18.444,18.917,23.197,32.133,40.721,40.354,38.191,34.292,28.392,24.832,23.845,23.828,27.315,32.898,39.446,47.934,53.481,53.055,46.978,41.600,36.997
27.613,23.584,20.721,18.541,19.015,23.292,32.222,40.807,40.403,38.308,34.427,28.491,24.921,23.924,23.897,27.378,32.977,39.494,47.954,53.486,53.087,47.008,41.646,37.054
27.703,23.685,20.827,18.657,19.122,23.375,32.320,40.914,40.477,38.400,34.570,28.612,25.037,24.042,24.026,27.494,33.133,39.620,48.039,53.523,53.104,47.124,41.744,37.167
27.811,23.785,20.935,18.770,19.237,23.488,32.444,41.045,40.559,38.565,34.743,28.745,25.151,24.143,24.114,27.579,33.255,39.711,48.099,53.566,53.266,47.203,41.831,37.263
27.907,23.889,21.025,18.849,19.314,23.567,32.509,41.078,40.654,38.575,34.743,28.800,25.222,24.230,24.212,27.685,33.321,39.820,48.218,53.705,53.420,47.319,41.939,37.364
28.062,24.060,21.190,19.004,19.474,23.729,32.612,41.111,40.773,38.609,34.754,28.890,25.346,24.370,24.354,27.832,33.376,39.912,48.320,53.843,53.503,47.397,42.045,37.469
28.162,24.169,21.297,19.106,19.579,23.835,32.678,41.131,40.844,38.633,34.762,28.950,25.426,24.460,24.445,27.923,33.411,39.968,48.376,53.918,53.615,47.439,42.107,37.534
28.258,24.265,21.395,19.204,19.681,23.948,32.775,41.237,40.973,38.727,34.795,29.035,25.525,24.562,24.545,28.025,33.477,40.044,48.499,54.066,53.657,47.524,42.204,37.621
28.342,24.346,21.481,19.294,19.770,24.035,32.872,41.352,41.069,38.839,34.912,29.135,25.622,24.654,24.638,28.114,33.582,40.138,48.596,54.155,53.743,47.620,42.297,37.714
28.441,24.453,21.579,19.385,19.863,24.135,32.960,41.442,41.217,38.886,34.913,29.207,25.718,24.764,24.761,28.241,33.662,40.256,48.768,54.355,53.975,47.758,42.427,37.830
28.550,24.566,21.676,19.467,19.946,24.227,33.043,41.505,41.349,38.915,34.914,29.273,25.800,24.862,24.870,28.362,33.740,40.387,48.930,54.551,54.196,47.907,42.564,37.953
28.649,24.684,21.789,19.576,20.052,24.318,33.103,41.508,41.401,38.920,34.917,29.338,25.884,24.962,24.979,28.468,33.808,40.470,48.983,54.597,54.264,47.972,42.634,38.033
28.764,24.795,21.895,19.680,20.156,24.429,33.229,41.658,41.559,39.045,35.029,29.456,26.003,25.082,25.104,28.597,33.938,40.615,49.160,54.787,54.462,48.136,42.785,38.173
28.851,24.888,22.000,19.794,20.273,24.548,33.329,41.786,41.693,39.145,35.063,29.552,26.121,25.201,25.227,28.709,34.021,40.686,49.284,54.916,54.604,48.212,42.873,38.257
28.953,25.004,22.110,19.899,20.378,24.655,33.421,41.866,41.864,39.148,35.075,29.630,26.233,25.332,25.379,28.861,34.116,40.820,49.488,55.145,54.880,48.371,43.019,38.387
29.070,25.146,22.238,20.017,20.490,24.749,33.481,41.869,41.912,39.157,35.076,29.695,26.319,25.442,25.503,28.985,34.196,40.932,49.548,55.198,54.963,48.461,43.107,38.488
29.198,25.289,22.372,20.140,20.612,24.862,33.558,41.888,41.977,39.181,35.093,29.772,26.413,25.552,25.618,29.104,34.266,41.031,49.610,55.268,55.047,48.540,43.195,38.585
29.373,25.474,22.544,20.298,20.771,25.024,33.684,41.931,42.117,39.217,35.111,29.887,26.548,25.704,25.775,29.271,34.369,41.180,49.755,55.442,55.238,48.683,43.347,38.735
29.498,25.597,22.657,20.404,20.873,25.116,33.798,42.016,42.182,39.331,35.281,30.013,26.649,25.803,25.872,29.374,34.517,41.327,49.830,55.494,55.277,48.819,43.467,38.866
29.599,25.696,22.762,20.522,20.987,25.228,33.954,42.264,42.389,39.520,35.467,30.171,26.806,25.957,26.040,29.532,34.720,41.510,50.072,55.716,55.521,49.035,43.650,39.038
29.721,25.815,22.890,20.656,21.123,25.366,34.084,42.400,42.505,39.673,35.615,30.303,26.937,26.080,26.154,29.642,34.830,41.600,50.164,55.807,55.597,49.117,43.748,39.139
29.815,25.917,23.016,20.803,21.267,25.494,34.203,42.552,42.608,39.815,35.773,30.441,27.082,26.219,26.294,29.759,34.963,41.676,50.242,55.847,55.637,49.179,43.822,39.226
29.991,26.087,23.180,20.962,21.426,25.651,34.366,42.681,42.718,39.990,35.984,30.611,27.230,26.360,26.425,29.897,35.126,41.835,50.340,55.937,55.693,49.321,43.968,39.382
30.138,26.238,23.326,21.101,21.562,25.774,34.480,42.730,42.763,40.086,36.134,30.740,27.344,26.475,26.532,30.008,35.251,41.956,50.370,55.946,55.702,49.411,44.064,39.498
30.282,26.381,23.461,21.230,21.689,25.902,34.612,42.841,42.886,40.205,36.264,30.870,27.468,26.602,26.659,30.142,35.388,42.108,50.501,56.081,55.827,49.561,44.208,39.643
30.386,26.477,23.560,21.335,21.793,26.007,34.754,43.040,43.043,40.386,36.454,31.014,27.600,26.726,26.786,30.265,35.557,42.260,50.676,56.241,55.987,49.733,44.360,39.788
30.524,26.606,23.672,21.434,21.888,26.100,34.873,43.119,43.109,40.507,36.630,31.140,27.693,26.816,26.869,30.364,35.701,42.419,50.756,56.311,56.036,49.882,44.493,39.929
30.680,26.777,23.853,21.625,22.078,26.286,35.045,43.332,43.353,40.652,36.729,31.307,27.896,27.030,27.103,30.583,35.882,42.598,51.015,56.552,56.290,50.081,44.686,40.112
30.864,26.961,24.010,21.758,22.205,26.396,35.164,43.335,43.356,40.733,36.917,31.445,27.993,27.131,27.193,30.694,36.037,42.777,51.021,56.572,56.340,50.217,44.812,40.266
30.992,27.085,24.139,21.893,22.338,26.526,35.309,43.496,43.488,40.900,37.087,31.596,28.135,27.267,27.328,30.824,36.196,42.916,51.153,56.667,56.398,50.356,44.946,40.403
31.135,27.254,24.301,22.052,22.493,26.671,35.429,43.608,43.682,40.934,37.096,31.709,28.291,27.450,27.539,31.029,36.337,43.095,51.383,56.908,56.700,50.550,45.125,40.574
31.233,27.376,24.425,22.182,22.619,26.789,35.534,43.753,43.886,40.977,37.101,31.806,28.435,27.617,27.738,31.214,36.470,43.248,51.628,57.157,57.015,50.732,45.285,40.721
31.408,27.566,24.617,22.372,22.814,26.989,35.683,43.880,44.087,41.073,37.118,31.940,28.610,27.807,27.936,31.409,36.576,43.382,51.820,57.384,57.270,50.868,45.442,40.870
31.553,27.709,24.756,22.512,22.948,27.116,35.840,44.056,44.242,41.235,37.311,32.105,28.763,27.960,28.096,31.569,36.777,43.578,52.000,57.542,57.435,51.072,45.621,41.051
31.711,27.835,24.875,22.625,23.062,27.241,36.030,44.268,44.363,41.516,37.655,32.301,28.897,28.066,28.180,31.668,36.982,43.763,52.120,57.648,57.483,51.259,45.793,41.224
31.856,27.983,25.011,22.761,23.187,27.355,36.209,44.518,44.604,41.682,37.845,32.484,29.075,28.255,28.398,31.885,37.259,44.054,52.444,57.943,57.826,51.595,46.060,41.479
32.009,28.134,25.160,22.911,23.335,27.505,36.382,44.728,44.807,41.863,38.022,32.654,29.244,28.425,28.577,32.063,37.455,44.253,52.672,58.168,58.064,51.814,46.259,41.669
32.197,28.323,25.344,23.092,23.511,27.668,36.567,44.900,44.956,42.046,38.257,32.853,29.425,28.605,28.759,32.246,37.681,44.472,52.834,58.302,58.194,52.026,46.452,41.873
32.455,28.581,25.590,23.327,23.745,27.903,36.795,45.075,45.151,42.254,38.485,33.081,29.643,28.826,28.974,32.472,37.903,44.712,53.026,58.499,58.381,52.252,46.682,42.109
32.635,28.772,25.789,23.538,23.946,28.073,36.976,45.237,45.255,42.438,38.756,33.295,29.840,29.019,29.168,32.652,38.141,44.900,53.118,58.526,58.398,52.407,46.830,42.287
32.894,29.036,26.085,23.865,24.272,28.393,37.313,45.709,45.671,42.823,39.100,33.638,30.208,29.380,29.547,32.999,38.505,45.206,53.542,58.923,58.827,52.745,47.157,42.602
33.199,29.339,26.367,24.133,24.535,28.652,37.600,45.963,45.932,43.090,39.414,33.929,30.476,29.653,29.823,33.289,38.831,45.558,53.835,59.207,59.110,53.099,47.482,42.931
33.459,29.648,26.658,24.417,24.803,28.882,37.810,46.128,46.206,43.143,39.482,34.149,30.747,29.970,30.191,33.646,39.136,45.911,54.183,59.526,59.527,53.458,47.794,43.250
33.747,29.971,26.983,24.753,25.130,29.197,38.139,46.581,46.744,43.382,39.631,34.463,31.137,30.398,30.685,34.115,39.549,46.361,54.826,60.170,60.301,53.986,48.255,43.678
34.226,30.394,27.393,25.160,25.539,29.644,38.728,47.337,47.386,44.122,40.377,35.032,31.637,30.864,31.143,34.597,40.182,46.997,55.539,60.894,60.995,54.704,48.905,44.286
34.860,30.914,27.891,25.652,26.033,30.207,39.573,48.488,48.280,45.282,41.587,35.850,32.302,31.455,31.709,35.209,41.120,47.918,56.555,61.914,61.930,55.767,49.839,45.153
35.598,31.615,28.522,26.213,26.614,30.871,40.239,49.085,49.082,45.883,42.034,36.423,32.879,32.055,32.302,35.880,41.667,48.678,57.432,62.977,63.002,56.601,50.661,45.903
36.250,32.398,29.312,27.053,27.414,31.606,41.041,50.310,50.552,46.356,42.090,37.197,33.898,33.202,33.679,37.163,42.810,49.914,59.266,64.764,65.235,58.088,51.904,47.048
37.448,33.755,30.508,28.111,28.453,32.607,41.814,50.592,51.651,46.376,42.286,37.879,34.820,34.346,34.980,38.533,43.648,51.251,60.635,66.320,67.142,59.457,53.180,48.286
39.140,35.428,32.185,29.822,30.152,34.339,43.785,53.094,54.088,48.431,43.998,39.799,36.780,36.314,37.054,40.581,45.832,53.461,63.349,69.038,70.046,61.933,55.444,50.427
