-0.804,-6.756,-9.005,-10.589,-11.425,-13.578,-17.912,-16.997,-11.029,-9.997,-9.236,-6.922,-7.332,-12.774,-18.807,-19.106,-16.301,-9.669,-4.013,-2.797,-0.636,-1.000,0.583,-2.899
6.033,0.634,-1.533,-2.673,-3.264,-5.441,-8.472,-8.135,-2.749,-1.395,-0.226,1.862,1.083,-3.425,-9.165,-9.775,-7.719,-1.695,3.716,5.156,7.369,6.513,7.813,4.563
8.582,3.576,1.437,0.425,-0.071,-2.094,-4.483,-4.163,1.076,2.295,3.370,5.106,4.284,0.026,-5.565,-6.304,-4.272,1.454,6.817,8.127,10.221,9.354,10.698,7.606
9.936,5.105,2.953,2.012,1.571,-0.391,-2.413,-2.110,3.103,4.266,5.311,6.857,5.993,1.849,-3.716,-4.546,-2.522,3.087,8.488,9.736,11.790,10.898,12.287,9.253
11.290,6.611,4.570,3.711,3.292,1.347,-0.469,-0.332,4.596,5.856,6.978,8.574,7.629,3.704,-1.786,-2.627,-0.752,4.725,9.922,11.340,13.373,12.358,13.516,10.543
12.307,7.776,5.789,4.967,4.560,2.683,1.108,1.211,6.026,7.255,8.331,9.852,8.866,5.005,-0.511,-1.388,0.534,5.964,11.112,12.590,14.570,13.520,14.580,11.640
12.978,8.553,6.582,5.771,5.377,3.561,2.127,2.260,7.047,8.208,9.216,10.636,9.656,5.813,0.314,-0.585,1.396,6.774,11.913,13.351,15.280,14.256,15.325,12.422
13.604,9.206,7.263,6.464,6.072,4.255,2.777,2.886,7.595,8.775,9.806,11.255,10.287,6.512,1.110,0.238,2.143,7.445,12.491,13.926,15.848,14.825,15.867,13.000
14.259,9.958,8.101,7.294,6.883,5.126,3.637,3.747,8.307,9.455,10.427,11.890,10.944,7.204,1.867,1.041,2.978,8.217,13.113,14.588,16.446,15.449,16.381,13.560
14.561,10.323,8.487,7.685,7.276,5.557,4.141,4.262,8.787,9.900,10.832,12.251,11.306,7.575,2.243,1.411,3.388,8.602,13.476,14.947,16.773,15.786,16.700,13.899
14.792,10.582,8.754,7.961,7.556,5.849,4.491,4.603,9.111,10.219,11.144,12.545,11.588,7.870,2.525,1.681,3.669,8.877,13.749,15.235,17.052,16.055,16.950,14.154
15.378,11.216,9.460,8.650,8.224,6.547,5.042,5.163,9.534,10.630,11.529,12.987,12.082,8.409,3.204,2.437,4.390,9.507,14.201,15.685,17.459,16.508,17.334,14.593
15.697,11.607,9.857,9.053,8.637,7.002,5.578,5.729,10.090,11.132,11.983,13.364,12.474,8.817,3.646,2.869,4.852,9.918,14.604,16.036,17.775,16.853,17.709,15.000
15.874,11.812,10.072,9.256,8.834,7.228,5.796,5.982,10.338,11.339,12.146,13.501,12.632,8.955,3.797,3.031,5.059,10.115,14.787,16.193,17.904,17.017,17.880,15.184
16.117,12.095,10.351,9.539,9.125,7.543,6.162,6.371,10.736,11.699,12.476,13.777,12.919,9.248,4.112,3.336,5.384,10.408,15.087,16.449,18.140,17.275,18.172,15.495
16.430,12.421,10.679,9.869,9.457,7.879,6.466,6.684,11.033,11.990,12.767,14.063,13.223,9.577,4.502,3.739,5.756,10.735,15.382,16.709,18.394,17.547,18.464,15.809
16.709,12.762,11.031,10.224,9.819,8.277,6.920,7.163,11.492,12.404,13.139,14.379,13.554,9.921,4.878,4.112,6.156,11.092,15.719,17.009,18.662,17.841,18.771,16.144
16.923,12.995,11.275,10.475,10.073,8.536,7.194,7.426,11.728,12.644,13.382,14.622,13.794,10.185,5.163,4.398,6.424,11.337,15.940,17.236,18.883,18.057,18.973,16.358
17.069,13.155,11.436,10.632,10.228,8.705,7.363,7.613,11.917,12.812,13.530,14.751,13.935,10.319,5.308,4.546,6.591,11.494,16.094,17.368,19.003,18.195,19.124,16.517
17.309,13.402,11.702,10.903,10.498,8.970,7.601,7.832,12.091,13.004,13.737,14.985,14.171,10.587,5.615,4.869,6.876,11.750,16.300,17.589,19.223,18.409,19.310,16.715
17.538,13.653,11.976,11.158,10.741,9.239,7.788,8.056,12.284,13.160,13.855,15.104,14.332,10.742,5.836,5.128,7.150,11.985,16.472,17.724,19.328,18.564,19.469,16.902
17.697,13.816,12.117,11.307,10.903,9.396,7.961,8.238,12.493,13.363,14.066,15.285,14.519,10.947,6.073,5.353,7.347,12.153,16.660,17.865,19.475,18.719,19.676,17.120
17.873,14.014,12.330,11.519,11.113,9.619,8.172,8.454,12.679,13.538,14.229,15.446,14.691,11.132,6.290,5.584,7.576,12.355,16.826,18.022,19.618,18.875,19.822,17.282
17.970,14.124,12.441,11.629,11.223,9.740,8.326,8.616,12.847,13.692,14.365,15.563,14.805,11.233,6.369,5.655,7.677,12.467,16.952,18.151,19.738,18.997,19.942,17.399
18.116,14.277,12.599,11.791,11.386,9.903,8.497,8.778,12.996,13.847,14.525,15.727,14.965,11.406,6.550,5.835,7.845,12.627,17.100,18.306,19.893,19.146,20.082,17.543
18.270,14.425,12.754,11.947,11.540,10.051,8.614,8.887,13.087,13.949,14.639,15.860,15.102,11.557,6.723,6.019,8.006,12.775,17.224,18.434,20.024,19.276,20.202,17.667
18.417,14.587,12.921,12.105,11.695,10.222,8.777,9.072,13.273,14.109,14.773,15.977,15.234,11.676,6.854,6.158,8.170,12.931,17.372,18.561,20.135,19.410,20.347,17.821
18.502,14.683,13.023,12.201,11.787,10.327,8.889,9.195,13.392,14.214,14.858,16.055,15.315,11.741,6.904,6.209,8.252,13.023,17.464,18.658,20.222,19.503,20.430,17.903
18.628,14.814,13.176,12.341,11.914,10.467,9.007,9.319,13.494,14.307,14.929,16.142,15.407,11.810,6.955,6.275,8.355,13.145,17.564,18.785,20.334,19.623,20.513,17.982
18.754,14.937,13.289,12.464,12.044,10.588,9.141,9.444,13.625,14.449,15.089,16.297,15.556,11.979,7.137,6.449,8.500,13.276,17.703,18.913,20.473,19.753,20.658,18.130
18.839,15.036,13.393,12.570,12.151,10.703,9.284,9.585,13.759,14.577,15.208,16.408,15.662,12.084,7.229,6.536,8.602,13.381,17.808,19.028,20.581,19.858,20.751,18.224
19.010,15.220,13.591,12.770,12.350,10.904,9.470,9.763,13.904,14.727,15.363,16.574,15.833,12.276,7.452,6.770,8.816,13.571,17.961,19.185,20.732,20.010,20.887,18.372
19.145,15.359,13.752,12.916,12.481,11.049,9.568,9.875,13.990,14.801,15.412,16.643,15.915,12.337,7.514,6.855,8.932,13.696,18.053,19.291,20.823,20.117,20.965,18.451
19.235,15.467,13.860,13.025,12.594,11.173,9.722,10.036,14.154,14.950,15.548,16.756,16.029,12.452,7.628,6.962,9.053,13.810,18.172,19.400,20.923,20.223,21.077,18.569
19.326,15.564,13.963,13.127,12.693,11.278,9.829,10.143,14.250,15.044,15.636,16.846,16.119,12.540,7.712,7.048,9.148,13.907,18.261,19.498,21.016,20.316,21.158,18.650
19.462,15.710,14.103,13.274,12.846,11.432,10.002,10.317,14.429,15.219,15.813,17.006,16.280,12.715,7.906,7.236,9.322,14.061,18.418,19.635,21.153,20.455,21.316,18.817
19.584,15.841,14.236,13.404,12.977,11.571,10.137,10.463,14.574,15.351,15.934,17.116,16.399,12.833,8.036,7.370,9.462,14.191,18.543,19.744,21.255,20.569,21.438,18.946
19.752,16.010,14.390,13.579,13.166,11.744,10.369,10.667,14.785,15.586,16.201,17.374,16.634,13.100,8.298,7.608,9.661,14.381,18.755,19.962,21.490,20.775,21.653,19.159
19.853,16.118,14.497,13.686,13.273,11.856,10.494,10.798,14.921,15.713,16.320,17.481,16.742,13.204,8.398,7.704,9.769,14.489,18.870,20.072,21.595,20.884,21.767,19.273
19.925,16.208,14.596,13.784,13.369,11.966,10.632,10.939,15.051,15.832,16.421,17.572,16.830,13.284,8.461,7.764,9.856,14.583,18.962,20.175,21.688,20.976,21.842,19.349
19.993,16.272,14.656,13.840,13.424,12.024,10.706,11.018,15.145,15.921,16.503,17.647,16.899,13.336,8.485,7.782,9.896,14.644,19.044,20.263,21.776,21.063,21.930,19.427
20.103,16.399,14.789,13.963,13.542,12.161,10.834,11.171,15.298,16.045,16.595,17.723,16.991,13.409,8.563,7.867,10.017,14.762,19.155,20.358,21.852,21.163,22.035,19.539
20.185,16.485,14.865,14.047,13.632,12.250,10.960,11.293,15.434,16.181,16.737,17.847,17.106,13.530,8.675,7.966,10.112,14.856,19.270,20.467,21.966,21.269,22.154,19.656
20.256,16.561,14.938,14.126,13.715,12.332,11.067,11.395,15.538,16.287,16.846,17.948,17.202,13.633,8.773,8.055,10.197,14.939,19.362,20.559,22.060,21.356,22.243,19.746
20.312,16.629,15.008,14.196,13.786,12.412,11.185,11.515,15.661,16.401,16.947,18.034,17.280,13.701,8.815,8.087,10.256,15.012,19.448,20.655,22.149,21.442,22.321,19.820
20.459,16.788,15.165,14.362,13.957,12.584,11.390,11.712,15.855,16.597,17.148,18.223,17.462,13.898,9.013,8.276,10.436,15.181,19.621,20.828,22.323,21.607,22.488,19.990
20.533,16.867,15.243,14.441,14.037,12.667,11.494,11.816,15.962,16.701,17.247,18.315,17.549,13.980,9.082,8.339,10.510,15.262,19.711,20.922,22.416,21.697,22.575,20.074
20.583,16.927,15.301,14.495,14.090,12.733,11.583,11.920,16.079,16.799,17.325,18.371,17.607,14.020,9.103,8.354,10.558,15.321,19.787,20.991,22.475,21.765,22.650,20.148
20.682,17.038,15.405,14.599,14.198,12.849,11.712,12.062,16.233,16.936,17.450,18.473,17.715,14.128,9.221,8.469,10.680,15.431,19.906,21.084,22.562,21.865,22.773,20.277
20.775,17.133,15.497,14.691,14.290,12.944,11.822,12.177,16.357,17.054,17.561,18.574,17.816,14.220,9.302,8.545,10.768,15.526,20.013,21.190,22.666,21.969,22.882,20.384
20.863,17.226,15.588,14.785,14.387,13.042,11.934,12.287,16.467,17.165,17.674,18.681,17.919,14.330,9.414,8.652,10.871,15.624,20.114,21.288,22.765,22.065,22.982,20.485
20.978,17.353,15.723,14.921,14.522,13.183,12.082,12.433,16.598,17.293,17.797,18.803,18.041,14.456,9.543,8.784,11.007,15.754,20.231,21.411,22.882,22.183,23.086,20.594
21.085,17.464,15.831,15.024,14.624,13.294,12.191,12.560,16.738,17.415,17.902,18.892,18.140,14.543,9.632,8.873,11.114,15.861,20.345,21.506,22.970,22.285,23.206,20.717
21.187,17.569,15.930,15.126,14.729,13.399,12.304,12.676,16.861,17.534,18.022,19.002,18.251,14.659,9.755,8.993,11.229,15.968,20.458,21.606,23.069,22.388,23.323,20.837
21.292,17.686,16.057,15.247,14.847,13.527,12.417,12.798,16.970,17.631,18.104,19.083,18.342,14.746,9.856,9.104,11.352,16.081,20.552,21.695,23.147,22.479,23.407,20.929
21.363,17.769,16.150,15.337,14.933,13.624,12.522,12.906,17.065,17.718,18.179,19.156,18.415,14.814,9.916,9.166,11.432,16.165,20.627,21.781,23.224,22.557,23.469,20.992
21.532,17.940,16.331,15.517,15.111,13.801,12.672,13.053,17.191,17.849,18.313,19.303,18.569,14.979,10.106,9.368,11.619,16.337,20.771,21.925,23.365,22.703,23.605,21.135
21.675,18.075,16.465,15.646,15.238,13.926,12.759,13.149,17.290,17.945,18.409,19.405,18.683,15.094,10.246,9.519,11.758,16.464,20.888,22.023,23.464,22.814,23.731,21.267
21.773,18.174,16.566,15.748,15.340,14.026,12.854,13.241,17.375,18.033,18.501,19.502,18.781,15.198,10.357,9.632,11.864,16.564,20.979,22.117,23.558,22.907,23.820,21.358
21.873,18.283,16.679,15.856,15.445,14.141,12.974,13.369,17.503,18.149,18.601,19.595,18.877,15.282,10.433,9.710,11.964,16.670,21.085,22.222,23.655,23.011,23.921,21.459
21.973,18.385,16.790,15.966,15.552,14.250,13.068,13.461,17.577,18.227,18.678,19.683,18.967,15.376,10.534,9.818,12.070,16.772,21.169,22.316,23.745,23.102,23.997,21.537
22.071,18.484,16.892,16.067,15.653,14.351,13.167,13.559,17.672,18.321,18.771,19.777,19.062,15.472,10.633,9.919,12.171,16.872,21.264,22.411,23.839,23.197,24.089,21.631
22.146,18.566,16.969,16.143,15.729,14.436,13.276,13.678,17.806,18.441,18.877,19.864,19.149,15.545,10.687,9.966,12.242,16.953,21.364,22.505,23.929,23.290,24.191,21.730
22.238,18.657,17.051,16.223,15.812,14.519,13.351,13.765,17.909,18.534,18.967,19.942,19.235,15.628,10.785,10.063,12.337,17.039,21.459,22.576,23.998,23.372,24.297,21.840
22.363,18.774,17.166,16.339,15.929,14.628,13.443,13.853,17.996,18.630,19.073,20.058,19.352,15.754,10.923,10.205,12.460,17.155,21.569,22.683,24.111,23.483,24.413,21.958
22.447,18.858,17.245,16.424,16.017,14.713,13.537,13.943,18.088,18.726,19.177,20.158,19.449,15.861,11.037,10.314,12.556,17.244,21.662,22.770,24.202,23.570,24.508,22.054
22.612,19.032,17.430,16.618,16.214,14.906,13.755,14.138,18.255,18.911,19.376,20.368,19.646,16.079,11.253,10.527,12.751,17.433,21.834,22.969,24.404,23.752,24.661,22.209
22.698,19.137,17.555,16.736,16.323,15.035,13.906,14.292,18.387,19.030,19.468,20.460,19.732,16.145,11.283,10.559,12.833,17.538,21.930,23.097,24.516,23.863,24.731,22.273
22.843,19.284,17.689,16.886,16.484,15.185,14.098,14.466,18.569,19.227,19.689,20.670,19.928,16.366,11.506,10.765,13.006,17.700,22.109,23.274,24.705,24.033,24.913,22.457
22.962,19.411,17.817,17.010,16.606,15.317,14.237,14.615,18.722,19.367,19.814,20.783,20.046,16.473,11.607,10.864,13.127,17.824,22.237,23.397,24.820,24.157,25.039,22.583
23.097,19.551,17.943,17.141,16.744,15.457,14.416,14.801,18.933,19.568,20.010,20.952,20.210,16.634,11.756,10.998,13.269,17.968,22.412,23.555,24.979,24.316,25.223,22.766
23.197,19.644,18.028,17.226,16.832,15.540,14.499,14.886,19.033,19.668,20.114,21.052,20.310,16.732,11.853,11.092,13.359,18.060,22.517,23.650,25.079,24.417,25.338,22.878
23.341,19.782,18.162,17.369,16.979,15.675,14.635,15.007,19.149,19.801,20.271,21.217,20.469,16.913,12.048,11.284,13.516,18.205,22.658,23.793,25.233,24.558,25.482,23.024
23.530,19.983,18.385,17.572,17.169,15.887,14.795,15.193,19.313,19.939,20.371,21.324,20.600,17.018,12.165,11.427,13.700,18.390,22.806,23.939,25.355,24.710,25.616,23.166
23.674,20.128,18.538,17.720,17.311,16.033,14.920,15.322,19.431,20.053,20.478,21.441,20.722,17.135,12.288,11.559,13.840,18.530,22.930,24.067,25.478,24.840,25.735,23.287
23.789,20.256,18.690,17.859,17.437,16.178,15.063,15.471,19.555,20.164,20.561,21.534,20.815,17.201,12.322,11.604,13.936,18.651,23.034,24.205,25.598,24.964,25.814,23.360
23.997,20.439,18.856,18.047,17.636,16.346,15.277,15.642,19.738,20.394,20.842,21.831,21.078,17.491,12.581,11.837,14.121,18.852,23.268,24.472,25.897,25.216,26.059,23.588
24.156,20.591,19.010,18.206,17.796,16.496,15.425,15.772,19.856,20.531,20.998,22.004,21.243,17.669,12.759,12.015,14.277,19.008,23.417,24.638,26.071,25.376,26.204,23.730
24.317,20.750,19.179,18.374,17.961,16.658,15.575,15.913,19.978,20.662,21.134,22.159,21.394,17.823,12.912,12.174,14.433,19.167,23.559,24.800,26.234,25.532,26.337,23.861
24.464,20.894,19.324,18.506,18.086,16.793,15.686,16.045,20.123,20.789,21.238,22.257,21.506,17.908,12.991,12.261,14.552,19.298,23.693,24.923,26.348,25.665,26.478,24.001
24.656,21.094,19.555,18.711,18.270,17.001,15.829,16.215,20.264,20.903,21.309,22.349,21.620,17.983,13.062,12.364,14.712,19.476,23.830,25.075,26.474,25.820,26.596,24.120
24.880,21.326,19.790,18.946,18.505,17.240,16.051,16.444,20.484,21.116,21.519,22.555,21.837,18.210,13.319,12.629,14.967,19.708,24.044,25.272,26.664,26.023,26.808,24.343
25.136,21.564,20.029,19.181,18.739,17.461,16.217,16.606,20.639,21.285,21.703,22.765,22.056,18.440,13.581,12.906,15.211,19.939,24.253,25.473,26.874,26.236,27.026,24.565
25.401,21.842,20.297,19.447,19.011,17.741,16.451,16.873,20.916,21.534,21.940,22.973,22.301,18.703,13.929,13.269,15.545,20.212,24.504,25.646,27.036,26.441,27.293,24.863
25.563,22.018,20.494,19.624,19.173,17.928,16.589,17.041,21.066,21.653,22.018,23.054,22.406,18.779,14.017,13.381,15.704,20.371,24.631,25.766,27.130,26.568,27.406,24.984
25.790,22.254,20.754,19.862,19.395,18.171,16.791,17.266,21.272,21.834,22.160,23.207,22.575,18.914,14.141,13.528,15.905,20.590,24.822,25.970,27.311,26.773,27.583,25.161
26.098,22.547,21.034,20.140,19.674,18.443,17.037,17.521,21.548,22.110,22.441,23.486,22.863,19.198,14.438,13.826,16.193,20.874,25.117,26.243,27.591,27.061,27.898,25.475
26.373,22.789,21.245,20.362,19.908,18.648,17.251,17.722,21.792,22.378,22.745,23.790,23.155,19.499,14.733,14.104,16.430,21.118,25.405,26.516,27.893,27.345,28.221,25.787
26.756,23.161,21.610,20.724,20.270,19.005,17.580,18.059,22.141,22.725,23.095,24.142,23.516,19.859,15.110,14.486,16.802,21.483,25.771,26.863,28.243,27.705,28.601,26.169
27.049,23.455,21.870,20.999,20.564,19.289,17.912,18.396,22.524,23.103,23.488,24.492,23.863,20.226,15.493,14.845,17.130,21.788,26.122,27.163,28.556,28.018,28.979,26.553
27.407,23.824,22.268,21.407,20.970,19.688,18.285,18.732,22.788,23.401,23.814,24.863,24.228,20.638,15.946,15.315,17.547,22.173,26.436,27.516,28.910,28.352,29.257,26.845
27.722,24.118,22.517,21.670,21.251,19.950,18.618,19.064,23.195,23.813,24.246,25.254,24.601,21.007,16.281,15.610,17.831,22.473,26.824,27.874,29.292,28.719,29.687,27.260
28.063,24.427,22.793,21.946,21.533,20.215,18.884,19.339,23.530,24.150,24.595,25.590,24.935,21.322,16.574,15.888,18.107,22.771,27.179,28.204,29.641,29.067,30.084,27.641
28.520,24.865,23.227,22.364,21.944,20.627,19.247,19.725,23.939,24.545,24.977,25.976,25.336,21.693,16.943,16.269,18.510,23.189,27.605,28.614,30.049,29.495,30.529,28.081
28.919,25.256,23.616,22.776,22.363,21.025,19.730,20.154,24.357,25.009,25.482,26.499,25.812,22.191,17.378,16.674,18.893,23.605,28.048,29.126,30.585,29.971,30.958,28.488
29.606,25.928,24.303,23.457,23.037,21.689,20.318,20.732,24.903,25.575,26.065,27.125,26.449,22.842,18.067,17.387,19.573,24.270,28.666,29.753,31.217,30.605,31.572,29.107
30.261,26.457,24.720,23.915,23.532,22.081,20.824,21.171,25.512,26.281,26.899,27.960,27.202,23.593,18.684,17.912,20.012,24.807,29.416,30.523,32.094,31.382,32.440,29.898
31.126,27.258,25.500,24.756,24.399,22.859,21.714,21.915,26.235,27.155,27.929,29.072,28.211,24.696,19.710,18.881,20.830,25.664,30.317,31.558,33.217,32.357,33.340,30.753
32.824,28.687,26.726,26.101,25.830,24.034,23.084,23.056,27.623,28.837,29.975,31.206,30.153,26.754,21.581,20.578,22.186,27.151,32.142,33.475,35.391,34.264,35.371,32.645
