7.351,2.217,1.479,-0.314,-1.551,-5.656,-10.352,-8.335,-10.429,-12.885,-15.317,-11.055,-13.140,-19.155,-22.345,-17.587,-10.362,-1.694,8.420,15.067,17.060,17.153,17.181,11.000
12.908,8.372,7.691,6.249,4.942,1.272,-2.545,-1.071,-2.679,-4.821,-6.637,-2.995,-5.151,-10.525,-13.199,-9.227,-3.002,4.888,14.243,19.610,21.543,21.692,21.954,17.091
15.091,11.064,10.276,8.953,7.664,4.502,1.328,2.670,1.253,-0.775,-2.401,0.761,-1.136,-6.155,-9.022,-5.631,0.137,7.729,16.627,21.444,23.422,23.466,23.836,19.447
16.263,12.498,11.639,10.479,9.197,6.422,3.842,5.024,3.831,1.822,0.375,3.246,1.509,-3.197,-6.192,-3.418,1.985,9.482,18.173,22.423,24.509,24.523,25.141,21.008
17.195,13.633,12.710,11.710,10.446,8.034,6.008,7.048,6.068,4.052,2.753,5.388,3.811,-0.595,-3.721,-1.553,3.528,10.969,19.493,23.217,25.416,25.410,26.292,22.318
18.034,14.634,13.702,12.725,11.507,9.247,7.357,8.390,7.438,5.470,4.192,6.697,5.237,0.976,-2.173,-0.140,4.790,12.042,20.305,23.915,26.077,26.038,26.906,23.020
18.695,15.392,14.468,13.548,12.366,10.228,8.491,9.478,8.590,6.653,5.423,7.842,6.451,2.348,-0.765,1.090,5.854,12.951,21.009,24.437,26.579,26.541,27.457,23.650
19.000,15.782,14.831,13.935,12.763,10.739,9.139,10.112,9.260,7.326,6.117,8.454,7.134,3.103,-0.083,1.634,6.325,13.395,21.382,24.711,26.876,26.815,27.769,23.996
19.456,16.289,15.360,14.477,13.352,11.379,9.795,10.774,9.924,8.017,6.801,9.110,7.851,3.915,0.775,2.452,7.062,13.983,21.780,25.075,27.188,27.126,28.061,24.285
19.805,16.651,15.741,14.869,13.774,11.820,10.236,11.217,10.371,8.475,7.252,9.562,8.331,4.454,1.356,3.011,7.576,14.410,22.100,25.373,27.455,27.399,28.328,24.534
20.211,17.096,16.192,15.287,14.199,12.225,10.568,11.577,10.690,8.826,7.585,9.878,8.653,4.756,1.675,3.429,8.005,14.769,22.390,25.742,27.781,27.710,28.558,24.801
20.437,17.371,16.459,15.551,14.464,12.521,10.891,11.900,11.014,9.166,7.933,10.185,8.981,5.098,2.001,3.744,8.293,15.023,22.600,25.936,27.969,27.886,28.717,25.006
20.714,17.710,16.788,15.908,14.819,12.941,11.412,12.387,11.540,9.708,8.515,10.704,9.522,5.695,2.593,4.241,8.714,15.402,22.921,26.154,28.196,28.106,28.966,25.336
21.016,18.066,17.138,16.269,15.173,13.328,11.851,12.803,11.976,10.167,9.006,11.144,9.965,6.166,3.071,4.684,9.105,15.751,23.226,26.400,28.439,28.342,29.203,25.661
21.275,18.413,17.458,16.550,15.428,13.593,12.104,13.071,12.216,10.441,9.288,11.354,10.178,6.325,3.180,4.869,9.306,15.940,23.410,26.638,28.670,28.537,29.322,25.897
21.585,18.714,17.775,16.863,15.751,13.895,12.366,13.337,12.472,10.706,9.547,11.628,10.445,6.598,3.495,5.219,9.652,16.244,23.677,26.924,28.931,28.805,29.569,26.141
21.822,19.009,18.064,17.148,16.031,14.198,12.692,13.655,12.792,11.053,9.913,11.944,10.769,6.932,3.829,5.555,9.954,16.500,23.884,27.111,29.107,28.969,29.707,26.361
21.979,19.178,18.241,17.347,16.244,14.440,12.974,13.922,13.080,11.345,10.216,12.237,11.079,7.294,4.213,5.882,10.234,16.735,24.060,27.231,29.221,29.089,29.849,26.507
22.056,19.283,18.339,17.448,16.362,14.604,13.176,14.133,13.295,11.558,10.420,12.419,11.304,7.553,4.438,6.060,10.391,16.872,24.149,27.303,29.294,29.151,29.920,26.555
22.301,19.582,18.626,17.715,16.609,14.848,13.408,14.365,13.514,11.804,10.681,12.636,11.509,7.727,4.605,6.280,10.611,17.072,24.342,27.519,29.500,29.340,30.061,26.789
22.420,19.737,18.762,17.852,16.727,14.990,13.595,14.540,13.699,11.997,10.895,12.809,11.681,7.886,4.729,6.383,10.705,17.189,24.484,27.634,29.634,29.461,30.186,26.977
22.549,19.868,18.901,17.988,16.873,15.131,13.718,14.669,13.821,12.124,11.016,12.934,11.811,8.027,4.887,6.556,10.872,17.325,24.585,27.747,29.731,29.560,30.270,27.055
22.696,20.021,19.052,18.146,17.031,15.301,13.907,14.851,14.013,12.316,11.214,13.125,12.006,8.233,5.092,6.739,11.042,17.492,24.748,27.888,29.876,29.706,30.428,27.219
22.830,20.133,19.184,18.287,17.190,15.451,14.040,14.983,14.147,12.449,11.341,13.276,12.160,8.416,5.318,6.960,11.247,17.658,24.871,28.003,29.973,29.816,30.543,27.302
22.973,20.270,19.339,18.445,17.366,15.621,14.184,15.132,14.290,12.600,11.484,13.433,12.324,8.608,5.550,7.203,11.473,17.829,24.979,28.117,30.061,29.911,30.626,27.366
23.132,20.442,19.511,18.611,17.526,15.772,14.323,15.269,14.422,12.743,11.632,13.571,12.454,8.726,5.678,7.357,11.626,17.969,25.114,28.261,30.197,30.045,30.741,27.513
23.244,20.565,19.626,18.711,17.631,15.883,14.422,15.388,14.525,12.844,11.715,13.650,12.550,8.811,5.732,7.428,11.716,18.066,25.208,28.390,30.326,30.162,30.841,27.592
23.329,20.660,19.712,18.789,17.710,15.973,14.513,15.493,14.620,12.936,11.796,13.724,12.640,8.893,5.782,7.481,11.782,18.144,25.290,28.493,30.432,30.260,30.931,27.668
23.381,20.699,19.761,18.847,17.789,16.063,14.606,15.590,14.721,13.031,11.879,13.823,12.758,9.045,5.947,7.618,11.904,18.241,25.347,28.539,30.470,30.305,30.989,27.678
23.471,20.774,19.840,18.936,17.883,16.162,14.717,15.697,14.836,13.137,11.985,13.940,12.879,9.180,6.087,7.732,12.012,18.354,25.460,28.635,30.570,30.411,31.116,27.780
23.578,20.893,19.959,19.061,18.011,16.304,14.877,15.851,14.998,13.303,12.157,14.101,13.047,9.364,6.274,7.900,12.162,18.487,25.573,28.727,30.661,30.501,31.211,27.887
23.740,21.061,20.136,19.237,18.194,16.482,15.038,16.014,15.155,13.470,12.323,14.267,13.214,9.543,6.477,8.120,12.370,18.657,25.704,28.863,30.779,30.622,31.315,28.000
23.805,21.128,20.196,19.290,18.247,16.537,15.089,16.074,15.209,13.520,12.364,14.308,13.262,9.579,6.492,8.141,12.406,18.709,25.769,28.946,30.867,30.704,31.393,28.065
23.908,21.232,20.301,19.394,18.355,16.651,15.203,16.193,15.326,13.635,12.475,14.419,13.381,9.703,6.611,8.256,12.521,18.819,25.869,29.050,30.969,30.804,31.493,28.153
24.043,21.373,20.449,19.541,18.503,16.789,15.328,16.314,15.445,13.765,12.610,14.551,13.505,9.830,6.764,8.427,12.681,18.953,25.980,29.161,31.067,30.905,31.580,28.265
24.153,21.530,20.583,19.677,18.621,16.944,15.544,16.517,15.662,13.989,12.857,14.747,13.709,10.030,6.918,8.544,12.782,19.075,26.122,29.266,31.194,31.016,31.699,28.448
24.289,21.670,20.724,19.812,18.757,17.075,15.659,16.638,15.776,14.107,12.969,14.861,13.823,10.138,7.029,8.674,12.917,19.201,26.239,29.400,31.321,31.141,31.811,28.561
24.386,21.784,20.837,19.937,18.886,17.229,15.850,16.818,15.971,14.305,13.179,15.052,14.026,10.368,7.259,8.864,13.077,19.343,26.354,29.476,31.399,31.218,31.903,28.669
24.484,21.903,20.945,20.045,18.994,17.360,16.005,16.976,16.130,14.464,13.338,15.192,14.183,10.531,7.393,8.978,13.187,19.456,26.461,29.576,31.507,31.317,32.003,28.773
24.532,21.954,20.991,20.084,19.037,17.412,16.055,17.038,16.185,14.514,13.376,15.229,14.235,10.578,7.418,9.003,13.223,19.502,26.509,29.641,31.574,31.378,32.061,28.809
24.593,22.027,21.053,20.135,19.092,17.481,16.126,17.128,16.262,14.586,13.432,15.276,14.305,10.639,7.437,9.025,13.262,19.555,26.564,29.724,31.662,31.453,32.127,28.850
24.677,22.115,21.145,20.239,19.201,17.604,16.268,17.261,16.406,14.732,13.585,15.426,14.459,10.819,7.630,9.190,13.403,19.676,26.660,29.790,31.726,31.522,32.208,28.935
24.737,22.185,21.211,20.309,19.274,17.692,16.376,17.366,16.518,14.844,13.699,15.531,14.574,10.945,7.747,9.285,13.488,19.758,26.733,29.847,31.786,31.580,32.275,29.004
24.877,22.347,21.369,20.469,19.420,17.841,16.542,17.517,16.678,15.016,13.892,15.699,14.729,11.094,7.902,9.440,13.628,19.893,26.873,29.964,31.906,31.697,32.387,29.178
24.930,22.393,21.423,20.531,19.496,17.928,16.636,17.612,16.777,15.111,13.982,15.797,14.841,11.233,8.051,9.564,13.738,19.984,26.933,30.012,31.948,31.743,32.445,29.205
24.998,22.503,21.510,20.614,19.574,18.047,16.802,17.783,16.951,15.286,14.159,15.934,15.005,11.397,8.155,9.636,13.805,20.068,27.020,30.088,32.041,31.818,32.522,29.304
25.077,22.591,21.595,20.702,19.663,18.145,16.912,17.891,17.062,15.398,14.274,16.041,15.118,11.516,8.269,9.739,13.900,20.160,27.105,30.163,32.118,31.892,32.599,29.386
25.139,22.671,21.665,20.765,19.722,18.218,16.998,17.981,17.150,15.487,14.363,16.112,15.198,11.588,8.314,9.781,13.946,20.216,27.168,30.231,32.193,31.957,32.659,29.458
25.258,22.821,21.798,20.880,19.830,18.337,17.112,18.113,17.264,15.607,14.473,16.198,15.298,11.663,8.344,9.837,14.022,20.305,27.264,30.364,32.328,32.074,32.749,29.563
25.339,22.902,21.880,20.956,19.909,18.413,17.177,18.186,17.329,15.672,14.530,16.258,15.363,11.724,8.402,9.907,14.100,20.379,27.331,30.448,32.408,32.152,32.817,29.621
25.461,23.042,22.015,21.093,20.040,18.553,17.336,18.335,17.486,15.835,14.706,16.416,15.517,11.880,8.555,10.050,14.231,20.507,27.459,30.558,32.521,32.262,32.928,29.767
25.553,23.157,22.123,21.196,20.139,18.663,17.453,18.455,17.602,15.959,14.832,16.522,15.630,11.989,8.650,10.150,14.327,20.597,27.541,30.643,32.606,32.338,32.992,29.855
25.667,23.296,22.250,21.308,20.242,18.768,17.554,18.564,17.700,16.064,14.936,16.606,15.715,12.049,8.684,10.209,14.400,20.680,27.636,30.761,32.727,32.446,33.078,29.969
25.735,23.350,22.313,21.386,20.333,18.868,17.667,18.671,17.819,16.177,15.049,16.731,15.849,12.216,8.869,10.359,14.530,20.793,27.722,30.821,32.783,32.511,33.165,30.027
25.834,23.468,22.429,21.485,20.427,18.952,17.723,18.738,17.868,16.239,15.106,16.776,15.892,12.237,8.887,10.424,14.607,20.856,27.776,30.911,32.861,32.581,33.199,30.088
26.000,23.613,22.591,21.646,20.596,19.096,17.829,18.846,17.969,16.343,15.204,16.898,16.003,12.353,9.043,10.610,14.794,21.015,27.913,31.064,32.995,32.725,33.331,30.205
26.093,23.711,22.689,21.760,20.712,19.233,18.003,19.006,18.147,16.520,15.394,17.079,16.190,12.565,9.259,10.780,14.937,21.152,28.038,31.143,33.082,32.815,33.447,30.329
26.195,23.802,22.784,21.847,20.806,19.315,18.059,19.075,18.204,16.574,15.433,17.132,16.247,12.615,9.311,10.853,15.026,21.238,28.121,31.256,33.187,32.921,33.540,30.394
26.266,23.877,22.856,21.918,20.879,19.395,18.143,19.163,18.291,16.659,15.514,17.211,16.334,12.705,9.390,10.928,15.101,21.315,28.194,31.331,33.263,32.994,33.615,30.460
26.365,23.989,22.961,22.012,20.967,19.482,18.222,19.248,18.367,16.740,15.593,17.279,16.401,12.754,9.423,10.981,15.167,21.388,28.278,31.435,33.368,33.091,33.695,30.557
26.459,24.076,23.053,22.112,21.073,19.590,18.333,19.356,18.480,16.851,15.704,17.398,16.522,12.890,9.572,11.118,15.293,21.503,28.377,31.522,33.452,33.181,33.793,30.642
26.580,24.189,23.175,22.235,21.202,19.709,18.439,19.462,18.584,16.958,15.810,17.513,16.634,13.009,9.714,11.267,15.437,21.629,28.486,31.633,33.553,33.287,33.896,30.740
26.646,24.281,23.248,22.305,21.263,19.797,18.564,19.587,18.714,17.084,15.941,17.616,16.750,13.117,9.773,11.302,15.475,21.697,28.578,31.715,33.655,33.375,33.992,30.853
26.761,24.395,23.363,22.415,21.371,19.896,18.649,19.675,18.796,17.168,16.022,17.700,16.830,13.188,9.846,11.394,15.575,21.796,28.679,31.831,33.766,33.486,34.092,30.955
26.873,24.502,23.474,22.523,21.476,19.988,18.724,19.750,18.867,17.243,16.098,17.781,16.900,13.250,9.922,11.490,15.675,21.891,28.778,31.938,33.868,33.590,34.188,31.061
26.992,24.617,23.593,22.648,21.601,20.110,18.851,19.868,18.992,17.370,16.233,17.918,17.029,13.386,10.073,11.633,15.808,22.019,28.903,32.047,33.977,33.704,34.309,31.191
27.063,24.686,23.665,22.732,21.700,20.232,18.996,20.014,19.146,17.517,16.375,18.062,17.197,13.586,10.271,11.789,15.946,22.141,28.994,32.115,34.045,33.774,34.398,31.246
27.149,24.750,23.742,22.827,21.816,20.362,19.139,20.156,19.300,17.660,16.509,18.217,17.371,13.804,10.507,11.980,16.115,22.288,29.102,32.196,34.120,33.862,34.513,31.305
27.285,24.917,23.898,22.979,21.962,20.526,19.326,20.340,19.487,17.854,16.712,18.392,17.552,13.983,10.666,12.130,16.256,22.428,29.239,32.323,34.252,33.983,34.629,31.457
27.379,25.023,23.994,23.072,22.054,20.632,19.444,20.465,19.609,17.974,16.826,18.496,17.669,14.096,10.750,12.206,16.339,22.523,29.339,32.430,34.366,34.089,34.734,31.556
27.493,25.191,24.132,23.197,22.161,20.775,19.631,20.655,19.797,18.168,17.031,18.646,17.835,14.238,10.821,12.266,16.404,22.621,29.464,32.555,34.513,34.210,34.845,31.722
27.621,25.306,24.252,23.322,22.284,20.887,19.738,20.755,19.902,18.272,17.140,18.765,17.942,14.345,10.946,12.392,16.528,22.746,29.598,32.680,34.638,34.343,34.984,31.863
27.738,25.432,24.376,23.446,22.402,21.007,19.867,20.878,20.029,18.403,17.279,18.894,18.066,14.466,11.067,12.511,16.642,22.861,29.718,32.790,34.751,34.454,35.094,31.997
27.924,25.611,24.562,23.614,22.582,21.169,19.976,21.012,20.136,18.513,17.362,18.995,18.176,14.564,11.169,12.665,16.820,23.019,29.852,32.983,34.923,34.623,35.230,32.098
28.070,25.737,24.698,23.756,22.731,21.305,20.098,21.133,20.258,18.631,17.477,19.130,18.306,14.704,11.333,12.831,16.984,23.173,29.996,33.127,35.060,34.769,35.382,32.226
28.157,25.825,24.774,23.827,22.817,21.422,20.229,21.290,20.405,18.761,17.579,19.234,18.452,14.859,11.433,12.902,17.071,23.281,30.099,33.252,35.194,34.893,35.514,32.288
28.372,26.006,24.964,24.048,23.038,21.648,20.496,21.528,20.677,19.018,17.856,19.530,18.733,15.170,11.770,13.173,17.316,23.544,30.384,33.467,35.427,35.145,35.823,32.582
28.497,26.114,25.081,24.171,23.170,21.775,20.618,21.649,20.801,19.138,17.971,19.661,18.866,15.317,11.934,13.329,17.467,23.685,30.512,33.590,35.545,35.270,35.957,32.690
28.660,26.250,25.231,24.331,23.338,21.931,20.764,21.788,20.947,19.279,18.112,19.826,19.024,15.491,12.143,13.529,17.659,23.865,30.681,33.747,35.695,35.434,36.135,32.843
28.837,26.442,25.414,24.498,23.498,22.086,20.904,21.941,21.084,19.420,18.247,19.950,19.148,15.589,12.216,13.635,17.786,24.005,30.838,33.936,35.886,35.614,36.292,33.013
28.999,26.588,25.565,24.627,23.649,22.224,20.980,22.057,21.165,19.494,18.275,20.008,19.233,15.664,12.278,13.748,17.936,24.141,30.945,34.125,36.054,35.777,36.421,33.059
29.148,26.738,25.716,24.776,23.800,22.376,21.128,22.209,21.314,19.644,18.422,20.155,19.383,15.815,12.428,13.901,18.090,24.291,31.088,34.274,36.200,35.922,36.562,33.196
29.427,27.020,26.001,25.046,24.059,22.603,21.314,22.396,21.486,19.829,18.611,20.345,19.547,15.947,12.582,14.116,18.321,24.515,31.324,34.542,36.456,36.177,36.784,33.458
29.719,27.334,26.323,25.351,24.350,22.859,21.521,22.600,21.674,20.046,18.840,20.560,19.731,16.103,12.778,14.391,18.598,24.753,31.545,34.793,36.682,36.401,36.957,33.709
29.887,27.487,26.480,25.492,24.508,23.005,21.620,22.730,21.777,20.143,18.902,20.646,19.837,16.201,12.866,14.518,18.753,24.900,31.673,34.983,36.857,36.572,37.104,33.791
30.124,27.721,26.718,25.719,24.742,23.228,21.811,22.936,21.967,20.335,19.079,20.833,20.028,16.386,13.054,14.737,18.986,25.120,31.878,35.224,37.085,36.798,37.309,33.978
30.447,28.048,27.035,26.023,25.026,23.494,22.064,23.189,22.212,20.583,19.332,21.079,20.253,16.569,13.221,14.940,19.215,25.385,32.194,35.563,37.434,37.141,37.637,34.339
30.714,28.293,27.278,26.266,25.266,23.727,22.294,23.423,22.445,20.803,19.546,21.309,20.479,16.783,13.422,15.137,19.432,25.636,32.482,35.860,37.743,37.452,37.962,34.634
31.037,28.624,27.605,26.586,25.575,24.025,22.585,23.711,22.730,21.094,19.844,21.599,20.755,17.039,13.676,15.414,19.717,25.930,32.795,36.181,38.066,37.772,38.269,34.974
31.365,29.042,27.980,26.942,25.886,24.369,22.985,24.099,23.120,21.509,20.294,21.959,21.106,17.338,13.900,15.649,19.953,26.206,33.125,36.501,38.414,38.084,38.554,35.406
31.536,29.230,28.157,27.126,26.078,24.602,23.265,24.381,23.412,21.793,20.576,22.222,21.401,17.657,14.180,15.873,20.164,26.424,33.330,36.681,38.607,38.270,38.760,35.592
31.944,29.593,28.524,27.512,26.458,24.971,23.650,24.750,23.801,22.161,20.952,22.628,21.787,18.044,14.577,16.234,20.530,26.837,33.799,37.117,39.065,38.744,39.280,36.080
32.281,29.926,28.841,27.806,26.753,25.267,23.925,25.057,24.082,22.428,21.188,22.871,22.050,18.273,14.746,16.430,20.775,27.128,34.126,37.508,39.466,39.130,39.651,36.398
32.834,30.588,29.449,28.380,27.251,25.771,24.472,25.581,24.604,22.989,21.806,23.376,22.508,18.626,15.019,16.766,21.132,27.555,34.665,38.051,40.046,39.667,40.134,37.115
33.265,30.921,29.815,28.774,27.683,26.184,24.862,25.976,25.009,23.356,22.143,23.802,22.944,19.113,15.555,17.254,21.622,28.046,35.141,38.516,40.505,40.161,40.685,37.505
34.047,31.659,30.570,29.536,28.441,26.900,25.544,26.648,25.684,24.027,22.819,24.515,23.622,19.782,16.274,17.997,22.373,28.802,35.922,39.297,41.280,40.955,41.487,38.299
34.764,32.353,31.237,30.260,29.110,27.602,26.409,27.427,26.552,24.866,23.742,25.412,24.461,20.621,17.083,18.644,22.985,29.558,36.852,40.047,42.124,41.816,42.482,39.379
35.586,33.002,31.933,31.111,29.992,28.535,27.553,28.450,27.736,25.963,24.908,26.684,25.711,22.060,18.635,19.830,24.038,30.674,38.019,40.880,43.032,42.820,43.773,40.512
37.469,34.775,33.693,32.954,31.721,30.201,29.368,30.114,29.527,27.715,26.805,28.603,27.445,23.729,20.358,21.417,25.613,32.493,40.189,42.813,45.094,44.938,46.075,42.984
