3.469,3.714,0.026,-0.160,1.432,7.076,17.377,29.624,30.561,28.652,27.844,29.310,30.350,31.854,34.100,37.507,40.691,45.812,45.872,37.469,34.784,34.528,31.234,25.236
8.037,8.142,4.643,3.521,5.853,12.112,21.360,32.892,35.507,33.435,32.283,33.982,34.387,34.975,37.624,40.770,43.894,49.459,49.075,43.250,39.319,38.143,35.687,31.295
11.020,10.913,7.548,6.342,8.685,15.259,23.881,34.943,38.290,36.065,35.006,37.122,37.342,37.899,40.405,42.772,45.839,51.480,50.837,46.854,42.289,39.773,37.481,34.824
12.971,12.808,9.408,8.187,10.551,17.058,25.358,36.228,39.686,37.616,36.615,38.727,38.774,39.239,41.730,44.002,47.074,52.641,52.006,48.702,43.973,41.114,38.921,36.772
14.779,14.563,11.101,9.744,12.246,18.694,26.556,37.189,40.890,39.042,38.052,40.109,39.863,40.080,42.644,44.921,48.013,53.537,52.904,50.510,45.499,42.306,40.326,38.739
15.622,15.427,11.944,10.628,13.102,19.362,27.120,37.654,41.184,39.483,38.521,40.455,40.163,40.348,42.903,45.287,48.365,53.764,53.210,50.767,45.878,42.842,40.888,39.185
16.408,16.224,12.743,11.410,13.898,20.050,27.680,38.098,41.585,39.977,39.017,40.872,40.522,40.640,43.206,45.652,48.712,54.041,53.521,51.155,46.301,43.346,41.453,39.735
17.059,16.865,13.364,12.126,14.537,20.600,28.205,38.604,41.963,40.420,39.520,41.359,41.016,41.200,43.709,46.125,49.186,54.435,53.957,51.595,46.812,43.810,41.867,40.197
17.492,17.308,13.830,12.509,14.984,21.033,28.540,38.847,42.280,40.756,39.816,41.616,41.221,41.305,43.860,46.325,49.368,54.619,54.130,51.863,47.047,44.115,42.258,40.580
17.768,17.572,14.076,12.784,15.240,21.273,28.756,39.061,42.479,40.984,40.070,41.876,41.465,41.567,44.104,46.543,49.594,54.826,54.347,52.163,47.334,44.324,42.455,40.861
18.121,17.902,14.418,13.219,15.587,21.608,29.093,39.381,42.741,41.229,40.371,42.232,41.867,42.073,44.532,46.845,49.887,55.080,54.601,52.456,47.659,44.509,42.573,41.119
18.428,18.196,14.740,13.557,15.900,21.939,29.401,39.650,43.034,41.487,40.640,42.541,42.197,42.432,44.860,47.095,50.122,55.312,54.811,52.729,47.923,44.696,42.753,41.394
18.669,18.436,15.025,13.856,16.171,22.215,29.682,39.887,43.267,41.668,40.821,42.749,42.451,42.721,45.120,47.297,50.297,55.479,54.959,52.729,48.055,44.838,42.883,41.487
18.934,18.704,15.337,14.254,16.477,22.460,29.942,40.093,43.354,41.729,40.918,42.856,42.636,43.000,45.326,47.434,50.400,55.517,55.008,52.826,48.080,44.900,42.889,41.523
19.217,18.984,15.631,14.579,16.769,22.712,30.159,40.261,43.483,41.871,41.079,43.014,42.802,43.189,45.486,47.562,50.514,55.593,55.091,52.829,48.214,45.021,43.003,41.634
19.501,19.284,15.959,14.877,17.084,22.983,30.383,40.412,43.621,42.021,41.209,43.103,42.886,43.231,45.541,47.657,50.586,55.640,55.142,52.839,48.263,45.181,43.203,41.754
19.770,19.536,16.247,15.190,17.361,23.263,30.612,40.569,43.797,42.167,41.374,43.310,43.112,43.491,45.759,47.776,50.682,55.716,55.197,52.989,48.410,45.236,43.253,41.932
19.972,19.734,16.460,15.400,17.567,23.469,30.788,40.710,43.956,42.319,41.528,43.474,43.275,43.652,45.911,47.899,50.796,55.825,55.296,53.126,48.553,45.350,43.375,42.104
20.152,19.921,16.703,15.613,17.786,23.698,30.993,40.843,44.122,42.431,41.614,43.570,43.400,43.759,46.021,47.984,50.846,55.878,55.322,53.140,48.561,45.420,43.472,42.166
20.291,20.059,16.816,15.726,17.908,23.810,31.100,40.971,44.243,42.586,41.774,43.715,43.498,43.765,46.078,48.129,51.006,56.035,55.493,53.328,48.749,45.595,43.649,42.353
20.501,20.293,17.049,15.896,18.135,23.988,31.230,41.056,44.329,42.719,41.871,43.737,43.520,43.818,46.127,48.180,51.050,56.058,55.529,53.331,48.780,45.783,43.904,42.477
20.680,20.474,17.259,16.103,18.334,24.164,31.367,41.132,44.399,42.783,41.932,43.793,43.562,43.873,46.140,48.212,51.061,56.069,55.544,53.343,48.792,45.822,43.957,42.530
20.744,20.529,17.315,16.159,18.392,24.250,31.482,41.280,44.563,42.930,42.077,43.953,43.729,43.995,46.306,48.385,51.241,56.259,55.722,53.515,48.960,45.970,44.094,42.671
20.755,20.536,17.331,16.203,18.402,24.334,31.618,41.445,44.769,43.054,42.214,44.171,43.999,44.319,46.596,48.561,51.378,56.401,55.815,53.677,49.111,46.025,44.104,42.781
21.043,20.824,17.675,16.507,18.723,24.619,31.805,41.507,44.859,43.143,42.283,44.218,44.033,44.334,46.608,48.577,51.431,56.481,55.908,53.715,49.134,46.061,44.198,42.882
21.144,20.928,17.772,16.611,18.824,24.707,31.903,41.616,44.945,43.242,42.383,44.306,44.121,44.408,46.688,48.672,51.492,56.506,55.933,53.760,49.210,46.185,44.317,42.967
21.322,21.109,17.963,16.791,19.010,24.864,32.014,41.677,45.004,43.318,42.457,44.360,44.161,44.426,46.707,48.701,51.510,56.509,55.934,53.792,49.251,46.250,44.407,43.058
21.447,21.225,18.090,16.958,19.137,25.000,32.165,41.828,45.137,43.426,42.585,44.523,44.356,44.673,46.919,48.847,51.651,56.639,56.059,53.917,49.390,46.327,44.449,43.157
21.590,21.369,18.248,17.123,19.291,25.133,32.281,41.912,45.204,43.494,42.656,44.589,44.429,44.750,46.986,48.906,51.698,56.669,56.091,53.937,49.433,46.388,44.513,43.214
21.730,21.502,18.390,17.267,19.429,25.281,32.411,42.024,45.336,43.616,42.783,44.731,44.571,44.898,47.124,49.014,51.802,56.773,56.186,54.082,49.563,46.477,44.603,43.358
21.789,21.562,18.463,17.320,19.495,25.369,32.499,42.105,45.448,43.706,42.860,44.818,44.662,44.978,47.212,49.094,51.877,56.865,56.263,54.164,49.632,46.549,44.687,43.442
21.882,21.646,18.558,17.415,19.586,25.484,32.605,42.200,45.576,43.809,42.967,44.953,44.803,45.125,47.353,49.191,51.971,56.968,56.350,54.304,49.749,46.608,44.744,43.566
21.941,21.711,18.631,17.461,19.652,25.553,32.662,42.241,45.637,43.868,43.009,44.984,44.826,45.130,47.365,49.225,51.999,57.003,56.381,54.331,49.770,46.669,44.827,43.620
22.029,21.795,18.703,17.578,19.734,25.621,32.756,42.360,45.707,43.945,43.110,45.093,44.953,45.297,47.511,49.350,52.130,57.117,56.507,54.426,49.891,46.760,44.881,43.684
22.109,21.868,18.769,17.665,19.805,25.708,32.870,42.503,45.844,44.071,43.248,45.251,45.124,45.497,47.698,49.512,52.299,57.293,56.681,54.597,50.057,46.883,44.980,43.809
22.209,21.968,18.870,17.753,19.904,25.807,32.951,42.572,45.930,44.161,43.333,45.333,45.193,45.550,47.759,49.578,52.364,57.360,56.746,54.691,50.140,46.964,45.075,43.916
22.292,22.056,18.978,17.816,20.000,25.926,33.055,42.652,46.062,44.270,43.414,45.413,45.268,45.588,47.819,49.650,52.426,57.444,56.811,54.765,50.193,47.054,45.197,44.018
22.454,22.222,19.155,17.966,20.169,26.089,33.183,42.743,46.177,44.389,43.521,45.508,45.348,45.634,47.878,49.722,52.490,57.506,56.869,54.856,50.275,47.158,45.331,44.153
22.531,22.288,19.226,18.049,20.239,26.185,33.286,42.854,46.307,44.497,43.638,45.656,45.508,45.819,48.047,49.844,52.613,57.639,56.989,55.015,50.415,47.231,45.388,44.275
22.671,22.426,19.359,18.223,20.379,26.297,33.406,42.976,46.376,44.580,43.742,45.760,45.625,45.951,48.175,49.957,52.725,57.726,57.090,55.088,50.521,47.326,45.457,44.347
22.754,22.518,19.463,18.264,20.472,26.409,33.493,43.039,46.502,44.695,43.822,45.824,45.667,45.962,48.194,50.015,52.778,57.803,57.152,55.169,50.573,47.434,45.614,44.467
22.787,22.552,19.525,18.265,20.516,26.500,33.559,43.073,46.628,44.781,43.873,45.891,45.724,45.971,48.231,50.045,52.797,57.860,57.176,55.247,50.603,47.471,45.694,44.565
22.885,22.644,19.604,18.396,20.605,26.579,33.668,43.212,46.715,44.873,43.994,46.026,45.880,46.172,48.410,50.195,52.953,57.999,57.327,55.371,50.751,47.574,45.754,44.647
23.054,22.815,19.779,18.561,20.778,26.726,33.778,43.287,46.786,44.965,44.084,46.095,45.934,46.203,48.447,50.248,53.000,58.030,57.365,55.432,50.819,47.666,45.865,44.755
23.134,22.896,19.870,18.623,20.862,26.828,33.863,43.355,46.897,45.062,44.166,46.181,46.010,46.234,48.512,50.313,53.061,58.106,57.427,55.529,50.892,47.740,45.962,44.864
23.233,22.998,19.964,18.698,20.956,26.913,33.931,43.419,46.968,45.155,44.250,46.246,46.043,46.255,48.522,50.377,53.129,58.174,57.501,55.591,50.974,47.846,46.086,44.973
23.360,23.139,20.100,18.827,21.094,27.003,34.009,43.481,46.986,45.208,44.297,46.247,46.054,46.270,48.544,50.416,53.164,58.185,57.534,55.620,50.984,47.950,46.206,45.001
23.474,23.253,20.208,18.943,21.205,27.097,34.091,43.557,47.047,45.287,44.382,46.323,46.111,46.300,48.586,50.486,53.236,58.245,57.602,55.671,51.069,48.035,46.291,45.092
23.586,23.365,20.310,19.042,21.310,27.189,34.167,43.629,47.116,45.378,44.475,46.404,46.175,46.352,48.644,50.559,53.313,58.315,57.679,55.775,51.168,48.132,46.396,45.204
23.657,23.439,20.373,19.104,21.377,27.257,34.251,43.735,47.215,45.483,44.578,46.498,46.267,46.441,48.741,50.677,53.437,58.444,57.814,55.884,51.278,48.260,46.522,45.300
23.818,23.604,20.537,19.247,21.539,27.408,34.379,43.847,47.337,45.621,44.706,46.609,46.360,46.504,48.819,50.780,53.540,58.545,57.918,56.008,51.396,48.402,46.686,45.452
23.927,23.716,20.639,19.346,21.645,27.499,34.466,43.938,47.415,45.719,44.803,46.689,46.428,46.561,48.884,50.871,53.635,58.634,58.017,56.099,51.492,48.522,46.810,45.553
24.077,23.872,20.770,19.478,21.785,27.609,34.569,44.054,47.502,45.850,44.937,46.791,46.506,46.621,48.957,50.992,53.767,58.752,58.157,56.234,51.634,48.694,46.988,45.697
24.142,23.942,20.844,19.524,21.855,27.700,34.670,44.163,47.641,45.974,45.043,46.896,46.609,46.702,49.057,51.110,53.885,58.892,58.287,56.350,51.735,48.821,47.130,45.810
24.301,24.096,20.975,19.689,21.998,27.817,34.789,44.300,47.735,46.101,45.193,47.038,46.744,46.857,49.199,51.254,54.040,59.025,58.441,56.513,51.910,48.968,47.257,45.956
24.380,24.168,21.061,19.741,22.075,27.942,34.902,44.404,47.914,46.246,45.322,47.194,46.894,46.988,49.341,51.369,54.152,59.171,58.559,56.702,52.049,49.063,47.371,46.127
24.485,24.270,21.184,19.848,22.187,28.078,35.023,44.501,48.051,46.355,45.422,47.315,47.020,47.059,49.440,51.459,54.232,59.263,58.632,56.811,52.139,49.130,47.450,46.244
24.641,24.442,21.356,19.987,22.356,28.209,35.127,44.576,48.113,46.449,45.496,47.339,47.021,47.110,49.461,51.509,54.277,59.295,58.678,56.818,52.167,49.266,47.622,46.323
24.735,24.533,21.456,20.079,22.451,28.317,35.220,44.653,48.215,46.539,45.583,47.437,47.119,47.153,49.532,51.582,54.346,59.369,58.741,56.917,52.252,49.328,47.691,46.426
24.845,24.638,21.553,20.187,22.553,28.429,35.349,44.804,48.364,46.685,45.735,47.601,47.287,47.336,49.710,51.748,54.518,59.547,58.919,57.098,52.427,49.474,47.823,46.576
24.940,24.722,21.665,20.289,22.653,28.569,35.473,44.900,48.517,46.792,45.840,47.746,47.444,47.502,49.864,51.839,54.597,59.644,58.987,57.233,52.530,49.512,47.866,46.702
25.080,24.859,21.791,20.428,22.784,28.685,35.576,45.001,48.602,46.898,45.956,47.857,47.546,47.607,49.963,51.938,54.701,59.734,59.086,57.359,52.657,49.620,47.971,46.829
25.229,25.003,21.929,20.564,22.924,28.830,35.706,45.130,48.748,47.050,46.113,48.021,47.697,47.755,50.111,52.074,54.840,59.876,59.226,57.556,52.831,49.753,48.108,47.014
25.264,25.041,21.976,20.604,22.967,28.900,35.813,45.259,48.888,47.159,46.210,48.131,47.827,47.893,50.253,52.215,54.980,60.036,59.375,57.647,52.926,49.869,48.216,47.084
25.378,25.152,22.106,20.697,23.085,29.058,35.954,45.379,49.078,47.315,46.348,48.288,47.981,48.022,50.395,52.336,55.095,60.179,59.492,57.819,53.057,49.979,48.351,47.258
25.452,25.224,22.206,20.763,23.171,29.179,36.059,45.455,49.216,47.413,46.426,48.387,48.085,48.108,50.488,52.404,55.150,60.257,59.542,57.906,53.116,50.029,48.424,47.358
25.488,25.265,22.254,20.816,23.217,29.252,36.187,45.618,49.375,47.535,46.541,48.518,48.248,48.294,50.672,52.583,55.328,60.455,59.732,58.005,53.230,50.169,48.542,47.423
25.593,25.369,22.351,20.915,23.317,29.350,36.288,45.728,49.482,47.650,46.657,48.631,48.356,48.401,50.781,52.699,55.449,60.576,59.857,58.134,53.356,50.291,48.663,47.544
25.664,25.432,22.431,20.987,23.389,29.460,36.397,45.829,49.627,47.758,46.762,48.770,48.506,48.561,50.933,52.805,55.550,60.696,59.954,58.273,53.468,50.351,48.723,47.662
25.757,25.524,22.515,21.096,23.479,29.550,36.515,45.972,49.745,47.874,46.890,48.905,48.655,48.737,51.098,52.959,55.709,60.853,60.116,58.403,53.611,50.480,48.828,47.764
25.782,25.558,22.557,21.096,23.514,29.632,36.643,46.136,49.956,48.043,47.027,49.049,48.810,48.870,51.260,53.149,55.901,61.089,60.334,58.557,53.745,50.665,49.024,47.890
25.960,25.741,22.718,21.269,23.685,29.767,36.775,46.280,50.056,48.186,47.178,49.170,48.915,48.970,51.364,53.293,56.054,61.222,60.491,58.693,53.901,50.851,49.207,48.036
26.061,25.843,22.813,21.322,23.778,29.881,36.871,46.378,50.206,48.341,47.313,49.298,49.013,49.022,51.447,53.405,56.172,61.363,60.625,58.879,54.045,51.000,49.388,48.222
26.124,25.902,22.875,21.387,23.839,29.976,37.004,46.543,50.388,48.491,47.462,49.472,49.206,49.235,51.656,53.593,56.364,61.578,60.827,59.059,54.213,51.144,49.515,48.356
26.242,26.023,22.995,21.480,23.956,30.119,37.155,46.706,50.588,48.678,47.633,49.646,49.374,49.381,51.821,53.771,56.546,61.783,61.022,59.261,54.390,51.329,49.713,48.544
26.316,26.094,23.083,21.547,24.035,30.242,37.290,46.844,50.775,48.824,47.764,49.804,49.544,49.550,51.995,53.918,56.689,61.956,61.171,59.420,54.523,51.442,49.832,48.682
26.483,26.275,23.233,21.682,24.195,30.364,37.413,46.991,50.888,48.990,47.922,49.910,49.618,49.585,52.060,54.073,56.857,62.114,61.358,59.562,54.680,51.682,50.088,48.845
26.597,26.385,23.355,21.783,24.310,30.510,37.551,47.119,51.065,49.143,48.065,50.072,49.778,49.734,52.215,54.206,56.988,62.265,61.490,59.740,54.826,51.799,50.218,49.014
26.772,26.566,23.496,21.947,24.469,30.635,37.709,47.333,51.214,49.342,48.276,50.248,49.942,49.902,52.392,54.443,57.246,62.508,61.767,59.952,55.064,52.076,50.475,49.201
26.832,26.624,23.558,22.027,24.532,30.729,37.856,47.519,51.397,49.488,48.426,50.426,50.153,50.151,52.628,54.651,57.456,62.736,61.985,60.114,55.231,52.223,50.591,49.310
27.031,26.816,23.721,22.271,24.715,30.898,38.094,47.827,51.616,49.717,48.697,50.713,50.474,50.555,52.991,54.986,57.808,63.068,62.341,60.392,55.551,52.494,50.789,49.509
27.209,26.995,23.867,22.403,24.872,31.065,38.279,48.063,51.862,49.988,48.962,50.966,50.700,50.759,53.221,55.260,58.103,63.381,62.664,60.729,55.858,52.799,51.098,49.803
27.336,27.116,23.947,22.492,24.968,31.206,38.491,48.377,52.186,50.311,49.291,51.312,51.043,51.120,53.594,55.646,58.522,63.837,63.124,61.176,56.267,53.156,51.424,50.134
27.474,27.250,24.067,22.600,25.093,31.395,38.739,48.697,52.551,50.640,49.611,51.663,51.403,51.489,53.976,56.021,58.914,64.278,63.549,61.591,56.639,53.488,51.739,50.458
27.599,27.361,24.163,22.706,25.194,31.524,38.870,48.852,52.733,50.820,49.804,51.884,51.615,51.716,54.195,56.205,59.111,64.488,63.752,61.876,56.883,53.637,51.876,50.685
27.643,27.405,24.216,22.738,25.242,31.688,39.163,49.253,53.202,51.186,50.143,52.286,52.070,52.203,54.696,56.681,59.599,65.063,64.287,62.299,57.267,54.007,52.212,50.973
28.048,27.795,24.479,23.121,25.566,31.966,39.534,49.806,53.606,51.708,50.743,52.866,52.622,52.838,55.307,57.336,60.327,65.759,65.060,63.058,58.035,54.657,52.759,51.551
28.304,28.065,24.690,23.361,25.803,32.154,39.779,50.136,53.841,52.013,51.060,53.128,52.869,53.088,55.574,57.701,60.723,66.137,65.488,63.367,58.386,55.086,53.160,51.825
28.402,28.147,24.789,23.372,25.885,32.381,40.020,50.410,54.308,52.389,51.392,53.534,53.261,53.435,55.963,58.040,61.071,66.590,65.873,63.897,58.776,55.364,53.475,52.258
28.579,28.323,24.951,23.597,26.060,32.572,40.313,50.788,54.620,52.673,51.700,53.871,53.653,53.910,56.405,58.454,61.497,67.020,66.312,64.202,59.121,55.690,53.729,52.471
28.967,28.706,25.279,23.948,26.411,32.947,40.758,51.342,55.157,53.232,52.273,54.449,54.221,54.499,57.004,59.080,62.161,67.708,67.017,64.889,59.782,56.304,54.305,53.043
29.418,29.172,25.684,24.399,26.846,33.371,41.318,52.054,55.763,53.868,52.922,55.068,54.861,55.182,57.698,59.862,62.981,68.537,67.889,65.544,60.487,57.089,55.024,53.591
29.801,29.557,26.007,24.676,27.187,33.784,41.817,52.695,56.463,54.576,53.605,55.748,55.505,55.787,58.364,60.611,63.779,69.410,68.764,66.409,61.271,57.866,55.802,54.318
30.215,29.958,26.361,24.987,27.553,34.302,42.450,53.495,57.392,55.443,54.448,56.659,56.407,56.685,59.307,61.550,64.768,70.517,69.835,67.526,62.255,58.729,56.644,55.217
30.545,30.222,26.628,25.234,27.814,34.880,43.158,54.374,58.563,56.404,55.410,57.863,57.658,58.028,60.629,62.616,65.876,71.817,71.009,68.984,63.454,59.466,57.314,56.293
31.245,30.893,27.150,25.956,28.415,35.550,44.141,55.737,59.750,57.603,56.714,59.246,59.116,59.714,62.249,64.197,67.562,73.541,72.791,70.560,65.041,60.830,58.444,57.436
32.464,32.117,28.125,27.203,29.516,36.417,45.192,57.105,60.650,58.810,58.081,60.471,60.302,61.062,63.545,65.692,69.181,75.012,74.476,71.973,66.630,62.425,59.833,58.637
33.543,33.150,28.935,27.940,30.400,37.854,47.208,59.892,63.784,61.728,60.947,63.586,63.435,64.276,66.900,69.061,72.769,79.034,78.404,75.858,70.089,65.454,62.685,61.578
37.366,37.057,31.869,30.723,33.684,41.337,51.610,65.987,69.720,68.341,67.495,69.721,69.049,69.550,72.785,76.270,80.610,87.313,87.071,84.014,77.775,73.401,70.476,68.386
