11.263,12.453,15.119,11.615,15.195,16.111,23.242,32.569,31.528,30.220,26.670,24.373,21.982,17.849,16.140,17.642,19.499,25.621,29.391,41.426,40.033,30.832,26.226,18.121
15.636,16.036,17.130,15.852,17.544,19.867,27.164,35.899,35.735,33.198,31.048,28.561,25.926,22.581,20.401,21.184,23.472,28.709,32.175,41.450,40.830,33.263,29.784,23.632
18.016,17.790,17.891,17.730,18.692,21.431,28.545,36.793,37.121,34.338,32.079,29.928,27.327,24.692,22.128,23.264,25.004,29.878,33.379,41.513,40.980,34.607,31.710,26.257
19.232,18.298,18.085,18.430,18.724,21.998,28.888,37.046,37.563,34.789,32.092,29.961,27.344,25.642,22.865,24.143,25.137,30.155,33.773,41.519,41.011,35.056,32.969,28.103
20.447,18.993,18.086,19.317,19.086,22.797,29.441,37.561,38.117,35.416,32.235,30.075,27.565,26.626,23.798,25.005,25.458,30.657,34.312,41.596,41.021,35.552,34.181,29.837
21.067,19.354,18.157,19.793,19.244,23.217,29.779,37.865,38.484,35.743,32.287,30.260,27.763,27.178,24.301,25.442,25.695,30.932,34.591,41.919,41.275,35.796,34.778,30.746
21.574,19.865,18.687,20.258,19.756,23.606,30.023,37.924,38.557,35.905,32.409,30.504,28.064,27.517,24.655,25.901,26.049,31.181,34.805,41.939,41.377,36.044,35.024,31.014
22.228,20.751,19.864,21.047,20.831,24.335,30.510,38.187,38.671,36.249,32.813,30.977,28.652,27.939,25.273,26.502,26.697,31.716,35.211,41.996,41.437,36.420,35.240,31.125
22.530,20.998,20.020,21.331,21.005,24.569,30.695,38.290,38.812,36.359,32.970,31.147,28.832,28.203,25.530,26.720,26.897,31.854,35.315,42.003,41.670,36.501,35.418,31.444
22.880,21.410,20.455,21.686,21.413,24.866,30.993,38.441,39.052,36.551,33.409,31.594,29.271,28.526,25.802,27.116,27.346,32.127,35.568,42.118,41.800,36.804,35.586,31.580
23.166,21.717,20.824,21.974,21.766,25.142,31.171,38.574,39.123,36.727,33.485,31.709,29.433,28.714,26.051,27.367,27.534,32.334,35.753,42.313,41.934,36.984,35.780,31.756
23.401,21.938,20.973,22.178,21.952,25.314,31.353,38.691,39.308,36.870,33.728,31.958,29.671,28.940,26.224,27.619,27.777,32.499,35.923,42.389,42.168,37.189,35.954,31.940
23.666,22.093,21.008,22.380,21.963,25.476,31.587,38.888,39.644,37.048,34.056,32.265,29.929,29.272,26.442,27.860,28.027,32.658,36.097,42.419,42.284,37.376,36.220,32.355
23.924,22.365,21.221,22.654,22.207,25.720,31.842,39.082,39.886,37.235,34.382,32.581,30.234,29.542,26.691,28.111,28.332,32.879,36.295,42.517,42.488,37.573,36.393,32.569
24.160,22.667,21.574,22.925,22.534,25.960,32.058,39.211,40.029,37.379,34.656,32.859,30.522,29.748,26.908,28.354,28.628,33.084,36.468,42.677,42.721,37.752,36.493,32.651
24.299,22.759,21.574,23.047,22.556,26.069,32.217,39.366,40.250,37.509,34.874,33.056,30.689,29.940,27.048,28.482,28.786,33.201,36.589,42.698,42.807,37.870,36.648,32.883
24.428,22.842,21.609,23.139,22.605,26.146,32.273,39.402,40.305,37.564,34.898,33.095,30.733,30.044,27.134,28.589,28.840,33.251,36.645,42.707,42.816,37.934,36.761,33.037
24.624,23.024,21.778,23.318,22.775,26.301,32.387,39.466,40.376,37.654,34.984,33.200,30.853,30.194,27.287,28.759,28.975,33.361,36.744,42.743,42.880,38.038,36.887,33.189
24.756,23.113,21.795,23.420,22.808,26.385,32.501,39.559,40.531,37.747,35.140,33.351,30.984,30.350,27.390,28.891,29.103,33.448,36.841,42.762,42.975,38.148,37.018,33.369
24.879,23.228,21.876,23.535,22.893,26.482,32.614,39.639,40.654,37.827,35.302,33.508,31.129,30.484,27.494,29.016,29.247,33.540,36.930,42.800,43.082,38.247,37.107,33.484
25.066,23.459,22.170,23.733,23.165,26.664,32.748,39.716,40.713,37.938,35.425,33.651,31.296,30.614,27.649,29.208,29.429,33.690,37.064,42.957,43.260,38.393,37.203,33.537
25.195,23.596,22.334,23.876,23.324,26.811,32.847,39.820,40.767,38.044,35.456,33.695,31.363,30.707,27.788,29.305,29.505,33.802,37.160,43.061,43.283,38.467,37.310,33.653
25.312,23.697,22.401,23.973,23.397,26.890,32.938,39.878,40.869,38.113,35.583,33.823,31.481,30.826,27.873,29.429,29.626,33.879,37.241,43.096,43.392,38.567,37.402,33.761
25.468,23.888,22.660,24.153,23.638,27.068,33.041,39.957,40.882,38.211,35.609,33.872,31.567,30.915,28.027,29.554,29.729,34.004,37.340,43.222,43.439,38.647,37.486,33.829
25.578,24.008,22.799,24.258,23.770,27.166,33.117,40.008,40.930,38.282,35.674,33.950,31.655,30.997,28.114,29.667,29.824,34.088,37.423,43.308,43.542,38.739,37.563,33.887
25.735,24.180,22.999,24.426,23.962,27.333,33.254,40.138,41.032,38.418,35.780,34.064,31.784,31.127,28.273,29.811,29.960,34.235,37.559,43.457,43.655,38.867,37.693,34.011
25.831,24.272,23.057,24.534,24.027,27.441,33.404,40.299,41.222,38.550,35.983,34.245,31.944,31.272,28.397,29.909,30.108,34.361,37.683,43.555,43.774,38.981,37.808,34.157
25.933,24.393,23.216,24.635,24.175,27.538,33.467,40.339,41.243,38.615,36.022,34.300,32.016,31.335,28.476,30.016,30.190,34.442,37.760,43.656,43.877,39.069,37.875,34.190
26.048,24.499,23.322,24.737,24.282,27.639,33.560,40.429,41.332,38.717,36.098,34.385,32.105,31.436,28.575,30.133,30.282,34.541,37.865,43.762,43.986,39.182,37.992,34.301
26.182,24.645,23.490,24.871,24.444,27.771,33.678,40.536,41.431,38.836,36.201,34.504,32.231,31.552,28.698,30.273,30.412,34.669,37.992,43.905,44.135,39.315,38.109,34.396
26.324,24.787,23.660,25.014,24.610,27.916,33.761,40.618,41.458,38.935,36.210,34.517,32.275,31.638,28.832,30.380,30.471,34.772,38.084,44.005,44.152,39.391,38.225,34.515
26.425,24.894,23.748,25.128,24.698,28.017,33.875,40.708,41.574,39.011,36.359,34.665,32.413,31.758,28.940,30.474,30.606,34.863,38.162,44.041,44.221,39.462,38.289,34.611
26.557,25.046,23.932,25.281,24.873,28.171,33.999,40.827,41.660,39.130,36.452,34.762,32.525,31.867,29.086,30.586,30.725,34.994,38.275,44.168,44.298,39.559,38.391,34.713
26.654,25.118,23.968,25.357,24.930,28.250,34.087,40.927,41.771,39.233,36.532,34.844,32.602,31.969,29.172,30.686,30.801,35.082,38.377,44.259,44.397,39.667,38.518,34.846
26.737,25.156,23.979,25.408,24.937,28.310,34.182,41.057,41.925,39.358,36.630,34.936,32.678,32.082,29.249,30.780,30.869,35.174,38.494,44.312,44.519,39.797,38.677,35.016
26.818,25.230,23.995,25.491,24.969,28.367,34.257,41.086,42.008,39.378,36.769,35.064,32.791,32.182,29.318,30.851,30.980,35.214,38.521,44.366,44.537,39.823,38.700,35.093
26.918,25.340,24.121,25.585,25.088,28.449,34.317,41.104,42.012,39.426,36.790,35.126,32.870,32.253,29.389,30.954,31.068,35.279,38.582,44.370,44.623,39.897,38.754,35.133
27.019,25.435,24.236,25.661,25.198,28.516,34.336,41.113,42.037,39.457,36.826,35.134,32.885,32.294,29.442,31.051,31.098,35.320,38.627,44.417,44.673,39.959,38.821,35.177
27.137,25.517,24.298,25.741,25.271,28.601,34.418,41.202,42.113,39.574,36.838,35.186,32.947,32.399,29.530,31.176,31.164,35.415,38.745,44.538,44.798,40.095,38.982,35.328
27.228,25.605,24.373,25.825,25.346,28.671,34.484,41.238,42.170,39.619,36.921,35.273,33.033,32.482,29.600,31.265,31.253,35.472,38.798,44.559,44.860,40.156,39.037,35.395
27.320,25.699,24.473,25.908,25.443,28.746,34.550,41.285,42.225,39.682,36.989,35.349,33.112,32.558,29.669,31.365,31.337,35.543,38.872,44.631,44.959,40.242,39.109,35.454
27.405,25.798,24.548,26.004,25.528,28.828,34.647,41.350,42.321,39.741,37.140,35.491,33.244,32.657,29.753,31.453,31.466,35.621,38.938,44.667,45.047,40.310,39.151,35.511
27.485,25.841,24.562,26.071,25.530,28.890,34.726,41.436,42.431,39.812,37.224,35.567,33.309,32.759,29.835,31.513,31.528,35.679,38.998,44.669,45.051,40.360,39.247,35.662
27.591,25.933,24.636,26.156,25.620,28.964,34.771,41.457,42.452,39.858,37.239,35.600,33.353,32.829,29.904,31.612,31.583,35.731,39.053,44.706,45.101,40.427,39.326,35.741
27.690,26.032,24.757,26.255,25.738,29.067,34.840,41.531,42.492,39.942,37.254,35.627,33.398,32.897,30.000,31.694,31.636,35.815,39.133,44.800,45.144,40.499,39.418,35.828
27.774,26.110,24.836,26.329,25.817,29.138,34.899,41.583,42.541,40.005,37.297,35.679,33.455,32.965,30.069,31.776,31.697,35.879,39.199,44.863,45.210,40.570,39.495,35.901
27.868,26.183,24.877,26.408,25.868,29.223,35.018,41.722,42.705,40.135,37.442,35.814,33.574,33.090,30.164,31.885,31.808,35.991,39.326,44.984,45.357,40.706,39.634,36.047
27.995,26.339,25.039,26.557,26.021,29.358,35.165,41.834,42.841,40.240,37.646,36.007,33.760,33.230,30.297,32.018,31.992,36.121,39.440,45.081,45.500,40.820,39.710,36.128
28.084,26.389,25.050,26.607,26.045,29.404,35.226,41.899,42.937,40.320,37.711,36.078,33.822,33.322,30.351,32.121,32.053,36.183,39.525,45.145,45.611,40.929,39.832,36.252
28.185,26.490,25.152,26.689,26.144,29.474,35.291,41.933,42.992,40.378,37.790,36.167,33.913,33.403,30.414,32.238,32.149,36.252,39.601,45.215,45.738,41.028,39.906,36.305
28.263,26.546,25.174,26.740,26.173,29.514,35.349,41.973,43.074,40.429,37.880,36.258,33.993,33.488,30.460,32.331,32.228,36.301,39.663,45.245,45.839,41.113,39.984,36.389
28.359,26.619,25.217,26.810,26.224,29.575,35.421,42.032,43.162,40.501,37.964,36.347,34.074,33.585,30.526,32.436,32.310,36.368,39.742,45.298,45.940,41.210,40.083,36.495
28.494,26.789,25.405,26.974,26.401,29.732,35.589,42.178,43.319,40.634,38.183,36.554,34.276,33.734,30.678,32.577,32.508,36.523,39.881,45.437,46.107,41.343,40.177,36.586
28.611,26.936,25.600,27.095,26.581,29.846,35.668,42.225,43.348,40.708,38.247,36.635,34.374,33.809,30.772,32.703,32.616,36.620,39.972,45.555,46.236,41.446,40.244,36.613
28.687,27.014,25.689,27.173,26.668,29.928,35.741,42.304,43.414,40.789,38.302,36.693,34.438,33.877,30.850,32.776,32.681,36.700,40.051,45.647,46.308,41.522,40.324,36.686
28.775,27.098,25.755,27.260,26.736,30.006,35.825,42.373,43.500,40.854,38.406,36.794,34.533,33.971,30.933,32.860,32.777,36.771,40.118,45.685,46.370,41.590,40.393,36.775
28.886,27.224,25.918,27.365,26.890,30.109,35.892,42.422,43.528,40.931,38.439,36.846,34.604,34.040,31.019,32.976,32.857,36.860,40.207,45.801,46.482,41.690,40.476,36.822
29.009,27.349,26.049,27.498,27.021,30.249,36.034,42.580,43.671,41.078,38.570,36.973,34.731,34.170,31.161,33.092,32.983,37.002,40.346,45.950,46.599,41.817,40.614,36.964
29.127,27.480,26.207,27.624,27.173,30.383,36.153,42.708,43.775,41.209,38.668,37.075,34.842,34.276,31.287,33.210,33.095,37.133,40.475,46.109,46.727,41.943,40.734,37.065
29.223,27.561,26.284,27.713,27.255,30.476,36.232,42.800,43.850,41.304,38.707,37.120,34.895,34.360,31.383,33.292,33.152,37.218,40.562,46.195,46.775,42.023,40.845,37.185
29.293,27.612,26.292,27.773,27.273,30.528,36.315,42.878,43.968,41.373,38.834,37.236,34.993,34.459,31.448,33.367,33.243,37.282,40.631,46.225,46.853,42.098,40.924,37.291
29.395,27.695,26.339,27.858,27.328,30.612,36.438,43.007,44.135,41.495,39.001,37.393,35.130,34.593,31.543,33.487,33.372,37.393,40.756,46.332,47.014,42.237,41.055,37.429
29.492,27.828,26.502,27.988,27.479,30.736,36.550,43.098,44.214,41.578,39.128,37.515,35.258,34.685,31.659,33.576,33.502,37.499,40.841,46.422,47.092,42.307,41.103,37.477
29.567,27.885,26.540,28.048,27.523,30.793,36.610,43.157,44.285,41.642,39.184,37.574,35.315,34.760,31.721,33.652,33.560,37.558,40.907,46.471,47.156,42.380,41.187,37.569
29.654,27.942,26.546,28.116,27.542,30.857,36.704,43.255,44.421,41.731,39.311,37.691,35.415,34.875,31.801,33.741,33.653,37.634,40.993,46.517,47.241,42.473,41.296,37.709
29.767,28.082,26.723,28.238,27.707,30.976,36.808,43.340,44.495,41.829,39.416,37.804,35.536,34.968,31.905,33.865,33.778,37.748,41.102,46.652,47.388,42.589,41.379,37.760
29.885,28.208,26.852,28.375,27.835,31.116,36.945,43.485,44.626,41.959,39.547,37.929,35.662,35.094,32.048,33.968,33.903,37.880,41.222,46.768,47.468,42.690,41.493,37.891
30.020,28.361,27.050,28.510,28.021,31.244,37.015,43.525,44.630,42.030,39.560,37.967,35.728,35.167,32.156,34.090,33.985,37.971,41.303,46.867,47.540,42.774,41.572,37.945
30.180,28.515,27.203,28.674,28.176,31.413,37.175,43.699,44.788,42.197,39.694,38.101,35.867,35.325,32.328,34.235,34.125,38.133,41.461,47.024,47.657,42.919,41.742,38.129
30.283,28.602,27.274,28.777,28.254,31.518,37.268,43.804,44.880,42.295,39.758,38.165,35.935,35.425,32.440,34.314,34.196,38.223,41.547,47.090,47.682,42.990,41.851,38.268
30.428,28.724,27.380,28.884,28.366,31.622,37.385,43.916,45.020,42.431,39.875,38.301,36.065,35.564,32.544,34.486,34.327,38.349,41.697,47.243,47.896,43.172,42.020,38.411
30.546,28.818,27.474,28.969,28.463,31.706,37.435,43.962,45.052,42.508,39.885,38.314,36.095,35.639,32.622,34.598,34.368,38.418,41.779,47.326,47.968,43.268,42.141,38.519
30.718,28.974,27.610,29.136,28.606,31.875,37.610,44.148,45.241,42.687,40.044,38.481,36.257,35.820,32.799,34.762,34.529,38.588,41.951,47.483,48.115,43.436,42.331,38.728
30.881,29.136,27.782,29.304,28.778,32.048,37.760,44.307,45.374,42.846,40.155,38.597,36.385,35.967,32.969,34.908,34.661,38.745,42.102,47.640,48.223,43.575,42.493,38.896
31.120,29.445,28.164,29.602,29.136,32.354,38.063,44.609,45.639,43.129,40.482,38.912,36.706,36.214,33.258,35.155,34.977,39.053,42.385,47.983,48.531,43.837,42.699,39.066
31.313,29.671,28.453,29.796,29.409,32.554,38.239,44.776,45.780,43.323,40.640,39.086,36.895,36.371,33.434,35.373,35.172,39.258,42.595,48.261,48.811,44.066,42.879,39.176
31.474,29.755,28.455,29.904,29.441,32.671,38.387,44.970,46.004,43.514,40.768,39.213,37.005,36.559,33.577,35.533,35.276,39.402,42.773,48.401,48.957,44.255,43.136,39.469
31.608,29.882,28.560,30.042,29.550,32.807,38.541,45.127,46.176,43.657,40.944,39.379,37.161,36.715,33.723,35.662,35.428,39.542,42.911,48.516,49.080,44.386,43.275,39.632
31.789,30.109,28.851,30.270,29.825,33.043,38.730,45.317,46.301,43.838,41.084,39.523,37.330,36.867,33.943,35.815,35.604,39.744,43.082,48.725,49.192,44.524,43.414,39.762
32.040,30.415,29.263,30.533,30.208,33.307,38.915,45.472,46.387,44.039,41.195,39.669,37.519,37.031,34.166,36.072,35.812,39.975,43.302,49.026,49.452,44.754,43.599,39.865
32.278,30.696,29.600,30.791,30.527,33.564,39.159,45.698,46.596,44.275,41.452,39.930,37.789,37.251,34.404,36.329,36.084,40.233,43.552,49.322,49.759,45.012,43.803,40.021
32.440,30.901,29.802,30.995,30.719,33.753,39.392,45.895,46.838,44.442,41.796,40.246,38.082,37.463,34.597,36.504,36.364,40.430,43.727,49.469,49.977,45.178,43.911,40.147
32.621,31.114,30.063,31.202,30.968,33.965,39.576,46.080,46.982,44.627,41.952,40.407,38.259,37.622,34.795,36.677,36.546,40.627,43.910,49.689,50.148,45.348,44.069,40.284
32.908,31.473,30.484,31.496,31.358,34.230,39.853,46.264,47.220,44.851,42.344,40.806,38.652,37.891,35.027,37.036,36.941,40.907,44.189,50.001,50.636,45.682,44.252,40.376
33.124,31.681,30.693,31.715,31.572,34.464,40.087,46.532,47.465,45.108,42.549,41.007,38.855,38.114,35.266,37.243,37.142,41.148,44.432,50.263,50.844,45.912,44.507,40.635
33.422,32.002,31.056,32.038,31.926,34.802,40.405,46.875,47.760,45.441,42.830,41.289,39.150,38.403,35.595,37.531,37.437,41.481,44.755,50.631,51.139,46.216,44.814,40.925
33.653,32.188,31.178,32.235,32.069,35.010,40.682,47.194,48.130,45.748,43.154,41.596,39.425,38.693,35.825,37.794,37.695,41.747,45.057,50.925,51.487,46.538,45.145,41.260
33.922,32.466,31.492,32.531,32.377,35.314,40.918,47.443,48.301,45.992,43.284,41.740,39.602,38.916,36.123,38.005,37.886,41.997,45.279,51.154,51.575,46.718,45.387,41.529
34.158,32.684,31.635,32.767,32.533,35.535,41.214,47.724,48.666,46.240,43.698,42.121,39.942,39.227,36.369,38.254,38.209,42.244,45.528,51.328,51.852,46.971,45.625,41.822
34.421,32.972,31.933,33.036,32.823,35.791,41.488,47.964,48.939,46.486,44.037,42.455,40.267,39.498,36.618,38.545,38.531,42.511,45.793,51.595,52.197,47.255,45.851,42.025
34.782,33.431,32.429,33.484,33.291,36.220,41.977,48.398,49.418,46.870,44.698,43.073,40.855,39.929,37.041,38.933,39.100,42.953,46.192,51.989,52.683,47.637,46.114,42.289
35.105,33.702,32.599,33.738,33.486,36.471,42.377,48.814,49.985,47.286,45.283,43.625,41.336,40.362,37.319,39.365,39.548,43.328,46.635,52.418,53.355,48.160,46.557,42.696
35.570,34.073,32.880,34.145,33.806,36.914,42.886,49.432,50.621,47.882,45.763,44.091,41.773,40.891,37.798,39.841,39.968,43.840,47.201,52.989,53.890,48.733,47.214,43.375
36.000,34.442,33.222,34.517,34.163,37.286,43.208,49.762,50.931,48.252,45.977,44.339,42.043,41.262,38.172,40.247,40.255,44.186,47.568,53.336,54.198,49.114,47.669,43.840
36.511,34.904,33.662,34.980,34.620,37.778,43.724,50.348,51.510,48.849,46.450,44.817,42.514,41.785,38.671,40.785,40.721,44.729,48.156,53.973,54.814,49.724,48.309,44.445
37.046,35.339,33.988,35.431,34.983,38.231,44.231,50.891,52.122,49.404,46.965,45.332,43.002,42.354,39.155,41.341,41.200,45.229,48.709,54.473,55.389,50.315,48.955,45.118
37.626,35.751,34.216,35.943,35.283,38.795,44.885,51.723,52.970,50.167,47.547,45.881,43.506,43.047,39.796,41.878,41.678,45.860,49.397,55.097,55.881,50.968,49.816,46.107
38.477,36.454,34.814,36.750,35.939,39.665,45.731,52.756,53.901,51.152,48.155,46.490,44.128,43.916,40.721,42.620,42.300,46.723,50.289,55.966,56.434,51.782,50.902,47.316
40.034,37.603,35.475,38.221,36.794,41.321,47.734,55.352,56.517,53.448,50.052,48.223,45.701,45.922,42.612,44.064,43.760,48.631,52.335,57.901,57.905,53.662,53.334,50.123
