2.854,1.119,0.143,-1.109,-1.174,-3.370,-6.696,1.406,6.741,7.033,4.642,1.850,-1.520,-9.727,-15.254,-13.731,-11.596,-5.045,3.146,5.073,8.127,4.217,4.136,-2.475
10.666,8.254,6.842,6.482,6.742,4.794,2.353,8.910,13.533,14.521,12.790,10.347,7.131,0.681,-3.934,-3.213,-1.773,3.668,10.464,12.328,14.478,11.377,11.675,5.884
12.669,10.370,8.915,8.744,9.085,7.361,5.454,11.490,15.937,16.799,15.247,12.901,10.052,4.040,-0.495,-0.016,1.550,6.501,12.748,14.729,16.784,13.900,13.977,8.662
13.859,11.324,9.631,9.830,10.315,8.805,7.606,13.088,17.527,18.402,17.102,14.885,12.265,6.729,2.153,2.171,3.816,8.319,14.119,16.377,18.238,15.641,15.534,10.550
15.057,12.375,10.635,10.952,11.422,10.053,9.178,14.214,18.555,19.391,18.251,16.298,13.765,8.628,4.192,3.973,5.507,9.729,15.253,17.550,19.201,16.893,16.746,11.987
16.222,13.460,11.737,12.079,12.508,11.192,10.382,15.146,19.354,20.206,19.152,17.393,14.856,10.000,5.765,5.464,6.825,10.902,16.262,18.482,19.965,17.845,17.765,13.127
16.804,14.126,12.449,12.766,13.169,11.926,11.227,15.857,20.016,20.755,19.728,18.050,15.624,10.855,6.645,6.316,7.717,11.679,16.924,19.150,20.624,18.574,18.409,13.904
17.403,14.773,13.138,13.414,13.800,12.539,11.754,16.404,20.516,21.262,20.217,18.534,16.099,11.327,7.174,6.904,8.272,12.247,17.489,19.654,21.132,19.067,18.937,14.435
18.039,15.444,13.878,14.101,14.427,13.209,12.427,16.928,20.943,21.629,20.613,19.067,16.660,12.024,7.998,7.729,9.015,12.908,18.060,20.151,21.559,19.598,19.479,15.072
18.296,15.669,14.066,14.349,14.701,13.514,12.837,17.252,21.259,21.953,20.976,19.443,17.073,12.515,8.489,8.153,9.449,13.270,18.345,20.474,21.851,19.932,19.789,15.437
18.638,16.042,14.492,14.714,15.018,13.843,13.129,17.507,21.479,22.123,21.141,19.685,17.314,12.783,8.809,8.500,9.757,13.572,18.646,20.727,22.086,20.206,20.068,15.737
19.054,16.481,14.953,15.168,15.470,14.286,13.524,17.878,21.789,22.461,21.483,20.026,17.653,13.168,9.269,8.988,10.199,13.993,19.023,21.051,22.388,20.514,20.419,16.114
19.363,16.853,15.348,15.558,15.857,14.710,14.007,18.292,22.165,22.786,21.821,20.385,18.084,13.648,9.766,9.477,10.718,14.441,19.390,21.419,22.759,20.911,20.769,16.548
19.458,16.991,15.497,15.697,15.993,14.870,14.211,18.481,22.360,22.932,21.967,20.533,18.279,13.835,9.926,9.633,10.922,14.618,19.546,21.595,22.958,21.110,20.919,16.734
19.623,17.229,15.763,15.939,16.231,15.123,14.477,18.753,22.622,23.145,22.169,20.722,18.519,14.053,10.128,9.858,11.196,14.873,19.777,21.830,23.228,21.363,21.128,16.981
19.917,17.543,16.105,16.252,16.528,15.410,14.709,18.986,22.822,23.349,22.365,20.931,18.715,14.260,10.380,10.143,11.446,15.131,20.033,22.043,23.432,21.569,21.363,17.218
20.031,17.764,16.359,16.479,16.749,15.673,15.037,19.293,23.124,23.556,22.565,21.127,19.008,14.535,10.617,10.390,11.783,15.416,20.269,22.303,23.742,21.871,21.575,17.506
20.252,17.933,16.488,16.673,16.968,15.913,15.361,19.531,23.346,23.811,22.861,21.437,19.334,14.950,11.051,10.759,12.136,15.705,20.485,22.544,23.939,22.113,21.818,17.791
20.396,18.079,16.636,16.822,17.118,16.066,15.518,19.677,23.484,23.949,23.002,21.583,19.484,15.112,11.221,10.927,12.300,15.859,20.628,22.684,24.074,22.254,21.960,17.942
20.655,18.367,16.963,17.104,17.373,16.308,15.688,19.857,23.631,24.089,23.128,21.730,19.613,15.241,11.399,11.150,12.485,16.063,20.843,22.847,24.232,22.412,22.148,18.125
20.787,18.522,17.131,17.258,17.523,16.458,15.825,20.003,23.771,24.219,23.251,21.848,19.739,15.356,11.515,11.282,12.624,16.204,20.985,22.981,24.376,22.549,22.279,18.262
20.948,18.710,17.325,17.451,17.720,16.657,16.025,20.206,23.964,24.405,23.434,22.017,19.926,15.540,11.701,11.477,12.834,16.404,21.168,23.162,24.568,22.730,22.452,18.451
21.050,18.850,17.485,17.587,17.851,16.783,16.121,20.328,24.079,24.507,23.521,22.089,20.006,15.594,11.755,11.562,12.931,16.512,21.284,23.263,24.691,22.832,22.551,18.549
21.153,18.997,17.651,17.738,17.996,16.943,16.295,20.487,24.224,24.619,23.631,22.204,20.156,15.748,11.910,11.726,13.117,16.675,21.421,23.399,24.839,22.982,22.674,18.707
21.305,19.133,17.773,17.882,18.153,17.096,16.452,20.632,24.357,24.781,23.802,22.364,20.311,15.926,12.104,11.910,13.287,16.834,21.561,23.536,24.962,23.109,22.817,18.854
21.440,19.275,17.924,18.018,18.280,17.223,16.570,20.760,24.492,24.900,23.915,22.484,20.429,16.030,12.201,12.016,13.396,16.954,21.696,23.670,25.103,23.247,22.950,18.981
21.591,19.432,18.103,18.174,18.415,17.366,16.706,20.869,24.586,24.973,23.990,22.599,20.544,16.164,12.360,12.179,13.540,17.090,21.828,23.783,25.202,23.371,23.076,19.118
21.662,19.529,18.222,18.262,18.480,17.447,16.798,20.955,24.681,25.017,24.027,22.667,20.630,16.236,12.417,12.242,13.621,17.170,21.919,23.878,25.309,23.488,23.162,19.215
21.770,19.639,18.328,18.371,18.595,17.558,16.906,21.079,24.812,25.152,24.159,22.783,20.746,16.337,12.507,12.335,13.724,17.280,22.036,24.001,25.441,23.607,23.280,19.325
21.871,19.711,18.377,18.452,18.691,17.662,17.050,21.190,24.923,25.280,24.305,22.932,20.899,16.524,12.696,12.491,13.875,17.407,22.137,24.118,25.539,23.723,23.396,19.454
22.159,19.998,18.689,18.738,18.949,17.927,17.248,21.387,25.014,25.387,24.388,23.067,20.984,16.648,12.971,12.795,14.132,17.660,22.381,24.258,25.644,23.843,23.613,19.671
22.284,20.163,18.871,18.901,19.101,18.039,17.296,21.398,25.103,25.445,24.475,23.157,21.114,16.777,12.995,12.868,14.138,17.690,22.419,24.329,25.723,23.943,23.632,19.703
22.310,20.179,18.933,18.918,19.102,18.070,17.398,21.512,25.201,25.547,24.569,23.252,21.198,16.857,13.098,12.923,14.248,17.782,22.510,24.432,25.825,24.039,23.747,19.812
22.360,20.231,18.949,18.966,19.160,18.140,17.485,21.595,25.292,25.607,24.626,23.320,21.284,16.933,13.157,12.982,14.328,17.856,22.586,24.517,25.922,24.139,23.821,19.897
22.517,20.385,19.115,19.122,19.305,18.283,17.608,21.696,25.369,25.689,24.712,23.431,21.385,17.061,13.323,13.154,14.467,17.989,22.708,24.614,25.998,24.234,23.937,20.019
22.607,20.481,19.212,19.215,19.397,18.377,17.705,21.802,25.485,25.796,24.815,23.529,21.487,17.150,13.399,13.232,14.556,18.083,22.810,24.723,26.116,24.346,24.039,20.119
22.733,20.599,19.327,19.336,19.515,18.508,17.863,21.931,25.612,25.913,24.942,23.677,21.644,17.329,13.580,13.395,14.718,18.227,22.939,24.859,26.241,24.490,24.174,20.269
22.776,20.656,19.365,19.400,19.600,18.611,18.034,22.093,25.793,26.075,25.112,23.822,21.831,17.511,13.717,13.506,14.884,18.364,23.050,25.013,26.416,24.657,24.295,20.417
22.937,20.833,19.570,19.571,19.749,18.755,18.134,22.198,25.882,26.152,25.179,23.913,21.909,17.585,13.818,13.634,14.988,18.483,23.183,25.115,26.514,24.760,24.413,20.530
23.019,20.891,19.598,19.637,19.835,18.855,18.300,22.338,26.040,26.313,25.358,24.084,22.099,17.793,13.998,13.772,15.151,18.619,23.295,25.266,26.662,24.918,24.547,20.679
23.092,20.971,19.667,19.726,19.937,18.967,18.448,22.470,26.170,26.441,25.494,24.208,22.247,17.953,14.148,13.907,15.306,18.750,23.398,25.386,26.785,25.042,24.654,20.808
23.219,21.089,19.787,19.844,20.049,19.083,18.570,22.578,26.277,26.544,25.601,24.331,22.367,18.084,14.285,14.037,15.428,18.868,23.515,25.502,26.892,25.161,24.774,20.930
23.267,21.128,19.821,19.884,20.088,19.134,18.649,22.632,26.333,26.590,25.657,24.405,22.449,18.184,14.383,14.117,15.508,18.932,23.568,25.565,26.945,25.232,24.834,21.003
23.334,21.180,19.858,19.941,20.148,19.204,18.752,22.709,26.415,26.668,25.745,24.505,22.558,18.312,14.506,14.218,15.613,19.019,23.640,25.651,27.022,25.325,24.917,21.097
23.391,21.206,19.863,19.978,20.204,19.280,18.904,22.815,26.531,26.789,25.890,24.656,22.729,18.522,14.698,14.359,15.769,19.136,23.721,25.769,27.124,25.451,25.022,21.227
23.423,21.226,19.864,20.002,20.230,19.334,19.035,22.903,26.637,26.864,25.983,24.773,22.875,18.688,14.835,14.454,15.892,19.226,23.790,25.876,27.227,25.580,25.109,21.341
23.515,21.330,19.972,20.108,20.336,19.445,19.153,23.011,26.738,26.957,26.077,24.870,22.984,18.804,14.955,14.574,16.017,19.340,23.890,25.976,27.327,25.683,25.206,21.452
23.610,21.450,20.100,20.229,20.456,19.575,19.299,23.154,26.881,27.077,26.195,24.987,23.123,18.937,15.077,14.698,16.164,19.475,24.016,26.108,27.473,25.827,25.327,21.589
23.687,21.532,20.183,20.311,20.538,19.657,19.380,23.242,26.973,27.166,26.282,25.066,23.205,19.011,15.145,14.770,16.242,19.557,24.100,26.194,27.565,25.913,25.409,21.670
23.749,21.585,20.223,20.366,20.600,19.728,19.486,23.334,27.076,27.264,26.388,25.174,23.324,19.137,15.254,14.858,16.344,19.646,24.179,26.295,27.665,26.019,25.500,21.769
23.931,21.769,20.406,20.554,20.796,19.911,19.643,23.506,27.236,27.449,26.569,25.333,23.474,19.285,15.417,15.034,16.510,19.819,24.350,26.451,27.822,26.162,25.663,21.926
23.972,21.821,20.464,20.603,20.839,19.966,19.719,23.574,27.311,27.497,26.617,25.394,23.551,19.358,15.475,15.087,16.580,19.881,24.411,26.524,27.901,26.247,25.726,21.999
24.030,21.889,20.526,20.677,20.919,20.059,19.847,23.683,27.420,27.594,26.721,25.497,23.678,19.496,15.603,15.200,16.713,19.991,24.498,26.626,28.007,26.359,25.815,22.112
24.124,22.006,20.650,20.796,21.042,20.180,19.961,23.806,27.537,27.707,26.829,25.589,23.781,19.591,15.697,15.308,16.832,20.108,24.608,26.731,28.124,26.463,25.915,22.220
24.256,22.122,20.774,20.910,21.141,20.283,20.057,23.880,27.603,27.770,26.897,25.691,23.870,19.700,15.828,15.434,16.931,20.206,24.708,26.820,28.192,26.555,26.019,22.322
24.433,22.351,21.041,21.132,21.348,20.469,20.157,24.028,27.726,27.891,26.991,25.767,23.936,19.732,15.889,15.557,17.041,20.347,24.869,26.933,28.326,26.657,26.145,22.436
24.514,22.449,21.142,21.232,21.450,20.574,20.271,24.146,27.843,27.998,27.096,25.863,24.046,19.834,15.982,15.654,17.155,20.456,24.972,27.041,28.445,26.769,26.243,22.543
24.667,22.632,21.352,21.411,21.615,20.730,20.375,24.267,27.944,28.094,27.178,25.947,24.123,19.900,16.073,15.782,17.268,20.583,25.108,27.144,28.554,26.868,26.358,22.655
24.826,22.776,21.485,21.559,21.773,20.881,20.522,24.414,28.087,28.261,27.349,26.107,24.273,20.060,16.241,15.945,17.420,20.735,25.255,27.289,28.691,27.003,26.508,22.800
24.885,22.830,21.542,21.612,21.815,20.938,20.606,24.471,28.148,28.299,27.394,26.182,24.357,20.159,16.337,16.025,17.502,20.803,25.317,27.359,28.752,27.087,26.577,22.881
24.989,22.938,21.662,21.715,21.908,21.026,20.669,24.544,28.218,28.365,27.454,26.249,24.414,20.207,16.394,16.096,17.562,20.877,25.406,27.434,28.828,27.161,26.660,22.954
25.119,23.094,21.836,21.867,22.052,21.163,20.772,24.666,28.330,28.470,27.547,26.338,24.502,20.279,16.476,16.205,17.669,20.995,25.532,27.542,28.946,27.267,26.772,23.063
25.171,23.144,21.883,21.918,22.103,21.224,20.861,24.739,28.410,28.536,27.618,26.419,24.595,20.379,16.566,16.280,17.755,21.070,25.599,27.622,29.025,27.356,26.844,23.146
25.230,23.204,21.933,21.981,22.175,21.300,20.957,24.836,28.514,28.641,27.726,26.513,24.700,20.480,16.651,16.357,17.849,21.156,25.679,27.717,29.127,27.452,26.929,23.236
25.346,23.329,22.056,22.108,22.311,21.429,21.074,24.969,28.644,28.782,27.863,26.628,24.815,20.587,16.757,16.472,17.969,21.281,25.801,27.836,29.255,27.564,27.046,23.350
25.480,23.453,22.191,22.225,22.412,21.524,21.143,25.042,28.716,28.851,27.928,26.716,24.882,20.651,16.834,16.558,18.032,21.361,25.904,27.924,29.333,27.651,27.147,23.435
25.637,23.601,22.344,22.375,22.553,21.668,21.284,25.157,28.816,28.954,28.037,26.849,25.009,20.806,17.015,16.735,18.184,21.504,26.035,28.041,29.431,27.769,27.278,23.574
25.764,23.723,22.464,22.500,22.678,21.801,21.434,25.288,28.944,29.077,28.168,26.991,25.158,20.971,17.183,16.892,18.339,21.645,26.164,28.174,29.556,27.907,27.410,23.718
25.948,23.874,22.600,22.657,22.841,21.967,21.619,25.444,29.097,29.249,28.354,27.190,25.347,21.192,17.417,17.102,18.531,21.823,26.327,28.341,29.700,28.071,27.586,23.896
26.000,23.912,22.620,22.703,22.897,22.042,21.757,25.545,29.206,29.349,28.471,27.316,25.497,21.368,17.575,17.223,18.670,21.930,26.406,28.450,29.802,28.192,27.681,24.016
26.110,24.026,22.738,22.814,23.002,22.155,21.883,25.665,29.334,29.458,28.580,27.437,25.625,21.492,17.690,17.334,18.790,22.047,26.527,28.578,29.933,28.329,27.804,24.143
26.268,24.171,22.844,22.970,23.197,22.346,22.111,25.903,29.582,29.743,28.873,27.675,25.877,21.743,17.913,17.535,19.020,22.263,26.719,28.802,30.167,28.540,28.009,24.352
26.415,24.336,23.028,23.127,23.340,22.481,22.210,26.024,29.702,29.851,28.969,27.775,25.967,21.811,17.988,17.635,19.114,22.378,26.857,28.922,30.296,28.660,28.135,24.465
26.557,24.483,23.199,23.266,23.454,22.596,22.297,26.109,29.780,29.908,29.020,27.861,26.041,21.884,18.077,17.739,19.199,22.475,26.972,29.016,30.383,28.761,28.242,24.567
26.657,24.618,23.346,23.401,23.585,22.743,22.470,26.276,29.952,30.042,29.151,27.993,26.207,22.038,18.212,17.876,19.370,22.631,27.117,29.174,30.560,28.936,28.381,24.729
26.820,24.744,23.454,23.521,23.704,22.870,22.633,26.430,30.136,30.218,29.335,28.196,26.402,22.232,18.378,18.011,19.511,22.776,27.280,29.365,30.744,29.135,28.567,24.901
27.117,24.991,23.679,23.778,23.975,23.122,22.859,26.641,30.323,30.474,29.604,28.460,26.627,22.501,18.693,18.315,19.758,23.023,27.513,29.576,30.917,29.318,28.808,25.127
27.266,25.120,23.791,23.913,24.121,23.271,23.030,26.794,30.475,30.641,29.783,28.637,26.804,22.699,18.893,18.496,19.935,23.185,27.659,29.731,31.060,29.470,28.963,25.289
27.418,25.267,23.939,24.065,24.271,23.427,23.198,26.937,30.609,30.774,29.924,28.792,26.963,22.882,19.089,18.683,20.112,23.347,27.804,29.874,31.191,29.616,29.110,25.449
27.623,25.492,24.183,24.286,24.483,23.629,23.356,27.117,30.776,30.942,30.079,28.943,27.105,23.009,19.232,18.856,20.274,23.526,27.996,30.041,31.364,29.777,29.286,25.616
27.834,25.739,24.485,24.515,24.665,23.804,23.454,27.233,30.875,31.000,30.115,29.026,27.168,23.050,19.306,18.982,20.368,23.654,28.165,30.159,31.485,29.905,29.428,25.743
28.094,26.019,24.772,24.796,24.951,24.072,23.678,27.488,31.116,31.261,30.364,29.245,27.379,23.244,19.515,19.220,20.600,23.902,28.417,30.390,31.727,30.121,29.664,25.970
28.263,26.242,25.017,25.013,25.166,24.277,23.844,27.707,31.337,31.466,30.544,29.390,27.536,23.347,19.601,19.348,20.760,24.085,28.620,30.584,31.959,30.313,29.845,26.143
28.404,26.455,25.254,25.226,25.384,24.487,24.021,27.930,31.548,31.661,30.716,29.513,27.687,23.454,19.700,19.494,20.943,24.276,28.808,30.758,32.177,30.485,30.003,26.312
28.598,26.703,25.543,25.461,25.594,24.695,24.183,28.129,31.745,31.815,30.845,29.648,27.830,23.551,19.792,19.632,21.095,24.454,29.016,30.945,32.393,30.683,30.186,26.490
28.855,26.968,25.836,25.712,25.815,24.914,24.365,28.319,31.936,31.979,30.997,29.838,28.003,23.708,19.961,19.822,21.267,24.650,29.245,31.153,32.598,30.898,30.407,26.694
29.151,27.265,26.110,26.011,26.140,25.227,24.680,28.675,32.310,32.378,31.389,30.174,28.342,24.015,20.236,20.099,21.573,24.968,29.570,31.498,32.968,31.230,30.736,27.009
29.501,27.585,26.406,26.330,26.479,25.536,24.953,28.996,32.642,32.766,31.771,30.509,28.640,24.288,20.504,20.375,21.836,25.266,29.896,31.823,33.295,31.526,31.068,27.297
29.707,27.828,26.647,26.580,26.745,25.815,25.267,29.311,32.959,33.064,32.068,30.778,28.950,24.588,20.778,20.646,22.154,25.561,30.164,32.112,33.609,31.824,31.330,27.589
30.142,28.255,27.036,27.029,27.245,26.288,25.726,29.791,33.414,33.608,32.618,31.240,29.407,25.060,21.268,21.139,22.642,26.039,30.600,32.544,34.042,32.216,31.762,28.022
30.446,28.567,27.373,27.338,27.532,26.573,25.976,30.029,33.630,33.815,32.822,31.475,29.630,25.299,21.542,21.433,22.903,26.304,30.868,32.779,34.264,32.454,32.018,28.280
30.664,28.769,27.513,27.550,27.795,26.862,26.402,30.452,34.115,34.289,33.314,31.911,30.123,25.771,21.909,21.730,23.302,26.666,31.203,33.216,34.734,32.905,32.391,28.675
31.128,29.240,27.980,28.011,28.272,27.296,26.751,30.901,34.578,34.801,33.795,32.319,30.492,26.065,22.189,22.058,23.632,27.062,31.655,33.653,35.203,33.307,32.831,29.053
31.464,29.596,28.314,28.372,28.660,27.693,27.199,31.369,35.072,35.285,34.279,32.754,30.965,26.509,22.576,22.431,24.069,27.486,32.067,34.109,35.694,33.769,33.249,29.485
32.227,30.271,28.954,29.055,29.363,28.349,27.782,31.963,35.640,35.973,34.977,33.431,31.555,27.141,23.275,23.129,24.670,28.118,32.710,34.711,36.243,34.318,33.904,30.085
32.794,30.734,29.339,29.515,29.862,28.846,28.358,32.547,36.295,36.675,35.700,34.129,32.226,27.803,23.864,23.642,25.203,28.664,33.286,35.363,36.883,34.959,34.537,30.674
33.476,31.325,29.891,30.103,30.453,29.439,28.990,33.147,36.925,37.332,36.380,34.845,32.904,28.511,24.564,24.287,25.816,29.280,33.921,36.024,37.505,35.618,35.212,31.320
34.675,32.229,30.612,31.055,31.512,30.462,30.108,34.153,37.927,38.601,37.748,36.178,34.118,29.918,26.036,25.590,26.971,30.387,34.951,37.100,38.425,36.607,36.349,32.410
36.582,33.785,31.916,32.637,33.253,32.109,31.812,35.909,39.777,40.796,40.010,38.275,36.034,31.887,27.957,27.348,28.635,32.111,36.714,38.967,40.197,38.343,38.248,34.140
