4.771,1.686,4.140,-2.884,-4.947,-0.392,15.859,23.945,25.109,18.297,14.708,12.456,4.564,1.126,5.175,4.379,6.436,14.735,22.614,26.513,23.743,16.106,10.332,-5.649
12.528,9.767,10.965,7.278,5.935,9.125,22.193,29.658,30.076,25.625,20.032,17.757,10.728,7.322,12.294,10.847,14.813,21.781,28.649,30.376,28.248,21.671,16.604,4.699
15.016,12.050,12.779,9.776,8.520,11.556,23.945,30.710,31.257,26.610,22.498,20.492,14.385,11.152,13.338,13.631,17.247,23.646,30.109,32.140,30.052,23.890,19.144,7.224
17.193,13.747,13.452,12.002,10.895,13.715,25.425,32.153,32.552,27.867,24.123,22.399,16.705,13.314,15.100,15.464,19.300,25.067,31.321,33.134,30.962,25.252,20.967,9.951
18.781,15.134,14.235,13.887,12.930,15.505,26.674,33.425,33.654,29.237,25.237,23.589,18.074,14.561,15.814,16.679,20.972,26.391,32.525,33.943,31.796,26.321,22.250,12.031
19.793,16.081,14.885,15.016,14.122,16.580,27.302,33.927,34.093,29.767,25.908,24.384,19.077,15.585,16.022,17.611,21.877,26.985,32.927,34.228,32.097,26.884,23.055,13.388
20.507,16.866,15.656,15.806,14.927,17.338,27.765,34.261,34.408,30.160,26.391,24.944,19.738,16.326,16.790,18.363,22.456,27.392,33.170,34.438,32.335,27.302,23.633,14.333
20.944,17.384,16.280,16.278,15.392,17.800,28.159,34.555,34.726,30.507,26.825,25.379,20.228,16.881,17.588,18.883,22.872,27.794,33.511,34.814,32.742,27.737,24.077,14.776
21.378,17.992,17.069,16.830,15.945,18.321,28.481,34.714,34.897,30.802,27.151,25.711,20.629,17.399,17.987,19.420,23.249,28.119,33.702,34.994,32.989,28.070,24.459,15.325
21.720,18.373,17.551,17.094,16.180,18.598,28.762,34.866,35.113,30.920,27.579,26.175,21.190,18.035,19.852,19.921,23.524,28.376,33.903,35.351,33.347,28.458,24.868,15.577
22.047,18.604,17.630,17.409,16.516,18.907,29.025,35.089,35.341,31.103,27.929,26.553,21.682,18.503,20.795,20.230,23.887,28.673,34.190,35.657,33.641,28.780,25.213,15.883
22.348,18.889,17.879,17.693,16.803,19.187,29.230,35.201,35.477,31.198,28.231,26.896,22.135,18.986,21.947,20.588,24.160,28.877,34.340,35.865,33.851,29.045,25.524,16.182
22.566,19.066,18.001,17.867,16.977,19.364,29.372,35.270,35.572,31.222,28.484,27.187,22.530,19.398,23.154,20.860,24.358,29.018,34.447,36.047,34.024,29.257,25.770,16.366
22.834,19.372,18.336,18.198,17.321,19.678,29.615,35.443,35.750,31.454,28.742,27.436,22.838,19.735,23.438,21.150,24.656,29.300,34.692,36.277,34.284,29.531,26.040,16.648
23.037,19.549,18.439,18.425,17.564,19.894,29.747,35.543,35.841,31.557,28.897,27.614,23.074,19.971,23.589,21.336,24.856,29.439,34.797,36.364,34.374,29.667,26.215,16.902
23.251,19.753,18.585,18.677,17.832,20.135,29.914,35.713,35.989,31.745,29.038,27.765,23.236,20.125,23.725,21.509,25.066,29.605,34.942,36.458,34.472,29.800,26.381,17.191
23.464,19.910,18.636,18.891,18.061,20.343,30.074,35.877,36.139,31.886,29.213,27.963,23.473,20.339,23.840,21.683,25.279,29.766,35.093,36.589,34.594,29.954,26.569,17.441
23.648,20.091,18.815,19.050,18.216,20.504,30.206,35.955,36.237,31.946,29.409,28.183,23.751,20.640,24.626,21.915,25.436,29.890,35.186,36.733,34.736,30.125,26.766,17.612
23.812,20.261,18.979,19.224,18.393,20.672,30.322,36.024,36.312,32.022,29.558,28.348,23.964,20.873,25.054,22.103,25.588,30.008,35.272,36.832,34.842,30.262,26.925,17.793
23.944,20.394,19.127,19.323,18.481,20.779,30.448,36.151,36.447,32.127,29.700,28.500,24.108,21.024,25.322,22.257,25.691,30.112,35.376,36.965,34.966,30.391,27.063,17.912
24.074,20.565,19.364,19.453,18.603,20.909,30.570,36.239,36.549,32.231,29.836,28.636,24.251,21.196,25.383,22.431,25.801,30.228,35.471,37.086,35.096,30.527,27.200,18.036
24.190,20.683,19.473,19.579,18.732,21.031,30.665,36.317,36.626,32.315,29.938,28.743,24.376,21.327,25.411,22.549,25.913,30.324,35.553,37.165,35.180,30.624,27.309,18.167
24.316,20.834,19.639,19.744,18.904,21.186,30.769,36.395,36.699,32.427,30.034,28.837,24.487,21.453,25.415,22.676,26.044,30.440,35.645,37.236,35.266,30.726,27.418,18.325
24.467,20.990,19.789,19.909,19.073,21.347,30.906,36.528,36.827,32.570,30.162,28.967,24.620,21.588,25.442,22.820,26.191,30.576,35.771,37.348,35.382,30.853,27.555,18.499
24.643,21.163,19.926,20.119,19.292,21.549,31.075,36.741,37.010,32.799,30.268,29.070,24.683,21.632,25.457,22.938,26.364,30.736,35.934,37.446,35.480,30.964,27.682,18.746
24.762,21.328,20.142,20.263,19.434,21.689,31.181,36.837,37.101,32.925,30.346,29.146,24.740,21.709,25.718,23.067,26.460,30.830,36.006,37.501,35.547,31.046,27.776,18.907
24.894,21.471,20.298,20.406,19.577,21.829,31.317,36.967,37.232,33.067,30.479,29.275,24.870,21.843,25.801,23.202,26.598,30.973,36.146,37.637,35.688,31.185,27.910,19.039
25.010,21.591,20.414,20.537,19.713,21.956,31.421,37.063,37.324,33.174,30.578,29.375,24.977,21.954,25.855,23.313,26.715,31.080,36.243,37.723,35.779,31.285,28.015,19.172
25.162,21.761,20.604,20.692,19.863,22.111,31.572,37.232,37.485,33.348,30.700,29.497,25.067,22.046,25.872,23.459,26.845,31.212,36.373,37.839,35.894,31.406,28.146,19.354
25.251,21.866,20.743,20.767,19.931,22.189,31.653,37.281,37.550,33.395,30.813,29.614,25.205,22.204,25.901,23.587,26.923,31.291,36.440,37.941,35.999,31.514,28.253,19.418
25.385,22.004,20.881,20.925,20.096,22.342,31.796,37.409,37.679,33.543,30.959,29.750,25.359,22.359,25.902,23.719,27.086,31.459,36.607,38.099,36.166,31.672,28.397,19.543
25.518,22.135,20.994,21.059,20.231,22.473,31.899,37.517,37.779,33.647,31.052,29.856,25.461,22.461,25.946,23.842,27.194,31.544,36.679,38.159,36.224,31.753,28.504,19.714
25.623,22.265,21.164,21.174,20.344,22.587,32.008,37.606,37.874,33.754,31.164,29.961,25.570,22.586,26.081,23.967,27.300,31.658,36.784,38.271,36.345,31.872,28.615,19.813
25.742,22.382,21.279,21.271,20.435,22.688,32.107,37.706,37.976,33.835,31.274,30.085,25.691,22.712,26.260,24.098,27.390,31.737,36.856,38.359,36.425,31.966,28.728,19.940
25.853,22.490,21.362,21.399,20.569,22.811,32.193,37.796,38.054,33.933,31.343,30.160,25.767,22.784,26.346,24.188,27.493,31.818,36.926,38.403,36.470,32.031,28.812,20.092
25.931,22.601,21.513,21.513,20.687,22.916,32.269,37.828,38.093,34.002,31.428,30.236,25.872,22.911,26.378,24.289,27.590,31.917,37.005,38.482,36.569,32.130,28.899,20.166
26.002,22.666,21.573,21.572,20.745,22.976,32.320,37.851,38.127,34.016,31.517,30.334,26.004,23.052,26.784,24.384,27.657,31.971,37.047,38.551,36.638,32.208,28.984,20.221
26.110,22.805,21.753,21.680,20.847,23.084,32.408,37.915,38.197,34.090,31.609,30.432,26.104,23.176,26.979,24.520,27.737,32.045,37.099,38.617,36.709,32.295,29.084,20.342
26.225,22.899,21.799,21.794,20.966,23.194,32.475,37.977,38.252,34.141,31.685,30.528,26.220,23.288,27.133,24.622,27.832,32.100,37.136,38.646,36.733,32.351,29.174,20.496
26.321,23.008,21.921,21.899,21.072,23.297,32.565,38.054,38.330,34.228,31.777,30.620,26.319,23.396,27.246,24.727,27.926,32.192,37.219,38.729,36.822,32.445,29.269,20.598
26.424,23.089,21.964,22.009,21.189,23.404,32.666,38.163,38.434,34.334,31.878,30.720,26.429,23.492,27.284,24.808,28.047,32.305,37.339,38.835,36.925,32.547,29.370,20.702
26.511,23.189,22.070,22.117,21.301,23.507,32.738,38.213,38.483,34.402,31.952,30.795,26.521,23.594,27.358,24.901,28.137,32.384,37.402,38.890,36.990,32.623,29.451,20.805
26.650,23.294,22.109,22.238,21.425,23.629,32.827,38.322,38.579,34.481,32.041,30.909,26.638,23.697,27.482,25.015,28.241,32.446,37.454,38.932,37.016,32.685,29.556,20.992
26.759,23.375,22.149,22.334,21.525,23.725,32.915,38.393,38.656,34.535,32.162,31.043,26.807,23.862,27.847,25.128,28.354,32.539,37.542,39.037,37.116,32.794,29.674,21.088
26.853,23.518,22.360,22.445,21.630,23.834,33.011,38.473,38.738,34.643,32.241,31.114,26.862,23.942,27.872,25.245,28.431,32.627,37.615,39.108,37.200,32.881,29.760,21.197
26.944,23.607,22.436,22.551,21.741,23.935,33.087,38.537,38.801,34.716,32.322,31.197,26.963,24.044,27.932,25.332,28.529,32.712,37.691,39.176,37.272,32.962,29.846,21.300
27.019,23.645,22.442,22.582,21.769,23.974,33.155,38.586,38.868,34.726,32.450,31.339,27.146,24.223,28.582,25.432,28.607,32.784,37.769,39.305,37.389,33.074,29.956,21.319
27.116,23.739,22.524,22.683,21.873,24.071,33.223,38.626,38.912,34.767,32.541,31.440,27.279,24.365,28.864,25.541,28.699,32.854,37.821,39.366,37.453,33.156,30.052,21.423
27.194,23.824,22.618,22.769,21.961,24.155,33.294,38.667,38.961,34.817,32.635,31.533,27.402,24.499,29.123,25.638,28.788,32.939,37.895,39.453,37.547,33.252,30.144,21.488
27.288,23.923,22.733,22.845,22.031,24.234,33.374,38.727,39.032,34.867,32.742,31.648,27.533,24.643,29.498,25.760,28.865,33.011,37.958,39.545,37.637,33.349,30.247,21.567
27.378,23.995,22.788,22.907,22.089,24.301,33.446,38.792,39.105,34.908,32.842,31.762,27.662,24.773,29.874,25.863,28.939,33.073,38.016,39.629,37.712,33.434,30.344,21.644
27.457,24.060,22.838,22.972,22.153,24.368,33.515,38.848,39.168,34.949,32.938,31.865,27.788,24.899,30.200,25.954,29.018,33.143,38.084,39.717,37.796,33.521,30.435,21.707
27.519,24.139,22.947,23.036,22.215,24.431,33.575,38.875,39.207,34.986,33.022,31.948,27.894,25.023,30.490,26.046,29.083,33.212,38.142,39.797,37.884,33.608,30.515,21.748
27.611,24.273,23.134,23.136,22.308,24.528,33.642,38.912,39.250,35.042,33.091,32.022,27.970,25.128,30.630,26.170,29.143,33.264,38.166,39.831,37.927,33.672,30.594,21.862
27.703,24.395,23.303,23.241,22.409,24.632,33.747,39.009,39.350,35.158,33.186,32.107,28.045,25.216,30.636,26.277,29.236,33.372,38.270,39.935,38.040,33.777,30.689,21.952
27.794,24.476,23.382,23.307,22.470,24.703,33.833,39.085,39.436,35.215,33.298,32.228,28.179,25.353,30.652,26.386,29.318,33.452,38.350,40.043,38.142,33.880,30.795,22.020
27.892,24.615,23.576,23.425,22.585,24.817,33.935,39.164,39.520,35.323,33.394,32.315,28.264,25.459,30.743,26.507,29.413,33.558,38.442,40.136,38.249,33.986,30.894,22.121
28.073,24.765,23.668,23.605,22.771,24.998,34.113,39.397,39.730,35.539,33.531,32.457,28.370,25.536,30.841,26.634,29.587,33.720,38.619,40.274,38.373,34.117,31.041,22.346
28.161,24.845,23.747,23.668,22.829,25.066,34.192,39.466,39.808,35.590,33.635,32.570,28.494,25.664,30.865,26.741,29.661,33.790,38.687,40.368,38.462,34.210,31.140,22.417
28.279,24.979,23.882,23.812,22.976,25.205,34.308,39.613,39.935,35.756,33.698,32.629,28.514,25.677,31.027,26.826,29.769,33.896,38.791,40.427,38.524,34.280,31.220,22.588
28.386,25.095,24.004,23.941,23.109,25.330,34.430,39.752,40.064,35.912,33.788,32.709,28.570,25.728,31.076,26.912,29.886,34.021,38.923,40.530,38.631,34.381,31.315,22.715
28.481,25.201,24.115,24.043,23.211,25.429,34.502,39.810,40.121,35.976,33.862,32.790,28.660,25.828,31.094,27.014,29.966,34.087,38.971,40.578,38.682,34.449,31.398,22.830
28.562,25.267,24.168,24.111,23.279,25.498,34.569,39.845,40.170,36.000,33.975,32.910,28.824,25.998,31.096,27.119,30.055,34.165,39.043,40.680,38.784,34.554,31.502,22.880
28.674,25.377,24.257,24.254,23.433,25.634,34.684,39.963,40.278,36.137,34.072,32.999,28.918,26.084,31.151,27.206,30.192,34.298,39.177,40.783,38.894,34.662,31.605,23.010
28.776,25.506,24.432,24.363,23.538,25.744,34.805,40.083,40.400,36.274,34.179,33.095,28.995,26.171,31.156,27.319,30.294,34.419,39.299,40.904,39.022,34.779,31.710,23.106
28.878,25.577,24.458,24.453,23.632,25.834,34.884,40.149,40.470,36.321,34.290,33.219,29.155,26.325,31.220,27.421,30.400,34.504,39.380,40.999,39.111,34.879,31.819,23.199
29.028,25.732,24.611,24.614,23.795,25.993,35.037,40.311,40.626,36.491,34.426,33.352,29.276,26.443,31.222,27.559,30.552,34.656,39.533,41.136,39.250,35.018,31.959,23.364
29.105,25.809,24.688,24.696,23.880,26.072,35.097,40.334,40.659,36.519,34.519,33.449,29.414,26.592,31.224,27.658,30.637,34.730,39.592,41.213,39.333,35.108,32.050,23.427
29.216,25.924,24.796,24.822,24.010,26.193,35.195,40.428,40.748,36.624,34.610,33.541,29.511,26.691,31.240,27.761,30.748,34.831,39.685,41.291,39.415,35.200,32.149,23.557
29.360,26.088,24.978,24.995,24.188,26.361,35.346,40.576,40.890,36.799,34.739,33.659,29.622,26.806,31.398,27.897,30.903,34.991,39.840,41.424,39.558,35.341,32.284,23.718
29.514,26.260,25.174,25.155,24.345,26.520,35.505,40.741,41.052,36.973,34.881,33.797,29.741,26.930,31.406,28.052,31.049,35.143,39.990,41.566,39.703,35.486,32.429,23.885
29.680,26.444,25.358,25.372,24.573,26.727,35.677,40.922,41.215,37.193,35.009,33.911,29.841,27.027,31.441,28.185,31.237,35.331,40.174,41.698,39.849,35.632,32.570,24.093
29.855,26.609,25.494,25.566,24.774,26.916,35.854,41.123,41.402,37.402,35.154,34.053,29.966,27.136,31.457,28.324,31.421,35.510,40.360,41.847,39.999,35.783,32.724,24.297
30.050,26.827,25.732,25.765,24.969,27.115,36.027,41.315,41.581,37.599,35.292,34.199,30.075,27.253,31.701,28.512,31.574,35.653,40.488,41.956,40.106,35.913,32.881,24.547
30.161,26.963,25.894,25.890,25.092,27.237,36.133,41.414,41.678,37.714,35.384,34.289,30.157,27.345,31.707,28.629,31.674,35.753,40.577,42.036,40.193,36.007,32.980,24.679
30.302,27.080,25.972,26.026,25.231,27.372,36.262,41.561,41.816,37.848,35.508,34.420,30.285,27.460,31.719,28.747,31.812,35.877,40.705,42.153,40.302,36.124,33.108,24.835
30.495,27.275,26.178,26.232,25.441,27.577,36.490,41.783,42.043,38.084,35.738,34.633,30.505,27.676,31.783,28.941,32.043,36.131,40.974,42.420,40.577,36.372,33.326,24.993
30.668,27.389,26.211,26.367,25.579,27.719,36.645,41.971,42.225,38.223,35.907,34.821,30.696,27.839,31.794,29.086,32.205,36.271,41.129,42.581,40.714,36.519,33.493,25.168
30.796,27.526,26.365,26.496,25.708,27.846,36.753,42.017,42.292,38.277,36.071,34.990,30.925,28.092,32.321,29.260,32.343,36.398,41.234,42.724,40.868,36.679,33.650,25.262
30.955,27.767,26.724,26.700,25.906,28.042,36.940,42.161,42.447,38.482,36.243,35.136,31.065,28.272,32.358,29.463,32.514,36.603,41.420,42.911,41.084,36.880,33.822,25.412
31.104,27.905,26.863,26.831,26.035,28.175,37.079,42.247,42.558,38.557,36.450,35.349,31.341,28.562,33.123,29.656,32.678,36.762,41.570,43.113,41.288,37.081,34.014,25.503
31.260,28.071,27.045,26.990,26.193,28.335,37.245,42.422,42.731,38.738,36.602,35.496,31.472,28.693,33.165,29.810,32.832,36.925,41.737,43.273,41.449,37.238,34.166,25.663
31.453,28.257,27.213,27.160,26.358,28.508,37.402,42.593,42.895,38.886,36.755,35.670,31.632,28.854,33.371,30.000,32.979,37.048,41.848,43.388,41.553,37.369,34.332,25.892
31.629,28.442,27.435,27.307,26.493,28.664,37.601,42.797,43.111,39.075,36.963,35.875,31.819,29.046,33.719,30.200,33.143,37.235,42.046,43.616,41.775,37.576,34.528,26.035
31.774,28.602,27.642,27.430,26.605,28.791,37.751,42.910,43.247,39.182,37.157,36.071,32.040,29.289,33.994,30.397,33.283,37.389,42.193,43.814,41.976,37.768,34.708,26.130
32.052,28.879,27.936,27.691,26.860,29.060,38.074,43.268,43.605,39.530,37.461,36.362,32.291,29.528,34.207,30.667,33.569,37.708,42.541,44.163,42.318,38.082,34.999,26.382
32.337,29.179,28.240,27.983,27.151,29.350,38.329,43.533,43.858,39.801,37.688,36.599,32.507,29.749,34.327,30.942,33.817,37.937,42.753,44.355,42.509,38.299,35.245,26.722
32.516,29.392,28.477,28.216,27.391,29.572,38.518,43.728,44.037,40.041,37.829,36.723,32.608,29.855,34.486,31.098,34.013,38.139,42.948,44.500,42.671,38.460,35.400,26.944
32.798,29.651,28.716,28.473,27.648,29.831,38.774,43.939,44.268,40.231,38.150,37.059,33.006,30.261,34.537,31.414,34.297,38.404,43.201,44.801,42.968,38.767,35.711,27.185
33.114,29.986,29.074,28.815,27.992,30.170,39.127,44.321,44.638,40.638,38.454,37.343,33.247,30.495,34.943,31.705,34.630,38.764,43.576,45.139,43.313,39.092,36.017,27.514
33.406,30.304,29.444,29.098,28.266,30.456,39.428,44.604,44.933,40.925,38.768,37.653,33.556,30.822,35.085,32.030,34.912,39.061,43.868,45.457,43.635,39.408,36.325,27.784
33.621,30.512,29.678,29.262,28.418,30.630,39.633,44.741,45.111,41.032,39.072,37.971,33.944,31.236,35.339,32.326,35.124,39.274,44.071,45.754,43.929,39.697,36.603,27.908
34.013,30.929,30.108,29.731,28.905,31.084,40.062,45.168,45.524,41.522,39.457,38.322,34.294,31.581,35.353,32.684,35.582,39.752,44.554,46.176,44.377,40.121,36.992,28.315
34.583,31.428,30.442,30.370,29.580,31.708,40.636,45.859,46.146,42.227,39.908,38.762,34.671,31.879,35.407,33.085,36.198,40.338,45.177,46.644,44.836,40.586,37.474,29.007
35.053,31.823,30.754,30.735,29.928,32.094,41.080,46.379,46.660,42.643,40.362,39.257,35.120,32.292,35.659,33.534,36.592,40.711,45.576,47.078,45.221,40.990,37.925,29.483
35.711,32.409,31.197,31.403,30.610,32.765,41.775,47.285,47.483,43.517,40.871,39.761,35.449,32.522,35.698,34.000,37.233,41.352,46.287,47.632,45.738,41.503,38.467,30.284
36.668,33.301,32.043,32.292,31.486,33.681,42.874,48.588,48.751,44.750,41.848,40.708,36.210,33.192,36.389,34.845,38.201,42.412,47.469,48.762,46.821,42.501,39.417,31.214
37.896,34.165,32.355,33.385,32.620,34.799,44.069,50.098,50.159,46.023,42.961,41.891,37.300,34.047,36.444,35.756,39.430,43.538,48.738,49.900,47.831,43.532,40.538,32.544
39.839,35.930,33.815,35.517,34.841,36.906,46.323,52.708,52.627,48.705,44.878,43.659,38.844,35.343,36.599,37.265,41.706,45.953,51.395,52.179,50.105,45.606,42.433,34.528
