5.158,1.355,-0.871,-3.493,-3.380,1.437,7.172,12.696,9.823,4.424,-1.238,-0.966,-2.674,-1.246,2.061,9.529,18.700,24.893,35.372,30.295,27.762,22.802,20.933,19.467
8.478,5.670,3.146,0.391,0.075,4.073,10.236,16.716,14.289,8.220,2.884,1.953,-0.191,2.109,4.692,11.708,20.661,29.179,40.314,37.118,33.505,28.150,26.269,23.288
10.398,7.907,5.395,2.760,2.301,6.071,12.366,18.676,16.427,10.396,5.137,3.970,1.749,4.187,6.613,13.247,21.633,30.839,41.526,40.437,35.901,30.467,28.470,24.905
12.221,10.122,7.632,5.072,4.592,8.045,14.450,20.457,18.220,12.324,7.278,5.711,3.511,6.197,8.377,14.636,22.172,31.890,42.285,43.185,38.107,32.654,30.509,26.411
13.566,11.525,9.072,6.600,6.025,9.415,15.723,21.706,19.655,13.802,8.794,7.305,5.067,7.667,9.819,15.892,23.395,33.158,43.215,44.411,39.081,33.686,31.598,27.454
14.362,12.301,9.911,7.503,6.947,10.332,16.525,22.331,20.309,14.596,9.637,8.254,6.069,8.565,10.733,16.706,24.071,33.586,43.376,44.641,39.350,34.056,31.991,27.964
15.006,12.968,10.586,8.179,7.628,10.969,17.088,22.914,20.912,15.220,10.322,8.933,6.762,9.251,11.381,17.327,24.702,34.113,43.903,44.873,39.747,34.507,32.489,28.530
15.656,13.643,11.293,8.933,8.375,11.696,17.792,23.495,21.521,15.903,11.027,9.661,7.507,9.964,12.090,17.944,25.167,34.560,44.157,45.507,40.248,35.038,33.003,29.014
16.201,14.171,11.864,9.567,8.991,12.326,18.372,23.949,22.029,16.494,11.614,10.346,8.205,10.576,12.733,18.498,25.633,34.945,44.289,45.928,40.523,35.356,33.322,29.357
16.571,14.578,12.272,9.963,9.409,12.697,18.715,24.289,22.347,16.830,12.007,10.685,8.564,10.967,13.081,18.833,25.913,35.179,44.569,46.083,40.812,35.673,33.651,29.703
17.139,15.190,12.896,10.602,10.033,13.257,19.189,24.785,22.901,17.408,12.657,11.330,9.211,11.601,13.664,19.350,26.427,35.622,44.956,46.258,41.093,36.014,34.047,30.142
17.576,15.591,13.328,11.064,10.501,13.744,19.608,25.139,23.275,17.842,13.100,11.857,9.761,12.079,14.167,19.824,26.894,35.934,45.144,46.353,41.233,36.206,34.263,30.451
17.892,15.930,13.658,11.389,10.806,14.020,19.864,25.462,23.635,18.173,13.450,12.191,10.077,12.404,14.467,20.113,27.239,36.306,45.545,46.607,41.519,36.498,34.584,30.768
18.221,16.270,14.004,11.737,11.160,14.353,20.167,25.760,23.936,18.490,13.797,12.532,10.428,12.753,14.800,20.430,27.540,36.560,45.791,46.761,41.740,36.744,34.845,31.056
18.467,16.498,14.247,11.998,11.423,14.638,20.452,25.984,24.161,18.746,14.036,12.809,10.715,13.010,15.080,20.695,27.766,36.758,45.909,47.027,41.941,36.951,35.038,31.255
18.856,16.890,14.671,12.488,11.877,15.106,20.922,26.330,24.567,19.213,14.475,13.317,11.217,13.450,15.551,21.067,28.018,37.060,45.947,47.643,42.258,37.270,35.328,31.477
19.165,17.231,15.025,12.860,12.255,15.455,21.266,26.605,24.839,19.526,14.816,13.636,11.551,13.793,15.874,21.340,28.176,37.219,45.953,47.917,42.521,37.548,35.592,31.711
19.380,17.405,15.230,13.086,12.522,15.757,21.542,26.748,24.937,19.706,14.996,13.873,11.834,14.029,16.145,21.606,28.344,37.232,46.037,47.946,42.561,37.623,35.647,31.839
19.616,17.679,15.499,13.339,12.782,15.964,21.706,26.961,25.156,19.919,15.268,14.098,12.064,14.287,16.354,21.805,28.553,37.402,46.188,47.948,42.687,37.780,35.838,32.060
19.862,17.922,15.748,13.607,13.027,16.216,21.956,27.203,25.433,20.198,15.532,14.392,12.345,14.544,16.623,22.048,28.803,37.680,46.394,48.238,42.913,38.003,36.064,32.267
20.115,18.213,16.039,13.890,13.316,16.455,22.158,27.428,25.664,20.435,15.823,14.641,12.602,14.824,16.859,22.262,28.999,37.843,46.589,48.271,43.061,38.180,36.266,32.487
20.312,18.407,16.237,14.090,13.525,16.664,22.359,27.611,25.836,20.621,16.016,14.836,12.806,15.026,17.060,22.462,29.180,37.994,46.735,48.404,43.220,38.349,36.434,32.669
20.522,18.639,16.481,14.345,13.792,16.909,22.592,27.786,26.003,20.826,16.247,15.053,13.041,15.264,17.283,22.651,29.280,38.068,46.759,48.545,43.363,38.510,36.587,32.817
20.686,18.810,16.655,14.522,13.973,17.085,22.770,27.943,26.154,20.988,16.416,15.215,13.207,15.434,17.450,22.808,29.403,38.192,46.869,48.719,43.526,38.675,36.745,32.966
20.844,18.972,16.822,14.698,14.145,17.254,22.936,28.091,26.309,21.154,16.583,15.387,13.381,15.601,17.617,22.960,29.533,38.323,46.962,48.885,43.663,38.816,36.883,33.097
21.099,19.232,17.103,14.993,14.467,17.563,23.214,28.285,26.481,21.385,16.847,15.655,13.681,15.890,17.899,23.211,29.684,38.382,46.966,48.939,43.768,38.956,37.018,33.266
21.351,19.506,17.393,15.305,14.781,17.860,23.504,28.500,26.700,21.648,17.128,15.933,13.972,16.175,18.176,23.439,29.807,38.499,46.988,49.190,43.959,39.162,37.209,33.434
21.556,19.698,17.598,15.532,14.994,18.084,23.711,28.681,26.911,21.877,17.346,16.196,14.233,16.399,18.415,23.652,30.020,38.694,47.095,49.372,44.076,39.290,37.343,33.577
21.681,19.835,17.733,15.662,15.129,18.206,23.830,28.804,27.027,21.994,17.477,16.308,14.348,16.527,18.531,23.767,30.123,38.793,47.215,49.415,44.198,39.417,37.471,33.705
21.879,20.022,17.936,15.888,15.344,18.427,24.017,28.962,27.215,22.209,17.694,16.572,14.615,16.753,18.768,23.973,30.327,38.946,47.277,49.460,44.248,39.490,37.558,33.821
22.027,20.186,18.100,16.046,15.514,18.577,24.162,29.101,27.340,22.341,17.849,16.699,14.751,16.907,18.904,24.104,30.425,39.033,47.365,49.537,44.338,39.634,37.702,33.964
22.182,20.359,18.269,16.210,15.670,18.705,24.257,29.243,27.505,22.495,18.031,16.870,14.916,17.077,19.049,24.240,30.600,39.190,47.386,49.615,44.383,39.699,37.816,34.103
22.496,20.689,18.608,16.550,16.019,19.023,24.521,29.442,27.707,22.792,18.374,17.208,15.269,17.424,19.370,24.539,30.849,39.193,47.567,49.622,44.452,39.721,37.819,34.220
22.534,20.689,18.654,16.643,16.134,19.167,24.618,29.508,27.779,22.825,18.410,17.333,15.437,17.513,19.498,24.616,30.890,39.395,47.708,49.623,44.580,39.891,38.019,34.354
22.692,20.878,18.820,16.788,16.269,19.277,24.752,29.648,27.915,22.986,18.578,17.445,15.529,17.652,19.609,24.743,31.010,39.442,47.755,49.701,44.637,39.975,38.095,34.454
22.743,20.903,18.850,16.830,16.303,19.342,24.827,29.704,27.979,23.053,18.614,17.521,15.601,17.697,19.683,24.820,31.102,39.537,47.767,49.789,44.701,40.029,38.140,34.499
22.943,21.158,19.091,17.038,16.528,19.497,24.951,29.896,28.155,23.212,18.846,17.663,15.750,17.908,19.825,24.965,31.246,39.662,48.012,49.840,44.856,40.209,38.351,34.725
23.133,21.389,19.323,17.271,16.758,19.682,25.118,30.070,28.341,23.403,19.078,17.855,15.944,18.123,20.004,25.110,31.351,39.780,48.129,49.901,45.000,40.368,38.521,34.878
23.243,21.525,19.450,17.393,16.875,19.782,25.244,30.204,28.473,23.521,19.199,17.936,16.017,18.228,20.092,25.191,31.401,39.903,48.274,50.166,45.220,40.570,38.709,35.013
23.336,21.599,19.532,17.482,16.970,19.895,25.349,30.281,28.545,23.610,19.280,18.045,16.134,18.323,20.204,25.305,31.509,39.971,48.310,50.213,45.264,40.621,38.758,35.085
23.501,21.796,19.722,17.669,17.140,20.031,25.471,30.450,28.743,23.789,19.482,18.220,16.296,18.502,20.353,25.434,31.660,40.157,48.514,50.344,45.413,40.776,38.933,35.242
23.597,21.891,19.820,17.772,17.242,20.133,25.572,30.541,28.836,23.888,19.581,18.324,16.401,18.602,20.455,25.530,31.745,40.240,48.580,50.442,45.497,40.862,39.017,35.326
23.696,21.997,19.933,17.894,17.365,20.253,25.695,30.631,28.926,23.994,19.689,18.432,16.513,18.712,20.566,25.621,31.791,40.294,48.593,50.479,45.593,40.959,39.104,35.396
23.782,22.093,20.024,17.972,17.450,20.317,25.732,30.704,28.997,24.059,19.783,18.508,16.593,18.803,20.634,25.698,31.897,40.358,48.710,50.582,45.606,40.990,39.159,35.485
23.955,22.278,20.222,18.203,17.657,20.524,25.951,30.867,29.196,24.280,19.988,18.735,16.812,19.000,20.843,25.851,31.984,40.505,48.728,50.841,45.789,41.166,39.315,35.584
24.087,22.426,20.371,18.356,17.807,20.664,26.102,31.002,29.332,24.420,20.133,18.863,16.938,19.138,20.972,25.965,32.058,40.613,48.821,51.052,45.958,41.330,39.469,35.707
24.202,22.560,20.506,18.497,17.949,20.797,26.257,31.123,29.445,24.544,20.257,18.966,17.043,19.258,21.086,26.060,32.088,40.689,48.870,51.304,46.141,41.502,39.620,35.812
24.337,22.683,20.637,18.638,18.087,20.945,26.396,31.244,29.575,24.685,20.392,19.126,17.206,19.400,21.240,26.205,32.232,40.811,48.904,51.411,46.223,41.594,39.713,35.918
24.481,22.805,20.780,18.807,18.257,21.133,26.557,31.340,29.683,24.838,20.540,19.330,17.422,19.570,21.432,26.370,32.364,40.872,48.951,51.444,46.226,41.615,39.734,35.974
24.609,22.956,20.928,18.948,18.402,21.250,26.660,31.461,29.802,24.955,20.686,19.445,17.541,19.708,21.545,26.476,32.461,40.961,49.026,51.479,46.323,41.726,39.856,36.099
24.721,23.090,21.053,19.059,18.513,21.333,26.733,31.578,29.924,25.058,20.813,19.538,17.629,19.820,21.630,26.563,32.568,41.081,49.202,51.522,46.434,41.841,39.988,36.229
24.839,23.201,21.167,19.179,18.629,21.458,26.856,31.692,30.044,25.183,20.931,19.672,17.762,19.941,21.760,26.690,32.698,41.204,49.269,51.644,46.534,41.943,40.089,36.335
24.952,23.299,21.281,19.317,18.764,21.612,27.010,31.783,30.143,25.314,21.044,19.825,17.921,20.069,21.911,26.816,32.778,41.269,49.300,51.778,46.605,42.017,40.149,36.390
25.074,23.421,21.399,19.429,18.870,21.708,27.079,31.898,30.275,25.432,21.176,19.961,18.053,20.195,22.027,26.938,32.959,41.421,49.448,51.806,46.651,42.077,40.237,36.512
25.214,23.584,21.562,19.592,19.031,21.845,27.206,32.029,30.413,25.574,21.339,20.102,18.194,20.349,22.160,27.052,33.050,41.521,49.547,51.882,46.768,42.202,40.367,36.630
25.341,23.708,21.689,19.721,19.166,21.983,27.350,32.153,30.528,25.697,21.460,20.223,18.320,20.475,22.290,27.182,33.157,41.624,49.641,51.927,46.900,42.337,40.493,36.754
25.479,23.823,21.813,19.845,19.304,22.133,27.464,32.257,30.624,25.813,21.586,20.381,18.493,20.622,22.446,27.349,33.350,41.716,49.729,52.028,46.904,42.361,40.535,36.865
25.608,23.987,21.972,20.012,19.454,22.262,27.625,32.410,30.791,25.971,21.743,20.501,18.600,20.755,22.564,27.436,33.380,41.853,49.841,52.299,47.152,42.590,40.745,36.993
25.691,24.054,22.041,20.081,19.528,22.356,27.733,32.499,30.867,26.052,21.806,20.579,18.681,20.828,22.654,27.538,33.479,41.948,49.928,52.439,47.267,42.697,40.839,37.089
25.827,24.214,22.200,20.240,19.688,22.495,27.879,32.635,31.000,26.188,21.957,20.699,18.802,20.971,22.779,27.646,33.541,42.041,50.023,52.618,47.434,42.862,40.997,37.217
25.925,24.304,22.298,20.350,19.799,22.618,28.007,32.724,31.088,26.294,22.053,20.814,18.921,21.075,22.897,27.753,33.617,42.112,50.044,52.764,47.525,42.952,41.075,37.289
26.048,24.430,22.427,20.480,19.930,22.738,28.105,32.830,31.201,26.412,22.186,20.950,19.061,21.209,23.023,27.873,33.746,42.208,50.139,52.765,47.573,43.016,41.153,37.390
26.142,24.508,22.501,20.547,20.000,22.821,28.185,32.928,31.294,26.497,22.263,21.038,19.149,21.291,23.113,27.985,33.898,42.337,50.296,52.812,47.659,43.102,41.246,37.507
26.282,24.660,22.652,20.699,20.150,22.960,28.325,33.069,31.437,26.639,22.413,21.176,19.286,21.436,23.249,28.112,34.011,42.465,50.423,52.967,47.808,43.251,41.394,37.643
26.427,24.823,22.819,20.871,20.319,23.110,28.466,33.201,31.578,26.789,22.580,21.330,19.441,21.597,23.395,28.235,34.103,42.564,50.501,53.087,47.923,43.374,41.519,37.757
26.525,24.928,22.929,20.987,20.442,23.229,28.587,33.287,31.655,26.885,22.682,21.426,19.546,21.704,23.500,28.327,34.147,42.601,50.513,53.192,48.012,43.467,41.602,37.831
26.707,25.105,23.119,21.210,20.635,23.436,28.796,33.458,31.874,27.119,22.890,21.681,19.787,21.907,23.724,28.506,34.306,42.802,50.583,53.519,48.169,43.620,41.747,37.941
26.797,25.188,23.202,21.292,20.713,23.517,28.869,33.549,31.973,27.211,22.980,21.783,19.885,21.996,23.817,28.604,34.436,42.921,50.706,53.570,48.234,43.688,41.825,38.033
26.919,25.295,23.319,21.420,20.843,23.656,28.984,33.641,32.072,27.331,23.102,21.936,20.046,22.131,23.962,28.740,34.572,43.001,50.744,53.570,48.252,43.723,41.869,38.112
27.055,25.442,23.471,21.574,21.010,23.813,29.142,33.763,32.176,27.456,23.240,22.059,20.183,22.276,24.100,28.868,34.642,43.057,50.789,53.686,48.378,43.856,41.991,38.229
27.179,25.540,23.575,21.688,21.110,23.937,29.253,33.881,32.318,27.596,23.360,22.226,20.341,22.401,24.246,29.015,34.838,43.234,50.895,53.787,48.446,43.928,42.073,38.334
27.296,25.645,23.689,21.813,21.243,24.085,29.411,33.986,32.412,27.714,23.465,22.349,20.474,22.520,24.383,29.145,34.924,43.305,50.923,53.951,48.562,44.042,42.170,38.428
27.380,25.720,23.773,21.917,21.347,24.214,29.574,34.075,32.489,27.816,23.537,22.439,20.569,22.603,24.492,29.238,34.940,43.360,50.924,54.258,48.727,44.188,42.277,38.492
27.597,25.948,24.008,22.172,21.578,24.436,29.784,34.278,32.736,28.069,23.790,22.712,20.829,22.843,24.731,29.436,35.133,43.580,50.941,54.508,48.891,44.358,42.455,38.648
27.689,26.020,24.090,22.262,21.680,24.557,29.903,34.352,32.793,28.151,23.864,22.810,20.941,22.937,24.843,29.551,35.220,43.622,50.948,54.564,48.944,44.418,42.504,38.719
27.821,26.130,24.218,22.409,21.844,24.747,30.099,34.455,32.874,28.279,23.976,22.956,21.108,23.078,25.011,29.709,35.300,43.655,50.976,54.716,49.011,44.519,42.574,38.803
27.929,26.206,24.316,22.532,21.976,24.915,30.266,34.529,32.938,28.392,24.066,23.103,21.273,23.199,25.169,29.851,35.383,43.682,51.024,54.735,49.040,44.532,42.579,38.846
28.065,26.284,24.420,22.658,22.120,25.106,30.419,34.604,33.004,28.513,24.169,23.294,21.491,23.349,25.364,30.050,35.577,43.730,51.063,54.828,49.076,44.564,42.603,38.906
28.215,26.432,24.575,22.830,22.279,25.270,30.580,34.744,33.167,28.686,24.333,23.482,21.674,23.511,25.536,30.198,35.713,43.877,51.071,54.930,49.131,44.654,42.694,39.014
28.364,26.556,24.698,22.961,22.392,25.412,30.735,34.912,33.356,28.860,24.471,23.659,21.835,23.648,25.700,30.369,35.935,44.128,51.196,55.197,49.318,44.824,42.862,39.176
28.573,26.806,24.932,23.169,22.604,25.576,30.882,35.131,33.574,29.049,24.705,23.828,22.000,23.859,25.863,30.539,36.132,44.337,51.511,55.279,49.530,45.045,43.108,39.423
28.747,27.031,25.147,23.383,22.802,25.733,31.066,35.333,33.788,29.245,24.918,23.979,22.136,24.039,26.009,30.654,36.198,44.515,51.701,55.648,49.826,45.323,43.375,39.606
28.926,27.197,25.330,23.583,23.013,25.955,31.269,35.470,33.919,29.418,25.095,24.187,22.363,24.238,26.221,30.849,36.341,44.591,51.705,55.720,49.896,45.413,43.460,39.720
29.087,27.403,25.524,23.748,23.214,26.116,31.465,35.652,34.035,29.534,25.248,24.239,22.434,24.386,26.327,30.969,36.361,44.649,51.874,55.933,50.192,45.711,43.729,39.945
29.280,27.532,25.676,23.925,23.393,26.348,31.655,35.793,34.190,29.728,25.414,24.510,22.719,24.591,26.583,31.229,36.662,44.820,51.907,55.952,50.206,45.726,43.758,40.065
29.582,27.797,25.980,24.292,23.737,26.735,32.021,36.032,34.479,30.088,25.735,24.946,23.160,24.939,26.986,31.562,36.928,45.040,51.942,56.134,50.319,45.872,43.890,40.202
29.867,28.103,26.285,24.583,24.034,26.985,32.199,36.274,34.738,30.344,26.054,25.247,23.468,25.251,27.256,31.826,37.247,45.263,52.189,56.276,50.389,45.991,44.064,40.451
30.053,28.310,26.493,24.800,24.242,27.180,32.407,36.463,34.938,30.548,26.261,25.438,23.655,25.447,27.443,31.986,37.362,45.428,52.319,56.434,50.616,46.211,44.273,40.616
30.244,28.474,26.655,24.955,24.399,27.359,32.579,36.660,35.132,30.731,26.429,25.632,23.847,25.624,27.636,32.209,37.647,45.678,52.596,56.562,50.786,46.382,44.454,40.835
30.511,28.713,26.892,25.190,24.621,27.597,32.783,36.920,35.422,31.002,26.691,25.939,24.143,25.888,27.913,32.504,38.053,46.033,52.963,56.662,50.948,46.557,44.664,41.104
30.825,29.082,27.237,25.494,24.938,27.854,33.044,37.264,35.742,31.281,27.024,26.167,24.368,26.191,28.154,32.765,38.323,46.346,53.438,56.909,51.350,46.956,45.079,41.498
31.136,29.446,27.587,25.845,25.253,28.123,33.324,37.608,36.132,31.633,27.392,26.485,24.656,26.512,28.438,33.012,38.579,46.730,53.761,57.390,51.715,47.342,45.474,41.814
31.440,29.630,27.824,26.140,25.567,28.547,33.695,37.806,36.331,31.938,27.635,26.926,25.137,26.843,28.877,33.443,38.993,46.906,53.830,57.421,51.752,47.352,45.476,41.956
31.729,29.963,28.129,26.410,25.837,28.782,33.977,38.163,36.665,32.217,27.927,27.122,25.316,27.100,29.095,33.688,39.245,47.280,54.278,57.921,52.240,47.841,45.954,42.362
32.073,30.266,28.447,26.767,26.167,29.170,34.394,38.512,37.046,32.616,28.258,27.538,25.719,27.444,29.498,34.068,39.612,47.690,54.533,58.547,52.625,48.202,46.285,42.658
32.474,30.693,28.850,27.128,26.545,29.516,34.750,38.949,37.450,32.977,28.649,27.852,26.031,27.818,29.833,34.447,40.031,48.131,55.141,58.892,53.124,48.692,46.787,43.161
33.194,31.459,29.569,27.841,27.183,30.163,35.559,39.852,38.398,33.804,29.382,28.510,26.606,28.467,30.489,35.104,40.716,49.242,56.291,60.695,54.491,49.922,47.950,44.061
34.025,32.357,30.400,28.575,27.907,30.795,36.166,40.776,39.329,34.582,30.237,29.213,27.266,29.248,31.164,35.870,41.740,50.334,57.786,61.255,55.441,50.865,48.983,45.121
35.535,33.509,31.549,29.813,28.956,32.244,37.732,42.479,41.259,36.350,31.557,31.062,28.953,30.594,32.877,37.727,44.264,53.041,60.150,63.908,57.249,52.506,50.619,46.786
