24.960,23.514,23.405,22.417,21.940,22.486,24.068,28.351,33.316,32.359,32.014,34.045,32.894,32.281,32.686,36.035,37.722,44.839,42.448,42.482,43.178,39.037,29.941,29.352
29.814,28.678,28.095,27.190,26.440,26.606,28.319,34.081,38.491,39.304,38.330,40.235,39.737,38.831,39.316,41.021,43.286,49.915,47.482,46.659,43.412,40.558,34.434,32.962
32.355,31.293,30.837,29.958,29.156,29.459,30.911,36.951,41.129,42.393,41.510,43.512,43.180,42.482,43.066,43.491,45.796,52.092,49.210,48.637,43.420,41.046,36.614,35.104
34.064,33.059,32.614,31.762,30.934,31.205,32.636,38.729,42.648,44.218,43.321,45.310,45.125,44.460,45.146,45.175,47.509,53.548,50.552,49.756,43.490,41.637,38.126,36.530
35.442,34.515,34.008,33.196,32.340,32.479,33.993,40.093,43.660,45.598,44.609,46.518,46.525,45.810,46.614,46.501,48.881,54.610,51.647,50.345,43.549,41.956,39.317,37.564
36.044,35.122,34.633,33.831,32.993,33.117,34.640,40.596,44.078,45.980,45.014,46.896,46.911,46.204,47.030,47.009,49.345,54.985,52.058,50.675,44.026,42.466,39.869,38.144
36.509,35.616,35.066,34.284,33.452,33.484,35.087,40.937,44.293,46.234,45.208,47.009,47.069,46.292,47.127,47.338,49.666,55.194,52.429,50.794,44.534,42.902,40.300,38.527
36.990,36.094,35.588,34.812,33.995,34.042,35.630,41.357,44.649,46.555,45.577,47.379,47.441,46.701,47.571,47.785,50.071,55.530,52.733,51.070,44.849,43.228,40.731,39.001
37.336,36.448,35.939,35.165,34.344,34.399,35.964,41.726,45.018,46.948,45.967,47.769,47.837,47.103,47.960,48.087,50.378,55.821,53.016,51.403,45.049,43.485,41.056,39.321
37.608,36.727,36.216,35.446,34.624,34.656,36.246,41.983,45.215,47.189,46.201,47.993,48.089,47.348,48.237,48.385,50.678,56.069,53.082,51.549,45.173,43.620,41.308,39.554
37.895,36.993,36.575,35.801,34.997,35.123,36.614,42.263,45.525,47.393,46.509,48.348,48.399,47.753,48.647,48.630,50.839,56.078,53.273,51.823,45.290,43.803,41.549,39.898
38.156,37.260,36.839,36.070,35.271,35.386,36.881,42.492,45.723,47.401,46.703,48.527,48.547,47.935,48.830,48.840,50.865,56.252,53.327,51.983,45.517,44.027,41.790,40.141
38.319,37.426,37.000,36.227,35.419,35.563,37.013,42.711,46.024,47.589,46.846,48.708,48.584,48.139,48.967,48.905,51.063,56.416,53.516,52.274,45.645,44.217,41.962,40.313
38.424,37.507,37.148,36.374,35.601,35.798,37.201,42.723,46.038,47.712,46.909,48.754,48.725,48.150,48.978,48.956,51.113,56.497,53.580,52.306,46.063,44.541,42.056,40.522
38.598,37.690,37.326,36.558,35.789,35.981,37.376,42.823,46.130,47.833,47.005,48.845,48.829,48.241,49.069,48.969,51.193,56.540,53.653,52.344,46.191,44.681,42.207,40.678
38.796,37.847,37.683,36.922,36.169,36.385,37.737,42.858,46.164,47.895,47.028,48.856,48.884,48.246,49.098,49.047,51.210,56.602,53.681,52.427,46.353,44.894,42.277,40.990
38.917,38.012,37.688,36.925,36.237,36.523,37.805,43.121,46.393,48.009,47.247,49.068,49.028,48.477,49.300,49.237,51.339,56.619,53.728,52.571,46.371,44.909,42.469,41.041
39.043,38.148,37.813,37.053,36.294,36.599,37.844,43.287,46.577,48.220,47.451,49.276,49.237,48.693,49.493,49.314,51.427,56.701,53.799,52.727,46.444,44.945,42.579,41.093
39.277,38.381,38.053,37.296,36.543,36.755,38.103,43.474,46.712,48.350,47.588,49.363,49.365,48.766,49.553,49.470,51.585,56.753,53.984,52.765,46.570,45.142,42.803,41.320
39.367,38.506,38.112,37.373,36.612,36.770,38.133,43.539,46.730,48.435,47.607,49.403,49.376,48.828,49.659,49.568,51.666,56.907,54.016,52.838,46.587,45.163,42.856,41.321
39.515,38.652,38.251,37.509,36.745,36.899,38.271,43.705,46.909,48.625,47.788,49.549,49.552,48.946,49.733,49.655,51.782,56.971,54.199,52.971,46.759,45.344,43.020,41.474
39.606,38.742,38.331,37.586,36.818,36.969,38.347,43.812,47.038,48.757,47.909,49.671,49.672,49.056,49.835,49.764,51.902,57.116,54.350,53.130,46.920,45.495,43.129,41.574
39.715,38.850,38.431,37.683,36.909,37.066,38.439,43.956,47.214,48.943,48.086,49.857,49.853,49.234,50.002,49.899,52.052,57.297,54.522,53.337,47.061,45.644,43.256,41.691
39.833,38.967,38.571,37.823,37.051,37.239,38.568,44.093,47.371,49.083,48.250,50.035,50.018,49.429,50.183,49.973,52.116,57.355,54.545,53.470,47.064,45.701,43.354,41.814
39.954,39.093,38.699,37.953,37.179,37.376,38.688,44.226,47.503,49.226,48.396,50.183,50.168,49.587,50.336,50.069,52.212,57.439,54.618,53.576,47.086,45.759,43.460,41.922
40.051,39.195,38.783,38.038,37.262,37.443,38.767,44.319,47.594,49.328,48.479,50.254,50.242,49.644,50.382,50.142,52.292,57.518,54.729,53.669,47.224,45.888,43.561,42.008
40.139,39.287,38.870,38.128,37.354,37.523,38.856,44.387,47.638,49.379,48.525,50.288,50.285,49.679,50.422,50.207,52.353,57.556,54.787,53.690,47.290,45.949,43.639,42.080
40.256,39.396,39.013,38.269,37.502,37.707,39.002,44.503,47.771,49.469,48.653,50.434,50.411,49.841,50.582,50.307,52.432,57.635,54.822,53.815,47.363,46.044,43.742,42.223
40.358,39.503,39.117,38.374,37.605,37.811,39.098,44.616,47.881,49.593,48.774,50.555,50.536,49.967,50.704,50.391,52.519,57.712,54.897,53.906,47.392,46.099,43.834,42.310
40.467,39.609,39.242,38.499,37.733,37.961,39.223,44.729,48.003,49.696,48.898,50.689,50.661,50.114,50.849,50.486,52.604,57.794,54.951,54.017,47.446,46.176,43.932,42.429
40.563,39.704,39.335,38.591,37.824,38.055,39.313,44.833,48.119,49.810,49.011,50.804,50.773,50.225,50.955,50.582,52.702,57.902,55.059,54.143,47.475,46.287,44.032,42.529
40.651,39.795,39.425,38.680,37.906,38.147,39.388,44.959,48.261,49.977,49.174,50.975,50.946,50.403,51.123,50.670,52.802,58.009,55.147,54.279,47.554,46.291,44.117,42.606
40.735,39.899,39.485,38.747,37.959,38.155,39.431,45.067,48.324,50.094,49.284,51.063,51.058,50.496,51.221,50.759,52.926,58.103,55.276,54.297,47.560,46.330,44.191,42.618
40.796,39.941,39.569,38.826,38.054,38.289,39.536,45.090,48.382,50.140,49.290,51.086,51.076,50.513,51.235,50.806,52.934,58.133,55.281,54.394,47.714,46.480,44.260,42.749
40.927,40.061,39.715,38.966,38.198,38.457,39.690,45.228,48.539,50.221,49.444,51.260,51.218,50.695,51.427,50.979,53.098,58.318,55.423,54.575,47.868,46.629,44.398,42.912
41.018,40.154,39.807,39.059,38.289,38.547,39.776,45.327,48.640,50.329,49.551,51.368,51.328,50.806,51.534,51.060,53.181,58.398,55.499,54.666,47.917,46.694,44.483,42.995
41.122,40.279,39.869,39.129,38.345,38.551,39.822,45.441,48.719,50.498,49.650,51.431,51.427,50.849,51.567,51.143,53.302,58.500,55.681,54.726,47.998,46.775,44.593,43.034
41.220,40.373,39.978,39.236,38.458,38.674,39.936,45.527,48.813,50.560,49.729,51.515,51.499,50.933,51.649,51.227,53.372,58.571,55.743,54.823,48.130,46.900,44.689,43.152
41.355,40.505,40.128,39.385,38.606,38.841,40.082,45.681,48.970,50.720,49.907,51.707,51.691,51.146,51.868,51.373,53.516,58.711,55.843,54.963,48.146,46.954,44.810,43.284
41.439,40.587,40.211,39.469,38.695,38.928,40.174,45.740,49.028,50.752,49.943,51.737,51.713,51.166,51.886,51.442,53.575,58.769,55.919,55.032,48.323,47.100,44.899,43.383
41.522,40.673,40.294,39.553,38.778,39.012,40.252,45.827,49.116,50.845,50.034,51.826,51.803,51.256,51.971,51.507,53.641,58.831,55.983,55.109,48.375,47.165,44.977,43.458
41.623,40.780,40.379,39.637,38.850,39.076,40.318,45.978,49.289,51.066,50.227,52.021,52.008,51.446,52.147,51.628,53.790,59.001,56.154,55.295,48.431,47.253,45.090,43.541
41.700,40.860,40.459,39.716,38.928,39.159,40.391,46.067,49.380,51.166,50.327,52.123,52.111,51.552,52.248,51.691,53.856,59.064,56.210,55.375,48.452,47.298,45.160,43.609
41.805,40.969,40.562,39.823,39.037,39.256,40.497,46.149,49.439,51.229,50.385,52.170,52.164,51.599,52.298,51.772,53.932,59.117,56.285,55.412,48.544,47.382,45.255,43.701
41.900,41.070,40.648,39.912,39.121,39.324,40.579,46.249,49.526,51.343,50.481,52.257,52.264,51.684,52.384,51.867,54.038,59.215,56.399,55.489,48.612,47.455,45.350,43.776
41.996,41.171,40.739,40.004,39.210,39.400,40.667,46.348,49.606,51.452,50.577,52.339,52.363,51.752,52.452,51.968,54.147,59.311,56.504,55.552,48.651,47.502,45.440,43.850
42.058,41.239,40.787,40.055,39.262,39.429,40.717,46.387,49.633,51.481,50.587,52.347,52.367,51.777,52.484,52.004,54.185,59.342,56.579,55.581,48.797,47.618,45.508,43.905
42.131,41.312,40.858,40.127,39.335,39.496,40.790,46.449,49.683,51.535,50.638,52.384,52.412,51.797,52.501,52.072,54.251,59.399,56.646,55.624,48.869,47.684,45.578,43.971
42.210,41.392,40.941,40.212,39.423,39.580,40.878,46.509,49.729,51.572,50.679,52.421,52.450,51.835,52.544,52.139,54.311,59.445,56.699,55.658,48.950,47.755,45.651,44.049
42.325,41.508,41.046,40.317,39.526,39.669,40.988,46.619,49.829,51.685,50.780,52.515,52.552,51.924,52.640,52.277,54.456,59.592,56.861,55.769,49.107,47.891,45.775,44.160
42.475,41.662,41.197,40.470,39.676,39.814,41.135,46.777,49.972,51.852,50.942,52.676,52.724,52.095,52.818,52.434,54.618,59.741,57.004,55.890,49.170,47.974,45.916,44.291
42.567,41.755,41.279,40.552,39.758,39.883,41.219,46.858,50.052,51.932,51.010,52.737,52.785,52.143,52.862,52.524,54.711,59.839,57.126,55.983,49.337,48.116,46.018,44.385
42.702,41.894,41.404,40.681,39.887,39.987,41.352,46.968,50.128,52.025,51.089,52.800,52.863,52.203,52.936,52.665,54.853,59.961,57.276,56.046,49.484,48.239,46.151,44.502
42.838,42.028,41.535,40.811,40.019,40.106,41.492,47.087,50.230,52.130,51.189,52.896,52.966,52.297,53.043,52.826,55.015,60.119,57.444,56.153,49.658,48.386,46.291,44.636
42.961,42.149,41.668,40.943,40.150,40.251,41.621,47.228,50.378,52.281,51.351,53.069,53.137,52.482,53.231,52.963,55.151,60.258,57.554,56.295,49.711,48.465,46.409,44.761
43.057,42.247,41.756,41.031,40.238,40.328,41.711,47.317,50.463,52.370,51.430,53.141,53.212,52.545,53.293,53.059,55.250,60.358,57.672,56.387,49.853,48.590,46.511,44.855
43.191,42.380,41.891,41.166,40.371,40.469,41.841,47.460,50.620,52.521,51.584,53.298,53.363,52.701,53.440,53.181,55.373,60.489,57.798,56.549,49.988,48.735,46.646,44.993
43.280,42.487,41.955,41.235,40.428,40.494,41.884,47.578,50.725,52.699,51.714,53.409,53.499,52.803,53.528,53.243,55.466,60.569,57.920,56.630,49.988,48.769,46.732,45.030
43.368,42.578,42.036,41.318,40.510,40.564,41.965,47.659,50.797,52.780,51.784,53.471,53.567,52.860,53.585,53.325,55.551,60.648,58.017,56.698,50.090,48.863,46.821,45.109
43.511,42.719,42.190,41.469,40.659,40.728,42.113,47.828,50.971,52.966,51.980,53.680,53.778,53.086,53.816,53.491,55.720,60.820,58.153,56.863,50.133,48.940,46.958,45.250
43.628,42.837,42.319,41.599,40.787,40.873,42.234,47.965,51.114,53.115,52.141,53.851,53.946,53.272,53.998,53.597,55.824,60.919,58.224,56.987,50.139,48.988,47.061,45.361
43.725,42.936,42.423,41.704,40.893,40.980,42.338,48.057,51.192,53.196,52.227,53.936,54.036,53.366,54.098,53.685,55.909,60.987,58.287,57.043,50.176,49.037,47.146,45.448
43.885,43.096,42.588,41.868,41.053,41.147,42.497,48.239,51.374,53.399,52.432,54.149,54.255,53.592,54.329,53.864,56.093,61.172,58.447,57.213,50.237,49.129,47.299,45.597
43.984,43.192,42.681,41.958,41.141,41.242,42.586,48.359,51.527,53.543,52.573,54.298,54.393,53.730,54.455,53.977,56.213,61.322,58.593,57.402,50.412,49.299,47.417,45.715
44.130,43.348,42.809,42.086,41.256,41.345,42.693,48.556,51.735,53.813,52.810,54.532,54.643,53.961,54.673,54.133,56.401,61.521,58.799,57.608,50.471,49.400,47.569,45.829
44.196,43.419,42.869,42.147,41.313,41.402,42.740,48.640,51.834,53.924,52.909,54.629,54.739,54.052,54.746,54.168,56.445,61.570,58.858,57.706,50.520,49.471,47.634,45.886
44.361,43.578,43.030,42.304,41.470,41.561,42.908,48.807,52.016,54.093,53.081,54.806,54.911,54.222,54.920,54.375,56.654,61.803,59.085,57.923,50.779,49.701,47.819,46.072
44.436,43.653,43.100,42.374,41.538,41.633,42.972,48.895,52.124,54.198,53.182,54.910,55.007,54.318,55.001,54.435,56.718,61.880,59.165,58.044,50.876,49.808,47.899,46.152
44.545,43.763,43.217,42.489,41.649,41.760,43.076,49.039,52.283,54.373,53.362,55.102,55.199,54.523,55.201,54.547,56.837,62.004,59.258,58.191,50.879,49.852,48.000,46.254
44.677,43.891,43.351,42.623,41.787,41.892,43.223,49.147,52.376,54.453,53.448,55.186,55.285,54.607,55.301,54.702,56.984,62.147,59.403,58.290,51.057,50.003,48.136,46.395
44.804,44.014,43.455,42.721,41.880,41.988,43.318,49.307,52.598,54.664,53.641,55.384,55.466,54.774,55.438,54.845,57.145,62.367,59.639,58.585,51.370,50.293,48.302,46.551
44.943,44.157,43.584,42.853,42.011,42.098,43.453,49.429,52.696,54.777,53.739,55.469,55.562,54.853,55.525,54.991,57.295,62.506,59.804,58.680,51.542,50.440,48.445,46.679
45.078,44.297,43.709,42.978,42.129,42.205,43.568,49.591,52.858,54.979,53.922,55.652,55.758,55.037,55.710,55.146,57.468,62.684,59.981,58.838,51.613,50.534,48.582,46.792
45.234,44.449,43.857,43.124,42.274,42.344,43.722,49.744,53.015,55.133,54.071,55.802,55.907,55.179,55.857,55.337,57.663,62.894,60.196,59.022,51.850,50.742,48.754,46.959
45.383,44.597,44.008,43.274,42.420,42.500,43.866,49.918,53.204,55.331,54.271,56.010,56.115,55.392,56.066,55.496,57.829,63.071,60.354,59.214,51.953,50.869,48.904,47.108
45.515,44.739,44.120,43.385,42.517,42.589,43.952,50.112,53.426,55.611,54.516,56.255,56.369,55.629,56.279,55.630,57.997,63.263,60.553,59.447,52.024,50.986,49.048,47.214
45.685,44.908,44.276,43.542,42.677,42.723,44.123,50.246,53.541,55.717,54.610,56.335,56.454,55.692,56.354,55.823,58.189,63.455,60.781,59.584,52.339,51.238,49.234,47.391
45.811,45.039,44.388,43.655,42.787,42.812,44.233,50.367,53.649,55.849,54.719,56.432,56.562,55.780,56.442,55.948,58.324,63.583,60.940,59.689,52.482,51.370,49.365,47.500
46.036,45.253,44.626,43.889,43.025,43.064,44.485,50.586,53.868,56.045,54.940,56.669,56.793,56.028,56.711,56.230,58.595,63.866,61.184,59.925,52.726,51.597,49.595,47.749
46.163,45.370,44.755,44.011,43.147,43.215,44.610,50.746,54.089,56.232,55.141,56.890,56.989,56.239,56.903,56.378,58.744,64.067,61.356,60.203,52.958,51.828,49.746,47.919
46.396,45.582,45.013,44.263,43.415,43.516,44.896,50.938,54.298,56.349,55.311,57.080,57.148,56.432,57.111,56.640,58.970,64.311,61.562,60.449,53.344,52.158,49.987,48.219
46.646,45.829,45.257,44.505,43.652,43.746,45.142,51.204,54.559,56.636,55.591,57.366,57.444,56.722,57.418,56.952,59.294,64.646,61.882,60.723,53.573,52.385,50.247,48.463
46.956,46.127,45.569,44.810,43.954,44.059,45.462,51.542,54.914,56.994,55.961,57.759,57.836,57.124,57.841,57.369,59.719,65.108,62.296,61.121,53.906,52.708,50.579,48.797
47.260,46.421,45.866,45.100,44.241,44.350,45.764,51.870,55.269,57.347,56.314,58.127,58.200,57.486,58.211,57.756,60.116,65.549,62.713,61.531,54.302,53.081,50.913,49.127
47.407,46.570,46.017,45.250,44.385,44.502,45.906,52.050,55.453,57.559,56.525,58.348,58.428,57.721,58.450,57.929,60.300,65.737,62.873,61.706,54.342,53.158,51.057,49.262
47.696,46.845,46.292,45.515,44.647,44.783,46.181,52.379,55.858,57.933,56.901,58.746,58.799,58.093,58.803,58.283,60.667,66.184,63.300,62.209,54.847,53.629,51.395,49.606
48.287,47.399,46.928,46.136,45.278,45.467,46.854,52.976,56.462,58.481,57.529,59.434,59.471,58.827,59.608,59.078,61.434,66.992,63.964,62.863,55.418,54.175,52.000,50.269
48.582,47.675,47.224,46.428,45.584,45.771,47.188,53.203,56.686,58.626,57.699,59.604,59.622,58.979,59.783,59.425,61.753,67.331,64.315,63.147,56.003,54.646,52.323,50.624
48.890,47.998,47.498,46.701,45.831,45.994,47.426,53.614,57.118,59.180,58.192,60.100,60.151,59.473,60.265,59.797,62.188,67.798,64.779,63.590,56.154,54.870,52.651,50.877
49.201,48.286,47.827,47.018,46.154,46.369,47.763,53.953,57.533,59.521,58.579,60.526,60.536,59.898,60.683,60.169,62.547,68.225,65.136,64.083,56.608,55.309,52.991,51.265
49.675,48.743,48.307,47.491,46.632,46.860,48.264,54.415,58.010,59.955,59.037,61.001,60.997,60.370,61.176,60.726,63.092,68.805,65.687,64.616,57.233,55.878,53.491,51.788
50.448,49.472,49.097,48.263,47.422,47.688,49.107,55.153,58.797,60.620,59.768,61.777,61.730,61.137,61.987,61.683,64.016,69.816,66.622,65.541,58.386,56.898,54.325,52.687
51.021,50.060,49.618,48.785,47.921,48.118,49.616,55.775,59.388,61.343,60.409,62.398,62.403,61.744,62.612,62.370,64.765,70.582,67.432,66.153,58.936,57.437,54.932,53.197
51.806,50.805,50.396,49.544,48.685,48.921,50.425,56.579,60.295,62.150,61.253,63.289,63.244,62.602,63.479,63.330,65.721,71.668,68.459,67.240,60.166,58.553,55.804,54.110
52.588,51.554,51.279,50.405,49.534,49.930,51.277,57.568,61.380,63.256,62.486,64.658,64.590,64.101,65.017,64.325,66.717,72.732,69.182,68.307,60.262,58.906,56.549,54.931
53.916,52.810,52.649,51.731,50.852,51.387,52.666,59.082,63.094,64.889,64.228,66.551,66.416,66.031,66.994,66.089,68.498,74.752,70.902,70.274,61.756,60.405,57.989,56.446
55.058,53.908,53.810,52.885,52.045,52.561,53.932,60.031,63.967,65.599,65.010,67.332,67.174,66.799,67.863,67.395,69.726,75.979,72.135,71.233,63.423,61.808,59.169,57.703
57.794,56.590,56.456,55.474,54.555,55.092,56.546,63.185,67.358,69.230,68.561,71.037,70.913,70.501,71.634,70.961,73.492,80.134,76.013,75.035,66.327,64.730,62.151,60.526
63.657,62.274,62.209,61.133,60.193,60.644,62.530,69.140,73.377,75.272,74.622,77.287,77.208,76.718,78.250,78.505,81.153,88.314,83.852,81.830,73.691,71.420,68.465,66.743
