4.679,4.303,4.630,4.443,3.756,5.566,11.309,16.240,12.564,6.746,-2.207,-6.256,-10.796,-14.474,-14.194,-6.188,3.485,9.592,18.405,17.758,10.843,14.192,12.094,9.080
7.083,6.633,6.349,5.888,5.522,7.534,12.586,17.024,13.977,8.484,0.596,-3.364,-7.704,-10.802,-10.482,-3.438,5.043,11.474,19.303,20.431,13.529,15.417,14.413,11.719
8.788,8.319,7.652,7.027,6.835,8.941,13.550,17.676,15.037,9.759,2.544,-1.280,-5.487,-8.227,-7.935,-1.508,6.214,12.808,20.108,22.352,15.561,16.584,16.126,13.675
10.730,10.281,9.266,8.514,8.557,10.751,14.824,18.435,16.211,11.358,4.863,0.995,-2.987,-5.281,-4.947,0.888,7.771,14.226,20.646,23.565,16.965,17.398,17.644,15.430
12.273,11.753,10.783,10.040,10.118,12.261,16.143,19.644,17.528,12.841,6.744,3.022,-0.768,-2.949,-2.530,2.935,9.432,15.753,21.711,24.703,18.206,18.290,18.818,16.639
13.091,12.524,11.570,10.820,10.893,13.024,16.877,20.415,18.324,13.621,7.645,4.019,0.268,-1.907,-1.465,3.866,10.263,16.639,22.527,25.666,19.154,19.017,19.623,17.442
13.751,13.147,12.273,11.549,11.605,13.695,17.533,21.088,18.987,14.310,8.424,4.873,1.188,-0.996,-0.516,4.721,11.051,17.368,23.148,26.198,19.712,19.502,20.146,17.944
14.443,13.890,12.947,12.209,12.287,14.371,18.119,21.561,19.532,14.949,9.134,5.594,1.936,-0.176,0.255,5.443,11.666,17.894,23.625,26.720,20.365,20.209,20.818,18.696
15.021,14.464,13.552,12.828,12.886,14.939,18.681,22.135,20.107,15.532,9.751,6.279,2.647,0.526,0.949,6.095,12.291,18.486,24.220,27.288,20.984,20.817,21.377,19.264
15.519,14.905,13.993,13.256,13.340,15.399,19.067,22.504,20.525,15.982,10.381,6.956,3.389,1.315,1.795,6.767,12.796,19.021,24.549,27.765,21.426,20.996,21.759,19.641
16.014,15.439,14.542,13.823,13.898,15.927,19.575,22.959,20.983,16.501,10.890,7.473,3.929,1.867,2.318,7.311,13.335,19.440,24.967,28.034,21.802,21.527,22.194,20.106
16.402,15.768,14.863,14.128,14.235,16.276,19.853,23.219,21.294,16.838,11.407,8.024,4.539,2.527,3.040,7.862,13.720,19.870,25.183,28.416,22.131,21.578,22.469,20.373
16.758,16.157,15.259,14.535,14.628,16.654,20.243,23.595,21.657,17.216,11.728,8.343,4.849,2.826,3.306,8.186,14.090,20.182,25.566,28.699,22.475,22.062,22.843,20.764
17.037,16.443,15.576,14.866,14.933,16.938,20.562,23.949,21.983,17.520,11.986,8.631,5.129,3.072,3.536,8.450,14.408,20.487,25.951,29.019,22.818,22.468,23.156,21.071
17.286,16.681,15.849,15.152,15.212,17.208,20.846,24.247,22.260,17.796,12.254,8.897,5.405,3.333,3.814,8.735,14.711,20.769,26.214,29.205,22.995,22.666,23.358,21.253
17.616,16.964,16.176,15.486,15.535,17.517,21.158,24.608,22.615,18.126,12.652,9.357,5.894,3.806,4.323,9.164,15.097,21.191,26.581,29.617,23.370,22.894,23.649,21.518
17.991,17.347,16.469,15.745,15.851,17.857,21.368,24.693,22.802,18.414,13.110,9.804,6.391,4.412,4.934,9.636,15.368,21.434,26.622,29.833,23.633,23.016,23.936,21.865
18.320,17.671,16.770,16.036,16.154,18.154,21.611,24.903,23.056,18.702,13.494,10.230,6.850,4.907,5.427,10.038,15.670,21.729,26.845,30.150,23.988,23.273,24.239,22.197
18.558,17.882,17.036,16.319,16.420,18.406,21.892,25.229,23.350,18.973,13.761,10.518,7.150,5.176,5.723,10.329,15.985,22.045,27.150,30.389,24.197,23.460,24.435,22.359
18.698,18.022,17.176,16.458,16.555,18.536,22.015,25.353,23.481,19.106,13.909,10.689,7.326,5.354,5.894,10.482,16.123,22.182,27.292,30.550,24.374,23.621,24.584,22.515
18.923,18.267,17.354,16.615,16.747,18.747,22.159,25.416,23.600,19.282,14.149,10.900,7.549,5.639,6.169,10.714,16.266,22.306,27.335,30.682,24.538,23.758,24.785,22.758
19.252,18.616,17.720,16.994,17.118,19.096,22.495,25.723,23.907,19.628,14.495,11.259,7.927,6.023,6.538,11.088,16.633,22.596,27.616,30.866,24.790,24.097,25.068,23.057
19.466,18.823,17.927,17.202,17.335,19.312,22.688,25.896,24.093,19.837,14.745,11.508,8.197,6.309,6.838,11.353,16.856,22.802,27.759,31.011,24.939,24.214,25.231,23.223
19.664,19.035,18.105,17.369,17.520,19.506,22.846,26.008,24.235,20.011,14.948,11.695,8.390,6.535,7.056,11.553,17.013,22.941,27.860,31.146,25.099,24.374,25.416,23.431
19.836,19.217,18.277,17.541,17.692,19.674,23.001,26.147,24.385,20.176,15.123,11.878,8.578,6.732,7.242,11.731,17.175,23.086,28.006,31.299,25.278,24.565,25.590,23.619
20.130,19.494,18.596,17.875,18.024,19.990,23.306,26.447,24.676,20.493,15.480,12.246,8.981,7.136,7.674,12.129,17.543,23.406,28.242,31.451,25.438,24.715,25.780,23.794
20.388,19.745,18.846,18.123,18.281,20.246,23.535,26.656,24.901,20.742,15.778,12.551,9.309,7.483,8.033,12.443,17.807,23.656,28.428,31.653,25.647,24.880,25.992,24.011
20.597,19.927,19.059,18.343,18.497,20.449,23.730,26.867,25.112,20.953,16.044,12.854,9.641,7.811,8.385,12.739,18.063,23.910,28.624,31.849,25.836,24.991,26.147,24.152
20.762,20.115,19.227,18.509,18.662,20.612,23.888,27.006,25.259,21.112,16.182,12.991,9.768,7.945,8.494,12.868,18.201,24.030,28.783,32.007,26.029,25.240,26.344,24.370
20.922,20.277,19.384,18.666,18.822,20.770,24.028,27.129,25.394,21.264,16.360,13.175,9.963,8.153,8.701,13.055,18.359,24.173,28.897,32.125,26.165,25.367,26.482,24.517
21.063,20.422,19.521,18.800,18.960,20.907,24.151,27.238,25.514,21.397,16.508,13.326,10.120,8.321,8.865,13.206,18.490,24.294,29.006,32.248,26.303,25.501,26.619,24.664
21.164,20.515,19.630,18.912,19.056,20.992,24.254,27.376,25.642,21.498,16.606,13.465,10.255,8.436,8.973,13.306,18.603,24.430,29.187,32.449,26.505,25.677,26.758,24.799
21.291,20.658,19.730,18.999,19.160,21.106,24.328,27.404,25.706,21.593,16.735,13.586,10.381,8.598,9.120,13.428,18.676,24.493,29.219,32.542,26.627,25.787,26.888,24.959
21.384,20.764,19.817,19.081,19.241,21.186,24.402,27.469,25.782,21.672,16.810,13.670,10.459,8.681,9.184,13.494,18.738,24.557,29.316,32.671,26.779,25.951,27.019,25.107
21.530,20.884,19.973,19.246,19.404,21.337,24.546,27.625,25.932,21.829,17.014,13.898,10.717,8.936,9.468,13.731,18.942,24.747,29.436,32.763,26.860,25.973,27.091,25.162
21.797,21.174,20.265,19.546,19.695,21.611,24.809,27.863,26.176,22.101,17.282,14.183,11.011,9.236,9.743,14.013,19.219,24.969,29.678,32.952,27.115,26.303,27.352,25.446
21.865,21.238,20.324,19.600,19.744,21.661,24.867,27.941,26.255,22.159,17.337,14.259,11.077,9.294,9.794,14.059,19.270,25.052,29.795,33.119,27.274,26.430,27.465,25.560
21.922,21.296,20.380,19.655,19.797,21.716,24.931,28.013,26.323,22.216,17.380,14.298,11.108,9.320,9.817,14.094,19.320,25.114,29.876,33.206,27.353,26.514,27.541,25.633
21.993,21.374,20.420,19.680,19.833,21.764,24.957,28.020,26.356,22.254,17.437,14.354,11.157,9.389,9.872,14.133,19.331,25.148,29.915,33.332,27.485,26.613,27.651,25.765
22.270,21.677,20.716,19.983,20.144,22.064,25.219,28.219,26.574,22.535,17.740,14.647,11.474,9.736,10.208,14.462,19.621,25.349,30.063,33.402,27.626,26.837,27.857,25.998
22.385,21.799,20.855,20.131,20.279,22.186,25.357,28.369,26.710,22.666,17.846,14.766,11.591,9.838,10.299,14.573,19.760,25.470,30.224,33.514,27.759,27.016,27.982,26.122
22.481,21.894,20.949,20.224,20.369,22.275,25.448,28.467,26.809,22.758,17.939,14.869,11.692,9.935,10.393,14.664,19.851,25.571,30.338,33.645,27.890,27.136,28.094,26.235
22.602,22.006,21.048,20.315,20.470,22.380,25.530,28.538,26.900,22.858,18.083,15.023,11.858,10.119,10.583,14.811,19.954,25.686,30.411,33.778,28.019,27.200,28.204,26.352
22.704,22.116,21.171,20.446,20.591,22.492,25.654,28.666,27.016,22.975,18.178,15.123,11.956,10.206,10.663,14.912,20.076,25.787,30.538,33.855,28.115,27.345,28.306,26.454
22.832,22.235,21.289,20.562,20.713,22.613,25.757,28.761,27.123,23.092,18.333,15.287,12.134,10.397,10.862,15.076,20.205,25.915,30.623,33.965,28.225,27.411,28.408,26.558
22.957,22.354,21.394,20.659,20.822,22.728,25.845,28.829,27.212,23.198,18.483,15.440,12.301,10.584,11.057,15.232,20.313,26.026,30.682,34.071,28.331,27.463,28.509,26.667
23.116,22.503,21.538,20.799,20.975,22.883,25.969,28.931,27.333,23.344,18.687,15.648,12.532,10.838,11.328,15.451,20.474,26.178,30.755,34.172,28.432,27.504,28.615,26.777
23.273,22.667,21.704,20.970,21.149,23.056,26.139,29.085,27.485,23.511,18.845,15.787,12.674,10.984,11.476,15.614,20.642,26.318,30.881,34.250,28.520,27.634,28.744,26.906
23.401,22.787,21.817,21.078,21.262,23.167,26.229,29.168,27.586,23.621,19.000,15.964,12.865,11.189,11.684,15.778,20.761,26.444,30.972,34.393,28.668,27.721,28.862,27.031
23.534,22.924,21.946,21.205,21.393,23.298,26.342,29.263,27.693,23.745,19.146,16.114,13.025,11.363,11.855,15.931,20.887,26.556,31.061,34.491,28.783,27.830,28.979,27.159
23.694,23.085,22.107,21.367,21.560,23.460,26.485,29.387,27.828,23.902,19.331,16.303,13.230,11.580,12.076,16.128,21.055,26.700,31.167,34.588,28.899,27.940,29.105,27.292
23.790,23.174,22.210,21.474,21.662,23.559,26.593,29.509,27.940,24.006,19.433,16.412,13.341,11.682,12.184,16.236,21.170,26.818,31.286,34.693,28.996,28.029,29.194,27.373
23.918,23.301,22.309,21.562,21.765,23.671,26.672,29.561,28.020,24.106,19.578,16.556,13.494,11.863,12.366,16.379,21.260,26.916,31.337,34.813,29.119,28.100,29.312,27.506
24.052,23.440,22.433,21.681,21.894,23.801,26.778,29.638,28.117,24.226,19.730,16.707,13.656,12.046,12.548,16.536,21.380,27.020,31.403,34.899,29.224,28.189,29.425,27.632
24.189,23.574,22.559,21.804,22.026,23.936,26.895,29.740,28.231,24.354,19.884,16.858,13.817,12.221,12.730,16.696,21.510,27.146,31.490,35.004,29.329,28.269,29.538,27.749
24.330,23.695,22.680,21.920,22.153,24.067,27.003,29.842,28.348,24.481,20.069,17.052,14.031,12.451,12.982,16.893,21.654,27.302,31.572,35.133,29.439,28.291,29.636,27.843
24.450,23.805,22.819,22.069,22.289,24.196,27.155,30.023,28.507,24.622,20.190,17.182,14.160,12.557,13.096,17.021,21.812,27.462,31.751,35.268,29.561,28.423,29.752,27.941
24.574,23.954,22.971,22.228,22.438,24.337,27.314,30.177,28.647,24.764,20.277,17.258,14.221,12.607,13.122,17.102,21.942,27.559,31.912,35.358,29.683,28.654,29.901,28.098
24.714,24.091,23.104,22.358,22.566,24.463,27.435,30.303,28.780,24.893,20.423,17.424,14.390,12.777,13.289,17.249,22.073,27.703,32.058,35.540,29.870,28.809,30.055,28.257
24.828,24.206,23.229,22.488,22.692,24.583,27.557,30.425,28.898,25.015,20.540,17.545,14.514,12.898,13.409,17.373,22.202,27.817,32.175,35.629,29.969,28.927,30.159,28.361
24.966,24.343,23.362,22.620,22.828,24.720,27.685,30.545,29.024,25.149,20.688,17.693,14.669,13.059,13.573,17.525,22.339,27.949,32.287,35.748,30.090,29.036,30.283,28.487
25.100,24.495,23.510,22.770,22.974,24.861,27.826,30.672,29.151,25.287,20.805,17.807,14.778,13.169,13.665,17.641,22.469,28.052,32.420,35.847,30.221,29.230,30.429,28.646
25.208,24.608,23.633,22.899,23.100,24.982,27.954,30.798,29.268,25.408,20.910,17.905,14.876,13.262,13.757,17.750,22.594,28.158,32.532,35.913,30.295,29.343,30.525,28.738
25.361,24.762,23.778,23.042,23.246,25.126,28.080,30.911,29.395,25.549,21.079,18.085,15.067,13.465,13.959,17.925,22.738,28.295,32.646,36.051,30.449,29.474,30.667,28.891
25.500,24.908,23.889,23.141,23.359,25.249,28.174,30.974,29.487,25.658,21.218,18.220,15.203,13.629,14.113,18.056,22.829,28.391,32.719,36.192,30.602,29.599,30.816,29.061
25.623,25.028,23.994,23.238,23.467,25.361,28.262,31.045,29.577,25.763,21.362,18.367,15.361,13.806,14.294,18.202,22.933,28.498,32.786,36.304,30.718,29.670,30.925,29.179
25.719,25.118,24.092,23.338,23.559,25.447,28.353,31.152,29.682,25.857,21.463,18.493,15.488,13.925,14.412,18.308,23.036,28.613,32.914,36.448,30.863,29.791,31.034,29.288
25.853,25.245,24.251,23.509,23.719,25.594,28.514,31.331,29.843,26.014,21.612,18.655,15.659,14.079,14.573,18.473,23.218,28.777,33.080,36.554,30.971,29.916,31.142,29.382
25.963,25.344,24.364,23.624,23.824,25.693,28.622,31.463,29.969,26.123,21.728,18.798,15.805,14.212,14.708,18.594,23.340,28.916,33.235,36.726,31.138,30.051,31.267,29.502
26.089,25.476,24.456,23.701,23.916,25.794,28.688,31.499,30.040,26.212,21.861,18.937,15.948,14.386,14.872,18.719,23.410,28.999,33.289,36.874,31.301,30.161,31.408,29.667
26.286,25.659,24.662,23.914,24.132,26.004,28.891,31.699,30.236,26.421,22.098,19.174,16.206,14.647,15.155,18.978,23.648,29.216,33.446,36.991,31.411,30.249,31.540,29.786
26.433,25.814,24.810,24.062,24.291,26.169,29.044,31.824,30.364,26.573,22.247,19.290,16.325,14.780,15.293,19.128,23.794,29.334,33.531,37.039,31.463,30.340,31.650,29.899
26.569,25.950,24.932,24.179,24.419,26.301,29.146,31.898,30.460,26.694,22.412,19.455,16.506,14.984,15.503,19.302,23.918,29.447,33.588,37.125,31.560,30.402,31.754,30.014
26.733,26.096,25.083,24.329,24.583,26.470,29.296,32.037,30.607,26.856,22.619,19.652,16.723,15.216,15.763,19.523,24.099,29.625,33.682,37.227,31.638,30.419,31.854,30.103
26.863,26.200,25.215,24.465,24.709,26.588,29.424,32.201,30.761,26.989,22.776,19.845,16.927,15.403,15.967,19.694,24.260,29.812,33.859,37.423,31.812,30.522,31.976,30.208
27.047,26.350,25.408,24.668,24.909,26.781,29.625,32.431,30.975,27.193,23.014,20.097,17.203,15.665,16.270,19.959,24.509,30.069,34.049,37.585,31.931,30.568,32.090,30.290
27.226,26.530,25.596,24.861,25.102,26.969,29.809,32.607,31.149,27.379,23.204,20.284,17.398,15.863,16.471,20.159,24.705,30.243,34.206,37.708,32.066,30.720,32.243,30.441
27.439,26.736,25.828,25.104,25.352,27.215,30.045,32.824,31.358,27.617,23.460,20.518,17.656,16.127,16.761,20.441,24.972,30.463,34.347,37.760,32.115,30.790,32.359,30.544
27.549,26.825,25.928,25.204,25.454,27.316,30.138,32.928,31.466,27.722,23.607,20.682,17.836,16.309,16.964,20.601,25.099,30.606,34.442,37.885,32.218,30.816,32.439,30.612
27.691,26.963,26.098,25.386,25.622,27.474,30.320,33.132,31.645,27.890,23.748,20.827,17.980,16.431,17.091,20.751,25.285,30.778,34.636,38.009,32.340,30.977,32.569,30.727
27.837,27.097,26.252,25.544,25.767,27.610,30.476,33.324,31.825,28.042,23.893,21.003,18.154,16.584,17.244,20.899,25.450,30.967,34.859,38.243,32.563,31.172,32.742,30.889
27.978,27.240,26.379,25.664,25.881,27.728,30.600,33.464,31.969,28.166,24.008,21.135,18.272,16.696,17.340,20.997,25.556,31.107,35.050,38.497,32.817,31.404,32.946,31.102
28.235,27.526,26.643,25.929,26.160,28.005,30.845,33.646,32.171,28.421,24.269,21.367,18.514,16.969,17.599,21.266,25.801,31.284,35.190,38.581,32.955,31.626,33.157,31.339
28.438,27.768,26.839,26.115,26.359,28.211,31.024,33.768,32.319,28.606,24.440,21.510,18.647,17.132,17.730,21.422,25.947,31.392,35.315,38.711,33.137,31.890,33.382,31.601
28.640,27.954,27.041,26.321,26.566,28.416,31.229,33.983,32.528,28.814,24.667,21.740,18.889,17.371,17.987,21.661,26.174,31.622,35.508,38.895,33.303,32.021,33.549,31.755
28.836,28.131,27.238,26.521,26.763,28.610,31.423,34.192,32.734,29.014,24.896,21.986,19.149,17.626,18.261,21.903,26.398,31.856,35.708,39.101,33.490,32.153,33.717,31.909
29.202,28.483,27.622,26.917,27.154,28.981,31.776,34.540,33.085,29.389,25.323,22.449,19.647,18.129,18.780,22.370,26.820,32.238,36.025,39.376,33.791,32.423,34.008,32.197
29.445,28.734,27.875,27.173,27.408,29.224,32.006,34.755,33.307,29.630,25.579,22.720,19.930,18.419,19.060,22.639,27.071,32.458,36.238,39.570,34.020,32.672,34.235,32.437
29.597,28.896,28.001,27.287,27.534,29.362,32.121,34.844,33.420,29.755,25.720,22.850,20.056,18.567,19.197,22.766,27.171,32.567,36.341,39.736,34.195,32.833,34.409,32.631
29.838,29.104,28.273,27.577,27.803,29.616,32.419,35.208,33.741,30.036,25.986,23.142,20.355,18.822,19.483,23.052,27.498,32.914,36.694,40.026,34.439,33.042,34.624,32.802
30.084,29.377,28.528,27.829,28.037,29.843,32.666,35.468,34.000,30.272,26.168,23.349,20.531,18.983,19.596,23.209,27.703,33.130,37.037,40.390,34.845,33.518,34.979,33.181
30.397,29.681,28.787,28.067,28.298,30.124,32.906,35.683,34.254,30.539,26.500,23.681,20.870,19.358,19.977,23.531,27.951,33.417,37.263,40.753,35.191,33.751,35.297,33.516
30.760,30.049,29.213,28.519,28.728,30.535,33.367,36.172,34.692,30.965,26.847,24.011,21.194,19.639,20.265,23.893,28.401,33.819,37.712,41.024,35.463,34.154,35.629,33.818
31.032,30.330,29.463,28.756,28.967,30.782,33.609,36.413,34.948,31.210,27.091,24.263,21.431,19.883,20.488,24.115,28.618,34.069,38.003,41.397,35.842,34.512,35.967,34.174
31.328,30.589,29.749,29.043,29.244,31.057,33.901,36.759,35.282,31.504,27.414,24.626,21.800,20.231,20.859,24.444,28.940,34.447,38.373,41.822,36.219,34.774,36.270,34.451
31.854,31.095,30.233,29.515,29.750,31.580,34.370,37.183,35.742,32.004,28.008,25.195,22.402,20.879,21.545,25.053,29.451,34.959,38.732,42.245,36.613,35.054,36.702,34.883
32.395,31.611,30.702,29.954,30.207,32.083,34.893,37.748,36.313,32.508,28.497,25.648,22.811,21.284,21.966,25.480,29.899,35.548,39.350,43.052,37.304,35.610,37.348,35.509
33.006,32.209,31.322,30.576,30.800,32.672,35.546,38.485,37.013,33.130,29.050,26.235,23.360,21.780,22.450,26.007,30.511,36.236,40.172,43.907,38.119,36.411,38.074,36.212
34.295,33.307,32.458,31.664,31.846,33.753,36.736,40.008,38.510,34.322,30.361,27.765,24.845,23.151,23.902,27.249,31.735,37.961,42.016,46.399,40.277,37.809,39.679,37.709
