-15.953,-19.623,-20.385,-18.793,-16.334,-7.870,-4.189,3.588,4.972,4.917,0.252,-6.096,-11.614,-17.321,-16.889,-5.302,-6.046,8.097,19.530,36.268,27.013,18.818,15.552,9.266
-12.249,-15.167,-16.203,-15.384,-13.136,-4.874,-0.120,7.698,8.705,7.892,3.391,-1.812,-7.012,-12.283,-12.693,-1.773,-2.787,11.490,22.665,38.652,30.609,21.967,19.014,12.642
-9.394,-11.737,-12.955,-12.503,-10.503,-2.631,4.154,12.226,12.594,10.149,5.777,1.389,-3.656,-8.531,-9.419,0.043,-0.161,13.631,24.798,39.451,33.108,24.071,21.224,15.181
-6.714,-8.776,-10.046,-9.673,-7.856,-0.356,7.372,15.419,15.477,12.199,7.966,3.936,-0.968,-5.522,-6.482,1.861,2.309,15.385,26.357,39.828,34.610,25.651,22.823,17.173
-5.376,-7.417,-8.613,-8.179,-6.394,0.826,8.735,16.659,16.549,13.002,8.885,4.972,0.165,-4.347,-5.294,2.732,3.380,16.065,26.825,39.993,34.898,26.074,23.353,17.923
-3.964,-5.925,-7.074,-6.625,-4.890,2.040,10.378,18.241,17.893,13.893,9.890,6.171,1.459,-2.986,-3.983,3.612,4.534,16.844,27.436,40.222,35.407,26.633,24.022,18.817
-3.212,-5.115,-6.261,-5.926,-4.181,2.709,10.768,18.512,18.187,14.399,10.452,6.888,2.268,-2.167,-3.291,4.503,5.102,17.505,27.934,40.865,35.871,27.121,24.633,19.355
-2.265,-4.173,-5.284,-4.873,-3.164,3.581,11.702,19.366,18.997,15.096,11.204,7.628,3.048,-1.321,-2.352,5.154,5.964,18.042,28.356,40.955,36.148,27.550,25.056,19.947
-1.726,-3.673,-4.758,-4.257,-2.563,4.123,12.315,19.967,19.580,15.589,11.707,8.054,3.461,-0.891,-1.817,5.512,6.518,18.404,28.708,41.126,36.420,27.906,25.370,20.367
-1.068,-2.991,-4.058,-3.553,-1.874,4.713,12.982,20.591,20.142,16.051,12.211,8.621,4.069,-0.258,-1.197,6.012,7.076,18.833,29.058,41.356,36.717,28.242,25.749,20.818
-0.515,-2.438,-3.502,-2.942,-1.298,5.238,13.583,21.172,20.722,16.551,12.723,9.086,4.536,0.273,-0.574,6.393,7.653,19.195,29.394,41.406,36.982,28.603,26.054,21.232
-0.096,-1.980,-3.047,-2.497,-0.875,5.597,14.119,21.713,21.195,16.867,13.061,9.489,4.958,0.728,-0.145,6.671,8.028,19.480,29.656,41.530,37.246,28.857,26.325,21.559
0.205,-1.680,-2.739,-2.203,-0.574,5.892,14.321,21.827,21.356,17.119,13.325,9.769,5.255,1.016,0.128,7.010,8.290,19.763,29.904,41.833,37.476,29.101,26.595,21.811
0.423,-1.485,-2.523,-2.006,-0.347,6.124,14.322,21.885,21.379,17.272,13.493,9.951,5.462,1.179,0.257,7.354,8.435,20.006,30.087,42.225,37.628,29.270,26.823,21.979
0.898,-1.108,-2.090,-1.429,0.231,6.640,14.661,22.086,21.662,17.667,13.906,10.203,5.707,1.423,0.681,7.688,8.909,20.242,30.259,42.262,37.630,29.454,26.960,22.233
1.470,-0.427,-1.430,-0.862,0.762,7.077,15.306,22.713,22.193,18.018,14.305,10.790,6.359,2.143,1.284,8.124,9.358,20.624,30.561,42.394,37.908,29.746,27.320,22.632
1.760,-0.238,-1.186,-0.494,1.146,7.423,15.445,22.783,22.313,18.260,14.558,10.896,6.454,2.208,1.493,8.348,9.643,20.765,30.654,42.478,37.958,29.841,27.388,22.770
2.037,0.043,-0.914,-0.200,1.422,7.695,15.775,23.122,22.658,18.561,14.853,11.162,6.711,2.500,1.827,8.562,9.960,20.999,30.900,42.583,38.142,30.104,27.610,23.034
2.289,0.336,-0.624,0.078,1.682,7.895,16.261,23.653,23.085,18.745,15.051,11.436,6.990,2.792,2.075,8.652,10.182,21.162,31.081,42.658,38.362,30.264,27.789,23.264
2.557,0.623,-0.330,0.377,1.970,8.121,16.625,24.018,23.388,18.915,15.243,11.670,7.239,3.054,2.324,8.791,10.403,21.303,31.202,42.690,38.473,30.371,27.916,23.443
2.905,0.944,0.006,0.749,2.336,8.474,16.793,24.119,23.550,19.212,15.551,11.922,7.504,3.342,2.683,9.140,10.742,21.549,31.386,42.802,38.569,30.576,28.102,23.660
3.159,1.213,0.275,1.020,2.597,8.701,17.137,24.474,23.863,19.422,15.771,12.167,7.754,3.605,2.938,9.306,10.980,21.736,31.571,42.914,38.758,30.755,28.286,23.878
3.414,1.487,0.548,1.264,2.840,8.932,17.301,24.607,24.003,19.612,15.976,12.412,8.023,3.884,3.189,9.588,11.191,21.957,31.748,43.102,38.923,30.932,28.490,24.070
3.667,1.763,0.828,1.525,3.094,9.144,17.565,24.857,24.216,19.771,16.155,12.646,8.281,4.152,3.423,9.785,11.388,22.125,31.881,43.204,39.052,31.056,28.645,24.243
3.913,2.009,1.077,1.797,3.354,9.376,17.846,25.132,24.481,19.987,16.377,12.855,8.490,4.384,3.688,9.949,11.637,22.287,32.033,43.245,39.176,31.213,28.785,24.430
4.134,2.272,1.326,2.023,3.560,9.555,18.174,25.479,24.783,20.169,16.568,13.100,8.745,4.670,3.945,10.091,11.847,22.454,32.201,43.305,39.369,31.381,28.956,24.628
4.475,2.591,1.649,2.392,3.915,9.903,18.456,25.733,25.080,20.512,16.911,13.375,9.016,4.974,4.331,10.386,12.221,22.713,32.441,43.406,39.547,31.645,29.174,24.896
4.726,2.840,1.898,2.673,4.179,10.145,18.774,26.056,25.393,20.759,17.158,13.595,9.229,5.213,4.615,10.544,12.495,22.888,32.621,43.450,39.704,31.835,29.331,25.107
4.905,3.030,2.099,2.854,4.365,10.297,18.863,26.070,25.447,20.841,17.262,13.747,9.406,5.384,4.750,10.711,12.607,23.005,32.693,43.561,39.763,31.893,29.433,25.207
5.049,3.152,2.228,2.986,4.509,10.462,18.904,26.159,25.473,20.981,17.404,13.857,9.525,5.495,4.881,10.951,12.741,23.167,32.818,43.757,39.848,32.027,29.572,25.317
5.210,3.359,2.430,3.148,4.662,10.571,19.165,26.345,25.693,21.064,17.503,14.053,9.738,5.712,5.023,11.028,12.849,23.278,32.928,43.845,40.004,32.116,29.703,25.459
5.423,3.563,2.639,3.346,4.867,10.786,19.170,26.400,25.697,21.237,17.686,14.226,9.932,5.910,5.230,11.328,13.033,23.478,33.070,44.033,40.101,32.269,29.869,25.601
5.549,3.695,2.778,3.481,5.003,10.897,19.309,26.479,25.805,21.310,17.770,14.337,10.053,6.026,5.328,11.407,13.124,23.555,33.124,44.102,40.142,32.293,29.938,25.687
5.615,3.754,2.854,3.575,5.100,10.952,19.443,26.617,25.894,21.314,17.787,14.370,10.090,6.046,5.341,11.422,13.152,23.560,33.136,44.110,40.164,32.325,29.947,25.706
5.884,4.049,3.141,3.841,5.353,11.188,19.698,26.858,26.131,21.537,18.021,14.636,10.373,6.358,5.640,11.652,13.402,23.774,33.317,44.222,40.331,32.493,30.142,25.924
6.037,4.206,3.307,4.009,5.520,11.323,19.838,26.980,26.235,21.622,18.121,14.755,10.506,6.493,5.771,11.762,13.518,23.853,33.367,44.252,40.360,32.536,30.204,26.005
6.373,4.551,3.657,4.311,5.810,11.598,20.034,27.128,26.396,21.853,18.376,15.049,10.826,6.827,6.100,12.096,13.787,24.113,33.571,44.435,40.530,32.744,30.432,26.240
6.374,4.597,3.681,4.348,5.856,11.634,20.071,27.170,26.435,21.875,18.393,15.100,10.897,6.924,6.139,12.146,13.807,24.139,33.580,44.436,40.571,32.759,30.466,26.243
6.648,4.867,3.954,4.594,6.088,11.869,20.252,27.324,26.611,22.105,18.633,15.343,11.146,7.186,6.422,12.414,14.057,24.371,33.789,44.607,40.752,32.977,30.677,26.468
6.793,5.006,4.104,4.742,6.242,12.007,20.299,27.334,26.632,22.189,18.731,15.449,11.269,7.305,6.538,12.575,14.161,24.471,33.847,44.696,40.778,33.031,30.754,26.542
6.938,5.158,4.253,4.890,6.383,12.143,20.449,27.482,26.778,22.324,18.868,15.590,11.414,7.461,6.697,12.703,14.306,24.595,33.965,44.777,40.893,33.154,30.872,26.670
7.139,5.431,4.499,5.061,6.539,12.283,20.746,27.805,27.046,22.477,19.032,15.869,11.715,7.790,6.933,12.883,14.471,24.799,34.168,44.939,41.163,33.349,31.101,26.884
7.261,5.578,4.641,5.178,6.652,12.380,20.927,27.999,27.205,22.568,19.130,16.015,11.869,7.948,7.052,12.978,14.570,24.909,34.278,45.043,41.298,33.450,31.222,27.004
7.364,5.701,4.757,5.267,6.739,12.466,21.020,28.058,27.289,22.652,19.218,16.139,12.003,8.087,7.159,13.094,14.656,25.019,34.380,45.156,41.418,33.551,31.338,27.107
7.480,5.797,4.864,5.381,6.863,12.594,21.028,28.101,27.298,22.747,19.318,16.219,12.091,8.165,7.251,13.259,14.753,25.127,34.457,45.286,41.462,33.630,31.426,27.182
7.618,5.938,5.009,5.538,7.013,12.719,21.214,28.257,27.463,22.857,19.434,16.339,12.212,8.294,7.388,13.331,14.885,25.209,34.539,45.309,41.535,33.708,31.502,27.288
7.795,6.129,5.206,5.734,7.202,12.867,21.425,28.459,27.630,22.958,19.552,16.490,12.377,8.467,7.548,13.436,15.022,25.300,34.605,45.329,41.590,33.766,31.579,27.394
7.956,6.326,5.386,5.889,7.340,12.995,21.659,28.710,27.856,23.106,19.702,16.682,12.576,8.696,7.754,13.552,15.185,25.438,34.747,45.370,41.758,33.914,31.722,27.552
8.130,6.497,5.561,6.086,7.528,13.162,21.865,28.913,28.050,23.260,19.861,16.827,12.720,8.854,7.939,13.664,15.363,25.550,34.854,45.379,41.843,34.024,31.819,27.684
8.319,6.666,5.744,6.319,7.752,13.348,22.104,29.145,28.268,23.416,20.023,16.950,12.838,8.983,8.125,13.741,15.557,25.630,34.927,45.407,41.872,34.099,31.871,27.801
8.500,6.830,5.923,6.518,7.953,13.530,22.213,29.223,28.357,23.549,20.167,17.076,12.972,9.116,8.282,13.906,15.714,25.747,35.012,45.449,41.913,34.183,31.961,27.908
8.644,6.993,6.072,6.639,8.070,13.665,22.326,29.335,28.486,23.710,20.324,17.251,13.152,9.312,8.460,14.094,15.866,25.926,35.189,45.619,42.107,34.369,32.145,28.072
8.750,7.120,6.196,6.750,8.174,13.745,22.490,29.506,28.622,23.772,20.396,17.362,13.273,9.440,8.562,14.151,15.947,25.991,35.248,45.646,42.178,34.421,32.212,28.152
8.873,7.223,6.307,6.897,8.317,13.881,22.621,29.632,28.758,23.906,20.528,17.448,13.350,9.523,8.694,14.233,16.093,26.075,35.335,45.646,42.235,34.515,32.280,28.252
9.080,7.451,6.537,7.138,8.540,14.051,22.981,30.013,29.073,24.052,20.687,17.639,13.545,9.738,8.906,14.294,16.282,26.173,35.435,45.669,42.338,34.606,32.373,28.405
9.248,7.601,6.700,7.336,8.735,14.218,23.163,30.184,29.235,24.186,20.828,17.755,13.659,9.854,9.059,14.392,16.443,26.262,35.513,45.673,42.380,34.682,32.441,28.512
9.378,7.755,6.854,7.480,8.871,14.318,23.402,30.442,29.437,24.266,20.919,17.892,13.804,9.997,9.179,14.405,16.546,26.339,35.591,45.704,42.477,34.747,32.524,28.620
9.413,7.777,6.887,7.540,8.935,14.360,23.551,30.617,29.570,24.302,20.953,17.918,13.817,10.004,9.180,14.440,16.583,26.353,35.631,45.746,42.523,34.772,32.550,28.670
9.580,7.945,7.057,7.711,9.103,14.519,23.689,30.741,29.698,24.443,21.100,18.067,13.973,10.161,9.349,14.562,16.739,26.487,35.748,45.840,42.625,34.892,32.671,28.800
9.783,8.160,7.281,7.932,9.320,14.691,23.880,30.895,29.856,24.556,21.233,18.235,14.160,10.353,9.525,14.696,16.891,26.596,35.823,45.881,42.684,34.957,32.762,28.917
9.867,8.237,7.357,7.997,9.393,14.789,23.906,30.944,29.865,24.653,21.328,18.322,14.251,10.437,9.606,14.864,16.973,26.725,35.937,46.064,42.791,35.077,32.887,29.009
9.966,8.334,7.445,8.076,9.474,14.903,23.945,30.965,29.956,24.808,21.471,18.449,14.370,10.558,9.731,15.025,17.102,26.891,36.119,46.267,42.984,35.268,33.064,29.161
10.098,8.481,7.569,8.163,9.561,15.046,24.004,31.027,30.066,25.015,21.662,18.643,14.562,10.761,9.914,15.276,17.269,27.138,36.379,46.568,43.276,35.545,33.329,29.373
10.209,8.587,7.677,8.269,9.671,15.162,24.068,31.080,30.133,25.124,21.771,18.748,14.669,10.864,10.018,15.415,17.375,27.258,36.489,46.706,43.379,35.656,33.444,29.478
10.350,8.714,7.808,8.408,9.813,15.315,24.132,31.123,30.209,25.273,21.919,18.869,14.790,10.987,10.163,15.589,17.523,27.401,36.620,46.843,43.486,35.795,33.574,29.603
10.572,8.962,8.053,8.631,10.028,15.502,24.350,31.328,30.392,25.423,22.085,19.083,15.025,11.238,10.385,15.777,17.704,27.561,36.749,46.935,43.614,35.921,33.722,29.762
10.629,8.995,8.097,8.701,10.106,15.581,24.424,31.408,30.471,25.500,22.157,19.125,15.055,11.248,10.416,15.827,17.771,27.628,36.830,47.050,43.686,35.996,33.792,29.836
10.902,9.336,8.421,8.970,10.353,15.779,24.813,31.812,30.802,25.675,22.354,19.433,15.391,11.620,10.713,16.008,17.990,27.819,37.002,47.121,43.898,36.158,33.989,30.055
11.035,9.477,8.571,9.111,10.497,15.891,24.951,31.940,30.899,25.737,22.431,19.547,15.520,11.742,10.809,16.106,18.075,27.897,37.055,47.191,43.946,36.198,34.060,30.134
11.211,9.654,8.751,9.295,10.677,16.057,25.086,32.055,31.020,25.876,22.578,19.695,15.679,11.910,10.986,16.266,18.235,28.025,37.159,47.263,44.027,36.305,34.169,30.256
11.383,9.859,8.953,9.466,10.841,16.187,25.297,32.265,31.186,25.971,22.690,19.874,15.878,12.119,11.148,16.392,18.358,28.141,37.252,47.333,44.135,36.388,34.284,30.379
11.540,10.000,9.099,9.643,11.013,16.353,25.454,32.417,31.350,26.136,22.853,19.999,15.995,12.246,11.318,16.514,18.535,28.261,37.372,47.394,44.228,36.516,34.389,30.512
11.624,10.096,9.189,9.720,11.089,16.433,25.630,32.624,31.528,26.243,22.955,20.123,16.112,12.356,11.403,16.585,18.627,28.381,37.521,47.555,44.414,36.657,34.533,30.650
11.803,10.265,9.350,9.898,11.261,16.629,25.769,32.756,31.704,26.474,23.175,20.283,16.242,12.479,11.625,16.721,18.852,28.553,37.721,47.661,44.562,36.861,34.687,30.841
11.855,10.273,9.387,10.005,11.374,16.705,25.927,32.929,31.839,26.516,23.218,20.295,16.274,12.538,11.629,16.760,18.909,28.575,37.723,47.673,44.598,36.879,34.717,30.867
12.021,10.438,9.559,10.209,11.566,16.858,26.228,33.250,32.114,26.658,23.365,20.423,16.374,12.621,11.792,16.784,19.080,28.634,37.816,47.682,44.648,36.950,34.762,31.000
12.238,10.651,9.770,10.457,11.796,17.071,26.531,33.567,32.422,26.888,23.592,20.615,16.554,12.828,12.050,16.880,19.334,28.786,37.983,47.696,44.797,37.129,34.901,31.194
12.424,10.807,9.924,10.637,11.977,17.292,26.592,33.603,32.534,27.142,23.831,20.778,16.705,12.990,12.275,17.138,19.570,29.010,38.204,47.888,44.981,37.375,35.105,31.391
12.536,10.917,10.031,10.770,12.099,17.407,26.821,33.861,32.772,27.287,23.968,20.890,16.800,13.095,12.413,17.173,19.719,29.100,38.327,47.912,45.108,37.501,35.200,31.524
12.661,10.980,10.109,10.956,12.276,17.585,27.065,34.131,33.058,27.512,24.170,20.954,16.816,13.097,12.562,17.178,19.944,29.183,38.460,47.918,45.161,37.625,35.259,31.674
12.739,11.026,10.185,11.075,12.408,17.672,27.190,34.209,33.090,27.531,24.202,20.969,16.829,13.118,12.567,17.182,19.985,29.184,38.467,47.944,45.199,37.656,35.269,31.697
12.911,11.218,10.386,11.213,12.566,17.817,27.195,34.253,33.139,27.586,24.284,21.140,17.043,13.280,12.656,17.451,20.048,29.359,38.565,48.234,45.270,37.709,35.429,31.803
13.124,11.465,10.609,11.418,12.751,18.009,27.497,34.539,33.411,27.834,24.524,21.398,17.296,13.572,12.944,17.630,20.299,29.579,38.809,48.358,45.544,37.968,35.660,32.049
13.424,11.787,10.934,11.711,13.041,18.271,27.692,34.691,33.563,28.031,24.744,21.671,17.603,13.891,13.228,17.940,20.532,29.808,38.977,48.530,45.691,38.133,35.864,32.248
13.564,11.917,11.055,11.854,13.177,18.434,27.898,34.926,33.812,28.258,24.952,21.833,17.740,14.039,13.415,18.071,20.737,29.993,39.205,48.698,45.930,38.374,36.060,32.456
13.906,12.347,11.432,12.122,13.423,18.722,28.211,35.250,34.155,28.624,25.313,22.298,18.229,14.586,13.869,18.516,21.086,30.430,39.638,49.076,46.441,38.830,36.523,32.860
14.129,12.486,11.610,12.417,13.724,18.998,28.424,35.441,34.369,28.858,25.545,22.393,18.296,14.634,14.050,18.641,21.345,30.549,39.759,49.083,46.465,38.954,36.599,33.011
14.573,12.927,12.081,12.936,14.226,19.392,28.890,35.861,34.734,29.116,25.843,22.703,18.634,14.995,14.451,18.880,21.709,30.722,39.858,49.142,46.478,39.042,36.706,33.224
14.881,13.265,12.405,13.236,14.512,19.671,29.232,36.176,35.070,29.408,26.138,23.033,18.973,15.362,14.799,19.163,22.016,31.009,40.141,49.285,46.777,39.332,36.994,33.520
15.127,13.544,12.664,13.420,14.700,19.899,29.248,36.209,35.103,29.634,26.370,23.317,19.289,15.642,15.076,19.581,22.229,31.327,40.405,49.635,47.049,39.612,37.303,33.753
15.303,13.603,12.774,13.667,14.971,20.166,29.386,36.295,35.263,29.866,26.589,23.359,19.289,15.696,15.171,19.706,22.454,31.456,40.553,49.822,47.098,39.757,37.399,33.904
15.521,13.877,13.020,13.804,15.120,20.362,29.534,36.453,35.423,30.095,26.816,23.697,19.650,15.991,15.391,20.096,22.634,31.833,40.928,50.375,47.536,40.123,37.823,34.220
16.004,14.301,13.502,14.346,15.681,20.843,29.745,36.544,35.542,30.374,27.141,23.982,19.975,16.292,15.753,20.537,23.000,32.090,41.053,50.546,47.559,40.237,37.985,34.427
16.232,14.501,13.710,14.595,15.936,21.104,30.102,36.942,35.917,30.670,27.421,24.216,20.179,16.470,15.962,20.719,23.271,32.352,41.370,50.874,47.867,40.545,38.270,34.729
16.568,14.891,14.062,14.881,16.210,21.419,30.530,37.420,36.383,31.080,27.815,24.673,20.632,16.946,16.369,21.112,23.641,32.809,41.873,51.369,48.458,41.055,38.775,35.190
16.926,15.182,14.360,15.259,16.591,21.852,30.812,37.693,36.745,31.570,28.276,24.983,20.903,17.217,16.766,21.509,24.101,33.214,42.310,51.763,48.838,41.521,39.160,35.594
17.349,15.693,14.825,15.641,16.961,22.236,31.719,38.764,37.663,32.102,28.783,25.630,21.520,17.698,17.225,21.856,24.565,33.811,43.051,52.516,49.782,42.229,39.886,36.287
17.899,16.215,15.370,16.248,17.578,22.809,32.645,39.789,38.559,32.690,29.360,26.178,21.872,17.823,17.463,22.141,25.135,34.354,43.693,53.180,50.475,42.826,40.484,36.939
18.417,16.276,15.722,17.157,18.642,23.632,33.691,40.896,39.408,33.124,29.805,26.195,22.042,18.286,17.690,22.219,25.583,34.519,43.989,54.013,50.500,42.928,40.624,37.343
