25.193,23.529,21.666,19.521,20.959,25.817,40.958,50.851,52.616,48.829,42.566,35.888,31.426,29.240,28.553,28.421,29.403,37.771,47.454,54.421,53.572,45.646,38.109,30.827
29.355,28.384,26.932,25.455,26.531,30.589,43.927,51.491,52.638,48.862,44.977,38.927,34.941,33.253,32.272,32.158,33.371,40.463,49.356,54.466,53.634,46.748,39.767,34.502
30.905,29.713,28.305,27.053,27.888,31.658,44.308,51.509,52.689,48.963,45.169,39.722,36.669,34.683,34.402,33.794,35.017,41.353,49.377,54.657,53.754,47.364,41.395,35.671
31.926,30.696,29.384,28.473,29.073,32.575,44.314,51.514,52.736,48.979,45.426,41.066,38.345,36.654,36.186,35.614,36.796,42.230,49.380,54.666,53.866,47.539,41.504,36.252
32.494,31.356,30.131,29.305,29.855,33.144,44.403,51.587,52.737,48.986,45.439,41.164,38.614,37.066,36.561,36.047,37.171,42.247,49.412,54.745,53.873,47.540,41.579,36.564
32.993,31.860,30.661,29.808,30.363,33.547,44.419,51.689,52.773,48.994,45.456,41.200,38.739,37.140,36.806,36.239,37.313,42.289,49.442,54.757,53.877,47.602,41.846,36.935
33.340,32.227,31.045,30.141,30.732,33.865,44.440,51.701,52.776,49.025,45.507,41.263,38.813,37.269,36.915,36.422,37.423,42.370,49.510,54.763,53.999,47.833,41.982,37.181
33.466,32.290,31.111,30.263,30.802,33.894,44.468,51.756,52.860,49.034,45.524,41.425,39.111,37.567,37.264,36.726,37.710,42.472,49.530,54.852,54.043,47.854,42.051,37.210
33.786,32.568,31.382,30.493,31.046,34.119,44.480,51.828,52.926,49.091,45.552,41.536,39.296,37.703,37.507,36.937,37.880,42.629,49.650,54.956,54.068,47.886,42.460,37.473
33.892,32.681,31.510,30.666,31.186,34.221,44.502,51.844,52.935,49.098,45.579,41.611,39.442,37.850,37.677,37.075,38.034,42.690,49.748,54.986,54.070,48.051,42.506,37.549
34.139,32.931,31.770,30.929,31.443,34.441,44.604,51.972,52.989,49.144,45.715,41.702,39.596,37.987,37.869,37.242,38.192,42.801,49.770,55.004,54.101,48.144,42.730,37.755
34.289,33.081,31.927,31.124,31.614,34.601,44.745,51.984,53.006,49.187,45.772,41.940,39.851,38.264,38.119,37.490,38.453,42.999,49.789,55.019,54.144,48.195,42.812,37.893
34.384,33.183,32.039,31.282,31.742,34.710,44.805,52.082,53.117,49.191,45.884,42.093,40.038,38.464,38.308,37.662,38.646,43.123,49.823,55.044,54.184,48.195,42.846,37.979
34.516,33.293,32.150,31.394,31.848,34.793,44.840,52.087,53.149,49.340,45.891,42.178,40.162,38.599,38.459,37.817,38.772,43.185,49.861,55.070,54.216,48.243,42.921,38.052
34.612,33.392,32.256,31.522,31.961,34.891,44.872,52.173,53.257,49.444,45.962,42.279,40.287,38.731,38.590,37.940,38.902,43.271,49.971,55.130,54.280,48.281,42.975,38.134
34.728,33.531,32.405,31.697,32.120,35.036,45.040,52.322,53.350,49.476,46.076,42.379,40.409,38.847,38.714,38.042,39.030,43.381,49.975,55.160,54.281,48.361,43.083,38.265
34.832,33.655,32.539,31.833,32.259,35.155,45.084,52.411,53.417,49.570,46.119,42.435,40.456,38.917,38.764,38.112,39.093,43.426,50.050,55.258,54.396,48.382,43.099,38.349
34.917,33.755,32.646,31.956,32.373,35.257,45.171,52.415,53.487,49.584,46.188,42.507,40.538,39.004,38.847,38.190,39.182,43.495,50.141,55.319,54.473,48.415,43.150,38.433
35.060,33.900,32.791,32.084,32.513,35.398,45.288,52.489,53.489,49.624,46.305,42.618,40.631,39.103,38.940,38.299,39.278,43.610,50.201,55.477,54.483,48.524,43.281,38.571
35.197,34.050,32.944,32.235,32.667,35.548,45.433,52.564,53.506,49.682,46.432,42.732,40.737,39.212,39.045,38.407,39.389,43.729,50.263,55.521,54.664,48.645,43.404,38.712
35.345,34.212,33.110,32.389,32.831,35.704,45.556,52.565,53.512,49.687,46.525,42.813,40.809,39.286,39.121,38.493,39.468,43.822,50.332,55.573,54.681,48.751,43.532,38.856
35.461,34.319,33.215,32.501,32.936,35.812,45.696,52.598,53.534,49.697,46.656,42.944,40.960,39.423,39.276,38.629,39.612,43.959,50.488,55.597,54.730,48.926,43.688,38.978
35.550,34.402,33.299,32.588,33.019,35.884,45.714,52.649,53.598,49.711,46.680,43.000,41.037,39.496,39.366,38.711,39.689,44.015,50.503,55.626,54.759,48.988,43.771,39.050
35.594,34.423,33.319,32.614,33.035,35.893,45.737,52.722,53.659,49.781,46.690,43.031,41.109,39.557,39.455,38.784,39.754,44.042,50.514,55.699,54.844,49.023,43.828,39.068
35.702,34.540,33.440,32.742,33.159,36.009,45.821,52.811,53.756,49.810,46.770,43.122,41.208,39.657,39.557,38.881,39.856,44.134,50.595,55.727,54.873,49.115,43.919,39.175
35.767,34.605,33.510,32.830,33.235,36.073,45.869,52.923,53.761,49.822,46.821,43.196,41.304,39.756,39.659,38.973,39.955,44.198,50.655,55.735,54.903,49.156,43.961,39.230
35.869,34.724,33.635,32.955,33.362,36.189,45.954,52.992,53.805,49.824,46.885,43.255,41.358,39.817,39.714,39.036,40.017,44.260,50.703,55.743,54.931,49.207,44.026,39.329
35.955,34.837,33.758,33.077,33.488,36.302,46.046,52.995,53.834,49.911,46.923,43.270,41.366,39.828,39.724,39.049,40.037,44.289,50.731,55.841,55.030,49.252,44.078,39.419
36.024,34.900,33.820,33.167,33.558,36.374,46.166,52.995,53.925,49.933,47.055,43.413,41.532,39.988,39.887,39.189,40.197,44.422,50.871,55.898,55.085,49.371,44.167,39.499
36.120,35.000,33.924,33.258,33.658,36.461,46.171,53.072,54.017,50.001,47.066,43.445,41.561,40.031,39.926,39.247,40.235,44.449,50.908,55.959,55.141,49.382,44.210,39.568
36.213,35.085,34.007,33.343,33.740,36.542,46.254,53.180,54.031,50.102,47.150,43.538,41.666,40.130,40.035,39.349,40.336,44.543,50.960,55.977,55.155,49.477,44.318,39.656
36.303,35.182,34.106,33.438,33.840,36.642,46.329,53.217,54.031,50.111,47.248,43.638,41.744,40.226,40.107,39.440,40.421,44.630,51.037,56.132,55.302,49.512,44.364,39.742
36.402,35.272,34.195,33.538,33.931,36.731,46.433,53.278,54.061,50.126,47.348,43.750,41.881,40.352,40.249,39.565,40.552,44.743,51.157,56.218,55.377,49.646,44.488,39.840
36.448,35.308,34.232,33.593,33.970,36.763,46.470,53.298,54.071,50.131,47.383,43.807,41.974,40.434,40.352,39.645,40.640,44.797,51.214,56.252,55.446,49.715,44.548,39.878
36.530,35.404,34.332,33.690,34.071,36.858,46.557,53.317,54.098,50.162,47.434,43.843,42.008,40.466,40.389,39.681,40.680,44.846,51.261,56.259,55.560,49.788,44.624,39.965
36.592,35.456,34.387,33.767,34.128,36.904,46.612,53.320,54.102,50.173,47.464,43.896,42.113,40.551,40.510,39.767,40.778,44.904,51.323,56.374,55.568,49.889,44.714,40.019
36.631,35.492,34.424,33.815,34.168,36.937,46.624,53.342,54.109,50.173,47.492,43.945,42.177,40.618,40.578,39.830,40.842,44.944,51.352,56.394,55.622,49.907,44.737,40.049
36.683,35.519,34.448,33.845,34.188,36.952,46.629,53.348,54.112,50.177,47.500,43.989,42.266,40.689,40.685,39.914,40.921,44.989,51.371,56.500,55.638,49.984,44.826,40.081
36.730,35.556,34.486,33.894,34.227,36.981,46.632,53.358,54.181,50.193,47.513,44.039,42.341,40.768,40.771,39.994,40.996,45.025,51.377,56.501,55.652,49.985,44.834,40.106
36.756,35.587,34.524,33.960,34.275,37.018,46.654,53.379,54.191,50.204,47.556,44.105,42.424,40.861,40.852,40.067,41.083,45.071,51.436,56.508,55.673,49.989,44.850,40.128
36.821,35.641,34.577,34.020,34.329,37.071,46.696,53.500,54.199,50.219,47.624,44.198,42.530,40.969,40.961,40.172,41.186,45.151,51.507,56.574,55.705,50.040,44.893,40.182
36.906,35.739,34.680,34.138,34.438,37.171,46.797,53.525,54.244,50.223,47.704,44.276,42.618,41.058,41.050,40.254,41.279,45.230,51.598,56.595,55.731,50.100,44.948,40.271
36.943,35.784,34.731,34.205,34.496,37.217,46.815,53.599,54.294,50.233,47.732,44.323,42.671,41.125,41.104,40.310,41.339,45.262,51.622,56.634,55.747,50.119,44.961,40.299
37.037,35.871,34.818,34.291,34.577,37.293,46.916,53.613,54.331,50.244,47.767,44.349,42.741,41.159,41.193,40.362,41.400,45.321,51.685,56.778,55.914,50.278,45.117,40.396
37.106,35.935,34.882,34.355,34.640,37.354,46.979,53.650,54.376,50.320,47.823,44.407,42.811,41.221,41.267,40.429,41.466,45.384,51.745,56.865,56.001,50.360,45.201,40.463
37.179,36.020,34.970,34.447,34.731,37.442,47.062,53.661,54.415,50.338,47.893,44.470,42.867,41.282,41.321,40.486,41.528,45.448,51.770,56.892,56.043,50.415,45.254,40.540
37.271,36.106,35.055,34.508,34.807,37.511,47.066,53.745,54.600,50.397,47.896,44.485,42.879,41.297,41.346,40.525,41.542,45.469,51.814,56.900,56.049,50.438,45.330,40.606
37.351,36.185,35.133,34.585,34.884,37.588,47.159,53.754,54.623,50.587,47.970,44.552,42.956,41.363,41.427,40.595,41.616,45.547,51.856,57.013,56.173,50.554,45.438,40.692
37.487,36.313,35.258,34.713,35.009,37.722,47.313,53.931,54.650,50.629,48.151,44.737,43.135,41.545,41.599,40.770,41.792,45.722,52.045,57.188,56.338,50.710,45.581,40.832
37.560,36.396,35.345,34.793,35.095,37.800,47.359,53.951,54.692,50.694,48.182,44.765,43.157,41.572,41.624,40.804,41.820,45.754,52.056,57.197,56.343,50.735,45.627,40.898
37.662,36.490,35.436,34.879,35.183,37.888,47.446,54.015,54.850,50.816,48.260,44.846,43.249,41.654,41.723,40.895,41.908,45.843,52.134,57.314,56.470,50.855,45.753,40.995
37.769,36.609,35.558,35.004,35.307,38.012,47.596,54.194,54.928,50.866,48.383,44.947,43.347,41.747,41.817,40.984,42.007,45.954,52.272,57.441,56.618,50.992,45.870,41.118
37.844,36.682,35.631,35.085,35.382,38.085,47.682,54.287,54.956,50.890,48.456,45.021,43.434,41.827,41.908,41.063,42.092,46.032,52.359,57.547,56.726,51.091,45.959,41.195
37.901,36.737,35.689,35.157,35.443,38.139,47.722,54.329,55.096,50.979,48.508,45.095,43.526,41.923,42.003,41.152,42.185,46.095,52.417,57.584,56.752,51.126,45.996,41.242
38.001,36.835,35.787,35.266,35.545,38.244,47.838,54.474,55.146,51.029,48.648,45.244,43.674,42.077,42.145,41.294,42.332,46.230,52.567,57.704,56.857,51.229,46.086,41.345
38.070,36.904,35.856,35.334,35.615,38.311,47.893,54.521,55.293,51.088,48.705,45.305,43.734,42.139,42.206,41.358,42.393,46.289,52.618,57.749,56.902,51.281,46.145,41.410
38.189,37.035,35.990,35.468,35.751,38.447,48.030,54.674,55.323,51.234,48.835,45.422,43.837,42.250,42.303,41.463,42.502,46.406,52.744,57.824,56.996,51.386,46.246,41.536
38.266,37.121,36.079,35.549,35.839,38.529,48.076,54.697,55.328,51.304,48.882,45.468,43.869,42.293,42.335,41.510,42.541,46.450,52.765,57.838,57.002,51.404,46.286,41.604
38.370,37.238,36.199,35.665,35.962,38.650,48.174,54.797,55.435,51.441,48.985,45.564,43.942,42.382,42.401,41.595,42.622,46.540,52.848,57.847,57.027,51.455,46.349,41.708
38.466,37.333,36.293,35.760,36.056,38.748,48.276,54.911,55.555,51.569,49.103,45.684,44.054,42.500,42.509,41.708,42.735,46.653,52.966,57.948,57.120,51.548,46.438,41.805
38.561,37.421,36.379,35.833,36.137,38.830,48.333,54.934,55.606,51.663,49.179,45.769,44.131,42.581,42.588,41.799,42.812,46.734,53.019,58.015,57.175,51.615,46.528,41.890
38.689,37.554,36.513,35.985,36.280,38.977,48.513,55.178,55.829,51.863,49.377,45.964,44.320,42.778,42.765,41.974,43.002,46.916,53.241,58.180,57.331,51.762,46.643,42.031
38.768,37.646,36.609,36.087,36.380,39.074,48.606,55.295,55.934,51.967,49.471,46.053,44.399,42.867,42.837,42.053,43.086,46.999,53.333,58.216,57.375,51.815,46.691,42.115
38.889,37.774,36.738,36.216,36.510,39.205,48.755,55.455,56.087,52.095,49.597,46.161,44.503,42.967,42.940,42.152,43.192,47.117,53.468,58.352,57.527,51.958,46.823,42.246
39.005,37.887,36.850,36.312,36.617,39.310,48.803,55.459,56.123,52.207,49.676,46.259,44.584,43.064,43.023,42.259,43.278,47.202,53.505,58.371,57.531,51.994,46.900,42.342
39.131,38.014,36.978,36.441,36.748,39.440,48.904,55.558,56.244,52.378,49.817,46.414,44.720,43.221,43.151,42.408,43.419,47.337,53.625,58.426,57.569,52.056,46.976,42.458
39.257,38.169,37.141,36.609,36.918,39.607,49.072,55.772,56.437,52.564,49.970,46.541,44.818,43.336,43.235,42.508,43.529,47.461,53.774,58.475,57.644,52.145,47.053,42.599
39.393,38.337,37.317,36.793,37.103,39.786,49.265,56.016,56.644,52.734,50.124,46.660,44.919,43.445,43.326,42.604,43.642,47.588,53.936,58.556,57.765,52.269,47.157,42.756
39.490,38.423,37.400,36.888,37.187,39.872,49.377,56.143,56.758,52.817,50.241,46.789,45.069,43.585,43.479,42.740,43.785,47.714,54.077,58.730,57.925,52.412,47.282,42.854
39.654,38.616,37.601,37.088,37.392,40.071,49.580,56.372,56.961,52.996,50.399,46.911,45.172,43.693,43.576,42.843,43.898,47.850,54.233,58.831,58.068,52.560,47.422,43.034
39.810,38.782,37.771,37.262,37.566,40.240,49.744,56.546,57.122,53.148,50.550,47.055,45.313,43.837,43.715,42.984,44.044,47.996,54.384,58.950,58.201,52.699,47.559,43.193
39.914,38.895,37.889,37.404,37.693,40.362,49.891,56.746,57.282,53.259,50.690,47.197,45.467,43.993,43.865,43.121,44.200,48.130,54.553,59.076,58.330,52.821,47.652,43.307
40.023,38.994,37.985,37.503,37.788,40.460,49.995,56.850,57.390,53.369,50.810,47.327,45.606,44.129,44.004,43.256,44.334,48.256,54.679,59.220,58.459,52.945,47.773,43.413
40.142,39.125,38.120,37.637,37.922,40.587,50.144,56.996,57.503,53.416,50.888,47.378,45.674,44.175,44.081,43.312,44.402,48.337,54.775,59.363,58.645,53.112,47.928,43.544
40.256,39.221,38.213,37.753,38.020,40.687,50.255,57.132,57.632,53.539,51.046,47.572,45.891,44.395,44.299,43.517,44.613,48.508,54.955,59.541,58.782,53.243,48.044,43.651
40.417,39.377,38.366,37.901,38.170,40.846,50.454,57.347,57.844,53.721,51.230,47.739,46.060,44.549,44.466,43.674,44.774,48.687,55.158,59.783,59.036,53.470,48.251,43.826
40.564,39.537,38.530,38.046,38.330,40.993,50.532,57.356,57.873,53.802,51.287,47.795,46.102,44.601,44.517,43.745,44.828,48.751,55.168,59.789,59.052,53.525,48.355,43.955
40.754,39.737,38.731,38.245,38.531,41.198,50.777,57.629,58.128,54.011,51.493,47.968,46.271,44.759,44.682,43.902,44.996,48.943,55.392,60.023,59.318,53.769,48.575,44.165
40.913,39.898,38.892,38.401,38.691,41.356,50.933,57.773,58.271,54.149,51.632,48.099,46.403,44.885,44.816,44.034,45.127,49.083,55.528,60.178,59.485,53.933,48.744,44.325
41.092,40.094,39.092,38.614,38.898,41.562,51.170,58.064,58.528,54.360,51.847,48.293,46.593,45.076,44.999,44.211,45.321,49.281,55.765,60.369,59.696,54.135,48.916,44.522
41.260,40.267,39.265,38.782,39.071,41.738,51.341,58.241,58.714,54.566,52.027,48.468,46.751,45.243,45.151,44.375,45.483,49.452,55.935,60.512,59.839,54.284,49.068,44.692
41.433,40.457,39.459,38.959,39.263,41.928,51.499,58.384,58.875,54.769,52.178,48.599,46.848,45.355,45.241,44.492,45.590,49.586,56.052,60.577,59.924,54.393,49.200,44.865
41.631,40.629,39.623,39.145,39.431,42.109,51.739,58.674,59.156,55.014,52.462,48.906,47.180,45.677,45.570,44.798,45.907,49.876,56.382,60.943,60.246,54.680,49.446,45.070
41.773,40.765,39.758,39.304,39.570,42.250,51.956,58.942,59.371,55.119,52.637,49.072,47.388,45.854,45.784,44.968,46.104,50.060,56.621,61.252,60.566,54.949,49.663,45.233
41.944,40.915,39.903,39.470,39.717,42.401,52.166,59.183,59.579,55.249,52.841,49.290,47.654,46.092,46.058,45.201,46.354,50.283,56.879,61.597,60.893,55.233,49.908,45.412
42.226,41.225,40.216,39.775,40.034,42.731,52.536,59.630,60.024,55.695,53.208,49.604,47.909,46.365,46.285,45.456,46.618,50.597,57.245,61.862,61.184,55.518,50.164,45.727
42.449,41.443,40.432,40.010,40.253,42.950,52.833,59.964,60.302,55.849,53.440,49.818,48.171,46.587,46.557,45.679,46.867,50.841,57.541,62.259,61.605,55.883,50.479,45.972
42.608,41.619,40.617,40.241,40.457,43.149,53.080,60.329,60.599,56.075,53.698,50.079,48.441,46.870,46.811,45.919,47.142,51.079,57.851,62.450,61.792,56.061,50.599,46.152
42.898,41.908,40.904,40.514,40.741,43.435,53.324,60.542,60.851,56.400,53.979,50.370,48.706,47.154,47.073,46.207,47.413,51.356,58.094,62.660,61.986,56.283,50.851,46.429
43.058,42.065,41.067,40.744,40.924,43.609,53.565,60.897,61.113,56.539,54.228,50.652,49.050,47.489,47.415,46.500,47.750,51.615,58.429,62.950,62.253,56.520,51.016,46.602
43.278,42.284,41.287,40.974,41.146,43.829,53.814,61.165,61.353,56.725,54.452,50.872,49.292,47.716,47.661,46.725,47.987,51.844,58.681,63.235,62.547,56.793,51.268,46.830
43.667,42.704,41.712,41.402,41.579,44.268,54.276,61.702,61.878,57.250,54.914,51.295,49.665,48.112,48.010,47.099,48.373,52.261,59.141,63.572,62.907,57.159,51.609,47.245
44.086,43.100,42.101,41.835,41.981,44.690,54.812,62.373,62.509,57.801,55.510,51.907,50.301,48.741,48.628,47.686,48.992,52.845,59.821,64.241,63.522,57.716,52.079,47.692
44.676,43.746,42.757,42.523,42.663,45.385,55.581,63.349,63.436,58.700,56.310,52.649,50.957,49.448,49.228,48.326,49.670,53.552,60.650,64.786,64.088,58.282,52.566,48.339
45.587,44.588,43.567,43.360,43.468,46.256,56.780,64.737,64.772,59.781,57.495,53.782,52.159,50.551,50.418,49.410,50.810,54.728,62.029,66.479,65.738,59.719,53.816,49.338
46.568,45.527,44.473,44.153,44.336,47.183,57.703,65.542,65.782,61.008,58.504,54.744,53.003,51.401,51.243,50.314,51.639,55.706,62.938,67.533,66.751,60.718,54.882,50.318
47.401,46.343,45.296,45.227,45.249,48.125,58.962,67.438,67.436,62.389,60.061,56.424,54.750,53.216,52.896,51.891,53.371,57.187,64.795,68.903,67.910,61.776,55.612,51.236
48.878,47.931,46.905,46.897,46.909,49.809,60.784,69.660,69.561,64.463,61.942,58.190,56.349,54.914,54.387,53.460,55.013,58.887,66.728,70.277,69.325,63.197,56.881,52.823
50.734,49.826,48.807,48.929,48.867,51.799,63.046,72.392,72.122,66.797,64.296,60.508,58.642,57.243,56.597,55.640,57.307,61.127,69.275,72.478,71.484,65.261,58.700,54.790
