1.793,-1.070,-1.320,-1.083,-2.669,-2.920,-3.991,-4.812,-4.798,-4.918,-8.437,-10.364,-18.362,-25.715,-19.048,-24.313,-7.771,-4.371,4.461,9.420,0.129,-1.041,-0.124,-5.680
4.385,1.786,1.254,0.632,-0.686,-1.329,-2.894,-3.415,-3.001,-2.873,-6.518,-8.387,-15.396,-21.964,-16.850,-20.554,-6.647,-2.010,7.021,11.186,2.223,1.161,2.280,-2.623
6.348,3.900,3.263,2.144,0.987,0.151,-1.684,-1.967,-1.365,-1.144,-4.770,-6.598,-13.227,-19.387,-14.909,-17.962,-5.210,-0.137,9.009,12.650,4.047,3.040,4.251,-0.277
7.964,5.684,4.879,3.510,2.467,1.487,-0.468,-0.717,0.068,0.446,-3.267,-5.018,-10.808,-16.393,-13.023,-15.013,-4.216,1.558,10.488,13.780,5.353,4.403,5.700,1.590
9.466,7.234,6.392,5.084,4.044,3.123,1.263,1.059,1.857,2.266,-1.488,-3.162,-8.673,-13.921,-10.962,-12.535,-2.613,3.267,11.991,14.997,6.878,5.860,7.211,3.401
10.352,8.094,7.252,5.950,4.889,4.016,2.191,2.079,2.872,3.272,-0.537,-2.192,-7.813,-12.983,-10.030,-11.544,-1.700,4.180,12.992,15.793,7.846,6.737,8.148,4.469
10.955,8.665,7.829,6.674,5.564,4.781,3.074,2.962,3.717,4.105,0.240,-1.387,-7.032,-12.130,-9.204,-10.666,-0.947,4.892,13.642,16.364,8.518,7.326,8.768,5.178
11.791,9.585,8.777,7.508,6.474,5.621,3.836,3.722,4.487,4.866,1.174,-0.448,-5.974,-11.061,-8.101,-9.661,0.083,5.761,14.360,17.129,9.362,8.293,9.654,6.026
12.423,10.231,9.442,8.146,7.126,6.278,4.488,4.416,5.172,5.535,1.890,0.278,-5.291,-10.359,-7.338,-8.957,0.843,6.421,15.007,17.709,10.053,8.986,10.340,6.745
12.760,10.514,9.683,8.596,7.493,6.760,5.132,5.037,5.774,6.162,2.337,0.764,-4.719,-9.624,-6.865,-8.176,1.116,6.877,15.416,17.994,10.386,9.176,10.616,7.189
13.380,11.200,10.422,9.210,8.179,7.383,5.668,5.596,6.326,6.680,3.052,1.472,-4.037,-9.010,-6.044,-7.614,2.004,7.500,15.954,18.589,11.068,9.975,11.328,7.817
13.786,11.608,10.798,9.599,8.559,7.780,6.093,6.043,6.793,7.172,3.475,1.918,-3.491,-8.334,-5.574,-6.920,2.310,7.945,16.388,18.898,11.450,10.310,11.709,8.322
14.246,12.090,11.314,10.100,9.082,8.289,6.585,6.523,7.253,7.609,4.008,2.446,-2.996,-7.901,-4.995,-6.516,2.952,8.420,16.801,19.384,11.951,10.864,12.211,8.754
14.535,12.362,11.605,10.418,9.387,8.621,6.939,6.896,7.606,7.943,4.348,2.786,-2.751,-7.683,-4.675,-6.284,3.337,8.721,17.124,19.687,12.295,11.186,12.535,9.075
14.767,12.586,11.821,10.633,9.596,8.835,7.157,7.127,7.842,8.182,4.562,3.001,-2.544,-7.459,-4.479,-6.049,3.524,8.947,17.377,19.907,12.524,11.396,12.762,9.326
15.082,12.877,12.118,11.042,9.968,9.274,7.683,7.650,8.334,8.665,5.004,3.464,-2.107,-6.979,-4.006,-5.551,3.956,9.341,17.727,20.209,12.892,11.704,13.089,9.711
15.547,13.368,12.594,11.498,10.438,9.743,8.155,8.145,8.845,9.190,5.529,4.010,-1.454,-6.215,-3.388,-4.789,4.421,9.854,18.184,20.568,13.351,12.157,13.557,10.273
15.803,13.639,12.847,11.741,10.689,9.982,8.390,8.369,9.085,9.447,5.774,4.262,-1.107,-5.815,-3.105,-4.397,4.612,10.122,18.418,20.788,13.568,12.381,13.787,10.536
16.010,13.844,13.045,11.974,10.911,10.224,8.663,8.639,9.352,9.721,6.022,4.522,-0.807,-5.466,-2.825,-4.043,4.825,10.365,18.631,20.967,13.776,12.566,13.986,10.780
16.248,14.111,13.328,12.184,11.156,10.430,8.816,8.805,9.524,9.882,6.262,4.755,-0.579,-5.271,-2.556,-3.870,5.127,10.583,18.834,21.195,14.024,12.869,14.255,11.008
16.499,14.394,13.590,12.429,11.420,10.669,9.044,9.005,9.745,10.127,6.511,5.014,-0.160,-4.782,-2.229,-3.405,5.316,10.859,19.029,21.400,14.216,13.091,14.470,11.252
16.729,14.614,13.806,12.695,11.669,10.949,9.366,9.329,10.060,10.443,6.798,5.314,0.152,-4.425,-1.917,-3.038,5.576,11.130,19.276,21.604,14.461,13.303,14.699,11.528
16.995,14.925,14.113,12.916,11.932,11.161,9.519,9.485,10.240,10.634,7.049,5.566,0.503,-4.047,-1.598,-2.688,5.827,11.387,19.487,21.821,14.694,13.596,14.966,11.794
17.145,15.063,14.248,13.081,12.083,11.334,9.717,9.689,10.438,10.831,7.219,5.741,0.659,-3.874,-1.436,-2.503,5.981,11.552,19.662,21.966,14.859,13.732,15.118,11.972
17.338,15.263,14.448,13.276,12.283,11.531,9.913,9.886,10.637,11.031,7.427,5.952,0.891,-3.628,-1.206,-2.261,6.187,11.755,19.846,22.143,15.051,13.930,15.312,12.175
17.603,15.557,14.737,13.589,12.608,11.850,10.246,10.179,10.930,11.334,7.759,6.297,1.370,-3.101,-0.774,-1.764,6.504,12.074,20.044,22.380,15.288,14.200,15.559,12.431
17.869,15.825,14.992,13.858,12.871,12.128,10.545,10.488,11.246,11.661,8.055,6.607,1.733,-2.667,-0.443,-1.321,6.743,12.372,20.324,22.593,15.550,14.435,15.817,12.757
18.093,16.045,15.230,14.126,13.134,12.412,10.854,10.804,11.541,11.940,8.358,6.915,1.993,-2.417,-0.118,-1.070,7.092,12.628,20.554,22.816,15.821,14.700,16.072,13.011
18.282,16.234,15.407,14.322,13.323,12.615,11.078,11.034,11.775,12.183,8.571,7.139,2.260,-2.093,0.120,-0.739,7.258,12.844,20.755,22.967,16.006,14.861,16.252,13.245
18.430,16.392,15.565,14.492,13.497,12.787,11.255,11.191,11.931,12.341,8.743,7.315,2.484,-1.859,0.329,-0.518,7.431,13.011,20.874,23.111,16.143,15.013,16.392,13.379
18.577,16.533,15.716,14.642,13.644,12.944,11.416,11.373,12.105,12.504,8.913,7.486,2.598,-1.755,0.488,-0.406,7.625,13.160,21.044,23.256,16.323,15.182,16.564,13.556
18.757,16.737,15.916,14.777,13.805,13.073,11.504,11.478,12.228,12.634,9.073,7.645,2.800,-1.532,0.676,-0.192,7.778,13.326,21.207,23.395,16.488,15.375,16.750,13.754
18.909,16.892,16.086,14.921,13.957,13.220,11.635,11.632,12.377,12.769,9.240,7.809,2.901,-1.459,0.836,-0.117,7.993,13.468,21.370,23.548,16.674,15.569,16.934,13.924
19.088,17.077,16.287,15.094,14.142,13.398,11.797,11.810,12.550,12.930,9.441,8.007,3.055,-1.328,1.043,0.011,8.239,13.642,21.549,23.723,16.881,15.791,17.143,14.117
19.299,17.282,16.489,15.358,14.389,13.681,12.130,12.141,12.869,13.249,9.734,8.316,3.391,-0.938,1.378,0.407,8.505,13.911,21.772,23.904,17.112,15.989,17.355,14.382
19.447,17.434,16.656,15.561,14.589,13.892,12.356,12.347,13.057,13.427,9.944,8.527,3.601,-0.751,1.619,0.578,8.759,14.088,21.892,24.075,17.279,16.172,17.513,14.510
19.537,17.532,16.757,15.608,14.653,13.930,12.361,12.363,13.083,13.452,9.991,8.567,3.623,-0.750,1.650,0.580,8.823,14.144,21.980,24.164,17.364,16.277,17.612,14.590
19.649,17.662,16.888,15.666,14.736,13.976,12.361,12.373,13.110,13.480,10.053,8.621,3.683,-0.705,1.709,0.614,8.900,14.219,22.078,24.265,17.462,16.408,17.731,14.691
19.930,17.968,17.194,15.983,15.065,14.305,12.698,12.702,13.437,13.812,10.413,8.996,4.147,-0.188,2.161,1.113,9.253,14.553,22.320,24.500,17.742,16.706,18.015,15.003
20.038,18.085,17.306,16.092,15.178,14.413,12.804,12.801,13.541,13.921,10.525,9.111,4.303,-0.014,2.295,1.280,9.351,14.670,22.413,24.595,17.837,16.808,18.115,15.111
20.165,18.210,17.434,16.193,15.284,14.514,12.890,12.911,13.655,14.031,10.640,9.223,4.376,0.054,2.392,1.356,9.475,14.781,22.560,24.711,17.978,16.946,18.258,15.262
20.269,18.317,17.546,16.289,15.386,14.611,12.976,13.006,13.750,14.122,10.745,9.326,4.464,0.133,2.497,1.435,9.595,14.879,22.665,24.812,18.090,17.064,18.372,15.370
20.379,18.417,17.642,16.414,15.498,14.743,13.135,13.172,13.911,14.285,10.880,9.469,4.604,0.302,2.635,1.615,9.706,15.009,22.796,24.906,18.211,17.157,18.482,15.515
20.526,18.581,17.799,16.552,15.648,14.881,13.262,13.297,14.046,14.428,11.034,9.628,4.824,0.554,2.827,1.858,9.840,15.167,22.923,25.022,18.341,17.301,18.622,15.674
20.654,18.726,17.940,16.650,15.763,14.976,13.330,13.378,14.140,14.527,11.151,9.746,4.974,0.726,2.968,2.024,9.949,15.288,23.040,25.118,18.459,17.436,18.755,15.820
20.806,18.883,18.083,16.820,15.929,15.152,13.530,13.566,14.333,14.732,11.331,9.940,5.247,1.059,3.193,2.355,10.079,15.475,23.181,25.234,18.591,17.556,18.886,15.997
20.928,19.011,18.202,16.957,16.063,15.289,13.680,13.701,14.470,14.877,11.466,10.081,5.444,1.286,3.356,2.577,10.186,15.616,23.288,25.343,18.695,17.660,18.991,16.119
21.053,19.134,18.318,17.078,16.181,15.411,13.808,13.831,14.605,15.018,11.588,10.207,5.590,1.456,3.482,2.751,10.282,15.747,23.420,25.454,18.813,17.766,19.108,16.259
21.189,19.273,18.449,17.232,16.330,15.570,13.986,14.001,14.775,15.195,11.751,10.377,5.809,1.712,3.675,3.006,10.415,15.909,23.549,25.569,18.939,17.885,19.233,16.411
21.336,19.420,18.615,17.393,16.495,15.740,14.154,14.184,14.945,15.349,11.938,10.563,5.932,1.806,3.863,3.100,10.656,16.061,23.704,25.722,19.128,18.078,19.414,16.576
21.423,19.507,18.699,17.486,16.585,15.835,14.257,14.285,15.047,15.452,12.034,10.662,6.044,1.932,3.967,3.227,10.741,16.157,23.792,25.801,19.214,18.158,19.498,16.672
21.566,19.663,18.852,17.627,16.737,15.973,14.385,14.402,15.169,15.580,12.177,10.806,6.237,2.135,4.139,3.418,10.879,16.304,23.908,25.935,19.339,18.303,19.633,16.802
21.696,19.780,18.996,17.806,16.905,16.165,14.599,14.617,15.356,15.743,12.370,10.996,6.329,2.172,4.318,3.456,11.148,16.448,24.049,26.103,19.525,18.485,19.798,16.930
21.828,19.933,19.136,17.922,17.036,16.277,14.697,14.708,15.463,15.863,12.494,11.126,6.547,2.434,4.486,3.707,11.235,16.589,24.154,26.201,19.625,18.602,19.914,17.068
21.953,20.071,19.282,18.052,17.178,16.406,14.812,14.816,15.570,15.967,12.634,11.263,6.698,2.572,4.650,3.831,11.403,16.717,24.253,26.327,19.751,18.755,20.047,17.180
22.106,20.227,19.434,18.178,17.309,16.533,14.926,14.954,15.716,16.115,12.777,11.409,6.838,2.732,4.792,3.998,11.532,16.863,24.423,26.452,19.908,18.905,20.208,17.367
22.214,20.328,19.517,18.282,17.402,16.637,15.050,15.078,15.848,16.261,12.877,11.517,6.991,2.936,4.896,4.212,11.570,16.983,24.546,26.533,19.996,18.966,20.293,17.501
22.322,20.434,19.620,18.385,17.504,16.740,15.155,15.185,15.957,16.372,12.979,11.620,7.099,3.052,4.995,4.331,11.660,17.090,24.658,26.636,20.099,19.064,20.396,17.613
22.453,20.563,19.754,18.523,17.640,16.881,15.298,15.331,16.098,16.508,13.121,11.761,7.216,3.158,5.133,4.439,11.819,17.223,24.794,26.773,20.244,19.207,20.537,17.747
22.602,20.717,19.909,18.686,17.805,17.044,15.465,15.486,16.251,16.661,13.283,11.924,7.403,3.345,5.313,4.618,11.985,17.381,24.925,26.925,20.387,19.360,20.681,17.884
22.723,20.847,20.033,18.819,17.940,17.177,15.604,15.609,16.378,16.796,13.417,12.063,7.599,3.567,5.478,4.831,12.099,17.520,25.026,27.034,20.490,19.470,20.789,18.001
22.827,20.946,20.133,18.919,18.037,17.283,15.714,15.735,16.502,16.917,13.531,12.180,7.692,3.668,5.587,4.940,12.211,17.627,25.149,27.126,20.610,19.575,20.903,18.134
22.936,21.070,20.250,19.013,18.144,17.370,15.783,15.794,16.572,16.996,13.621,12.270,7.840,3.829,5.701,5.090,12.287,17.731,25.231,27.222,20.691,19.679,20.999,18.226
23.117,21.259,20.453,19.196,18.337,17.555,15.953,15.972,16.745,17.158,13.822,12.467,8.005,3.968,5.908,5.222,12.532,17.909,25.405,27.409,20.894,19.900,21.204,18.408
23.219,21.371,20.545,19.280,18.426,17.633,16.028,16.036,16.826,17.257,13.898,12.549,8.176,4.189,6.010,5.438,12.550,18.016,25.490,27.480,20.953,19.962,21.275,18.511
23.319,21.461,20.641,19.370,18.511,17.727,16.122,16.156,16.942,17.365,14.001,12.651,8.214,4.217,6.086,5.481,12.666,18.108,25.623,27.578,21.082,20.072,21.395,18.641
23.456,21.596,20.776,19.525,18.661,17.890,16.304,16.341,17.122,17.545,14.173,12.830,8.401,4.426,6.277,5.693,12.830,18.267,25.766,27.698,21.230,20.207,21.536,18.806
23.622,21.747,20.937,19.732,18.851,18.113,16.562,16.608,17.370,17.780,14.401,13.064,8.580,4.605,6.504,5.883,13.077,18.462,25.958,27.866,21.438,20.387,21.722,19.007
23.688,21.795,20.991,19.826,18.927,18.213,16.690,16.732,17.481,17.885,14.486,13.149,8.622,4.633,6.568,5.921,13.171,18.537,26.044,27.956,21.524,20.449,21.792,19.073
23.835,21.949,21.133,19.952,19.057,18.339,16.813,16.869,17.629,18.043,14.629,13.299,8.808,4.864,6.728,6.157,13.275,18.690,26.200,28.062,21.661,20.577,21.934,19.258
23.975,22.095,21.269,20.098,19.203,18.485,16.966,17.010,17.776,18.199,14.774,13.449,9.018,5.106,6.898,6.394,13.387,18.845,26.325,28.185,21.779,20.696,22.056,19.400
24.063,22.180,21.343,20.206,19.301,18.594,17.097,17.120,17.886,18.318,14.866,13.546,9.163,5.276,7.002,6.562,13.444,18.951,26.404,28.274,21.845,20.752,22.120,19.476
24.187,22.317,21.464,20.320,19.421,18.704,17.204,17.216,17.996,18.444,14.979,13.666,9.371,5.532,7.150,6.811,13.509,19.086,26.508,28.367,21.934,20.847,22.219,19.605
24.325,22.457,21.598,20.472,19.570,18.857,17.369,17.369,18.150,18.603,15.129,13.820,9.563,5.742,7.320,7.018,13.641,19.239,26.635,28.498,22.060,20.972,22.346,19.742
24.473,22.581,21.735,20.679,19.750,19.081,17.646,17.647,18.401,18.840,15.347,14.043,9.716,5.885,7.525,7.176,13.881,19.421,26.816,28.666,22.256,21.129,22.512,19.916
24.616,22.709,21.841,20.839,19.886,19.248,17.858,17.858,18.615,19.069,15.506,14.217,9.940,6.184,7.695,7.492,13.959,19.597,26.985,28.774,22.384,21.208,22.627,20.105
24.755,22.843,21.968,21.059,20.084,19.480,18.151,18.103,18.844,19.305,15.715,14.439,10.239,6.518,7.952,7.817,14.137,19.798,27.098,28.922,22.510,21.319,22.737,20.230
24.856,22.943,22.040,21.193,20.201,19.618,18.334,18.254,19.002,19.486,15.834,14.574,10.500,6.863,8.116,8.162,14.163,19.946,27.185,28.994,22.566,21.347,22.789,20.341
24.996,23.063,22.180,21.363,20.355,19.798,18.536,18.469,19.195,19.659,16.013,14.750,10.570,6.891,8.262,8.202,14.393,20.090,27.357,29.163,22.758,21.519,22.959,20.494
25.094,23.139,22.254,21.516,20.480,19.961,18.752,18.664,19.373,19.836,16.151,14.894,10.706,7.034,8.394,8.354,14.516,20.220,27.468,29.283,22.866,21.592,23.045,20.590
25.286,23.324,22.456,21.676,20.647,20.122,18.888,18.839,19.545,19.992,16.331,15.066,10.772,7.059,8.532,8.391,14.745,20.381,27.694,29.480,23.098,21.823,23.275,20.806
25.514,23.581,22.711,21.837,20.842,20.273,18.977,18.956,19.684,20.136,16.517,15.248,10.979,7.273,8.737,8.595,14.938,20.577,27.907,29.668,23.314,22.076,23.517,21.050
25.701,23.789,22.893,22.048,21.056,20.479,19.200,19.128,19.870,20.349,16.709,15.452,11.361,7.726,9.003,9.025,15.053,20.802,28.034,29.829,23.430,22.210,23.648,21.206
25.945,24.068,23.168,22.266,21.306,20.689,19.369,19.289,20.049,20.536,16.943,15.687,11.682,8.065,9.294,9.339,15.288,21.043,28.227,30.042,23.643,22.473,23.888,21.438
26.121,24.220,23.328,22.471,21.488,20.906,19.620,19.551,20.293,20.770,17.152,15.898,11.820,8.193,9.473,9.485,15.508,21.232,28.441,30.234,23.856,22.648,24.078,21.638
26.369,24.458,23.553,22.803,21.790,21.257,20.052,19.954,20.681,21.168,17.497,16.265,12.268,8.721,9.878,10.017,15.792,21.562,28.689,30.454,24.104,22.852,24.301,21.928
26.705,24.793,23.911,23.158,22.147,21.628,20.428,20.359,21.071,21.537,17.902,16.673,12.600,9.039,10.296,10.340,16.253,21.916,29.045,30.777,24.500,23.243,24.685,22.316
26.861,24.958,24.071,23.302,22.300,21.768,20.557,20.482,21.202,21.673,18.044,16.815,12.777,9.225,10.452,10.519,16.385,22.068,29.186,30.925,24.638,23.395,24.833,22.463
27.025,25.129,24.238,23.443,22.450,21.900,20.666,20.586,21.314,21.791,18.170,16.935,12.914,9.350,10.569,10.638,16.509,22.211,29.336,31.096,24.782,23.555,24.988,22.600
27.290,25.357,24.489,23.754,22.731,22.228,21.039,20.980,21.676,22.128,18.491,17.255,13.088,9.480,10.839,10.793,16.882,22.488,29.659,31.397,25.119,23.846,25.289,22.896
27.596,25.680,24.840,23.994,23.006,22.459,21.191,21.179,21.880,22.309,18.758,17.503,13.216,9.522,11.068,10.831,17.251,22.730,29.971,31.717,25.467,24.241,25.654,23.198
27.936,25.978,25.172,24.417,23.391,22.910,21.711,21.718,22.372,22.767,19.207,17.955,13.494,9.751,11.476,11.086,17.775,23.107,30.375,32.100,25.908,24.626,26.046,23.584
28.268,26.323,25.492,24.770,23.742,23.263,22.088,22.059,22.725,23.143,19.553,18.314,13.998,10.330,11.885,11.653,18.044,23.478,30.670,32.397,26.187,24.905,26.333,23.913
28.566,26.638,25.786,24.964,23.963,23.434,22.189,22.184,22.888,23.324,19.730,18.483,14.209,10.555,12.035,11.878,18.177,23.713,30.966,32.665,26.432,25.174,26.612,24.201
28.822,26.848,25.995,25.297,24.243,23.780,22.620,22.593,23.268,23.700,20.028,18.787,14.458,10.802,12.288,12.150,18.450,24.005,31.267,32.968,26.711,25.384,26.851,24.456
29.252,27.300,26.452,25.626,24.612,24.083,22.828,22.826,23.526,23.957,20.342,19.078,14.712,10.990,12.556,12.328,18.808,24.347,31.683,33.413,27.120,25.850,27.295,24.838
29.779,27.791,26.879,26.024,24.985,24.450,23.180,23.209,23.960,24.434,20.657,19.390,15.061,11.415,12.746,12.803,18.937,24.794,32.294,33.910,27.554,26.207,27.742,25.378
30.687,28.689,27.861,26.794,25.803,25.215,23.802,23.982,24.717,25.115,21.498,20.184,15.402,11.518,13.415,12.936,20.049,25.546,33.305,34.877,28.633,27.330,28.824,26.328
31.890,29.560,28.808,28.170,26.906,26.675,25.591,25.958,26.523,26.799,22.813,21.485,15.642,11.521,14.138,13.208,21.477,26.727,35.076,36.338,30.248,28.470,30.181,27.767
