0.757,-11.538,-8.376,-10.408,-4.957,-0.191,9.990,17.524,23.590,22.205,22.823,26.865,29.507,34.852,37.157,39.204,41.813,49.536,48.968,44.904,38.784,34.425,29.119,26.649
5.389,-5.275,-2.964,-5.415,-0.057,4.713,14.642,21.929,27.295,26.075,26.481,29.868,31.891,36.254,38.443,40.614,43.205,51.123,51.297,47.468,41.337,36.935,32.213,29.482
7.895,-1.336,0.178,-2.708,2.602,7.492,17.552,24.722,29.721,28.442,28.736,31.704,33.293,37.180,39.306,41.468,44.005,52.301,52.789,49.055,42.910,38.418,34.066,31.303
9.894,2.140,2.545,-0.275,4.604,9.501,19.318,26.525,31.379,30.120,30.233,33.049,34.451,38.147,40.173,42.100,44.266,52.319,53.067,49.581,43.840,39.431,35.519,32.810
10.658,3.445,3.299,0.654,5.277,10.171,19.805,27.141,32.011,30.814,30.814,33.657,35.056,38.729,40.717,42.520,44.458,52.355,53.172,49.823,44.324,39.965,36.244,33.514
12.132,5.115,4.964,2.465,6.905,11.626,20.903,28.023,32.761,31.619,31.612,34.397,35.784,39.369,41.291,43.019,44.866,52.393,53.225,49.999,44.715,40.515,36.914,34.273
13.097,6.233,5.976,3.574,7.909,12.550,21.577,28.649,33.269,32.234,32.170,34.889,36.230,39.638,41.522,43.258,45.052,52.404,53.380,50.253,45.066,40.926,37.448,34.736
13.732,6.992,6.718,4.318,8.612,13.205,22.133,29.118,33.659,32.641,32.571,35.234,36.535,39.866,41.727,43.454,45.235,52.507,53.519,50.431,45.289,41.189,37.766,35.071
14.463,8.002,7.522,5.200,9.364,13.910,22.674,29.635,34.118,33.144,33.027,35.657,36.930,40.188,42.015,43.691,45.378,52.515,53.583,50.579,45.568,41.523,38.214,35.521
15.033,9.090,8.193,5.914,9.911,14.471,23.176,30.179,34.655,33.669,33.492,36.104,37.338,40.591,42.387,43.956,45.490,52.543,53.658,50.736,45.885,41.869,38.701,36.050
15.731,10.006,9.030,6.767,10.683,15.190,23.782,30.688,35.093,34.108,33.925,36.484,37.681,40.883,42.648,44.174,45.661,52.628,53.729,50.860,46.100,42.140,39.047,36.448
16.170,10.359,9.474,7.309,11.163,15.597,24.064,30.900,35.314,34.338,34.172,36.767,38.016,41.268,43.017,44.505,45.963,52.779,53.801,50.958,46.283,42.391,39.291,36.749
16.543,10.797,9.898,7.757,11.573,15.969,24.350,31.138,35.505,34.551,34.377,36.945,38.177,41.381,43.114,44.594,46.035,52.785,53.826,51.015,46.382,42.522,39.459,36.923
16.851,11.149,10.227,8.120,11.895,16.269,24.604,31.369,35.737,34.781,34.608,37.182,38.425,41.646,43.370,44.823,46.235,52.929,53.943,51.151,46.566,42.733,39.686,37.178
17.435,12.010,10.977,8.859,12.550,16.895,25.206,31.877,36.229,35.208,35.051,37.602,38.826,42.096,43.794,45.160,46.509,53.171,54.066,51.302,46.821,43.039,40.041,37.657
17.708,12.416,11.232,9.200,12.794,17.124,25.355,32.062,36.435,35.434,35.245,37.826,39.071,42.362,44.046,45.361,46.627,53.180,54.094,51.376,46.994,43.241,40.295,37.920
17.914,12.750,11.381,9.436,12.942,17.276,25.442,32.227,36.631,35.661,35.430,38.045,39.311,42.615,44.291,45.565,46.749,53.207,54.177,51.504,47.203,43.465,40.571,38.174
18.246,13.015,11.746,9.858,13.325,17.599,25.685,32.389,36.796,35.815,35.612,38.249,39.553,42.910,44.573,45.813,46.982,53.341,54.213,51.553,47.314,43.632,40.723,38.396
18.505,13.216,12.026,10.161,13.620,17.855,25.879,32.530,36.914,35.944,35.752,38.382,39.692,43.036,44.685,45.934,47.112,53.419,54.272,51.621,47.398,43.745,40.833,38.519
18.771,13.366,12.336,10.458,13.951,18.140,26.105,32.667,36.989,36.039,35.867,38.460,39.754,43.037,44.691,45.966,47.197,53.427,54.323,51.681,47.430,43.798,40.872,38.555
18.983,13.611,12.559,10.726,14.174,18.336,26.235,32.778,37.097,36.156,35.980,38.579,39.884,43.172,44.810,46.067,47.268,53.449,54.333,51.694,47.495,43.893,40.987,38.687
19.283,14.060,12.918,11.088,14.494,18.642,26.489,33.011,37.287,36.360,36.165,38.730,40.003,43.239,44.862,46.106,47.278,53.457,54.338,51.742,47.582,43.995,41.144,38.842
19.427,14.221,13.019,11.257,14.613,18.746,26.522,33.073,37.357,36.464,36.246,38.831,40.123,43.354,44.971,46.200,47.333,53.480,54.347,51.781,47.669,44.100,41.275,38.953
19.755,14.687,13.462,11.636,15.003,19.113,26.858,33.333,37.560,36.653,36.439,38.973,40.224,43.408,45.010,46.227,47.355,53.481,54.354,51.805,47.717,44.170,41.382,39.095
19.826,14.878,13.579,11.666,15.057,19.227,27.071,33.585,37.781,36.859,36.626,39.105,40.288,43.410,45.015,46.253,47.396,53.623,54.600,52.040,47.896,44.295,41.540,39.216
19.840,14.914,13.581,11.684,15.066,19.257,27.151,33.675,37.861,36.942,36.714,39.177,40.344,43.437,45.055,46.331,47.517,53.813,54.817,52.232,48.024,44.394,41.617,39.261
19.941,14.934,13.679,11.723,15.180,19.363,27.251,33.757,37.923,37.015,36.792,39.240,40.399,43.462,45.081,46.383,47.565,53.842,54.925,52.334,48.097,44.463,41.676,39.302
20.118,15.406,13.883,11.949,15.314,19.526,27.398,33.971,38.141,37.237,36.964,39.406,40.539,43.587,45.193,46.442,47.599,53.904,54.927,52.383,48.226,44.591,41.893,39.512
20.253,15.526,14.089,12.075,15.497,19.713,27.638,34.152,38.287,37.355,37.108,39.509,40.609,43.633,45.242,46.514,47.689,53.993,55.078,52.532,48.322,44.674,41.955,39.594
20.371,15.777,14.158,12.235,15.561,19.777,27.639,34.222,38.396,37.486,37.201,39.643,40.771,43.828,45.427,46.647,47.733,54.022,55.104,52.550,48.434,44.806,42.137,39.772
20.507,16.063,14.307,12.385,15.676,19.910,27.770,34.389,38.557,37.653,37.342,39.773,40.879,43.914,45.508,46.712,47.761,54.028,55.153,52.646,48.556,44.920,42.295,39.916
20.711,16.323,14.546,12.634,15.900,20.116,27.935,34.526,38.672,37.773,37.459,39.875,40.972,43.987,45.572,46.765,47.800,54.050,55.161,52.673,48.610,44.992,42.390,40.021
20.826,16.519,14.675,12.763,16.010,20.232,28.050,34.652,38.796,37.896,37.571,39.981,41.068,44.077,45.658,46.840,47.855,54.082,55.229,52.750,48.704,45.086,42.505,40.137
20.910,16.618,14.760,12.846,16.091,20.316,28.131,34.737,38.875,37.979,37.650,40.054,41.135,44.132,45.713,46.897,47.912,54.140,55.301,52.826,48.779,45.158,42.584,40.208
21.007,16.695,14.845,12.953,16.187,20.402,28.193,34.800,38.941,38.054,37.723,40.136,41.228,44.229,45.808,46.989,47.990,54.194,55.357,52.888,48.854,45.242,42.668,40.291
21.127,16.996,14.978,13.084,16.279,20.518,28.311,34.963,39.096,38.218,37.854,40.252,41.316,44.286,45.860,47.025,47.997,54.196,55.417,52.972,48.965,45.341,42.821,40.422
21.252,17.120,15.125,13.224,16.421,20.653,28.449,35.077,39.209,38.317,37.964,40.360,41.426,44.409,45.981,47.139,48.108,54.314,55.506,53.057,49.054,45.438,42.911,40.534
21.364,17.312,15.264,13.354,16.536,20.772,28.567,35.194,39.315,38.420,38.060,40.442,41.493,44.462,46.031,47.179,48.135,54.347,55.549,53.108,49.118,45.501,42.995,40.623
21.473,17.515,15.386,13.469,16.635,20.883,28.677,35.322,39.433,38.544,38.167,40.537,41.569,44.515,46.080,47.223,48.162,54.379,55.616,53.188,49.208,45.585,43.107,40.722
21.576,17.610,15.502,13.579,16.750,20.991,28.777,35.406,39.504,38.617,38.243,40.603,41.629,44.562,46.126,47.275,48.222,54.439,55.677,53.249,49.264,45.644,43.167,40.781
21.715,17.728,15.669,13.730,16.916,21.144,28.918,35.512,39.583,38.698,38.332,40.671,41.685,44.591,46.152,47.315,48.282,54.504,55.742,53.312,49.314,45.698,43.220,40.834
21.771,17.786,15.733,13.760,16.973,21.214,29.014,35.610,39.666,38.782,38.415,40.734,41.728,44.605,46.170,47.352,48.340,54.605,55.868,53.429,49.398,45.766,43.287,40.883
21.875,18.018,15.857,13.867,17.062,21.325,29.152,35.774,39.832,38.938,38.556,40.867,41.843,44.717,46.279,47.446,48.409,54.699,55.979,53.548,49.530,45.886,43.434,41.031
21.953,18.121,15.934,13.945,17.134,21.401,29.222,35.854,39.906,39.020,38.630,40.936,41.906,44.765,46.327,47.495,48.453,54.741,56.043,53.618,49.601,45.955,43.514,41.099
22.071,18.305,16.068,14.077,17.251,21.521,29.339,35.973,40.020,39.132,38.735,41.033,41.993,44.845,46.403,47.562,48.505,54.792,56.102,53.686,49.683,46.038,43.616,41.203
22.127,18.465,16.143,14.131,17.294,21.587,29.440,36.097,40.149,39.247,38.841,41.134,42.079,44.936,46.494,47.639,48.564,54.883,56.199,53.784,49.788,46.130,43.725,41.318
22.241,18.665,16.257,14.266,17.394,21.690,29.522,36.200,40.255,39.360,38.937,41.232,42.175,45.028,46.581,47.708,48.601,54.894,56.232,53.836,49.872,46.219,43.842,41.431
22.405,18.915,16.489,14.449,17.586,21.888,29.753,36.398,40.432,39.511,39.096,41.362,42.277,45.120,46.670,47.790,48.690,55.030,56.346,53.944,49.973,46.316,43.949,41.564
22.516,19.136,16.618,14.575,17.688,22.000,29.861,36.523,40.549,39.631,39.199,41.453,42.351,45.174,46.719,47.829,48.704,55.045,56.391,54.004,50.052,46.391,44.056,41.664
22.614,19.299,16.695,14.686,17.760,22.077,29.917,36.612,40.653,39.744,39.295,41.563,42.469,45.302,46.844,47.933,48.772,55.076,56.442,54.073,50.157,46.501,44.189,41.792
22.717,19.363,16.810,14.791,17.881,22.188,30.024,36.695,40.723,39.815,39.374,41.634,42.537,45.360,46.902,48.001,48.858,55.168,56.525,54.151,50.221,46.568,44.247,41.852
22.791,19.494,16.890,14.854,17.943,22.269,30.134,36.825,40.859,39.941,39.495,41.751,42.644,45.470,47.013,48.108,48.957,55.296,56.660,54.284,50.351,46.686,44.372,41.976
22.891,19.719,16.996,14.976,18.023,22.359,30.217,36.937,40.979,40.061,39.596,41.855,42.744,45.574,47.112,48.180,48.987,55.307,56.690,54.333,50.439,46.776,44.497,42.103
23.003,19.767,17.107,15.104,18.151,22.468,30.304,36.997,41.044,40.124,39.671,41.942,42.847,45.696,47.233,48.298,49.111,55.405,56.753,54.394,50.508,46.861,44.565,42.189
23.112,19.800,17.232,15.207,18.285,22.593,30.446,37.104,41.146,40.211,39.781,42.048,42.956,45.817,47.357,48.432,49.276,55.592,56.900,54.522,50.612,46.967,44.642,42.285
23.221,19.886,17.369,15.301,18.415,22.727,30.612,37.244,41.268,40.322,39.904,42.149,43.039,45.882,47.425,48.519,49.396,55.760,57.061,54.667,50.720,47.063,44.726,42.370
23.263,19.933,17.398,15.313,18.442,22.772,30.684,37.340,41.365,40.422,39.998,42.239,43.122,45.954,47.502,48.607,49.491,55.886,57.211,54.810,50.842,47.168,44.830,42.455
23.371,20.187,17.479,15.442,18.502,22.850,30.748,37.468,41.531,40.589,40.136,42.406,43.302,46.167,47.710,48.771,49.584,55.935,57.279,54.906,51.003,47.333,45.035,42.662
23.443,20.295,17.529,15.524,18.552,22.902,30.787,37.535,41.620,40.681,40.217,42.509,43.420,46.310,47.851,48.891,49.672,55.992,57.336,54.974,51.103,47.440,45.152,42.784
23.539,20.357,17.628,15.627,18.659,22.999,30.878,37.610,41.695,40.753,40.297,42.592,43.509,46.407,47.948,48.988,49.776,56.088,57.413,55.049,51.178,47.521,45.224,42.865
23.665,20.470,17.755,15.774,18.792,23.119,30.975,37.695,41.785,40.843,40.391,42.695,43.624,46.536,48.074,49.104,49.885,56.167,57.473,55.114,51.261,47.618,45.319,42.974
23.791,20.601,17.897,15.918,18.930,23.249,31.099,37.801,41.890,40.940,40.495,42.799,43.731,46.654,48.189,49.211,49.988,56.263,57.546,55.188,51.345,47.711,45.410,43.083
23.899,20.737,18.022,16.040,19.044,23.363,31.221,37.914,42.010,41.045,40.605,42.912,43.847,46.790,48.323,49.331,50.100,56.377,57.632,55.273,51.443,47.814,45.512,43.208
23.975,20.785,18.092,16.106,19.118,23.440,31.318,38.010,42.119,41.144,40.712,43.028,43.971,46.936,48.473,49.479,50.254,56.542,57.775,55.406,51.569,47.938,45.622,43.327
24.072,20.944,18.165,16.204,19.187,23.519,31.386,38.119,42.243,41.278,40.827,43.156,44.104,47.074,48.609,49.600,50.344,56.610,57.870,55.516,51.705,48.071,45.776,43.469
24.180,21.136,18.287,16.331,19.289,23.625,31.482,38.225,42.345,41.382,40.919,43.242,44.181,47.142,48.673,49.651,50.371,56.627,57.903,55.563,51.774,48.143,45.872,43.566
24.328,21.204,18.442,16.498,19.460,23.774,31.607,38.316,42.431,41.467,41.018,43.346,44.296,47.268,48.797,49.776,50.508,56.741,57.985,55.642,51.856,48.241,45.954,43.665
24.420,21.217,18.531,16.575,19.569,23.874,31.722,38.403,42.521,41.547,41.120,43.451,44.412,47.398,48.932,49.925,50.689,56.937,58.146,55.783,51.971,48.357,46.036,43.758
24.519,21.293,18.598,16.674,19.652,23.951,31.761,38.464,42.581,41.633,41.191,43.529,44.496,47.465,48.997,49.994,50.746,56.955,58.203,55.854,52.055,48.444,46.137,43.832
24.630,21.401,18.710,16.788,19.764,24.061,31.869,38.569,42.686,41.738,41.296,43.636,44.604,47.574,49.106,50.102,50.853,57.059,58.303,55.956,52.158,48.550,46.241,43.939
24.728,21.505,18.807,16.861,19.857,24.167,31.995,38.706,42.813,41.869,41.423,43.749,44.702,47.648,49.183,50.195,50.960,57.198,58.470,56.117,52.294,48.670,46.364,44.041
24.840,21.621,18.927,16.987,19.975,24.280,32.105,38.807,42.919,41.968,41.526,43.858,44.817,47.780,49.313,50.315,51.074,57.303,58.553,56.200,52.389,48.772,46.464,44.158
24.985,21.804,19.051,17.173,20.103,24.395,32.175,38.893,43.036,42.086,41.637,44.002,44.992,47.999,49.526,50.489,51.199,57.354,58.581,56.249,52.502,48.910,46.615,44.332
25.120,22.018,19.205,17.300,20.231,24.543,32.362,39.095,43.240,42.276,41.822,44.179,45.153,48.162,49.690,50.647,51.349,57.543,58.773,56.439,52.687,49.081,46.797,44.518
25.228,22.224,19.300,17.422,20.311,24.634,32.439,39.210,43.369,42.411,41.936,44.303,45.280,48.294,49.818,50.752,51.413,57.580,58.836,56.521,52.806,49.202,46.948,44.663
25.315,22.478,19.379,17.500,20.353,24.713,32.553,39.391,43.573,42.609,42.106,44.480,45.446,48.472,49.996,50.902,51.515,57.702,58.991,56.689,53.002,49.379,47.162,44.868
25.460,22.681,19.563,17.629,20.507,24.888,32.777,39.608,43.772,42.792,42.291,44.636,45.571,48.573,50.099,51.016,51.646,57.901,59.199,56.886,53.167,49.525,47.313,45.017
25.556,22.886,19.656,17.740,20.580,24.972,32.853,39.718,43.892,42.915,42.394,44.745,45.677,48.682,50.205,51.099,51.690,57.927,59.248,56.953,53.269,49.626,47.445,45.146
25.656,22.986,19.753,17.834,20.676,25.073,32.971,39.842,44.028,43.042,42.524,44.882,45.819,48.841,50.366,51.254,51.844,58.090,59.397,57.097,53.413,49.767,47.580,45.289
25.774,23.251,19.870,17.950,20.759,25.186,33.106,40.029,44.229,43.238,42.696,45.057,45.982,49.008,50.531,51.397,51.945,58.205,59.543,57.256,53.597,49.938,47.785,45.486
25.915,23.364,19.983,18.110,20.893,25.302,33.172,40.101,44.308,43.337,42.788,45.166,46.111,49.142,50.661,51.520,52.051,58.250,59.596,57.324,53.693,50.051,47.903,45.600
26.165,23.648,20.213,18.397,21.127,25.524,33.357,40.301,44.538,43.567,43.011,45.421,46.395,49.470,50.984,51.806,52.292,58.425,59.747,57.494,53.921,50.301,48.165,45.884
26.329,23.815,20.395,18.574,21.304,25.696,33.531,40.457,44.694,43.713,43.165,45.574,46.549,49.636,51.148,51.964,52.451,58.586,59.882,57.626,54.058,50.444,48.304,46.041
26.478,24.100,20.540,18.719,21.422,25.836,33.667,40.642,44.868,43.905,43.325,45.718,46.668,49.712,51.221,52.034,52.490,58.628,60.001,57.767,54.213,50.584,48.490,46.190
26.706,24.200,20.766,18.896,21.680,26.065,33.860,40.791,44.996,44.047,43.483,45.870,46.826,49.851,51.360,52.197,52.689,58.805,60.169,57.929,54.354,50.738,48.621,46.316
26.760,24.293,20.819,18.951,21.705,26.158,34.082,41.066,45.256,44.297,43.723,46.071,46.974,49.946,51.472,52.358,52.898,59.174,60.608,58.333,54.657,50.972,48.849,46.488
26.931,24.771,20.996,19.081,21.815,26.315,34.252,41.330,45.529,44.577,43.948,46.288,47.160,50.110,51.629,52.474,52.930,59.210,60.731,58.494,54.876,51.171,49.132,46.745
27.071,25.053,21.101,19.220,21.903,26.426,34.344,41.497,45.706,44.780,44.110,46.457,47.321,50.250,51.766,52.594,52.995,59.246,60.846,58.640,55.059,51.345,49.357,46.931
27.262,25.363,21.291,19.428,22.069,26.606,34.521,41.710,45.935,45.007,44.318,46.674,47.537,50.478,51.990,52.790,53.148,59.383,60.998,58.809,55.268,51.553,49.596,47.172
27.431,25.621,21.436,19.553,22.192,26.774,34.757,42.012,46.268,45.326,44.621,46.988,47.846,50.806,52.326,53.116,53.453,59.742,61.378,59.183,55.633,51.888,49.941,47.504
27.724,25.657,21.704,19.826,22.521,27.068,35.038,42.234,46.491,45.550,44.884,47.266,48.156,51.138,52.665,53.488,53.887,60.164,61.740,59.516,55.923,52.192,50.177,47.753
28.059,25.867,21.984,20.246,22.863,27.340,35.172,42.341,46.637,45.719,45.061,47.510,48.478,51.535,53.050,53.829,54.180,60.272,61.781,59.589,56.095,52.433,50.405,48.025
28.429,26.146,22.281,20.637,23.213,27.656,35.386,42.574,46.880,46.011,45.337,47.819,48.824,51.877,53.386,54.165,54.491,60.466,62.010,59.846,56.395,52.761,50.740,48.330
28.942,26.607,22.736,21.257,23.713,28.097,35.716,42.900,47.300,46.419,45.757,48.348,49.461,52.678,54.175,54.857,55.088,60.865,62.270,60.139,56.838,53.283,51.247,48.934
29.273,26.746,23.143,21.448,24.110,28.538,36.346,43.452,47.784,46.857,46.253,48.754,49.792,52.930,54.454,55.248,55.652,61.696,63.088,60.861,57.346,53.715,51.592,49.253
29.538,27.032,23.286,21.669,24.283,28.740,36.532,43.761,48.152,47.261,46.615,49.171,50.244,53.409,54.939,55.718,56.065,62.054,63.519,61.313,57.833,54.188,52.085,49.694
30.218,27.814,23.669,22.195,24.696,29.330,37.261,44.869,49.394,48.534,47.752,50.381,51.447,54.641,56.191,56.911,57.084,63.138,64.841,62.679,59.256,55.502,53.518,50.989
30.773,28.103,23.764,22.515,24.932,29.567,37.284,45.289,50.032,49.404,48.513,51.409,52.706,55.984,57.575,58.345,58.423,64.118,66.092,63.981,60.612,56.848,54.806,52.004
32.584,28.178,24.580,24.496,26.644,30.811,37.667,45.641,50.829,50.454,49.687,53.245,55.285,59.211,60.803,61.468,61.432,65.877,67.387,65.349,62.392,59.029,56.588,53.904
