4.222,-0.830,-5.089,-8.217,-9.626,-4.799,0.737,1.037,7.752,6.182,6.643,4.361,2.693,4.591,3.486,0.437,0.134,3.173,7.398,1.451,-1.051,-7.253,-10.700,-16.337
7.283,2.274,-1.369,-4.588,-6.232,-1.801,4.365,6.703,11.522,9.756,9.837,7.957,7.346,8.594,6.339,3.850,2.256,6.033,9.708,5.585,1.232,-3.422,-6.157,-12.467
9.982,5.088,1.859,-1.325,-3.049,0.989,7.338,11.144,14.509,12.598,12.339,10.897,11.092,11.907,8.916,6.840,4.356,8.485,11.737,9.121,3.489,-0.032,-2.173,-8.821
11.488,6.656,3.623,0.458,-1.329,2.556,9.037,13.299,16.181,14.203,13.874,12.541,12.951,13.614,10.378,8.454,5.691,9.982,12.988,10.890,4.951,1.785,-0.142,-6.845
12.633,7.955,4.969,1.899,0.221,4.021,10.189,14.209,17.073,15.230,14.900,13.597,14.002,14.654,11.576,9.696,7.074,11.148,14.207,12.011,6.227,3.176,1.246,-5.266
13.255,8.698,5.888,2.813,1.112,4.935,11.138,14.736,17.743,16.076,15.908,14.370,14.616,15.203,12.232,10.407,7.969,12.045,15.099,12.464,7.002,4.029,1.986,-4.393
13.772,9.335,6.558,3.530,1.897,5.744,11.748,14.799,18.085,16.594,16.545,14.858,14.910,15.531,12.813,10.972,8.830,12.726,15.880,12.764,7.724,4.672,2.486,-3.676
14.605,10.184,7.438,4.445,2.812,6.560,12.545,15.907,18.922,17.354,17.215,15.675,15.874,16.455,13.625,11.837,9.536,13.456,16.498,13.773,8.527,5.613,3.570,-2.614
15.179,10.820,8.054,5.119,3.558,7.251,13.039,16.346,19.331,17.797,17.621,16.155,16.380,16.977,14.224,12.443,10.191,13.977,17.047,14.366,9.155,6.272,4.253,-1.842
15.560,11.258,8.551,5.629,4.068,7.761,13.531,16.645,19.703,18.235,18.123,16.575,16.723,17.308,14.623,12.858,10.700,14.462,17.522,14.672,9.631,6.753,4.692,-1.319
16.029,11.789,9.088,6.205,4.688,8.364,14.005,16.922,20.061,18.654,18.571,17.003,17.088,17.695,15.122,13.351,11.311,14.968,18.055,15.078,10.204,7.298,5.204,-0.694
16.423,12.206,9.537,6.656,5.121,8.812,14.481,17.238,20.479,19.097,19.078,17.433,17.424,18.042,15.526,13.748,11.793,15.452,18.510,15.392,10.695,7.728,5.592,-0.239
16.775,12.533,9.822,6.952,5.420,9.092,14.750,17.624,20.819,19.379,19.317,17.743,17.771,18.410,15.869,14.077,12.075,15.732,18.764,15.794,11.036,8.038,5.946,0.099
16.967,12.766,10.071,7.217,5.722,9.378,14.947,17.763,20.939,19.555,19.487,17.916,17.964,18.586,16.076,14.304,12.327,15.926,19.006,15.986,11.220,8.292,6.191,0.369
17.527,13.355,10.633,7.826,6.357,9.976,15.450,18.205,21.417,20.010,19.939,18.413,18.419,19.086,16.650,14.858,12.944,16.466,19.503,16.533,11.900,8.888,6.806,1.087
17.980,13.826,11.139,8.354,6.899,10.434,15.870,18.924,21.858,20.413,20.246,18.853,19.031,19.640,17.085,15.356,13.276,16.816,19.798,17.160,12.262,9.443,7.485,1.710
18.245,14.090,11.375,8.610,7.175,10.680,16.063,19.205,22.078,20.604,20.393,19.071,19.296,19.914,17.348,15.619,13.504,17.015,19.988,17.477,12.518,9.707,7.790,2.016
18.502,14.367,11.699,8.927,7.451,10.989,16.453,19.366,22.403,20.955,20.847,19.397,19.473,20.108,17.615,15.869,13.875,17.414,20.335,17.610,12.914,9.996,8.013,2.324
18.729,14.605,11.912,9.162,7.719,11.228,16.609,19.579,22.560,21.106,20.955,19.571,19.696,20.336,17.847,16.104,14.089,17.579,20.517,17.881,13.124,10.235,8.282,2.599
19.103,14.979,12.299,9.566,8.124,11.573,16.944,20.145,22.938,21.430,21.211,19.931,20.167,20.779,18.204,16.496,14.360,17.870,20.747,18.379,13.452,10.661,8.804,3.085
19.338,15.216,12.534,9.811,8.369,11.798,17.162,20.418,23.170,21.639,21.402,20.156,20.412,21.026,18.436,16.732,14.572,18.082,20.931,18.645,13.695,10.910,9.082,3.368
19.513,15.398,12.743,10.018,8.571,11.986,17.365,20.675,23.364,21.837,21.591,20.351,20.643,21.230,18.606,16.924,14.727,18.257,21.094,18.853,13.844,11.122,9.313,3.580
19.836,15.739,13.051,10.362,8.945,12.332,17.617,20.905,23.605,22.064,21.799,20.610,20.892,21.513,18.940,17.243,15.080,18.541,21.367,19.179,14.228,11.459,9.668,3.998
20.155,16.069,13.398,10.722,9.300,12.656,17.943,21.288,23.931,22.366,22.090,20.931,21.230,21.846,19.254,17.570,15.380,18.850,21.623,19.532,14.573,11.822,10.069,4.416
20.364,16.316,13.650,10.997,9.612,12.946,18.138,21.445,24.064,22.539,22.249,21.109,21.431,22.038,19.477,17.808,15.639,19.047,21.854,19.750,14.786,12.088,10.337,4.715
20.526,16.500,13.822,11.191,9.838,13.149,18.256,21.557,24.153,22.642,22.329,21.228,21.572,22.184,19.648,17.983,15.824,19.177,22.004,19.928,14.955,12.278,10.539,4.943
20.744,16.719,14.058,11.430,10.067,13.360,18.488,21.857,24.395,22.865,22.541,21.459,21.828,22.426,19.859,18.208,16.012,19.387,22.177,20.180,15.170,12.523,10.815,5.211
20.947,16.917,14.273,11.642,10.257,13.543,18.720,22.124,24.642,23.089,22.772,21.687,22.052,22.645,20.055,18.408,16.192,19.602,22.348,20.395,15.389,12.738,11.046,5.440
21.097,17.086,14.489,11.854,10.453,13.737,18.948,22.318,24.829,23.297,23.007,21.882,22.232,22.801,20.204,18.578,16.369,19.805,22.527,20.532,15.559,12.943,11.245,5.651
21.204,17.225,14.666,12.033,10.634,13.917,19.120,22.411,24.934,23.445,23.180,22.016,22.347,22.897,20.320,18.711,16.534,19.962,22.690,20.614,15.689,13.110,11.394,5.825
21.316,17.359,14.825,12.192,10.790,14.088,19.291,22.449,25.046,23.596,23.376,22.151,22.422,22.973,20.442,18.832,16.722,20.138,22.874,20.665,15.852,13.251,11.495,5.969
21.519,17.569,15.026,12.408,11.016,14.294,19.466,22.648,25.224,23.759,23.524,22.331,22.611,23.172,20.647,19.036,16.922,20.319,23.037,20.887,16.075,13.468,11.733,6.226
21.769,17.836,15.300,12.697,11.307,14.571,19.724,22.869,25.459,23.991,23.767,22.574,22.831,23.400,20.901,19.289,17.202,20.581,23.272,21.125,16.379,13.750,12.019,6.556
21.836,17.904,15.380,12.773,11.380,14.641,19.805,22.976,25.539,24.074,23.846,22.653,22.927,23.483,20.966,19.363,17.257,20.649,23.339,21.206,16.428,13.829,12.104,6.627
21.931,17.999,15.506,12.888,11.480,14.734,19.941,23.170,25.677,24.212,23.976,22.783,23.095,23.620,21.052,19.474,17.316,20.749,23.423,21.336,16.482,13.952,12.247,6.733
21.993,18.062,15.562,12.943,11.537,14.808,20.007,23.183,25.728,24.279,24.064,22.843,23.116,23.653,21.120,19.529,17.416,20.834,23.527,21.357,16.567,13.998,12.264,6.769
22.303,18.382,15.905,13.301,11.878,15.117,20.340,23.558,26.066,24.581,24.364,23.166,23.441,23.976,21.424,19.844,17.708,21.146,23.761,21.696,16.927,14.358,12.664,7.197
22.374,18.465,15.996,13.393,11.975,15.216,20.428,23.601,26.128,24.660,24.454,23.240,23.500,24.035,21.500,19.921,17.808,21.236,23.858,21.751,17.014,14.444,12.739,7.288
22.526,18.615,16.133,13.542,12.133,15.354,20.539,23.778,26.257,24.770,24.536,23.367,23.661,24.198,21.649,20.073,17.931,21.346,23.959,21.939,17.154,14.599,12.923,7.467
22.652,18.752,16.291,13.699,12.285,15.505,20.700,23.914,26.396,24.920,24.700,23.511,23.794,24.322,21.777,20.208,18.075,21.498,24.101,22.056,17.296,14.752,13.071,7.627
22.738,18.857,16.432,13.837,12.418,15.632,20.840,24.044,26.498,25.046,24.836,23.627,23.918,24.421,21.863,20.316,18.177,21.613,24.210,22.146,17.376,14.887,13.207,7.761
22.838,18.957,16.531,13.939,12.525,15.731,20.927,24.162,26.590,25.133,24.910,23.719,24.031,24.529,21.962,20.420,18.264,21.696,24.294,22.265,17.463,14.992,13.324,7.871
22.987,19.119,16.695,14.119,12.720,15.897,21.051,24.348,26.708,25.246,24.994,23.848,24.203,24.692,22.111,20.583,18.397,21.810,24.400,22.457,17.602,15.175,13.540,8.090
23.137,19.270,16.877,14.296,12.878,16.039,21.240,24.619,26.905,25.428,25.169,24.031,24.419,24.882,22.251,20.745,18.507,21.964,24.513,22.647,17.734,15.360,13.756,8.283
23.296,19.433,17.029,14.461,13.056,16.196,21.361,24.793,27.035,25.544,25.258,24.163,24.582,25.047,22.408,20.907,18.647,22.085,24.627,22.840,17.887,15.530,13.952,8.482
23.454,19.596,17.180,14.625,13.231,16.357,21.489,24.937,27.165,25.666,25.366,24.298,24.727,25.200,22.569,21.066,18.804,22.220,24.759,23.011,18.055,15.694,14.129,8.672
23.548,19.688,17.278,14.717,13.318,16.450,21.598,25.034,27.272,25.776,25.484,24.403,24.823,25.294,22.662,21.159,18.901,22.327,24.865,23.097,18.150,15.785,14.214,8.754
23.645,19.788,17.371,14.815,13.428,16.555,21.672,25.124,27.344,25.852,25.546,24.483,24.923,25.393,22.762,21.260,18.996,22.404,24.957,23.208,18.232,15.884,14.319,8.856
23.752,19.906,17.507,14.953,13.566,16.684,21.801,25.258,27.454,25.971,25.666,24.601,25.050,25.507,22.868,21.379,19.107,22.519,25.065,23.322,18.338,16.021,14.463,9.002
23.891,20.062,17.686,15.135,13.743,16.860,21.982,25.384,27.600,26.133,25.850,24.758,25.181,25.633,23.012,21.529,19.283,22.694,25.228,23.440,18.511,16.195,14.626,9.191
24.012,20.170,17.784,15.233,13.832,16.943,22.086,25.536,27.739,26.242,25.949,24.876,25.305,25.765,23.126,21.638,19.371,22.799,25.306,23.577,18.635,16.299,14.748,9.306
24.100,20.262,17.853,15.312,13.926,17.042,22.144,25.538,27.787,26.296,26.008,24.936,25.338,25.820,23.223,21.718,19.492,22.883,25.408,23.639,18.753,16.372,14.804,9.392
24.227,20.389,17.968,15.432,14.047,17.170,22.263,25.603,27.902,26.410,26.136,25.052,25.421,25.922,23.354,21.835,19.644,23.019,25.544,23.738,18.913,16.485,14.904,9.516
24.391,20.553,18.168,15.626,14.224,17.324,22.461,25.920,28.114,26.604,26.310,25.249,25.674,26.139,23.505,22.016,19.751,23.174,25.658,23.962,19.040,16.691,15.152,9.729
24.473,20.656,18.293,15.753,14.356,17.456,22.580,25.988,28.188,26.710,26.430,25.345,25.762,26.215,23.594,22.116,19.872,23.285,25.782,24.030,19.129,16.811,15.258,9.848
24.585,20.760,18.391,15.850,14.461,17.545,22.656,26.176,28.291,26.800,26.480,25.443,25.927,26.364,23.698,22.234,19.927,23.345,25.850,24.200,19.180,16.921,15.402,9.950
24.705,20.883,18.514,15.975,14.587,17.675,22.782,26.269,28.406,26.922,26.611,25.563,26.031,26.472,23.820,22.354,20.064,23.476,25.984,24.304,19.314,17.042,15.513,10.073
24.859,21.034,18.649,16.116,14.728,17.819,22.919,26.373,28.551,27.055,26.752,25.703,26.142,26.604,23.978,22.495,20.232,23.632,26.130,24.438,19.504,17.179,15.644,10.228
24.962,21.131,18.726,16.198,14.823,17.904,22.976,26.483,28.630,27.121,26.791,25.780,26.250,26.716,24.080,22.595,20.309,23.694,26.203,24.570,19.583,17.268,15.749,10.321
25.042,21.216,18.829,16.298,14.919,17.998,23.081,26.598,28.722,27.224,26.895,25.876,26.359,26.809,24.158,22.686,20.387,23.784,26.293,24.658,19.647,17.368,15.852,10.412
25.166,21.351,18.970,16.444,15.066,18.143,23.218,26.701,28.840,27.350,27.031,26.002,26.469,26.921,24.286,22.814,20.534,23.923,26.426,24.769,19.795,17.508,15.987,10.568
25.293,21.471,19.090,16.558,15.168,18.256,23.360,26.812,28.990,27.491,27.191,26.141,26.575,27.037,24.412,22.930,20.669,24.071,26.560,24.872,19.948,17.620,16.087,10.677
25.462,21.641,19.275,16.747,15.351,18.418,23.534,27.058,29.174,27.658,27.343,26.317,26.782,27.231,24.574,23.106,20.806,24.225,26.683,25.079,20.109,17.816,16.314,10.895
25.539,21.718,19.347,16.819,15.431,18.496,23.597,27.147,29.239,27.729,27.399,26.387,26.877,27.319,24.651,23.189,20.872,24.285,26.761,25.173,20.156,17.891,16.393,10.957
25.645,21.839,19.493,16.964,15.578,18.638,23.734,27.277,29.345,27.856,27.529,26.507,27.009,27.432,24.758,23.312,20.991,24.406,26.886,25.284,20.254,18.033,16.537,11.101
25.790,21.989,19.623,17.111,15.741,18.784,23.833,27.401,29.450,27.949,27.601,26.618,27.135,27.570,24.906,23.456,21.132,24.517,26.995,25.447,20.408,18.181,16.703,11.282
25.878,22.103,19.762,17.251,15.888,18.939,23.970,27.430,29.524,28.068,27.751,26.722,27.205,27.632,25.005,23.561,21.288,24.654,27.152,25.493,20.524,18.307,16.797,11.407
25.999,22.233,19.911,17.401,16.038,19.075,24.108,27.611,29.651,28.200,27.872,26.854,27.368,27.775,25.123,23.698,21.395,24.770,27.262,25.642,20.623,18.460,16.967,11.564
26.088,22.327,20.001,17.496,16.147,19.176,24.176,27.701,29.714,28.271,27.924,26.928,27.472,27.872,25.214,23.796,21.478,24.836,27.348,25.752,20.686,18.557,17.073,11.660
26.231,22.473,20.106,17.615,16.288,19.326,24.266,27.705,29.797,28.358,28.020,27.024,27.521,27.961,25.369,23.921,21.669,24.972,27.508,25.850,20.878,18.666,17.156,11.790
26.360,22.590,20.205,17.721,16.401,19.420,24.343,27.879,29.912,28.443,28.067,27.127,27.671,28.112,25.492,24.045,21.746,25.046,27.572,26.029,20.979,18.784,17.310,11.924
26.546,22.770,20.393,17.908,16.574,19.583,24.538,28.132,30.128,28.635,28.253,27.325,27.884,28.319,25.670,24.230,21.899,25.226,27.717,26.239,21.164,18.977,17.526,12.129
26.654,22.880,20.484,18.009,16.699,19.692,24.592,28.239,30.190,28.696,28.279,27.398,28.001,28.435,25.780,24.343,21.989,25.286,27.800,26.383,21.240,19.083,17.652,12.243
26.770,23.017,20.622,18.160,16.872,19.855,24.697,28.313,30.257,28.789,28.365,27.493,28.107,28.538,25.904,24.475,22.137,25.394,27.935,26.499,21.356,19.228,17.794,12.404
26.959,23.203,20.746,18.310,17.066,20.028,24.759,28.423,30.345,28.860,28.383,27.594,28.248,28.710,26.100,24.653,22.309,25.493,28.069,26.722,21.531,19.383,17.973,12.593
27.128,23.373,20.904,18.482,17.252,20.187,24.882,28.636,30.486,28.981,28.466,27.735,28.439,28.898,26.266,24.827,22.441,25.611,28.177,26.944,21.679,19.564,18.192,12.803
27.242,23.493,20.999,18.591,17.388,20.312,24.941,28.698,30.541,29.040,28.502,27.806,28.529,28.999,26.386,24.942,22.562,25.687,28.279,27.069,21.787,19.672,18.307,12.928
27.377,23.645,21.157,18.755,17.558,20.486,25.094,28.774,30.658,29.178,28.660,27.940,28.632,29.107,26.529,25.082,22.744,25.848,28.448,27.172,21.956,19.826,18.441,13.095
27.495,23.778,21.283,18.890,17.710,20.641,25.204,28.809,30.735,29.279,28.771,28.040,28.709,29.195,26.658,25.204,22.910,25.976,28.601,27.262,22.098,19.951,18.546,13.230
27.654,23.938,21.464,19.065,17.874,20.802,25.393,29.024,30.922,29.466,28.960,28.222,28.902,29.372,26.812,25.371,23.056,26.146,28.757,27.433,22.246,20.128,18.731,13.402
27.870,24.159,21.736,19.327,18.119,21.020,25.660,29.445,31.194,29.732,29.198,28.485,29.252,29.665,27.013,25.619,23.202,26.351,28.930,27.731,22.389,20.406,19.059,13.671
28.138,24.407,21.957,19.559,18.345,21.225,25.872,29.757,31.467,29.946,29.382,28.727,29.512,29.946,27.272,25.866,23.412,26.569,29.099,28.041,22.671,20.650,19.345,13.955
28.370,24.635,22.210,19.808,18.580,21.438,26.121,30.122,31.737,30.193,29.608,28.980,29.818,30.225,27.491,26.109,23.586,26.782,29.276,28.329,22.869,20.911,19.647,14.225
28.499,24.796,22.377,19.988,18.784,21.646,26.264,30.138,31.809,30.316,29.752,29.095,29.899,30.311,27.637,26.254,23.799,26.942,29.474,28.413,23.033,21.073,19.776,14.400
28.643,24.949,22.520,20.139,18.951,21.809,26.386,30.243,31.918,30.435,29.863,29.218,30.026,30.443,27.787,26.402,23.959,27.074,29.624,28.556,23.180,21.221,19.923,14.559
28.917,25.273,22.830,20.491,19.364,22.184,26.600,30.412,32.056,30.616,30.013,29.421,30.262,30.682,28.081,26.708,24.298,27.305,29.903,28.847,23.469,21.561,20.273,14.964
29.151,25.508,23.097,20.751,19.604,22.418,26.881,30.726,32.336,30.890,30.294,29.690,30.537,30.938,28.308,26.950,24.516,27.561,30.124,29.095,23.703,21.823,20.549,15.231
29.308,25.666,23.264,20.920,19.776,22.566,27.026,30.986,32.496,31.038,30.406,29.846,30.761,31.138,28.457,27.122,24.620,27.679,30.233,29.316,23.809,22.004,20.770,15.416
29.519,25.909,23.526,21.184,20.044,22.865,27.307,31.023,32.689,31.292,30.733,30.076,30.879,31.274,28.690,27.338,24.966,27.988,30.569,29.412,24.113,22.239,20.929,15.653
29.733,26.106,23.699,21.350,20.212,23.048,27.493,31.207,32.900,31.496,30.934,30.278,31.076,31.483,28.903,27.537,25.169,28.189,30.789,29.617,24.312,22.408,21.087,15.797
29.893,26.280,23.935,21.556,20.384,23.268,27.800,31.338,33.135,31.795,31.317,30.527,31.240,31.623,29.068,27.710,25.412,28.479,31.093,29.682,24.499,22.595,21.199,15.920
30.260,26.686,24.341,21.995,20.865,23.705,28.124,31.688,33.412,32.092,31.576,30.846,31.610,31.985,29.446,28.108,25.802,28.801,31.430,30.093,24.867,23.030,21.667,16.418
30.539,26.956,24.583,22.242,21.122,23.964,28.359,31.918,33.665,32.333,31.809,31.096,31.853,32.248,29.727,28.372,26.079,29.057,31.694,30.366,25.155,23.278,21.914,16.674
30.906,27.283,24.912,22.547,21.386,24.239,28.741,32.406,34.124,32.740,32.213,31.501,32.269,32.659,30.074,28.717,26.363,29.420,32.010,30.760,25.493,23.600,22.256,16.963
31.169,27.586,25.204,22.864,21.773,24.595,28.933,32.632,34.251,32.932,32.343,31.698,32.569,32.930,30.352,29.026,26.647,29.610,32.301,31.080,25.668,23.915,22.588,17.280
31.674,28.070,25.775,23.388,22.211,25.060,29.615,33.334,34.950,33.613,33.088,32.342,33.171,33.489,30.834,29.531,27.114,30.227,32.827,31.565,26.180,24.445,23.108,17.757
32.192,28.549,26.241,23.818,22.655,25.511,30.077,34.029,35.480,34.151,33.546,32.861,33.849,34.111,31.333,30.063,27.496,30.650,33.339,32.193,26.474,24.909,23.604,18.093
32.844,29.241,27.087,24.597,23.335,26.308,31.113,34.566,36.338,35.145,34.776,33.740,34.455,34.683,32.002,30.735,28.386,31.657,34.329,32.575,27.283,25.632,24.139,18.706
33.728,30.197,27.987,25.483,24.418,27.459,31.865,35.076,36.867,35.990,35.545,34.491,35.371,35.525,32.946,31.719,29.447,32.461,35.634,33.420,27.821,26.495,24.847,19.302
