27.529,22.634,15.487,14.404,13.455,4.316,0.682,1.809,5.931,5.721,6.370,6.230,5.091,0.103,-2.121,-0.827,0.156,-0.457,0.164,-1.074,-2.430,-5.907,-2.543,-10.593
30.591,26.064,20.096,18.002,16.443,9.066,5.767,6.812,11.164,12.588,12.981,11.843,10.397,4.179,0.812,2.497,5.049,5.876,6.538,2.300,0.193,-1.081,2.697,-6.030
31.753,27.234,22.093,19.371,17.648,11.816,8.672,9.598,13.788,15.798,15.580,14.006,12.304,6.108,2.853,4.544,7.197,8.253,8.868,3.939,1.701,0.961,4.812,-3.738
32.682,27.930,23.575,20.196,18.305,14.065,11.004,12.172,16.060,18.871,18.316,16.379,14.589,8.127,4.712,6.435,9.559,10.109,11.684,5.449,2.790,3.020,7.002,-1.549
33.515,28.966,24.866,21.356,19.396,15.493,12.541,13.486,17.436,20.346,19.563,17.450,15.523,9.124,5.762,7.504,10.589,11.713,12.734,6.478,3.897,4.181,8.159,-0.299
34.150,29.741,26.003,22.306,20.282,16.948,14.116,14.937,18.843,21.947,20.943,18.653,16.627,10.278,6.953,8.700,11.818,13.253,14.043,7.583,5.003,5.501,9.468,1.146
34.846,30.711,26.965,23.349,21.283,17.726,14.978,15.579,19.651,22.698,21.699,19.341,17.254,10.894,7.502,9.295,12.421,14.543,14.680,8.334,5.866,6.319,10.270,1.935
35.387,31.407,27.728,24.142,22.056,18.498,15.818,16.330,20.439,23.497,22.508,20.109,18.009,11.651,8.214,10.025,13.191,15.609,15.502,9.139,6.707,7.223,11.148,2.852
35.882,32.096,28.336,24.884,22.797,18.940,16.309,16.683,20.904,23.847,22.924,20.537,18.431,12.092,8.619,10.451,13.592,16.430,15.891,9.712,7.380,7.799,11.690,3.401
36.121,32.335,28.661,25.187,23.110,19.411,16.802,17.191,21.348,24.313,23.359,20.970,18.871,12.584,9.152,10.965,14.089,16.842,16.379,10.189,7.854,8.312,12.178,3.968
36.303,32.528,28.931,25.415,23.329,19.765,17.177,17.561,21.693,24.705,23.711,21.293,19.182,12.904,9.480,11.290,14.427,17.186,16.737,10.487,8.140,8.655,12.520,4.340
36.583,32.799,29.224,25.699,23.619,20.104,17.517,17.904,22.016,25.027,24.013,21.597,19.485,13.233,9.836,11.637,14.752,17.474,17.044,10.813,8.471,8.978,12.834,4.683
36.783,32.934,29.420,25.877,23.835,20.490,17.899,18.326,22.338,25.320,24.248,21.867,19.768,13.636,10.360,12.116,15.127,17.608,17.330,11.203,8.877,9.327,13.148,5.114
37.008,33.102,29.611,26.052,24.035,20.784,18.181,18.643,22.593,25.559,24.453,22.097,20.006,13.939,10.736,12.465,15.413,17.719,17.560,11.491,9.169,9.578,13.384,5.409
37.272,33.390,29.885,26.399,24.421,21.129,18.537,19.001,22.909,25.792,24.713,22.415,20.357,14.383,11.242,12.942,15.816,18.049,17.898,11.982,9.703,10.039,13.795,5.913
37.480,33.583,30.064,26.638,24.708,21.403,18.810,19.298,23.142,25.938,24.874,22.645,20.624,14.757,11.702,13.365,16.144,18.218,18.140,12.390,10.151,10.394,14.103,6.321
37.655,33.745,30.249,26.851,24.957,21.708,19.121,19.629,23.406,26.152,25.079,22.894,20.897,15.125,12.150,13.780,16.483,18.415,18.412,12.775,10.563,10.753,14.421,6.737
37.811,33.878,30.428,27.001,25.095,21.935,19.353,19.919,23.661,26.483,25.444,23.248,21.275,15.444,12.409,14.047,16.842,18.673,18.847,13.042,10.766,11.090,14.767,7.065
38.019,34.178,30.802,27.413,25.534,22.450,19.919,20.413,24.119,26.873,25.782,23.597,21.616,15.926,12.992,14.600,17.284,19.209,19.210,13.589,11.396,11.642,15.257,7.703
38.145,34.277,30.915,27.490,25.601,22.565,20.026,20.530,24.236,27.024,25.912,23.709,21.717,16.004,13.063,14.675,17.376,19.225,19.317,13.642,11.429,11.700,15.332,7.755
38.233,34.299,30.956,27.494,25.612,22.664,20.106,20.649,24.316,27.121,25.978,23.779,21.787,16.091,13.185,14.785,17.464,19.280,19.383,13.696,11.465,11.732,15.370,7.805
38.335,34.453,31.197,27.713,25.810,22.925,20.403,20.875,24.570,27.397,26.205,23.957,21.929,16.245,13.339,14.948,17.626,19.574,19.560,13.868,11.663,11.949,15.584,8.040
38.431,34.478,31.210,27.736,25.887,23.152,20.610,21.233,24.771,27.600,26.455,24.292,22.347,16.724,13.873,15.435,18.101,19.587,20.009,14.290,12.029,12.368,15.963,8.518
38.529,34.556,31.342,27.859,26.014,23.332,20.798,21.407,24.931,27.752,26.575,24.408,22.453,16.869,14.055,15.607,18.238,19.713,20.120,14.441,12.197,12.514,16.099,8.690
38.664,34.697,31.540,28.036,26.191,23.607,21.089,21.703,25.197,28.045,26.850,24.672,22.718,17.149,14.344,15.891,18.528,19.869,20.421,14.707,12.454,12.813,16.390,9.016
38.795,34.735,31.593,28.073,26.268,23.799,21.254,21.915,25.324,28.128,26.875,24.741,22.796,17.336,14.657,16.159,18.680,19.977,20.467,14.882,12.646,12.908,16.461,9.174
38.915,34.907,31.764,28.277,26.475,23.961,21.436,22.067,25.489,28.268,27.032,24.902,22.961,17.517,14.834,16.338,18.852,20.125,20.637,15.093,12.881,13.132,16.669,9.403
38.986,34.919,31.811,28.308,26.529,24.127,21.592,22.277,25.626,28.407,27.154,25.051,23.129,17.735,15.105,16.583,19.063,20.131,20.816,15.285,13.059,13.311,16.831,9.623
39.087,35.000,31.945,28.418,26.664,24.308,21.786,22.445,25.796,28.584,27.300,25.179,23.242,17.866,15.251,16.729,19.195,20.192,20.941,15.421,13.207,13.457,16.974,9.785
39.144,35.041,31.965,28.448,26.673,24.433,21.888,22.628,25.879,28.647,27.348,25.279,23.374,18.074,15.543,16.982,19.383,20.318,21.066,15.598,13.372,13.590,17.084,9.971
39.266,35.190,32.152,28.639,26.884,24.626,22.107,22.797,26.076,28.839,27.536,25.448,23.530,18.233,15.690,17.137,19.543,20.503,21.232,15.785,13.582,13.805,17.291,10.188
39.401,35.356,32.300,28.797,27.038,24.729,22.214,22.857,26.172,28.908,27.585,25.487,23.548,18.265,15.736,17.187,19.561,20.638,21.237,15.846,13.676,13.844,17.331,10.224
39.467,35.396,32.354,28.850,27.107,24.846,22.327,22.987,26.266,28.985,27.645,25.565,23.634,18.396,15.912,17.346,19.679,20.660,21.314,15.974,13.811,13.952,17.425,10.360
39.550,35.450,32.420,28.914,27.187,24.975,22.450,23.132,26.373,29.079,27.725,25.664,23.741,18.543,16.101,17.518,19.815,20.694,21.418,16.116,13.957,14.075,17.535,10.509
39.586,35.471,32.504,28.960,27.234,25.152,22.636,23.325,26.529,29.262,27.865,25.790,23.860,18.691,16.282,17.688,19.970,20.792,21.565,16.243,14.077,14.219,17.673,10.688
39.748,35.703,32.717,29.189,27.447,25.280,22.780,23.400,26.667,29.383,27.980,25.880,23.923,18.740,16.310,17.734,20.015,21.054,21.616,16.331,14.198,14.310,17.771,10.760
39.817,35.737,32.790,29.230,27.494,25.428,22.924,23.558,26.791,29.518,28.073,25.969,24.006,18.857,16.470,17.880,20.130,21.086,21.706,16.429,14.293,14.399,17.856,10.878
39.910,35.794,32.853,29.287,27.562,25.537,23.024,23.689,26.888,29.615,28.167,26.079,24.127,18.997,16.632,18.030,20.267,21.110,21.827,16.554,14.409,14.512,17.963,11.005
40.026,35.933,32.978,29.430,27.703,25.633,23.125,23.779,26.995,29.714,28.284,26.198,24.249,19.107,16.725,18.129,20.377,21.269,21.947,16.677,14.537,14.642,18.092,11.125
40.110,36.012,33.051,29.504,27.776,25.696,23.185,23.849,27.065,29.790,28.373,26.288,24.344,19.188,16.792,18.198,20.462,21.343,22.044,16.752,14.603,14.722,18.176,11.197
40.220,36.165,33.232,29.665,27.916,25.856,23.363,23.985,27.232,29.983,28.542,26.419,24.450,19.276,16.860,18.280,20.563,21.582,22.169,16.845,14.702,14.845,18.308,11.315
40.269,36.180,33.292,29.679,27.922,25.967,23.472,24.125,27.346,30.153,28.694,26.554,24.584,19.386,16.959,18.379,20.697,21.642,22.335,16.913,14.734,14.944,18.419,11.419
40.373,36.297,33.409,29.790,28.044,26.066,23.577,24.226,27.456,30.262,28.824,26.684,24.720,19.509,17.062,18.487,20.823,21.708,22.476,17.043,14.862,15.087,18.560,11.554
40.440,36.303,33.412,29.810,28.050,26.132,23.622,24.324,27.505,30.318,28.867,26.746,24.795,19.604,17.191,18.600,20.916,21.798,22.546,17.106,14.904,15.126,18.599,11.610
40.543,36.402,33.522,29.895,28.144,26.236,23.728,24.440,27.622,30.457,29.021,26.894,24.948,19.732,17.291,18.707,21.056,21.846,22.713,17.222,15.003,15.264,18.742,11.737
40.683,36.586,33.661,30.075,28.318,26.290,23.787,24.479,27.702,30.516,29.126,27.005,25.066,19.818,17.334,18.764,21.141,22.035,22.820,17.336,15.126,15.384,18.863,11.827
40.739,36.624,33.703,30.112,28.356,26.346,23.839,24.555,27.763,30.592,29.214,27.097,25.168,19.909,17.414,18.844,21.239,22.076,22.932,17.411,15.183,15.469,18.950,11.909
40.805,36.674,33.792,30.153,28.381,26.456,23.949,24.667,27.874,30.751,29.339,27.192,25.245,19.963,17.460,18.895,21.313,22.155,23.030,17.436,15.187,15.516,19.013,11.957
40.919,36.812,33.913,30.300,28.530,26.551,24.051,24.763,27.980,30.845,29.461,27.322,25.384,20.095,17.573,19.012,21.443,22.319,23.169,17.582,15.338,15.670,19.162,12.102
41.029,36.911,34.015,30.387,28.606,26.637,24.132,24.862,28.083,30.981,29.610,27.460,25.526,20.196,17.639,19.088,21.562,22.426,23.324,17.662,15.391,15.772,19.277,12.186
41.146,37.030,34.153,30.502,28.710,26.774,24.273,24.996,28.225,31.148,29.761,27.591,25.646,20.299,17.731,19.186,21.677,22.571,23.456,17.753,15.474,15.879,19.394,12.290
41.262,37.162,34.259,30.624,28.827,26.829,24.327,25.038,28.292,31.206,29.837,27.667,25.721,20.356,17.761,19.230,21.732,22.683,23.521,17.822,15.547,15.946,19.465,12.338
41.368,37.299,34.396,30.749,28.932,26.911,24.417,25.097,28.390,31.324,29.950,27.751,25.785,20.384,17.767,19.241,21.773,22.847,23.590,17.853,15.578,15.997,19.531,12.368
41.481,37.421,34.524,30.861,29.030,27.010,24.518,25.188,28.502,31.461,30.083,27.862,25.885,20.453,17.804,19.295,21.855,22.987,23.699,17.914,15.629,16.076,19.624,12.432
41.598,37.559,34.653,31.004,29.178,27.131,24.643,25.283,28.609,31.535,30.141,27.924,25.937,20.536,17.914,19.401,21.921,23.109,23.733,18.023,15.768,16.162,19.701,12.528
41.727,37.727,34.816,31.192,29.368,27.284,24.809,25.424,28.762,31.668,30.283,28.069,26.082,20.694,18.072,19.560,22.072,23.328,23.879,18.206,15.971,16.350,19.878,12.719
41.825,37.810,34.915,31.283,29.464,27.421,24.945,25.574,28.891,31.801,30.409,28.199,26.217,20.842,18.234,19.715,22.219,23.423,24.020,18.344,16.105,16.490,20.014,12.872
41.922,37.861,35.003,31.355,29.561,27.629,25.148,25.800,29.055,31.946,30.509,28.320,26.342,21.046,18.522,19.973,22.404,23.452,24.143,18.540,16.312,16.652,20.155,13.087
42.051,37.979,35.084,31.476,29.703,27.710,25.219,25.888,29.127,31.971,30.562,28.412,26.455,21.190,18.688,20.128,22.526,23.493,24.231,18.702,16.489,16.781,20.267,13.221
42.151,38.020,35.134,31.498,29.727,27.793,25.286,26.003,29.211,32.084,30.674,28.528,26.582,21.301,18.798,20.233,22.649,23.504,24.363,18.776,16.529,16.853,20.350,13.293
42.245,38.086,35.202,31.561,29.800,27.895,25.379,26.111,29.297,32.161,30.736,28.601,26.658,21.403,18.931,20.355,22.742,23.512,24.430,18.872,16.628,16.927,20.420,13.382
42.290,38.118,35.282,31.606,29.843,28.040,25.529,26.266,29.428,32.318,30.857,28.708,26.756,21.516,19.065,20.483,22.863,23.599,24.549,18.967,16.714,17.036,20.528,13.514
42.374,38.166,35.356,31.642,29.862,28.124,25.608,26.398,29.543,32.512,31.076,28.910,26.971,21.657,19.143,20.573,23.045,23.696,24.806,19.052,16.736,17.176,20.690,13.630
42.560,38.328,35.476,31.786,30.017,28.215,25.683,26.497,29.639,32.583,31.178,29.038,27.116,21.800,19.284,20.711,23.178,23.765,24.928,19.199,16.879,17.296,20.809,13.738
42.692,38.463,35.599,31.912,30.141,28.315,25.781,26.591,29.744,32.684,31.284,29.143,27.220,21.896,19.372,20.803,23.273,23.862,25.025,19.297,16.980,17.390,20.907,13.824
42.810,38.538,35.655,31.969,30.202,28.368,25.817,26.676,29.811,32.765,31.399,29.275,27.375,22.022,19.476,20.907,23.409,23.879,25.180,19.399,17.048,17.492,21.015,13.911
42.921,38.592,35.706,32.004,30.248,28.456,25.886,26.783,29.885,32.841,31.463,29.355,27.462,22.123,19.605,21.024,23.506,23.887,25.255,19.479,17.115,17.545,21.070,13.973
43.036,38.660,35.770,32.057,30.305,28.536,25.951,26.896,29.974,32.950,31.591,29.494,27.618,22.259,19.728,21.145,23.652,23.899,25.417,19.585,17.189,17.653,21.185,14.074
43.157,38.764,35.873,32.159,30.410,28.650,26.060,27.023,30.088,33.068,31.716,29.627,27.759,22.398,19.866,21.280,23.792,23.964,25.558,19.714,17.308,17.781,21.313,14.203
43.285,38.873,35.969,32.236,30.490,28.717,26.117,27.103,30.173,33.177,31.844,29.753,27.891,22.490,19.925,21.347,23.898,23.976,25.693,19.787,17.356,17.864,21.410,14.264
43.383,38.887,35.995,32.246,30.491,28.807,26.182,27.224,30.246,33.268,31.913,29.834,27.980,22.592,20.035,21.466,24.002,24.053,25.777,19.849,17.390,17.899,21.451,14.314
43.541,39.103,36.211,32.435,30.660,28.937,26.325,27.298,30.390,33.428,32.045,29.917,28.022,22.598,20.062,21.468,24.018,24.211,25.818,19.873,17.432,17.940,21.513,14.329
43.764,39.361,36.406,32.653,30.880,29.032,26.417,27.350,30.493,33.483,32.121,30.002,28.100,22.671,20.099,21.539,24.073,24.287,25.855,19.986,17.578,18.021,21.596,14.385
43.856,39.365,36.442,32.671,30.896,29.139,26.502,27.502,30.593,33.632,32.249,30.130,28.236,22.797,20.237,21.667,24.216,24.322,26.006,20.054,17.598,18.087,21.676,14.462
44.004,39.440,36.495,32.695,30.932,29.207,26.542,27.605,30.664,33.716,32.352,30.255,28.383,22.926,20.365,21.789,24.351,24.329,26.142,20.149,17.657,18.162,21.760,14.528
44.103,39.507,36.573,32.751,30.984,29.298,26.625,27.716,30.761,33.841,32.477,30.377,28.508,23.032,20.459,21.884,24.469,24.339,26.277,20.228,17.711,18.250,21.858,14.611
44.247,39.575,36.643,32.796,31.038,29.413,26.716,27.873,30.873,33.977,32.617,30.533,28.683,23.198,20.634,22.048,24.643,24.385,26.452,20.352,17.797,18.362,21.977,14.726
44.442,39.778,36.831,32.971,31.197,29.539,26.838,27.977,31.014,34.133,32.769,30.664,28.797,23.275,20.682,22.111,24.730,24.491,26.515,20.424,17.864,18.440,22.075,14.776
44.574,39.911,36.992,33.079,31.281,29.680,26.979,28.084,31.152,34.309,32.838,30.736,28.825,23.286,20.692,22.133,24.755,24.521,26.560,20.427,17.868,18.443,22.101,14.779
44.784,40.054,37.118,33.217,31.471,29.915,27.188,28.289,31.297,34.343,32.887,30.741,28.829,23.448,21.032,22.421,24.846,24.530,26.595,20.620,18.132,18.503,22.127,14.913
44.998,40.178,37.254,33.285,31.530,30.067,27.310,28.458,31.447,34.547,33.005,30.891,28.963,23.553,21.141,22.530,24.971,24.613,26.649,20.668,18.137,18.536,22.190,14.936
45.200,40.377,37.449,33.446,31.663,30.192,27.428,28.572,31.600,34.751,33.210,31.060,29.115,23.632,21.161,22.574,25.078,24.675,26.810,20.722,18.161,18.616,22.303,14.977
45.521,40.723,37.711,33.752,31.956,30.303,27.529,28.667,31.757,34.895,33.425,31.282,29.348,23.790,21.221,22.679,25.241,24.701,27.016,20.898,18.326,18.786,22.495,15.073
45.714,40.902,37.890,33.824,32.066,30.396,27.615,28.736,31.875,35.048,33.565,31.396,29.439,23.817,21.242,22.681,25.288,24.875,27.088,20.912,18.329,18.790,22.515,15.088
45.963,40.918,37.915,33.903,32.082,30.687,27.824,29.075,32.044,35.189,33.573,31.448,29.491,24.038,21.658,23.059,25.462,24.963,27.103,21.050,18.453,18.815,22.552,15.152
46.370,41.380,38.354,34.211,32.430,30.934,28.076,29.219,32.320,35.481,33.818,31.628,29.602,24.074,21.679,23.081,25.511,25.088,27.169,21.115,18.545,18.849,22.624,15.154
46.571,41.403,38.404,34.239,32.431,31.128,28.216,29.469,32.466,35.654,33.928,31.766,29.751,24.270,21.902,23.330,25.703,25.109,27.299,21.232,18.616,18.896,22.682,15.241
46.877,41.744,38.704,34.492,32.670,31.261,28.345,29.557,32.647,35.877,34.166,31.954,29.907,24.319,21.947,23.333,25.780,25.168,27.446,21.278,18.645,18.966,22.797,15.243
47.295,42.274,39.169,34.991,33.134,31.526,28.626,29.723,32.944,36.143,34.437,32.182,30.090,24.449,21.975,23.440,25.906,25.680,27.594,21.473,18.890,19.111,23.011,15.315
47.801,42.686,39.576,35.285,33.402,31.876,28.931,30.000,33.264,36.498,34.659,32.346,30.176,24.523,22.105,23.576,25.982,25.781,27.606,21.507,18.926,19.159,23.021,15.374
48.412,43.217,40.008,35.740,33.902,32.287,29.288,30.329,33.594,36.684,34.763,32.504,30.304,24.789,22.541,23.973,26.164,25.869,27.611,21.827,19.335,19.197,23.135,15.377
49.091,43.905,40.633,36.289,34.397,32.685,29.657,30.573,33.992,37.088,35.047,32.697,30.385,24.813,22.566,24.037,26.186,26.246,27.621,21.869,19.341,19.235,23.170,15.393
49.737,44.427,41.135,36.639,34.661,32.990,29.905,30.907,34.402,37.716,35.696,33.245,30.903,25.048,22.595,24.136,26.533,26.571,28.155,21.955,19.421,19.359,23.460,15.474
50.290,44.863,41.692,37.025,35.053,33.743,30.629,31.567,35.013,38.325,36.008,33.494,31.035,25.359,23.160,24.653,26.804,26.765,28.234,22.238,19.693,19.505,23.621,15.658
51.100,45.522,42.370,37.659,35.740,34.604,31.443,32.434,35.773,39.020,36.589,34.126,31.661,26.146,24.144,25.575,27.536,27.142,28.796,23.004,20.491,20.133,24.226,16.376
52.185,46.621,43.237,38.643,36.757,35.212,31.999,32.886,36.346,39.372,36.937,34.538,32.039,26.609,24.707,26.130,27.894,27.690,28.974,23.599,21.223,20.503,24.594,16.705
53.558,47.688,44.340,39.472,37.559,36.360,33.028,33.957,37.400,40.525,37.795,35.307,32.678,27.264,25.534,26.939,28.556,28.066,29.508,24.112,21.694,20.830,25.032,17.050
57.122,51.264,47.645,42.419,40.184,38.502,35.044,35.664,39.786,43.256,40.340,37.412,34.423,28.297,26.011,27.770,29.778,30.678,31.080,25.037,22.506,21.737,26.348,17.477
62.566,57.929,53.426,48.377,45.567,41.348,37.998,37.286,43.219,46.657,43.857,40.217,36.590,29.313,26.093,28.293,30.917,36.741,32.834,26.631,24.467,23.418,28.525,18.170
