7.160,2.702,-0.589,-4.041,-2.216,2.260,12.592,25.723,26.617,23.766,19.004,17.157,15.492,16.518,20.030,21.218,23.411,31.021,28.708,25.436,19.628,12.365,10.612,5.608
14.039,10.282,7.601,4.269,5.578,9.376,18.800,30.720,31.863,28.864,24.802,23.429,21.955,23.191,26.573,27.524,29.379,35.602,33.825,30.924,25.024,18.563,16.988,12.121
17.785,14.428,12.032,8.625,9.667,12.746,21.622,32.619,34.159,31.013,27.099,26.153,24.799,26.169,29.542,30.564,32.024,37.649,36.353,34.109,27.398,21.544,20.312,15.416
19.378,16.220,13.946,10.571,11.490,14.279,23.053,33.759,35.397,32.218,28.486,27.646,26.327,27.728,31.030,32.017,33.356,38.683,37.537,35.463,28.582,22.970,21.808,16.967
20.568,17.679,15.519,12.332,13.113,15.647,24.666,35.344,36.898,33.772,30.511,29.577,28.251,29.615,32.674,33.465,34.799,39.743,38.605,36.432,29.810,24.397,23.120,18.503
21.220,18.461,16.372,13.328,14.039,16.548,25.700,36.431,37.859,34.787,31.836,30.801,29.467,30.802,33.713,34.346,35.741,40.446,39.252,36.894,30.646,25.287,23.877,19.414
21.888,19.185,17.158,14.127,14.797,17.268,26.263,36.837,38.279,35.205,32.301,31.319,30.011,31.363,34.268,34.885,36.251,40.826,39.682,37.362,31.144,25.862,24.477,20.031
22.379,19.724,17.727,14.710,15.358,17.749,26.651,37.085,38.551,35.488,32.610,31.666,30.375,31.725,34.609,35.231,36.554,41.063,39.964,37.718,31.465,26.267,24.921,20.504
22.878,20.229,18.260,15.263,15.906,18.332,27.095,37.430,38.872,35.831,32.963,32.037,30.763,32.112,34.992,35.605,36.931,41.390,40.295,38.040,31.894,26.721,25.380,20.987
23.249,20.612,18.671,15.732,16.363,18.886,27.637,38.018,39.370,36.360,33.589,32.613,31.339,32.678,35.525,36.066,37.455,41.831,40.683,38.288,32.412,27.207,25.790,21.448
23.529,20.921,18.981,16.037,16.659,19.092,27.854,38.180,39.571,36.557,33.789,32.833,31.561,32.898,35.731,36.290,37.639,42.010,40.896,38.577,32.589,27.438,26.055,21.720
23.805,21.191,19.263,16.310,16.931,19.377,28.052,38.317,39.717,36.701,33.907,32.979,31.717,33.062,35.912,36.484,37.823,42.183,41.084,38.786,32.797,27.657,26.294,21.949
23.989,21.413,19.461,16.567,17.193,19.565,28.398,38.716,40.077,37.107,34.403,33.405,32.126,33.426,36.189,36.732,38.079,42.448,41.316,39.000,33.064,27.952,26.556,22.293
24.138,21.579,19.607,16.761,17.397,19.745,28.672,39.029,40.346,37.418,34.772,33.718,32.427,33.692,36.393,36.913,38.276,42.661,41.493,39.145,33.292,28.188,26.764,22.563
24.294,21.753,19.772,16.947,17.587,19.887,28.848,39.188,40.500,37.593,34.972,33.902,32.608,33.853,36.519,37.039,38.391,42.783,41.614,39.288,33.430,28.356,26.936,22.770
24.458,21.924,19.961,17.185,17.819,20.192,29.152,39.530,40.769,37.891,35.347,34.232,32.936,34.169,36.803,37.268,38.669,43.007,41.791,39.356,33.713,28.615,27.135,23.016
24.615,22.097,20.132,17.395,18.034,20.400,29.371,39.736,40.938,38.097,35.596,34.451,33.154,34.363,36.954,37.400,38.812,43.139,41.902,39.445,33.894,28.813,27.316,23.248
24.821,22.300,20.304,17.585,18.247,20.568,29.586,39.942,41.138,38.329,35.820,34.651,33.347,34.525,37.081,37.546,38.946,43.333,42.085,39.664,34.090,29.028,27.544,23.513
24.949,22.421,20.414,17.691,18.363,20.668,29.685,40.027,41.231,38.428,35.897,34.731,33.427,34.598,37.153,37.634,39.024,43.440,42.196,39.802,34.193,29.138,27.669,23.639
25.141,22.623,20.627,17.891,18.556,20.833,29.788,40.064,41.296,38.485,35.935,34.801,33.507,34.686,37.254,37.750,39.116,43.516,42.301,39.955,34.290,29.264,27.825,23.784
25.284,22.782,20.775,18.057,18.724,20.956,29.967,40.240,41.471,38.680,36.154,35.003,33.702,34.865,37.399,37.894,39.253,43.663,42.444,40.112,34.436,29.431,27.991,23.979
25.622,23.145,21.195,18.485,19.128,21.375,30.148,40.248,41.475,38.684,36.156,35.072,33.804,34.982,37.532,38.025,39.362,43.669,42.492,40.193,34.588,29.644,28.237,24.236
25.750,23.272,21.296,18.549,19.214,21.412,30.183,40.251,41.533,38.721,36.162,35.097,33.831,35.022,37.596,38.122,39.426,43.757,42.613,40.384,34.635,29.708,28.340,24.303
25.801,23.296,21.317,18.573,19.218,21.414,30.319,40.489,41.766,38.962,36.308,35.255,33.986,35.162,37.724,38.261,39.579,44.000,42.823,40.580,34.797,29.830,28.447,24.411
26.011,23.477,21.491,18.716,19.390,21.642,30.393,40.493,41.777,38.963,36.348,35.276,33.990,35.177,37.791,38.352,39.663,44.084,42.927,40.705,34.921,29.947,28.593,24.520
26.128,23.596,21.612,18.835,19.509,21.748,30.468,40.529,41.826,39.014,36.375,35.307,34.043,35.233,37.849,38.419,39.720,44.140,42.993,40.796,34.993,30.033,28.694,24.622
26.260,23.740,21.766,18.979,19.644,21.848,30.535,40.548,41.870,39.049,36.377,35.360,34.101,35.299,37.920,38.503,39.780,44.184,43.064,40.909,35.047,30.115,28.800,24.720
26.383,23.866,21.884,19.135,19.811,22.032,30.741,40.759,42.044,39.259,36.600,35.569,34.306,35.479,38.061,38.623,39.922,44.330,43.177,40.981,35.231,30.297,28.955,24.924
26.564,24.047,22.079,19.316,19.988,22.202,30.814,40.767,42.058,39.268,36.623,35.583,34.333,35.516,38.119,38.700,39.978,44.372,43.246,41.094,35.309,30.399,29.089,25.044
26.685,24.166,22.203,19.450,20.125,22.359,30.925,40.841,42.125,39.348,36.681,35.665,34.420,35.598,38.198,38.776,40.059,44.444,43.314,41.153,35.418,30.512,29.201,25.168
26.820,24.298,22.337,19.607,20.290,22.551,31.086,40.986,42.238,39.487,36.835,35.802,34.560,35.725,38.308,38.875,40.173,44.552,43.404,41.217,35.572,30.665,29.342,25.337
26.985,24.472,22.522,19.798,20.480,22.727,31.182,41.001,42.256,39.518,36.860,35.846,34.615,35.776,38.355,38.930,40.213,44.575,43.442,41.287,35.652,30.777,29.476,25.485
27.075,24.579,22.632,19.934,20.611,22.851,31.348,41.188,42.420,39.695,37.085,36.047,34.811,35.961,38.511,39.062,40.356,44.697,43.548,41.363,35.787,30.918,29.593,25.632
27.185,24.697,22.752,20.080,20.754,23.011,31.544,41.390,42.617,39.907,37.277,36.273,35.032,36.173,38.699,39.224,40.539,44.861,43.689,41.456,35.964,31.087,29.731,25.797
27.280,24.782,22.826,20.134,20.816,23.054,31.581,41.417,42.665,39.931,37.341,36.282,35.050,36.193,38.733,39.283,40.581,44.936,43.778,41.587,36.017,31.144,29.813,25.860
27.473,24.982,23.037,20.313,20.986,23.173,31.621,41.440,42.670,39.947,37.342,36.290,35.053,36.214,38.782,39.368,40.623,44.972,43.864,41.761,36.059,31.225,29.948,25.964
27.564,25.069,23.114,20.393,21.075,23.257,31.715,41.485,42.762,40.032,37.373,36.369,35.139,36.291,38.852,39.443,40.697,45.067,43.953,41.856,36.154,31.321,30.046,26.071
27.638,25.148,23.195,20.489,21.173,23.352,31.798,41.548,42.811,40.097,37.451,36.440,35.212,36.354,38.900,39.486,40.742,45.106,43.987,41.887,36.221,31.399,30.122,26.167
27.721,25.241,23.293,20.601,21.280,23.457,31.915,41.671,42.922,40.214,37.594,36.573,35.343,36.481,39.013,39.586,40.848,45.194,44.069,41.953,36.322,31.504,30.215,26.276
27.802,25.321,23.372,20.692,21.375,23.569,32.019,41.774,43.007,40.312,37.702,36.669,35.440,36.571,39.094,39.660,40.931,45.276,44.139,42.005,36.423,31.601,30.303,26.378
27.916,25.453,23.494,20.807,21.488,23.601,32.084,41.807,43.076,40.378,37.759,36.740,35.509,36.634,39.145,39.733,40.970,45.332,44.221,42.157,36.460,31.678,30.412,26.489
28.032,25.562,23.587,20.888,21.579,23.667,32.177,41.908,43.194,40.493,37.849,36.832,35.598,36.720,39.233,39.840,41.065,45.465,44.359,42.326,36.563,31.782,30.531,26.600
28.178,25.713,23.752,21.043,21.726,23.805,32.261,41.945,43.247,40.538,37.882,36.890,35.664,36.795,39.322,39.937,41.148,45.528,44.442,42.434,36.645,31.881,30.647,26.706
28.282,25.821,23.869,21.158,21.834,23.923,32.375,42.066,43.367,40.651,38.005,37.016,35.790,36.929,39.460,40.066,41.282,45.642,44.557,42.535,36.759,31.991,30.750,26.803
28.418,25.944,24.000,21.302,21.983,24.128,32.507,42.172,43.445,40.744,38.095,37.105,35.886,37.022,39.557,40.155,41.388,45.736,44.637,42.582,36.904,32.124,30.873,26.937
28.528,26.043,24.101,21.379,22.061,24.212,32.554,42.202,43.497,40.780,38.096,37.128,35.914,37.062,39.626,40.240,41.464,45.820,44.737,42.705,36.976,32.192,30.959,26.994
28.608,26.128,24.184,21.460,22.141,24.272,32.626,42.269,43.572,40.854,38.169,37.204,35.989,37.137,39.697,40.316,41.531,45.891,44.814,42.798,37.041,32.265,31.039,27.074
28.697,26.233,24.312,21.593,22.254,24.395,32.737,42.380,43.679,40.950,38.298,37.339,36.127,37.287,39.848,40.445,41.667,45.974,44.901,42.859,37.137,32.364,31.124,27.157
28.774,26.320,24.394,21.678,22.339,24.445,32.807,42.435,43.749,41.023,38.319,37.393,36.188,37.349,39.906,40.509,41.719,46.032,44.966,42.949,37.191,32.435,31.204,27.245
28.948,26.468,24.534,21.788,22.464,24.574,32.857,42.441,43.772,41.039,38.366,37.415,36.202,37.356,39.932,40.574,41.764,46.118,45.072,43.109,37.279,32.527,31.335,27.348
29.062,26.574,24.655,21.906,22.578,24.729,32.946,42.502,43.831,41.096,38.375,37.454,36.256,37.427,40.028,40.665,41.863,46.195,45.150,43.170,37.384,32.622,31.428,27.431
29.168,26.664,24.743,21.986,22.666,24.840,33.010,42.544,43.874,41.141,38.382,37.480,36.287,37.459,40.075,40.724,41.922,46.269,45.225,43.251,37.470,32.701,31.517,27.511
29.280,26.769,24.859,22.102,22.782,24.989,33.094,42.598,43.920,41.190,38.422,37.530,36.344,37.520,40.148,40.795,41.999,46.331,45.288,43.303,37.565,32.794,31.610,27.602
29.377,26.848,24.934,22.161,22.848,25.074,33.151,42.650,43.981,41.243,38.441,37.562,36.378,37.561,40.210,40.871,42.074,46.425,45.385,43.409,37.649,32.865,31.692,27.663
29.532,26.993,25.079,22.278,22.964,25.187,33.238,42.725,44.085,41.326,38.485,37.633,36.452,37.650,40.328,41.009,42.198,46.561,45.540,43.595,37.762,32.975,31.822,27.760
29.636,27.094,25.187,22.394,23.078,25.331,33.371,42.868,44.210,41.455,38.626,37.766,36.586,37.785,40.463,41.131,42.335,46.683,45.651,43.674,37.897,33.098,31.931,27.873
29.703,27.167,25.255,22.466,23.149,25.390,33.465,42.982,44.324,41.568,38.734,37.883,36.699,37.895,40.565,41.228,42.433,46.783,45.748,43.767,37.984,33.184,32.011,27.958
29.870,27.329,25.415,22.601,23.287,25.495,33.524,42.985,44.365,41.598,38.751,37.900,36.722,37.925,40.615,41.311,42.485,46.856,45.851,43.937,38.053,33.275,32.143,28.067
29.992,27.448,25.560,22.748,23.422,25.693,33.662,43.123,44.482,41.707,38.860,38.032,36.862,38.080,40.789,41.461,42.658,46.977,45.965,43.997,38.204,33.406,32.251,28.165
30.142,27.603,25.734,22.911,23.574,25.844,33.737,43.139,44.515,41.731,38.869,38.073,36.913,38.144,40.870,41.550,42.733,47.024,46.035,44.091,38.280,33.499,32.363,28.264
30.269,27.726,25.842,23.018,23.693,25.935,33.829,43.209,44.595,41.821,38.938,38.143,36.983,38.203,40.922,41.621,42.790,47.114,46.130,44.224,38.370,33.604,32.488,28.396
30.386,27.859,25.960,23.143,23.821,26.004,33.965,43.352,44.748,41.982,39.112,38.304,37.137,38.343,41.036,41.742,42.896,47.242,46.261,44.387,38.477,33.734,32.626,28.552
30.473,27.939,26.039,23.226,23.907,26.113,34.075,43.478,44.862,42.099,39.231,38.415,37.247,38.452,41.146,41.845,43.010,47.358,46.366,44.470,38.595,33.838,32.719,28.648
30.691,28.162,26.279,23.439,24.106,26.298,34.212,43.578,44.997,42.207,39.317,38.540,37.379,38.607,41.331,42.043,43.188,47.511,46.552,44.689,38.741,33.996,32.900,28.794
30.795,28.275,26.389,23.544,24.207,26.368,34.316,43.690,45.123,42.326,39.440,38.665,37.501,38.730,41.449,42.165,43.300,47.626,46.675,44.830,38.835,34.099,33.009,28.900
30.933,28.405,26.515,23.657,24.322,26.483,34.435,43.817,45.263,42.455,39.551,38.783,37.619,38.853,41.585,42.310,43.442,47.780,46.834,45.000,38.968,34.226,33.142,29.016
31.034,28.510,26.605,23.735,24.402,26.520,34.533,43.938,45.408,42.590,39.675,38.907,37.736,38.970,41.700,42.439,43.556,47.922,46.985,45.182,39.064,34.326,33.254,29.119
31.180,28.665,26.743,23.876,24.549,26.609,34.666,44.060,45.545,42.737,39.818,39.045,37.870,39.089,41.799,42.554,43.650,48.048,47.119,45.362,39.176,34.463,33.410,29.289
31.313,28.789,26.865,24.007,24.688,26.774,34.812,44.188,45.673,42.877,39.943,39.175,38.001,39.214,41.921,42.672,43.779,48.182,47.240,45.463,39.329,34.607,33.546,29.435
31.500,28.990,27.070,24.187,24.862,26.875,34.874,44.206,45.708,42.898,39.957,39.204,38.037,39.258,41.976,42.762,43.823,48.232,47.334,45.651,39.377,34.702,33.692,29.564
31.635,29.111,27.203,24.314,24.989,27.047,34.967,44.251,45.765,42.953,39.978,39.255,38.097,39.327,42.068,42.854,43.923,48.318,47.422,45.727,39.493,34.808,33.801,29.660
31.808,29.267,27.369,24.457,25.132,27.218,35.052,44.295,45.826,43.000,39.981,39.291,38.143,39.389,42.166,42.969,44.031,48.424,47.545,45.867,39.611,34.921,33.933,29.762
31.901,29.358,27.432,24.543,25.235,27.311,35.250,44.561,46.064,43.261,40.267,39.530,38.367,39.588,42.329,43.122,44.200,48.635,47.723,46.019,39.796,35.092,34.080,29.941
32.031,29.471,27.547,24.653,25.351,27.464,35.355,44.655,46.152,43.350,40.334,39.603,38.445,39.670,42.427,43.224,44.310,48.750,47.834,46.119,39.925,35.207,34.196,30.048
32.169,29.604,27.691,24.784,25.475,27.606,35.454,44.738,46.245,43.429,40.398,39.687,38.534,39.772,42.551,43.352,44.435,48.861,47.955,46.243,40.039,35.317,34.312,30.144
32.332,29.736,27.816,24.893,25.599,27.779,35.585,44.875,46.379,43.561,40.485,39.781,38.629,39.873,42.678,43.492,44.586,49.042,48.129,46.407,40.216,35.464,34.463,30.273
32.442,29.841,27.915,24.980,25.686,27.862,35.698,45.014,46.529,43.699,40.613,39.910,38.755,40.004,42.819,43.638,44.730,49.200,48.289,46.570,40.340,35.578,34.578,30.373
32.585,29.996,28.065,25.126,25.826,27.968,35.870,45.219,46.747,43.907,40.769,40.126,38.965,40.214,43.021,43.838,44.924,49.396,48.489,46.779,40.499,35.741,34.738,30.529
32.784,30.195,28.278,25.318,26.011,28.143,35.955,45.229,46.788,43.934,40.827,40.158,39.011,40.276,43.110,43.948,45.010,49.467,48.592,46.930,40.592,35.856,34.888,30.655
33.037,30.402,28.509,25.508,26.205,28.443,36.062,45.268,46.838,43.961,40.836,40.161,39.030,40.327,43.239,44.098,45.167,49.615,48.757,47.089,40.780,36.011,35.064,30.772
33.215,30.553,28.647,25.636,26.350,28.621,36.215,45.427,46.993,44.120,40.889,40.279,39.151,40.446,43.374,44.248,45.323,49.809,48.942,47.273,40.969,36.178,35.236,30.933
33.341,30.664,28.757,25.728,26.443,28.735,36.335,45.575,47.150,44.260,41.008,40.405,39.275,40.582,43.532,44.410,45.490,49.987,49.120,47.443,41.116,36.303,35.360,31.030
33.492,30.792,28.870,25.852,26.580,28.932,36.578,45.894,47.433,44.552,41.307,40.669,39.529,40.829,43.777,44.639,45.754,50.277,49.372,47.629,41.385,36.525,35.547,31.222
33.674,30.952,29.015,25.999,26.738,29.137,36.840,46.238,47.753,44.872,41.628,40.960,39.811,41.108,44.058,44.909,46.053,50.604,49.668,47.872,41.675,36.770,35.762,31.432
33.889,31.137,29.207,26.175,26.923,29.388,36.996,46.369,47.880,44.995,41.705,41.057,39.917,41.225,44.212,45.072,46.227,50.784,49.846,48.037,41.879,36.948,35.945,31.591
34.054,31.312,29.371,26.335,27.071,29.520,37.287,46.788,48.301,45.391,42.141,41.462,40.303,41.618,44.597,45.435,46.605,51.164,50.212,48.361,42.166,37.204,36.166,31.798
34.200,31.467,29.516,26.480,27.211,29.639,37.513,47.088,48.604,45.682,42.460,41.759,40.588,41.903,44.869,45.695,46.871,51.436,50.475,48.605,42.381,37.406,36.349,31.979
34.420,31.668,29.659,26.618,27.374,29.765,37.872,47.613,49.131,46.205,42.980,42.220,41.018,42.313,45.257,46.090,47.279,51.949,50.952,49.069,42.756,37.737,36.656,32.282
34.663,31.857,29.859,26.816,27.582,30.147,38.171,47.974,49.434,46.506,43.261,42.487,41.288,42.599,45.589,46.394,47.648,52.309,51.265,49.258,43.137,38.028,36.897,32.497
34.937,32.128,30.125,27.079,27.832,30.441,38.643,48.635,50.074,47.112,43.923,43.101,41.880,43.206,46.198,46.958,48.258,52.908,51.826,49.711,43.628,38.446,37.245,32.822
35.211,32.381,30.344,27.247,28.016,30.562,38.820,48.827,50.332,47.342,44.070,43.274,42.046,43.379,46.402,47.217,48.479,53.217,52.164,50.142,43.841,38.660,37.508,33.035
35.674,32.771,30.679,27.588,28.411,31.060,39.359,49.465,50.919,47.961,44.628,43.779,42.537,43.842,46.872,47.701,49.009,53.872,52.753,50.667,44.461,39.197,38.017,33.548
36.086,33.169,31.069,28.012,28.829,31.599,40.124,50.503,51.868,48.900,45.676,44.723,43.450,44.756,47.765,48.504,49.912,54.752,53.541,51.240,45.246,39.864,38.554,34.094
36.444,33.495,31.369,28.341,29.173,32.055,40.753,51.350,52.635,49.676,46.508,45.464,44.163,45.457,48.447,49.130,50.621,55.492,54.193,51.725,45.912,40.425,39.016,34.569
37.148,34.118,32.031,28.927,29.749,32.860,41.387,52.049,53.335,50.299,47.036,46.049,44.763,46.134,49.267,49.941,51.488,56.324,55.020,52.439,46.707,41.091,39.654,35.075
37.698,34.686,32.536,29.422,30.253,33.227,42.094,52.940,54.265,51.209,47.975,46.929,45.603,46.953,50.039,50.725,52.254,57.189,55.873,53.328,47.383,41.758,40.310,35.731
38.547,35.468,33.283,30.122,30.947,34.101,43.346,54.672,55.957,52.805,49.608,48.464,47.085,48.483,51.634,52.245,53.896,58.878,57.464,54.661,48.770,42.915,41.315,36.624
39.899,36.672,34.405,31.079,31.985,35.159,44.234,55.476,56.912,53.700,50.139,49.119,47.751,49.183,52.503,53.303,54.876,60.134,58.789,56.215,49.882,43.975,42.537,37.670
43.035,39.400,36.980,33.304,34.382,37.959,46.750,58.158,59.777,56.394,52.112,51.265,49.901,51.448,55.206,56.290,57.875,63.674,62.344,59.891,53.029,46.767,45.488,40.181
