4.189,-5.828,-7.977,-11.453,-9.466,-5.338,7.195,17.668,23.247,18.037,12.076,8.735,7.930,5.069,1.918,1.994,-6.754,1.422,10.097,11.198,-2.881,-1.908,-3.704,-9.141
15.959,9.867,7.575,4.980,5.963,8.789,19.255,28.064,33.621,30.190,24.149,20.446,16.046,11.081,8.385,10.361,11.781,18.001,23.268,27.292,19.040,14.748,13.176,7.265
19.513,14.186,12.053,9.653,10.486,13.070,22.680,30.818,35.852,32.632,27.045,23.587,19.369,14.697,12.215,14.153,15.917,21.617,26.494,30.389,23.023,18.826,17.236,11.677
21.112,16.340,14.382,11.974,12.832,15.312,24.807,32.787,37.004,33.431,28.336,25.170,21.470,16.996,14.586,16.561,17.882,23.149,28.599,31.837,24.934,21.402,19.144,13.806
22.168,17.735,15.820,13.425,14.083,16.634,25.402,33.060,37.152,33.438,28.502,25.373,22.009,18.154,15.882,17.528,18.145,23.573,28.921,32.367,25.321,22.091,19.997,14.770
23.068,18.725,16.808,14.420,14.965,17.576,25.954,33.457,37.315,33.867,28.947,25.795,22.551,19.023,16.817,18.264,18.519,24.109,29.317,32.972,25.755,22.608,20.716,15.522
23.565,19.063,17.172,14.817,15.428,18.004,26.420,33.874,37.675,34.417,29.535,26.438,23.255,19.711,17.507,18.932,19.079,24.590,29.728,33.211,25.983,22.941,21.127,16.035
24.046,19.502,17.646,15.333,16.009,18.512,26.996,34.397,38.299,34.980,30.169,27.142,23.968,20.324,18.121,19.604,19.870,25.209,30.305,33.592,26.529,23.525,21.685,16.685
24.466,19.882,18.023,15.740,16.426,18.899,27.372,34.734,38.713,35.479,30.652,27.623,24.383,20.686,18.487,19.989,20.403,25.704,30.676,33.980,26.978,23.890,22.131,17.154
24.711,20.195,18.334,16.043,16.709,19.187,27.634,34.998,38.927,35.672,30.852,27.817,24.576,20.895,18.700,20.207,20.639,25.948,30.950,34.287,27.307,24.207,22.411,17.414
24.960,20.509,18.676,16.371,17.051,19.524,28.000,35.372,39.227,35.821,31.076,28.088,24.948,21.293,19.100,20.614,20.922,26.174,31.321,34.525,27.582,24.621,22.688,17.717
25.131,20.694,18.878,16.581,17.272,19.729,28.191,35.536,39.374,35.941,31.236,28.277,25.177,21.533,19.348,20.861,21.134,26.341,31.499,34.637,27.733,24.825,22.870,17.934
25.365,20.931,19.130,16.826,17.527,19.989,28.454,35.797,39.594,36.101,31.435,28.503,25.480,21.878,19.696,21.188,21.322,26.516,31.744,34.805,27.877,25.074,23.073,18.162
25.484,21.192,19.403,17.099,17.779,20.223,28.650,35.972,39.688,36.125,31.506,28.592,25.576,21.975,19.804,21.329,21.546,26.686,31.965,35.017,28.207,25.403,23.304,18.388
25.595,21.383,19.594,17.280,17.943,20.389,28.811,36.145,39.812,36.200,31.591,28.674,25.654,22.052,19.881,21.425,21.680,26.820,32.151,35.221,28.412,25.636,23.471,18.531
25.715,21.481,19.696,17.377,18.036,20.498,28.883,36.205,39.837,36.245,31.646,28.733,25.769,22.232,20.068,21.567,21.684,26.847,32.188,35.250,28.452,25.662,23.522,18.598
25.802,21.679,19.902,17.575,18.216,20.672,29.040,36.362,39.927,36.265,31.697,28.793,25.835,22.298,20.139,21.664,21.831,26.968,32.372,35.433,28.671,25.922,23.693,18.753
26.035,21.836,20.062,17.765,18.438,20.859,29.261,36.556,40.227,36.613,32.038,29.146,26.140,22.531,20.370,21.921,22.206,27.285,32.590,35.609,28.904,26.105,23.940,19.037
26.167,21.968,20.201,17.916,18.603,21.001,29.422,36.703,40.405,36.780,32.219,29.341,26.318,22.668,20.507,22.084,22.446,27.476,32.759,35.742,29.076,26.284,24.112,19.226
26.290,22.081,20.319,18.025,18.713,21.125,29.536,36.820,40.487,36.829,32.296,29.427,26.461,22.860,20.701,22.248,22.478,27.527,32.853,35.807,29.099,26.369,24.185,19.310
26.426,22.232,20.485,18.184,18.864,21.293,29.644,36.903,40.488,36.843,32.324,29.478,26.610,23.105,20.959,22.453,22.478,27.542,32.918,35.828,29.110,26.455,24.258,19.412
26.530,22.326,20.574,18.279,18.968,21.384,29.773,37.044,40.676,37.014,32.494,29.642,26.729,23.168,21.015,22.540,22.672,27.716,33.071,35.985,29.271,26.597,24.399,19.545
26.669,22.529,20.773,18.491,19.165,21.559,29.923,37.172,40.813,37.178,32.652,29.791,26.807,23.200,21.052,22.615,22.937,27.949,33.245,36.213,29.600,26.825,24.630,19.763
26.799,22.713,20.956,18.687,19.349,21.723,30.064,37.291,40.935,37.319,32.793,29.929,26.894,23.252,21.110,22.703,23.173,28.152,33.404,36.406,29.856,27.033,24.835,19.962
26.949,22.849,21.105,18.837,19.502,21.882,30.180,37.378,40.978,37.366,32.874,30.032,27.076,23.506,21.374,22.922,23.225,28.208,33.477,36.428,29.871,27.108,24.922,20.086
27.035,22.912,21.166,18.892,19.557,21.949,30.248,37.455,41.051,37.443,32.945,30.099,27.160,23.611,21.478,23.008,23.241,28.255,33.536,36.490,29.881,27.147,24.971,20.133
27.159,23.067,21.327,19.050,19.704,22.101,30.365,37.558,41.106,37.475,32.991,30.142,27.268,23.755,21.629,23.144,23.247,28.307,33.640,36.592,29.949,27.279,25.090,20.242
27.209,23.135,21.390,19.092,19.730,22.157,30.401,37.616,41.109,37.496,33.015,30.176,27.277,23.824,21.699,23.181,23.331,28.342,33.668,36.644,29.971,27.305,25.094,20.258
27.382,23.270,21.527,19.264,19.915,22.305,30.532,37.696,41.267,37.722,33.231,30.388,27.459,23.950,21.831,23.334,23.552,28.564,33.791,36.770,30.153,27.429,25.301,20.482
27.466,23.366,21.630,19.364,20.022,22.408,30.655,37.826,41.390,37.801,33.327,30.496,27.584,24.068,21.947,23.461,23.667,28.659,33.921,36.862,30.263,27.565,25.400,20.587
27.584,23.450,21.714,19.448,20.111,22.503,30.747,37.915,41.482,37.908,33.433,30.604,27.714,24.220,22.099,23.592,23.730,28.736,33.995,36.925,30.285,27.618,25.475,20.672
27.733,23.548,21.820,19.561,20.253,22.631,30.922,38.093,41.711,38.114,33.650,30.838,27.956,24.428,22.302,23.807,23.945,28.914,34.170,37.031,30.403,27.760,25.617,20.839
27.880,23.620,21.900,19.646,20.368,22.740,31.072,38.244,41.908,38.299,33.844,31.051,28.198,24.660,22.528,24.027,24.098,29.047,34.306,37.092,30.437,27.846,25.718,20.971
27.978,23.710,21.999,19.748,20.480,22.847,31.182,38.345,42.003,38.375,33.941,31.164,28.342,24.815,22.686,24.177,24.199,29.130,34.404,37.145,30.491,27.944,25.805,21.079
28.066,23.802,22.096,19.847,20.578,22.944,31.259,38.408,42.050,38.426,34.004,31.235,28.434,24.927,22.803,24.283,24.270,29.196,34.469,37.197,30.542,28.019,25.883,21.169
28.178,23.944,22.235,19.993,20.714,23.072,31.364,38.499,42.140,38.534,34.113,31.338,28.507,24.988,22.868,24.360,24.423,29.340,34.581,37.341,30.725,28.158,26.031,21.312
28.282,24.098,22.399,20.148,20.858,23.224,31.480,38.605,42.173,38.538,34.141,31.381,28.609,25.145,23.033,24.504,24.466,29.386,34.684,37.420,30.796,28.298,26.128,21.416
28.355,24.205,22.509,20.256,20.953,23.324,31.545,38.657,42.184,38.547,34.166,31.409,28.655,25.222,23.116,24.575,24.508,29.433,34.740,37.487,30.864,28.383,26.203,21.493
28.433,24.318,22.625,20.369,21.051,23.428,31.606,38.704,42.186,38.549,34.182,31.427,28.698,25.305,23.208,24.649,24.535,29.470,34.790,37.548,30.920,28.462,26.275,21.567
28.514,24.441,22.748,20.493,21.161,23.536,31.684,38.769,42.222,38.595,34.232,31.475,28.740,25.357,23.265,24.708,24.623,29.556,34.869,37.653,31.050,28.575,26.382,21.668
28.621,24.564,22.877,20.632,21.304,23.664,31.805,38.872,42.331,38.700,34.353,31.607,28.866,25.467,23.380,24.835,24.796,29.695,34.992,37.755,31.200,28.719,26.520,21.821
28.723,24.675,22.992,20.749,21.420,23.776,31.912,38.972,42.424,38.788,34.449,31.708,28.972,25.576,23.491,24.947,24.909,29.799,35.097,37.852,31.310,28.835,26.629,21.935
28.805,24.764,23.081,20.836,21.498,23.862,31.965,39.014,42.439,38.822,34.485,31.743,29.027,25.665,23.585,25.021,24.931,29.839,35.135,37.904,31.337,28.881,26.688,21.997
28.883,24.864,23.185,20.942,21.608,23.962,32.077,39.125,42.552,38.908,34.583,31.848,29.126,25.743,23.663,25.117,25.071,29.953,35.259,38.009,31.484,29.021,26.802,22.113
28.983,24.957,23.277,21.045,21.721,24.057,32.201,39.249,42.722,39.079,34.747,32.013,29.248,25.812,23.728,25.213,25.276,30.125,35.401,38.145,31.672,29.161,26.944,22.256
29.080,25.042,23.368,21.128,21.818,24.155,32.340,39.409,42.884,39.188,34.868,32.144,29.406,25.962,23.871,25.363,25.381,30.220,35.547,38.242,31.759,29.290,27.035,22.350
29.175,25.135,23.465,21.223,21.918,24.257,32.445,39.514,42.977,39.260,34.953,32.239,29.527,26.098,24.007,25.491,25.460,30.294,35.645,38.312,31.819,29.387,27.117,22.441
29.288,25.246,23.575,21.335,22.026,24.366,32.537,39.598,43.058,39.363,35.052,32.335,29.621,26.200,24.113,25.589,25.555,30.397,35.731,38.412,31.913,29.475,27.222,22.547
29.375,25.330,23.661,21.429,22.123,24.454,32.616,39.662,43.087,39.449,35.146,32.416,29.714,26.286,24.202,25.681,25.592,30.489,35.806,38.481,31.986,29.556,27.318,22.655
29.491,25.467,23.795,21.542,22.210,24.577,32.686,39.740,43.127,39.452,35.146,32.423,29.756,26.430,24.351,25.777,25.619,30.499,35.850,38.563,32.004,29.606,27.364,22.685
29.565,25.592,23.918,21.666,22.308,24.681,32.722,39.751,43.134,39.454,35.148,32.436,29.763,26.462,24.395,25.804,25.674,30.534,35.875,38.639,32.070,29.675,27.446,22.762
29.693,25.704,24.029,21.781,22.420,24.794,32.815,39.832,43.172,39.569,35.260,32.527,29.865,26.584,24.520,25.916,25.719,30.644,35.955,38.735,32.150,29.750,27.554,22.876
29.791,25.799,24.126,21.869,22.509,24.894,32.922,39.950,43.270,39.640,35.339,32.609,29.980,26.722,24.657,26.040,25.766,30.705,36.056,38.818,32.200,29.843,27.628,22.949
29.887,25.924,24.251,22.000,22.633,25.009,33.017,40.030,43.345,39.729,35.430,32.700,30.052,26.785,24.724,26.117,25.903,30.828,36.156,38.935,32.356,29.969,27.756,23.077
30.000,25.990,24.317,22.082,22.737,25.091,33.141,40.152,43.544,39.943,35.634,32.907,30.213,26.881,24.814,26.237,26.130,31.016,36.292,39.048,32.512,30.078,27.892,23.225
30.113,26.093,24.413,22.175,22.820,25.186,33.215,40.226,43.609,40.042,35.717,32.978,30.284,26.976,24.910,26.314,26.174,31.094,36.356,39.149,32.573,30.133,27.976,23.300
30.172,26.184,24.501,22.264,22.900,25.262,33.284,40.294,43.673,40.108,35.778,33.033,30.312,26.988,24.923,26.342,26.272,31.186,36.438,39.258,32.716,30.237,28.072,23.384
30.268,26.251,24.574,22.331,22.981,25.349,33.399,40.422,43.802,40.201,35.883,33.149,30.468,27.155,25.085,26.495,26.338,31.252,36.546,39.315,32.739,30.319,28.135,23.458
30.386,26.385,24.711,22.461,23.108,25.482,33.526,40.553,43.903,40.280,35.973,33.243,30.587,27.296,25.228,26.629,26.423,31.343,36.670,39.430,32.841,30.452,28.245,23.567
30.491,26.468,24.789,22.530,23.170,25.564,33.596,40.633,43.967,40.360,36.041,33.301,30.666,27.413,25.344,26.717,26.423,31.386,36.726,39.507,32.851,30.487,28.298,23.612
30.600,26.567,24.888,22.620,23.264,25.668,33.718,40.772,44.098,40.464,36.147,33.408,30.796,27.554,25.482,26.848,26.493,31.469,36.848,39.611,32.923,30.592,28.385,23.695
30.693,26.656,24.978,22.709,23.348,25.758,33.782,40.825,44.134,40.521,36.205,33.467,30.871,27.658,25.590,26.936,26.534,31.525,36.895,39.667,32.955,30.642,28.452,23.769
30.794,26.791,25.119,22.841,23.469,25.891,33.879,40.915,44.160,40.525,36.233,33.503,30.961,27.804,25.743,27.064,26.555,31.560,36.976,39.737,32.999,30.748,28.532,23.853
30.944,26.940,25.259,22.993,23.616,26.026,34.011,41.039,44.329,40.745,36.426,33.680,31.069,27.865,25.804,27.148,26.783,31.780,37.124,39.935,33.242,30.898,28.722,24.032
31.099,27.081,25.396,23.117,23.731,26.165,34.137,41.179,44.436,40.856,36.530,33.775,31.197,28.042,25.980,27.292,26.813,31.859,37.235,40.064,33.294,30.991,28.820,24.120
31.272,27.209,25.522,23.248,23.871,26.303,34.281,41.319,44.608,41.060,36.722,33.966,31.381,28.222,26.158,27.462,26.975,32.026,37.368,40.195,33.402,31.095,28.965,24.274
31.366,27.281,25.594,23.318,23.939,26.382,34.344,41.378,44.655,41.124,36.786,34.030,31.471,28.344,26.282,27.562,26.996,32.068,37.412,40.238,33.403,31.126,29.015,24.331
31.470,27.383,25.703,23.421,24.051,26.495,34.479,41.525,44.795,41.220,36.897,34.151,31.620,28.495,26.431,27.711,27.101,32.164,37.550,40.335,33.494,31.259,29.114,24.436
31.644,27.552,25.878,23.603,24.232,26.675,34.620,41.636,44.888,41.338,37.031,34.297,31.796,28.707,26.652,27.908,27.237,32.296,37.664,40.434,33.582,31.382,29.262,24.607
31.764,27.685,26.004,23.724,24.329,26.791,34.680,41.687,44.898,41.396,37.077,34.328,31.836,28.798,26.750,27.974,27.248,32.354,37.705,40.534,33.635,31.434,29.347,24.682
31.895,27.883,26.199,23.916,24.506,26.963,34.846,41.857,45.044,41.519,37.201,34.445,31.926,28.871,26.824,28.073,27.432,32.529,37.896,40.757,33.910,31.667,29.541,24.853
32.052,27.989,26.307,24.033,24.647,27.089,35.018,42.033,45.284,41.760,37.436,34.687,32.145,29.041,26.987,28.256,27.668,32.735,38.075,40.899,34.072,31.813,29.702,25.028
32.168,28.129,26.444,24.162,24.760,27.216,35.116,42.133,45.346,41.830,37.502,34.744,32.213,29.143,27.092,28.344,27.717,32.814,38.168,41.025,34.172,31.919,29.806,25.119
32.260,28.272,26.586,24.297,24.889,27.343,35.261,42.295,45.489,41.924,37.601,34.841,32.298,29.208,27.154,28.431,27.857,32.943,38.339,41.202,34.386,32.117,29.949,25.241
32.369,28.406,26.713,24.422,24.998,27.457,35.354,42.388,45.567,42.024,37.688,34.914,32.350,29.264,27.212,28.490,27.950,33.055,38.437,41.349,34.535,32.230,30.071,25.346
32.534,28.590,26.888,24.617,25.187,27.620,35.510,42.524,45.756,42.272,37.910,35.120,32.460,29.306,27.255,28.574,28.255,33.330,38.617,41.589,34.865,32.433,30.313,25.577
32.738,28.803,27.102,24.845,25.411,27.831,35.692,42.679,45.921,42.473,38.115,35.327,32.645,29.482,27.438,28.761,28.504,33.559,38.794,41.779,35.091,32.630,30.538,25.814
32.902,28.898,27.207,24.938,25.533,27.965,35.877,42.888,46.137,42.633,38.293,35.526,32.920,29.770,27.727,29.029,28.595,33.655,38.960,41.852,35.095,32.739,30.625,25.925
33.038,29.157,27.461,25.205,25.770,28.176,36.046,43.032,46.260,42.769,38.428,35.649,32.958,29.783,27.730,29.079,28.891,33.910,39.169,42.138,35.520,33.043,30.901,26.173
33.172,29.249,27.548,25.282,25.846,28.274,36.145,43.147,46.372,42.897,38.540,35.752,33.082,29.926,27.879,29.203,28.918,33.983,39.253,42.235,35.539,33.090,30.972,26.238
33.258,29.477,27.778,25.492,26.031,28.460,36.338,43.367,46.510,42.928,38.594,35.803,33.129,29.961,27.914,29.278,29.072,34.119,39.495,42.495,35.878,33.415,31.165,26.389
33.440,29.663,27.958,25.640,26.169,28.637,36.533,43.612,46.699,43.063,38.721,35.918,33.295,30.180,28.124,29.461,29.098,34.212,39.691,42.703,35.984,33.587,31.291,26.481
33.688,29.845,28.130,25.799,26.329,28.826,36.728,43.832,46.922,43.315,38.946,36.126,33.529,30.455,28.394,29.691,29.195,34.375,39.866,42.898,36.064,33.701,31.446,26.627
33.845,30.008,28.288,25.952,26.477,28.979,36.890,44.007,47.099,43.489,39.108,36.278,33.665,30.582,28.517,29.821,29.349,34.542,40.038,43.094,36.256,33.871,31.611,26.775
34.014,30.155,28.437,26.085,26.628,29.140,37.117,44.277,47.374,43.689,39.312,36.489,33.905,30.812,28.735,30.046,29.506,34.703,40.280,43.283,36.411,34.078,31.763,26.919
34.137,30.300,28.587,26.227,26.770,29.285,37.275,44.447,47.522,43.792,39.428,36.611,34.048,30.960,28.881,30.196,29.629,34.821,40.446,43.428,36.558,34.254,31.896,27.048
34.389,30.590,28.872,26.484,27.009,29.557,37.546,44.755,47.758,43.975,39.612,36.784,34.265,31.229,29.147,30.441,29.755,35.000,40.722,43.723,36.787,34.534,32.120,27.240
34.646,30.739,29.022,26.618,27.186,29.748,37.855,45.128,48.193,44.335,39.962,37.142,34.659,31.594,29.489,30.786,29.984,35.239,41.039,43.951,36.930,34.751,32.308,27.430
35.079,31.055,29.315,26.891,27.479,30.069,38.278,45.629,48.781,44.929,40.487,37.632,35.109,32.002,29.870,31.168,30.343,35.669,41.482,44.426,37.288,35.076,32.668,27.748
35.368,31.308,29.555,27.110,27.687,30.316,38.521,45.905,49.029,45.191,40.722,37.845,35.354,32.304,30.167,31.422,30.448,35.857,41.710,44.695,37.432,35.258,32.869,27.924
35.645,31.650,29.895,27.416,27.949,30.630,38.751,46.145,49.124,45.275,40.815,37.923,35.522,32.610,30.484,31.668,30.455,35.961,41.909,44.952,37.570,35.490,33.071,28.097
36.177,32.147,30.401,27.874,28.443,31.159,39.428,46.931,49.885,45.828,41.392,38.519,36.223,33.316,31.162,32.351,30.881,36.432,42.616,45.525,38.034,36.124,33.547,28.552
36.594,32.468,30.725,28.115,28.706,31.523,39.900,47.540,50.384,46.134,41.710,38.844,36.773,34.021,31.839,32.929,30.906,36.554,43.060,45.850,38.039,36.432,33.725,28.701
37.225,32.981,31.233,28.583,29.197,32.070,40.531,48.254,51.094,46.775,42.333,39.460,37.487,34.797,32.594,33.628,31.265,37.032,43.672,46.407,38.379,36.923,34.194,29.154
37.848,33.603,31.826,29.161,29.780,32.654,41.241,49.052,51.981,47.620,43.106,40.186,38.081,35.257,33.024,34.141,32.028,37.811,44.468,47.281,39.290,37.676,34.905,29.783
38.474,34.369,32.570,29.842,30.426,33.346,42.030,49.975,52.814,48.272,43.725,40.760,38.627,35.774,33.514,34.687,32.623,38.478,45.357,48.253,40.244,38.592,35.622,30.373
39.626,35.364,33.525,30.684,31.282,34.342,43.240,51.431,54.240,49.521,44.878,41.845,39.822,37.045,34.725,35.832,33.283,39.390,46.599,49.514,41.081,39.601,36.522,31.142
41.075,36.223,34.365,31.601,32.338,35.362,44.414,52.573,55.847,51.457,46.687,43.647,41.523,38.607,36.257,37.312,34.744,40.856,47.671,50.485,41.842,40.294,37.663,32.410
44.577,38.961,37.022,34.108,34.835,38.219,47.195,55.550,58.742,54.718,49.709,46.529,44.861,42.595,40.209,40.697,36.264,43.156,50.114,53.102,43.041,42.090,39.970,34.676
