10.298,4.947,1.293,-2.660,-3.680,-6.636,-6.512,-4.162,1.745,4.811,0.193,-4.320,-12.594,-20.948,-28.752,-29.564,-27.669,-21.200,-7.536,3.002,7.155,8.866,9.012,0.230
16.729,12.563,9.578,6.204,5.051,2.821,2.602,4.390,9.561,12.920,9.280,5.687,-0.311,-7.501,-14.374,-15.564,-14.489,-9.835,1.646,11.213,14.146,14.878,14.499,7.233
20.162,15.766,12.925,9.838,8.552,7.444,6.880,8.628,13.060,15.375,11.924,8.299,2.337,-4.545,-10.819,-11.183,-9.608,-4.421,7.013,15.224,18.731,19.434,19.043,12.278
22.614,18.466,15.985,13.066,11.497,11.153,10.394,12.018,15.913,17.978,15.037,11.794,6.815,0.248,-5.666,-5.843,-4.484,0.230,11.180,18.592,21.696,22.167,21.377,15.311
23.615,19.652,17.302,14.511,13.015,12.670,11.982,13.548,17.241,19.174,16.381,13.304,8.551,2.295,-3.333,-3.481,-2.186,2.319,12.751,19.765,22.706,23.215,22.463,16.693
24.185,20.297,18.013,15.270,13.730,13.529,12.784,14.306,17.905,19.824,17.129,14.129,9.590,3.415,-2.133,-2.273,-1.031,3.347,13.643,20.530,23.387,23.804,22.979,17.353
24.704,20.905,18.683,16.007,14.556,14.254,13.615,15.126,18.620,20.426,17.783,14.863,10.344,4.364,-1.006,-1.118,0.116,4.428,14.406,21.046,23.833,24.361,23.622,18.134
25.203,21.438,19.242,16.613,15.162,14.947,14.269,15.751,19.178,20.933,18.328,15.432,10.985,5.077,-0.214,-0.292,0.950,5.231,15.111,21.638,24.431,24.910,24.165,18.759
25.549,21.796,19.596,17.041,15.639,15.490,14.771,16.220,19.577,21.224,18.611,15.698,11.208,5.404,0.235,0.226,1.544,5.874,15.637,22.015,24.908,25.352,24.674,19.329
25.792,22.083,19.892,17.365,15.982,15.827,15.098,16.523,19.869,21.534,18.934,16.039,11.590,5.838,0.709,0.678,1.980,6.257,15.926,22.289,25.163,25.567,24.900,19.591
26.089,22.410,20.225,17.746,16.360,16.311,15.507,16.891,20.195,21.841,19.262,16.369,11.985,6.284,1.213,1.200,2.517,6.769,16.375,22.683,25.591,25.895,25.218,19.968
26.454,22.778,20.561,18.134,16.738,16.842,15.901,17.231,20.526,22.176,19.582,16.641,12.283,6.594,1.550,1.557,2.922,7.193,16.816,23.145,26.161,26.292,25.607,20.369
26.739,23.078,20.877,18.484,17.094,17.254,16.293,17.608,20.850,22.446,19.872,16.944,12.612,6.977,1.996,2.038,3.422,7.692,17.247,23.479,26.513,26.627,25.951,20.767
26.961,23.286,21.117,18.717,17.290,17.518,16.561,17.889,21.079,22.620,20.086,17.184,12.902,7.264,2.295,2.383,3.763,8.037,17.611,23.754,26.764,26.910,26.195,21.053
27.157,23.473,21.290,18.912,17.507,17.752,16.776,18.095,21.274,22.779,20.225,17.300,12.973,7.357,2.420,2.534,3.954,8.268,17.827,23.940,27.009,27.141,26.459,21.317
27.300,23.652,21.491,19.120,17.710,17.951,16.981,18.290,21.458,22.985,20.461,17.568,13.308,7.719,2.796,2.886,4.270,8.521,18.020,24.121,27.135,27.254,26.554,21.449
27.457,23.825,21.681,19.319,17.896,18.175,17.192,18.492,21.636,23.157,20.658,17.784,13.577,8.004,3.098,3.193,4.563,8.786,18.258,24.326,27.318,27.419,26.699,21.628
27.609,23.989,21.859,19.500,18.077,18.350,17.382,18.684,21.812,23.325,20.842,17.986,13.802,8.246,3.355,3.450,4.809,9.012,18.451,24.490,27.456,27.573,26.848,21.799
27.735,24.146,22.038,19.683,18.251,18.527,17.564,18.857,21.973,23.504,21.051,18.226,14.108,8.572,3.692,3.768,5.093,9.239,18.630,24.655,27.569,27.675,26.929,21.915
27.850,24.255,22.147,19.800,18.375,18.657,17.696,18.990,22.093,23.597,21.141,18.313,14.178,8.654,3.792,3.886,5.226,9.391,18.771,24.765,27.696,27.813,27.080,22.072
27.938,24.351,22.244,19.904,18.494,18.755,17.806,19.100,22.198,23.695,21.237,18.413,14.267,8.762,3.916,4.010,5.352,9.514,18.864,24.842,27.772,27.901,27.183,22.182
28.048,24.487,22.374,20.040,18.645,18.874,17.923,19.203,22.323,23.861,21.397,18.575,14.438,8.947,4.099,4.159,5.485,9.614,18.928,24.948,27.864,27.966,27.257,22.252
28.168,24.647,22.540,20.224,18.839,19.064,18.099,19.357,22.478,24.049,21.599,18.792,14.705,9.245,4.417,4.446,5.749,9.822,19.069,25.100,27.991,28.047,27.336,22.357
28.311,24.786,22.689,20.367,18.968,19.205,18.246,19.511,22.621,24.185,21.747,18.951,14.882,9.416,4.584,4.620,5.914,9.983,19.240,25.256,28.129,28.200,27.472,22.503
28.462,24.913,22.806,20.498,19.095,19.393,18.400,19.660,22.750,24.270,21.823,19.003,14.908,9.441,4.626,4.702,6.038,10.156,19.442,25.422,28.356,28.405,27.686,22.717
28.593,25.060,22.961,20.655,19.235,19.565,18.548,19.796,22.886,24.432,22.001,19.193,15.152,9.683,4.861,4.923,6.237,10.319,19.600,25.597,28.509,28.518,27.771,22.818
28.708,25.180,23.097,20.792,19.362,19.705,18.697,19.948,23.017,24.547,22.136,19.345,15.333,9.873,5.063,5.134,6.439,10.507,19.773,25.733,28.622,28.646,27.886,22.957
28.826,25.290,23.209,20.913,19.473,19.866,18.833,20.079,23.129,24.636,22.229,19.433,15.428,9.971,5.173,5.267,6.587,10.672,19.948,25.879,28.792,28.796,28.030,23.113
28.906,25.390,23.298,21.011,19.599,19.942,18.918,20.155,23.226,24.759,22.338,19.538,15.515,10.078,5.287,5.354,6.670,10.737,19.971,25.932,28.844,28.840,28.099,23.173
29.034,25.526,23.446,21.160,19.739,20.094,19.071,20.307,23.365,24.898,22.493,19.707,15.715,10.284,5.499,5.565,6.869,10.917,20.137,26.082,28.973,28.968,28.213,23.305
29.116,25.609,23.524,21.236,19.838,20.145,19.147,20.389,23.457,24.985,22.567,19.778,15.748,10.328,5.549,5.610,6.919,10.977,20.177,26.124,29.017,29.041,28.313,23.394
29.276,25.734,23.658,21.364,19.921,20.331,19.298,20.547,23.581,25.065,22.664,19.870,15.867,10.415,5.627,5.738,7.065,11.159,20.436,26.337,29.255,29.268,28.500,23.593
29.352,25.840,23.780,21.495,20.072,20.433,19.436,20.684,23.707,25.189,22.803,20.036,16.049,10.637,5.878,5.975,7.283,11.340,20.538,26.406,29.282,29.326,28.572,23.693
29.451,25.946,23.881,21.616,20.196,20.600,19.567,20.797,23.808,25.284,22.897,20.120,16.144,10.749,6.011,6.117,7.439,11.498,20.679,26.536,29.442,29.439,28.688,23.823
29.517,26.042,23.979,21.717,20.317,20.660,19.651,20.876,23.905,25.417,23.030,20.268,16.300,10.927,6.192,6.261,7.558,11.574,20.700,26.583,29.452,29.454,28.717,23.854
29.598,26.128,24.066,21.811,20.419,20.762,19.752,20.974,23.996,25.499,23.112,20.351,16.380,11.021,6.301,6.373,7.675,11.692,20.798,26.666,29.541,29.541,28.812,23.957
29.695,26.216,24.160,21.915,20.516,20.903,19.879,21.099,24.095,25.560,23.180,20.418,16.450,11.100,6.401,6.503,7.823,11.860,20.966,26.786,29.682,29.679,28.948,24.111
29.809,26.328,24.277,22.035,20.633,21.032,20.009,21.230,24.213,25.663,23.290,20.531,16.569,11.224,6.533,6.647,7.970,12.010,21.112,26.908,29.804,29.808,29.075,24.248
29.927,26.456,24.417,22.187,20.780,21.212,20.179,21.392,24.350,25.781,23.426,20.679,16.748,11.424,6.757,6.884,8.206,12.233,21.308,27.061,29.952,29.945,29.203,24.407
30.046,26.585,24.559,22.327,20.901,21.360,20.315,21.524,24.475,25.919,23.583,20.850,16.968,11.640,6.968,7.088,8.391,12.390,21.464,27.218,30.084,30.057,29.288,24.509
30.156,26.694,24.658,22.445,21.018,21.526,20.441,21.635,24.576,26.011,23.670,20.923,17.042,11.722,7.066,7.199,8.522,12.534,21.609,27.356,30.259,30.186,29.420,24.647
30.248,26.784,24.751,22.544,21.113,21.644,20.548,21.738,24.669,26.092,23.755,21.008,17.135,11.821,7.172,7.316,8.645,12.660,21.734,27.464,30.376,30.292,29.522,24.759
30.321,26.870,24.833,22.634,21.210,21.741,20.634,21.815,24.750,26.186,23.848,21.100,17.235,11.930,7.289,7.421,8.747,12.749,21.803,27.544,30.458,30.352,29.586,24.826
30.419,26.977,24.945,22.751,21.322,21.868,20.751,21.925,24.855,26.297,23.967,21.225,17.383,12.085,7.448,7.577,8.897,12.882,21.924,27.663,30.569,30.445,29.671,24.923
30.509,27.085,25.057,22.871,21.437,22.001,20.866,22.028,24.956,26.417,24.098,21.364,17.560,12.271,7.639,7.755,9.060,13.016,22.038,27.785,30.678,30.520,29.733,25.000
30.612,27.189,25.164,22.982,21.550,22.118,20.984,22.145,25.065,26.516,24.199,21.467,17.664,12.382,7.759,7.882,9.191,13.149,22.161,27.891,30.786,30.632,29.848,25.122
30.678,27.271,25.249,23.080,21.646,22.234,21.081,22.228,25.144,26.605,24.296,21.569,17.794,12.528,7.916,8.031,9.334,13.270,22.256,27.986,30.878,30.690,29.900,25.191
30.775,27.369,25.330,23.177,21.773,22.343,21.184,22.322,25.244,26.696,24.364,21.617,17.795,12.550,7.959,8.077,9.405,13.364,22.326,28.056,30.989,30.791,30.037,25.317
30.872,27.464,25.421,23.273,21.877,22.445,21.285,22.423,25.342,26.784,24.445,21.692,17.854,12.615,8.034,8.158,9.498,13.469,22.425,28.146,31.094,30.897,30.155,25.434
30.933,27.533,25.493,23.345,21.960,22.497,21.357,22.498,25.419,26.862,24.524,21.779,17.936,12.709,8.134,8.251,9.583,13.544,22.475,28.190,31.123,30.946,30.214,25.496
31.021,27.625,25.574,23.443,22.065,22.630,21.457,22.581,25.503,26.947,24.600,21.839,17.992,12.775,8.213,8.332,9.681,13.648,22.572,28.295,31.262,31.040,30.317,25.599
31.103,27.718,25.661,23.542,22.167,22.748,21.550,22.660,25.586,27.046,24.696,21.930,18.093,12.886,8.329,8.439,9.789,13.745,22.655,28.394,31.373,31.110,30.388,25.674
31.206,27.816,25.763,23.640,22.256,22.850,21.652,22.765,25.685,27.139,24.794,22.031,18.203,12.988,8.429,8.544,9.893,13.852,22.774,28.505,31.480,31.222,30.490,25.779
31.308,27.917,25.861,23.757,22.382,23.005,21.788,22.892,25.793,27.219,24.871,22.099,18.261,13.068,8.536,8.674,10.046,14.022,22.926,28.621,31.629,31.354,30.636,25.938
31.387,27.997,25.948,23.845,22.470,23.091,21.883,22.990,25.882,27.295,24.954,22.189,18.355,13.169,8.646,8.789,10.160,14.135,23.027,28.701,31.701,31.441,30.724,26.035
31.466,28.074,26.024,23.918,22.543,23.160,21.957,23.067,25.960,27.371,25.029,22.264,18.424,13.236,8.710,8.855,10.226,14.204,23.101,28.774,31.774,31.521,30.805,26.114
31.582,28.188,26.132,24.021,22.643,23.258,22.048,23.157,26.063,27.492,25.144,22.373,18.532,13.330,8.790,8.925,10.293,14.270,23.185,28.887,31.889,31.624,30.904,26.200
31.682,28.287,26.229,24.119,22.746,23.349,22.145,23.255,26.164,27.593,25.241,22.468,18.617,13.418,8.878,9.012,10.382,14.362,23.273,28.977,31.980,31.722,31.008,26.300
31.788,28.393,26.337,24.224,22.846,23.455,22.249,23.359,26.268,27.700,25.351,22.581,18.739,13.535,8.991,9.124,10.490,14.466,23.382,29.089,32.087,31.826,31.106,26.399
31.852,28.468,26.418,24.310,22.941,23.533,22.339,23.447,26.351,27.781,25.436,22.675,18.836,13.650,9.120,9.248,10.609,14.573,23.457,29.150,32.137,31.885,31.172,26.477
31.931,28.560,26.519,24.402,23.028,23.598,22.421,23.533,26.443,27.893,25.560,22.816,19.003,13.815,9.274,9.384,10.720,14.654,23.527,29.231,32.179,31.939,31.214,26.524
32.027,28.661,26.623,24.502,23.123,23.688,22.514,23.627,26.540,28.003,25.676,22.937,19.139,13.946,9.398,9.499,10.823,14.743,23.616,29.332,32.263,32.022,31.289,26.600
32.142,28.775,26.742,24.614,23.224,23.797,22.621,23.735,26.650,28.123,25.802,23.069,19.290,14.086,9.527,9.623,10.937,14.847,23.733,29.458,32.375,32.131,31.382,26.694
32.227,28.864,26.831,24.715,23.332,23.916,22.733,23.842,26.745,28.203,25.882,23.147,19.364,14.177,9.637,9.743,11.067,14.982,23.848,29.550,32.482,32.230,31.491,26.813
32.332,28.984,26.967,24.849,23.467,24.030,22.871,23.983,26.877,28.335,26.031,23.319,19.562,14.390,9.859,9.957,11.261,15.148,23.978,29.660,32.552,32.324,31.580,26.922
32.397,29.061,27.049,24.928,23.548,24.089,22.944,24.057,26.955,28.426,26.127,23.426,19.680,14.513,9.980,10.065,11.354,15.221,24.033,29.721,32.590,32.371,31.626,26.972
32.496,29.158,27.138,25.022,23.658,24.180,23.038,24.150,27.055,28.522,26.211,23.499,19.725,14.567,10.041,10.125,11.426,15.305,24.108,29.798,32.685,32.469,31.743,27.080
32.647,29.303,27.287,25.159,23.771,24.322,23.169,24.284,27.189,28.667,26.365,23.658,19.911,14.727,10.180,10.264,11.553,15.427,24.267,29.973,32.847,32.621,31.867,27.202
32.750,29.410,27.403,25.270,23.865,24.431,23.273,24.388,27.291,28.783,26.495,23.798,20.085,14.892,10.334,10.411,11.684,15.538,24.386,30.098,32.950,32.715,31.939,27.282
32.893,29.577,27.587,25.444,24.033,24.568,23.434,24.551,27.459,28.982,26.715,24.047,20.382,15.193,10.626,10.674,11.906,15.707,24.526,30.251,33.040,32.818,32.023,27.382
32.998,29.687,27.700,25.556,24.145,24.673,23.543,24.660,27.570,29.098,26.834,24.170,20.511,15.324,10.756,10.798,12.025,15.817,24.628,30.356,33.136,32.916,32.120,27.480
33.174,29.893,27.887,25.766,24.366,24.910,23.728,24.811,27.747,29.333,27.057,24.380,20.747,15.573,11.007,11.010,12.230,15.986,24.768,30.562,33.359,33.043,32.250,27.607
33.285,30.011,28.008,25.891,24.481,25.051,23.851,24.926,27.858,29.454,27.187,24.513,20.908,15.733,11.167,11.167,12.380,16.121,24.903,30.701,33.494,33.151,32.344,27.711
33.453,30.182,28.177,26.066,24.660,25.237,24.029,25.098,28.029,29.623,27.353,24.676,21.069,15.902,11.344,11.345,12.563,16.305,25.078,30.874,33.676,33.321,32.518,27.888
33.601,30.313,28.308,26.190,24.769,25.375,24.159,25.235,28.158,29.736,27.469,24.787,21.179,15.993,11.425,11.444,12.671,16.433,25.245,31.031,33.843,33.494,32.678,28.044
33.781,30.480,28.483,26.359,24.899,25.578,24.328,25.404,28.314,29.891,27.642,24.963,21.401,16.188,11.602,11.635,12.856,16.616,25.478,31.262,34.072,33.693,32.835,28.211
33.931,30.617,28.627,26.494,25.023,25.711,24.472,25.558,28.458,30.014,27.772,25.096,21.533,16.310,11.719,11.769,12.993,16.767,25.651,31.412,34.218,33.865,32.998,28.376
34.068,30.769,28.763,26.644,25.187,25.870,24.604,25.672,28.593,30.185,27.927,25.238,21.673,16.458,11.868,11.892,13.117,16.877,25.742,31.551,34.374,33.969,33.114,28.482
34.236,30.961,28.960,26.837,25.381,26.039,24.780,25.842,28.777,30.408,28.159,25.485,21.952,16.740,12.141,12.133,13.329,17.046,25.887,31.726,34.512,34.095,33.231,28.603
34.380,31.136,29.126,27.024,25.598,26.222,24.955,25.997,28.948,30.610,28.350,25.673,22.139,16.962,12.383,12.344,13.535,17.221,25.997,31.864,34.652,34.198,33.360,28.735
34.482,31.245,29.226,27.126,25.709,26.317,25.046,26.082,29.048,30.730,28.460,25.777,22.233,17.057,12.474,12.420,13.610,17.291,26.061,31.956,34.749,34.281,33.451,28.816
34.670,31.419,29.404,27.289,25.871,26.450,25.212,26.266,29.232,30.899,28.629,25.950,22.387,17.198,12.605,12.558,13.747,17.443,26.230,32.115,34.895,34.477,33.649,29.004
34.841,31.587,29.571,27.453,26.015,26.630,25.367,26.416,29.386,31.069,28.804,26.123,22.586,17.378,12.768,12.718,13.901,17.590,26.408,32.314,35.094,34.645,33.794,29.147
35.012,31.738,29.734,27.619,26.168,26.832,25.567,26.624,29.556,31.179,28.927,26.248,22.709,17.506,12.917,12.914,14.119,17.841,26.673,32.505,35.304,34.878,34.021,29.396
35.146,31.881,29.872,27.763,26.318,26.978,25.702,26.751,29.692,31.333,29.076,26.394,22.858,17.661,13.072,13.056,14.257,17.968,26.788,32.641,35.443,34.995,34.142,29.514
35.390,32.118,30.107,28.002,26.536,27.255,25.943,26.984,29.917,31.557,29.307,26.618,23.107,17.896,13.303,13.297,14.504,18.220,27.069,32.923,35.741,35.254,34.380,29.758
35.564,32.306,30.286,28.188,26.719,27.456,26.110,27.134,30.084,31.763,29.509,26.813,23.326,18.111,13.508,13.479,14.678,18.370,27.221,33.122,35.945,35.399,34.515,29.889
35.808,32.546,30.521,28.417,26.934,27.692,26.326,27.347,30.308,32.009,29.754,27.053,23.580,18.344,13.720,13.683,14.876,18.564,27.445,33.379,36.204,35.632,34.731,30.094
36.058,32.814,30.779,28.681,27.193,27.967,26.564,27.564,30.550,32.304,30.045,27.338,23.898,18.654,14.015,13.944,15.122,18.777,27.660,33.657,36.480,35.840,34.925,30.282
36.350,33.118,31.099,28.991,27.445,28.307,26.852,27.839,30.824,32.626,30.404,27.715,24.387,19.108,14.432,14.341,15.478,19.077,28.005,34.043,36.823,36.110,35.119,30.496
36.673,33.416,31.390,29.269,27.694,28.603,27.121,28.113,31.104,32.912,30.688,27.986,24.663,19.342,14.633,14.552,15.695,19.315,28.319,34.383,37.179,36.447,35.429,30.787
36.977,33.677,31.652,29.533,27.935,28.927,27.421,28.422,31.376,33.112,30.889,28.170,24.825,19.488,14.790,14.774,15.960,19.647,28.712,34.708,37.559,36.837,35.810,31.175
37.290,34.008,31.949,29.842,28.263,29.242,27.689,28.663,31.668,33.478,31.223,28.473,25.117,19.773,15.055,14.990,16.176,19.844,28.910,35.015,37.898,37.086,36.074,31.403
37.726,34.469,32.423,30.325,28.716,29.761,28.164,29.117,32.113,33.954,31.728,28.996,25.729,20.386,15.666,15.585,16.744,20.359,29.415,35.531,38.386,37.506,36.449,31.810
38.159,34.911,32.881,30.769,29.145,30.177,28.600,29.559,32.555,34.414,32.207,29.497,26.267,20.915,16.181,16.086,17.214,20.798,29.852,35.974,38.781,37.919,36.839,32.209
38.613,35.352,33.362,31.205,29.575,30.507,29.051,30.065,33.041,34.860,32.683,30.023,26.785,21.424,16.676,16.592,17.684,21.262,30.311,36.365,39.075,38.382,37.296,32.675
39.703,36.323,34.362,32.098,30.318,31.387,29.935,31.024,33.988,35.775,33.640,30.987,27.805,22.253,17.357,17.341,18.411,22.063,31.432,37.499,40.162,39.559,38.325,33.659
41.026,37.612,35.716,33.333,31.416,32.490,31.113,32.273,35.254,37.116,35.066,32.493,29.472,23.766,18.711,18.658,19.598,23.167,32.726,38.866,41.320,40.828,39.427,34.749
42.887,39.360,37.585,35.051,32.777,34.299,32.814,34.041,36.933,38.812,36.959,34.486,31.885,25.883,20.595,20.622,21.419,24.920,34.949,41.081,43.326,42.800,40.996,36.383
