-16.260,-19.798,-24.230,-24.484,-22.176,-16.101,-3.742,4.359,6.035,-0.745,-4.402,-5.732,-8.426,-8.392,-5.617,-3.408,1.104,9.396,14.481,14.418,6.812,1.107,0.399,-4.028
-12.364,-15.885,-20.428,-21.017,-18.923,-13.201,-1.448,6.217,7.638,2.984,-0.903,-1.809,-4.532,-4.790,-2.656,-0.474,3.179,11.917,16.405,16.470,10.131,4.328,4.355,-0.190
-9.854,-13.169,-17.713,-18.402,-16.490,-10.566,0.648,7.845,9.231,4.675,0.850,0.037,-2.766,-3.109,-1.070,1.288,4.665,13.269,17.570,17.914,12.264,6.735,6.781,2.389
-8.147,-11.376,-15.887,-16.589,-14.758,-8.851,2.017,9.069,10.481,5.987,2.231,1.487,-1.319,-1.641,0.347,2.693,5.940,14.418,18.626,19.027,13.611,8.202,8.246,3.923
-6.707,-9.877,-14.298,-14.933,-13.132,-7.339,3.242,10.293,11.780,7.125,3.496,2.776,0.020,-0.195,1.818,4.053,7.301,15.545,19.734,20.078,14.600,9.295,9.243,4.996
-5.732,-8.866,-13.243,-13.824,-12.050,-6.326,4.003,11.112,12.701,7.884,4.351,3.673,0.936,0.832,2.871,5.007,8.252,16.339,20.531,20.825,15.280,10.033,9.898,5.687
-4.712,-7.773,-12.092,-12.689,-10.949,-5.215,5.024,11.915,13.430,8.643,5.146,4.440,1.725,1.563,3.583,5.778,8.981,16.959,21.086,21.451,16.081,10.953,10.816,6.696
-3.552,-6.594,-10.766,-11.344,-9.580,-4.101,6.152,12.877,14.248,9.749,6.291,5.533,2.948,2.726,4.681,6.808,9.996,17.822,21.850,22.137,16.778,11.712,11.640,7.609
-2.709,-5.713,-9.826,-10.421,-8.679,-3.281,6.888,13.460,14.757,10.445,7.005,6.248,3.705,3.434,5.332,7.460,10.580,18.336,22.281,22.581,17.363,12.362,12.339,8.364
-1.919,-4.870,-8.975,-9.548,-7.855,-2.440,7.467,14.041,15.428,10.972,7.604,6.899,4.339,4.145,6.058,8.149,11.229,18.876,22.810,23.126,17.955,13.026,12.936,8.995
-1.443,-4.385,-8.440,-8.987,-7.280,-1.915,8.006,14.556,15.924,11.415,8.079,7.340,4.816,4.628,6.560,8.631,11.751,19.319,23.259,23.547,18.314,13.415,13.296,9.390
-0.822,-3.733,-7.737,-8.284,-6.586,-1.277,8.598,15.045,16.364,11.927,8.615,7.861,5.373,5.159,7.069,9.139,12.237,19.731,23.626,23.918,18.747,13.902,13.795,9.938
0.278,-2.571,-6.464,-7.004,-5.323,-0.138,9.631,15.875,17.103,12.793,9.539,8.756,6.344,6.088,7.959,10.014,13.073,20.400,24.207,24.499,19.436,14.706,14.613,10.861
0.595,-2.249,-6.114,-6.626,-4.934,0.237,10.010,16.266,17.505,13.083,9.859,9.050,6.656,6.423,8.327,10.366,13.472,20.737,24.568,24.840,19.699,14.990,14.852,11.121
1.022,-1.809,-5.640,-6.148,-4.456,0.664,10.415,16.625,17.837,13.465,10.256,9.439,7.072,6.828,8.719,10.745,13.842,21.062,24.868,25.129,20.004,15.320,15.190,11.485
1.420,-1.391,-5.196,-5.710,-4.029,1.066,10.781,16.919,18.100,13.786,10.588,9.768,7.416,7.152,9.024,11.056,14.129,21.312,25.085,25.358,20.295,15.645,15.529,11.852
1.678,-1.100,-4.899,-5.412,-3.742,1.429,11.138,17.207,18.381,13.935,10.754,9.905,7.540,7.264,9.167,11.252,14.347,21.488,25.274,25.597,20.570,15.974,15.813,12.173
2.032,-0.727,-4.498,-5.032,-3.368,1.775,11.493,17.450,18.556,14.238,11.049,10.186,7.842,7.511,9.380,11.492,14.554,21.680,25.418,25.765,20.835,16.272,16.151,12.543
2.468,-0.275,-4.001,-4.541,-2.880,2.196,11.900,17.766,18.814,14.618,11.438,10.563,8.255,7.890,9.727,11.835,14.870,21.951,25.642,25.985,21.113,16.583,16.494,12.921
2.767,0.031,-3.681,-4.211,-2.555,2.486,12.131,18.005,19.068,14.876,11.715,10.852,8.556,8.210,10.043,12.122,15.148,22.194,25.876,26.202,21.322,16.802,16.707,13.142
3.131,0.417,-3.254,-3.773,-2.118,2.898,12.527,18.337,19.373,15.159,12.025,11.137,8.866,8.511,10.349,12.430,15.468,22.444,26.113,26.440,21.567,17.093,16.981,13.457
3.571,0.884,-2.735,-3.237,-1.583,3.385,12.976,18.720,19.731,15.498,12.400,11.489,9.252,8.895,10.737,12.807,15.855,22.740,26.391,26.709,21.836,17.415,17.282,13.807
3.891,1.188,-2.414,-2.912,-1.256,3.614,13.165,18.940,19.949,15.856,12.761,11.877,9.667,9.322,11.128,13.137,16.153,23.036,26.656,26.924,22.039,17.593,17.501,14.013
4.095,1.395,-2.183,-2.650,-0.984,3.861,13.395,19.189,20.194,16.038,12.975,12.078,9.884,9.577,11.414,13.391,16.444,23.271,26.913,27.154,22.180,17.747,17.607,14.133
4.291,1.591,-2.008,-2.518,-0.876,3.946,13.426,19.206,20.242,16.228,13.132,12.282,10.078,9.733,11.498,13.483,16.449,23.332,26.916,27.173,22.348,17.899,17.845,14.353
4.455,1.756,-1.846,-2.363,-0.727,4.093,13.558,19.310,20.311,16.384,13.283,12.442,10.235,9.884,11.637,13.624,16.566,23.464,27.033,27.299,22.504,18.055,18.015,14.521
4.953,2.320,-1.243,-1.760,-0.160,4.690,14.020,19.636,20.625,16.624,13.573,12.723,10.522,10.162,11.921,13.940,16.857,23.643,27.180,27.500,22.818,18.473,18.394,14.973
4.983,2.340,-1.236,-1.755,-0.151,4.704,14.039,19.695,20.689,16.695,13.634,12.788,10.580,10.222,11.980,13.999,16.918,23.729,27.272,27.589,22.895,18.531,18.459,15.022
5.069,2.411,-1.175,-1.697,-0.095,4.726,14.052,19.731,20.737,16.820,13.751,12.932,10.724,10.377,12.113,14.103,16.997,23.834,27.366,27.661,22.966,18.575,18.529,15.070
5.139,2.466,-1.144,-1.673,-0.083,4.747,14.054,19.787,20.802,16.935,13.854,13.059,10.840,10.508,12.229,14.201,17.080,23.948,27.476,27.756,23.055,18.636,18.612,15.131
5.157,2.485,-1.131,-1.658,-0.054,4.766,14.059,19.794,20.855,16.942,13.860,13.080,10.849,10.525,12.255,14.229,17.096,23.986,27.528,27.823,23.133,18.707,18.665,15.167
5.256,2.574,-1.070,-1.607,-0.022,4.809,14.073,19.838,20.909,17.062,13.970,13.221,10.976,10.665,12.374,14.332,17.170,24.091,27.620,27.906,23.234,18.785,18.770,15.252
5.353,2.632,-1.010,-1.550,0.060,4.815,14.145,19.974,21.019,17.271,14.186,13.415,11.193,10.858,12.560,14.506,17.343,24.252,27.763,28.050,23.352,18.845,18.881,15.330
5.495,2.825,-0.788,-1.325,0.263,5.066,14.332,20.051,21.082,17.316,14.195,13.449,11.226,10.903,12.584,14.525,17.366,24.316,27.836,28.073,23.398,18.974,18.966,15.475
5.688,3.042,-0.595,-1.153,0.409,5.283,14.489,20.161,21.202,17.369,14.281,13.527,11.273,10.928,12.625,14.632,17.437,24.337,27.837,28.179,23.627,19.230,19.219,15.735
5.983,3.359,-0.270,-0.823,0.719,5.597,14.711,20.363,21.424,17.558,14.495,13.756,11.498,11.171,12.869,14.869,17.655,24.512,28.000,28.354,23.837,19.472,19.444,15.978
6.181,3.561,-0.049,-0.590,0.953,5.791,14.875,20.530,21.594,17.733,14.687,13.950,11.709,11.395,13.091,15.065,17.852,24.674,28.156,28.488,23.950,19.595,19.561,16.105
6.351,3.744,0.138,-0.411,1.122,5.967,15.024,20.641,21.696,17.854,14.811,14.077,11.835,11.511,13.198,15.184,17.953,24.765,28.231,28.581,24.089,19.752,19.724,16.279
6.530,3.930,0.339,-0.216,1.315,6.139,15.194,20.768,21.794,18.011,14.968,14.229,11.999,11.654,13.326,15.317,18.071,24.872,28.317,28.671,24.214,19.890,19.879,16.449
6.614,4.011,0.419,-0.150,1.381,6.195,15.270,20.819,21.821,18.118,15.058,14.321,12.094,11.726,13.377,15.377,18.113,24.937,28.365,28.724,24.305,19.974,19.992,16.559
6.802,4.204,0.627,0.041,1.569,6.355,15.445,20.928,21.881,18.298,15.226,14.484,12.271,11.864,13.483,15.498,18.204,25.034,28.426,28.796,24.443,20.122,20.180,16.759
6.890,4.300,0.722,0.122,1.645,6.445,15.544,20.983,21.912,18.367,15.286,14.540,12.324,11.892,13.500,15.539,18.230,25.070,28.447,28.839,24.538,20.227,20.301,16.888
7.088,4.511,0.942,0.337,1.852,6.651,15.727,21.125,22.040,18.517,15.441,14.694,12.481,12.037,13.637,15.685,18.362,25.186,28.547,28.952,24.692,20.401,20.480,17.082
7.262,4.689,1.131,0.513,2.026,6.796,15.873,21.226,22.108,18.685,15.600,14.855,12.654,12.184,13.757,15.809,18.460,25.287,28.619,29.027,24.816,20.531,20.643,17.253
7.452,4.888,1.350,0.720,2.232,6.981,16.081,21.361,22.194,18.856,15.764,15.004,12.820,12.312,13.864,15.934,18.568,25.387,28.689,29.110,24.953,20.687,20.826,17.456
7.538,4.984,1.439,0.816,2.318,7.088,16.131,21.430,22.295,18.889,15.814,15.066,12.870,12.387,13.952,16.016,18.649,25.450,28.761,29.188,25.029,20.774,20.888,17.520
7.666,5.115,1.581,0.949,2.451,7.211,16.273,21.530,22.365,19.014,15.931,15.175,12.988,12.480,14.031,16.108,18.732,25.533,28.828,29.262,25.136,20.889,21.022,17.663
7.797,5.250,1.711,1.095,2.590,7.353,16.354,21.655,22.534,19.107,16.046,15.306,13.111,12.643,14.210,16.263,18.892,25.669,28.979,29.401,25.242,20.998,21.101,17.739
7.958,5.415,1.896,1.272,2.770,7.505,16.527,21.778,22.618,19.267,16.200,15.448,13.271,12.774,14.324,16.383,19.002,25.772,29.058,29.482,25.354,21.121,21.247,17.900
7.996,5.451,1.923,1.304,2.802,7.557,16.577,21.854,22.713,19.308,16.244,15.494,13.308,12.824,14.388,16.447,19.078,25.850,29.153,29.577,25.426,21.189,21.298,17.945
8.094,5.544,2.014,1.390,2.890,7.637,16.674,21.945,22.793,19.429,16.356,15.605,13.421,12.928,14.482,16.543,19.167,25.954,29.250,29.673,25.532,21.287,21.412,18.055
8.174,5.620,2.086,1.457,2.955,7.691,16.716,21.996,22.846,19.521,16.444,15.705,13.520,13.027,14.570,16.623,19.232,26.032,29.320,29.739,25.608,21.353,21.492,18.126
8.348,5.809,2.284,1.648,3.140,7.880,16.896,22.125,22.953,19.648,16.573,15.827,13.646,13.135,14.670,16.741,19.339,26.123,29.396,29.833,25.747,21.515,21.659,18.311
8.458,5.926,2.401,1.777,3.265,8.025,17.008,22.256,23.114,19.718,16.661,15.916,13.728,13.240,14.786,16.864,19.477,26.236,29.526,29.964,25.852,21.632,21.743,18.400
8.540,6.015,2.488,1.846,3.331,8.117,17.138,22.325,23.144,19.791,16.716,15.958,13.766,13.242,14.798,16.892,19.495,26.272,29.548,30.017,25.966,21.758,21.888,18.556
8.667,6.147,2.609,1.970,3.444,8.245,17.211,22.421,23.272,19.882,16.818,16.078,13.873,13.370,14.921,17.018,19.611,26.383,29.663,30.136,26.088,21.883,22.000,18.662
8.764,6.238,2.711,2.072,3.557,8.335,17.345,22.545,23.371,20.016,16.945,16.191,14.001,13.483,15.029,17.125,19.727,26.501,29.778,30.240,26.180,21.969,22.097,18.762
8.884,6.354,2.842,2.204,3.698,8.453,17.501,22.683,23.485,20.161,17.086,16.317,14.141,13.609,15.151,17.247,19.858,26.627,29.899,30.353,26.282,22.071,22.209,18.880
8.976,6.441,2.920,2.276,3.775,8.519,17.595,22.756,23.531,20.283,17.194,16.422,14.254,13.698,15.223,17.325,19.924,26.711,29.968,30.422,26.374,22.155,22.320,18.990
8.982,6.444,2.931,2.283,3.780,8.545,17.626,22.817,23.616,20.299,17.211,16.439,14.257,13.716,15.259,17.366,19.981,26.776,30.054,30.512,26.438,22.213,22.358,19.018
9.101,6.567,3.039,2.396,3.891,8.674,17.746,22.937,23.741,20.404,17.318,16.547,14.360,13.822,15.369,17.480,20.096,26.889,30.170,30.634,26.565,22.344,22.482,19.144
9.153,6.612,3.064,2.416,3.906,8.700,17.746,22.972,23.801,20.469,17.377,16.628,14.425,13.902,15.444,17.548,20.148,26.968,30.252,30.716,26.652,22.414,22.557,19.200
9.213,6.663,3.116,2.468,3.968,8.754,17.841,23.072,23.889,20.572,17.472,16.714,14.517,13.985,15.527,17.631,20.243,27.074,30.362,30.819,26.736,22.486,22.636,19.274
9.341,6.802,3.254,2.613,4.104,8.911,17.957,23.191,24.030,20.646,17.561,16.807,14.602,14.087,15.643,17.748,20.363,27.171,30.467,30.933,26.849,22.616,22.742,19.388
9.476,6.932,3.400,2.768,4.269,9.043,18.108,23.348,24.179,20.803,17.724,16.960,14.772,14.259,15.817,17.906,20.535,27.327,30.624,31.068,26.948,22.713,22.837,19.487
9.609,7.059,3.537,2.896,4.403,9.149,18.249,23.463,24.260,20.968,17.876,17.105,14.930,14.392,15.931,18.022,20.642,27.446,30.725,31.165,27.065,22.823,22.977,19.628
9.669,7.121,3.591,2.946,4.451,9.215,18.321,23.530,24.327,21.028,17.931,17.160,14.977,14.435,15.975,18.078,20.696,27.511,30.793,31.243,27.155,22.913,23.066,19.716
9.898,7.363,3.852,3.188,4.688,9.432,18.554,23.672,24.410,21.227,18.119,17.337,15.170,14.579,16.089,18.217,20.806,27.617,30.859,31.330,27.324,23.105,23.296,19.968
9.999,7.465,3.956,3.286,4.787,9.537,18.677,23.775,24.498,21.330,18.217,17.427,15.261,14.656,16.163,18.304,20.891,27.708,30.946,31.425,27.435,23.219,23.417,20.093
10.071,7.535,4.026,3.348,4.853,9.609,18.791,23.864,24.562,21.425,18.298,17.497,15.333,14.705,16.206,18.366,20.954,27.786,31.020,31.508,27.535,23.317,23.529,20.207
10.147,7.591,4.087,3.412,4.936,9.653,18.892,23.990,24.674,21.586,18.447,17.638,15.489,14.855,16.351,18.493,21.095,27.945,31.181,31.641,27.624,23.379,23.608,20.273
10.266,7.708,4.209,3.546,5.072,9.777,19.001,24.127,24.828,21.705,18.578,17.771,15.625,15.012,16.517,18.640,21.253,28.087,31.332,31.777,27.723,23.475,23.690,20.354
10.539,7.989,4.528,3.871,5.404,10.062,19.298,24.377,25.043,21.954,18.840,18.011,15.896,15.267,16.766,18.882,21.503,28.291,31.520,31.952,27.895,23.670,23.889,20.580
10.673,8.139,4.678,4.009,5.532,10.219,19.455,24.476,25.119,22.041,18.922,18.086,15.964,15.310,16.804,18.953,21.562,28.348,31.565,32.029,28.032,23.831,24.055,20.762
10.775,8.240,4.778,4.128,5.653,10.346,19.551,24.625,25.310,22.131,19.032,18.200,16.075,15.460,16.980,19.106,21.738,28.501,31.743,32.190,28.131,23.929,24.116,20.819
10.845,8.291,4.836,4.195,5.737,10.394,19.647,24.752,25.430,22.274,19.170,18.329,16.218,15.605,17.125,19.231,21.883,28.653,31.903,32.320,28.207,23.982,24.175,20.869
11.025,8.447,5.020,4.392,5.959,10.526,19.835,24.969,25.623,22.549,19.442,18.590,16.516,15.902,17.410,19.472,22.141,28.904,32.149,32.511,28.326,24.073,24.290,20.977
11.168,8.586,5.176,4.549,6.128,10.670,20.028,25.142,25.766,22.723,19.612,18.740,16.683,16.051,17.556,19.621,22.303,29.060,32.300,32.653,28.453,24.200,24.426,21.121
11.427,8.854,5.464,4.844,6.421,10.934,20.263,25.359,25.979,22.943,19.848,18.974,16.932,16.304,17.806,19.856,22.536,29.258,32.487,32.831,28.631,24.395,24.617,21.327
11.502,8.924,5.511,4.882,6.452,10.989,20.304,25.420,26.056,23.030,19.924,19.067,17.008,16.384,17.881,19.936,22.599,29.353,32.585,32.938,28.757,24.506,24.736,21.430
11.560,8.985,5.548,4.927,6.492,11.089,20.386,25.543,26.224,23.069,19.970,19.118,17.032,16.436,17.964,20.029,22.713,29.471,32.735,33.103,28.895,24.645,24.835,21.520
11.770,9.182,5.751,5.129,6.702,11.258,20.576,25.745,26.412,23.330,20.222,19.373,17.300,16.699,18.211,20.258,22.936,29.706,32.960,33.306,29.084,24.816,25.029,21.705
11.905,9.313,5.869,5.226,6.792,11.342,20.653,25.804,26.455,23.480,20.352,19.521,17.442,16.820,18.302,20.356,22.994,29.804,33.032,33.389,29.230,24.949,25.203,21.867
12.071,9.486,6.028,5.368,6.921,11.500,20.793,25.915,26.560,23.619,20.481,19.661,17.567,16.929,18.397,20.474,23.086,29.918,33.133,33.517,29.421,25.145,25.415,22.077
12.375,9.799,6.339,5.681,7.216,11.772,20.967,26.105,26.778,23.865,20.742,19.956,17.860,17.248,18.700,20.748,23.323,30.140,33.337,33.713,29.645,25.374,25.648,22.307
12.550,9.966,6.522,5.860,7.405,11.922,21.158,26.275,26.915,24.081,20.948,20.152,18.074,17.440,18.877,20.920,23.493,30.314,33.497,33.860,29.792,25.514,25.814,22.476
12.817,10.222,6.797,6.128,7.683,12.137,21.408,26.503,27.102,24.398,21.253,20.452,18.400,17.741,19.148,21.176,23.735,30.565,33.720,34.062,30.004,25.713,26.054,22.717
13.117,10.514,7.122,6.437,8.012,12.402,21.780,26.793,27.300,24.768,21.597,20.762,18.748,18.022,19.394,21.438,23.991,30.832,33.951,34.284,30.259,25.966,26.365,23.044
13.441,10.853,7.467,6.795,8.350,12.773,22.054,27.112,27.681,25.003,21.874,21.052,19.033,18.365,19.768,21.781,24.352,31.132,34.274,34.595,30.519,26.249,26.590,23.280
13.494,10.899,7.473,6.809,8.374,12.805,22.091,27.165,27.748,25.082,21.927,21.125,19.073,18.398,19.795,21.834,24.383,31.226,34.373,34.722,30.690,26.399,26.755,23.418
13.691,11.101,7.674,6.975,8.532,13.010,22.359,27.364,27.895,25.292,22.113,21.290,19.238,18.513,19.896,21.981,24.523,31.391,34.522,34.902,30.931,26.648,27.031,23.704
13.783,11.167,7.721,7.024,8.600,13.094,22.526,27.584,28.120,25.491,22.292,21.459,19.399,18.674,20.072,22.160,24.732,31.645,34.805,35.173,31.142,26.821,27.203,23.850
14.228,11.597,8.157,7.475,9.045,13.448,22.776,27.915,28.497,25.947,22.766,21.982,19.937,19.264,20.636,22.641,25.178,32.079,35.221,35.530,31.461,27.112,27.510,24.134
14.866,12.248,8.850,8.164,9.730,14.051,23.343,28.411,28.947,26.534,23.364,22.581,20.572,19.875,21.210,23.194,25.697,32.555,35.647,35.942,31.925,27.602,28.037,24.689
15.236,12.593,9.199,8.509,10.117,14.414,23.710,28.895,29.484,26.977,23.827,23.047,21.048,20.344,21.716,23.699,26.249,33.088,36.221,36.456,32.294,27.937,28.335,24.966
15.310,12.651,9.210,8.547,10.133,14.534,24.083,29.184,29.682,27.201,23.967,23.125,21.091,20.410,21.775,23.776,26.357,33.327,36.481,36.800,32.708,28.325,28.762,25.377
15.775,13.074,9.647,8.858,10.516,14.884,24.818,29.704,29.946,27.958,24.588,23.662,21.673,20.702,21.973,24.153,26.701,33.841,36.912,37.272,33.345,28.909,29.539,26.150
16.637,13.784,10.360,9.564,11.309,15.359,25.533,30.643,30.819,29.401,25.931,25.045,23.140,22.150,23.305,25.315,27.836,35.167,38.199,38.350,34.228,29.561,30.390,26.868
17.535,14.465,11.015,10.092,11.999,15.798,26.826,31.910,31.704,31.328,27.553,26.569,24.763,23.454,24.411,26.476,28.982,36.786,39.730,39.773,35.632,30.648,31.887,28.205
