1.269,-0.476,-4.993,-5.276,-4.993,0.159,7.838,17.273,16.687,10.429,6.228,5.694,5.762,3.943,-0.185,-3.300,-4.332,2.373,7.188,15.208,14.595,9.031,5.681,3.684
7.180,5.067,2.327,1.858,2.307,6.482,12.816,21.774,21.506,16.065,13.244,13.224,13.268,10.972,7.356,5.549,5.297,10.563,12.194,21.266,21.050,14.594,11.712,9.226
9.708,7.299,5.270,4.722,5.194,8.951,14.522,23.473,23.022,18.256,15.640,15.952,16.204,13.783,10.555,9.021,8.631,13.555,14.578,23.463,23.289,16.763,14.171,11.852
11.047,8.738,6.693,6.207,6.635,10.306,15.819,24.383,23.889,19.319,16.570,16.925,17.024,14.881,11.868,10.221,9.527,14.426,16.138,24.404,24.083,18.035,15.414,13.239
12.473,10.199,8.326,7.855,8.272,11.775,17.072,25.330,24.838,20.493,17.824,18.244,18.281,16.247,13.416,11.842,11.072,15.787,17.532,25.493,25.141,19.310,16.752,14.638
13.509,11.251,9.429,8.946,9.366,12.809,17.969,26.170,25.693,21.402,18.847,19.237,19.357,17.262,14.422,12.926,12.291,16.898,18.328,26.294,26.013,20.158,17.694,15.602
14.318,12.165,10.391,9.947,10.354,13.711,18.853,26.704,26.299,22.072,19.568,19.971,19.911,17.984,15.264,13.802,13.103,17.577,19.210,26.942,26.600,20.978,18.476,16.361
14.928,12.815,11.039,10.607,11.006,14.330,19.429,27.165,26.766,22.583,20.092,20.484,20.410,18.527,15.842,14.380,13.673,18.104,19.781,27.387,27.038,21.515,19.033,16.949
15.458,13.363,11.617,11.179,11.580,14.868,19.897,27.581,27.202,23.042,20.627,20.998,20.958,19.045,16.354,14.945,14.325,18.682,20.171,27.788,27.479,21.945,19.511,17.428
15.996,13.959,12.192,11.774,12.165,15.430,20.458,27.993,27.634,23.496,21.080,21.437,21.340,19.505,16.854,15.431,14.779,19.102,20.723,28.194,27.859,22.455,20.012,17.946
16.373,14.381,12.611,12.211,12.593,15.831,20.852,28.250,27.906,23.801,21.381,21.738,21.582,19.821,17.218,15.787,15.091,19.380,21.132,28.467,28.103,22.818,20.363,18.311
16.747,14.793,13.010,12.621,12.996,16.218,21.227,28.534,28.203,24.112,21.703,22.045,21.867,20.143,17.557,16.126,15.431,19.690,21.481,28.734,28.364,23.152,20.702,18.663
17.090,15.194,13.325,12.945,13.316,16.565,21.614,28.873,28.569,24.421,22.022,22.302,22.130,20.413,17.781,16.333,15.699,19.960,21.744,28.976,28.623,23.446,21.000,18.963
17.394,15.522,13.649,13.270,13.643,16.888,21.939,29.161,28.885,24.714,22.357,22.617,22.436,20.712,18.063,16.642,16.064,20.290,21.992,29.255,28.921,23.733,21.292,19.233
17.712,15.881,14.023,13.659,14.026,17.238,22.277,29.364,29.113,24.970,22.632,22.893,22.651,20.990,18.386,16.975,16.374,20.551,22.328,29.493,29.137,24.043,21.592,19.531
18.036,16.237,14.358,14.000,14.363,17.568,22.595,29.625,29.387,25.244,22.924,23.161,22.920,21.271,18.663,17.256,16.683,20.836,22.597,29.719,29.372,24.317,21.880,19.828
18.253,16.486,14.607,14.265,14.620,17.802,22.829,29.750,29.517,25.407,23.069,23.315,23.017,21.439,18.880,17.457,16.824,20.959,22.870,29.866,29.484,24.537,22.084,20.047
18.562,16.825,14.948,14.615,14.965,18.129,23.147,29.981,29.763,25.669,23.342,23.584,23.252,21.713,19.179,17.760,17.117,21.221,23.179,30.106,29.713,24.829,22.374,20.341
18.771,17.060,15.185,14.861,15.207,18.352,23.360,30.114,29.907,25.832,23.511,23.751,23.390,21.889,19.381,17.962,17.303,21.381,23.394,30.248,29.843,25.023,22.565,20.538
18.964,17.267,15.417,15.097,15.442,18.562,23.547,30.240,30.047,25.992,23.698,23.942,23.559,22.075,19.589,18.192,17.539,21.578,23.573,30.400,29.993,25.200,22.747,20.716
19.167,17.506,15.640,15.332,15.672,18.783,23.778,30.387,30.211,26.158,23.865,24.099,23.677,22.237,19.768,18.365,17.700,21.720,23.787,30.545,30.124,25.399,22.935,20.904
19.375,17.720,15.857,15.550,15.891,18.997,23.991,30.584,30.414,26.362,24.077,24.309,23.880,22.444,19.978,18.581,17.920,21.930,23.992,30.748,30.327,25.607,23.142,21.107
19.541,17.913,16.035,15.733,16.073,19.180,24.189,30.735,30.589,26.515,24.253,24.466,24.017,22.592,20.116,18.730,18.100,22.088,24.130,30.888,30.473,25.767,23.297,21.247
19.698,18.088,16.185,15.891,16.227,19.340,24.371,30.885,30.740,26.661,24.377,24.585,24.114,22.719,20.251,18.843,18.186,22.186,24.318,31.026,30.594,25.934,23.451,21.408
19.931,18.356,16.419,16.133,16.464,19.578,24.609,31.067,30.935,26.848,24.573,24.753,24.280,22.902,20.426,19.013,18.378,22.364,24.505,31.164,30.737,26.123,23.648,21.616
20.112,18.531,16.608,16.322,16.650,19.751,24.755,31.206,31.061,27.004,24.723,24.913,24.450,23.077,20.619,19.203,18.548,22.531,24.687,31.308,30.878,26.282,23.818,21.805
20.230,18.647,16.716,16.430,16.757,19.861,24.863,31.321,31.164,27.115,24.817,25.008,24.551,23.183,20.729,19.299,18.627,22.623,24.816,31.411,30.975,26.394,23.932,21.933
20.392,18.806,16.885,16.596,16.922,20.017,24.993,31.448,31.287,27.254,24.966,25.156,24.718,23.340,20.889,19.466,18.806,22.790,24.945,31.531,31.104,26.522,24.077,22.088
20.506,18.927,17.010,16.723,17.050,20.140,25.120,31.557,31.406,27.369,25.092,25.281,24.830,23.457,21.007,19.593,18.940,22.913,25.058,31.651,31.224,26.644,24.194,22.196
20.619,19.020,17.141,16.850,17.180,20.257,25.219,31.669,31.514,27.495,25.226,25.437,24.982,23.603,21.169,19.769,19.105,23.068,25.192,31.805,31.375,26.774,24.325,22.319
20.776,19.201,17.326,17.039,17.370,20.435,25.397,31.792,31.661,27.635,25.396,25.597,25.118,23.751,21.320,19.940,19.302,23.231,25.325,31.937,31.512,26.926,24.474,22.451
20.960,19.417,17.564,17.280,17.615,20.656,25.610,31.926,31.842,27.801,25.632,25.817,25.307,23.942,21.506,20.177,19.608,23.469,25.446,32.098,31.692,27.098,24.650,22.587
21.247,19.754,17.829,17.556,17.880,20.931,25.884,32.134,32.051,28.004,25.823,25.962,25.470,24.130,21.681,20.321,19.767,23.631,25.665,32.208,31.806,27.298,24.869,22.848
21.318,19.797,17.889,17.612,17.937,20.987,25.927,32.220,32.113,28.088,25.885,26.044,25.568,24.220,21.783,20.412,19.825,23.709,25.768,32.308,31.899,27.379,24.952,22.945
21.384,19.856,17.979,17.701,18.028,21.065,25.999,32.280,32.179,28.165,25.972,26.148,25.651,24.310,21.889,20.533,19.936,23.805,25.859,32.410,31.995,27.469,25.036,23.014
21.464,19.936,18.076,17.800,18.129,21.159,26.099,32.364,32.273,28.258,26.074,26.260,25.738,24.406,21.996,20.651,20.048,23.904,25.965,32.528,32.107,27.578,25.133,23.094
21.537,19.998,18.155,17.877,18.205,21.227,26.150,32.421,32.322,28.326,26.139,26.337,25.820,24.487,22.088,20.745,20.129,23.984,26.044,32.599,32.175,27.647,25.206,23.175
21.634,20.077,18.265,17.984,18.313,21.320,26.216,32.494,32.380,28.417,26.224,26.443,25.930,24.599,22.223,20.883,20.239,24.091,26.164,32.701,32.270,27.744,25.309,23.289
21.758,20.207,18.411,18.134,18.462,21.453,26.340,32.577,32.467,28.523,26.333,26.561,26.025,24.716,22.364,21.028,20.365,24.200,26.306,32.808,32.366,27.871,25.432,23.411
21.900,20.369,18.589,18.313,18.643,21.618,26.495,32.682,32.600,28.650,26.503,26.723,26.170,24.862,22.510,21.205,20.583,24.375,26.409,32.930,32.500,28.003,25.568,23.525
22.026,20.497,18.736,18.459,18.792,21.755,26.624,32.795,32.725,28.775,26.653,26.875,26.313,25.001,22.651,21.368,20.765,24.533,26.520,33.063,32.639,28.129,25.696,23.639
22.091,20.532,18.820,18.538,18.873,21.816,26.652,32.842,32.754,28.845,26.719,26.974,26.414,25.100,22.780,21.505,20.868,24.631,26.621,33.160,32.727,28.207,25.778,23.727
22.175,20.590,18.909,18.623,18.958,21.888,26.692,32.908,32.800,28.926,26.792,27.070,26.525,25.203,22.902,21.629,20.967,24.732,26.720,33.250,32.814,28.285,25.867,23.830
22.261,20.648,19.000,18.710,19.045,21.965,26.747,32.991,32.863,29.021,26.870,27.176,26.638,25.314,23.036,21.760,21.060,24.834,26.845,33.366,32.920,28.384,25.968,23.942
22.361,20.742,19.094,18.802,19.137,22.058,26.835,33.091,32.956,29.118,26.963,27.270,26.742,25.412,23.133,21.854,21.151,24.931,26.941,33.460,33.015,28.477,26.064,24.045
22.504,20.881,19.259,18.964,19.303,22.209,26.965,33.215,33.087,29.258,27.129,27.441,26.914,25.574,23.299,22.043,21.360,25.115,27.062,33.605,33.169,28.612,26.208,24.179
22.598,20.975,19.359,19.063,19.402,22.303,27.050,33.293,33.166,29.344,27.219,27.532,27.008,25.667,23.396,22.144,21.463,25.211,27.148,33.686,33.253,28.697,26.298,24.270
22.713,21.077,19.461,19.163,19.501,22.406,27.148,33.421,33.280,29.464,27.327,27.645,27.137,25.786,23.513,22.253,21.564,25.327,27.267,33.806,33.373,28.808,26.414,24.397
22.816,21.165,19.571,19.268,19.608,22.502,27.219,33.505,33.351,29.560,27.421,27.752,27.257,25.901,23.641,22.383,21.680,25.442,27.374,33.905,33.471,28.902,26.517,24.511
22.953,21.320,19.728,19.433,19.768,22.649,27.359,33.588,33.441,29.665,27.528,27.860,27.342,26.014,23.775,22.517,21.799,25.542,27.520,33.997,33.552,29.030,26.643,24.641
23.088,21.469,19.880,19.589,19.923,22.794,27.501,33.691,33.554,29.782,27.656,27.984,27.450,26.137,23.906,22.655,21.940,25.666,27.649,34.105,33.658,29.159,26.770,24.766
23.220,21.621,20.011,19.725,20.058,22.933,27.655,33.813,33.687,29.902,27.778,28.093,27.546,26.247,24.011,22.756,22.048,25.770,27.773,34.211,33.763,29.286,26.893,24.886
23.297,21.700,20.092,19.808,20.140,23.013,27.738,33.884,33.757,29.977,27.846,28.166,27.607,26.320,24.094,22.834,22.111,25.834,27.871,34.291,33.835,29.373,26.973,24.968
23.396,21.808,20.188,19.909,20.238,23.115,27.854,33.982,33.855,30.073,27.928,28.247,27.672,26.405,24.185,22.913,22.169,25.899,27.996,34.387,33.918,29.484,27.074,25.071
23.535,21.953,20.338,20.060,20.388,23.256,27.980,34.089,33.966,30.193,28.059,28.375,27.804,26.537,24.320,23.056,22.323,26.038,28.112,34.492,34.028,29.602,27.201,25.202
23.693,22.132,20.498,20.223,20.549,23.418,28.142,34.222,34.110,30.326,28.207,28.503,27.935,26.669,24.442,23.180,22.476,26.178,28.228,34.596,34.142,29.730,27.337,25.339
23.796,22.244,20.614,20.341,20.666,23.527,28.246,34.297,34.191,30.413,28.300,28.596,28.017,26.763,24.544,23.286,22.580,26.270,28.329,34.677,34.220,29.827,27.434,25.436
23.902,22.342,20.711,20.436,20.761,23.625,28.339,34.408,34.292,30.521,28.398,28.697,28.128,26.870,24.652,23.387,22.671,26.372,28.440,34.784,34.326,29.930,27.539,25.550
24.056,22.537,20.853,20.589,20.909,23.789,28.539,34.556,34.459,30.654,28.529,28.795,28.207,26.974,24.738,23.458,22.759,26.462,28.575,34.885,34.425,30.073,27.672,25.682
24.177,22.676,20.978,20.716,21.037,23.921,28.689,34.684,34.605,30.778,28.666,28.918,28.317,27.087,24.840,23.566,22.890,26.583,28.681,35.004,34.549,30.198,27.792,25.787
24.285,22.791,21.095,20.834,21.155,24.036,28.802,34.779,34.708,30.878,28.778,29.026,28.420,27.192,24.945,23.679,23.014,26.694,28.777,35.101,34.649,30.301,27.896,25.886
24.411,22.913,21.204,20.942,21.262,24.151,28.917,34.918,34.839,31.005,28.897,29.140,28.551,27.313,25.057,23.781,23.119,26.813,28.893,35.220,34.771,30.417,28.016,26.015
24.510,23.011,21.314,21.053,21.373,24.254,29.015,35.001,34.920,31.100,28.987,29.240,28.639,27.414,25.172,23.897,23.216,26.906,29.013,35.320,34.863,30.523,28.119,26.120
24.621,23.120,21.420,21.157,21.478,24.364,29.129,35.130,35.052,31.220,29.115,29.363,28.769,27.531,25.278,24.007,23.345,27.035,29.108,35.443,34.993,30.634,28.231,26.225
24.761,23.285,21.573,21.313,21.635,24.518,29.289,35.249,35.195,31.345,29.269,29.496,28.893,27.657,25.390,24.136,23.514,27.179,29.204,35.549,35.112,30.756,28.357,26.337
24.883,23.411,21.708,21.448,21.772,24.651,29.426,35.376,35.333,31.476,29.414,29.642,29.027,27.790,25.523,24.281,23.671,27.323,29.325,35.691,35.256,30.891,28.487,26.452
25.013,23.534,21.829,21.571,21.893,24.776,29.556,35.514,35.460,31.610,29.527,29.763,29.144,27.918,25.660,24.403,23.763,27.431,29.489,35.833,35.385,31.034,28.623,26.597
25.158,23.647,21.975,21.710,22.033,24.904,29.649,35.646,35.566,31.754,29.658,29.920,29.323,28.085,25.846,24.588,23.918,27.595,29.651,35.988,35.537,31.172,28.774,26.766
25.327,23.821,22.158,21.889,22.215,25.081,29.817,35.812,35.748,31.924,29.862,30.113,29.526,28.266,26.012,24.779,24.157,27.810,29.770,36.152,35.721,31.325,28.937,26.914
25.442,23.944,22.277,22.009,22.336,25.202,29.943,35.923,35.867,32.036,29.982,30.228,29.633,28.377,26.120,24.890,24.278,27.923,29.878,36.262,35.832,31.440,29.050,27.021
25.596,24.073,22.426,22.153,22.480,25.338,30.049,36.065,35.984,32.185,30.115,30.378,29.810,28.542,26.298,25.063,24.426,28.083,30.041,36.410,35.979,31.580,29.203,27.195
25.734,24.235,22.565,22.298,22.622,25.484,30.210,36.187,36.118,32.306,30.238,30.486,29.903,28.652,26.405,25.165,24.534,28.185,30.170,36.514,36.080,31.711,29.329,27.320
25.887,24.381,22.723,22.454,22.778,25.632,30.337,36.317,36.242,32.445,30.382,30.633,30.062,28.806,26.564,25.327,24.698,28.343,30.308,36.644,36.215,31.844,29.474,27.473
26.005,24.479,22.838,22.566,22.890,25.739,30.431,36.437,36.343,32.569,30.488,30.759,30.196,28.938,26.711,25.467,24.807,28.465,30.456,36.782,36.344,31.970,29.601,27.613
26.105,24.561,22.956,22.681,23.006,25.837,30.498,36.508,36.404,32.662,30.586,30.877,30.320,29.057,26.851,25.619,24.943,28.589,30.565,36.885,36.445,32.066,29.706,27.723
26.284,24.749,23.125,22.857,23.177,26.013,30.687,36.676,36.564,32.828,30.722,31.014,30.442,29.208,27.015,25.757,25.043,28.707,30.782,37.042,36.584,32.251,29.881,27.913
26.463,24.960,23.313,23.049,23.368,26.206,30.893,36.837,36.749,32.989,30.908,31.174,30.591,29.363,27.153,25.906,25.233,28.875,30.916,37.178,36.731,32.411,30.042,28.062
26.695,25.235,23.523,23.269,23.582,26.439,31.157,37.053,36.978,33.187,31.096,31.323,30.733,29.529,27.299,26.027,25.370,29.021,31.117,37.326,36.878,32.613,30.240,28.272
26.834,25.360,23.684,23.425,23.741,26.578,31.262,37.162,37.082,33.317,31.243,31.485,30.905,29.689,27.474,26.220,25.565,29.197,31.245,37.462,37.019,32.740,30.380,28.413
27.022,25.539,23.861,23.602,23.917,26.759,31.445,37.362,37.274,33.512,31.425,31.672,31.097,29.880,27.665,26.403,25.736,29.380,31.445,37.661,37.216,32.933,30.571,28.610
27.204,25.737,24.046,23.789,24.104,26.948,31.639,37.536,37.459,33.684,31.610,31.842,31.264,30.049,27.824,26.567,25.921,29.556,31.603,37.819,37.380,33.103,30.743,28.777
27.364,25.900,24.227,23.972,24.286,27.116,31.796,37.662,37.587,33.831,31.759,32.001,31.406,30.208,28.004,26.751,26.088,29.709,31.782,37.970,37.521,33.267,30.905,28.940
27.510,26.069,24.360,24.114,24.423,27.266,31.977,37.812,37.743,33.970,31.879,32.108,31.492,30.321,28.115,26.841,26.162,29.796,31.948,38.097,37.636,33.423,31.045,29.083
27.663,26.219,24.501,24.260,24.564,27.408,32.119,37.948,37.860,34.107,31.981,32.219,31.601,30.452,28.264,26.964,26.238,29.893,32.141,38.227,37.747,33.575,31.193,29.256
27.868,26.430,24.715,24.475,24.779,27.621,32.335,38.151,38.073,34.314,32.199,32.436,31.806,30.660,28.472,27.180,26.463,30.108,32.342,38.438,37.960,33.786,31.401,29.453
28.114,26.705,24.989,24.758,25.061,27.893,32.626,38.369,38.315,34.548,32.446,32.679,32.001,30.891,28.717,27.432,26.711,30.331,32.610,38.678,38.186,34.054,31.650,29.685
28.364,26.960,25.223,24.990,25.292,28.130,32.854,38.607,38.548,34.778,32.677,32.892,32.244,31.119,28.929,27.638,26.940,30.565,32.812,38.873,38.395,34.262,31.875,29.926
28.671,27.237,25.551,25.305,25.611,28.422,33.070,38.861,38.786,35.059,32.993,33.220,32.628,31.456,29.270,28.012,27.348,30.944,33.045,39.137,38.687,34.506,32.164,30.228
28.953,27.440,25.837,25.574,25.882,28.660,33.214,39.097,38.952,35.328,33.225,33.517,32.987,31.786,29.654,28.389,27.644,31.261,33.371,39.424,38.964,34.761,32.454,30.573
29.133,27.611,26.028,25.769,26.075,28.842,33.393,39.260,39.106,35.507,33.385,33.700,33.146,31.971,29.868,28.596,27.802,31.422,33.609,39.623,39.141,34.966,32.647,30.772
29.499,28.020,26.323,26.076,26.372,29.194,33.822,39.688,39.535,35.873,33.700,33.964,33.413,32.259,30.111,28.778,27.985,31.665,33.973,39.941,39.453,35.327,32.989,31.132
29.780,28.320,26.628,26.382,26.683,29.500,34.138,39.967,39.847,36.159,34.028,34.279,33.706,32.549,30.389,29.086,28.340,31.986,34.220,40.234,39.758,35.615,33.272,31.383
30.055,28.500,26.857,26.597,26.895,29.713,34.306,40.286,40.073,36.469,34.240,34.563,34.047,32.873,30.758,29.404,28.522,32.252,34.621,40.589,40.081,35.917,33.583,31.757
30.513,28.971,27.381,27.121,27.423,30.199,34.744,40.653,40.468,36.889,34.726,35.053,34.522,33.345,31.250,29.949,29.113,32.769,35.021,41.001,40.509,36.344,34.028,32.181
30.842,29.158,27.726,27.436,27.748,30.479,34.913,40.998,40.723,37.276,35.068,35.515,35.044,33.814,31.796,30.506,29.549,33.237,35.471,41.490,40.978,36.716,34.425,32.614
31.341,29.607,28.155,27.852,28.168,30.941,35.403,41.639,41.330,37.854,35.603,36.056,35.640,34.357,32.299,30.982,30.015,33.776,35.997,42.104,41.600,37.251,34.956,33.151
31.872,30.016,28.734,28.406,28.735,31.452,35.814,42.173,41.806,38.445,36.187,36.754,36.362,35.035,33.054,31.777,30.720,34.475,36.636,42.809,42.289,37.842,35.562,33.760
32.667,30.743,29.559,29.214,29.553,32.242,36.554,42.994,42.605,39.290,37.048,37.672,37.297,35.929,33.976,32.736,31.659,35.402,37.470,43.727,43.211,38.677,36.405,34.588
34.164,32.051,31.181,30.786,31.158,33.745,37.893,44.529,44.102,40.925,38.771,39.563,39.220,37.731,35.864,34.766,33.666,37.330,39.048,45.577,45.082,40.284,38.042,36.158
