-14.883,-13.164,-14.506,-9.887,-10.646,-2.860,10.725,17.357,22.071,19.455,10.777,6.196,5.752,7.223,8.245,15.588,15.769,22.603,25.695,29.760,20.451,17.315,12.219,6.305
-4.420,-4.139,-5.469,-1.876,-1.225,5.958,18.127,24.895,29.321,26.617,19.358,15.191,13.273,14.407,16.011,22.263,23.581,29.705,34.064,37.822,28.729,24.667,20.362,14.595
1.165,0.265,-1.416,0.164,2.382,9.250,21.021,28.137,33.285,30.266,24.100,20.570,17.241,17.493,19.865,25.158,27.849,34.122,39.294,42.316,33.462,27.673,24.224,18.701
3.453,2.592,0.847,2.525,4.712,11.300,22.650,29.592,34.448,31.516,25.501,22.003,18.841,19.181,21.412,26.587,29.051,34.921,40.172,43.072,34.469,29.062,25.721,20.184
4.582,3.509,1.890,3.567,5.865,12.400,23.487,30.408,35.138,32.231,26.425,22.958,19.577,19.931,22.237,27.267,29.899,35.672,41.035,44.010,35.401,29.910,26.627,21.165
5.310,4.245,2.863,4.652,6.778,13.348,24.312,31.099,35.754,32.923,27.179,23.738,20.353,20.739,23.047,28.037,30.721,36.573,41.662,44.776,36.211,30.726,27.387,22.139
6.025,5.032,3.510,5.173,7.329,13.770,24.675,31.411,36.074,33.245,27.524,24.138,20.874,21.214,23.464,28.413,30.986,36.728,41.824,44.788,36.354,30.969,27.715,22.442
6.493,5.447,3.820,5.252,7.556,13.983,24.956,31.753,36.550,33.670,27.985,24.653,21.312,21.548,23.856,28.759,31.418,37.209,42.379,45.212,36.811,31.262,28.085,22.790
6.918,5.940,4.254,5.632,7.916,14.293,25.265,32.025,36.841,33.966,28.269,24.963,21.713,21.925,24.195,29.095,31.683,37.449,42.571,45.324,37.003,31.511,28.361,23.070
7.416,6.404,4.656,5.873,8.245,14.569,25.513,32.273,37.145,34.254,28.618,25.367,22.085,22.227,24.523,29.359,31.988,37.626,42.771,45.386,37.193,31.729,28.651,23.375
7.629,6.733,4.921,6.249,8.535,14.796,25.709,32.424,37.211,34.345,28.647,25.370,22.251,22.455,24.653,29.538,31.989,37.722,42.893,45.530,37.294,31.845,28.754,23.415
7.856,6.930,5.115,6.449,8.763,15.003,25.870,32.587,37.344,34.479,28.809,25.529,22.389,22.601,24.802,29.669,32.125,37.745,42.916,45.549,37.338,32.000,28.923,23.571
8.056,7.045,5.207,6.518,8.928,15.179,26.047,32.830,37.591,34.699,29.056,25.762,22.524,22.733,24.975,29.827,32.349,37.927,43.257,45.876,37.626,32.221,29.160,23.753
8.165,7.164,5.261,6.529,8.977,15.211,26.109,32.915,37.701,34.793,29.135,25.842,22.619,22.813,25.050,29.909,32.409,37.969,43.349,45.917,37.677,32.274,29.232,23.781
8.359,7.360,5.514,6.861,9.258,15.485,26.318,33.087,37.809,34.926,29.285,25.982,22.772,23.002,25.222,30.076,32.559,38.059,43.437,46.003,37.808,32.470,29.410,23.984
8.548,7.563,5.613,6.886,9.344,15.521,26.363,33.153,37.897,34.996,29.351,26.061,22.880,23.086,25.292,30.139,32.581,38.090,43.481,46.052,37.817,32.482,29.467,23.989
8.726,7.726,5.802,7.077,9.532,15.720,26.556,33.343,38.088,35.189,29.555,26.268,23.066,23.271,25.487,30.327,32.794,38.288,43.696,46.226,38.033,32.685,29.665,24.202
8.993,8.031,6.081,7.352,9.787,15.928,26.722,33.472,38.192,35.306,29.679,26.404,23.262,23.469,25.653,30.483,32.893,38.337,43.725,46.237,38.081,32.801,29.799,24.339
9.082,8.160,6.229,7.556,9.943,16.081,26.859,33.582,38.264,35.396,29.747,26.458,23.369,23.607,25.760,30.609,32.969,38.395,43.744,46.266,38.131,32.921,29.897,24.443
9.204,8.249,6.281,7.567,9.993,16.127,26.922,33.675,38.391,35.503,29.868,26.590,23.461,23.673,25.848,30.683,33.075,38.503,43.907,46.396,38.255,32.994,29.995,24.517
9.357,8.375,6.405,7.633,10.104,16.238,27.032,33.796,38.534,35.638,30.026,26.761,23.596,23.785,25.982,30.798,33.228,38.672,44.088,46.566,38.424,33.113,30.130,24.662
9.667,8.720,6.705,7.832,10.310,16.399,27.184,33.914,38.693,35.798,30.204,26.984,23.864,24.007,26.192,30.978,33.388,38.831,44.192,46.589,38.529,33.216,30.273,24.837
9.855,8.938,6.953,8.127,10.549,16.617,27.351,34.034,38.768,35.899,30.310,27.092,24.018,24.183,26.340,31.122,33.491,38.906,44.213,46.623,38.597,33.350,30.401,24.993
9.947,9.049,7.095,8.366,10.737,16.805,27.508,34.172,38.845,35.994,30.391,27.148,24.105,24.316,26.446,31.249,33.576,38.957,44.255,46.708,38.672,33.500,30.523,25.110
10.058,9.109,7.176,8.436,10.844,16.923,27.611,34.293,38.966,36.109,30.535,27.293,24.186,24.392,26.552,31.335,33.717,39.107,44.390,46.908,38.851,33.628,30.655,25.248
10.218,9.302,7.422,8.793,11.119,17.175,27.780,34.404,38.986,36.167,30.598,27.340,24.290,24.550,26.668,31.455,33.776,39.108,44.439,46.914,38.872,33.761,30.765,25.385
10.341,9.441,7.529,8.843,11.190,17.233,27.854,34.476,39.086,36.261,30.688,27.444,24.415,24.653,26.766,31.550,33.859,39.196,44.469,46.948,38.937,33.820,30.841,25.458
10.385,9.468,7.536,8.853,11.211,17.261,27.904,34.554,39.179,36.341,30.764,27.516,24.464,24.695,26.821,31.607,33.932,39.272,44.585,47.002,39.028,33.886,30.911,25.503
10.582,9.707,7.738,9.010,11.366,17.374,27.999,34.618,39.246,36.414,30.839,27.612,24.618,24.835,26.934,31.711,33.988,39.301,44.587,47.058,39.033,33.935,30.982,25.581
10.768,9.902,7.945,9.244,11.578,17.565,28.146,34.739,39.331,36.514,30.951,27.725,24.752,24.984,27.067,31.836,34.089,39.369,44.640,47.060,39.113,34.059,31.108,25.718
10.923,10.052,8.070,9.332,11.689,17.652,28.215,34.805,39.402,36.582,31.037,27.824,24.852,25.070,27.153,31.904,34.155,39.416,44.702,47.089,39.167,34.112,31.183,25.790
11.098,10.230,8.238,9.431,11.802,17.753,28.317,34.895,39.527,36.705,31.177,27.993,25.020,25.204,27.295,32.025,34.293,39.575,44.828,47.181,39.292,34.201,31.294,25.929
11.136,10.286,8.305,9.554,11.894,17.859,28.436,35.014,39.627,36.809,31.255,28.050,25.098,25.308,27.385,32.140,34.383,39.662,44.910,47.289,39.381,34.325,31.395,26.017
11.264,10.455,8.466,9.754,12.055,18.001,28.560,35.114,39.697,36.893,31.321,28.110,25.215,25.444,27.490,32.257,34.444,39.691,44.918,47.291,39.408,34.422,31.485,26.102
11.411,10.593,8.639,9.964,12.245,18.193,28.722,35.262,39.816,37.023,31.463,28.247,25.345,25.591,27.635,32.398,34.590,39.829,45.041,47.445,39.557,34.585,31.638,26.272
11.558,10.737,8.767,10.055,12.354,18.281,28.794,35.327,39.887,37.093,31.551,28.350,25.448,25.679,27.724,32.469,34.662,39.890,45.106,47.481,39.618,34.641,31.714,26.353
11.652,10.822,8.881,10.197,12.480,18.412,28.904,35.426,39.967,37.182,31.648,28.444,25.534,25.776,27.822,32.564,34.764,39.990,45.193,47.594,39.725,34.754,31.819,26.473
11.780,10.960,9.023,10.359,12.627,18.538,28.993,35.496,40.007,37.232,31.708,28.504,25.615,25.870,27.900,32.636,34.812,40.007,45.204,47.602,39.754,34.823,31.891,26.550
11.881,11.055,9.122,10.461,12.731,18.637,29.077,35.575,40.077,37.305,31.791,28.588,25.694,25.951,27.982,32.711,34.890,40.076,45.276,47.676,39.832,34.903,31.974,26.636
12.005,11.180,9.203,10.476,12.782,18.675,29.137,35.648,40.188,37.402,31.889,28.702,25.807,26.036,28.073,32.793,34.976,40.167,45.385,47.739,39.911,34.956,32.050,26.700
12.123,11.294,9.355,10.638,12.923,18.827,29.276,35.771,40.306,37.530,32.027,28.845,25.942,26.171,28.213,32.927,35.127,40.339,45.516,47.894,40.067,35.099,32.185,26.869
12.254,11.413,9.461,10.729,13.033,18.921,29.351,35.847,40.377,37.598,32.111,28.935,26.023,26.248,28.292,32.993,35.196,40.387,45.587,47.950,40.133,35.166,32.266,26.943
12.396,11.551,9.580,10.808,13.132,19.002,29.422,35.915,40.456,37.675,32.202,29.040,26.127,26.336,28.382,33.067,35.273,40.455,45.662,47.994,40.201,35.225,32.344,27.023
12.498,11.704,9.689,10.888,13.197,19.053,29.505,35.990,40.556,37.772,32.271,29.117,26.264,26.458,28.482,33.182,35.341,40.525,45.705,47.996,40.231,35.283,32.409,27.078
12.614,11.778,9.752,10.930,13.287,19.136,29.572,36.077,40.643,37.849,32.373,29.221,26.322,26.510,28.553,33.235,35.426,40.594,45.831,48.114,40.339,35.361,32.503,27.155
12.671,11.857,9.826,11.029,13.365,19.220,29.675,36.181,40.742,37.950,32.449,29.286,26.414,26.613,28.643,33.345,35.509,40.677,45.908,48.194,40.414,35.462,32.592,27.232
12.801,11.985,9.933,11.068,13.429,19.280,29.756,36.266,40.870,38.068,32.575,29.433,26.552,26.719,28.761,33.449,35.634,40.826,46.046,48.299,40.536,35.541,32.689,27.340
12.912,12.068,10.048,11.220,13.581,19.432,29.866,36.372,40.940,38.146,32.676,29.526,26.617,26.802,28.850,33.527,35.729,40.902,46.139,48.424,40.647,35.657,32.801,27.459
12.991,12.152,10.206,11.482,13.777,19.640,30.024,36.497,40.999,38.232,32.765,29.596,26.696,26.928,28.961,33.646,35.834,40.994,46.187,48.543,40.753,35.816,32.926,27.615
13.091,12.253,10.329,11.613,13.894,19.763,30.141,36.604,41.102,38.341,32.878,29.710,26.809,27.042,29.077,33.760,35.955,41.126,46.294,48.666,40.875,35.935,33.039,27.746
13.236,12.398,10.484,11.763,14.037,19.900,30.263,36.713,41.209,38.453,33.000,29.840,26.940,27.170,29.205,33.878,36.076,41.248,46.396,48.768,40.990,36.050,33.157,27.882
13.276,12.425,10.505,11.798,14.087,19.959,30.333,36.804,41.295,38.533,33.072,29.899,26.985,27.223,29.263,33.945,36.148,41.314,46.500,48.880,41.078,36.135,33.236,27.937
13.301,12.462,10.537,11.858,14.135,20.016,30.409,36.887,41.374,38.610,33.129,29.942,27.041,27.292,29.324,34.025,36.211,41.377,46.569,48.958,41.142,36.217,33.305,27.989
13.328,12.518,10.636,12.027,14.242,20.148,30.548,37.008,41.473,38.724,33.216,30.012,27.139,27.418,29.435,34.161,36.326,41.510,46.648,49.084,41.253,36.362,33.415,28.118
13.406,12.603,10.730,12.139,14.340,20.251,30.655,37.112,41.572,38.826,33.310,30.101,27.236,27.521,29.534,34.268,36.427,41.614,46.742,49.189,41.353,36.471,33.516,28.221
13.556,12.764,10.903,12.295,14.481,20.387,30.782,37.218,41.685,38.946,33.438,30.242,27.388,27.664,29.675,34.399,36.558,41.757,46.843,49.285,41.470,36.586,33.635,28.368
13.601,12.813,10.959,12.385,14.558,20.474,30.878,37.319,41.774,39.036,33.514,30.304,27.455,27.746,29.752,34.491,36.641,41.838,46.930,49.390,41.559,36.690,33.724,28.446
13.686,12.879,11.033,12.457,14.643,20.566,30.965,37.415,41.870,39.129,33.617,30.407,27.533,27.822,29.840,34.573,36.745,41.946,47.052,49.522,41.678,36.788,33.824,28.547
13.773,12.943,11.116,12.586,14.775,20.702,31.077,37.535,41.955,39.217,33.713,30.486,27.589,27.904,29.923,34.658,36.835,42.013,47.155,49.656,41.787,36.912,33.937,28.647
13.912,13.092,11.269,12.721,14.901,20.831,31.214,37.663,42.098,39.363,33.857,30.639,27.751,28.054,30.075,34.807,36.987,42.184,47.294,49.789,41.932,37.045,34.072,28.800
14.011,13.199,11.369,12.811,14.989,20.916,31.305,37.751,42.193,39.457,33.948,30.733,27.855,28.153,30.171,34.904,37.077,42.276,47.380,49.865,42.015,37.131,34.160,28.888
14.123,13.343,11.513,12.985,15.129,21.046,31.426,37.853,42.276,39.550,34.027,30.808,27.971,28.283,30.278,35.022,37.157,42.340,47.418,49.903,42.070,37.234,34.255,28.985
14.234,13.405,11.617,13.099,15.262,21.200,31.565,38.005,42.421,39.693,34.195,30.973,28.073,28.390,30.413,35.143,37.333,42.533,47.628,50.153,42.286,37.403,34.418,29.163
14.297,13.443,11.663,13.205,15.379,21.343,31.722,38.196,42.589,39.855,34.341,31.085,28.156,28.501,30.532,35.284,37.483,42.674,47.831,50.398,42.474,37.594,34.586,29.292
14.301,13.463,11.684,13.309,15.457,21.434,31.826,38.312,42.669,39.937,34.387,31.097,28.190,28.576,30.587,35.375,37.536,42.703,47.890,50.489,42.532,37.707,34.671,29.337
14.466,13.639,11.848,13.460,15.605,21.562,31.936,38.408,42.760,40.032,34.489,31.208,28.321,28.703,30.704,35.484,37.626,42.776,47.955,50.533,42.602,37.797,34.772,29.441
14.516,13.708,12.008,13.740,15.796,21.789,32.146,38.586,42.885,40.186,34.624,31.316,28.446,28.876,30.864,35.669,37.801,42.970,48.074,50.743,42.783,38.022,34.943,29.654
14.768,13.930,12.240,13.879,15.969,21.959,32.307,38.739,43.084,40.379,34.861,31.591,28.676,29.060,31.079,35.843,38.036,43.246,48.317,50.963,43.027,38.183,35.133,29.893
15.009,14.123,12.416,13.949,16.108,22.081,32.413,38.856,43.242,40.524,35.056,31.822,28.849,29.185,31.238,35.956,38.211,43.434,48.528,51.132,43.216,38.290,35.282,30.061
15.126,14.247,12.535,14.062,16.218,22.194,32.537,38.981,43.377,40.656,35.182,31.949,28.982,29.315,31.367,36.088,38.341,43.572,48.658,51.258,43.343,38.414,35.406,30.185
15.199,14.321,12.627,14.188,16.329,22.326,32.687,39.139,43.529,40.809,35.319,32.072,29.101,29.447,31.500,36.238,38.493,43.738,48.822,51.450,43.509,38.581,35.554,30.329
15.315,14.451,12.740,14.264,16.407,22.410,32.804,39.259,43.684,40.957,35.455,32.218,29.257,29.583,31.639,36.381,38.637,43.908,48.972,51.579,43.646,38.697,35.674,30.454
15.339,14.476,12.807,14.410,16.523,22.556,32.956,39.415,43.807,41.089,35.566,32.298,29.334,29.697,31.749,36.517,38.769,44.046,49.106,51.775,43.799,38.874,35.813,30.588
15.568,14.656,12.923,14.416,16.619,22.629,33.039,39.537,43.982,41.235,35.748,32.508,29.487,29.799,31.884,36.616,38.918,44.191,49.331,51.930,43.966,38.960,35.951,30.700
15.908,14.954,13.279,14.689,16.909,22.906,33.250,39.706,44.168,41.434,36.023,32.833,29.759,30.030,32.148,36.814,39.192,44.499,49.564,52.163,44.242,39.160,36.180,31.025
16.057,15.120,13.407,14.781,17.013,23.003,33.375,39.839,44.328,41.584,36.160,32.977,29.922,30.177,32.290,36.962,39.325,44.635,49.705,52.270,44.362,39.277,36.308,31.137
16.120,15.162,13.502,14.959,17.168,23.192,33.559,40.033,44.486,41.749,36.317,33.104,30.020,30.312,32.432,37.122,39.501,44.819,49.899,52.534,44.573,39.494,36.490,31.318
16.340,15.357,13.663,15.066,17.327,23.337,33.704,40.198,44.670,41.920,36.506,33.304,30.193,30.464,32.598,37.270,39.670,44.978,50.105,52.707,44.751,39.639,36.661,31.470
16.445,15.471,13.758,15.142,17.409,23.419,33.806,40.305,44.795,42.039,36.616,33.416,30.314,30.576,32.709,37.386,39.780,45.094,50.224,52.808,44.856,39.739,36.765,31.566
16.507,15.506,13.797,15.208,17.496,23.535,33.950,40.487,44.977,42.210,36.773,33.552,30.411,30.685,32.835,37.528,39.947,45.271,50.452,53.067,45.062,39.920,36.930,31.701
16.566,15.567,13.831,15.259,17.561,23.614,34.071,40.640,45.138,42.357,36.891,33.648,30.508,30.792,32.941,37.660,40.067,45.390,50.618,53.232,45.197,40.058,37.059,31.784
16.596,15.583,13.838,15.344,17.656,23.751,34.262,40.887,45.371,42.574,37.059,33.766,30.607,30.929,33.080,37.848,40.248,45.567,50.881,53.540,45.423,40.296,37.261,31.914
16.670,15.684,14.002,15.638,17.870,24.017,34.555,41.176,45.621,42.839,37.274,33.938,30.802,31.178,33.313,38.132,40.508,45.850,51.124,53.871,45.699,40.619,37.520,32.175
16.759,15.756,14.088,15.730,17.972,24.150,34.721,41.367,45.828,43.037,37.462,34.115,30.947,31.324,33.477,38.307,40.713,46.077,51.374,54.147,45.936,40.818,37.705,32.354
16.844,15.905,14.215,15.957,18.147,24.312,34.886,41.520,45.923,43.145,37.514,34.128,31.050,31.481,33.579,38.459,40.762,46.088,51.374,54.157,45.946,40.958,37.815,32.413
16.986,16.043,14.274,15.966,18.202,24.374,35.025,41.714,46.178,43.367,37.707,34.319,31.230,31.632,33.744,38.640,40.947,46.276,51.647,54.377,46.146,41.114,37.988,32.525
17.138,16.231,14.499,16.244,18.425,24.619,35.283,41.952,46.399,43.603,37.913,34.511,31.458,31.884,33.978,38.901,41.182,46.531,51.841,54.610,46.371,41.375,38.216,32.771
17.365,16.463,14.668,16.306,18.541,24.758,35.524,42.239,46.785,43.955,38.238,34.851,31.783,32.155,34.274,39.208,41.519,46.931,52.260,54.974,46.723,41.639,38.497,33.028
17.367,16.470,14.727,16.552,18.728,25.044,35.906,42.681,47.192,44.355,38.540,35.064,31.989,32.443,34.558,39.589,41.884,47.333,52.704,55.547,47.155,42.106,38.867,33.331
17.444,16.535,14.820,16.764,18.923,25.300,36.214,43.038,47.519,44.676,38.808,35.272,32.172,32.679,34.798,39.887,42.182,47.643,53.073,56.000,47.508,42.473,39.178,33.587
17.803,16.884,15.233,17.209,19.320,25.719,36.602,43.383,47.862,45.040,39.204,35.688,32.564,33.065,35.201,40.266,42.609,48.125,53.447,56.424,47.941,42.867,39.558,34.058
17.934,17.024,15.259,17.304,19.499,25.934,36.973,43.915,48.381,45.497,39.518,35.886,32.783,33.357,35.465,40.657,42.902,48.330,53.956,56.921,48.292,43.305,39.955,34.188
18.094,17.352,15.541,17.819,19.847,26.333,37.501,44.438,48.866,45.998,39.841,36.124,33.214,33.879,35.891,41.230,43.287,48.716,54.276,57.290,48.619,43.829,40.377,34.531
18.315,17.634,15.850,18.407,20.332,26.937,38.255,45.270,49.640,46.764,40.436,36.585,33.731,34.521,36.493,41.993,43.959,49.407,55.033,58.196,49.349,44.675,41.086,35.112
18.652,17.925,16.117,18.632,20.625,27.297,38.731,45.832,50.280,47.363,41.002,37.133,34.198,34.964,36.986,42.514,44.555,50.080,55.780,58.956,50.020,45.227,41.626,35.605
18.942,18.172,16.429,19.203,21.191,27.964,39.448,46.641,50.976,48.052,41.603,37.600,34.612,35.516,37.535,43.170,45.194,50.686,56.548,59.907,50.770,46.053,42.339,36.191
19.371,18.437,16.516,19.232,21.460,28.444,40.350,47.902,52.481,49.390,42.791,38.684,35.431,36.280,38.453,44.217,46.441,52.113,58.396,61.767,52.288,47.224,43.473,37.033
20.602,19.780,18.232,21.056,22.967,30.161,42.175,49.573,54.225,51.215,44.552,40.467,37.252,38.102,40.303,46.120,48.449,54.490,60.191,63.830,54.309,49.127,45.206,39.113
22.965,22.365,21.392,24.562,25.889,33.538,45.933,53.191,57.999,55.084,48.162,44.020,40.884,41.787,44.029,50.066,52.531,59.243,64.076,68.226,58.480,53.112,48.823,43.169
